calculation_mode = "Quench Electrons"
cell_relax = "False"
charge_density_mixing = "0.1"
charge_mixing_type = "Broyden"
description = "Example parameters for high-throughput bulk relaxation of a vdW material"
dos_broading = "0.05"
dos_method = "Gaussian"
energy_convergence_criterion = "1e-10"
energy_output_units = "Hartrees"
kohn_sham_mucycles = "3"
kohn_sham_solver = "davidson"
kpoint_mesh = "1 1 1"
localize_projectors = "False"
max_md_steps = "100"
max_scf_steps = "200"
non_local_block_size = "4000"
potential_acceleration_constant_step = "1.5"
processor_grid = "4 10 19"
rms_convergence_criterion = "1e-08"
scalapack_block_factor = "64"
start_mode = "LCAO Start"
state_block_size = "64"
stress = "True"
subdiag_driver = "scalapack"
use_async_allreduce = "False"
vdw_corr = "DFT-D3"
vdwdf_kernel_filepath = "/lustre/orion/world-shared/cph162/rjmorelock/rmgdft/XC/vdW_kernel_table"
wavefunction_grid = "106 184 378"
write_data_period = "50"

atomic_coordinate_type = "Absolute"
crds_units = "Angstrom"
lattice_units = "Angstrom"

lattice_vector = "
1.248808205009e+01 0.000000000000e+00 8.000000000000e-16
1.383389500000e-09 2.162999259990e+01 1.300000000000e-15
0.000000000000e+00 0.000000000000e+00 4.446241589303e+01
"
atoms = "
Nb 8.168372607407e+00 1.198107071745e+01 1.532833092694e+01 1 1 1 0.0 0.0 0.0
Nb 7.207750911459e+00 1.530876188667e+01 1.532833092694e+01 1 1 1 0.0 0.0 0.0
Nb 6.247129215511e+00 1.863645305589e+01 1.532833092694e+01 1 1 1 0.0 0.0 0.0
Nb 7.688061758741e+00 2.829920002112e+00 1.532833092694e+01 1 1 1 0.0 0.0 0.0
Nb 6.727440062793e+00 6.157611171327e+00 1.532833092694e+01 1 1 1 0.0 0.0 0.0
Nb 5.766818366845e+00 9.485302340543e+00 1.532833092694e+01 1 1 1 0.0 0.0 0.0
Nb 4.806196670897e+00 1.281299350976e+01 1.532833092694e+01 1 1 1 0.0 0.0 0.0
Nb 3.845574974949e+00 1.614068467897e+01 1.532833092694e+01 1 1 1 0.0 0.0 0.0
Nb 2.884953279000e+00 1.946837584819e+01 1.532833092694e+01 1 1 1 0.0 0.0 0.0
Nb 5.286507518179e+00 3.341516252000e-01 1.532833092694e+01 1 1 1 0.0 0.0 0.0
Nb 4.325885822231e+00 3.661842794416e+00 1.532833092694e+01 1 1 1 0.0 0.0 0.0
Nb 3.365264126283e+00 6.989533963631e+00 1.532833092694e+01 1 1 1 0.0 0.0 0.0
Nb 2.404642430335e+00 1.031722513285e+01 1.532833092694e+01 1 1 1 0.0 0.0 0.0
Nb 1.444020734387e+00 1.364491630206e+01 1.532833092694e+01 1 1 1 0.0 0.0 0.0
Nb 4.833990384385e-01 1.697260747128e+01 1.532833092694e+01 1 1 1 0.0 0.0 0.0
Nb 1.201085939258e+01 2.030029864049e+01 1.532833092694e+01 1 1 1 0.0 0.0 0.0
Nb 1.924331581669e+00 1.166074417504e+00 1.532833092694e+01 1 1 1 0.0 0.0 0.0
Nb 9.637098857209e-01 4.493765586720e+00 1.532833092694e+01 1 1 1 0.0 0.0 0.0
Nb 3.088189772748e-03 7.821456755935e+00 1.532833092694e+01 1 1 1 0.0 0.0 0.0
Nb 1.153054854392e+01 1.114914792515e+01 1.532833092694e+01 1 1 1 0.0 0.0 0.0
Nb 1.056992684797e+01 1.447683909437e+01 1.532833092694e+01 1 1 1 0.0 0.0 0.0
Nb 9.609305152021e+00 1.780453026358e+01 1.532833092694e+01 1 1 1 0.0 0.0 0.0
Nb 1.105023769525e+01 1.997997209808e+00 1.532833092694e+01 1 1 1 0.0 0.0 0.0
Nb 1.008961599930e+01 5.325688379023e+00 1.532833092694e+01 1 1 1 0.0 0.0 0.0
Nb 9.128994303355e+00 8.653379548239e+00 1.532833092694e+01 1 1 1 0.0 0.0 0.0
Nb 8.648683456072e+00 2.113222143280e+01 1.532833092694e+01 1 1 1 0.0 0.0 0.0
Nb 8.158726602618e+00 1.197930912745e+01 9.182088683320e+00 1 1 1 0.0 0.0 0.0
Nb 7.198104906669e+00 1.530700029667e+01 9.182088683320e+00 1 1 1 0.0 0.0 0.0
Nb 6.237483210721e+00 1.863469146588e+01 9.182088683320e+00 1 1 1 0.0 0.0 0.0
Nb 7.678415753952e+00 2.828158412108e+00 9.182088683320e+00 1 1 1 0.0 0.0 0.0
Nb 6.717794058004e+00 6.155849581323e+00 9.182088683320e+00 1 1 1 0.0 0.0 0.0
Nb 5.757172362056e+00 9.483540750539e+00 9.182088683320e+00 1 1 1 0.0 0.0 0.0
Nb 4.796550666108e+00 1.281123191975e+01 9.182088683320e+00 1 1 1 0.0 0.0 0.0
Nb 3.835928970159e+00 1.613892308897e+01 9.182088683320e+00 1 1 1 0.0 0.0 0.0
Nb 2.875307274211e+00 1.946661425819e+01 9.182088683320e+00 1 1 1 0.0 0.0 0.0
Nb 5.276861513390e+00 3.323900351958e-01 9.182088683320e+00 1 1 1 0.0 0.0 0.0
Nb 4.316239817442e+00 3.660081204411e+00 9.182088683320e+00 1 1 1 0.0 0.0 0.0
Nb 3.355618121494e+00 6.987772373627e+00 9.182088683320e+00 1 1 1 0.0 0.0 0.0
Nb 2.394996425546e+00 1.031546354284e+01 9.182088683320e+00 1 1 1 0.0 0.0 0.0
Nb 1.434374729597e+00 1.364315471206e+01 9.182088683320e+00 1 1 1 0.0 0.0 0.0
Nb 4.737530336493e-01 1.697084588127e+01 9.182088683320e+00 1 1 1 0.0 0.0 0.0
Nb 1.200121338779e+01 2.029853705049e+01 9.182088683320e+00 1 1 1 0.0 0.0 0.0
Nb 1.914685576880e+00 1.164312827500e+00 9.182088683320e+00 1 1 1 0.0 0.0 0.0
Nb 9.540638809317e-01 4.492003996715e+00 9.182088683320e+00 1 1 1 0.0 0.0 0.0
Nb 1.248152423508e+01 7.819695165931e+00 9.182088683320e+00 1 1 1 0.0 0.0 0.0
Nb 1.152090253913e+01 1.114738633515e+01 9.182088683320e+00 1 1 1 0.0 0.0 0.0
Nb 1.056028084318e+01 1.447507750436e+01 9.182088683320e+00 1 1 1 0.0 0.0 0.0
Nb 9.599659147231e+00 1.780276867358e+01 9.182088683320e+00 1 1 1 0.0 0.0 0.0
Nb 1.104059169046e+01 1.996235619804e+00 9.182088683320e+00 1 1 1 0.0 0.0 0.0
Nb 1.007996999451e+01 5.323926789019e+00 9.182088683320e+00 1 1 1 0.0 0.0 0.0
Nb 9.119348298566e+00 8.651617958235e+00 9.182088683320e+00 1 1 1 0.0 0.0 0.0
Nb 8.639037451283e+00 2.113045984279e+01 9.182088683320e+00 1 1 1 0.0 0.0 0.0
Bi 8.103517216540e+00 1.511001726599e+01 3.532095071834e+01 1 1 1 0.0 0.0 0.0
Bi 3.940823199843e+00 1.511001726599e+01 3.532095071834e+01 1 1 1 0.0 0.0 0.0
Bi 1.226621123324e+01 1.511001726599e+01 3.532095071834e+01 1 1 1 0.0 0.0 0.0
Bi 6.022170207961e+00 1.150501849934e+01 3.532095071834e+01 1 1 1 0.0 0.0 0.0
Bi 1.859476191263e+00 1.150501849934e+01 3.532095071834e+01 1 1 1 0.0 0.0 0.0
Bi 1.018486422466e+01 1.150501849934e+01 3.532095071834e+01 1 1 1 0.0 0.0 0.0
Bi 8.103517216079e+00 7.900019732689e+00 3.532095071834e+01 1 1 1 0.0 0.0 0.0
Bi 3.940823199382e+00 7.900019732689e+00 3.532095071834e+01 1 1 1 0.0 0.0 0.0
Bi 1.226621123278e+01 7.900019732689e+00 3.532095071834e+01 1 1 1 0.0 0.0 0.0
Bi 6.022170207500e+00 4.295020966038e+00 3.532095071834e+01 1 1 1 0.0 0.0 0.0
Bi 1.859476190802e+00 4.295020966038e+00 3.532095071834e+01 1 1 1 0.0 0.0 0.0
Bi 1.018486422420e+01 4.295020966038e+00 3.532095071834e+01 1 1 1 0.0 0.0 0.0
Bi 8.103517215618e+00 6.900221993882e-01 3.532095071834e+01 1 1 1 0.0 0.0 0.0
Bi 3.940823198920e+00 6.900221993882e-01 3.532095071834e+01 1 1 1 0.0 0.0 0.0
Bi 1.226621123232e+01 6.900221993882e-01 3.532095071834e+01 1 1 1 0.0 0.0 0.0
Bi 6.022170208422e+00 1.871501603264e+01 3.532095071834e+01 1 1 1 0.0 0.0 0.0
Bi 1.859476191725e+00 1.871501603264e+01 3.532095071834e+01 1 1 1 0.0 0.0 0.0
Bi 1.018486422512e+01 1.871501603264e+01 3.532095071834e+01 1 1 1 0.0 0.0 0.0
Bi 1.017529815559e+01 1.394275508759e+01 3.133430771007e+01 1 1 1 0.0 0.0 0.0
Bi 6.012604138895e+00 1.394275508759e+01 3.133430771007e+01 1 1 1 0.0 0.0 0.0
Bi 1.849910122197e+00 1.394275508759e+01 3.133430771007e+01 1 1 1 0.0 0.0 0.0
Bi 8.093951147013e+00 1.033775632094e+01 3.133430771007e+01 1 1 1 0.0 0.0 0.0
Bi 3.931257130315e+00 1.033775632094e+01 3.133430771007e+01 1 1 1 0.0 0.0 0.0
Bi 1.225664516371e+01 1.033775632094e+01 3.133430771007e+01 1 1 1 0.0 0.0 0.0
Bi 1.017529815513e+01 6.732757554287e+00 3.133430771007e+01 1 1 1 0.0 0.0 0.0
Bi 6.012604138434e+00 6.732757554287e+00 3.133430771007e+01 1 1 1 0.0 0.0 0.0
Bi 1.849910121736e+00 6.732757554287e+00 3.133430771007e+01 1 1 1 0.0 0.0 0.0
Bi 8.093951146552e+00 3.127758787637e+00 3.133430771007e+01 1 1 1 0.0 0.0 0.0
Bi 3.931257129854e+00 3.127758787637e+00 3.133430771007e+01 1 1 1 0.0 0.0 0.0
Bi 1.225664516325e+01 3.127758787637e+00 3.133430771007e+01 1 1 1 0.0 0.0 0.0
Bi 1.017529815605e+01 2.115275262089e+01 3.133430771007e+01 1 1 1 0.0 0.0 0.0
Bi 6.012604139356e+00 2.115275262089e+01 3.133430771007e+01 1 1 1 0.0 0.0 0.0
Bi 1.849910122658e+00 2.115275262089e+01 3.133430771007e+01 1 1 1 0.0 0.0 0.0
Bi 8.093951147474e+00 1.754775385424e+01 3.133430771007e+01 1 1 1 0.0 0.0 0.0
Bi 3.931257130777e+00 1.754775385424e+01 3.133430771007e+01 1 1 1 0.0 0.0 0.0
Bi 1.225664516417e+01 1.754775385424e+01 3.133430771007e+01 1 1 1 0.0 0.0 0.0
Bi 1.022309331766e+01 1.399083696201e+01 2.529282906773e+01 1 1 1 0.0 0.0 0.0
Bi 6.060399300966e+00 1.399083696201e+01 2.529282906773e+01 1 1 1 0.0 0.0 0.0
Bi 1.897705284269e+00 1.399083696201e+01 2.529282906773e+01 1 1 1 0.0 0.0 0.0
Bi 8.141746309085e+00 1.038583819536e+01 2.529282906773e+01 1 1 1 0.0 0.0 0.0
Bi 3.979052292387e+00 1.038583819536e+01 2.529282906773e+01 1 1 1 0.0 0.0 0.0
Bi 1.230444032578e+01 1.038583819536e+01 2.529282906773e+01 1 1 1 0.0 0.0 0.0
Bi 1.022309331720e+01 6.780839428707e+00 2.529282906773e+01 1 1 1 0.0 0.0 0.0
Bi 6.060399300505e+00 6.780839428707e+00 2.529282906773e+01 1 1 1 0.0 0.0 0.0
Bi 1.897705283808e+00 6.780839428707e+00 2.529282906773e+01 1 1 1 0.0 0.0 0.0
Bi 8.141746308623e+00 3.175840662057e+00 2.529282906773e+01 1 1 1 0.0 0.0 0.0
Bi 3.979052291926e+00 3.175840662057e+00 2.529282906773e+01 1 1 1 0.0 0.0 0.0
Bi 1.230444032532e+01 3.175840662057e+00 2.529282906773e+01 1 1 1 0.0 0.0 0.0
Bi 1.022309331812e+01 2.120083449531e+01 2.529282906773e+01 1 1 1 0.0 0.0 0.0
Bi 6.060399301428e+00 2.120083449531e+01 2.529282906773e+01 1 1 1 0.0 0.0 0.0
Bi 1.897705284730e+00 2.120083449531e+01 2.529282906773e+01 1 1 1 0.0 0.0 0.0
Bi 8.141746309546e+00 1.759583572866e+01 2.529282906773e+01 1 1 1 0.0 0.0 0.0
Bi 3.979052292848e+00 1.759583572866e+01 2.529282906773e+01 1 1 1 0.0 0.0 0.0
Bi 1.230444032624e+01 1.759583572866e+01 2.529282906773e+01 1 1 1 0.0 0.0 0.0
Bi 6.042657934632e+00 1.640631317957e+01 2.132110864621e+01 1 1 1 0.0 0.0 0.0
Bi 1.879963917935e+00 1.640631317957e+01 2.132110864621e+01 1 1 1 0.0 0.0 0.0
Bi 1.020535195133e+01 1.640631317957e+01 2.132110864621e+01 1 1 1 0.0 0.0 0.0
Bi 3.961310926053e+00 1.280131441292e+01 2.132110864621e+01 1 1 1 0.0 0.0 0.0
Bi 1.228669895945e+01 1.280131441292e+01 2.132110864621e+01 1 1 1 0.0 0.0 0.0
Bi 8.124004942750e+00 1.280131441292e+01 2.132110864621e+01 1 1 1 0.0 0.0 0.0
Bi 6.042657934171e+00 9.196315646268e+00 2.132110864621e+01 1 1 1 0.0 0.0 0.0
Bi 1.879963917474e+00 9.196315646268e+00 2.132110864621e+01 1 1 1 0.0 0.0 0.0
Bi 1.020535195087e+01 9.196315646268e+00 2.132110864621e+01 1 1 1 0.0 0.0 0.0
Bi 3.961310925592e+00 5.591316879618e+00 2.132110864621e+01 1 1 1 0.0 0.0 0.0
Bi 1.228669895899e+01 5.591316879618e+00 2.132110864621e+01 1 1 1 0.0 0.0 0.0
Bi 8.124004942289e+00 5.591316879618e+00 2.132110864621e+01 1 1 1 0.0 0.0 0.0
Bi 6.042657933710e+00 1.986318112967e+00 2.132110864621e+01 1 1 1 0.0 0.0 0.0
Bi 1.879963917013e+00 1.986318112967e+00 2.132110864621e+01 1 1 1 0.0 0.0 0.0
Bi 1.020535195041e+01 1.986318112967e+00 2.132110864621e+01 1 1 1 0.0 0.0 0.0
Bi 3.961310926514e+00 2.001131194622e+01 2.132110864621e+01 1 1 1 0.0 0.0 0.0
Bi 1.228669895991e+01 2.001131194622e+01 2.132110864621e+01 1 1 1 0.0 0.0 0.0
Bi 8.124004943211e+00 2.001131194622e+01 2.132110864621e+01 1 1 1 0.0 0.0 0.0
Se 9.599442350021e+00 1.059225088071e+01 7.500000000000e+00 1 1 1 0.0 0.0 0.0
Se 8.638820654073e+00 1.391994204992e+01 7.500000000000e+00 1 1 1 0.0 0.0 0.0
Se 7.678198958125e+00 1.724763321914e+01 7.500000000000e+00 1 1 1 0.0 0.0 0.0
Se 9.119131501355e+00 1.441100165364e+00 7.500000000000e+00 1 1 1 0.0 0.0 0.0
Se 8.158509805407e+00 4.768791334579e+00 7.500000000000e+00 1 1 1 0.0 0.0 0.0
Se 7.197888109459e+00 8.096482503795e+00 7.500000000000e+00 1 1 1 0.0 0.0 0.0
Se 6.237266413511e+00 1.142417367301e+01 7.500000000000e+00 1 1 1 0.0 0.0 0.0
Se 5.276644717563e+00 1.475186484223e+01 7.500000000000e+00 1 1 1 0.0 0.0 0.0
Se 4.316023021615e+00 1.807955601144e+01 7.500000000000e+00 1 1 1 0.0 0.0 0.0
Se 6.717577262177e+00 2.057532438835e+01 7.500000000000e+00 1 1 1 0.0 0.0 0.0
Se 5.756955564845e+00 2.273022957668e+00 7.500000000000e+00 1 1 1 0.0 0.0 0.0
Se 4.796333868897e+00 5.600714126883e+00 7.500000000000e+00 1 1 1 0.0 0.0 0.0
Se 3.835712172949e+00 8.928405296099e+00 7.500000000000e+00 1 1 1 0.0 0.0 0.0
Se 2.875090477001e+00 1.225609646531e+01 7.500000000000e+00 1 1 1 0.0 0.0 0.0
Se 1.914468781053e+00 1.558378763453e+01 7.500000000000e+00 1 1 1 0.0 0.0 0.0
Se 9.538470851049e-01 1.891147880375e+01 7.500000000000e+00 1 1 1 0.0 0.0 0.0
Se 3.355401325667e+00 2.140724718066e+01 7.500000000000e+00 1 1 1 0.0 0.0 0.0
Se 2.394779628335e+00 3.104945749971e+00 7.500000000000e+00 1 1 1 0.0 0.0 0.0
Se 1.434157932387e+00 6.432636919187e+00 7.500000000000e+00 1 1 1 0.0 0.0 0.0
Se 4.735362364391e-01 9.760328088403e+00 7.500000000000e+00 1 1 1 0.0 0.0 0.0
Se 1.200099659058e+01 1.308801925762e+01 7.500000000000e+00 1 1 1 0.0 0.0 0.0
Se 1.104037489464e+01 1.641571042683e+01 7.500000000000e+00 1 1 1 0.0 0.0 0.0
Se 1.248130743787e+01 6.091773730597e-01 7.500000000000e+00 1 1 1 0.0 0.0 0.0
Se 1.152068574192e+01 3.936868542275e+00 7.500000000000e+00 1 1 1 0.0 0.0 0.0
Se 1.056006404597e+01 7.264559711491e+00 7.500000000000e+00 1 1 1 0.0 0.0 0.0
Se 1.007975319869e+01 1.974340159605e+01 7.500000000000e+00 1 1 1 0.0 0.0 0.0
Se 1.008958024361e+01 1.253539935049e+01 1.364602824434e+01 1 1 1 0.0 0.0 0.0
Se 9.128958547665e+00 1.586309051971e+01 1.364602824434e+01 1 1 1 0.0 0.0 0.0
Se 8.168336851717e+00 1.919078168892e+01 1.364602824434e+01 1 1 1 0.0 0.0 0.0
Se 9.609269394947e+00 3.384248635147e+00 1.364602824434e+01 1 1 1 0.0 0.0 0.0
Se 8.648647698999e+00 6.711939804362e+00 1.364602824434e+01 1 1 1 0.0 0.0 0.0
Se 7.688026003051e+00 1.003963097358e+01 1.364602824434e+01 1 1 1 0.0 0.0 0.0
Se 6.727404307103e+00 1.336732214279e+01 1.364602824434e+01 1 1 1 0.0 0.0 0.0
Se 5.766782611155e+00 1.669501331201e+01 1.364602824434e+01 1 1 1 0.0 0.0 0.0
Se 4.806160915207e+00 2.002270448123e+01 1.364602824434e+01 1 1 1 0.0 0.0 0.0
Se 7.207715154386e+00 8.884802582351e-01 1.364602824434e+01 1 1 1 0.0 0.0 0.0
Se 6.247093458437e+00 4.216171427451e+00 1.364602824434e+01 1 1 1 0.0 0.0 0.0
Se 5.286471762489e+00 7.543862596666e+00 1.364602824434e+01 1 1 1 0.0 0.0 0.0
Se 4.325850066541e+00 1.087155376588e+01 1.364602824434e+01 1 1 1 0.0 0.0 0.0
Se 3.365228370593e+00 1.419924493510e+01 1.364602824434e+01 1 1 1 0.0 0.0 0.0
Se 2.404606674645e+00 1.752693610431e+01 1.364602824434e+01 1 1 1 0.0 0.0 0.0
Se 1.443984978697e+00 2.085462727353e+01 1.364602824434e+01 1 1 1 0.0 0.0 0.0
Se 3.845539217875e+00 1.720403050539e+00 1.364602824434e+01 1 1 1 0.0 0.0 0.0
Se 2.884917521927e+00 5.048094219755e+00 1.364602824434e+01 1 1 1 0.0 0.0 0.0
Se 1.924295825979e+00 8.375785388970e+00 1.364602824434e+01 1 1 1 0.0 0.0 0.0
Se 9.636741300311e-01 1.170347655819e+01 1.364602824434e+01 1 1 1 0.0 0.0 0.0
Se 3.052434083035e-03 1.503116772740e+01 1.364602824434e+01 1 1 1 0.0 0.0 0.0
Se 1.153051278823e+01 1.835885889662e+01 1.364602824434e+01 1 1 1 0.0 0.0 0.0
Se 4.833632813654e-01 2.552325842843e+00 1.364602824434e+01 1 1 1 0.0 0.0 0.0
Se 1.201082363551e+01 5.880017012059e+00 1.364602824434e+01 1 1 1 0.0 0.0 0.0
Se 1.105020193956e+01 9.207708181274e+00 1.364602824434e+01 1 1 1 0.0 0.0 0.0
Se 1.056989109090e+01 5.655746593116e-02 1.364602824434e+01 1 1 1 0.0 0.0 0.0
Se 9.600348013683e+00 1.059283222977e+01 1.086443756309e+01 1 1 1 0.0 0.0 0.0
Se 8.639726317735e+00 1.392052339899e+01 1.086443756309e+01 1 1 1 0.0 0.0 0.0
Se 7.679104621787e+00 1.724821456821e+01 1.086443756309e+01 1 1 1 0.0 0.0 0.0
Se 9.120037165017e+00 1.441681514431e+00 1.086443756309e+01 1 1 1 0.0 0.0 0.0
Se 8.159415469069e+00 4.769372683647e+00 1.086443756309e+01 1 1 1 0.0 0.0 0.0
Se 7.198793773121e+00 8.097063852863e+00 1.086443756309e+01 1 1 1 0.0 0.0 0.0
Se 6.238172077173e+00 1.142475502208e+01 1.086443756309e+01 1 1 1 0.0 0.0 0.0
Se 5.277550381225e+00 1.475244619129e+01 1.086443756309e+01 1 1 1 0.0 0.0 0.0
Se 4.316928685276e+00 1.808013736051e+01 1.086443756309e+01 1 1 1 0.0 0.0 0.0
Se 6.718482925838e+00 2.057590573742e+01 1.086443756309e+01 1 1 1 0.0 0.0 0.0
Se 5.757861228507e+00 2.273604306735e+00 1.086443756309e+01 1 1 1 0.0 0.0 0.0
Se 4.797239532559e+00 5.601295475951e+00 1.086443756309e+01 1 1 1 0.0 0.0 0.0
Se 3.836617836611e+00 8.928986645167e+00 1.086443756309e+01 1 1 1 0.0 0.0 0.0
Se 2.875996140663e+00 1.225667781438e+01 1.086443756309e+01 1 1 1 0.0 0.0 0.0
Se 1.915374444715e+00 1.558436898360e+01 1.086443756309e+01 1 1 1 0.0 0.0 0.0
Se 9.547527487664e-01 1.891206015281e+01 1.086443756309e+01 1 1 1 0.0 0.0 0.0
Se 3.356306989328e+00 2.140782852973e+01 1.086443756309e+01 1 1 1 0.0 0.0 0.0
Se 2.395685291997e+00 3.105527099039e+00 1.086443756309e+01 1 1 1 0.0 0.0 0.0
Se 1.435063596049e+00 6.433218268255e+00 1.086443756309e+01 1 1 1 0.0 0.0 0.0
Se 4.744419001007e-01 9.760909437471e+00 1.086443756309e+01 1 1 1 0.0 0.0 0.0
Se 1.200190225424e+01 1.308860060669e+01 1.086443756309e+01 1 1 1 0.0 0.0 0.0
Se 1.104128055830e+01 1.641629177590e+01 1.086443756309e+01 1 1 1 0.0 0.0 0.0
Se 1.248221310153e+01 6.097587221275e-01 1.086443756309e+01 1 1 1 0.0 0.0 0.0
Se 1.152159140558e+01 3.937449891343e+00 1.086443756309e+01 1 1 1 0.0 0.0 0.0
Se 1.056096970963e+01 7.265141060559e+00 1.086443756309e+01 1 1 1 0.0 0.0 0.0
Se 1.008065886235e+01 1.974398294512e+01 1.086443756309e+01 1 1 1 0.0 0.0 0.0
Se 1.009036086033e+01 1.253611343706e+01 1.701046802998e+01 1 1 1 0.0 0.0 0.0
Se 9.129739164385e+00 1.586380460627e+01 1.701046802998e+01 1 1 1 0.0 0.0 0.0
Se 8.169117468437e+00 1.919149577549e+01 1.701046802998e+01 1 1 1 0.0 0.0 0.0
Se 9.610050011667e+00 3.384962721716e+00 1.701046802998e+01 1 1 1 0.0 0.0 0.0
Se 8.649428315719e+00 6.712653890931e+00 1.701046802998e+01 1 1 1 0.0 0.0 0.0
Se 7.688806619771e+00 1.004034506015e+01 1.701046802998e+01 1 1 1 0.0 0.0 0.0
Se 6.728184923823e+00 1.336803622936e+01 1.701046802998e+01 1 1 1 0.0 0.0 0.0
Se 5.767563227875e+00 1.669572739858e+01 1.701046802998e+01 1 1 1 0.0 0.0 0.0
Se 4.806941531927e+00 2.002341856779e+01 1.701046802998e+01 1 1 1 0.0 0.0 0.0
Se 7.208495771105e+00 8.891943448040e-01 1.701046802998e+01 1 1 1 0.0 0.0 0.0
Se 6.247874075157e+00 4.216885514020e+00 1.701046802998e+01 1 1 1 0.0 0.0 0.0
Se 5.287252379209e+00 7.544576683235e+00 1.701046802998e+01 1 1 1 0.0 0.0 0.0
Se 4.326630683261e+00 1.087226785245e+01 1.701046802998e+01 1 1 1 0.0 0.0 0.0
Se 3.366008987313e+00 1.419995902167e+01 1.701046802998e+01 1 1 1 0.0 0.0 0.0
Se 2.405387291365e+00 1.752765019088e+01 1.701046802998e+01 1 1 1 0.0 0.0 0.0
Se 1.444765595417e+00 2.085534136010e+01 1.701046802998e+01 1 1 1 0.0 0.0 0.0
Se 3.846319834595e+00 1.721117137108e+00 1.701046802998e+01 1 1 1 0.0 0.0 0.0
Se 2.885698138647e+00 5.048808306324e+00 1.701046802998e+01 1 1 1 0.0 0.0 0.0
Se 1.925076442699e+00 8.376499475539e+00 1.701046802998e+01 1 1 1 0.0 0.0 0.0
Se 9.644547467508e-01 1.170419064475e+01 1.701046802998e+01 1 1 1 0.0 0.0 0.0
Se 3.833050802723e-03 1.503188181397e+01 1.701046802998e+01 1 1 1 0.0 0.0 0.0
Se 1.153129340495e+01 1.835957298319e+01 1.701046802998e+01 1 1 1 0.0 0.0 0.0
Se 4.841438980851e-01 2.553039929412e+00 1.701046802998e+01 1 1 1 0.0 0.0 0.0
Se 1.201160425223e+01 5.880731098627e+00 1.701046802998e+01 1 1 1 0.0 0.0 0.0
Se 1.105098255628e+01 9.208422267843e+00 1.701046802998e+01 1 1 1 0.0 0.0 0.0
Se 1.057067170762e+01 5.727155250005e-02 1.701046802998e+01 1 1 1 0.0 0.0 0.0
Se 1.019554898613e+01 1.390274346894e+01 3.696241589303e+01 1 1 1 0.0 0.0 0.0
Se 6.032854969428e+00 1.390274346894e+01 3.696241589303e+01 1 1 1 0.0 0.0 0.0
Se 1.870160952731e+00 1.390274346894e+01 3.696241589303e+01 1 1 1 0.0 0.0 0.0
Se 8.114201977546e+00 1.029774470229e+01 3.696241589303e+01 1 1 1 0.0 0.0 0.0
Se 3.951507960849e+00 1.029774470229e+01 3.696241589303e+01 1 1 1 0.0 0.0 0.0
Se 1.227689599424e+01 1.029774470229e+01 3.696241589303e+01 1 1 1 0.0 0.0 0.0
Se 1.019554898566e+01 6.692745935641e+00 3.696241589303e+01 1 1 1 0.0 0.0 0.0
Se 6.032854968967e+00 6.692745935641e+00 3.696241589303e+01 1 1 1 0.0 0.0 0.0
Se 1.870160952270e+00 6.692745935641e+00 3.696241589303e+01 1 1 1 0.0 0.0 0.0
Se 8.114201977085e+00 3.087747168990e+00 3.696241589303e+01 1 1 1 0.0 0.0 0.0
Se 3.951507960388e+00 3.087747168990e+00 3.696241589303e+01 1 1 1 0.0 0.0 0.0
Se 1.227689599378e+01 3.087747168990e+00 3.696241589303e+01 1 1 1 0.0 0.0 0.0
Se 1.019554898659e+01 2.111274100224e+01 3.696241589303e+01 1 1 1 0.0 0.0 0.0
Se 6.032854969889e+00 2.111274100224e+01 3.696241589303e+01 1 1 1 0.0 0.0 0.0
Se 1.870160953192e+00 2.111274100224e+01 3.696241589303e+01 1 1 1 0.0 0.0 0.0
Se 8.114201978007e+00 1.750774223559e+01 3.696241589303e+01 1 1 1 0.0 0.0 0.0
Se 3.951507961310e+00 1.750774223559e+01 3.696241589303e+01 1 1 1 0.0 0.0 0.0
Se 1.227689599470e+01 1.750774223559e+01 3.696241589303e+01 1 1 1 0.0 0.0 0.0
Se 6.003910771698e+00 1.632962575031e+01 3.332483142763e+01 1 1 1 0.0 0.0 0.0
Se 1.841216755001e+00 1.632962575031e+01 3.332483142763e+01 1 1 1 0.0 0.0 0.0
Se 1.016660478840e+01 1.632962575031e+01 3.332483142763e+01 1 1 1 0.0 0.0 0.0
Se 3.922563763119e+00 1.272462698366e+01 3.332483142763e+01 1 1 1 0.0 0.0 0.0
Se 1.224795179651e+01 1.272462698366e+01 3.332483142763e+01 1 1 1 0.0 0.0 0.0
Se 8.085257779816e+00 1.272462698366e+01 3.332483142763e+01 1 1 1 0.0 0.0 0.0
Se 6.003910771237e+00 9.119628217014e+00 3.332483142763e+01 1 1 1 0.0 0.0 0.0
Se 1.841216754539e+00 9.119628217014e+00 3.332483142763e+01 1 1 1 0.0 0.0 0.0
Se 1.016660478793e+01 9.119628217014e+00 3.332483142763e+01 1 1 1 0.0 0.0 0.0
Se 3.922563762658e+00 5.514629450363e+00 3.332483142763e+01 1 1 1 0.0 0.0 0.0
Se 1.224795179605e+01 5.514629450363e+00 3.332483142763e+01 1 1 1 0.0 0.0 0.0
Se 8.085257779355e+00 5.514629450363e+00 3.332483142763e+01 1 1 1 0.0 0.0 0.0
Se 6.003910770776e+00 1.909630683713e+00 3.332483142763e+01 1 1 1 0.0 0.0 0.0
Se 1.841216754078e+00 1.909630683713e+00 3.332483142763e+01 1 1 1 0.0 0.0 0.0
Se 1.016660478747e+01 1.909630683713e+00 3.332483142763e+01 1 1 1 0.0 0.0 0.0
Se 3.922563763580e+00 1.993462451696e+01 3.332483142763e+01 1 1 1 0.0 0.0 0.0
Se 1.224795179697e+01 1.993462451696e+01 3.332483142763e+01 1 1 1 0.0 0.0 0.0
Se 8.085257780277e+00 1.993462451696e+01 3.332483142763e+01 1 1 1 0.0 0.0 0.0
Se 8.097922728992e+00 1.513083036443e+01 2.969131231352e+01 1 1 1 0.0 0.0 0.0
Se 3.935228712295e+00 1.513083036443e+01 2.969131231352e+01 1 1 1 0.0 0.0 0.0
Se 1.226061674569e+01 1.513083036443e+01 2.969131231352e+01 1 1 1 0.0 0.0 0.0
Se 6.016575720413e+00 1.152583159778e+01 2.969131231352e+01 1 1 1 0.0 0.0 0.0
Se 1.853881703715e+00 1.152583159778e+01 2.969131231352e+01 1 1 1 0.0 0.0 0.0
Se 1.017926973711e+01 1.152583159778e+01 2.969131231352e+01 1 1 1 0.0 0.0 0.0
Se 8.097922728531e+00 7.920832831134e+00 2.969131231352e+01 1 1 1 0.0 0.0 0.0
Se 3.935228711833e+00 7.920832831134e+00 2.969131231352e+01 1 1 1 0.0 0.0 0.0
Se 1.226061674523e+01 7.920832831134e+00 2.969131231352e+01 1 1 1 0.0 0.0 0.0
Se 6.016575719952e+00 4.315834064484e+00 2.969131231352e+01 1 1 1 0.0 0.0 0.0
Se 1.853881703254e+00 4.315834064484e+00 2.969131231352e+01 1 1 1 0.0 0.0 0.0
Se 1.017926973665e+01 4.315834064484e+00 2.969131231352e+01 1 1 1 0.0 0.0 0.0
Se 8.097922728070e+00 7.108352978338e-01 2.969131231352e+01 1 1 1 0.0 0.0 0.0
Se 3.935228711372e+00 7.108352978338e-01 2.969131231352e+01 1 1 1 0.0 0.0 0.0
Se 1.226061674477e+01 7.108352978338e-01 2.969131231352e+01 1 1 1 0.0 0.0 0.0
Se 6.016575720874e+00 1.873582913109e+01 2.969131231352e+01 1 1 1 0.0 0.0 0.0
Se 1.853881704176e+00 1.873582913109e+01 2.969131231352e+01 1 1 1 0.0 0.0 0.0
Se 1.017926973757e+01 1.873582913109e+01 2.969131231352e+01 1 1 1 0.0 0.0 0.0
Se 6.039597430753e+00 1.640350646421e+01 2.692457590224e+01 1 1 1 0.0 0.0 0.0
Se 1.876903414056e+00 1.640350646421e+01 2.692457590224e+01 1 1 1 0.0 0.0 0.0
Se 1.020229144745e+01 1.640350646421e+01 2.692457590224e+01 1 1 1 0.0 0.0 0.0
Se 3.958250422174e+00 1.279850769756e+01 2.692457590224e+01 1 1 1 0.0 0.0 0.0
Se 1.228363845557e+01 1.279850769756e+01 2.692457590224e+01 1 1 1 0.0 0.0 0.0
Se 8.120944438871e+00 1.279850769756e+01 2.692457590224e+01 1 1 1 0.0 0.0 0.0
Se 6.039597430292e+00 9.193508930912e+00 2.692457590224e+01 1 1 1 0.0 0.0 0.0
Se 1.876903413595e+00 9.193508930912e+00 2.692457590224e+01 1 1 1 0.0 0.0 0.0
Se 1.020229144699e+01 9.193508930912e+00 2.692457590224e+01 1 1 1 0.0 0.0 0.0
Se 3.958250421713e+00 5.588510164262e+00 2.692457590224e+01 1 1 1 0.0 0.0 0.0
Se 1.228363845511e+01 5.588510164262e+00 2.692457590224e+01 1 1 1 0.0 0.0 0.0
Se 8.120944438410e+00 5.588510164262e+00 2.692457590224e+01 1 1 1 0.0 0.0 0.0
Se 6.039597429831e+00 1.983511397612e+00 2.692457590224e+01 1 1 1 0.0 0.0 0.0
Se 1.876903413134e+00 1.983511397612e+00 2.692457590224e+01 1 1 1 0.0 0.0 0.0
Se 1.020229144653e+01 1.983511397612e+00 2.692457590224e+01 1 1 1 0.0 0.0 0.0
Se 3.958250422635e+00 2.000850523086e+01 2.692457590224e+01 1 1 1 0.0 0.0 0.0
Se 1.228363845603e+01 2.000850523086e+01 2.692457590224e+01 1 1 1 0.0 0.0 0.0
Se 8.120944439333e+00 2.000850523086e+01 2.692457590224e+01 1 1 1 0.0 0.0 0.0
Se 8.140607038608e+00 1.520046850115e+01 2.330671355540e+01 1 1 1 0.0 0.0 0.0
Se 3.977913021911e+00 1.520046850115e+01 2.330671355540e+01 1 1 1 0.0 0.0 0.0
Se 1.230330105531e+01 1.520046850115e+01 2.330671355540e+01 1 1 1 0.0 0.0 0.0
Se 6.059260030029e+00 1.159546973450e+01 2.330671355540e+01 1 1 1 0.0 0.0 0.0
Se 1.896566013331e+00 1.159546973450e+01 2.330671355540e+01 1 1 1 0.0 0.0 0.0
Se 1.022195404673e+01 1.159546973450e+01 2.330671355540e+01 1 1 1 0.0 0.0 0.0
Se 8.140607038147e+00 7.990470967851e+00 2.330671355540e+01 1 1 1 0.0 0.0 0.0
Se 3.977913021449e+00 7.990470967851e+00 2.330671355540e+01 1 1 1 0.0 0.0 0.0
Se 1.230330105484e+01 7.990470967851e+00 2.330671355540e+01 1 1 1 0.0 0.0 0.0
Se 6.059260029568e+00 4.385472201200e+00 2.330671355540e+01 1 1 1 0.0 0.0 0.0
Se 1.896566012870e+00 4.385472201200e+00 2.330671355540e+01 1 1 1 0.0 0.0 0.0
Se 1.022195404626e+01 4.385472201200e+00 2.330671355540e+01 1 1 1 0.0 0.0 0.0
Se 8.140607037686e+00 7.804734345500e-01 2.330671355540e+01 1 1 1 0.0 0.0 0.0
Se 3.977913020988e+00 7.804734345500e-01 2.330671355540e+01 1 1 1 0.0 0.0 0.0
Se 1.230330105438e+01 7.804734345500e-01 2.330671355540e+01 1 1 1 0.0 0.0 0.0
Se 6.059260030490e+00 1.880546726780e+01 2.330671355540e+01 1 1 1 0.0 0.0 0.0
Se 1.896566013792e+00 1.880546726780e+01 2.330671355540e+01 1 1 1 0.0 0.0 0.0
Se 1.022195404719e+01 1.880546726780e+01 2.330671355540e+01 1 1 1 0.0 0.0 0.0
Se 1.023000689489e+01 1.398746366874e+01 1.968357859229e+01 1 1 1 0.0 0.0 0.0
Se 6.067312878197e+00 1.398746366874e+01 1.968357859229e+01 1 1 1 0.0 0.0 0.0
Se 1.904618861500e+00 1.398746366874e+01 1.968357859229e+01 1 1 1 0.0 0.0 0.0
Se 8.148659886315e+00 1.038246490209e+01 1.968357859229e+01 1 1 1 0.0 0.0 0.0
Se 3.985965869618e+00 1.038246490209e+01 1.968357859229e+01 1 1 1 0.0 0.0 0.0
Se 1.231135390301e+01 1.038246490209e+01 1.968357859229e+01 1 1 1 0.0 0.0 0.0
Se 1.023000689443e+01 6.777466135444e+00 1.968357859229e+01 1 1 1 0.0 0.0 0.0
Se 6.067312877736e+00 6.777466135444e+00 1.968357859229e+01 1 1 1 0.0 0.0 0.0
Se 1.904618861039e+00 6.777466135444e+00 1.968357859229e+01 1 1 1 0.0 0.0 0.0
Se 8.148659885854e+00 3.172467368794e+00 1.968357859229e+01 1 1 1 0.0 0.0 0.0
Se 3.985965869157e+00 3.172467368794e+00 1.968357859229e+01 1 1 1 0.0 0.0 0.0
Se 1.231135390255e+01 3.172467368794e+00 1.968357859229e+01 1 1 1 0.0 0.0 0.0
Se 1.023000689536e+01 2.119746120205e+01 1.968357859229e+01 1 1 1 0.0 0.0 0.0
Se 6.067312878658e+00 2.119746120205e+01 1.968357859229e+01 1 1 1 0.0 0.0 0.0
Se 1.904618861961e+00 2.119746120205e+01 1.968357859229e+01 1 1 1 0.0 0.0 0.0
Se 8.148659886777e+00 1.759246243539e+01 1.968357859229e+01 1 1 1 0.0 0.0 0.0
Se 3.985965870079e+00 1.759246243539e+01 1.968357859229e+01 1 1 1 0.0 0.0 0.0
Se 1.231135390347e+01 1.759246243539e+01 1.968357859229e+01 1 1 1 0.0 0.0 0.0
"