calculation_mode = "Quench Electrons"
cell_relax = "False"
charge_density_mixing = "0.1"
charge_mixing_type = "Broyden"
description = "Example parameters for high-throughput bulk relaxation of a vdW material"
dos_broading = "0.05"
dos_method = "Gaussian"
energy_convergence_criterion = "1e-10"
energy_output_units = "Hartrees"
kohn_sham_mucycles = "3"
kohn_sham_solver = "davidson"
kpoint_mesh = "1 1 1"
localize_projectors = "False"
max_md_steps = "100"
max_scf_steps = "200"
non_local_block_size = "4000"
potential_acceleration_constant_step = "1.5"
processor_grid = "6 8 18"
rms_convergence_criterion = "1e-08"
scalapack_block_factor = "64"
start_mode = "LCAO Start"
state_block_size = "64"
stress = "True"
subdiag_driver = "scalapack"
use_async_allreduce = "False"
vdw_corr = "DFT-D3"
vdwdf_kernel_filepath = "/lustre/orion/world-shared/cph162/rjmorelock/rmgdft/XC/vdW_kernel_table"
wavefunction_grid = "128 164 378"
write_data_period = "50"

atomic_coordinate_type = "Absolute"
crds_units = "Angstrom"
lattice_units = "Angstrom"

lattice_vector = "
1.509735502135e+01 0.000000000000e+00 9.000000000000e-16
7.945976324217e-01 1.926796860101e+01 1.200000000000e-15
0.000000000000e+00 0.000000000000e+00 4.446241589303e+01
"
atoms = "
Nb 1.587005380318e+00 1.916343029317e+01 1.532833092694e+01 1 1 1 0.0 0.0 0.0
Nb 3.573499462325e+00 1.959886899412e+00 1.532833092694e+01 1 1 1 0.0 0.0 0.0
Nb 6.751889993156e+00 5.836034279114e-01 1.532833092694e+01 1 1 1 0.0 0.0 0.0
Nb 3.176200645924e+00 5.400595578164e+00 1.532833092694e+01 1 1 1 0.0 0.0 0.0
Nb 6.354591176755e+00 4.024312106663e+00 1.532833092694e+01 1 1 1 0.0 0.0 0.0
Nb 9.532981707586e+00 2.648028635163e+00 1.532833092694e+01 1 1 1 0.0 0.0 0.0
Nb 1.271137223842e+01 1.271745163662e+00 1.532833092694e+01 1 1 1 0.0 0.0 0.0
Nb 2.778901829522e+00 8.841304256916e+00 1.532833092694e+01 1 1 1 0.0 0.0 0.0
Nb 5.957292360353e+00 7.465020785416e+00 1.532833092694e+01 1 1 1 0.0 0.0 0.0
Nb 9.135682891184e+00 6.088737313915e+00 1.532833092694e+01 1 1 1 0.0 0.0 0.0
Nb 1.231407342202e+01 4.712453842414e+00 1.532833092694e+01 1 1 1 0.0 0.0 0.0
Nb 3.951089314945e-01 3.336170370913e+00 1.532833092694e+01 1 1 1 0.0 0.0 0.0
Nb 2.381603013121e+00 1.228201293567e+01 1.532833092694e+01 1 1 1 0.0 0.0 0.0
Nb 5.559993543952e+00 1.090572946417e+01 1.532833092694e+01 1 1 1 0.0 0.0 0.0
Nb 8.738384074783e+00 9.529445992667e+00 1.532833092694e+01 1 1 1 0.0 0.0 0.0
Nb 1.191677460561e+01 8.153162521166e+00 1.532833092694e+01 1 1 1 0.0 0.0 0.0
Nb 1.509516513644e+01 6.776879049665e+00 1.532833092694e+01 1 1 1 0.0 0.0 0.0
Nb 1.984304196719e+00 1.572272161442e+01 1.532833092694e+01 1 1 1 0.0 0.0 0.0
Nb 5.162694727550e+00 1.434643814292e+01 1.532833092694e+01 1 1 1 0.0 0.0 0.0
Nb 8.341085258381e+00 1.297015467142e+01 1.532833092694e+01 1 1 1 0.0 0.0 0.0
Nb 1.151947578921e+01 1.159387119992e+01 1.532833092694e+01 1 1 1 0.0 0.0 0.0
Nb 1.469786632004e+01 1.021758772842e+01 1.532833092694e+01 1 1 1 0.0 0.0 0.0
Nb 4.765395911149e+00 1.778714682167e+01 1.532833092694e+01 1 1 1 0.0 0.0 0.0
Nb 7.943786441980e+00 1.641086335017e+01 1.532833092694e+01 1 1 1 0.0 0.0 0.0
Nb 1.112217697281e+01 1.503457987867e+01 1.532833092694e+01 1 1 1 0.0 0.0 0.0
Nb 1.430056750364e+01 1.365829640717e+01 1.532833092694e+01 1 1 1 0.0 0.0 0.0
Nb 1.072487815641e+01 1.847528855742e+01 1.532833092694e+01 1 1 1 0.0 0.0 0.0
Nb 1.390326868724e+01 1.709900508592e+01 1.532833092694e+01 1 1 1 0.0 0.0 0.0
Nb 1.591784000046e+00 1.917199261769e+01 9.182088683320e+00 1 1 1 0.0 0.0 0.0
Nb 3.578278082054e+00 1.968449223934e+00 9.182088683320e+00 1 1 1 0.0 0.0 0.0
Nb 6.756668612885e+00 5.921657524335e-01 9.182088683320e+00 1 1 1 0.0 0.0 0.0
Nb 3.180979265653e+00 5.409157902686e+00 9.182088683320e+00 1 1 1 0.0 0.0 0.0
Nb 6.359369796484e+00 4.032874431186e+00 9.182088683320e+00 1 1 1 0.0 0.0 0.0
Nb 9.537760327315e+00 2.656590959685e+00 9.182088683320e+00 1 1 1 0.0 0.0 0.0
Nb 1.271615085815e+01 1.280307488184e+00 9.182088683320e+00 1 1 1 0.0 0.0 0.0
Nb 2.783680449251e+00 8.849866581438e+00 9.182088683320e+00 1 1 1 0.0 0.0 0.0
Nb 5.962070980082e+00 7.473583109938e+00 9.182088683320e+00 1 1 1 0.0 0.0 0.0
Nb 9.140461510913e+00 6.097299638437e+00 9.182088683320e+00 1 1 1 0.0 0.0 0.0
Nb 1.231885204174e+01 4.721016166936e+00 9.182088683320e+00 1 1 1 0.0 0.0 0.0
Nb 3.998875512233e-01 3.344732695435e+00 9.182088683320e+00 1 1 1 0.0 0.0 0.0
Nb 2.386381632850e+00 1.229057526019e+01 9.182088683320e+00 1 1 1 0.0 0.0 0.0
Nb 5.564772163681e+00 1.091429178869e+01 9.182088683320e+00 1 1 1 0.0 0.0 0.0
Nb 8.743162694511e+00 9.538008317189e+00 9.182088683320e+00 1 1 1 0.0 0.0 0.0
Nb 1.192155322534e+01 8.161724845688e+00 9.182088683320e+00 1 1 1 0.0 0.0 0.0
Nb 1.509994375617e+01 6.785441374187e+00 9.182088683320e+00 1 1 1 0.0 0.0 0.0
Nb 1.989082816448e+00 1.573128393894e+01 9.182088683320e+00 1 1 1 0.0 0.0 0.0
Nb 5.167473347279e+00 1.435500046744e+01 9.182088683320e+00 1 1 1 0.0 0.0 0.0
Nb 8.345863878110e+00 1.297871699594e+01 9.182088683320e+00 1 1 1 0.0 0.0 0.0
Nb 1.152425440894e+01 1.160243352444e+01 9.182088683320e+00 1 1 1 0.0 0.0 0.0
Nb 1.470264493977e+01 1.022615005294e+01 9.182088683320e+00 1 1 1 0.0 0.0 0.0
Nb 4.770174530877e+00 1.779570914619e+01 9.182088683320e+00 1 1 1 0.0 0.0 0.0
Nb 7.948565061708e+00 1.641942567469e+01 9.182088683320e+00 1 1 1 0.0 0.0 0.0
Nb 1.112695559254e+01 1.504314220319e+01 9.182088683320e+00 1 1 1 0.0 0.0 0.0
Nb 1.430534612337e+01 1.366685873169e+01 9.182088683320e+00 1 1 1 0.0 0.0 0.0
Nb 1.072965677614e+01 1.848385088194e+01 9.182088683320e+00 1 1 1 0.0 0.0 0.0
Nb 1.390804730697e+01 1.710756741044e+01 9.182088683320e+00 1 1 1 0.0 0.0 0.0
Bi 1.409612450612e+01 2.942333909914e-01 3.532095071834e+01 1 1 1 0.0 0.0 0.0
Bi 3.013578576309e+00 1.308337001571e+00 3.532095071834e+01 1 1 1 0.0 0.0 0.0
Bi 7.028387667845e+00 2.322440612151e+00 3.532095071834e+01 1 1 1 0.0 0.0 0.0
Bi 1.104319675938e+01 3.336544222730e+00 3.532095071834e+01 1 1 1 0.0 0.0 0.0
Bi 1.505800585092e+01 4.350647833310e+00 3.532095071834e+01 1 1 1 0.0 0.0 0.0
Bi 3.975459921100e+00 5.364751443889e+00 3.532095071834e+01 1 1 1 0.0 0.0 0.0
Bi 7.990269012636e+00 6.378855054469e+00 3.532095071834e+01 1 1 1 0.0 0.0 0.0
Bi 1.200507810417e+01 7.392958665048e+00 3.532095071834e+01 1 1 1 0.0 0.0 0.0
Bi 9.225321743561e-01 8.407062275628e+00 3.532095071834e+01 1 1 1 0.0 0.0 0.0
Bi 4.937341265892e+00 9.421165886207e+00 3.532095071834e+01 1 1 1 0.0 0.0 0.0
Bi 8.952150357428e+00 1.043526949679e+01 3.532095071834e+01 1 1 1 0.0 0.0 0.0
Bi 1.296695944896e+01 1.144937310737e+01 3.532095071834e+01 1 1 1 0.0 0.0 0.0
Bi 1.884413519148e+00 1.246347671795e+01 3.532095071834e+01 1 1 1 0.0 0.0 0.0
Bi 5.899222610683e+00 1.347758032853e+01 3.532095071834e+01 1 1 1 0.0 0.0 0.0
Bi 9.914031702219e+00 1.449168393911e+01 3.532095071834e+01 1 1 1 0.0 0.0 0.0
Bi 1.392884079375e+01 1.550578754968e+01 3.532095071834e+01 1 1 1 0.0 0.0 0.0
Bi 2.846294863939e+00 1.651989116026e+01 3.532095071834e+01 1 1 1 0.0 0.0 0.0
Bi 6.861103955475e+00 1.753399477084e+01 3.532095071834e+01 1 1 1 0.0 0.0 0.0
Bi 1.087591304701e+01 1.854809838142e+01 3.532095071834e+01 1 1 1 0.0 0.0 0.0
Bi 1.175941633369e+01 9.387598058616e-01 3.133430771007e+01 1 1 1 0.0 0.0 0.0
Bi 6.768704038743e-01 1.952863416441e+00 3.133430771007e+01 1 1 1 0.0 0.0 0.0
Bi 4.691679495410e+00 2.966967027021e+00 3.133430771007e+01 1 1 1 0.0 0.0 0.0
Bi 8.706488586946e+00 3.981070637600e+00 3.133430771007e+01 1 1 1 0.0 0.0 0.0
Bi 1.272129767848e+01 4.995174248180e+00 3.133430771007e+01 1 1 1 0.0 0.0 0.0
Bi 1.638751748666e+00 6.009277858759e+00 3.133430771007e+01 1 1 1 0.0 0.0 0.0
Bi 5.653560840202e+00 7.023381469339e+00 3.133430771007e+01 1 1 1 0.0 0.0 0.0
Bi 9.668369931737e+00 8.037485079918e+00 3.133430771007e+01 1 1 1 0.0 0.0 0.0
Bi 1.368317902327e+01 9.051588690498e+00 3.133430771007e+01 1 1 1 0.0 0.0 0.0
Bi 2.600633093457e+00 1.006569230108e+01 3.133430771007e+01 1 1 1 0.0 0.0 0.0
Bi 6.615442184993e+00 1.107979591166e+01 3.133430771007e+01 1 1 1 0.0 0.0 0.0
Bi 1.063025127653e+01 1.209389952224e+01 3.133430771007e+01 1 1 1 0.0 0.0 0.0
Bi 1.464506036806e+01 1.310800313282e+01 3.133430771007e+01 1 1 1 0.0 0.0 0.0
Bi 3.562514438249e+00 1.412210674340e+01 3.133430771007e+01 1 1 1 0.0 0.0 0.0
Bi 7.577323529785e+00 1.513621035398e+01 3.133430771007e+01 1 1 1 0.0 0.0 0.0
Bi 1.159213262132e+01 1.615031396455e+01 3.133430771007e+01 1 1 1 0.0 0.0 0.0
Bi 1.560694171286e+01 1.716441757513e+01 3.133430771007e+01 1 1 1 0.0 0.0 0.0
Bi 4.524395783040e+00 1.817852118571e+01 3.133430771007e+01 1 1 1 0.0 0.0 0.0
Bi 8.539204874576e+00 1.919262479629e+01 3.133430771007e+01 1 1 1 0.0 0.0 0.0
Bi 1.172726387937e+01 8.797762607755e-01 2.529282906773e+01 1 1 1 0.0 0.0 0.0
Bi 6.447179495499e-01 1.893879871355e+00 2.529282906773e+01 1 1 1 0.0 0.0 0.0
Bi 4.659527041086e+00 2.907983481935e+00 2.529282906773e+01 1 1 1 0.0 0.0 0.0
Bi 8.674336132621e+00 3.922087092514e+00 2.529282906773e+01 1 1 1 0.0 0.0 0.0
Bi 1.268914522416e+01 4.936190703094e+00 2.529282906773e+01 1 1 1 0.0 0.0 0.0
Bi 1.606599294341e+00 5.950294313673e+00 2.529282906773e+01 1 1 1 0.0 0.0 0.0
Bi 5.621408385877e+00 6.964397924253e+00 2.529282906773e+01 1 1 1 0.0 0.0 0.0
Bi 9.636217477413e+00 7.978501534832e+00 2.529282906773e+01 1 1 1 0.0 0.0 0.0
Bi 1.365102656895e+01 8.992605145412e+00 2.529282906773e+01 1 1 1 0.0 0.0 0.0
Bi 2.568480639133e+00 1.000670875599e+01 2.529282906773e+01 1 1 1 0.0 0.0 0.0
Bi 6.583289730669e+00 1.102081236657e+01 2.529282906773e+01 1 1 1 0.0 0.0 0.0
Bi 1.059809882220e+01 1.203491597715e+01 2.529282906773e+01 1 1 1 0.0 0.0 0.0
Bi 1.461290791374e+01 1.304901958773e+01 2.529282906773e+01 1 1 1 0.0 0.0 0.0
Bi 3.530361983924e+00 1.406312319831e+01 2.529282906773e+01 1 1 1 0.0 0.0 0.0
Bi 7.545171075460e+00 1.507722680889e+01 2.529282906773e+01 1 1 1 0.0 0.0 0.0
Bi 1.155998016700e+01 1.609133041947e+01 2.529282906773e+01 1 1 1 0.0 0.0 0.0
Bi 1.557478925853e+01 1.710543403005e+01 2.529282906773e+01 1 1 1 0.0 0.0 0.0
Bi 4.492243328716e+00 1.811953764063e+01 2.529282906773e+01 1 1 1 0.0 0.0 0.0
Bi 8.507052420252e+00 1.913364125121e+01 2.529282906773e+01 1 1 1 0.0 0.0 0.0
Bi 2.156964054146e+00 1.878797252329e+01 2.132110864621e+01 1 1 1 0.0 0.0 0.0
Bi 5.377175513260e+00 5.341075328572e-01 2.132110864621e+01 1 1 1 0.0 0.0 0.0
Bi 9.391984604796e+00 1.548211143437e+00 2.132110864621e+01 1 1 1 0.0 0.0 0.0
Bi 1.340679369633e+01 2.562314754016e+00 2.132110864621e+01 1 1 1 0.0 0.0 0.0
Bi 2.324247766516e+00 3.576418364596e+00 2.132110864621e+01 1 1 1 0.0 0.0 0.0
Bi 6.339056858052e+00 4.590521975175e+00 2.132110864621e+01 1 1 1 0.0 0.0 0.0
Bi 1.035386594959e+01 5.604625585755e+00 2.132110864621e+01 1 1 1 0.0 0.0 0.0
Bi 1.436867504112e+01 6.618729196335e+00 2.132110864621e+01 1 1 1 0.0 0.0 0.0
Bi 3.286129111308e+00 7.632832806914e+00 2.132110864621e+01 1 1 1 0.0 0.0 0.0
Bi 7.300938202843e+00 8.646936417494e+00 2.132110864621e+01 1 1 1 0.0 0.0 0.0
Bi 1.131574729438e+01 9.661040028073e+00 2.132110864621e+01 1 1 1 0.0 0.0 0.0
Bi 1.533055638591e+01 1.067514363865e+01 2.132110864621e+01 1 1 1 0.0 0.0 0.0
Bi 4.248010456099e+00 1.168924724923e+01 2.132110864621e+01 1 1 1 0.0 0.0 0.0
Bi 8.262819547635e+00 1.270335085981e+01 2.132110864621e+01 1 1 1 0.0 0.0 0.0
Bi 1.227762863917e+01 1.371745447039e+01 2.132110864621e+01 1 1 1 0.0 0.0 0.0
Bi 1.195082709355e+00 1.473155808097e+01 2.132110864621e+01 1 1 1 0.0 0.0 0.0
Bi 5.209891800890e+00 1.574566169155e+01 2.132110864621e+01 1 1 1 0.0 0.0 0.0
Bi 9.224700892426e+00 1.675976530213e+01 2.132110864621e+01 1 1 1 0.0 0.0 0.0
Bi 1.323950998396e+01 1.777386891271e+01 2.132110864621e+01 1 1 1 0.0 0.0 0.0
Se 1.470238152764e+01 1.894311032113e+01 7.500000000000e+00 1 1 1 0.0 0.0 0.0
Se 1.591520588298e+00 1.739566927368e+00 7.500000000000e+00 1 1 1 0.0 0.0 0.0
Se 4.769911119129e+00 3.632834558669e-01 7.500000000000e+00 1 1 1 0.0 0.0 0.0
Se 1.194221771897e+00 5.180275606120e+00 7.500000000000e+00 1 1 1 0.0 0.0 0.0
Se 4.372612302728e+00 3.803992134619e+00 7.500000000000e+00 1 1 1 0.0 0.0 0.0
Se 7.551002833559e+00 2.427708663118e+00 7.500000000000e+00 1 1 1 0.0 0.0 0.0
Se 1.072939336439e+01 1.051425191617e+00 7.500000000000e+00 1 1 1 0.0 0.0 0.0
Se 7.969229554951e-01 8.620984284872e+00 7.500000000000e+00 1 1 1 0.0 0.0 0.0
Se 3.975313486326e+00 7.244700813371e+00 7.500000000000e+00 1 1 1 0.0 0.0 0.0
Se 7.153704017157e+00 5.868417341870e+00 7.500000000000e+00 1 1 1 0.0 0.0 0.0
Se 1.033209454799e+01 4.492133870369e+00 7.500000000000e+00 1 1 1 0.0 0.0 0.0
Se 1.351048507882e+01 3.115850398869e+00 7.500000000000e+00 1 1 1 0.0 0.0 0.0
Se 1.549697916045e+01 1.206169296362e+01 7.500000000000e+00 1 1 1 0.0 0.0 0.0
Se 3.578014669924e+00 1.068540949212e+01 7.500000000000e+00 1 1 1 0.0 0.0 0.0
Se 6.756405200755e+00 9.309126020622e+00 7.500000000000e+00 1 1 1 0.0 0.0 0.0
Se 9.934795731586e+00 7.932842549121e+00 7.500000000000e+00 1 1 1 0.0 0.0 0.0
Se 1.311318626242e+01 6.556559077621e+00 7.500000000000e+00 1 1 1 0.0 0.0 0.0
Se 1.509968034404e+01 1.550240164238e+01 7.500000000000e+00 1 1 1 0.0 0.0 0.0
Se 3.180715853523e+00 1.412611817088e+01 7.500000000000e+00 1 1 1 0.0 0.0 0.0
Se 6.359106384354e+00 1.274983469937e+01 7.500000000000e+00 1 1 1 0.0 0.0 0.0
Se 9.537496915185e+00 1.137355122787e+01 7.500000000000e+00 1 1 1 0.0 0.0 0.0
Se 1.271588744602e+01 9.997267756373e+00 7.500000000000e+00 1 1 1 0.0 0.0 0.0
Se 2.783417037121e+00 1.756682684963e+01 7.500000000000e+00 1 1 1 0.0 0.0 0.0
Se 5.961807567952e+00 1.619054337813e+01 7.500000000000e+00 1 1 1 0.0 0.0 0.0
Se 9.140198098783e+00 1.481425990663e+01 7.500000000000e+00 1 1 1 0.0 0.0 0.0
Se 1.231858862961e+01 1.343797643512e+01 7.500000000000e+00 1 1 1 0.0 0.0 0.0
Se 8.742899282382e+00 1.825496858538e+01 7.500000000000e+00 1 1 1 0.0 0.0 0.0
Se 1.192128981321e+01 1.687868511388e+01 7.500000000000e+00 1 1 1 0.0 0.0 0.0
Se 7.922094293833e-01 1.732859558367e+01 1.364602824434e+01 1 1 1 0.0 0.0 0.0
Se 2.778703511391e+00 1.250521899087e-01 1.364602824434e+01 1 1 1 0.0 0.0 0.0
Se 6.751691674644e+00 1.801673731942e+01 1.364602824434e+01 1 1 1 0.0 0.0 0.0
Se 2.381404694989e+00 3.565760868661e+00 1.364602824434e+01 1 1 1 0.0 0.0 0.0
Se 5.559795225820e+00 2.189477397160e+00 1.364602824434e+01 1 1 1 0.0 0.0 0.0
Se 8.738185756651e+00 8.131939256591e-01 1.364602824434e+01 1 1 1 0.0 0.0 0.0
Se 1.271117391990e+01 1.870487905517e+01 1.364602824434e+01 1 1 1 0.0 0.0 0.0
Se 1.984105878588e+00 7.006469547413e+00 1.364602824434e+01 1 1 1 0.0 0.0 0.0
Se 5.162496409419e+00 5.630186075912e+00 1.364602824434e+01 1 1 1 0.0 0.0 0.0
Se 8.340886940250e+00 4.253902604411e+00 1.364602824434e+01 1 1 1 0.0 0.0 0.0
Se 1.151927747108e+01 2.877619132910e+00 1.364602824434e+01 1 1 1 0.0 0.0 0.0
Se 1.469766800191e+01 1.501335661410e+00 1.364602824434e+01 1 1 1 0.0 0.0 0.0
Se 1.586807062186e+00 1.044717822616e+01 1.364602824434e+01 1 1 1 0.0 0.0 0.0
Se 4.765197593017e+00 9.070894754664e+00 1.364602824434e+01 1 1 1 0.0 0.0 0.0
Se 7.943588123848e+00 7.694611283163e+00 1.364602824434e+01 1 1 1 0.0 0.0 0.0
Se 1.112197865468e+01 6.318327811662e+00 1.364602824434e+01 1 1 1 0.0 0.0 0.0
Se 1.430036918551e+01 4.942044340162e+00 1.364602824434e+01 1 1 1 0.0 0.0 0.0
Se 1.189508245785e+00 1.388788690492e+01 1.364602824434e+01 1 1 1 0.0 0.0 0.0
Se 4.367898776616e+00 1.251160343342e+01 1.364602824434e+01 1 1 1 0.0 0.0 0.0
Se 7.546289307447e+00 1.113531996192e+01 1.364602824434e+01 1 1 1 0.0 0.0 0.0
Se 1.072467983828e+01 9.759036490414e+00 1.364602824434e+01 1 1 1 0.0 0.0 0.0
Se 1.390307036911e+01 8.382753018914e+00 1.364602824434e+01 1 1 1 0.0 0.0 0.0
Se 3.970599960214e+00 1.595231211217e+01 1.364602824434e+01 1 1 1 0.0 0.0 0.0
Se 7.148990491045e+00 1.457602864067e+01 1.364602824434e+01 1 1 1 0.0 0.0 0.0
Se 1.032738102188e+01 1.319974516917e+01 1.364602824434e+01 1 1 1 0.0 0.0 0.0
Se 1.350577155271e+01 1.182346169767e+01 1.364602824434e+01 1 1 1 0.0 0.0 0.0
Se 9.930082205474e+00 1.664045384792e+01 1.364602824434e+01 1 1 1 0.0 0.0 0.0
Se 1.310847273631e+01 1.526417037642e+01 1.364602824434e+01 1 1 1 0.0 0.0 0.0
Se 1.470225375188e+01 1.894204173947e+01 1.086443756309e+01 1 1 1 0.0 0.0 0.0
Se 1.591392812534e+00 1.738498345709e+00 1.086443756309e+01 1 1 1 0.0 0.0 0.0
Se 4.769783343365e+00 3.622148742085e-01 1.086443756309e+01 1 1 1 0.0 0.0 0.0
Se 1.194093996133e+00 5.179207024461e+00 1.086443756309e+01 1 1 1 0.0 0.0 0.0
Se 4.372484526964e+00 3.802923552961e+00 1.086443756309e+01 1 1 1 0.0 0.0 0.0
Se 7.550875057795e+00 2.426640081460e+00 1.086443756309e+01 1 1 1 0.0 0.0 0.0
Se 1.072926558863e+01 1.050356609959e+00 1.086443756309e+01 1 1 1 0.0 0.0 0.0
Se 7.967951797313e-01 8.619915703213e+00 1.086443756309e+01 1 1 1 0.0 0.0 0.0
Se 3.975185710562e+00 7.243632231713e+00 1.086443756309e+01 1 1 1 0.0 0.0 0.0
Se 7.153576241393e+00 5.867348760212e+00 1.086443756309e+01 1 1 1 0.0 0.0 0.0
Se 1.033196677222e+01 4.491065288711e+00 1.086443756309e+01 1 1 1 0.0 0.0 0.0
Se 1.351035730306e+01 3.114781817210e+00 1.086443756309e+01 1 1 1 0.0 0.0 0.0
Se 1.549685138468e+01 1.206062438197e+01 1.086443756309e+01 1 1 1 0.0 0.0 0.0
Se 3.577886894161e+00 1.068434091046e+01 1.086443756309e+01 1 1 1 0.0 0.0 0.0
Se 6.756277424992e+00 9.308057438964e+00 1.086443756309e+01 1 1 1 0.0 0.0 0.0
Se 9.934667955823e+00 7.931773967463e+00 1.086443756309e+01 1 1 1 0.0 0.0 0.0
Se 1.311305848665e+01 6.555490495962e+00 1.086443756309e+01 1 1 1 0.0 0.0 0.0
Se 1.509955256828e+01 1.550133306072e+01 1.086443756309e+01 1 1 1 0.0 0.0 0.0
Se 3.180588077759e+00 1.412504958922e+01 1.086443756309e+01 1 1 1 0.0 0.0 0.0
Se 6.358978608590e+00 1.274876611772e+01 1.086443756309e+01 1 1 1 0.0 0.0 0.0
Se 9.537369139421e+00 1.137248264622e+01 1.086443756309e+01 1 1 1 0.0 0.0 0.0
Se 1.271575967025e+01 9.996199174714e+00 1.086443756309e+01 1 1 1 0.0 0.0 0.0
Se 2.783289261358e+00 1.756575826797e+01 1.086443756309e+01 1 1 1 0.0 0.0 0.0
Se 5.961679792189e+00 1.618947479647e+01 1.086443756309e+01 1 1 1 0.0 0.0 0.0
Se 9.140070323019e+00 1.481319132497e+01 1.086443756309e+01 1 1 1 0.0 0.0 0.0
Se 1.231846085385e+01 1.343690785347e+01 1.086443756309e+01 1 1 1 0.0 0.0 0.0
Se 8.742771506618e+00 1.825390000372e+01 1.086443756309e+01 1 1 1 0.0 0.0 0.0
Se 1.192116203745e+01 1.687761653222e+01 1.086443756309e+01 1 1 1 0.0 0.0 0.0
Se 7.922636199961e-01 1.732753901116e+01 1.701046802998e+01 1 1 1 0.0 0.0 0.0
Se 2.778757702004e+00 1.239956173989e-01 1.701046802998e+01 1 1 1 0.0 0.0 0.0
Se 6.751745865256e+00 1.801568074691e+01 1.701046802998e+01 1 1 1 0.0 0.0 0.0
Se 2.381458885602e+00 3.564704296151e+00 1.701046802998e+01 1 1 1 0.0 0.0 0.0
Se 5.559849416433e+00 2.188420824650e+00 1.701046802998e+01 1 1 1 0.0 0.0 0.0
Se 8.738239947264e+00 8.121373531493e-01 1.701046802998e+01 1 1 1 0.0 0.0 0.0
Se 1.271122811052e+01 1.870382248266e+01 1.701046802998e+01 1 1 1 0.0 0.0 0.0
Se 1.984160069201e+00 7.005412974903e+00 1.701046802998e+01 1 1 1 0.0 0.0 0.0
Se 5.162550600032e+00 5.629129503402e+00 1.701046802998e+01 1 1 1 0.0 0.0 0.0
Se 8.340941130863e+00 4.252846031901e+00 1.701046802998e+01 1 1 1 0.0 0.0 0.0
Se 1.151933166169e+01 2.876562560401e+00 1.701046802998e+01 1 1 1 0.0 0.0 0.0
Se 1.469772219252e+01 1.500279088900e+00 1.701046802998e+01 1 1 1 0.0 0.0 0.0
Se 1.586861252799e+00 1.044612165366e+01 1.701046802998e+01 1 1 1 0.0 0.0 0.0
Se 4.765251783630e+00 9.069838182154e+00 1.701046802998e+01 1 1 1 0.0 0.0 0.0
Se 7.943642314461e+00 7.693554710653e+00 1.701046802998e+01 1 1 1 0.0 0.0 0.0
Se 1.112203284529e+01 6.317271239153e+00 1.701046802998e+01 1 1 1 0.0 0.0 0.0
Se 1.430042337612e+01 4.940987767652e+00 1.701046802998e+01 1 1 1 0.0 0.0 0.0
Se 1.189562436398e+00 1.388683033241e+01 1.701046802998e+01 1 1 1 0.0 0.0 0.0
Se 4.367952967229e+00 1.251054686091e+01 1.701046802998e+01 1 1 1 0.0 0.0 0.0
Se 7.546343498059e+00 1.113426338941e+01 1.701046802998e+01 1 1 1 0.0 0.0 0.0
Se 1.072473402889e+01 9.757979917905e+00 1.701046802998e+01 1 1 1 0.0 0.0 0.0
Se 1.390312455972e+01 8.381696446404e+00 1.701046802998e+01 1 1 1 0.0 0.0 0.0
Se 3.970654150827e+00 1.595125553966e+01 1.701046802998e+01 1 1 1 0.0 0.0 0.0
Se 7.149044681658e+00 1.457497206816e+01 1.701046802998e+01 1 1 1 0.0 0.0 0.0
Se 1.032743521249e+01 1.319868859666e+01 1.701046802998e+01 1 1 1 0.0 0.0 0.0
Se 1.350582574332e+01 1.182240512516e+01 1.701046802998e+01 1 1 1 0.0 0.0 0.0
Se 9.930136396087e+00 1.663939727541e+01 1.701046802998e+01 1 1 1 0.0 0.0 0.0
Se 1.310852692692e+01 1.526311380391e+01 1.701046802998e+01 1 1 1 0.0 0.0 0.0
Se 1.172828075347e+01 9.732204737437e-01 3.696241589303e+01 1 1 1 0.0 0.0 0.0
Se 6.457348236590e-01 1.987324084323e+00 3.696241589303e+01 1 1 1 0.0 0.0 0.0
Se 4.660543915195e+00 3.001427694903e+00 3.696241589303e+01 1 1 1 0.0 0.0 0.0
Se 8.675353006730e+00 4.015531305482e+00 3.696241589303e+01 1 1 1 0.0 0.0 0.0
Se 1.269016209827e+01 5.029634916062e+00 3.696241589303e+01 1 1 1 0.0 0.0 0.0
Se 1.607616168450e+00 6.043738526641e+00 3.696241589303e+01 1 1 1 0.0 0.0 0.0
Se 5.622425259986e+00 7.057842137221e+00 3.696241589303e+01 1 1 1 0.0 0.0 0.0
Se 9.637234351522e+00 8.071945747801e+00 3.696241589303e+01 1 1 1 0.0 0.0 0.0
Se 1.365204344306e+01 9.086049358380e+00 3.696241589303e+01 1 1 1 0.0 0.0 0.0
Se 2.569497513242e+00 1.010015296896e+01 3.696241589303e+01 1 1 1 0.0 0.0 0.0
Se 6.584306604778e+00 1.111425657954e+01 3.696241589303e+01 1 1 1 0.0 0.0 0.0
Se 1.059911569631e+01 1.212836019012e+01 3.696241589303e+01 1 1 1 0.0 0.0 0.0
Se 1.461392478785e+01 1.314246380070e+01 3.696241589303e+01 1 1 1 0.0 0.0 0.0
Se 3.531378858033e+00 1.415656741128e+01 3.696241589303e+01 1 1 1 0.0 0.0 0.0
Se 7.546187949569e+00 1.517067102186e+01 3.696241589303e+01 1 1 1 0.0 0.0 0.0
Se 1.156099704110e+01 1.618477463244e+01 3.696241589303e+01 1 1 1 0.0 0.0 0.0
Se 1.557580613264e+01 1.719887824302e+01 3.696241589303e+01 1 1 1 0.0 0.0 0.0
Se 4.493260202825e+00 1.821298185360e+01 3.696241589303e+01 1 1 1 0.0 0.0 0.0
Se 8.508069294361e+00 1.922708546418e+01 3.696241589303e+01 1 1 1 0.0 0.0 0.0
Se 2.172093756260e+00 1.887291590455e+01 3.332483142763e+01 1 1 1 0.0 0.0 0.0
Se 5.392305215374e+00 6.190509141207e-01 3.332483142763e+01 1 1 1 0.0 0.0 0.0
Se 9.407114306910e+00 1.633154524700e+00 3.332483142763e+01 1 1 1 0.0 0.0 0.0
Se 1.342192339845e+01 2.647258135280e+00 3.332483142763e+01 1 1 1 0.0 0.0 0.0
Se 2.339377468630e+00 3.661361745859e+00 3.332483142763e+01 1 1 1 0.0 0.0 0.0
Se 6.354186560165e+00 4.675465356439e+00 3.332483142763e+01 1 1 1 0.0 0.0 0.0
Se 1.036899565170e+01 5.689568967018e+00 3.332483142763e+01 1 1 1 0.0 0.0 0.0
Se 1.438380474324e+01 6.703672577598e+00 3.332483142763e+01 1 1 1 0.0 0.0 0.0
Se 3.301258813421e+00 7.717776188178e+00 3.332483142763e+01 1 1 1 0.0 0.0 0.0
Se 7.316067904957e+00 8.731879798757e+00 3.332483142763e+01 1 1 1 0.0 0.0 0.0
Se 1.133087699649e+01 9.745983409337e+00 3.332483142763e+01 1 1 1 0.0 0.0 0.0
Se 1.534568608803e+01 1.076008701992e+01 3.332483142763e+01 1 1 1 0.0 0.0 0.0
Se 4.263140158213e+00 1.177419063050e+01 3.332483142763e+01 1 1 1 0.0 0.0 0.0
Se 8.277949249748e+00 1.278829424108e+01 3.332483142763e+01 1 1 1 0.0 0.0 0.0
Se 1.229275834128e+01 1.380239785165e+01 3.332483142763e+01 1 1 1 0.0 0.0 0.0
Se 1.210212411468e+00 1.481650146223e+01 3.332483142763e+01 1 1 1 0.0 0.0 0.0
Se 5.225021503004e+00 1.583060507281e+01 3.332483142763e+01 1 1 1 0.0 0.0 0.0
Se 9.239830594540e+00 1.684470868339e+01 3.332483142763e+01 1 1 1 0.0 0.0 0.0
Se 1.325463968608e+01 1.785881229397e+01 3.332483142763e+01 1 1 1 0.0 0.0 0.0
Se 1.410755646572e+01 2.751044152104e-01 2.969131231352e+01 1 1 1 0.0 0.0 0.0
Se 3.025010535905e+00 1.289208025790e+00 2.969131231352e+01 1 1 1 0.0 0.0 0.0
Se 7.039819627441e+00 2.303311636370e+00 2.969131231352e+01 1 1 1 0.0 0.0 0.0
Se 1.105462871898e+01 3.317415246949e+00 2.969131231352e+01 1 1 1 0.0 0.0 0.0
Se 1.506943781051e+01 4.331518857529e+00 2.969131231352e+01 1 1 1 0.0 0.0 0.0
Se 3.986891880697e+00 5.345622468108e+00 2.969131231352e+01 1 1 1 0.0 0.0 0.0
Se 8.001700972232e+00 6.359726078688e+00 2.969131231352e+01 1 1 1 0.0 0.0 0.0
Se 1.201651006377e+01 7.373829689267e+00 2.969131231352e+01 1 1 1 0.0 0.0 0.0
Se 9.339641339523e-01 8.387933299847e+00 2.969131231352e+01 1 1 1 0.0 0.0 0.0
Se 4.948773225488e+00 9.402036910426e+00 2.969131231352e+01 1 1 1 0.0 0.0 0.0
Se 8.963582317024e+00 1.041614052101e+01 2.969131231352e+01 1 1 1 0.0 0.0 0.0
Se 1.297839140856e+01 1.143024413159e+01 2.969131231352e+01 1 1 1 0.0 0.0 0.0
Se 1.895845478744e+00 1.244434774217e+01 2.969131231352e+01 1 1 1 0.0 0.0 0.0
Se 5.910654570280e+00 1.345845135274e+01 2.969131231352e+01 1 1 1 0.0 0.0 0.0
Se 9.925463661815e+00 1.447255496332e+01 2.969131231352e+01 1 1 1 0.0 0.0 0.0
Se 1.394027275335e+01 1.548665857390e+01 2.969131231352e+01 1 1 1 0.0 0.0 0.0
Se 2.857726823535e+00 1.650076218448e+01 2.969131231352e+01 1 1 1 0.0 0.0 0.0
Se 6.872535915071e+00 1.751486579506e+01 2.969131231352e+01 1 1 1 0.0 0.0 0.0
Se 1.088734500661e+01 1.852896940564e+01 2.969131231352e+01 1 1 1 0.0 0.0 0.0
Se 2.159101825063e+00 1.879148151367e+01 2.692457590224e+01 1 1 1 0.0 0.0 0.0
Se 5.379313284178e+00 5.376165232335e-01 2.692457590224e+01 1 1 1 0.0 0.0 0.0
Se 9.394122375713e+00 1.551720133813e+00 2.692457590224e+01 1 1 1 0.0 0.0 0.0
Se 1.340893146725e+01 2.565823744393e+00 2.692457590224e+01 1 1 1 0.0 0.0 0.0
Se 2.326385537433e+00 3.579927354972e+00 2.692457590224e+01 1 1 1 0.0 0.0 0.0
Se 6.341194628969e+00 4.594030965552e+00 2.692457590224e+01 1 1 1 0.0 0.0 0.0
Se 1.035600372050e+01 5.608134576131e+00 2.692457590224e+01 1 1 1 0.0 0.0 0.0
Se 1.437081281204e+01 6.622238186711e+00 2.692457590224e+01 1 1 1 0.0 0.0 0.0
Se 3.288266882225e+00 7.636341797290e+00 2.692457590224e+01 1 1 1 0.0 0.0 0.0
Se 7.303075973761e+00 8.650445407870e+00 2.692457590224e+01 1 1 1 0.0 0.0 0.0
Se 1.131788506530e+01 9.664549018449e+00 2.692457590224e+01 1 1 1 0.0 0.0 0.0
Se 1.533269415683e+01 1.067865262903e+01 2.692457590224e+01 1 1 1 0.0 0.0 0.0
Se 4.250148227016e+00 1.169275623961e+01 2.692457590224e+01 1 1 1 0.0 0.0 0.0
Se 8.264957318552e+00 1.270685985019e+01 2.692457590224e+01 1 1 1 0.0 0.0 0.0
Se 1.227976641009e+01 1.372096346077e+01 2.692457590224e+01 1 1 1 0.0 0.0 0.0
Se 1.197220480272e+00 1.473506707135e+01 2.692457590224e+01 1 1 1 0.0 0.0 0.0
Se 5.212029571808e+00 1.574917068193e+01 2.692457590224e+01 1 1 1 0.0 0.0 0.0
Se 9.226838663344e+00 1.676327429251e+01 2.692457590224e+01 1 1 1 0.0 0.0 0.0
Se 1.324164775488e+01 1.777737790309e+01 2.692457590224e+01 1 1 1 0.0 0.0 0.0
Se 1.408658505032e+01 1.961423779801e-01 2.330671355540e+01 1 1 1 0.0 0.0 0.0
Se 3.004039120509e+00 1.210245988560e+00 2.330671355540e+01 1 1 1 0.0 0.0 0.0
Se 7.018848212044e+00 2.224349599139e+00 2.330671355540e+01 1 1 1 0.0 0.0 0.0
Se 1.103365730358e+01 3.238453209719e+00 2.330671355540e+01 1 1 1 0.0 0.0 0.0
Se 1.504846639512e+01 4.252556820298e+00 2.330671355540e+01 1 1 1 0.0 0.0 0.0
Se 3.965920465300e+00 5.266660430878e+00 2.330671355540e+01 1 1 1 0.0 0.0 0.0
Se 7.980729556836e+00 6.280764041457e+00 2.330671355540e+01 1 1 1 0.0 0.0 0.0
Se 1.199553864837e+01 7.294867652037e+00 2.330671355540e+01 1 1 1 0.0 0.0 0.0
Se 9.129927185557e-01 8.308971262617e+00 2.330671355540e+01 1 1 1 0.0 0.0 0.0
Se 4.927801810091e+00 9.323074873196e+00 2.330671355540e+01 1 1 1 0.0 0.0 0.0
Se 8.942610901627e+00 1.033717848378e+01 2.330671355540e+01 1 1 1 0.0 0.0 0.0
Se 1.295741999316e+01 1.135128209436e+01 2.330671355540e+01 1 1 1 0.0 0.0 0.0
Se 1.874874063347e+00 1.236538570493e+01 2.330671355540e+01 1 1 1 0.0 0.0 0.0
Se 5.889683154883e+00 1.337948931551e+01 2.330671355540e+01 1 1 1 0.0 0.0 0.0
Se 9.904492246419e+00 1.439359292609e+01 2.330671355540e+01 1 1 1 0.0 0.0 0.0
Se 1.391930133795e+01 1.540769653667e+01 2.330671355540e+01 1 1 1 0.0 0.0 0.0
Se 2.836755408139e+00 1.642180014725e+01 2.330671355540e+01 1 1 1 0.0 0.0 0.0
Se 6.851564499674e+00 1.743590375783e+01 2.330671355540e+01 1 1 1 0.0 0.0 0.0
Se 1.086637359121e+01 1.845000736841e+01 2.330671355540e+01 1 1 1 0.0 0.0 0.0
Se 1.171961759176e+01 8.814132279207e-01 1.968357859229e+01 1 1 1 0.0 0.0 0.0
Se 6.370716619427e-01 1.895516838500e+00 1.968357859229e+01 1 1 1 0.0 0.0 0.0
Se 4.651880753478e+00 2.909620449080e+00 1.968357859229e+01 1 1 1 0.0 0.0 0.0
Se 8.666689845014e+00 3.923724059659e+00 1.968357859229e+01 1 1 1 0.0 0.0 0.0
Se 1.268149893655e+01 4.937827670239e+00 1.968357859229e+01 1 1 1 0.0 0.0 0.0
Se 1.598953006734e+00 5.951931280818e+00 1.968357859229e+01 1 1 1 0.0 0.0 0.0
Se 5.613762098270e+00 6.966034891398e+00 1.968357859229e+01 1 1 1 0.0 0.0 0.0
Se 9.628571189806e+00 7.980138501978e+00 1.968357859229e+01 1 1 1 0.0 0.0 0.0
Se 1.364338028134e+01 8.994242112557e+00 1.968357859229e+01 1 1 1 0.0 0.0 0.0
Se 2.560834351526e+00 1.000834572314e+01 1.968357859229e+01 1 1 1 0.0 0.0 0.0
Se 6.575643443061e+00 1.102244933372e+01 1.968357859229e+01 1 1 1 0.0 0.0 0.0
Se 1.059045253460e+01 1.203655294430e+01 1.968357859229e+01 1 1 1 0.0 0.0 0.0
Se 1.460526162613e+01 1.305065655488e+01 1.968357859229e+01 1 1 1 0.0 0.0 0.0
Se 3.522715696317e+00 1.406476016545e+01 1.968357859229e+01 1 1 1 0.0 0.0 0.0
Se 7.537524787853e+00 1.507886377603e+01 1.968357859229e+01 1 1 1 0.0 0.0 0.0
Se 1.155233387939e+01 1.609296738661e+01 1.968357859229e+01 1 1 1 0.0 0.0 0.0
Se 1.556714297092e+01 1.710707099719e+01 1.968357859229e+01 1 1 1 0.0 0.0 0.0
Se 4.484597041109e+00 1.812117460777e+01 1.968357859229e+01 1 1 1 0.0 0.0 0.0
Se 8.499406132644e+00 1.913527821835e+01 1.968357859229e+01 1 1 1 0.0 0.0 0.0
"