calculation_mode = "Quench Electrons"
cell_relax = "False"
charge_density_mixing = "0.1"
charge_mixing_type = "Broyden"
description = "Example parameters for high-throughput bulk relaxation of a vdW material"
dos_broading = "0.05"
dos_method = "Gaussian"
energy_convergence_criterion = "1e-10"
energy_output_units = "Hartrees"
kohn_sham_mucycles = "3"
kohn_sham_solver = "davidson"
kpoint_mesh = "1 1 1"
localize_projectors = "False"
max_md_steps = "100"
max_scf_steps = "200"
non_local_block_size = "4000"
potential_acceleration_constant_step = "1.5"
processor_grid = "5 9 16"
rms_convergence_criterion = "1e-08"
scalapack_block_factor = "64"
start_mode = "LCAO Start"
state_block_size = "64"
stress = "True"
subdiag_driver = "scalapack"
use_async_allreduce = "False"
vdw_corr = "DFT-D3"
vdwdf_kernel_filepath = "/lustre/orion/world-shared/cph162/rjmorelock/rmgdft/XC/vdW_kernel_table"
wavefunction_grid = "102 194 378"
write_data_period = "50"

atomic_coordinate_type = "Absolute"
crds_units = "Angstrom"
lattice_units = "Angstrom"

lattice_vector = "
1.199816113969e+01 0.000000000000e+00 7.000000000000e-16
2.999540283675e+00 2.251321008157e+01 1.400000000000e-15
0.000000000000e+00 0.000000000000e+00 4.446241589303e+01
"
atoms = "
Nb 4.883036205650e+00 1.233399366289e+00 1.532833092694e+01 1 1 1 0.0 0.0 0.0
Nb 7.882576490478e+00 2.965184757180e+00 1.532833092694e+01 1 1 1 0.0 0.0 0.0
Nb 1.088211677530e+01 4.696970148070e+00 1.532833092694e+01 1 1 1 0.0 0.0 0.0
Nb 1.088211677550e+01 1.233399366289e+00 1.532833092694e+01 1 1 1 0.0 0.0 0.0
Nb 1.883495920631e+00 2.965184757180e+00 1.532833092694e+01 1 1 1 0.0 0.0 0.0
Nb 4.883036205458e+00 4.696970148070e+00 1.532833092694e+01 1 1 1 0.0 0.0 0.0
Nb 7.882576490286e+00 6.428755538960e+00 1.532833092694e+01 1 1 1 0.0 0.0 0.0
Nb 1.088211677511e+01 8.160540929850e+00 1.532833092694e+01 1 1 1 0.0 0.0 0.0
Nb 1.883495920439e+00 6.428755538960e+00 1.532833092694e+01 1 1 1 0.0 0.0 0.0
Nb 4.883036205266e+00 8.160540929850e+00 1.532833092694e+01 1 1 1 0.0 0.0 0.0
Nb 7.882576490094e+00 9.892326320740e+00 1.532833092694e+01 1 1 1 0.0 0.0 0.0
Nb 1.088211677492e+01 1.162411171163e+01 1.532833092694e+01 1 1 1 0.0 0.0 0.0
Nb 1.883495920247e+00 9.892326320740e+00 1.532833092694e+01 1 1 1 0.0 0.0 0.0
Nb 4.883036205074e+00 1.162411171163e+01 1.532833092694e+01 1 1 1 0.0 0.0 0.0
Nb 7.882576489902e+00 1.335589710252e+01 1.532833092694e+01 1 1 1 0.0 0.0 0.0
Nb 1.088211677473e+01 1.508768249341e+01 1.532833092694e+01 1 1 1 0.0 0.0 0.0
Nb 1.883495920055e+00 1.335589710252e+01 1.532833092694e+01 1 1 1 0.0 0.0 0.0
Nb 4.883036204882e+00 1.508768249341e+01 1.532833092694e+01 1 1 1 0.0 0.0 0.0
Nb 7.882576489710e+00 1.681946788430e+01 1.532833092694e+01 1 1 1 0.0 0.0 0.0
Nb 1.088211677454e+01 1.855125327519e+01 1.532833092694e+01 1 1 1 0.0 0.0 0.0
Nb 1.388165705956e+01 1.681946788430e+01 1.532833092694e+01 1 1 1 0.0 0.0 0.0
Nb 4.883036204691e+00 1.855125327519e+01 1.532833092694e+01 1 1 1 0.0 0.0 0.0
Nb 7.882576489518e+00 2.028303866608e+01 1.532833092694e+01 1 1 1 0.0 0.0 0.0
Nb 1.088211677435e+01 2.201482405697e+01 1.532833092694e+01 1 1 1 0.0 0.0 0.0
Nb 1.388165705936e+01 2.028303866608e+01 1.532833092694e+01 1 1 1 0.0 0.0 0.0
Nb 4.883036204499e+00 2.201482405697e+01 1.532833092694e+01 1 1 1 0.0 0.0 0.0
Nb 4.879009290180e+00 1.242339867368e+00 9.182088683320e+00 1 1 1 0.0 0.0 0.0
Nb 7.878549575008e+00 2.974125258258e+00 9.182088683320e+00 1 1 1 0.0 0.0 0.0
Nb 1.087808985983e+01 4.705910649148e+00 9.182088683320e+00 1 1 1 0.0 0.0 0.0
Nb 1.087808986003e+01 1.242339867368e+00 9.182088683320e+00 1 1 1 0.0 0.0 0.0
Nb 1.879469005161e+00 2.974125258258e+00 9.182088683320e+00 1 1 1 0.0 0.0 0.0
Nb 4.879009289988e+00 4.705910649148e+00 9.182088683320e+00 1 1 1 0.0 0.0 0.0
Nb 7.878549574816e+00 6.437696040038e+00 9.182088683320e+00 1 1 1 0.0 0.0 0.0
Nb 1.087808985964e+01 8.169481430928e+00 9.182088683320e+00 1 1 1 0.0 0.0 0.0
Nb 1.879469004969e+00 6.437696040038e+00 9.182088683320e+00 1 1 1 0.0 0.0 0.0
Nb 4.879009289796e+00 8.169481430928e+00 9.182088683320e+00 1 1 1 0.0 0.0 0.0
Nb 7.878549574624e+00 9.901266821818e+00 9.182088683320e+00 1 1 1 0.0 0.0 0.0
Nb 1.087808985945e+01 1.163305221271e+01 9.182088683320e+00 1 1 1 0.0 0.0 0.0
Nb 1.879469004777e+00 9.901266821818e+00 9.182088683320e+00 1 1 1 0.0 0.0 0.0
Nb 4.879009289605e+00 1.163305221271e+01 9.182088683320e+00 1 1 1 0.0 0.0 0.0
Nb 7.878549574432e+00 1.336483760360e+01 9.182088683320e+00 1 1 1 0.0 0.0 0.0
Nb 1.087808985926e+01 1.509662299449e+01 9.182088683320e+00 1 1 1 0.0 0.0 0.0
Nb 1.879469004585e+00 1.336483760360e+01 9.182088683320e+00 1 1 1 0.0 0.0 0.0
Nb 4.879009289413e+00 1.509662299449e+01 9.182088683320e+00 1 1 1 0.0 0.0 0.0
Nb 7.878549574240e+00 1.682840838538e+01 9.182088683320e+00 1 1 1 0.0 0.0 0.0
Nb 1.087808985907e+01 1.856019377627e+01 9.182088683320e+00 1 1 1 0.0 0.0 0.0
Nb 1.387763014409e+01 1.682840838538e+01 9.182088683320e+00 1 1 1 0.0 0.0 0.0
Nb 4.879009289221e+00 1.856019377627e+01 9.182088683320e+00 1 1 1 0.0 0.0 0.0
Nb 7.878549574048e+00 2.029197916716e+01 9.182088683320e+00 1 1 1 0.0 0.0 0.0
Nb 1.087808985888e+01 2.202376455805e+01 9.182088683320e+00 1 1 1 0.0 0.0 0.0
Nb 1.387763014389e+01 2.029197916716e+01 9.182088683320e+00 1 1 1 0.0 0.0 0.0
Nb 4.879009289029e+00 2.202376455805e+01 9.182088683320e+00 1 1 1 0.0 0.0 0.0
Bi 5.660763817565e+00 2.342758080215e-01 3.532095071834e+01 1 1 1 0.0 0.0 0.0
Bi 1.661376771001e+00 2.342758080215e-01 3.532095071834e+01 1 1 1 0.0 0.0 0.0
Bi 9.660150864130e+00 2.342758080215e-01 3.532095071834e+01 1 1 1 0.0 0.0 0.0
Bi 7.493816213699e+00 3.986477488283e+00 3.532095071834e+01 1 1 1 0.0 0.0 0.0
Bi 3.494429167135e+00 3.986477488283e+00 3.532095071834e+01 1 1 1 0.0 0.0 0.0
Bi 1.149320326026e+01 3.986477488283e+00 3.532095071834e+01 1 1 1 0.0 0.0 0.0
Bi 9.326868609833e+00 7.738679168545e+00 3.532095071834e+01 1 1 1 0.0 0.0 0.0
Bi 5.327481563269e+00 7.738679168545e+00 3.532095071834e+01 1 1 1 0.0 0.0 0.0
Bi 1.328094516705e+00 7.738679168545e+00 3.532095071834e+01 1 1 1 0.0 0.0 0.0
Bi 7.160533959403e+00 1.149088084881e+01 3.532095071834e+01 1 1 1 0.0 0.0 0.0
Bi 3.161146912839e+00 1.149088084881e+01 3.532095071834e+01 1 1 1 0.0 0.0 0.0
Bi 1.115992100597e+01 1.149088084881e+01 3.532095071834e+01 1 1 1 0.0 0.0 0.0
Bi 8.993586355537e+00 1.524308252907e+01 3.532095071834e+01 1 1 1 0.0 0.0 0.0
Bi 4.994199308973e+00 1.524308252907e+01 3.532095071834e+01 1 1 1 0.0 0.0 0.0
Bi 1.299297340210e+01 1.524308252907e+01 3.532095071834e+01 1 1 1 0.0 0.0 0.0
Bi 1.082663875167e+01 1.899528420933e+01 3.532095071834e+01 1 1 1 0.0 0.0 0.0
Bi 6.827251705107e+00 1.899528420933e+01 3.532095071834e+01 1 1 1 0.0 0.0 0.0
Bi 2.827864658542e+00 1.899528420933e+01 3.532095071834e+01 1 1 1 0.0 0.0 0.0
Bi 7.597309845473e+00 1.449200802621e+00 3.133430771007e+01 1 1 1 0.0 0.0 0.0
Bi 3.597922798909e+00 1.449200802621e+00 3.133430771007e+01 1 1 1 0.0 0.0 0.0
Bi 1.159669689204e+01 1.449200802621e+00 3.133430771007e+01 1 1 1 0.0 0.0 0.0
Bi 9.430362241607e+00 5.201402482883e+00 3.133430771007e+01 1 1 1 0.0 0.0 0.0
Bi 5.430975195043e+00 5.201402482883e+00 3.133430771007e+01 1 1 1 0.0 0.0 0.0
Bi 1.431588148479e+00 5.201402482883e+00 3.133430771007e+01 1 1 1 0.0 0.0 0.0
Bi 1.126341463774e+01 8.953604163145e+00 3.133430771007e+01 1 1 1 0.0 0.0 0.0
Bi 7.264027591177e+00 8.953604163145e+00 3.133430771007e+01 1 1 1 0.0 0.0 0.0
Bi 3.264640544613e+00 8.953604163145e+00 3.133430771007e+01 1 1 1 0.0 0.0 0.0
Bi 9.097079987311e+00 1.270580584341e+01 3.133430771007e+01 1 1 1 0.0 0.0 0.0
Bi 5.097692940747e+00 1.270580584341e+01 3.133430771007e+01 1 1 1 0.0 0.0 0.0
Bi 1.309646703388e+01 1.270580584341e+01 3.133430771007e+01 1 1 1 0.0 0.0 0.0
Bi 1.093013238345e+01 1.645800752367e+01 3.133430771007e+01 1 1 1 0.0 0.0 0.0
Bi 6.930745336881e+00 1.645800752367e+01 3.133430771007e+01 1 1 1 0.0 0.0 0.0
Bi 2.931358290316e+00 1.645800752367e+01 3.133430771007e+01 1 1 1 0.0 0.0 0.0
Bi 1.276318477958e+01 2.021020920393e+01 3.133430771007e+01 1 1 1 0.0 0.0 0.0
Bi 8.763797733015e+00 2.021020920393e+01 3.133430771007e+01 1 1 1 0.0 0.0 0.0
Bi 4.764410686450e+00 2.021020920393e+01 3.133430771007e+01 1 1 1 0.0 0.0 0.0
Bi 7.645452537285e+00 1.399155601037e+00 2.529282906773e+01 1 1 1 0.0 0.0 0.0
Bi 3.646065490721e+00 1.399155601037e+00 2.529282906773e+01 1 1 1 0.0 0.0 0.0
Bi 1.164483958385e+01 1.399155601037e+00 2.529282906773e+01 1 1 1 0.0 0.0 0.0
Bi 9.478504933420e+00 5.151357281299e+00 2.529282906773e+01 1 1 1 0.0 0.0 0.0
Bi 5.479117886855e+00 5.151357281299e+00 2.529282906773e+01 1 1 1 0.0 0.0 0.0
Bi 1.479730840291e+00 5.151357281299e+00 2.529282906773e+01 1 1 1 0.0 0.0 0.0
Bi 1.131155732955e+01 8.903558961561e+00 2.529282906773e+01 1 1 1 0.0 0.0 0.0
Bi 7.312170282989e+00 8.903558961561e+00 2.529282906773e+01 1 1 1 0.0 0.0 0.0
Bi 3.312783236425e+00 8.903558961561e+00 2.529282906773e+01 1 1 1 0.0 0.0 0.0
Bi 9.145222679123e+00 1.265576064182e+01 2.529282906773e+01 1 1 1 0.0 0.0 0.0
Bi 5.145835632559e+00 1.265576064182e+01 2.529282906773e+01 1 1 1 0.0 0.0 0.0
Bi 1.314460972569e+01 1.265576064182e+01 2.529282906773e+01 1 1 1 0.0 0.0 0.0
Bi 1.097827507526e+01 1.640796232208e+01 2.529282906773e+01 1 1 1 0.0 0.0 0.0
Bi 6.978888028693e+00 1.640796232208e+01 2.529282906773e+01 1 1 1 0.0 0.0 0.0
Bi 2.979500982129e+00 1.640796232208e+01 2.529282906773e+01 1 1 1 0.0 0.0 0.0
Bi 1.281132747139e+01 2.016016400235e+01 2.529282906773e+01 1 1 1 0.0 0.0 0.0
Bi 8.811940424827e+00 2.016016400235e+01 2.529282906773e+01 1 1 1 0.0 0.0 0.0
Bi 4.812553378263e+00 2.016016400235e+01 2.529282906773e+01 1 1 1 0.0 0.0 0.0
Bi 6.740215848621e+00 2.139825832534e+01 2.132110864621e+01 1 1 1 0.0 0.0 0.0
Bi 1.473898994175e+01 2.139825832534e+01 2.132110864621e+01 1 1 1 0.0 0.0 0.0
Bi 1.073960289519e+01 2.139825832534e+01 2.132110864621e+01 1 1 1 0.0 0.0 0.0
Bi 5.573727961080e+00 2.637249924034e+00 2.132110864621e+01 1 1 1 0.0 0.0 0.0
Bi 1.574340914515e+00 2.637249924034e+00 2.132110864621e+01 1 1 1 0.0 0.0 0.0
Bi 9.573115007644e+00 2.637249924034e+00 2.132110864621e+01 1 1 1 0.0 0.0 0.0
Bi 7.406780357214e+00 6.389451604296e+00 2.132110864621e+01 1 1 1 0.0 0.0 0.0
Bi 3.407393310649e+00 6.389451604296e+00 2.132110864621e+01 1 1 1 0.0 0.0 0.0
Bi 1.140616740378e+01 6.389451604296e+00 2.132110864621e+01 1 1 1 0.0 0.0 0.0
Bi 5.240445706783e+00 1.014165328456e+01 2.132110864621e+01 1 1 1 0.0 0.0 0.0
Bi 1.323921979991e+01 1.014165328456e+01 2.132110864621e+01 1 1 1 0.0 0.0 0.0
Bi 9.239832753348e+00 1.014165328456e+01 2.132110864621e+01 1 1 1 0.0 0.0 0.0
Bi 7.073498102917e+00 1.389385496482e+01 2.132110864621e+01 1 1 1 0.0 0.0 0.0
Bi 3.074111056353e+00 1.389385496482e+01 2.132110864621e+01 1 1 1 0.0 0.0 0.0
Bi 1.107288514948e+01 1.389385496482e+01 2.132110864621e+01 1 1 1 0.0 0.0 0.0
Bi 8.906550499051e+00 1.764605664508e+01 2.132110864621e+01 1 1 1 0.0 0.0 0.0
Bi 4.907163452487e+00 1.764605664508e+01 2.132110864621e+01 1 1 1 0.0 0.0 0.0
Bi 1.290593754562e+01 1.764605664508e+01 2.132110864621e+01 1 1 1 0.0 0.0 0.0
Se 6.878145710265e+00 2.202385004584e+01 7.500000000000e+00 1 1 1 0.0 0.0 0.0
Se 6.878145711417e+00 1.242425355160e+00 7.500000000000e+00 1 1 1 0.0 0.0 0.0
Se 9.877685996245e+00 2.974210746050e+00 7.500000000000e+00 1 1 1 0.0 0.0 0.0
Se 1.287722628011e+01 2.202385004584e+01 7.500000000000e+00 1 1 1 0.0 0.0 0.0
Se 8.790651415709e-01 1.242425355160e+00 7.500000000000e+00 1 1 1 0.0 0.0 0.0
Se 3.878605426398e+00 2.974210746050e+00 7.500000000000e+00 1 1 1 0.0 0.0 0.0
Se 6.878145711225e+00 4.705996136940e+00 7.500000000000e+00 1 1 1 0.0 0.0 0.0
Se 9.877685996053e+00 6.437781527830e+00 7.500000000000e+00 1 1 1 0.0 0.0 0.0
Se 8.790651413789e-01 4.705996136940e+00 7.500000000000e+00 1 1 1 0.0 0.0 0.0
Se 3.878605426206e+00 6.437781527830e+00 7.500000000000e+00 1 1 1 0.0 0.0 0.0
Se 6.878145711033e+00 8.169566918720e+00 7.500000000000e+00 1 1 1 0.0 0.0 0.0
Se 9.877685995861e+00 9.901352309610e+00 7.500000000000e+00 1 1 1 0.0 0.0 0.0
Se 1.287722628088e+01 8.169566918720e+00 7.500000000000e+00 1 1 1 0.0 0.0 0.0
Se 3.878605426014e+00 9.901352309610e+00 7.500000000000e+00 1 1 1 0.0 0.0 0.0
Se 6.878145710841e+00 1.163313770050e+01 7.500000000000e+00 1 1 1 0.0 0.0 0.0
Se 9.877685995669e+00 1.336492309139e+01 7.500000000000e+00 1 1 1 0.0 0.0 0.0
Se 1.287722628069e+01 1.163313770050e+01 7.500000000000e+00 1 1 1 0.0 0.0 0.0
Se 3.878605425822e+00 1.336492309139e+01 7.500000000000e+00 1 1 1 0.0 0.0 0.0
Se 6.878145710649e+00 1.509670848228e+01 7.500000000000e+00 1 1 1 0.0 0.0 0.0
Se 9.877685995477e+00 1.682849387317e+01 7.500000000000e+00 1 1 1 0.0 0.0 0.0
Se 1.287722628050e+01 1.509670848228e+01 7.500000000000e+00 1 1 1 0.0 0.0 0.0
Se 3.878605425630e+00 1.682849387317e+01 7.500000000000e+00 1 1 1 0.0 0.0 0.0
Se 6.878145710457e+00 1.856027926406e+01 7.500000000000e+00 1 1 1 0.0 0.0 0.0
Se 9.877685995285e+00 2.029206465495e+01 7.500000000000e+00 1 1 1 0.0 0.0 0.0
Se 1.287722628030e+01 1.856027926406e+01 7.500000000000e+00 1 1 1 0.0 0.0 0.0
Se 3.878605425438e+00 2.029206465495e+01 7.500000000000e+00 1 1 1 0.0 0.0 0.0
Se 8.882136489878e+00 2.201478993645e+01 1.364602824434e+01 1 1 1 0.0 0.0 0.0
Se 8.882136491030e+00 1.233365245765e+00 1.364602824434e+01 1 1 1 0.0 0.0 0.0
Se 1.188167677586e+01 2.965150636655e+00 1.364602824434e+01 1 1 1 0.0 0.0 0.0
Se 1.488121705972e+01 2.201478993645e+01 1.364602824434e+01 1 1 1 0.0 0.0 0.0
Se 2.883055921184e+00 1.233365245765e+00 1.364602824434e+01 1 1 1 0.0 0.0 0.0
Se 5.882596206011e+00 2.965150636655e+00 1.364602824434e+01 1 1 1 0.0 0.0 0.0
Se 8.882136490838e+00 4.696936027545e+00 1.364602824434e+01 1 1 1 0.0 0.0 0.0
Se 1.188167677567e+01 6.428721418435e+00 1.364602824434e+01 1 1 1 0.0 0.0 0.0
Se 2.883055920992e+00 4.696936027545e+00 1.364602824434e+01 1 1 1 0.0 0.0 0.0
Se 5.882596205819e+00 6.428721418435e+00 1.364602824434e+01 1 1 1 0.0 0.0 0.0
Se 8.882136490646e+00 8.160506809326e+00 1.364602824434e+01 1 1 1 0.0 0.0 0.0
Se 1.188167677547e+01 9.892292200216e+00 1.364602824434e+01 1 1 1 0.0 0.0 0.0
Se 2.883055920800e+00 8.160506809326e+00 1.364602824434e+01 1 1 1 0.0 0.0 0.0
Se 5.882596205627e+00 9.892292200216e+00 1.364602824434e+01 1 1 1 0.0 0.0 0.0
Se 8.882136490454e+00 1.162407759111e+01 1.364602824434e+01 1 1 1 0.0 0.0 0.0
Se 1.188167677528e+01 1.335586298200e+01 1.364602824434e+01 1 1 1 0.0 0.0 0.0
Se 2.883055920608e+00 1.162407759111e+01 1.364602824434e+01 1 1 1 0.0 0.0 0.0
Se 5.882596205435e+00 1.335586298200e+01 1.364602824434e+01 1 1 1 0.0 0.0 0.0
Se 8.882136490262e+00 1.508764837289e+01 1.364602824434e+01 1 1 1 0.0 0.0 0.0
Se 1.188167677509e+01 1.681943376378e+01 1.364602824434e+01 1 1 1 0.0 0.0 0.0
Se 2.883055920416e+00 1.508764837289e+01 1.364602824434e+01 1 1 1 0.0 0.0 0.0
Se 5.882596205243e+00 1.681943376378e+01 1.364602824434e+01 1 1 1 0.0 0.0 0.0
Se 8.882136490070e+00 1.855121915467e+01 1.364602824434e+01 1 1 1 0.0 0.0 0.0
Se 1.188167677490e+01 2.028300454556e+01 1.364602824434e+01 1 1 1 0.0 0.0 0.0
Se 2.883055920224e+00 1.855121915467e+01 1.364602824434e+01 1 1 1 0.0 0.0 0.0
Se 5.882596205051e+00 2.028300454556e+01 1.364602824434e+01 1 1 1 0.0 0.0 0.0
Se 6.878927573914e+00 2.202311053070e+01 1.086443756309e+01 1 1 1 0.0 0.0 0.0
Se 6.878927575066e+00 1.241685840020e+00 1.086443756309e+01 1 1 1 0.0 0.0 0.0
Se 9.878467859893e+00 2.973471230910e+00 1.086443756309e+01 1 1 1 0.0 0.0 0.0
Se 1.287800814376e+01 2.202311053070e+01 1.086443756309e+01 1 1 1 0.0 0.0 0.0
Se 8.798470052195e-01 1.241685840020e+00 1.086443756309e+01 1 1 1 0.0 0.0 0.0
Se 3.879387290047e+00 2.973471230910e+00 1.086443756309e+01 1 1 1 0.0 0.0 0.0
Se 6.878927574874e+00 4.705256621800e+00 1.086443756309e+01 1 1 1 0.0 0.0 0.0
Se 9.878467859701e+00 6.437042012691e+00 1.086443756309e+01 1 1 1 0.0 0.0 0.0
Se 8.798470050275e-01 4.705256621800e+00 1.086443756309e+01 1 1 1 0.0 0.0 0.0
Se 3.879387289855e+00 6.437042012691e+00 1.086443756309e+01 1 1 1 0.0 0.0 0.0
Se 6.878927574682e+00 8.168827403581e+00 1.086443756309e+01 1 1 1 0.0 0.0 0.0
Se 9.878467859509e+00 9.900612794471e+00 1.086443756309e+01 1 1 1 0.0 0.0 0.0
Se 1.287800814453e+01 8.168827403581e+00 1.086443756309e+01 1 1 1 0.0 0.0 0.0
Se 3.879387289663e+00 9.900612794471e+00 1.086443756309e+01 1 1 1 0.0 0.0 0.0
Se 6.878927574490e+00 1.163239818536e+01 1.086443756309e+01 1 1 1 0.0 0.0 0.0
Se 9.878467859317e+00 1.336418357625e+01 1.086443756309e+01 1 1 1 0.0 0.0 0.0
Se 1.287800814434e+01 1.163239818536e+01 1.086443756309e+01 1 1 1 0.0 0.0 0.0
Se 3.879387289471e+00 1.336418357625e+01 1.086443756309e+01 1 1 1 0.0 0.0 0.0
Se 6.878927574298e+00 1.509596896714e+01 1.086443756309e+01 1 1 1 0.0 0.0 0.0
Se 9.878467859125e+00 1.682775435803e+01 1.086443756309e+01 1 1 1 0.0 0.0 0.0
Se 1.287800814414e+01 1.509596896714e+01 1.086443756309e+01 1 1 1 0.0 0.0 0.0
Se 3.879387289279e+00 1.682775435803e+01 1.086443756309e+01 1 1 1 0.0 0.0 0.0
Se 6.878927574106e+00 1.855953974892e+01 1.086443756309e+01 1 1 1 0.0 0.0 0.0
Se 9.878467858933e+00 2.029132513981e+01 1.086443756309e+01 1 1 1 0.0 0.0 0.0
Se 1.287800814395e+01 1.855953974892e+01 1.086443756309e+01 1 1 1 0.0 0.0 0.0
Se 3.879387289087e+00 2.029132513981e+01 1.086443756309e+01 1 1 1 0.0 0.0 0.0
Se 8.883017169879e+00 2.201420369006e+01 1.701046802998e+01 1 1 1 0.0 0.0 0.0
Se 8.883017171031e+00 1.232778999378e+00 1.701046802998e+01 1 1 1 0.0 0.0 0.0
Se 1.188255745586e+01 2.964564390268e+00 1.701046802998e+01 1 1 1 0.0 0.0 0.0
Se 1.488209773973e+01 2.201420369006e+01 1.701046802998e+01 1 1 1 0.0 0.0 0.0
Se 2.883936601185e+00 1.232778999378e+00 1.701046802998e+01 1 1 1 0.0 0.0 0.0
Se 5.883476886012e+00 2.964564390268e+00 1.701046802998e+01 1 1 1 0.0 0.0 0.0
Se 8.883017170839e+00 4.696349781158e+00 1.701046802998e+01 1 1 1 0.0 0.0 0.0
Se 1.188255745567e+01 6.428135172048e+00 1.701046802998e+01 1 1 1 0.0 0.0 0.0
Se 2.883936600993e+00 4.696349781158e+00 1.701046802998e+01 1 1 1 0.0 0.0 0.0
Se 5.883476885820e+00 6.428135172048e+00 1.701046802998e+01 1 1 1 0.0 0.0 0.0
Se 8.883017170647e+00 8.159920562938e+00 1.701046802998e+01 1 1 1 0.0 0.0 0.0
Se 1.188255745547e+01 9.891705953828e+00 1.701046802998e+01 1 1 1 0.0 0.0 0.0
Se 2.883936600801e+00 8.159920562938e+00 1.701046802998e+01 1 1 1 0.0 0.0 0.0
Se 5.883476885628e+00 9.891705953828e+00 1.701046802998e+01 1 1 1 0.0 0.0 0.0
Se 8.883017170455e+00 1.162349134472e+01 1.701046802998e+01 1 1 1 0.0 0.0 0.0
Se 1.188255745528e+01 1.335527673561e+01 1.701046802998e+01 1 1 1 0.0 0.0 0.0
Se 2.883936600609e+00 1.162349134472e+01 1.701046802998e+01 1 1 1 0.0 0.0 0.0
Se 5.883476885436e+00 1.335527673561e+01 1.701046802998e+01 1 1 1 0.0 0.0 0.0
Se 8.883017170263e+00 1.508706212650e+01 1.701046802998e+01 1 1 1 0.0 0.0 0.0
Se 1.188255745509e+01 1.681884751739e+01 1.701046802998e+01 1 1 1 0.0 0.0 0.0
Se 2.883936600417e+00 1.508706212650e+01 1.701046802998e+01 1 1 1 0.0 0.0 0.0
Se 5.883476885244e+00 1.681884751739e+01 1.701046802998e+01 1 1 1 0.0 0.0 0.0
Se 8.883017170071e+00 1.855063290828e+01 1.701046802998e+01 1 1 1 0.0 0.0 0.0
Se 1.188255745490e+01 2.028241829917e+01 1.701046802998e+01 1 1 1 0.0 0.0 0.0
Se 2.883936600225e+00 1.855063290828e+01 1.701046802998e+01 1 1 1 0.0 0.0 0.0
Se 5.883476885052e+00 2.028241829917e+01 1.701046802998e+01 1 1 1 0.0 0.0 0.0
Se 7.614916676386e+00 1.490846215680e+00 3.696241589303e+01 1 1 1 0.0 0.0 0.0
Se 3.615529629821e+00 1.490846215680e+00 3.696241589303e+01 1 1 1 0.0 0.0 0.0
Se 1.161430372295e+01 1.490846215680e+00 3.696241589303e+01 1 1 1 0.0 0.0 0.0
Se 9.447969072520e+00 5.243047895942e+00 3.696241589303e+01 1 1 1 0.0 0.0 0.0
Se 5.448582025955e+00 5.243047895942e+00 3.696241589303e+01 1 1 1 0.0 0.0 0.0
Se 1.449194979391e+00 5.243047895942e+00 3.696241589303e+01 1 1 1 0.0 0.0 0.0
Se 1.128102146865e+01 8.995249576204e+00 3.696241589303e+01 1 1 1 0.0 0.0 0.0
Se 7.281634422089e+00 8.995249576204e+00 3.696241589303e+01 1 1 1 0.0 0.0 0.0
Se 3.282247375525e+00 8.995249576204e+00 3.696241589303e+01 1 1 1 0.0 0.0 0.0
Se 9.114686818223e+00 1.274745125647e+01 3.696241589303e+01 1 1 1 0.0 0.0 0.0
Se 5.115299771659e+00 1.274745125647e+01 3.696241589303e+01 1 1 1 0.0 0.0 0.0
Se 1.311407386479e+01 1.274745125647e+01 3.696241589303e+01 1 1 1 0.0 0.0 0.0
Se 1.094773921436e+01 1.649965293673e+01 3.696241589303e+01 1 1 1 0.0 0.0 0.0
Se 6.948352167793e+00 1.649965293673e+01 3.696241589303e+01 1 1 1 0.0 0.0 0.0
Se 2.948965121229e+00 1.649965293673e+01 3.696241589303e+01 1 1 1 0.0 0.0 0.0
Se 1.278079161049e+01 2.025185461699e+01 3.696241589303e+01 1 1 1 0.0 0.0 0.0
Se 8.781404563927e+00 2.025185461699e+01 3.696241589303e+01 1 1 1 0.0 0.0 0.0
Se 4.782017517363e+00 2.025185461699e+01 3.696241589303e+01 1 1 1 0.0 0.0 0.0
Se 6.699443900954e+00 2.147807713238e+01 3.332483142763e+01 1 1 1 0.0 0.0 0.0
Se 1.469821799408e+01 2.147807713238e+01 3.332483142763e+01 1 1 1 0.0 0.0 0.0
Se 1.069883094752e+01 2.147807713238e+01 3.332483142763e+01 1 1 1 0.0 0.0 0.0
Se 5.532956013413e+00 2.717068731066e+00 3.332483142763e+01 1 1 1 0.0 0.0 0.0
Se 1.533568966849e+00 2.717068731066e+00 3.332483142763e+01 1 1 1 0.0 0.0 0.0
Se 9.532343059977e+00 2.717068731066e+00 3.332483142763e+01 1 1 1 0.0 0.0 0.0
Se 7.366008409547e+00 6.469270411327e+00 3.332483142763e+01 1 1 1 0.0 0.0 0.0
Se 3.366621362983e+00 6.469270411327e+00 3.332483142763e+01 1 1 1 0.0 0.0 0.0
Se 1.136539545611e+01 6.469270411327e+00 3.332483142763e+01 1 1 1 0.0 0.0 0.0
Se 5.199673759117e+00 1.022147209159e+01 3.332483142763e+01 1 1 1 0.0 0.0 0.0
Se 1.319844785225e+01 1.022147209159e+01 3.332483142763e+01 1 1 1 0.0 0.0 0.0
Se 9.199060805681e+00 1.022147209159e+01 3.332483142763e+01 1 1 1 0.0 0.0 0.0
Se 7.032726155251e+00 1.397367377185e+01 3.332483142763e+01 1 1 1 0.0 0.0 0.0
Se 3.033339108686e+00 1.397367377185e+01 3.332483142763e+01 1 1 1 0.0 0.0 0.0
Se 1.103211320181e+01 1.397367377185e+01 3.332483142763e+01 1 1 1 0.0 0.0 0.0
Se 8.865778551385e+00 1.772587545211e+01 3.332483142763e+01 1 1 1 0.0 0.0 0.0
Se 4.866391504820e+00 1.772587545211e+01 3.332483142763e+01 1 1 1 0.0 0.0 0.0
Se 1.286516559795e+01 1.772587545211e+01 3.332483142763e+01 1 1 1 0.0 0.0 0.0
Se 5.656350893606e+00 2.126128483330e-01 2.969131231352e+01 1 1 1 0.0 0.0 0.0
Se 1.656963847042e+00 2.126128483330e-01 2.969131231352e+01 1 1 1 0.0 0.0 0.0
Se 9.655737940170e+00 2.126128483330e-01 2.969131231352e+01 1 1 1 0.0 0.0 0.0
Se 7.489403289740e+00 3.964814528595e+00 2.969131231352e+01 1 1 1 0.0 0.0 0.0
Se 3.490016243176e+00 3.964814528595e+00 2.969131231352e+01 1 1 1 0.0 0.0 0.0
Se 1.148879033630e+01 3.964814528595e+00 2.969131231352e+01 1 1 1 0.0 0.0 0.0
Se 9.322455685874e+00 7.717016208857e+00 2.969131231352e+01 1 1 1 0.0 0.0 0.0
Se 5.323068639310e+00 7.717016208857e+00 2.969131231352e+01 1 1 1 0.0 0.0 0.0
Se 1.323681592745e+00 7.717016208857e+00 2.969131231352e+01 1 1 1 0.0 0.0 0.0
Se 7.156121035444e+00 1.146921788912e+01 2.969131231352e+01 1 1 1 0.0 0.0 0.0
Se 3.156733988879e+00 1.146921788912e+01 2.969131231352e+01 1 1 1 0.0 0.0 0.0
Se 1.115550808201e+01 1.146921788912e+01 2.969131231352e+01 1 1 1 0.0 0.0 0.0
Se 8.989173431578e+00 1.522141956938e+01 2.969131231352e+01 1 1 1 0.0 0.0 0.0
Se 4.989786385013e+00 1.522141956938e+01 2.969131231352e+01 1 1 1 0.0 0.0 0.0
Se 1.298856047814e+01 1.522141956938e+01 2.969131231352e+01 1 1 1 0.0 0.0 0.0
Se 1.082222582771e+01 1.897362124964e+01 2.969131231352e+01 1 1 1 0.0 0.0 0.0
Se 6.822838781147e+00 1.897362124964e+01 2.969131231352e+01 1 1 1 0.0 0.0 0.0
Se 2.823451734583e+00 1.897362124964e+01 2.969131231352e+01 1 1 1 0.0 0.0 0.0
Se 6.737145671143e+00 2.140117964731e+01 2.692457590224e+01 1 1 1 0.0 0.0 0.0
Se 1.473591976427e+01 2.140117964731e+01 2.692457590224e+01 1 1 1 0.0 0.0 0.0
Se 1.073653271771e+01 2.140117964731e+01 2.692457590224e+01 1 1 1 0.0 0.0 0.0
Se 5.570657783601e+00 2.640171245997e+00 2.692457590224e+01 1 1 1 0.0 0.0 0.0
Se 1.571270737037e+00 2.640171245997e+00 2.692457590224e+01 1 1 1 0.0 0.0 0.0
Se 9.570044830166e+00 2.640171245997e+00 2.692457590224e+01 1 1 1 0.0 0.0 0.0
Se 7.403710179735e+00 6.392372926259e+00 2.692457590224e+01 1 1 1 0.0 0.0 0.0
Se 3.404323133171e+00 6.392372926259e+00 2.692457590224e+01 1 1 1 0.0 0.0 0.0
Se 1.140309722630e+01 6.392372926259e+00 2.692457590224e+01 1 1 1 0.0 0.0 0.0
Se 5.237375529305e+00 1.014457460652e+01 2.692457590224e+01 1 1 1 0.0 0.0 0.0
Se 1.323614962243e+01 1.014457460652e+01 2.692457590224e+01 1 1 1 0.0 0.0 0.0
Se 9.236762575869e+00 1.014457460652e+01 2.692457590224e+01 1 1 1 0.0 0.0 0.0
Se 7.070427925439e+00 1.389677628678e+01 2.692457590224e+01 1 1 1 0.0 0.0 0.0
Se 3.071040878875e+00 1.389677628678e+01 2.692457590224e+01 1 1 1 0.0 0.0 0.0
Se 1.106981497200e+01 1.389677628678e+01 2.692457590224e+01 1 1 1 0.0 0.0 0.0
Se 8.903480321573e+00 1.764897796705e+01 2.692457590224e+01 1 1 1 0.0 0.0 0.0
Se 4.904093275009e+00 1.764897796705e+01 2.692457590224e+01 1 1 1 0.0 0.0 0.0
Se 1.290286736814e+01 1.764897796705e+01 2.692457590224e+01 1 1 1 0.0 0.0 0.0
Se 5.700579675786e+00 1.401311776001e-01 2.330671355540e+01 1 1 1 0.0 0.0 0.0
Se 1.701192629222e+00 1.401311776001e-01 2.330671355540e+01 1 1 1 0.0 0.0 0.0
Se 9.699966722351e+00 1.401311776001e-01 2.330671355540e+01 1 1 1 0.0 0.0 0.0
Se 7.533632071920e+00 3.892332857862e+00 2.330671355540e+01 1 1 1 0.0 0.0 0.0
Se 3.534245025356e+00 3.892332857862e+00 2.330671355540e+01 1 1 1 0.0 0.0 0.0
Se 1.153301911848e+01 3.892332857862e+00 2.330671355540e+01 1 1 1 0.0 0.0 0.0
Se 9.366684468054e+00 7.644534538124e+00 2.330671355540e+01 1 1 1 0.0 0.0 0.0
Se 5.367297421490e+00 7.644534538124e+00 2.330671355540e+01 1 1 1 0.0 0.0 0.0
Se 1.367910374926e+00 7.644534538124e+00 2.330671355540e+01 1 1 1 0.0 0.0 0.0
Se 7.200349817624e+00 1.139673621839e+01 2.330671355540e+01 1 1 1 0.0 0.0 0.0
Se 3.200962771060e+00 1.139673621839e+01 2.330671355540e+01 1 1 1 0.0 0.0 0.0
Se 1.119973686419e+01 1.139673621839e+01 2.330671355540e+01 1 1 1 0.0 0.0 0.0
Se 9.033402213758e+00 1.514893789865e+01 2.330671355540e+01 1 1 1 0.0 0.0 0.0
Se 5.034015167194e+00 1.514893789865e+01 2.330671355540e+01 1 1 1 0.0 0.0 0.0
Se 1.303278926032e+01 1.514893789865e+01 2.330671355540e+01 1 1 1 0.0 0.0 0.0
Se 1.086645460989e+01 1.890113957891e+01 2.330671355540e+01 1 1 1 0.0 0.0 0.0
Se 6.867067563328e+00 1.890113957891e+01 2.330671355540e+01 1 1 1 0.0 0.0 0.0
Se 2.867680516763e+00 1.890113957891e+01 2.330671355540e+01 1 1 1 0.0 0.0 0.0
Se 7.651938956898e+00 1.402666635983e+00 1.968357859229e+01 1 1 1 0.0 0.0 0.0
Se 3.652551910334e+00 1.402666635983e+00 1.968357859229e+01 1 1 1 0.0 0.0 0.0
Se 1.165132600346e+01 1.402666635983e+00 1.968357859229e+01 1 1 1 0.0 0.0 0.0
Se 9.484991353032e+00 5.154868316245e+00 1.968357859229e+01 1 1 1 0.0 0.0 0.0
Se 5.485604306468e+00 5.154868316245e+00 1.968357859229e+01 1 1 1 0.0 0.0 0.0
Se 1.486217259904e+00 5.154868316245e+00 1.968357859229e+01 1 1 1 0.0 0.0 0.0
Se 1.131804374917e+01 8.907069996507e+00 1.968357859229e+01 1 1 1 0.0 0.0 0.0
Se 7.318656702602e+00 8.907069996507e+00 1.968357859229e+01 1 1 1 0.0 0.0 0.0
Se 3.319269656038e+00 8.907069996507e+00 1.968357859229e+01 1 1 1 0.0 0.0 0.0
Se 9.151709098736e+00 1.265927167677e+01 1.968357859229e+01 1 1 1 0.0 0.0 0.0
Se 5.152322052172e+00 1.265927167677e+01 1.968357859229e+01 1 1 1 0.0 0.0 0.0
Se 1.315109614530e+01 1.265927167677e+01 1.968357859229e+01 1 1 1 0.0 0.0 0.0
Se 1.098476149487e+01 1.641147335703e+01 1.968357859229e+01 1 1 1 0.0 0.0 0.0
Se 6.985374448306e+00 1.641147335703e+01 1.968357859229e+01 1 1 1 0.0 0.0 0.0
Se 2.985987401741e+00 1.641147335703e+01 1.968357859229e+01 1 1 1 0.0 0.0 0.0
Se 1.281781389100e+01 2.016367503729e+01 1.968357859229e+01 1 1 1 0.0 0.0 0.0
Se 8.818426844440e+00 2.016367503729e+01 1.968357859229e+01 1 1 1 0.0 0.0 0.0
Se 4.819039797875e+00 2.016367503729e+01 1.968357859229e+01 1 1 1 0.0 0.0 0.0
"