calculation_mode = "Quench Electrons"
cell_relax = "False"
charge_density_mixing = "0.15"
charge_mixing_type = "Broyden"
description = "Example parameters for high-throughput bulk relaxation of a vdW material"
dipole_moment = "True"
dos_broading = "0.05"
dos_method = "Gaussian"
energy_convergence_criterion = "1e-08"
energy_output_units = "Hartrees"
kohn_sham_mucycles = "3"
kohn_sham_solver = "davidson"
kpoint_distribution = "1"
kpoint_mesh = "1 1 1"
localize_projectors = "False"
max_md_steps = "100"
max_scf_steps = "200"
non_local_block_size = "4000"
output_wave_function_file = "/dev/null"
potential_acceleration_constant_step = "1.5"
processor_grid = "8 10 15"
rms_convergence_criterion = "1e-08"
scalapack_block_factor = "64"
start_mode = "LCAO Start"
state_block_size = "64"
stress = "True"
subdiag_driver = "scalapack"
test_energy_tolerance = "1e-05"
use_async_allreduce = "False"
vdw_corr = "DFT-D3"
vdwdf_kernel_filepath = "/lustre/orion/world-shared/cph162/rjmorelock/rmgdft/XC/vdW_kernel_table"
wavefunction_grid = "234 282 426"
write_data_period = "50"

atomic_coordinate_type = "Absolute"
crds_units = "Angstrom"
lattice_units = "Angstrom"

lattice_vector = "
2.749124081020e+01 0.000000000000e+00 1.700000000000e-15
1.243651369913e+01 3.061043090307e+01 2.000000000000e-15
0.000000000000e+00 0.000000000000e+00 4.998930533072e+01
"
atoms = "
Nb 1.165962020230e+01 2.297207980797e+01 1.782833092694e+01 1 1 1 0.0 0.0 0.0
Nb 1.427783361274e+01 2.523951913413e+01 1.782833092694e+01 1 1 1 0.0 0.0 0.0
Nb 1.689604702318e+01 2.750695846028e+01 1.782833092694e+01 1 1 1 0.0 0.0 0.0
Nb 9.695960144561e+00 1.730348149259e+01 1.782833092694e+01 1 1 1 0.0 0.0 0.0
Nb 1.231417355500e+01 1.957092081874e+01 1.782833092694e+01 1 1 1 0.0 0.0 0.0
Nb 1.493238696544e+01 2.183836014490e+01 1.782833092694e+01 1 1 1 0.0 0.0 0.0
Nb 1.755060037589e+01 2.410579947105e+01 1.782833092694e+01 1 1 1 0.0 0.0 0.0
Nb 2.016881378633e+01 2.637323879720e+01 1.782833092694e+01 1 1 1 0.0 0.0 0.0
Nb 7.732300086824e+00 1.163488317721e+01 1.782833092694e+01 1 1 1 0.0 0.0 0.0
Nb 1.035051349727e+01 1.390232250336e+01 1.782833092694e+01 1 1 1 0.0 0.0 0.0
Nb 1.296872690771e+01 1.616976182952e+01 1.782833092694e+01 1 1 1 0.0 0.0 0.0
Nb 1.558694031815e+01 1.843720115567e+01 1.782833092694e+01 1 1 1 0.0 0.0 0.0
Nb 1.820515372859e+01 2.070464048182e+01 1.782833092694e+01 1 1 1 0.0 0.0 0.0
Nb 2.082336713903e+01 2.297207980797e+01 1.782833092694e+01 1 1 1 0.0 0.0 0.0
Nb 2.344158054947e+01 2.523951913413e+01 1.782833092694e+01 1 1 1 0.0 0.0 0.0
Nb 2.605979395992e+01 2.750695846028e+01 1.782833092694e+01 1 1 1 0.0 0.0 0.0
Nb 5.768640029087e+00 5.966284861826e+00 1.782833092694e+01 1 1 1 0.0 0.0 0.0
Nb 8.386853439529e+00 8.233724187979e+00 1.782833092694e+01 1 1 1 0.0 0.0 0.0
Nb 1.100506684997e+01 1.050116351413e+01 1.782833092694e+01 1 1 1 0.0 0.0 0.0
Nb 1.362328026041e+01 1.276860284029e+01 1.782833092694e+01 1 1 1 0.0 0.0 0.0
Nb 1.624149367085e+01 1.503604216644e+01 1.782833092694e+01 1 1 1 0.0 0.0 0.0
Nb 1.885970708130e+01 1.730348149259e+01 1.782833092694e+01 1 1 1 0.0 0.0 0.0
Nb 2.147792049174e+01 1.957092081874e+01 1.782833092694e+01 1 1 1 0.0 0.0 0.0
Nb 2.409613390218e+01 2.183836014490e+01 1.782833092694e+01 1 1 1 0.0 0.0 0.0
Nb 2.671434731262e+01 2.410579947105e+01 1.782833092694e+01 1 1 1 0.0 0.0 0.0
Nb 2.933256072306e+01 2.637323879720e+01 1.782833092694e+01 1 1 1 0.0 0.0 0.0
Nb 1.362328026004e+01 2.864067812336e+01 1.782833092694e+01 1 1 1 0.0 0.0 0.0
Nb 3.804979971350e+00 2.976865464439e-01 1.782833092694e+01 1 1 1 0.0 0.0 0.0
Nb 6.423193381792e+00 2.565125872597e+00 1.782833092694e+01 1 1 1 0.0 0.0 0.0
Nb 9.041406792233e+00 4.832565198750e+00 1.782833092694e+01 1 1 1 0.0 0.0 0.0
Nb 1.165962020268e+01 7.100004524903e+00 1.782833092694e+01 1 1 1 0.0 0.0 0.0
Nb 1.427783361312e+01 9.367443851056e+00 1.782833092694e+01 1 1 1 0.0 0.0 0.0
Nb 1.689604702356e+01 1.163488317721e+01 1.782833092694e+01 1 1 1 0.0 0.0 0.0
Nb 1.951426043400e+01 1.390232250336e+01 1.782833092694e+01 1 1 1 0.0 0.0 0.0
Nb 2.213247384444e+01 1.616976182952e+01 1.782833092694e+01 1 1 1 0.0 0.0 0.0
Nb 2.475068725488e+01 1.843720115567e+01 1.782833092694e+01 1 1 1 0.0 0.0 0.0
Nb 2.736890066533e+01 2.070464048182e+01 1.782833092694e+01 1 1 1 0.0 0.0 0.0
Nb 2.998711407577e+01 2.297207980797e+01 1.782833092694e+01 1 1 1 0.0 0.0 0.0
Nb 3.260532748621e+01 2.523951913413e+01 1.782833092694e+01 1 1 1 0.0 0.0 0.0
Nb 3.522354089665e+01 2.750695846028e+01 1.782833092694e+01 1 1 1 0.0 0.0 0.0
Nb 1.951426043362e+01 2.977439778643e+01 1.782833092694e+01 1 1 1 0.0 0.0 0.0
Nb 9.695960144938e+00 1.431406209520e+00 1.782833092694e+01 1 1 1 0.0 0.0 0.0
Nb 1.231417355538e+01 3.698845535673e+00 1.782833092694e+01 1 1 1 0.0 0.0 0.0
Nb 1.493238696582e+01 5.966284861826e+00 1.782833092694e+01 1 1 1 0.0 0.0 0.0
Nb 1.755060037626e+01 8.233724187979e+00 1.782833092694e+01 1 1 1 0.0 0.0 0.0
Nb 2.016881378671e+01 1.050116351413e+01 1.782833092694e+01 1 1 1 0.0 0.0 0.0
Nb 2.278702719715e+01 1.276860284029e+01 1.782833092694e+01 1 1 1 0.0 0.0 0.0
Nb 2.540524060759e+01 1.503604216644e+01 1.782833092694e+01 1 1 1 0.0 0.0 0.0
Nb 2.802345401803e+01 1.730348149259e+01 1.782833092694e+01 1 1 1 0.0 0.0 0.0
Nb 3.064166742847e+01 1.957092081874e+01 1.782833092694e+01 1 1 1 0.0 0.0 0.0
Nb 3.325988083891e+01 2.183836014490e+01 1.782833092694e+01 1 1 1 0.0 0.0 0.0
Nb 3.587809424936e+01 2.410579947105e+01 1.782833092694e+01 1 1 1 0.0 0.0 0.0
Nb 1.100506684959e+01 2.637323879720e+01 1.782833092694e+01 1 1 1 0.0 0.0 0.0
Nb 2.278702719677e+01 2.864067812336e+01 1.782833092694e+01 1 1 1 0.0 0.0 0.0
Nb 1.296872690808e+01 2.976865464439e-01 1.782833092694e+01 1 1 1 0.0 0.0 0.0
Nb 1.558694031853e+01 2.565125872597e+00 1.782833092694e+01 1 1 1 0.0 0.0 0.0
Nb 1.820515372897e+01 4.832565198750e+00 1.782833092694e+01 1 1 1 0.0 0.0 0.0
Nb 2.082336713941e+01 7.100004524903e+00 1.782833092694e+01 1 1 1 0.0 0.0 0.0
Nb 2.344158054985e+01 9.367443851056e+00 1.782833092694e+01 1 1 1 0.0 0.0 0.0
Nb 2.605979396029e+01 1.163488317721e+01 1.782833092694e+01 1 1 1 0.0 0.0 0.0
Nb 2.867800737073e+01 1.390232250336e+01 1.782833092694e+01 1 1 1 0.0 0.0 0.0
Nb 3.129622078118e+01 1.616976182952e+01 1.782833092694e+01 1 1 1 0.0 0.0 0.0
Nb 3.391443419162e+01 1.843720115567e+01 1.782833092694e+01 1 1 1 0.0 0.0 0.0
Nb 9.041406791856e+00 2.070464048182e+01 1.782833092694e+01 1 1 1 0.0 0.0 0.0
Nb 2.867800737036e+01 2.977439778643e+01 1.782833092694e+01 1 1 1 0.0 0.0 0.0
Nb 1.885970708167e+01 1.431406209520e+00 1.782833092694e+01 1 1 1 0.0 0.0 0.0
Nb 2.147792049211e+01 3.698845535673e+00 1.782833092694e+01 1 1 1 0.0 0.0 0.0
Nb 2.409613390256e+01 5.966284861826e+00 1.782833092694e+01 1 1 1 0.0 0.0 0.0
Nb 2.671434731300e+01 8.233724187979e+00 1.782833092694e+01 1 1 1 0.0 0.0 0.0
Nb 2.933256072344e+01 1.050116351413e+01 1.782833092694e+01 1 1 1 0.0 0.0 0.0
Nb 3.195077413388e+01 1.276860284029e+01 1.782833092694e+01 1 1 1 0.0 0.0 0.0
Nb 7.077746734119e+00 1.503604216644e+01 1.782833092694e+01 1 1 1 0.0 0.0 0.0
Nb 3.195077413350e+01 2.864067812336e+01 1.782833092694e+01 1 1 1 0.0 0.0 0.0
Nb 2.213247384482e+01 2.976865464439e-01 1.782833092694e+01 1 1 1 0.0 0.0 0.0
Nb 2.475068725526e+01 2.565125872597e+00 1.782833092694e+01 1 1 1 0.0 0.0 0.0
Nb 2.736890066570e+01 4.832565198750e+00 1.782833092694e+01 1 1 1 0.0 0.0 0.0
Nb 2.998711407614e+01 7.100004524903e+00 1.782833092694e+01 1 1 1 0.0 0.0 0.0
Nb 5.114086676382e+00 9.367443851056e+00 1.782833092694e+01 1 1 1 0.0 0.0 0.0
Nb 3.784175430709e+01 2.977439778643e+01 1.782833092694e+01 1 1 1 0.0 0.0 0.0
Nb 2.802345401841e+01 1.431406209520e+00 1.782833092694e+01 1 1 1 0.0 0.0 0.0
Nb 3.150426618645e+00 3.698845535673e+00 1.782833092694e+01 1 1 1 0.0 0.0 0.0
Nb 1.166675006425e+01 2.296534826459e+01 1.168208868332e+01 1 1 1 0.0 0.0 0.0
Nb 1.428496347469e+01 2.523278759074e+01 1.168208868332e+01 1 1 1 0.0 0.0 0.0
Nb 1.690317688513e+01 2.750022691690e+01 1.168208868332e+01 1 1 1 0.0 0.0 0.0
Nb 9.703090006511e+00 1.729674994921e+01 1.168208868332e+01 1 1 1 0.0 0.0 0.0
Nb 1.232130341695e+01 1.956418927536e+01 1.168208868332e+01 1 1 1 0.0 0.0 0.0
Nb 1.493951682739e+01 2.183162860151e+01 1.168208868332e+01 1 1 1 0.0 0.0 0.0
Nb 1.755773023784e+01 2.409906792767e+01 1.168208868332e+01 1 1 1 0.0 0.0 0.0
Nb 2.017594364828e+01 2.636650725382e+01 1.168208868332e+01 1 1 1 0.0 0.0 0.0
Nb 7.739429948774e+00 1.162815163383e+01 1.168208868332e+01 1 1 1 0.0 0.0 0.0
Nb 1.035764335922e+01 1.389559095998e+01 1.168208868332e+01 1 1 1 0.0 0.0 0.0
Nb 1.297585676966e+01 1.616303028613e+01 1.168208868332e+01 1 1 1 0.0 0.0 0.0
Nb 1.559407018010e+01 1.843046961229e+01 1.168208868332e+01 1 1 1 0.0 0.0 0.0
Nb 1.821228359054e+01 2.069790893844e+01 1.168208868332e+01 1 1 1 0.0 0.0 0.0
Nb 2.083049700098e+01 2.296534826459e+01 1.168208868332e+01 1 1 1 0.0 0.0 0.0
Nb 2.344871041142e+01 2.523278759074e+01 1.168208868332e+01 1 1 1 0.0 0.0 0.0
Nb 2.606692382187e+01 2.750022691690e+01 1.168208868332e+01 1 1 1 0.0 0.0 0.0
Nb 5.775769891037e+00 5.959553318444e+00 1.168208868332e+01 1 1 1 0.0 0.0 0.0
Nb 8.393983301478e+00 8.226992644597e+00 1.168208868332e+01 1 1 1 0.0 0.0 0.0
Nb 1.101219671192e+01 1.049443197075e+01 1.168208868332e+01 1 1 1 0.0 0.0 0.0
Nb 1.363041012236e+01 1.276187129690e+01 1.168208868332e+01 1 1 1 0.0 0.0 0.0
Nb 1.624862353280e+01 1.502931062306e+01 1.168208868332e+01 1 1 1 0.0 0.0 0.0
Nb 1.886683694325e+01 1.729674994921e+01 1.168208868332e+01 1 1 1 0.0 0.0 0.0
Nb 2.148505035369e+01 1.956418927536e+01 1.168208868332e+01 1 1 1 0.0 0.0 0.0
Nb 2.410326376413e+01 2.183162860151e+01 1.168208868332e+01 1 1 1 0.0 0.0 0.0
Nb 2.672147717457e+01 2.409906792767e+01 1.168208868332e+01 1 1 1 0.0 0.0 0.0
Nb 2.933969058501e+01 2.636650725382e+01 1.168208868332e+01 1 1 1 0.0 0.0 0.0
Nb 1.363041012198e+01 2.863394657997e+01 1.168208868332e+01 1 1 1 0.0 0.0 0.0
Nb 3.812109833300e+00 2.909550030611e-01 1.168208868332e+01 1 1 1 0.0 0.0 0.0
Nb 6.430323243741e+00 2.558394329214e+00 1.168208868332e+01 1 1 1 0.0 0.0 0.0
Nb 9.048536654183e+00 4.825833655367e+00 1.168208868332e+01 1 1 1 0.0 0.0 0.0
Nb 1.166675006462e+01 7.093272981520e+00 1.168208868332e+01 1 1 1 0.0 0.0 0.0
Nb 1.428496347507e+01 9.360712307673e+00 1.168208868332e+01 1 1 1 0.0 0.0 0.0
Nb 1.690317688551e+01 1.162815163383e+01 1.168208868332e+01 1 1 1 0.0 0.0 0.0
Nb 1.952139029595e+01 1.389559095998e+01 1.168208868332e+01 1 1 1 0.0 0.0 0.0
Nb 2.213960370639e+01 1.616303028613e+01 1.168208868332e+01 1 1 1 0.0 0.0 0.0
Nb 2.475781711683e+01 1.843046961229e+01 1.168208868332e+01 1 1 1 0.0 0.0 0.0
Nb 2.737603052728e+01 2.069790893844e+01 1.168208868332e+01 1 1 1 0.0 0.0 0.0
Nb 2.999424393772e+01 2.296534826459e+01 1.168208868332e+01 1 1 1 0.0 0.0 0.0
Nb 3.261245734816e+01 2.523278759074e+01 1.168208868332e+01 1 1 1 0.0 0.0 0.0
Nb 3.523067075860e+01 2.750022691690e+01 1.168208868332e+01 1 1 1 0.0 0.0 0.0
Nb 1.952139029557e+01 2.976766624305e+01 1.168208868332e+01 1 1 1 0.0 0.0 0.0
Nb 9.703090006888e+00 1.424674666138e+00 1.168208868332e+01 1 1 1 0.0 0.0 0.0
Nb 1.232130341733e+01 3.692113992291e+00 1.168208868332e+01 1 1 1 0.0 0.0 0.0
Nb 1.493951682777e+01 5.959553318444e+00 1.168208868332e+01 1 1 1 0.0 0.0 0.0
Nb 1.755773023821e+01 8.226992644597e+00 1.168208868332e+01 1 1 1 0.0 0.0 0.0
Nb 2.017594364865e+01 1.049443197075e+01 1.168208868332e+01 1 1 1 0.0 0.0 0.0
Nb 2.279415705910e+01 1.276187129690e+01 1.168208868332e+01 1 1 1 0.0 0.0 0.0
Nb 2.541237046954e+01 1.502931062306e+01 1.168208868332e+01 1 1 1 0.0 0.0 0.0
Nb 2.803058387998e+01 1.729674994921e+01 1.168208868332e+01 1 1 1 0.0 0.0 0.0
Nb 3.064879729042e+01 1.956418927536e+01 1.168208868332e+01 1 1 1 0.0 0.0 0.0
Nb 3.326701070086e+01 2.183162860151e+01 1.168208868332e+01 1 1 1 0.0 0.0 0.0
Nb 3.588522411130e+01 2.409906792767e+01 1.168208868332e+01 1 1 1 0.0 0.0 0.0
Nb 1.101219671154e+01 2.636650725382e+01 1.168208868332e+01 1 1 1 0.0 0.0 0.0
Nb 2.279415705872e+01 2.863394657997e+01 1.168208868332e+01 1 1 1 0.0 0.0 0.0
Nb 1.297585677003e+01 2.909550030611e-01 1.168208868332e+01 1 1 1 0.0 0.0 0.0
Nb 1.559407018048e+01 2.558394329214e+00 1.168208868332e+01 1 1 1 0.0 0.0 0.0
Nb 1.821228359092e+01 4.825833655367e+00 1.168208868332e+01 1 1 1 0.0 0.0 0.0
Nb 2.083049700136e+01 7.093272981520e+00 1.168208868332e+01 1 1 1 0.0 0.0 0.0
Nb 2.344871041180e+01 9.360712307673e+00 1.168208868332e+01 1 1 1 0.0 0.0 0.0
Nb 2.606692382224e+01 1.162815163383e+01 1.168208868332e+01 1 1 1 0.0 0.0 0.0
Nb 2.868513723268e+01 1.389559095998e+01 1.168208868332e+01 1 1 1 0.0 0.0 0.0
Nb 3.130335064313e+01 1.616303028613e+01 1.168208868332e+01 1 1 1 0.0 0.0 0.0
Nb 3.392156405357e+01 1.843046961229e+01 1.168208868332e+01 1 1 1 0.0 0.0 0.0
Nb 9.048536653806e+00 2.069790893844e+01 1.168208868332e+01 1 1 1 0.0 0.0 0.0
Nb 2.868513723231e+01 2.976766624305e+01 1.168208868332e+01 1 1 1 0.0 0.0 0.0
Nb 1.886683694362e+01 1.424674666138e+00 1.168208868332e+01 1 1 1 0.0 0.0 0.0
Nb 2.148505035406e+01 3.692113992291e+00 1.168208868332e+01 1 1 1 0.0 0.0 0.0
Nb 2.410326376451e+01 5.959553318444e+00 1.168208868332e+01 1 1 1 0.0 0.0 0.0
Nb 2.672147717495e+01 8.226992644597e+00 1.168208868332e+01 1 1 1 0.0 0.0 0.0
Nb 2.933969058539e+01 1.049443197075e+01 1.168208868332e+01 1 1 1 0.0 0.0 0.0
Nb 3.195790399583e+01 1.276187129690e+01 1.168208868332e+01 1 1 1 0.0 0.0 0.0
Nb 7.084876596069e+00 1.502931062306e+01 1.168208868332e+01 1 1 1 0.0 0.0 0.0
Nb 3.195790399545e+01 2.863394657997e+01 1.168208868332e+01 1 1 1 0.0 0.0 0.0
Nb 2.213960370677e+01 2.909550030611e-01 1.168208868332e+01 1 1 1 0.0 0.0 0.0
Nb 2.475781711721e+01 2.558394329214e+00 1.168208868332e+01 1 1 1 0.0 0.0 0.0
Nb 2.737603052765e+01 4.825833655367e+00 1.168208868332e+01 1 1 1 0.0 0.0 0.0
Nb 2.999424393809e+01 7.093272981520e+00 1.168208868332e+01 1 1 1 0.0 0.0 0.0
Nb 5.121216538332e+00 9.360712307673e+00 1.168208868332e+01 1 1 1 0.0 0.0 0.0
Nb 3.784888416904e+01 2.976766624305e+01 1.168208868332e+01 1 1 1 0.0 0.0 0.0
Nb 2.803058388036e+01 1.424674666138e+00 1.168208868332e+01 1 1 1 0.0 0.0 0.0
Nb 3.157556480595e+00 3.692113992291e+00 1.168208868332e+01 1 1 1 0.0 0.0 0.0
Bi 1.234849545273e+01 2.287406167009e+01 3.834784015603e+01 1 1 1 0.0 0.0 0.0
Bi 1.649789617025e+01 2.342067650764e+01 3.834784015603e+01 1 1 1 0.0 0.0 0.0
Bi 2.064729688776e+01 2.396729134520e+01 3.834784015603e+01 1 1 1 0.0 0.0 0.0
Bi 2.479669760527e+01 2.451390618275e+01 3.834784015603e+01 1 1 1 0.0 0.0 0.0
Bi 2.894609832279e+01 2.506052102031e+01 3.834784015603e+01 1 1 1 0.0 0.0 0.0
Bi 3.309549904030e+01 2.560713585786e+01 3.834784015603e+01 1 1 1 0.0 0.0 0.0
Bi 3.724489975781e+01 2.615375069542e+01 3.834784015603e+01 1 1 1 0.0 0.0 0.0
Bi 1.079393124034e+01 1.904775780721e+01 3.834784015603e+01 1 1 1 0.0 0.0 0.0
Bi 1.494333195786e+01 1.959437264476e+01 3.834784015603e+01 1 1 1 0.0 0.0 0.0
Bi 1.909273267537e+01 2.014098748232e+01 3.834784015603e+01 1 1 1 0.0 0.0 0.0
Bi 2.324213339288e+01 2.068760231987e+01 3.834784015603e+01 1 1 1 0.0 0.0 0.0
Bi 2.739153411040e+01 2.123421715743e+01 3.834784015603e+01 1 1 1 0.0 0.0 0.0
Bi 3.154093482791e+01 2.178083199498e+01 3.834784015603e+01 1 1 1 0.0 0.0 0.0
Bi 3.569033554542e+01 2.232744683254e+01 3.834784015603e+01 1 1 1 0.0 0.0 0.0
Bi 9.239367027952e+00 1.522145394432e+01 3.834784015603e+01 1 1 1 0.0 0.0 0.0
Bi 1.338876774547e+01 1.576806878188e+01 3.834784015603e+01 1 1 1 0.0 0.0 0.0
Bi 1.753816846298e+01 1.631468361943e+01 3.834784015603e+01 1 1 1 0.0 0.0 0.0
Bi 2.168756918049e+01 1.686129845699e+01 3.834784015603e+01 1 1 1 0.0 0.0 0.0
Bi 2.583696989801e+01 1.740791329454e+01 3.834784015603e+01 1 1 1 0.0 0.0 0.0
Bi 2.998637061552e+01 1.795452813210e+01 3.834784015603e+01 1 1 1 0.0 0.0 0.0
Bi 3.413577133303e+01 1.850114296965e+01 3.834784015603e+01 1 1 1 0.0 0.0 0.0
Bi 7.684802815561e+00 1.139515008144e+01 3.834784015603e+01 1 1 1 0.0 0.0 0.0
Bi 1.183420353307e+01 1.194176491900e+01 3.834784015603e+01 1 1 1 0.0 0.0 0.0
Bi 1.598360425059e+01 1.248837975655e+01 3.834784015603e+01 1 1 1 0.0 0.0 0.0
Bi 2.013300496810e+01 1.303499459410e+01 3.834784015603e+01 1 1 1 0.0 0.0 0.0
Bi 2.428240568561e+01 1.358160943166e+01 3.834784015603e+01 1 1 1 0.0 0.0 0.0
Bi 2.843180640313e+01 1.412822426921e+01 3.834784015603e+01 1 1 1 0.0 0.0 0.0
Bi 3.258120712064e+01 1.467483910677e+01 3.834784015603e+01 1 1 1 0.0 0.0 0.0
Bi 6.130238603170e+00 7.568846218557e+00 3.834784015603e+01 1 1 1 0.0 0.0 0.0
Bi 1.027963932068e+01 8.115461056112e+00 3.834784015603e+01 1 1 1 0.0 0.0 0.0
Bi 1.442904003820e+01 8.662075893667e+00 3.834784015603e+01 1 1 1 0.0 0.0 0.0
Bi 1.857844075571e+01 9.208690731221e+00 3.834784015603e+01 1 1 1 0.0 0.0 0.0
Bi 2.272784147322e+01 9.755305568776e+00 3.834784015603e+01 1 1 1 0.0 0.0 0.0
Bi 2.687724219074e+01 1.030192040633e+01 3.834784015603e+01 1 1 1 0.0 0.0 0.0
Bi 3.102664290825e+01 1.084853524389e+01 3.834784015603e+01 1 1 1 0.0 0.0 0.0
Bi 4.575674390779e+00 3.742542355674e+00 3.834784015603e+01 1 1 1 0.0 0.0 0.0
Bi 8.725075108293e+00 4.289157193229e+00 3.834784015603e+01 1 1 1 0.0 0.0 0.0
Bi 1.287447582581e+01 4.835772030784e+00 3.834784015603e+01 1 1 1 0.0 0.0 0.0
Bi 1.702387654332e+01 5.382386868338e+00 3.834784015603e+01 1 1 1 0.0 0.0 0.0
Bi 2.117327726083e+01 5.929001705893e+00 3.834784015603e+01 1 1 1 0.0 0.0 0.0
Bi 2.532267797835e+01 6.475616543448e+00 3.834784015603e+01 1 1 1 0.0 0.0 0.0
Bi 2.947207869586e+01 7.022231381002e+00 3.834784015603e+01 1 1 1 0.0 0.0 0.0
Bi 1.545762387752e+01 3.052666939586e+01 3.834784015603e+01 1 1 1 0.0 0.0 0.0
Bi 7.170510895902e+00 4.628533303455e-01 3.834784015603e+01 1 1 1 0.0 0.0 0.0
Bi 1.131991161342e+01 1.009468167900e+00 3.834784015603e+01 1 1 1 0.0 0.0 0.0
Bi 1.546931233093e+01 1.556083005455e+00 3.834784015603e+01 1 1 1 0.0 0.0 0.0
Bi 1.961871304844e+01 2.102697843010e+00 3.834784015603e+01 1 1 1 0.0 0.0 0.0
Bi 2.376811376596e+01 2.649312680565e+00 3.834784015603e+01 1 1 1 0.0 0.0 0.0
Bi 2.791751448347e+01 3.195927518119e+00 3.834784015603e+01 1 1 1 0.0 0.0 0.0
Bi 1.390305966512e+01 2.670036553297e+01 3.834784015603e+01 1 1 1 0.0 0.0 0.0
Bi 1.805246038264e+01 2.724698037053e+01 3.834784015603e+01 1 1 1 0.0 0.0 0.0
Bi 2.220186110015e+01 2.779359520808e+01 3.834784015603e+01 1 1 1 0.0 0.0 0.0
Bi 2.635126181766e+01 2.834021004564e+01 3.834784015603e+01 1 1 1 0.0 0.0 0.0
Bi 3.050066253518e+01 2.888682488319e+01 3.834784015603e+01 1 1 1 0.0 0.0 0.0
Bi 3.465006325269e+01 2.943343972075e+01 3.834784015603e+01 1 1 1 0.0 0.0 0.0
Bi 3.879946397021e+01 2.998005455830e+01 3.834784015603e+01 1 1 1 0.0 0.0 0.0
Bi 1.200630965608e+01 2.527788990939e+01 3.436119714775e+01 1 1 1 0.0 0.0 0.0
Bi 1.615571037359e+01 2.582450474694e+01 3.436119714775e+01 1 1 1 0.0 0.0 0.0
Bi 2.030511109110e+01 2.637111958450e+01 3.436119714775e+01 1 1 1 0.0 0.0 0.0
Bi 2.445451180862e+01 2.691773442205e+01 3.436119714775e+01 1 1 1 0.0 0.0 0.0
Bi 2.860391252613e+01 2.746434925961e+01 3.436119714775e+01 1 1 1 0.0 0.0 0.0
Bi 3.275331324364e+01 2.801096409716e+01 3.436119714775e+01 1 1 1 0.0 0.0 0.0
Bi 3.690271396116e+01 2.855757893472e+01 3.436119714775e+01 1 1 1 0.0 0.0 0.0
Bi 1.045174544369e+01 2.145158604650e+01 3.436119714775e+01 1 1 1 0.0 0.0 0.0
Bi 1.460114616120e+01 2.199820088406e+01 3.436119714775e+01 1 1 1 0.0 0.0 0.0
Bi 1.875054687871e+01 2.254481572161e+01 3.436119714775e+01 1 1 1 0.0 0.0 0.0
Bi 2.289994759623e+01 2.309143055917e+01 3.436119714775e+01 1 1 1 0.0 0.0 0.0
Bi 2.704934831374e+01 2.363804539672e+01 3.436119714775e+01 1 1 1 0.0 0.0 0.0
Bi 3.119874903125e+01 2.418466023428e+01 3.436119714775e+01 1 1 1 0.0 0.0 0.0
Bi 3.534814974877e+01 2.473127507183e+01 3.436119714775e+01 1 1 1 0.0 0.0 0.0
Bi 8.897181231295e+00 1.762528218362e+01 3.436119714775e+01 1 1 1 0.0 0.0 0.0
Bi 1.304658194881e+01 1.817189702118e+01 3.436119714775e+01 1 1 1 0.0 0.0 0.0
Bi 1.719598266632e+01 1.871851185873e+01 3.436119714775e+01 1 1 1 0.0 0.0 0.0
Bi 2.134538338384e+01 1.926512669628e+01 3.436119714775e+01 1 1 1 0.0 0.0 0.0
Bi 2.549478410135e+01 1.981174153384e+01 3.436119714775e+01 1 1 1 0.0 0.0 0.0
Bi 2.964418481886e+01 2.035835637139e+01 3.436119714775e+01 1 1 1 0.0 0.0 0.0
Bi 3.379358553638e+01 2.090497120895e+01 3.436119714775e+01 1 1 1 0.0 0.0 0.0
Bi 7.342617018904e+00 1.379897832074e+01 3.436119714775e+01 1 1 1 0.0 0.0 0.0
Bi 1.149201773642e+01 1.434559315829e+01 3.436119714775e+01 1 1 1 0.0 0.0 0.0
Bi 1.564141845393e+01 1.489220799585e+01 3.436119714775e+01 1 1 1 0.0 0.0 0.0
Bi 1.979081917144e+01 1.543882283340e+01 3.436119714775e+01 1 1 1 0.0 0.0 0.0
Bi 2.394021988896e+01 1.598543767096e+01 3.436119714775e+01 1 1 1 0.0 0.0 0.0
Bi 2.808962060647e+01 1.653205250851e+01 3.436119714775e+01 1 1 1 0.0 0.0 0.0
Bi 3.223902132399e+01 1.707866734607e+01 3.436119714775e+01 1 1 1 0.0 0.0 0.0
Bi 5.788052806514e+00 9.972674457854e+00 3.436119714775e+01 1 1 1 0.0 0.0 0.0
Bi 9.937453524027e+00 1.051928929541e+01 3.436119714775e+01 1 1 1 0.0 0.0 0.0
Bi 1.408685424154e+01 1.106590413296e+01 3.436119714775e+01 1 1 1 0.0 0.0 0.0
Bi 1.823625495905e+01 1.161251897052e+01 3.436119714775e+01 1 1 1 0.0 0.0 0.0
Bi 2.238565567657e+01 1.215913380807e+01 3.436119714775e+01 1 1 1 0.0 0.0 0.0
Bi 2.653505639408e+01 1.270574864563e+01 3.436119714775e+01 1 1 1 0.0 0.0 0.0
Bi 3.068445711159e+01 1.325236348318e+01 3.436119714775e+01 1 1 1 0.0 0.0 0.0
Bi 4.233488594123e+00 6.146370594971e+00 3.436119714775e+01 1 1 1 0.0 0.0 0.0
Bi 8.382889311636e+00 6.692985432526e+00 3.436119714775e+01 1 1 1 0.0 0.0 0.0
Bi 1.253229002915e+01 7.239600270080e+00 3.436119714775e+01 1 1 1 0.0 0.0 0.0
Bi 1.668169074666e+01 7.786215107635e+00 3.436119714775e+01 1 1 1 0.0 0.0 0.0
Bi 2.083109146418e+01 8.332829945190e+00 3.436119714775e+01 1 1 1 0.0 0.0 0.0
Bi 2.498049218169e+01 8.879444782745e+00 3.436119714775e+01 1 1 1 0.0 0.0 0.0
Bi 2.912989289920e+01 9.426059620299e+00 3.436119714775e+01 1 1 1 0.0 0.0 0.0
Bi 2.678924381732e+00 2.320066732088e+00 3.436119714775e+01 1 1 1 0.0 0.0 0.0
Bi 6.828325099245e+00 2.866681569642e+00 3.436119714775e+01 1 1 1 0.0 0.0 0.0
Bi 1.097772581676e+01 3.413296407197e+00 3.436119714775e+01 1 1 1 0.0 0.0 0.0
Bi 1.512712653427e+01 3.959911244752e+00 3.436119714775e+01 1 1 1 0.0 0.0 0.0
Bi 1.927652725179e+01 4.506526082307e+00 3.436119714775e+01 1 1 1 0.0 0.0 0.0
Bi 2.342592796930e+01 5.053140919861e+00 3.436119714775e+01 1 1 1 0.0 0.0 0.0
Bi 2.757532868681e+01 5.599755757416e+00 3.436119714775e+01 1 1 1 0.0 0.0 0.0
Bi 1.356087386847e+01 2.910419377227e+01 3.436119714775e+01 1 1 1 0.0 0.0 0.0
Bi 1.771027458598e+01 2.965080860982e+01 3.436119714775e+01 1 1 1 0.0 0.0 0.0
Bi 2.185967530349e+01 3.019742344738e+01 3.436119714775e+01 1 1 1 0.0 0.0 0.0
Bi 1.357256232188e+01 1.336073818687e-01 3.436119714775e+01 1 1 1 0.0 0.0 0.0
Bi 1.772196303940e+01 6.802222194234e-01 3.436119714775e+01 1 1 1 0.0 0.0 0.0
Bi 2.187136375691e+01 1.226837056978e+00 3.436119714775e+01 1 1 1 0.0 0.0 0.0
Bi 2.602076447442e+01 1.773451894533e+00 3.436119714775e+01 1 1 1 0.0 0.0 0.0
Bi 1.195172977963e+01 2.531900208528e+01 2.831971850542e+01 1 1 1 0.0 0.0 0.0
Bi 1.610113049714e+01 2.586561692284e+01 2.831971850542e+01 1 1 1 0.0 0.0 0.0
Bi 2.025053121466e+01 2.641223176039e+01 2.831971850542e+01 1 1 1 0.0 0.0 0.0
Bi 2.439993193217e+01 2.695884659795e+01 2.831971850542e+01 1 1 1 0.0 0.0 0.0
Bi 2.854933264968e+01 2.750546143550e+01 2.831971850542e+01 1 1 1 0.0 0.0 0.0
Bi 3.269873336720e+01 2.805207627306e+01 2.831971850542e+01 1 1 1 0.0 0.0 0.0
Bi 3.684813408471e+01 2.859869111061e+01 2.831971850542e+01 1 1 1 0.0 0.0 0.0
Bi 1.039716556724e+01 2.149269822240e+01 2.831971850542e+01 1 1 1 0.0 0.0 0.0
Bi 1.454656628475e+01 2.203931305995e+01 2.831971850542e+01 1 1 1 0.0 0.0 0.0
Bi 1.869596700227e+01 2.258592789751e+01 2.831971850542e+01 1 1 1 0.0 0.0 0.0
Bi 2.284536771978e+01 2.313254273506e+01 2.831971850542e+01 1 1 1 0.0 0.0 0.0
Bi 2.699476843729e+01 2.367915757262e+01 2.831971850542e+01 1 1 1 0.0 0.0 0.0
Bi 3.114416915481e+01 2.422577241017e+01 2.831971850542e+01 1 1 1 0.0 0.0 0.0
Bi 3.529356987232e+01 2.477238724773e+01 2.831971850542e+01 1 1 1 0.0 0.0 0.0
Bi 8.842601354849e+00 1.766639435952e+01 2.831971850542e+01 1 1 1 0.0 0.0 0.0
Bi 1.299200207236e+01 1.821300919707e+01 2.831971850542e+01 1 1 1 0.0 0.0 0.0
Bi 1.714140278988e+01 1.875962403463e+01 2.831971850542e+01 1 1 1 0.0 0.0 0.0
Bi 2.129080350739e+01 1.930623887218e+01 2.831971850542e+01 1 1 1 0.0 0.0 0.0
Bi 2.544020422490e+01 1.985285370974e+01 2.831971850542e+01 1 1 1 0.0 0.0 0.0
Bi 2.958960494242e+01 2.039946854729e+01 2.831971850542e+01 1 1 1 0.0 0.0 0.0
Bi 3.373900565993e+01 2.094608338484e+01 2.831971850542e+01 1 1 1 0.0 0.0 0.0
Bi 7.288037142458e+00 1.384009049663e+01 2.831971850542e+01 1 1 1 0.0 0.0 0.0
Bi 1.143743785997e+01 1.438670533419e+01 2.831971850542e+01 1 1 1 0.0 0.0 0.0
Bi 1.558683857749e+01 1.493332017174e+01 2.831971850542e+01 1 1 1 0.0 0.0 0.0
Bi 1.973623929500e+01 1.547993500930e+01 2.831971850542e+01 1 1 1 0.0 0.0 0.0
Bi 2.388564001251e+01 1.602654984685e+01 2.831971850542e+01 1 1 1 0.0 0.0 0.0
Bi 2.803504073003e+01 1.657316468441e+01 2.831971850542e+01 1 1 1 0.0 0.0 0.0
Bi 3.218444144754e+01 1.711977952196e+01 2.831971850542e+01 1 1 1 0.0 0.0 0.0
Bi 5.733472930067e+00 1.001378663375e+01 2.831971850542e+01 1 1 1 0.0 0.0 0.0
Bi 9.882873647581e+00 1.056040147130e+01 2.831971850542e+01 1 1 1 0.0 0.0 0.0
Bi 1.403227436509e+01 1.110701630886e+01 2.831971850542e+01 1 1 1 0.0 0.0 0.0
Bi 1.818167508261e+01 1.165363114641e+01 2.831971850542e+01 1 1 1 0.0 0.0 0.0
Bi 2.233107580012e+01 1.220024598397e+01 2.831971850542e+01 1 1 1 0.0 0.0 0.0
Bi 2.648047651763e+01 1.274686082152e+01 2.831971850542e+01 1 1 1 0.0 0.0 0.0
Bi 3.062987723515e+01 1.329347565908e+01 2.831971850542e+01 1 1 1 0.0 0.0 0.0
Bi 4.178908717676e+00 6.187482770867e+00 2.831971850542e+01 1 1 1 0.0 0.0 0.0
Bi 8.328309435190e+00 6.734097608421e+00 2.831971850542e+01 1 1 1 0.0 0.0 0.0
Bi 1.247771015270e+01 7.280712445976e+00 2.831971850542e+01 1 1 1 0.0 0.0 0.0
Bi 1.662711087022e+01 7.827327283531e+00 2.831971850542e+01 1 1 1 0.0 0.0 0.0
Bi 2.077651158773e+01 8.373942121086e+00 2.831971850542e+01 1 1 1 0.0 0.0 0.0
Bi 2.492591230524e+01 8.920556958640e+00 2.831971850542e+01 1 1 1 0.0 0.0 0.0
Bi 2.907531302276e+01 9.467171796195e+00 2.831971850542e+01 1 1 1 0.0 0.0 0.0
Bi 2.624344505286e+00 2.361178907983e+00 2.831971850542e+01 1 1 1 0.0 0.0 0.0
Bi 6.773745222799e+00 2.907793745538e+00 2.831971850542e+01 1 1 1 0.0 0.0 0.0
Bi 1.092314594031e+01 3.454408583093e+00 2.831971850542e+01 1 1 1 0.0 0.0 0.0
Bi 1.507254665783e+01 4.001023420648e+00 2.831971850542e+01 1 1 1 0.0 0.0 0.0
Bi 1.922194737534e+01 4.547638258202e+00 2.831971850542e+01 1 1 1 0.0 0.0 0.0
Bi 2.337134809285e+01 5.094253095757e+00 2.831971850542e+01 1 1 1 0.0 0.0 0.0
Bi 2.752074881037e+01 5.640867933312e+00 2.831971850542e+01 1 1 1 0.0 0.0 0.0
Bi 1.350629399202e+01 2.914530594817e+01 2.831971850542e+01 1 1 1 0.0 0.0 0.0
Bi 1.765569470954e+01 2.969192078572e+01 2.831971850542e+01 1 1 1 0.0 0.0 0.0
Bi 2.180509542705e+01 3.023853562328e+01 2.831971850542e+01 1 1 1 0.0 0.0 0.0
Bi 1.351798244544e+01 1.747195577644e-01 2.831971850542e+01 1 1 1 0.0 0.0 0.0
Bi 1.766738316295e+01 7.213343953191e-01 2.831971850542e+01 1 1 1 0.0 0.0 0.0
Bi 2.181678388046e+01 1.267949232874e+00 2.831971850542e+01 1 1 1 0.0 0.0 0.0
Bi 2.596618459798e+01 1.814564070429e+00 2.831971850542e+01 1 1 1 0.0 0.0 0.0
Bi 1.006634072960e+01 2.387566071903e+01 2.434799808390e+01 1 1 1 0.0 0.0 0.0
Bi 1.421574144711e+01 2.442227555658e+01 2.434799808390e+01 1 1 1 0.0 0.0 0.0
Bi 1.836514216462e+01 2.496889039414e+01 2.434799808390e+01 1 1 1 0.0 0.0 0.0
Bi 2.251454288214e+01 2.551550523169e+01 2.434799808390e+01 1 1 1 0.0 0.0 0.0
Bi 2.666394359965e+01 2.606212006925e+01 2.434799808390e+01 1 1 1 0.0 0.0 0.0
Bi 3.081334431716e+01 2.660873490680e+01 2.434799808390e+01 1 1 1 0.0 0.0 0.0
Bi 3.496274503468e+01 2.715534974436e+01 2.434799808390e+01 1 1 1 0.0 0.0 0.0
Bi 8.511776517206e+00 2.004935685614e+01 2.434799808390e+01 1 1 1 0.0 0.0 0.0
Bi 1.266117723472e+01 2.059597169370e+01 2.434799808390e+01 1 1 1 0.0 0.0 0.0
Bi 1.681057795223e+01 2.114258653125e+01 2.434799808390e+01 1 1 1 0.0 0.0 0.0
Bi 2.095997866975e+01 2.168920136881e+01 2.434799808390e+01 1 1 1 0.0 0.0 0.0
Bi 2.510937938726e+01 2.223581620636e+01 2.434799808390e+01 1 1 1 0.0 0.0 0.0
Bi 2.925878010477e+01 2.278243104392e+01 2.434799808390e+01 1 1 1 0.0 0.0 0.0
Bi 3.340818082229e+01 2.332904588147e+01 2.434799808390e+01 1 1 1 0.0 0.0 0.0
Bi 6.957212304815e+00 1.622305299326e+01 2.434799808390e+01 1 1 1 0.0 0.0 0.0
Bi 1.110661302233e+01 1.676966783082e+01 2.434799808390e+01 1 1 1 0.0 0.0 0.0
Bi 1.525601373984e+01 1.731628266837e+01 2.434799808390e+01 1 1 1 0.0 0.0 0.0
Bi 1.940541445736e+01 1.786289750593e+01 2.434799808390e+01 1 1 1 0.0 0.0 0.0
Bi 2.355481517487e+01 1.840951234348e+01 2.434799808390e+01 1 1 1 0.0 0.0 0.0
Bi 2.770421589238e+01 1.895612718103e+01 2.434799808390e+01 1 1 1 0.0 0.0 0.0
Bi 3.185361660990e+01 1.950274201859e+01 2.434799808390e+01 1 1 1 0.0 0.0 0.0
Bi 5.402648092424e+00 1.239674913038e+01 2.434799808390e+01 1 1 1 0.0 0.0 0.0
Bi 9.552048809938e+00 1.294336396793e+01 2.434799808390e+01 1 1 1 0.0 0.0 0.0
Bi 1.370144952745e+01 1.348997880549e+01 2.434799808390e+01 1 1 1 0.0 0.0 0.0
Bi 1.785085024496e+01 1.403659364304e+01 2.434799808390e+01 1 1 1 0.0 0.0 0.0
Bi 2.200025096248e+01 1.458320848060e+01 2.434799808390e+01 1 1 1 0.0 0.0 0.0
Bi 2.614965167999e+01 1.512982331815e+01 2.434799808390e+01 1 1 1 0.0 0.0 0.0
Bi 3.029905239751e+01 1.567643815571e+01 2.434799808390e+01 1 1 1 0.0 0.0 0.0
Bi 3.848083880033e+00 8.570445267494e+00 2.434799808390e+01 1 1 1 0.0 0.0 0.0
Bi 7.997484597547e+00 9.117060105049e+00 2.434799808390e+01 1 1 1 0.0 0.0 0.0
Bi 1.214688531506e+01 9.663674942604e+00 2.434799808390e+01 1 1 1 0.0 0.0 0.0
Bi 1.629628603257e+01 1.021028978016e+01 2.434799808390e+01 1 1 1 0.0 0.0 0.0
Bi 2.044568675009e+01 1.075690461771e+01 2.434799808390e+01 1 1 1 0.0 0.0 0.0
Bi 2.459508746760e+01 1.130351945527e+01 2.434799808390e+01 1 1 1 0.0 0.0 0.0
Bi 2.874448818511e+01 1.185013429282e+01 2.434799808390e+01 1 1 1 0.0 0.0 0.0
Bi 2.293519667642e+00 4.744141404611e+00 2.434799808390e+01 1 1 1 0.0 0.0 0.0
Bi 6.442920385156e+00 5.290756242166e+00 2.434799808390e+01 1 1 1 0.0 0.0 0.0
Bi 1.059232110267e+01 5.837371079721e+00 2.434799808390e+01 1 1 1 0.0 0.0 0.0
Bi 1.474172182018e+01 6.383985917275e+00 2.434799808390e+01 1 1 1 0.0 0.0 0.0
Bi 1.889112253770e+01 6.930600754830e+00 2.434799808390e+01 1 1 1 0.0 0.0 0.0
Bi 2.304052325521e+01 7.477215592385e+00 2.434799808390e+01 1 1 1 0.0 0.0 0.0
Bi 2.718992397272e+01 8.023830429940e+00 2.434799808390e+01 1 1 1 0.0 0.0 0.0
Bi 7.389554552516e-01 9.178375417280e-01 2.434799808390e+01 1 1 1 0.0 0.0 0.0
Bi 4.888356172765e+00 1.464452379283e+00 2.434799808390e+01 1 1 1 0.0 0.0 0.0
Bi 9.037756890279e+00 2.011067216838e+00 2.434799808390e+01 1 1 1 0.0 0.0 0.0
Bi 1.318715760779e+01 2.557682054392e+00 2.434799808390e+01 1 1 1 0.0 0.0 0.0
Bi 1.733655832531e+01 3.104296891947e+00 2.434799808390e+01 1 1 1 0.0 0.0 0.0
Bi 2.148595904282e+01 3.650911729502e+00 2.434799808390e+01 1 1 1 0.0 0.0 0.0
Bi 2.563535976033e+01 4.197526567057e+00 2.434799808390e+01 1 1 1 0.0 0.0 0.0
Bi 1.162090494199e+01 2.770196458191e+01 2.434799808390e+01 1 1 1 0.0 0.0 0.0
Bi 1.577030565950e+01 2.824857941947e+01 2.434799808390e+01 1 1 1 0.0 0.0 0.0
Bi 1.991970637701e+01 2.879519425702e+01 2.434799808390e+01 1 1 1 0.0 0.0 0.0
Bi 2.406910709453e+01 2.934180909457e+01 2.434799808390e+01 1 1 1 0.0 0.0 0.0
Bi 2.821850781204e+01 2.988842393213e+01 2.434799808390e+01 1 1 1 0.0 0.0 0.0
Bi 3.236790852955e+01 3.043503876968e+01 2.434799808390e+01 1 1 1 0.0 0.0 0.0
Bi 2.408079554794e+01 3.712227041733e-01 2.434799808390e+01 1 1 1 0.0 0.0 0.0
Se 9.702988430306e+00 2.258688731583e+01 1.000000000000e+01 1 1 1 0.0 0.0 0.0
Se 1.232120184075e+01 2.485432664198e+01 1.000000000000e+01 1 1 1 0.0 0.0 0.0
Se 1.493941525119e+01 2.712176596814e+01 1.000000000000e+01 1 1 1 0.0 0.0 0.0
Se 7.739328372569e+00 1.691828900045e+01 1.000000000000e+01 1 1 1 0.0 0.0 0.0
Se 1.035754178301e+01 1.918572832660e+01 1.000000000000e+01 1 1 1 0.0 0.0 0.0
Se 1.297575519345e+01 2.145316765276e+01 1.000000000000e+01 1 1 1 0.0 0.0 0.0
Se 1.559396860389e+01 2.372060697891e+01 1.000000000000e+01 1 1 1 0.0 0.0 0.0
Se 1.821218201434e+01 2.598804630506e+01 1.000000000000e+01 1 1 1 0.0 0.0 0.0
Se 5.775668314832e+00 1.124969068507e+01 1.000000000000e+01 1 1 1 0.0 0.0 0.0
Se 8.393881725274e+00 1.351713001122e+01 1.000000000000e+01 1 1 1 0.0 0.0 0.0
Se 1.101209513572e+01 1.578456933737e+01 1.000000000000e+01 1 1 1 0.0 0.0 0.0
Se 1.363030854616e+01 1.805200866353e+01 1.000000000000e+01 1 1 1 0.0 0.0 0.0
Se 1.624852195660e+01 2.031944798968e+01 1.000000000000e+01 1 1 1 0.0 0.0 0.0
Se 1.886673536704e+01 2.258688731583e+01 1.000000000000e+01 1 1 1 0.0 0.0 0.0
Se 2.148494877748e+01 2.485432664198e+01 1.000000000000e+01 1 1 1 0.0 0.0 0.0
Se 2.410316218792e+01 2.712176596814e+01 1.000000000000e+01 1 1 1 0.0 0.0 0.0
Se 3.812008257095e+00 5.581092369684e+00 1.000000000000e+01 1 1 1 0.0 0.0 0.0
Se 6.430221667537e+00 7.848531695837e+00 1.000000000000e+01 1 1 1 0.0 0.0 0.0
Se 9.048435077978e+00 1.011597102199e+01 1.000000000000e+01 1 1 1 0.0 0.0 0.0
Se 1.166664848842e+01 1.238341034814e+01 1.000000000000e+01 1 1 1 0.0 0.0 0.0
Se 1.428486189886e+01 1.465084967430e+01 1.000000000000e+01 1 1 1 0.0 0.0 0.0
Se 1.690307530930e+01 1.691828900045e+01 1.000000000000e+01 1 1 1 0.0 0.0 0.0
Se 1.952128871975e+01 1.918572832660e+01 1.000000000000e+01 1 1 1 0.0 0.0 0.0
Se 2.213950213019e+01 2.145316765276e+01 1.000000000000e+01 1 1 1 0.0 0.0 0.0
Se 2.475771554063e+01 2.372060697891e+01 1.000000000000e+01 1 1 1 0.0 0.0 0.0
Se 2.737592895107e+01 2.598804630506e+01 1.000000000000e+01 1 1 1 0.0 0.0 0.0
Se 1.166664848804e+01 2.825548563121e+01 1.000000000000e+01 1 1 1 0.0 0.0 0.0
Se 1.428486189848e+01 3.052292495737e+01 1.000000000000e+01 1 1 1 0.0 0.0 0.0
Se 4.466561609800e+00 2.179933380455e+00 1.000000000000e+01 1 1 1 0.0 0.0 0.0
Se 7.084775020241e+00 4.447372706608e+00 1.000000000000e+01 1 1 1 0.0 0.0 0.0
Se 9.702988430683e+00 6.714812032761e+00 1.000000000000e+01 1 1 1 0.0 0.0 0.0
Se 1.232120184112e+01 8.982251358914e+00 1.000000000000e+01 1 1 1 0.0 0.0 0.0
Se 1.493941525157e+01 1.124969068507e+01 1.000000000000e+01 1 1 1 0.0 0.0 0.0
Se 1.755762866201e+01 1.351713001122e+01 1.000000000000e+01 1 1 1 0.0 0.0 0.0
Se 2.017584207245e+01 1.578456933737e+01 1.000000000000e+01 1 1 1 0.0 0.0 0.0
Se 2.279405548289e+01 1.805200866353e+01 1.000000000000e+01 1 1 1 0.0 0.0 0.0
Se 2.541226889333e+01 2.031944798968e+01 1.000000000000e+01 1 1 1 0.0 0.0 0.0
Se 2.803048230378e+01 2.258688731583e+01 1.000000000000e+01 1 1 1 0.0 0.0 0.0
Se 3.064869571422e+01 2.485432664198e+01 1.000000000000e+01 1 1 1 0.0 0.0 0.0
Se 3.326690912466e+01 2.712176596814e+01 1.000000000000e+01 1 1 1 0.0 0.0 0.0
Se 1.755762866163e+01 2.938920529429e+01 1.000000000000e+01 1 1 1 0.0 0.0 0.0
Se 7.739328372946e+00 1.046213717378e+00 1.000000000000e+01 1 1 1 0.0 0.0 0.0
Se 1.035754178339e+01 3.313653043531e+00 1.000000000000e+01 1 1 1 0.0 0.0 0.0
Se 1.297575519383e+01 5.581092369684e+00 1.000000000000e+01 1 1 1 0.0 0.0 0.0
Se 1.559396860427e+01 7.848531695837e+00 1.000000000000e+01 1 1 1 0.0 0.0 0.0
Se 1.821218201471e+01 1.011597102199e+01 1.000000000000e+01 1 1 1 0.0 0.0 0.0
Se 2.083039542515e+01 1.238341034814e+01 1.000000000000e+01 1 1 1 0.0 0.0 0.0
Se 2.344860883560e+01 1.465084967430e+01 1.000000000000e+01 1 1 1 0.0 0.0 0.0
Se 2.606682224604e+01 1.691828900045e+01 1.000000000000e+01 1 1 1 0.0 0.0 0.0
Se 2.868503565648e+01 1.918572832660e+01 1.000000000000e+01 1 1 1 0.0 0.0 0.0
Se 3.130324906692e+01 2.145316765276e+01 1.000000000000e+01 1 1 1 0.0 0.0 0.0
Se 3.392146247736e+01 2.372060697891e+01 1.000000000000e+01 1 1 1 0.0 0.0 0.0
Se 3.653967588780e+01 2.598804630506e+01 1.000000000000e+01 1 1 1 0.0 0.0 0.0
Se 2.083039542478e+01 2.825548563121e+01 1.000000000000e+01 1 1 1 0.0 0.0 0.0
Se 2.344860883522e+01 3.052292495737e+01 1.000000000000e+01 1 1 1 0.0 0.0 0.0
Se 1.363030854653e+01 2.179933380455e+00 1.000000000000e+01 1 1 1 0.0 0.0 0.0
Se 1.624852195698e+01 4.447372706608e+00 1.000000000000e+01 1 1 1 0.0 0.0 0.0
Se 1.886673536742e+01 6.714812032761e+00 1.000000000000e+01 1 1 1 0.0 0.0 0.0
Se 2.148494877786e+01 8.982251358914e+00 1.000000000000e+01 1 1 1 0.0 0.0 0.0
Se 2.410316218830e+01 1.124969068507e+01 1.000000000000e+01 1 1 1 0.0 0.0 0.0
Se 2.672137559874e+01 1.351713001122e+01 1.000000000000e+01 1 1 1 0.0 0.0 0.0
Se 2.933958900918e+01 1.578456933737e+01 1.000000000000e+01 1 1 1 0.0 0.0 0.0
Se 3.195780241963e+01 1.805200866353e+01 1.000000000000e+01 1 1 1 0.0 0.0 0.0
Se 3.457601583007e+01 2.031944798968e+01 1.000000000000e+01 1 1 1 0.0 0.0 0.0
Se 2.672137559837e+01 2.938920529429e+01 1.000000000000e+01 1 1 1 0.0 0.0 0.0
Se 1.690307530968e+01 1.046213717378e+00 1.000000000000e+01 1 1 1 0.0 0.0 0.0
Se 1.952128872012e+01 3.313653043531e+00 1.000000000000e+01 1 1 1 0.0 0.0 0.0
Se 2.213950213056e+01 5.581092369684e+00 1.000000000000e+01 1 1 1 0.0 0.0 0.0
Se 2.475771554101e+01 7.848531695837e+00 1.000000000000e+01 1 1 1 0.0 0.0 0.0
Se 2.737592895145e+01 1.011597102199e+01 1.000000000000e+01 1 1 1 0.0 0.0 0.0
Se 2.999414236189e+01 1.238341034814e+01 1.000000000000e+01 1 1 1 0.0 0.0 0.0
Se 3.261235577233e+01 1.465084967430e+01 1.000000000000e+01 1 1 1 0.0 0.0 0.0
Se 2.999414236151e+01 2.825548563121e+01 1.000000000000e+01 1 1 1 0.0 0.0 0.0
Se 3.261235577195e+01 3.052292495737e+01 1.000000000000e+01 1 1 1 0.0 0.0 0.0
Se 2.279405548327e+01 2.179933380455e+00 1.000000000000e+01 1 1 1 0.0 0.0 0.0
Se 2.541226889371e+01 4.447372706608e+00 1.000000000000e+01 1 1 1 0.0 0.0 0.0
Se 2.803048230415e+01 6.714812032761e+00 1.000000000000e+01 1 1 1 0.0 0.0 0.0
Se 3.064869571459e+01 8.982251358914e+00 1.000000000000e+01 1 1 1 0.0 0.0 0.0
Se 3.588512253510e+01 2.938920529429e+01 1.000000000000e+01 1 1 1 0.0 0.0 0.0
Se 2.606682224642e+01 1.046213717378e+00 1.000000000000e+01 1 1 1 0.0 0.0 0.0
Se 2.868503565686e+01 3.313653043531e+00 1.000000000000e+01 1 1 1 0.0 0.0 0.0
Se 1.035038739152e+01 2.448344623012e+01 1.614602824434e+01 1 1 1 0.0 0.0 0.0
Se 1.296860080196e+01 2.675088555628e+01 1.614602824434e+01 1 1 1 0.0 0.0 0.0
Se 1.558681421240e+01 2.901832488243e+01 1.614602824434e+01 1 1 1 0.0 0.0 0.0
Se 8.386727333781e+00 1.881484791474e+01 1.614602824434e+01 1 1 1 0.0 0.0 0.0
Se 1.100494074422e+01 2.108228724089e+01 1.614602824434e+01 1 1 1 0.0 0.0 0.0
Se 1.362315415466e+01 2.334972656705e+01 1.614602824434e+01 1 1 1 0.0 0.0 0.0
Se 1.624136756511e+01 2.561716589320e+01 1.614602824434e+01 1 1 1 0.0 0.0 0.0
Se 1.885958097555e+01 2.788460521935e+01 1.614602824434e+01 1 1 1 0.0 0.0 0.0
Se 6.423067276044e+00 1.314624959936e+01 1.614602824434e+01 1 1 1 0.0 0.0 0.0
Se 9.041280686486e+00 1.541368892551e+01 1.614602824434e+01 1 1 1 0.0 0.0 0.0
Se 1.165949409693e+01 1.768112825166e+01 1.614602824434e+01 1 1 1 0.0 0.0 0.0
Se 1.427770750737e+01 1.994856757782e+01 1.614602824434e+01 1 1 1 0.0 0.0 0.0
Se 1.689592091781e+01 2.221600690397e+01 1.614602824434e+01 1 1 1 0.0 0.0 0.0
Se 1.951413432825e+01 2.448344623012e+01 1.614602824434e+01 1 1 1 0.0 0.0 0.0
Se 2.213234773869e+01 2.675088555628e+01 1.614602824434e+01 1 1 1 0.0 0.0 0.0
Se 2.475056114914e+01 2.901832488243e+01 1.614602824434e+01 1 1 1 0.0 0.0 0.0
Se 4.459407218307e+00 7.477651283975e+00 1.614602824434e+01 1 1 1 0.0 0.0 0.0
Se 7.077620628749e+00 9.745090610128e+00 1.614602824434e+01 1 1 1 0.0 0.0 0.0
Se 9.695834039191e+00 1.201252993628e+01 1.614602824434e+01 1 1 1 0.0 0.0 0.0
Se 1.231404744963e+01 1.427996926243e+01 1.614602824434e+01 1 1 1 0.0 0.0 0.0
Se 1.493226086007e+01 1.654740858859e+01 1.614602824434e+01 1 1 1 0.0 0.0 0.0
Se 1.755047427052e+01 1.881484791474e+01 1.614602824434e+01 1 1 1 0.0 0.0 0.0
Se 2.016868768096e+01 2.108228724089e+01 1.614602824434e+01 1 1 1 0.0 0.0 0.0
Se 2.278690109140e+01 2.334972656705e+01 1.614602824434e+01 1 1 1 0.0 0.0 0.0
Se 2.540511450184e+01 2.561716589320e+01 1.614602824434e+01 1 1 1 0.0 0.0 0.0
Se 2.802332791228e+01 2.788460521935e+01 1.614602824434e+01 1 1 1 0.0 0.0 0.0
Se 1.231404744926e+01 3.015204454551e+01 1.614602824434e+01 1 1 1 0.0 0.0 0.0
Se 2.495747160570e+00 1.809052968593e+00 1.614602824434e+01 1 1 1 0.0 0.0 0.0
Se 5.113960571012e+00 4.076492294746e+00 1.614602824434e+01 1 1 1 0.0 0.0 0.0
Se 7.732173981454e+00 6.343931620899e+00 1.614602824434e+01 1 1 1 0.0 0.0 0.0
Se 1.035038739190e+01 8.611370947052e+00 1.614602824434e+01 1 1 1 0.0 0.0 0.0
Se 1.296860080234e+01 1.087881027320e+01 1.614602824434e+01 1 1 1 0.0 0.0 0.0
Se 1.558681421278e+01 1.314624959936e+01 1.614602824434e+01 1 1 1 0.0 0.0 0.0
Se 1.820502762322e+01 1.541368892551e+01 1.614602824434e+01 1 1 1 0.0 0.0 0.0
Se 2.082324103366e+01 1.768112825166e+01 1.614602824434e+01 1 1 1 0.0 0.0 0.0
Se 2.344145444410e+01 1.994856757782e+01 1.614602824434e+01 1 1 1 0.0 0.0 0.0
Se 2.605966785455e+01 2.221600690397e+01 1.614602824434e+01 1 1 1 0.0 0.0 0.0
Se 2.867788126499e+01 2.448344623012e+01 1.614602824434e+01 1 1 1 0.0 0.0 0.0
Se 3.129609467543e+01 2.675088555628e+01 1.614602824434e+01 1 1 1 0.0 0.0 0.0
Se 3.391430808587e+01 2.901832488243e+01 1.614602824434e+01 1 1 1 0.0 0.0 0.0
Se 5.768513923717e+00 6.753333055160e-01 1.614602824434e+01 1 1 1 0.0 0.0 0.0
Se 8.386727334158e+00 2.942772631669e+00 1.614602824434e+01 1 1 1 0.0 0.0 0.0
Se 1.100494074460e+01 5.210211957822e+00 1.614602824434e+01 1 1 1 0.0 0.0 0.0
Se 1.362315415504e+01 7.477651283975e+00 1.614602824434e+01 1 1 1 0.0 0.0 0.0
Se 1.624136756548e+01 9.745090610128e+00 1.614602824434e+01 1 1 1 0.0 0.0 0.0
Se 1.885958097593e+01 1.201252993628e+01 1.614602824434e+01 1 1 1 0.0 0.0 0.0
Se 2.147779438637e+01 1.427996926243e+01 1.614602824434e+01 1 1 1 0.0 0.0 0.0
Se 2.409600779681e+01 1.654740858859e+01 1.614602824434e+01 1 1 1 0.0 0.0 0.0
Se 2.671422120725e+01 1.881484791474e+01 1.614602824434e+01 1 1 1 0.0 0.0 0.0
Se 2.933243461769e+01 2.108228724089e+01 1.614602824434e+01 1 1 1 0.0 0.0 0.0
Se 3.195064802813e+01 2.334972656705e+01 1.614602824434e+01 1 1 1 0.0 0.0 0.0
Se 3.456886143858e+01 2.561716589320e+01 1.614602824434e+01 1 1 1 0.0 0.0 0.0
Se 3.718707484902e+01 2.788460521935e+01 1.614602824434e+01 1 1 1 0.0 0.0 0.0
Se 2.147779438599e+01 3.015204454551e+01 1.614602824434e+01 1 1 1 0.0 0.0 0.0
Se 1.165949409730e+01 1.809052968593e+00 1.614602824434e+01 1 1 1 0.0 0.0 0.0
Se 1.427770750775e+01 4.076492294746e+00 1.614602824434e+01 1 1 1 0.0 0.0 0.0
Se 1.689592091819e+01 6.343931620899e+00 1.614602824434e+01 1 1 1 0.0 0.0 0.0
Se 1.951413432863e+01 8.611370947052e+00 1.614602824434e+01 1 1 1 0.0 0.0 0.0
Se 2.213234773907e+01 1.087881027320e+01 1.614602824434e+01 1 1 1 0.0 0.0 0.0
Se 2.475056114951e+01 1.314624959936e+01 1.614602824434e+01 1 1 1 0.0 0.0 0.0
Se 2.736877455996e+01 1.541368892551e+01 1.614602824434e+01 1 1 1 0.0 0.0 0.0
Se 2.998698797040e+01 1.768112825166e+01 1.614602824434e+01 1 1 1 0.0 0.0 0.0
Se 3.260520138084e+01 1.994856757782e+01 1.614602824434e+01 1 1 1 0.0 0.0 0.0
Se 3.522341479128e+01 2.221600690397e+01 1.614602824434e+01 1 1 1 0.0 0.0 0.0
Se 1.493226086045e+01 6.753333055160e-01 1.614602824434e+01 1 1 1 0.0 0.0 0.0
Se 1.755047427089e+01 2.942772631669e+00 1.614602824434e+01 1 1 1 0.0 0.0 0.0
Se 2.016868768133e+01 5.210211957822e+00 1.614602824434e+01 1 1 1 0.0 0.0 0.0
Se 2.278690109178e+01 7.477651283975e+00 1.614602824434e+01 1 1 1 0.0 0.0 0.0
Se 2.540511450222e+01 9.745090610128e+00 1.614602824434e+01 1 1 1 0.0 0.0 0.0
Se 2.802332791266e+01 1.201252993628e+01 1.614602824434e+01 1 1 1 0.0 0.0 0.0
Se 3.064154132310e+01 1.427996926243e+01 1.614602824434e+01 1 1 1 0.0 0.0 0.0
Se 3.325975473354e+01 1.654740858859e+01 1.614602824434e+01 1 1 1 0.0 0.0 0.0
Se 3.064154132272e+01 3.015204454551e+01 1.614602824434e+01 1 1 1 0.0 0.0 0.0
Se 2.082324103404e+01 1.809052968593e+00 1.614602824434e+01 1 1 1 0.0 0.0 0.0
Se 2.344145444448e+01 4.076492294746e+00 1.614602824434e+01 1 1 1 0.0 0.0 0.0
Se 2.605966785492e+01 6.343931620899e+00 1.614602824434e+01 1 1 1 0.0 0.0 0.0
Se 2.867788126536e+01 8.611370947052e+00 1.614602824434e+01 1 1 1 0.0 0.0 0.0
Se 3.129609467581e+01 1.087881027320e+01 1.614602824434e+01 1 1 1 0.0 0.0 0.0
Se 2.409600779719e+01 6.753333055160e-01 1.614602824434e+01 1 1 1 0.0 0.0 0.0
Se 2.671422120763e+01 2.942772631669e+00 1.614602824434e+01 1 1 1 0.0 0.0 0.0
Se 2.933243461807e+01 5.210211957822e+00 1.614602824434e+01 1 1 1 0.0 0.0 0.0
Se 9.702545579135e+00 2.258786817069e+01 1.336443756309e+01 1 1 1 0.0 0.0 0.0
Se 1.232075898958e+01 2.485530749684e+01 1.336443756309e+01 1 1 1 0.0 0.0 0.0
Se 1.493897240002e+01 2.712274682299e+01 1.336443756309e+01 1 1 1 0.0 0.0 0.0
Se 7.738885521398e+00 1.691926985530e+01 1.336443756309e+01 1 1 1 0.0 0.0 0.0
Se 1.035709893184e+01 1.918670918146e+01 1.336443756309e+01 1 1 1 0.0 0.0 0.0
Se 1.297531234228e+01 2.145414850761e+01 1.336443756309e+01 1 1 1 0.0 0.0 0.0
Se 1.559352575272e+01 2.372158783376e+01 1.336443756309e+01 1 1 1 0.0 0.0 0.0
Se 1.821173916316e+01 2.598902715992e+01 1.336443756309e+01 1 1 1 0.0 0.0 0.0
Se 5.775225463661e+00 1.125067153992e+01 1.336443756309e+01 1 1 1 0.0 0.0 0.0
Se 8.393438874103e+00 1.351811086607e+01 1.336443756309e+01 1 1 1 0.0 0.0 0.0
Se 1.101165228454e+01 1.578555019223e+01 1.336443756309e+01 1 1 1 0.0 0.0 0.0
Se 1.362986569499e+01 1.805298951838e+01 1.336443756309e+01 1 1 1 0.0 0.0 0.0
Se 1.624807910543e+01 2.032042884453e+01 1.336443756309e+01 1 1 1 0.0 0.0 0.0
Se 1.886629251587e+01 2.258786817069e+01 1.336443756309e+01 1 1 1 0.0 0.0 0.0
Se 2.148450592631e+01 2.485530749684e+01 1.336443756309e+01 1 1 1 0.0 0.0 0.0
Se 2.410271933675e+01 2.712274682299e+01 1.336443756309e+01 1 1 1 0.0 0.0 0.0
Se 3.811565405924e+00 5.582073224539e+00 1.336443756309e+01 1 1 1 0.0 0.0 0.0
Se 6.429778816366e+00 7.849512550692e+00 1.336443756309e+01 1 1 1 0.0 0.0 0.0
Se 9.047992226807e+00 1.011695187685e+01 1.336443756309e+01 1 1 1 0.0 0.0 0.0
Se 1.166620563725e+01 1.238439120300e+01 1.336443756309e+01 1 1 1 0.0 0.0 0.0
Se 1.428441904769e+01 1.465183052915e+01 1.336443756309e+01 1 1 1 0.0 0.0 0.0
Se 1.690263245813e+01 1.691926985530e+01 1.336443756309e+01 1 1 1 0.0 0.0 0.0
Se 1.952084586857e+01 1.918670918146e+01 1.336443756309e+01 1 1 1 0.0 0.0 0.0
Se 2.213905927902e+01 2.145414850761e+01 1.336443756309e+01 1 1 1 0.0 0.0 0.0
Se 2.475727268946e+01 2.372158783376e+01 1.336443756309e+01 1 1 1 0.0 0.0 0.0
Se 2.737548609990e+01 2.598902715992e+01 1.336443756309e+01 1 1 1 0.0 0.0 0.0
Se 1.166620563687e+01 2.825646648607e+01 1.336443756309e+01 1 1 1 0.0 0.0 0.0
Se 1.428441904731e+01 3.052390581222e+01 1.336443756309e+01 1 1 1 0.0 0.0 0.0
Se 4.466118758629e+00 2.180914235310e+00 1.336443756309e+01 1 1 1 0.0 0.0 0.0
Se 7.084332169070e+00 4.448353561463e+00 1.336443756309e+01 1 1 1 0.0 0.0 0.0
Se 9.702545579512e+00 6.715792887616e+00 1.336443756309e+01 1 1 1 0.0 0.0 0.0
Se 1.232075898995e+01 8.983232213769e+00 1.336443756309e+01 1 1 1 0.0 0.0 0.0
Se 1.493897240040e+01 1.125067153992e+01 1.336443756309e+01 1 1 1 0.0 0.0 0.0
Se 1.755718581084e+01 1.351811086607e+01 1.336443756309e+01 1 1 1 0.0 0.0 0.0
Se 2.017539922128e+01 1.578555019223e+01 1.336443756309e+01 1 1 1 0.0 0.0 0.0
Se 2.279361263172e+01 1.805298951838e+01 1.336443756309e+01 1 1 1 0.0 0.0 0.0
Se 2.541182604216e+01 2.032042884453e+01 1.336443756309e+01 1 1 1 0.0 0.0 0.0
Se 2.803003945260e+01 2.258786817069e+01 1.336443756309e+01 1 1 1 0.0 0.0 0.0
Se 3.064825286305e+01 2.485530749684e+01 1.336443756309e+01 1 1 1 0.0 0.0 0.0
Se 3.326646627349e+01 2.712274682299e+01 1.336443756309e+01 1 1 1 0.0 0.0 0.0
Se 1.755718581046e+01 2.939018614915e+01 1.336443756309e+01 1 1 1 0.0 0.0 0.0
Se 7.738885521775e+00 1.047194572233e+00 1.336443756309e+01 1 1 1 0.0 0.0 0.0
Se 1.035709893222e+01 3.314633898386e+00 1.336443756309e+01 1 1 1 0.0 0.0 0.0
Se 1.297531234266e+01 5.582073224539e+00 1.336443756309e+01 1 1 1 0.0 0.0 0.0
Se 1.559352575310e+01 7.849512550692e+00 1.336443756309e+01 1 1 1 0.0 0.0 0.0
Se 1.821173916354e+01 1.011695187685e+01 1.336443756309e+01 1 1 1 0.0 0.0 0.0
Se 2.082995257398e+01 1.238439120300e+01 1.336443756309e+01 1 1 1 0.0 0.0 0.0
Se 2.344816598443e+01 1.465183052915e+01 1.336443756309e+01 1 1 1 0.0 0.0 0.0
Se 2.606637939487e+01 1.691926985530e+01 1.336443756309e+01 1 1 1 0.0 0.0 0.0
Se 2.868459280531e+01 1.918670918146e+01 1.336443756309e+01 1 1 1 0.0 0.0 0.0
Se 3.130280621575e+01 2.145414850761e+01 1.336443756309e+01 1 1 1 0.0 0.0 0.0
Se 3.392101962619e+01 2.372158783376e+01 1.336443756309e+01 1 1 1 0.0 0.0 0.0
Se 3.653923303663e+01 2.598902715992e+01 1.336443756309e+01 1 1 1 0.0 0.0 0.0
Se 2.082995257361e+01 2.825646648607e+01 1.336443756309e+01 1 1 1 0.0 0.0 0.0
Se 2.344816598405e+01 3.052390581222e+01 1.336443756309e+01 1 1 1 0.0 0.0 0.0
Se 1.362986569536e+01 2.180914235310e+00 1.336443756309e+01 1 1 1 0.0 0.0 0.0
Se 1.624807910580e+01 4.448353561463e+00 1.336443756309e+01 1 1 1 0.0 0.0 0.0
Se 1.886629251625e+01 6.715792887616e+00 1.336443756309e+01 1 1 1 0.0 0.0 0.0
Se 2.148450592669e+01 8.983232213769e+00 1.336443756309e+01 1 1 1 0.0 0.0 0.0
Se 2.410271933713e+01 1.125067153992e+01 1.336443756309e+01 1 1 1 0.0 0.0 0.0
Se 2.672093274757e+01 1.351811086607e+01 1.336443756309e+01 1 1 1 0.0 0.0 0.0
Se 2.933914615801e+01 1.578555019223e+01 1.336443756309e+01 1 1 1 0.0 0.0 0.0
Se 3.195735956846e+01 1.805298951838e+01 1.336443756309e+01 1 1 1 0.0 0.0 0.0
Se 3.457557297890e+01 2.032042884453e+01 1.336443756309e+01 1 1 1 0.0 0.0 0.0
Se 2.672093274719e+01 2.939018614915e+01 1.336443756309e+01 1 1 1 0.0 0.0 0.0
Se 1.690263245851e+01 1.047194572233e+00 1.336443756309e+01 1 1 1 0.0 0.0 0.0
Se 1.952084586895e+01 3.314633898386e+00 1.336443756309e+01 1 1 1 0.0 0.0 0.0
Se 2.213905927939e+01 5.582073224539e+00 1.336443756309e+01 1 1 1 0.0 0.0 0.0
Se 2.475727268983e+01 7.849512550692e+00 1.336443756309e+01 1 1 1 0.0 0.0 0.0
Se 2.737548610028e+01 1.011695187685e+01 1.336443756309e+01 1 1 1 0.0 0.0 0.0
Se 2.999369951072e+01 1.238439120300e+01 1.336443756309e+01 1 1 1 0.0 0.0 0.0
Se 3.261191292116e+01 1.465183052915e+01 1.336443756309e+01 1 1 1 0.0 0.0 0.0
Se 2.999369951034e+01 2.825646648607e+01 1.336443756309e+01 1 1 1 0.0 0.0 0.0
Se 3.261191292078e+01 3.052390581222e+01 1.336443756309e+01 1 1 1 0.0 0.0 0.0
Se 2.279361263210e+01 2.180914235310e+00 1.336443756309e+01 1 1 1 0.0 0.0 0.0
Se 2.541182604254e+01 4.448353561463e+00 1.336443756309e+01 1 1 1 0.0 0.0 0.0
Se 2.803003945298e+01 6.715792887616e+00 1.336443756309e+01 1 1 1 0.0 0.0 0.0
Se 3.064825286342e+01 8.983232213769e+00 1.336443756309e+01 1 1 1 0.0 0.0 0.0
Se 3.588467968393e+01 2.939018614915e+01 1.336443756309e+01 1 1 1 0.0 0.0 0.0
Se 2.606637939524e+01 1.047194572233e+00 1.336443756309e+01 1 1 1 0.0 0.0 0.0
Se 2.868459280569e+01 3.314633898386e+00 1.336443756309e+01 1 1 1 0.0 0.0 0.0
Se 1.035012171095e+01 2.448447028868e+01 1.951046802998e+01 1 1 1 0.0 0.0 0.0
Se 1.296833512139e+01 2.675190961483e+01 1.951046802998e+01 1 1 1 0.0 0.0 0.0
Se 1.558654853183e+01 2.901934894098e+01 1.951046802998e+01 1 1 1 0.0 0.0 0.0
Se 8.386461653212e+00 1.881587197330e+01 1.951046802998e+01 1 1 1 0.0 0.0 0.0
Se 1.100467506365e+01 2.108331129945e+01 1.951046802998e+01 1 1 1 0.0 0.0 0.0
Se 1.362288847410e+01 2.335075062560e+01 1.951046802998e+01 1 1 1 0.0 0.0 0.0
Se 1.624110188454e+01 2.561818995176e+01 1.951046802998e+01 1 1 1 0.0 0.0 0.0
Se 1.885931529498e+01 2.788562927791e+01 1.951046802998e+01 1 1 1 0.0 0.0 0.0
Se 6.422801595475e+00 1.314727365791e+01 1.951046802998e+01 1 1 1 0.0 0.0 0.0
Se 9.041015005917e+00 1.541471298407e+01 1.951046802998e+01 1 1 1 0.0 0.0 0.0
Se 1.165922841636e+01 1.768215231022e+01 1.951046802998e+01 1 1 1 0.0 0.0 0.0
Se 1.427744182680e+01 1.994959163637e+01 1.951046802998e+01 1 1 1 0.0 0.0 0.0
Se 1.689565523724e+01 2.221703096253e+01 1.951046802998e+01 1 1 1 0.0 0.0 0.0
Se 1.951386864768e+01 2.448447028868e+01 1.951046802998e+01 1 1 1 0.0 0.0 0.0
Se 2.213208205813e+01 2.675190961483e+01 1.951046802998e+01 1 1 1 0.0 0.0 0.0
Se 2.475029546857e+01 2.901934894098e+01 1.951046802998e+01 1 1 1 0.0 0.0 0.0
Se 4.459141537738e+00 7.478675342531e+00 1.951046802998e+01 1 1 1 0.0 0.0 0.0
Se 7.077354948180e+00 9.746114668684e+00 1.951046802998e+01 1 1 1 0.0 0.0 0.0
Se 9.695568358621e+00 1.201355399484e+01 1.951046802998e+01 1 1 1 0.0 0.0 0.0
Se 1.231378176906e+01 1.428099332099e+01 1.951046802998e+01 1 1 1 0.0 0.0 0.0
Se 1.493199517950e+01 1.654843264714e+01 1.951046802998e+01 1 1 1 0.0 0.0 0.0
Se 1.755020858995e+01 1.881587197330e+01 1.951046802998e+01 1 1 1 0.0 0.0 0.0
Se 2.016842200039e+01 2.108331129945e+01 1.951046802998e+01 1 1 1 0.0 0.0 0.0
Se 2.278663541083e+01 2.335075062560e+01 1.951046802998e+01 1 1 1 0.0 0.0 0.0
Se 2.540484882127e+01 2.561818995176e+01 1.951046802998e+01 1 1 1 0.0 0.0 0.0
Se 2.802306223171e+01 2.788562927791e+01 1.951046802998e+01 1 1 1 0.0 0.0 0.0
Se 1.231378176869e+01 3.015306860406e+01 1.951046802998e+01 1 1 1 0.0 0.0 0.0
Se 2.495481480001e+00 1.810077027148e+00 1.951046802998e+01 1 1 1 0.0 0.0 0.0
Se 5.113694890443e+00 4.077516353301e+00 1.951046802998e+01 1 1 1 0.0 0.0 0.0
Se 7.731908300884e+00 6.344955679454e+00 1.951046802998e+01 1 1 1 0.0 0.0 0.0
Se 1.035012171133e+01 8.612395005608e+00 1.951046802998e+01 1 1 1 0.0 0.0 0.0
Se 1.296833512177e+01 1.087983433176e+01 1.951046802998e+01 1 1 1 0.0 0.0 0.0
Se 1.558654853221e+01 1.314727365791e+01 1.951046802998e+01 1 1 1 0.0 0.0 0.0
Se 1.820476194265e+01 1.541471298407e+01 1.951046802998e+01 1 1 1 0.0 0.0 0.0
Se 2.082297535309e+01 1.768215231022e+01 1.951046802998e+01 1 1 1 0.0 0.0 0.0
Se 2.344118876353e+01 1.994959163637e+01 1.951046802998e+01 1 1 1 0.0 0.0 0.0
Se 2.605940217398e+01 2.221703096253e+01 1.951046802998e+01 1 1 1 0.0 0.0 0.0
Se 2.867761558442e+01 2.448447028868e+01 1.951046802998e+01 1 1 1 0.0 0.0 0.0
Se 3.129582899486e+01 2.675190961483e+01 1.951046802998e+01 1 1 1 0.0 0.0 0.0
Se 3.391404240530e+01 2.901934894098e+01 1.951046802998e+01 1 1 1 0.0 0.0 0.0
Se 5.768248243147e+00 6.763573640720e-01 1.951046802998e+01 1 1 1 0.0 0.0 0.0
Se 8.386461653589e+00 2.943796690225e+00 1.951046802998e+01 1 1 1 0.0 0.0 0.0
Se 1.100467506403e+01 5.211236016378e+00 1.951046802998e+01 1 1 1 0.0 0.0 0.0
Se 1.362288847447e+01 7.478675342531e+00 1.951046802998e+01 1 1 1 0.0 0.0 0.0
Se 1.624110188491e+01 9.746114668684e+00 1.951046802998e+01 1 1 1 0.0 0.0 0.0
Se 1.885931529536e+01 1.201355399484e+01 1.951046802998e+01 1 1 1 0.0 0.0 0.0
Se 2.147752870580e+01 1.428099332099e+01 1.951046802998e+01 1 1 1 0.0 0.0 0.0
Se 2.409574211624e+01 1.654843264714e+01 1.951046802998e+01 1 1 1 0.0 0.0 0.0
Se 2.671395552668e+01 1.881587197330e+01 1.951046802998e+01 1 1 1 0.0 0.0 0.0
Se 2.933216893712e+01 2.108331129945e+01 1.951046802998e+01 1 1 1 0.0 0.0 0.0
Se 3.195038234756e+01 2.335075062560e+01 1.951046802998e+01 1 1 1 0.0 0.0 0.0
Se 3.456859575801e+01 2.561818995176e+01 1.951046802998e+01 1 1 1 0.0 0.0 0.0
Se 3.718680916845e+01 2.788562927791e+01 1.951046802998e+01 1 1 1 0.0 0.0 0.0
Se 2.147752870542e+01 3.015306860406e+01 1.951046802998e+01 1 1 1 0.0 0.0 0.0
Se 1.165922841674e+01 1.810077027148e+00 1.951046802998e+01 1 1 1 0.0 0.0 0.0
Se 1.427744182718e+01 4.077516353301e+00 1.951046802998e+01 1 1 1 0.0 0.0 0.0
Se 1.689565523762e+01 6.344955679454e+00 1.951046802998e+01 1 1 1 0.0 0.0 0.0
Se 1.951386864806e+01 8.612395005608e+00 1.951046802998e+01 1 1 1 0.0 0.0 0.0
Se 2.213208205850e+01 1.087983433176e+01 1.951046802998e+01 1 1 1 0.0 0.0 0.0
Se 2.475029546894e+01 1.314727365791e+01 1.951046802998e+01 1 1 1 0.0 0.0 0.0
Se 2.736850887939e+01 1.541471298407e+01 1.951046802998e+01 1 1 1 0.0 0.0 0.0
Se 2.998672228983e+01 1.768215231022e+01 1.951046802998e+01 1 1 1 0.0 0.0 0.0
Se 3.260493570027e+01 1.994959163637e+01 1.951046802998e+01 1 1 1 0.0 0.0 0.0
Se 3.522314911071e+01 2.221703096253e+01 1.951046802998e+01 1 1 1 0.0 0.0 0.0
Se 1.493199517988e+01 6.763573640720e-01 1.951046802998e+01 1 1 1 0.0 0.0 0.0
Se 1.755020859032e+01 2.943796690225e+00 1.951046802998e+01 1 1 1 0.0 0.0 0.0
Se 2.016842200077e+01 5.211236016378e+00 1.951046802998e+01 1 1 1 0.0 0.0 0.0
Se 2.278663541121e+01 7.478675342531e+00 1.951046802998e+01 1 1 1 0.0 0.0 0.0
Se 2.540484882165e+01 9.746114668684e+00 1.951046802998e+01 1 1 1 0.0 0.0 0.0
Se 2.802306223209e+01 1.201355399484e+01 1.951046802998e+01 1 1 1 0.0 0.0 0.0
Se 3.064127564253e+01 1.428099332099e+01 1.951046802998e+01 1 1 1 0.0 0.0 0.0
Se 3.325948905297e+01 1.654843264714e+01 1.951046802998e+01 1 1 1 0.0 0.0 0.0
Se 3.064127564215e+01 3.015306860406e+01 1.951046802998e+01 1 1 1 0.0 0.0 0.0
Se 2.082297535347e+01 1.810077027148e+00 1.951046802998e+01 1 1 1 0.0 0.0 0.0
Se 2.344118876391e+01 4.077516353301e+00 1.951046802998e+01 1 1 1 0.0 0.0 0.0
Se 2.605940217435e+01 6.344955679454e+00 1.951046802998e+01 1 1 1 0.0 0.0 0.0
Se 2.867761558479e+01 8.612395005608e+00 1.951046802998e+01 1 1 1 0.0 0.0 0.0
Se 3.129582899524e+01 1.087983433176e+01 1.951046802998e+01 1 1 1 0.0 0.0 0.0
Se 2.409574211662e+01 6.763573640720e-01 1.951046802998e+01 1 1 1 0.0 0.0 0.0
Se 2.671395552706e+01 2.943796690225e+00 1.951046802998e+01 1 1 1 0.0 0.0 0.0
Se 2.933216893750e+01 5.211236016378e+00 1.951046802998e+01 1 1 1 0.0 0.0 0.0
Se 1.199189644847e+01 2.523579626829e+01 3.998930533072e+01 1 1 1 0.0 0.0 0.0
Se 1.614129716599e+01 2.578241110585e+01 3.998930533072e+01 1 1 1 0.0 0.0 0.0
Se 2.029069788350e+01 2.632902594340e+01 3.998930533072e+01 1 1 1 0.0 0.0 0.0
Se 2.444009860101e+01 2.687564078096e+01 3.998930533072e+01 1 1 1 0.0 0.0 0.0
Se 2.858949931853e+01 2.742225561851e+01 3.998930533072e+01 1 1 1 0.0 0.0 0.0
Se 3.273890003604e+01 2.796887045607e+01 3.998930533072e+01 1 1 1 0.0 0.0 0.0
Se 3.688830075355e+01 2.851548529362e+01 3.998930533072e+01 1 1 1 0.0 0.0 0.0
Se 1.043733223608e+01 2.140949240541e+01 3.998930533072e+01 1 1 1 0.0 0.0 0.0
Se 1.458673295360e+01 2.195610724296e+01 3.998930533072e+01 1 1 1 0.0 0.0 0.0
Se 1.873613367111e+01 2.250272208052e+01 3.998930533072e+01 1 1 1 0.0 0.0 0.0
Se 2.288553438862e+01 2.304933691807e+01 3.998930533072e+01 1 1 1 0.0 0.0 0.0
Se 2.703493510614e+01 2.359595175563e+01 3.998930533072e+01 1 1 1 0.0 0.0 0.0
Se 3.118433582365e+01 2.414256659318e+01 3.998930533072e+01 1 1 1 0.0 0.0 0.0
Se 3.533373654116e+01 2.468918143074e+01 3.998930533072e+01 1 1 1 0.0 0.0 0.0
Se 8.882768023692e+00 1.758318854253e+01 3.998930533072e+01 1 1 1 0.0 0.0 0.0
Se 1.303216874121e+01 1.812980338008e+01 3.998930533072e+01 1 1 1 0.0 0.0 0.0
Se 1.718156945872e+01 1.867641821764e+01 3.998930533072e+01 1 1 1 0.0 0.0 0.0
Se 2.133097017623e+01 1.922303305519e+01 3.998930533072e+01 1 1 1 0.0 0.0 0.0
Se 2.548037089375e+01 1.976964789275e+01 3.998930533072e+01 1 1 1 0.0 0.0 0.0
Se 2.962977161126e+01 2.031626273030e+01 3.998930533072e+01 1 1 1 0.0 0.0 0.0
Se 3.377917232877e+01 2.086287756786e+01 3.998930533072e+01 1 1 1 0.0 0.0 0.0
Se 7.328203811301e+00 1.375688467964e+01 3.998930533072e+01 1 1 1 0.0 0.0 0.0
Se 1.147760452881e+01 1.430349951720e+01 3.998930533072e+01 1 1 1 0.0 0.0 0.0
Se 1.562700524633e+01 1.485011435475e+01 3.998930533072e+01 1 1 1 0.0 0.0 0.0
Se 1.977640596384e+01 1.539672919231e+01 3.998930533072e+01 1 1 1 0.0 0.0 0.0
Se 2.392580668136e+01 1.594334402986e+01 3.998930533072e+01 1 1 1 0.0 0.0 0.0
Se 2.807520739887e+01 1.648995886742e+01 3.998930533072e+01 1 1 1 0.0 0.0 0.0
Se 3.222460811638e+01 1.703657370497e+01 3.998930533072e+01 1 1 1 0.0 0.0 0.0
Se 5.773639598911e+00 9.930580816760e+00 3.998930533072e+01 1 1 1 0.0 0.0 0.0
Se 9.923040316424e+00 1.047719565431e+01 3.998930533072e+01 1 1 1 0.0 0.0 0.0
Se 1.407244103394e+01 1.102381049187e+01 3.998930533072e+01 1 1 1 0.0 0.0 0.0
Se 1.822184175145e+01 1.157042532942e+01 3.998930533072e+01 1 1 1 0.0 0.0 0.0
Se 2.237124246896e+01 1.211704016698e+01 3.998930533072e+01 1 1 1 0.0 0.0 0.0
Se 2.652064318648e+01 1.266365500453e+01 3.998930533072e+01 1 1 1 0.0 0.0 0.0
Se 3.067004390399e+01 1.321026984209e+01 3.998930533072e+01 1 1 1 0.0 0.0 0.0
Se 4.219075386520e+00 6.104276953877e+00 3.998930533072e+01 1 1 1 0.0 0.0 0.0
Se 8.368476104033e+00 6.650891791432e+00 3.998930533072e+01 1 1 1 0.0 0.0 0.0
Se 1.251787682155e+01 7.197506628986e+00 3.998930533072e+01 1 1 1 0.0 0.0 0.0
Se 1.666727753906e+01 7.744121466541e+00 3.998930533072e+01 1 1 1 0.0 0.0 0.0
Se 2.081667825657e+01 8.290736304096e+00 3.998930533072e+01 1 1 1 0.0 0.0 0.0
Se 2.496607897409e+01 8.837351141651e+00 3.998930533072e+01 1 1 1 0.0 0.0 0.0
Se 2.911547969160e+01 9.383965979205e+00 3.998930533072e+01 1 1 1 0.0 0.0 0.0
Se 2.664511174129e+00 2.277973090994e+00 3.998930533072e+01 1 1 1 0.0 0.0 0.0
Se 6.813911891642e+00 2.824587928548e+00 3.998930533072e+01 1 1 1 0.0 0.0 0.0
Se 1.096331260916e+01 3.371202766103e+00 3.998930533072e+01 1 1 1 0.0 0.0 0.0
Se 1.511271332667e+01 3.917817603658e+00 3.998930533072e+01 1 1 1 0.0 0.0 0.0
Se 1.926211404418e+01 4.464432441213e+00 3.998930533072e+01 1 1 1 0.0 0.0 0.0
Se 2.341151476170e+01 5.011047278767e+00 3.998930533072e+01 1 1 1 0.0 0.0 0.0
Se 2.756091547921e+01 5.557662116322e+00 3.998930533072e+01 1 1 1 0.0 0.0 0.0
Se 1.354646066086e+01 2.906210013118e+01 3.998930533072e+01 1 1 1 0.0 0.0 0.0
Se 1.769586137838e+01 2.960871496873e+01 3.998930533072e+01 1 1 1 0.0 0.0 0.0
Se 2.184526209589e+01 3.015532980629e+01 3.998930533072e+01 1 1 1 0.0 0.0 0.0
Se 1.355814911428e+01 9.151374077469e-02 3.998930533072e+01 1 1 1 0.0 0.0 0.0
Se 1.770754983179e+01 6.381285783294e-01 3.998930533072e+01 1 1 1 0.0 0.0 0.0
Se 2.185695054931e+01 1.184743415884e+00 3.998930533072e+01 1 1 1 0.0 0.0 0.0
Se 2.600635126682e+01 1.731358253439e+00 3.998930533072e+01 1 1 1 0.0 0.0 0.0
Se 1.011602876551e+01 2.380516750740e+01 3.635172086532e+01 1 1 1 0.0 0.0 0.0
Se 1.426542948302e+01 2.435178234496e+01 3.635172086532e+01 1 1 1 0.0 0.0 0.0
Se 1.841483020054e+01 2.489839718251e+01 3.635172086532e+01 1 1 1 0.0 0.0 0.0
Se 2.256423091805e+01 2.544501202007e+01 3.635172086532e+01 1 1 1 0.0 0.0 0.0
Se 2.671363163556e+01 2.599162685762e+01 3.635172086532e+01 1 1 1 0.0 0.0 0.0
Se 3.086303235308e+01 2.653824169517e+01 3.635172086532e+01 1 1 1 0.0 0.0 0.0
Se 3.501243307059e+01 2.708485653273e+01 3.635172086532e+01 1 1 1 0.0 0.0 0.0
Se 8.561464553120e+00 1.997886364452e+01 3.635172086532e+01 1 1 1 0.0 0.0 0.0
Se 1.271086527063e+01 2.052547848207e+01 3.635172086532e+01 1 1 1 0.0 0.0 0.0
Se 1.686026598815e+01 2.107209331963e+01 3.635172086532e+01 1 1 1 0.0 0.0 0.0
Se 2.100966670566e+01 2.161870815718e+01 3.635172086532e+01 1 1 1 0.0 0.0 0.0
Se 2.515906742317e+01 2.216532299474e+01 3.635172086532e+01 1 1 1 0.0 0.0 0.0
Se 2.930846814069e+01 2.271193783229e+01 3.635172086532e+01 1 1 1 0.0 0.0 0.0
Se 3.345786885820e+01 2.325855266985e+01 3.635172086532e+01 1 1 1 0.0 0.0 0.0
Se 7.006900340729e+00 1.615255978163e+01 3.635172086532e+01 1 1 1 0.0 0.0 0.0
Se 1.115630105824e+01 1.669917461919e+01 3.635172086532e+01 1 1 1 0.0 0.0 0.0
Se 1.530570177576e+01 1.724578945674e+01 3.635172086532e+01 1 1 1 0.0 0.0 0.0
Se 1.945510249327e+01 1.779240429430e+01 3.635172086532e+01 1 1 1 0.0 0.0 0.0
Se 2.360450321078e+01 1.833901913185e+01 3.635172086532e+01 1 1 1 0.0 0.0 0.0
Se 2.775390392830e+01 1.888563396941e+01 3.635172086532e+01 1 1 1 0.0 0.0 0.0
Se 3.190330464581e+01 1.943224880696e+01 3.635172086532e+01 1 1 1 0.0 0.0 0.0
Se 5.452336128338e+00 1.232625591875e+01 3.635172086532e+01 1 1 1 0.0 0.0 0.0
Se 9.601736845852e+00 1.287287075631e+01 3.635172086532e+01 1 1 1 0.0 0.0 0.0
Se 1.375113756337e+01 1.341948559386e+01 3.635172086532e+01 1 1 1 0.0 0.0 0.0
Se 1.790053828088e+01 1.396610043142e+01 3.635172086532e+01 1 1 1 0.0 0.0 0.0
Se 2.204993899839e+01 1.451271526897e+01 3.635172086532e+01 1 1 1 0.0 0.0 0.0
Se 2.619933971591e+01 1.505933010653e+01 3.635172086532e+01 1 1 1 0.0 0.0 0.0
Se 3.034874043342e+01 1.560594494408e+01 3.635172086532e+01 1 1 1 0.0 0.0 0.0
Se 3.897771915947e+00 8.499952055868e+00 3.635172086532e+01 1 1 1 0.0 0.0 0.0
Se 8.047172633461e+00 9.046566893423e+00 3.635172086532e+01 1 1 1 0.0 0.0 0.0
Se 1.219657335097e+01 9.593181730978e+00 3.635172086532e+01 1 1 1 0.0 0.0 0.0
Se 1.634597406849e+01 1.013979656853e+01 3.635172086532e+01 1 1 1 0.0 0.0 0.0
Se 2.049537478600e+01 1.068641140609e+01 3.635172086532e+01 1 1 1 0.0 0.0 0.0
Se 2.464477550351e+01 1.123302624364e+01 3.635172086532e+01 1 1 1 0.0 0.0 0.0
Se 2.879417622103e+01 1.177964108120e+01 3.635172086532e+01 1 1 1 0.0 0.0 0.0
Se 2.343207703556e+00 4.673648192985e+00 3.635172086532e+01 1 1 1 0.0 0.0 0.0
Se 6.492608421070e+00 5.220263030540e+00 3.635172086532e+01 1 1 1 0.0 0.0 0.0
Se 1.064200913858e+01 5.766877868094e+00 3.635172086532e+01 1 1 1 0.0 0.0 0.0
Se 1.479140985610e+01 6.313492705649e+00 3.635172086532e+01 1 1 1 0.0 0.0 0.0
Se 1.894081057361e+01 6.860107543204e+00 3.635172086532e+01 1 1 1 0.0 0.0 0.0
Se 2.309021129112e+01 7.406722380759e+00 3.635172086532e+01 1 1 1 0.0 0.0 0.0
Se 2.723961200864e+01 7.953337218313e+00 3.635172086532e+01 1 1 1 0.0 0.0 0.0
Se 7.886434911655e-01 8.473443301016e-01 3.635172086532e+01 1 1 1 0.0 0.0 0.0
Se 4.938044208679e+00 1.393959167656e+00 3.635172086532e+01 1 1 1 0.0 0.0 0.0
Se 9.087444926192e+00 1.940574005211e+00 3.635172086532e+01 1 1 1 0.0 0.0 0.0
Se 1.323684564371e+01 2.487188842766e+00 3.635172086532e+01 1 1 1 0.0 0.0 0.0
Se 1.738624636122e+01 3.033803680321e+00 3.635172086532e+01 1 1 1 0.0 0.0 0.0
Se 2.153564707873e+01 3.580418517875e+00 3.635172086532e+01 1 1 1 0.0 0.0 0.0
Se 2.568504779625e+01 4.127033355430e+00 3.635172086532e+01 1 1 1 0.0 0.0 0.0
Se 1.167059297790e+01 2.763147137028e+01 3.635172086532e+01 1 1 1 0.0 0.0 0.0
Se 1.581999369541e+01 2.817808620784e+01 3.635172086532e+01 1 1 1 0.0 0.0 0.0
Se 1.996939441293e+01 2.872470104539e+01 3.635172086532e+01 1 1 1 0.0 0.0 0.0
Se 2.411879513044e+01 2.927131588295e+01 3.635172086532e+01 1 1 1 0.0 0.0 0.0
Se 2.826819584796e+01 2.981793072050e+01 3.635172086532e+01 1 1 1 0.0 0.0 0.0
Se 3.241759656547e+01 3.036454555806e+01 3.635172086532e+01 1 1 1 0.0 0.0 0.0
Se 2.413048358386e+01 3.007294925469e-01 3.635172086532e+01 1 1 1 0.0 0.0 0.0
Se 1.235106912082e+01 2.289530916594e+01 3.271820175121e+01 1 1 1 0.0 0.0 0.0
Se 1.650046983833e+01 2.344192400350e+01 3.271820175121e+01 1 1 1 0.0 0.0 0.0
Se 2.064987055585e+01 2.398853884105e+01 3.271820175121e+01 1 1 1 0.0 0.0 0.0
Se 2.479927127336e+01 2.453515367861e+01 3.271820175121e+01 1 1 1 0.0 0.0 0.0
Se 2.894867199088e+01 2.508176851616e+01 3.271820175121e+01 1 1 1 0.0 0.0 0.0
Se 3.309807270839e+01 2.562838335372e+01 3.271820175121e+01 1 1 1 0.0 0.0 0.0
Se 3.724747342590e+01 2.617499819127e+01 3.271820175121e+01 1 1 1 0.0 0.0 0.0
Se 1.079650490843e+01 1.906900530306e+01 3.271820175121e+01 1 1 1 0.0 0.0 0.0
Se 1.494590562594e+01 1.961562014062e+01 3.271820175121e+01 1 1 1 0.0 0.0 0.0
Se 1.909530634346e+01 2.016223497817e+01 3.271820175121e+01 1 1 1 0.0 0.0 0.0
Se 2.324470706097e+01 2.070884981573e+01 3.271820175121e+01 1 1 1 0.0 0.0 0.0
Se 2.739410777848e+01 2.125546465328e+01 3.271820175121e+01 1 1 1 0.0 0.0 0.0
Se 3.154350849600e+01 2.180207949084e+01 3.271820175121e+01 1 1 1 0.0 0.0 0.0
Se 3.569290921351e+01 2.234869432839e+01 3.271820175121e+01 1 1 1 0.0 0.0 0.0
Se 9.241940696040e+00 1.524270144018e+01 3.271820175121e+01 1 1 1 0.0 0.0 0.0
Se 1.339134141355e+01 1.578931627773e+01 3.271820175121e+01 1 1 1 0.0 0.0 0.0
Se 1.754074213107e+01 1.633593111529e+01 3.271820175121e+01 1 1 1 0.0 0.0 0.0
Se 2.169014284858e+01 1.688254595284e+01 3.271820175121e+01 1 1 1 0.0 0.0 0.0
Se 2.583954356609e+01 1.742916079040e+01 3.271820175121e+01 1 1 1 0.0 0.0 0.0
Se 2.998894428361e+01 1.797577562795e+01 3.271820175121e+01 1 1 1 0.0 0.0 0.0
Se 3.413834500112e+01 1.852239046551e+01 3.271820175121e+01 1 1 1 0.0 0.0 0.0
Se 7.687376483649e+00 1.141639757729e+01 3.271820175121e+01 1 1 1 0.0 0.0 0.0
Se 1.183677720116e+01 1.196301241485e+01 3.271820175121e+01 1 1 1 0.0 0.0 0.0
Se 1.598617791868e+01 1.250962725240e+01 3.271820175121e+01 1 1 1 0.0 0.0 0.0
Se 2.013557863619e+01 1.305624208996e+01 3.271820175121e+01 1 1 1 0.0 0.0 0.0
Se 2.428497935370e+01 1.360285692751e+01 3.271820175121e+01 1 1 1 0.0 0.0 0.0
Se 2.843438007122e+01 1.414947176507e+01 3.271820175121e+01 1 1 1 0.0 0.0 0.0
Se 3.258378078873e+01 1.469608660262e+01 3.271820175121e+01 1 1 1 0.0 0.0 0.0
Se 6.132812271258e+00 7.590093714412e+00 3.271820175121e+01 1 1 1 0.0 0.0 0.0
Se 1.028221298877e+01 8.136708551966e+00 3.271820175121e+01 1 1 1 0.0 0.0 0.0
Se 1.443161370628e+01 8.683323389521e+00 3.271820175121e+01 1 1 1 0.0 0.0 0.0
Se 1.858101442380e+01 9.229938227076e+00 3.271820175121e+01 1 1 1 0.0 0.0 0.0
Se 2.273041514131e+01 9.776553064631e+00 3.271820175121e+01 1 1 1 0.0 0.0 0.0
Se 2.687981585883e+01 1.032316790219e+01 3.271820175121e+01 1 1 1 0.0 0.0 0.0
Se 3.102921657634e+01 1.086978273974e+01 3.271820175121e+01 1 1 1 0.0 0.0 0.0
Se 4.578248058867e+00 3.763789851528e+00 3.271820175121e+01 1 1 1 0.0 0.0 0.0
Se 8.727648776381e+00 4.310404689083e+00 3.271820175121e+01 1 1 1 0.0 0.0 0.0
Se 1.287704949389e+01 4.857019526638e+00 3.271820175121e+01 1 1 1 0.0 0.0 0.0
Se 1.702645021141e+01 5.403634364193e+00 3.271820175121e+01 1 1 1 0.0 0.0 0.0
Se 2.117585092892e+01 5.950249201747e+00 3.271820175121e+01 1 1 1 0.0 0.0 0.0
Se 2.532525164643e+01 6.496864039302e+00 3.271820175121e+01 1 1 1 0.0 0.0 0.0
Se 2.947465236395e+01 7.043478876857e+00 3.271820175121e+01 1 1 1 0.0 0.0 0.0
Se 1.546019754560e+01 3.054791689171e+01 3.271820175121e+01 1 1 1 0.0 0.0 0.0
Se 7.173084563990e+00 4.841008262000e-01 3.271820175121e+01 1 1 1 0.0 0.0 0.0
Se 1.132248528150e+01 1.030715663755e+00 3.271820175121e+01 1 1 1 0.0 0.0 0.0
Se 1.547188599902e+01 1.577330501309e+00 3.271820175121e+01 1 1 1 0.0 0.0 0.0
Se 1.962128671653e+01 2.123945338864e+00 3.271820175121e+01 1 1 1 0.0 0.0 0.0
Se 2.377068743404e+01 2.670560176419e+00 3.271820175121e+01 1 1 1 0.0 0.0 0.0
Se 2.792008815156e+01 3.217175013974e+00 3.271820175121e+01 1 1 1 0.0 0.0 0.0
Se 1.390563333321e+01 2.672161302883e+01 3.271820175121e+01 1 1 1 0.0 0.0 0.0
Se 1.805503405073e+01 2.726822786638e+01 3.271820175121e+01 1 1 1 0.0 0.0 0.0
Se 2.220443476824e+01 2.781484270394e+01 3.271820175121e+01 1 1 1 0.0 0.0 0.0
Se 2.635383548575e+01 2.836145754149e+01 3.271820175121e+01 1 1 1 0.0 0.0 0.0
Se 3.050323620327e+01 2.890807237905e+01 3.271820175121e+01 1 1 1 0.0 0.0 0.0
Se 3.465263692078e+01 2.945468721660e+01 3.271820175121e+01 1 1 1 0.0 0.0 0.0
Se 3.880203763829e+01 3.000130205416e+01 3.271820175121e+01 1 1 1 0.0 0.0 0.0
Se 1.006979641823e+01 2.387329637392e+01 2.995146533993e+01 1 1 1 0.0 0.0 0.0
Se 1.421919713575e+01 2.441991121147e+01 2.995146533993e+01 1 1 1 0.0 0.0 0.0
Se 1.836859785326e+01 2.496652604903e+01 2.995146533993e+01 1 1 1 0.0 0.0 0.0
Se 2.251799857077e+01 2.551314088658e+01 2.995146533993e+01 1 1 1 0.0 0.0 0.0
Se 2.666739928829e+01 2.605975572414e+01 2.995146533993e+01 1 1 1 0.0 0.0 0.0
Se 3.081680000580e+01 2.660637056169e+01 2.995146533993e+01 1 1 1 0.0 0.0 0.0
Se 3.496620072331e+01 2.715298539925e+01 2.995146533993e+01 1 1 1 0.0 0.0 0.0
Se 8.515232205842e+00 2.004699251103e+01 2.995146533993e+01 1 1 1 0.0 0.0 0.0
Se 1.266463292336e+01 2.059360734859e+01 2.995146533993e+01 1 1 1 0.0 0.0 0.0
Se 1.681403364087e+01 2.114022218614e+01 2.995146533993e+01 1 1 1 0.0 0.0 0.0
Se 2.096343435838e+01 2.168683702370e+01 2.995146533993e+01 1 1 1 0.0 0.0 0.0
Se 2.511283507590e+01 2.223345186125e+01 2.995146533993e+01 1 1 1 0.0 0.0 0.0
Se 2.926223579341e+01 2.278006669881e+01 2.995146533993e+01 1 1 1 0.0 0.0 0.0
Se 3.341163651092e+01 2.332668153636e+01 2.995146533993e+01 1 1 1 0.0 0.0 0.0
Se 6.960667993451e+00 1.622068864815e+01 2.995146533993e+01 1 1 1 0.0 0.0 0.0
Se 1.111006871096e+01 1.676730348571e+01 2.995146533993e+01 1 1 1 0.0 0.0 0.0
Se 1.525946942848e+01 1.731391832326e+01 2.995146533993e+01 1 1 1 0.0 0.0 0.0
Se 1.940887014599e+01 1.786053316082e+01 2.995146533993e+01 1 1 1 0.0 0.0 0.0
Se 2.355827086351e+01 1.840714799837e+01 2.995146533993e+01 1 1 1 0.0 0.0 0.0
Se 2.770767158102e+01 1.895376283592e+01 2.995146533993e+01 1 1 1 0.0 0.0 0.0
Se 3.185707229853e+01 1.950037767348e+01 2.995146533993e+01 1 1 1 0.0 0.0 0.0
Se 5.406103781061e+00 1.239438478527e+01 2.995146533993e+01 1 1 1 0.0 0.0 0.0
Se 9.555504498574e+00 1.294099962282e+01 2.995146533993e+01 1 1 1 0.0 0.0 0.0
Se 1.370490521609e+01 1.348761446038e+01 2.995146533993e+01 1 1 1 0.0 0.0 0.0
Se 1.785430593360e+01 1.403422929793e+01 2.995146533993e+01 1 1 1 0.0 0.0 0.0
Se 2.200370665111e+01 1.458084413549e+01 2.995146533993e+01 1 1 1 0.0 0.0 0.0
Se 2.615310736863e+01 1.512745897304e+01 2.995146533993e+01 1 1 1 0.0 0.0 0.0
Se 3.030250808614e+01 1.567407381060e+01 2.995146533993e+01 1 1 1 0.0 0.0 0.0
Se 3.851539568670e+00 8.568080922385e+00 2.995146533993e+01 1 1 1 0.0 0.0 0.0
Se 8.000940286183e+00 9.114695759939e+00 2.995146533993e+01 1 1 1 0.0 0.0 0.0
Se 1.215034100370e+01 9.661310597494e+00 2.995146533993e+01 1 1 1 0.0 0.0 0.0
Se 1.629974172121e+01 1.020792543505e+01 2.995146533993e+01 1 1 1 0.0 0.0 0.0
Se 2.044914243872e+01 1.075454027260e+01 2.995146533993e+01 1 1 1 0.0 0.0 0.0
Se 2.459854315624e+01 1.130115511016e+01 2.995146533993e+01 1 1 1 0.0 0.0 0.0
Se 2.874794387375e+01 1.184776994771e+01 2.995146533993e+01 1 1 1 0.0 0.0 0.0
Se 2.296975356279e+00 4.741777059501e+00 2.995146533993e+01 1 1 1 0.0 0.0 0.0
Se 6.446376073792e+00 5.288391897056e+00 2.995146533993e+01 1 1 1 0.0 0.0 0.0
Se 1.059577679131e+01 5.835006734611e+00 2.995146533993e+01 1 1 1 0.0 0.0 0.0
Se 1.474517750882e+01 6.381621572166e+00 2.995146533993e+01 1 1 1 0.0 0.0 0.0
Se 1.889457822633e+01 6.928236409720e+00 2.995146533993e+01 1 1 1 0.0 0.0 0.0
Se 2.304397894385e+01 7.474851247275e+00 2.995146533993e+01 1 1 1 0.0 0.0 0.0
Se 2.719337966136e+01 8.021466084830e+00 2.995146533993e+01 1 1 1 0.0 0.0 0.0
Se 7.424111438880e-01 9.154731966181e-01 2.995146533993e+01 1 1 1 0.0 0.0 0.0
Se 4.891811861401e+00 1.462088034173e+00 2.995146533993e+01 1 1 1 0.0 0.0 0.0
Se 9.041212578915e+00 2.008702871728e+00 2.995146533993e+01 1 1 1 0.0 0.0 0.0
Se 1.319061329643e+01 2.555317709282e+00 2.995146533993e+01 1 1 1 0.0 0.0 0.0
Se 1.734001401394e+01 3.101932546837e+00 2.995146533993e+01 1 1 1 0.0 0.0 0.0
Se 2.148941473146e+01 3.648547384392e+00 2.995146533993e+01 1 1 1 0.0 0.0 0.0
Se 2.563881544897e+01 4.195162221947e+00 2.995146533993e+01 1 1 1 0.0 0.0 0.0
Se 1.162436063062e+01 2.769960023680e+01 2.995146533993e+01 1 1 1 0.0 0.0 0.0
Se 1.577376134814e+01 2.824621507436e+01 2.995146533993e+01 1 1 1 0.0 0.0 0.0
Se 1.992316206565e+01 2.879282991191e+01 2.995146533993e+01 1 1 1 0.0 0.0 0.0
Se 2.407256278316e+01 2.933944474946e+01 2.995146533993e+01 1 1 1 0.0 0.0 0.0
Se 2.822196350068e+01 2.988605958702e+01 2.995146533993e+01 1 1 1 0.0 0.0 0.0
Se 3.237136421819e+01 3.043267442457e+01 2.995146533993e+01 1 1 1 0.0 0.0 0.0
Se 2.408425123658e+01 3.688583590634e-01 2.995146533993e+01 1 1 1 0.0 0.0 0.0
Se 1.229847359672e+01 2.295833777390e+01 2.633360299309e+01 1 1 1 0.0 0.0 0.0
Se 1.644787431423e+01 2.350495261146e+01 2.633360299309e+01 1 1 1 0.0 0.0 0.0
Se 2.059727503175e+01 2.405156744901e+01 2.633360299309e+01 1 1 1 0.0 0.0 0.0
Se 2.474667574926e+01 2.459818228657e+01 2.633360299309e+01 1 1 1 0.0 0.0 0.0
Se 2.889607646677e+01 2.514479712412e+01 2.633360299309e+01 1 1 1 0.0 0.0 0.0
Se 3.304547718429e+01 2.569141196168e+01 2.633360299309e+01 1 1 1 0.0 0.0 0.0
Se 3.719487790180e+01 2.623802679923e+01 2.633360299309e+01 1 1 1 0.0 0.0 0.0
Se 1.074390938433e+01 1.913203391102e+01 2.633360299309e+01 1 1 1 0.0 0.0 0.0
Se 1.489331010184e+01 1.967864874858e+01 2.633360299309e+01 1 1 1 0.0 0.0 0.0
Se 1.904271081936e+01 2.022526358613e+01 2.633360299309e+01 1 1 1 0.0 0.0 0.0
Se 2.319211153687e+01 2.077187842369e+01 2.633360299309e+01 1 1 1 0.0 0.0 0.0
Se 2.734151225438e+01 2.131849326124e+01 2.633360299309e+01 1 1 1 0.0 0.0 0.0
Se 3.149091297190e+01 2.186510809879e+01 2.633360299309e+01 1 1 1 0.0 0.0 0.0
Se 3.564031368941e+01 2.241172293635e+01 2.633360299309e+01 1 1 1 0.0 0.0 0.0
Se 9.189345171939e+00 1.530573004814e+01 2.633360299309e+01 1 1 1 0.0 0.0 0.0
Se 1.333874588945e+01 1.585234488569e+01 2.633360299309e+01 1 1 1 0.0 0.0 0.0
Se 1.748814660697e+01 1.639895972325e+01 2.633360299309e+01 1 1 1 0.0 0.0 0.0
Se 2.163754732448e+01 1.694557456080e+01 2.633360299309e+01 1 1 1 0.0 0.0 0.0
Se 2.578694804199e+01 1.749218939836e+01 2.633360299309e+01 1 1 1 0.0 0.0 0.0
Se 2.993634875951e+01 1.803880423591e+01 2.633360299309e+01 1 1 1 0.0 0.0 0.0
Se 3.408574947702e+01 1.858541907347e+01 2.633360299309e+01 1 1 1 0.0 0.0 0.0
Se 7.634780959548e+00 1.147942618525e+01 2.633360299309e+01 1 1 1 0.0 0.0 0.0
Se 1.178418167706e+01 1.202604102281e+01 2.633360299309e+01 1 1 1 0.0 0.0 0.0
Se 1.593358239458e+01 1.257265586036e+01 2.633360299309e+01 1 1 1 0.0 0.0 0.0
Se 2.008298311209e+01 1.311927069792e+01 2.633360299309e+01 1 1 1 0.0 0.0 0.0
Se 2.423238382960e+01 1.366588553547e+01 2.633360299309e+01 1 1 1 0.0 0.0 0.0
Se 2.838178454712e+01 1.421250037303e+01 2.633360299309e+01 1 1 1 0.0 0.0 0.0
Se 3.253118526463e+01 1.475911521058e+01 2.633360299309e+01 1 1 1 0.0 0.0 0.0
Se 6.080216747157e+00 7.653122322371e+00 2.633360299309e+01 1 1 1 0.0 0.0 0.0
Se 1.022961746467e+01 8.199737159926e+00 2.633360299309e+01 1 1 1 0.0 0.0 0.0
Se 1.437901818218e+01 8.746351997481e+00 2.633360299309e+01 1 1 1 0.0 0.0 0.0
Se 1.852841889970e+01 9.292966835035e+00 2.633360299309e+01 1 1 1 0.0 0.0 0.0
Se 2.267781961721e+01 9.839581672590e+00 2.633360299309e+01 1 1 1 0.0 0.0 0.0
Se 2.682722033472e+01 1.038619651014e+01 2.633360299309e+01 1 1 1 0.0 0.0 0.0
Se 3.097662105224e+01 1.093281134770e+01 2.633360299309e+01 1 1 1 0.0 0.0 0.0
Se 4.525652534766e+00 3.826818459488e+00 2.633360299309e+01 1 1 1 0.0 0.0 0.0
Se 8.675053252280e+00 4.373433297043e+00 2.633360299309e+01 1 1 1 0.0 0.0 0.0
Se 1.282445396979e+01 4.920048134597e+00 2.633360299309e+01 1 1 1 0.0 0.0 0.0
Se 1.697385468731e+01 5.466662972152e+00 2.633360299309e+01 1 1 1 0.0 0.0 0.0
Se 2.112325540482e+01 6.013277809707e+00 2.633360299309e+01 1 1 1 0.0 0.0 0.0
Se 2.527265612233e+01 6.559892647262e+00 2.633360299309e+01 1 1 1 0.0 0.0 0.0
Se 2.942205683985e+01 7.106507484816e+00 2.633360299309e+01 1 1 1 0.0 0.0 0.0
Se 2.971088322376e+00 5.145966047256e-04 2.633360299309e+01 1 1 1 0.0 0.0 0.0
Se 7.120489039889e+00 5.471294341595e-01 2.633360299309e+01 1 1 1 0.0 0.0 0.0
Se 1.126988975740e+01 1.093744271714e+00 2.633360299309e+01 1 1 1 0.0 0.0 0.0
Se 1.541929047492e+01 1.640359109269e+00 2.633360299309e+01 1 1 1 0.0 0.0 0.0
Se 1.956869119243e+01 2.186973946824e+00 2.633360299309e+01 1 1 1 0.0 0.0 0.0
Se 2.371809190994e+01 2.733588784378e+00 2.633360299309e+01 1 1 1 0.0 0.0 0.0
Se 2.786749262746e+01 3.280203621933e+00 2.633360299309e+01 1 1 1 0.0 0.0 0.0
Se 1.385303780911e+01 2.678464163679e+01 2.633360299309e+01 1 1 1 0.0 0.0 0.0
Se 1.800243852663e+01 2.733125647434e+01 2.633360299309e+01 1 1 1 0.0 0.0 0.0
Se 2.215183924414e+01 2.787787131190e+01 2.633360299309e+01 1 1 1 0.0 0.0 0.0
Se 2.630123996165e+01 2.842448614945e+01 2.633360299309e+01 1 1 1 0.0 0.0 0.0
Se 3.045064067917e+01 2.897110098701e+01 2.633360299309e+01 1 1 1 0.0 0.0 0.0
Se 3.460004139668e+01 2.951771582456e+01 2.633360299309e+01 1 1 1 0.0 0.0 0.0
Se 3.874944211419e+01 3.006433066212e+01 2.633360299309e+01 1 1 1 0.0 0.0 0.0
Se 1.194532498570e+01 2.531476961107e+01 2.271046802998e+01 1 1 1 0.0 0.0 0.0
Se 1.609472570321e+01 2.586138444863e+01 2.271046802998e+01 1 1 1 0.0 0.0 0.0
Se 2.024412642073e+01 2.640799928618e+01 2.271046802998e+01 1 1 1 0.0 0.0 0.0
Se 2.439352713824e+01 2.695461412374e+01 2.271046802998e+01 1 1 1 0.0 0.0 0.0
Se 2.854292785575e+01 2.750122896129e+01 2.271046802998e+01 1 1 1 0.0 0.0 0.0
Se 3.269232857327e+01 2.804784379885e+01 2.271046802998e+01 1 1 1 0.0 0.0 0.0
Se 3.684172929078e+01 2.859445863640e+01 2.271046802998e+01 1 1 1 0.0 0.0 0.0
Se 1.039076077331e+01 2.148846574819e+01 2.271046802998e+01 1 1 1 0.0 0.0 0.0
Se 1.454016149082e+01 2.203508058574e+01 2.271046802998e+01 1 1 1 0.0 0.0 0.0
Se 1.868956220834e+01 2.258169542330e+01 2.271046802998e+01 1 1 1 0.0 0.0 0.0
Se 2.283896292585e+01 2.312831026085e+01 2.271046802998e+01 1 1 1 0.0 0.0 0.0
Se 2.698836364336e+01 2.367492509841e+01 2.271046802998e+01 1 1 1 0.0 0.0 0.0
Se 3.113776436088e+01 2.422153993596e+01 2.271046802998e+01 1 1 1 0.0 0.0 0.0
Se 3.528716507839e+01 2.476815477352e+01 2.271046802998e+01 1 1 1 0.0 0.0 0.0
Se 8.836196560919e+00 1.766216188531e+01 2.271046802998e+01 1 1 1 0.0 0.0 0.0
Se 1.298559727843e+01 1.820877672286e+01 2.271046802998e+01 1 1 1 0.0 0.0 0.0
Se 1.713499799595e+01 1.875539156042e+01 2.271046802998e+01 1 1 1 0.0 0.0 0.0
Se 2.128439871346e+01 1.930200639797e+01 2.271046802998e+01 1 1 1 0.0 0.0 0.0
Se 2.543379943097e+01 1.984862123553e+01 2.271046802998e+01 1 1 1 0.0 0.0 0.0
Se 2.958320014849e+01 2.039523607308e+01 2.271046802998e+01 1 1 1 0.0 0.0 0.0
Se 3.373260086600e+01 2.094185091064e+01 2.271046802998e+01 1 1 1 0.0 0.0 0.0
Se 7.281632348528e+00 1.383585802242e+01 2.271046802998e+01 1 1 1 0.0 0.0 0.0
Se 1.143103306604e+01 1.438247285998e+01 2.271046802998e+01 1 1 1 0.0 0.0 0.0
Se 1.558043378356e+01 1.492908769753e+01 2.271046802998e+01 1 1 1 0.0 0.0 0.0
Se 1.972983450107e+01 1.547570253509e+01 2.271046802998e+01 1 1 1 0.0 0.0 0.0
Se 2.387923521858e+01 1.602231737264e+01 2.271046802998e+01 1 1 1 0.0 0.0 0.0
Se 2.802863593610e+01 1.656893221020e+01 2.271046802998e+01 1 1 1 0.0 0.0 0.0
Se 3.217803665361e+01 1.711554704775e+01 2.271046802998e+01 1 1 1 0.0 0.0 0.0
Se 5.727068136138e+00 1.000955415954e+01 2.271046802998e+01 1 1 1 0.0 0.0 0.0
Se 9.876468853651e+00 1.055616899709e+01 2.271046802998e+01 1 1 1 0.0 0.0 0.0
Se 1.402586957116e+01 1.110278383465e+01 2.271046802998e+01 1 1 1 0.0 0.0 0.0
Se 1.817527028868e+01 1.164939867220e+01 2.271046802998e+01 1 1 1 0.0 0.0 0.0
Se 2.232467100619e+01 1.219601350976e+01 2.271046802998e+01 1 1 1 0.0 0.0 0.0
Se 2.647407172371e+01 1.274262834731e+01 2.271046802998e+01 1 1 1 0.0 0.0 0.0
Se 3.062347244122e+01 1.328924318487e+01 2.271046802998e+01 1 1 1 0.0 0.0 0.0
Se 4.172503923747e+00 6.183250296657e+00 2.271046802998e+01 1 1 1 0.0 0.0 0.0
Se 8.321904641260e+00 6.729865134212e+00 2.271046802998e+01 1 1 1 0.0 0.0 0.0
Se 1.247130535877e+01 7.276479971766e+00 2.271046802998e+01 1 1 1 0.0 0.0 0.0
Se 1.662070607629e+01 7.823094809321e+00 2.271046802998e+01 1 1 1 0.0 0.0 0.0
Se 2.077010679380e+01 8.369709646876e+00 2.271046802998e+01 1 1 1 0.0 0.0 0.0
Se 2.491950751131e+01 8.916324484431e+00 2.271046802998e+01 1 1 1 0.0 0.0 0.0
Se 2.906890822883e+01 9.462939321985e+00 2.271046802998e+01 1 1 1 0.0 0.0 0.0
Se 2.617939711356e+00 2.356946433774e+00 2.271046802998e+01 1 1 1 0.0 0.0 0.0
Se 6.767340428869e+00 2.903561271328e+00 2.271046802998e+01 1 1 1 0.0 0.0 0.0
Se 1.091674114638e+01 3.450176108883e+00 2.271046802998e+01 1 1 1 0.0 0.0 0.0
Se 1.506614186390e+01 3.996790946438e+00 2.271046802998e+01 1 1 1 0.0 0.0 0.0
Se 1.921554258141e+01 4.543405783993e+00 2.271046802998e+01 1 1 1 0.0 0.0 0.0
Se 2.336494329892e+01 5.090020621547e+00 2.271046802998e+01 1 1 1 0.0 0.0 0.0
Se 2.751434401644e+01 5.636635459102e+00 2.271046802998e+01 1 1 1 0.0 0.0 0.0
Se 1.349988919809e+01 2.914107347396e+01 2.271046802998e+01 1 1 1 0.0 0.0 0.0
Se 1.764928991561e+01 2.968768831151e+01 2.271046802998e+01 1 1 1 0.0 0.0 0.0
Se 2.179869063312e+01 3.023430314907e+01 2.271046802998e+01 1 1 1 0.0 0.0 0.0
Se 1.351157765151e+01 1.704870835548e-01 2.271046802998e+01 1 1 1 0.0 0.0 0.0
Se 1.766097836902e+01 7.171019211095e-01 2.271046802998e+01 1 1 1 0.0 0.0 0.0
Se 2.181037908653e+01 1.263716758664e+00 2.271046802998e+01 1 1 1 0.0 0.0 0.0
Se 2.595977980405e+01 1.810331596219e+00 2.271046802998e+01 1 1 1 0.0 0.0 0.0
"