calculation_mode = "Quench Electrons"
cell_relax = "False"
charge_density_mixing = "0.1"
charge_mixing_type = "Broyden"
description = "Example parameters for high-throughput bulk relaxation of a vdW material"
dos_broading = "0.05"
dos_method = "Gaussian"
energy_convergence_criterion = "1e-10"
energy_output_units = "Hartrees"
kohn_sham_mucycles = "3"
kohn_sham_solver = "davidson"
kpoint_mesh = "1 1 1"
localize_projectors = "False"
max_md_steps = "100"
max_scf_steps = "200"
non_local_block_size = "4000"
potential_acceleration_constant_step = "1.5"
processor_grid = "6 8 17"
rms_convergence_criterion = "1e-08"
scalapack_block_factor = "64"
start_mode = "LCAO Start"
state_block_size = "64"
stress = "True"
subdiag_driver = "scalapack"
use_async_allreduce = "False"
vdw_corr = "DFT-D3"
vdwdf_kernel_filepath = "/lustre/orion/world-shared/cph162/rjmorelock/rmgdft/XC/vdW_kernel_table"
wavefunction_grid = "128 180 378"
write_data_period = "50"

atomic_coordinate_type = "Absolute"
crds_units = "Angstrom"
lattice_units = "Angstrom"

lattice_vector = "
1.509735502135e+01 0.000000000000e+00 9.000000000000e-16
6.754079877682e+00 1.995611033676e+01 1.300000000000e-15
0.000000000000e+00 0.000000000000e+00 4.446241589303e+01
"
atoms = "
Nb 8.256580939155e+00 1.432773411572e+01 1.532833092694e+01 1 1 1 0.0 0.0 0.0
Nb 1.103767265358e+01 1.639215932297e+01 1.532833092694e+01 1 1 1 0.0 0.0 0.0
Nb 5.872788041127e+00 8.822600229718e+00 1.532833092694e+01 1 1 1 0.0 0.0 0.0
Nb 8.653879755556e+00 1.088702543697e+01 1.532833092694e+01 1 1 1 0.0 0.0 0.0
Nb 1.143497146999e+01 1.295145064422e+01 1.532833092694e+01 1 1 1 0.0 0.0 0.0
Nb 1.421606318442e+01 1.501587585147e+01 1.532833092694e+01 1 1 1 0.0 0.0 0.0
Nb 1.699715489884e+01 1.708030105872e+01 1.532833092694e+01 1 1 1 0.0 0.0 0.0
Nb 3.488995143099e+00 3.317466343715e+00 1.532833092694e+01 1 1 1 0.0 0.0 0.0
Nb 6.270086857529e+00 5.381891550966e+00 1.532833092694e+01 1 1 1 0.0 0.0 0.0
Nb 9.051178571958e+00 7.446316758217e+00 1.532833092694e+01 1 1 1 0.0 0.0 0.0
Nb 1.183227028639e+01 9.510741965468e+00 1.532833092694e+01 1 1 1 0.0 0.0 0.0
Nb 1.461336200082e+01 1.157516717272e+01 1.532833092694e+01 1 1 1 0.0 0.0 0.0
Nb 1.739445371525e+01 1.363959237997e+01 1.532833092694e+01 1 1 1 0.0 0.0 0.0
Nb 2.017554542968e+01 1.570401758722e+01 1.532833092694e+01 1 1 1 0.0 0.0 0.0
Nb 7.859282122753e+00 1.776844279447e+01 1.532833092694e+01 1 1 1 0.0 0.0 0.0
Nb 1.064037383718e+01 1.983286800172e+01 1.532833092694e+01 1 1 1 0.0 0.0 0.0
Nb 6.667385673930e+00 1.941182872214e+00 1.532833092694e+01 1 1 1 0.0 0.0 0.0
Nb 9.448477388360e+00 4.005608079465e+00 1.532833092694e+01 1 1 1 0.0 0.0 0.0
Nb 1.222956910279e+01 6.070033286716e+00 1.532833092694e+01 1 1 1 0.0 0.0 0.0
Nb 1.501066081722e+01 8.134458493968e+00 1.532833092694e+01 1 1 1 0.0 0.0 0.0
Nb 1.779175253165e+01 1.019888370122e+01 1.532833092694e+01 1 1 1 0.0 0.0 0.0
Nb 5.475489224726e+00 1.226330890847e+01 1.532833092694e+01 1 1 1 0.0 0.0 0.0
Nb 1.381876436801e+01 1.845658453022e+01 1.532833092694e+01 1 1 1 0.0 0.0 0.0
Nb 9.845776204761e+00 5.648994007131e-01 1.532833092694e+01 1 1 1 0.0 0.0 0.0
Nb 1.262686791919e+01 2.629324607964e+00 1.532833092694e+01 1 1 1 0.0 0.0 0.0
Nb 1.540795963362e+01 4.693749815216e+00 1.532833092694e+01 1 1 1 0.0 0.0 0.0
Nb 3.091696326698e+00 6.758175022467e+00 1.532833092694e+01 1 1 1 0.0 0.0 0.0
Nb 1.977824661327e+01 1.914472626597e+01 1.532833092694e+01 1 1 1 0.0 0.0 0.0
Nb 7.079034286699e-01 1.253041136463e+00 1.532833092694e+01 1 1 1 0.0 0.0 0.0
Nb 8.263185171668e+00 1.432048616976e+01 9.182088683320e+00 1 1 1 0.0 0.0 0.0
Nb 1.104427688610e+01 1.638491137701e+01 9.182088683320e+00 1 1 1 0.0 0.0 0.0
Nb 5.879392273640e+00 8.815352283757e+00 9.182088683320e+00 1 1 1 0.0 0.0 0.0
Nb 8.660483988069e+00 1.087977749101e+01 9.182088683320e+00 1 1 1 0.0 0.0 0.0
Nb 1.144157570250e+01 1.294420269826e+01 9.182088683320e+00 1 1 1 0.0 0.0 0.0
Nb 1.422266741693e+01 1.500862790551e+01 9.182088683320e+00 1 1 1 0.0 0.0 0.0
Nb 1.700375913136e+01 1.707305311276e+01 9.182088683320e+00 1 1 1 0.0 0.0 0.0
Nb 3.495599375612e+00 3.310218397754e+00 9.182088683320e+00 1 1 1 0.0 0.0 0.0
Nb 6.276691090041e+00 5.374643605005e+00 9.182088683320e+00 1 1 1 0.0 0.0 0.0
Nb 9.057782804471e+00 7.439068812256e+00 9.182088683320e+00 1 1 1 0.0 0.0 0.0
Nb 1.183887451890e+01 9.503494019508e+00 9.182088683320e+00 1 1 1 0.0 0.0 0.0
Nb 1.461996623333e+01 1.156791922676e+01 9.182088683320e+00 1 1 1 0.0 0.0 0.0
Nb 1.740105794776e+01 1.363234443401e+01 9.182088683320e+00 1 1 1 0.0 0.0 0.0
Nb 2.018214966219e+01 1.569676964126e+01 9.182088683320e+00 1 1 1 0.0 0.0 0.0
Nb 7.865886355266e+00 1.776119484851e+01 9.182088683320e+00 1 1 1 0.0 0.0 0.0
Nb 1.064697806970e+01 1.982562005576e+01 9.182088683320e+00 1 1 1 0.0 0.0 0.0
Nb 6.673989906443e+00 1.933934926253e+00 9.182088683320e+00 1 1 1 0.0 0.0 0.0
Nb 9.455081620872e+00 3.998360133504e+00 9.182088683320e+00 1 1 1 0.0 0.0 0.0
Nb 1.223617333530e+01 6.062785340755e+00 9.182088683320e+00 1 1 1 0.0 0.0 0.0
Nb 1.501726504973e+01 8.127210548007e+00 9.182088683320e+00 1 1 1 0.0 0.0 0.0
Nb 1.779835676416e+01 1.019163575526e+01 9.182088683320e+00 1 1 1 0.0 0.0 0.0
Nb 5.482093457238e+00 1.225606096251e+01 9.182088683320e+00 1 1 1 0.0 0.0 0.0
Nb 1.382536860053e+01 1.844933658426e+01 9.182088683320e+00 1 1 1 0.0 0.0 0.0
Nb 9.852380437274e+00 5.576514547522e-01 9.182088683320e+00 1 1 1 0.0 0.0 0.0
Nb 1.263347215170e+01 2.622076662003e+00 9.182088683320e+00 1 1 1 0.0 0.0 0.0
Nb 1.541456386613e+01 4.686501869255e+00 9.182088683320e+00 1 1 1 0.0 0.0 0.0
Nb 3.098300559211e+00 6.750927076506e+00 9.182088683320e+00 1 1 1 0.0 0.0 0.0
Nb 1.978485084579e+01 1.913747832001e+01 9.182088683320e+00 1 1 1 0.0 0.0 0.0
Nb 7.145076611827e-01 1.245793190503e+00 9.182088683320e+00 1 1 1 0.0 0.0 0.0
Bi 1.687482884407e+01 1.484547503824e+01 3.532095071834e+01 1 1 1 0.0 0.0 0.0
Bi 9.326151333398e+00 1.484547503824e+01 3.532095071834e+01 1 1 1 0.0 0.0 0.0
Bi 1.317994985203e+01 1.284986400456e+01 3.532095071834e+01 1 1 1 0.0 0.0 0.0
Bi 1.703374837067e+01 1.085425297089e+01 3.532095071834e+01 1 1 1 0.0 0.0 0.0
Bi 5.631272341359e+00 1.284986400456e+01 3.532095071834e+01 1 1 1 0.0 0.0 0.0
Bi 9.485070859996e+00 1.085425297089e+01 3.532095071834e+01 1 1 1 0.0 0.0 0.0
Bi 1.333886937863e+01 8.858641937211e+00 3.532095071834e+01 1 1 1 0.0 0.0 0.0
Bi 5.790191867958e+00 8.858641937211e+00 3.532095071834e+01 1 1 1 0.0 0.0 0.0
Bi 9.643990386595e+00 6.863030903535e+00 3.532095071834e+01 1 1 1 0.0 0.0 0.0
Bi 1.349778890523e+01 4.867419869859e+00 3.532095071834e+01 1 1 1 0.0 0.0 0.0
Bi 1.719266789727e+01 6.863030903535e+00 3.532095071834e+01 1 1 1 0.0 0.0 0.0
Bi 5.949111394557e+00 4.867419869859e+00 3.532095071834e+01 1 1 1 0.0 0.0 0.0
Bi 9.802909913194e+00 2.871808836182e+00 3.532095071834e+01 1 1 1 0.0 0.0 0.0
Bi 1.365670843183e+01 8.761978025062e-01 3.532095071834e+01 1 1 1 0.0 0.0 0.0
Bi 2.254232402518e+00 2.871808836182e+00 3.532095071834e+01 1 1 1 0.0 0.0 0.0
Bi 6.108030921155e+00 8.761978025062e-01 3.532095071834e+01 1 1 1 0.0 0.0 0.0
Bi 1.671590931747e+01 1.883669710559e+01 3.532095071834e+01 1 1 1 0.0 0.0 0.0
Bi 9.167231806799e+00 1.883669710559e+01 3.532095071834e+01 1 1 1 0.0 0.0 0.0
Bi 1.302103032544e+01 1.684108607192e+01 3.532095071834e+01 1 1 1 0.0 0.0 0.0
Bi 2.056970783611e+01 1.684108607192e+01 3.532095071834e+01 1 1 1 0.0 0.0 0.0
Bi 1.438433182231e+01 1.486945651003e+01 3.133430771007e+01 1 1 1 0.0 0.0 0.0
Bi 6.835654311630e+00 1.486945651003e+01 3.133430771007e+01 1 1 1 0.0 0.0 0.0
Bi 1.068945283027e+01 1.287384547636e+01 3.133430771007e+01 1 1 1 0.0 0.0 0.0
Bi 1.454325134890e+01 1.087823444268e+01 3.133430771007e+01 1 1 1 0.0 0.0 0.0
Bi 1.823813034094e+01 1.287384547636e+01 3.133430771007e+01 1 1 1 0.0 0.0 0.0
Bi 6.994573838229e+00 1.087823444268e+01 3.133430771007e+01 1 1 1 0.0 0.0 0.0
Bi 1.084837235687e+01 8.882623409003e+00 3.133430771007e+01 1 1 1 0.0 0.0 0.0
Bi 3.299694846191e+00 8.882623409003e+00 3.133430771007e+01 1 1 1 0.0 0.0 0.0
Bi 7.153493364828e+00 6.887012375327e+00 3.133430771007e+01 1 1 1 0.0 0.0 0.0
Bi 1.100729188347e+01 4.891401341651e+00 3.133430771007e+01 1 1 1 0.0 0.0 0.0
Bi 1.470217087550e+01 6.887012375327e+00 3.133430771007e+01 1 1 1 0.0 0.0 0.0
Bi 3.458614372789e+00 4.891401341651e+00 3.133430771007e+01 1 1 1 0.0 0.0 0.0
Bi 7.312412891427e+00 2.895790307974e+00 3.133430771007e+01 1 1 1 0.0 0.0 0.0
Bi 1.116621141006e+01 9.001792742982e-01 3.133430771007e+01 1 1 1 0.0 0.0 0.0
Bi 1.486109040210e+01 2.895790307974e+00 3.133430771007e+01 1 1 1 0.0 0.0 0.0
Bi 3.617533899388e+00 9.001792742982e-01 3.133430771007e+01 1 1 1 0.0 0.0 0.0
Bi 1.422541229571e+01 1.886067857738e+01 3.133430771007e+01 1 1 1 0.0 0.0 0.0
Bi 6.676734785032e+00 1.886067857738e+01 3.133430771007e+01 1 1 1 0.0 0.0 0.0
Bi 1.053053330367e+01 1.686506754371e+01 3.133430771007e+01 1 1 1 0.0 0.0 0.0
Bi 1.807921081434e+01 1.686506754371e+01 3.133430771007e+01 1 1 1 0.0 0.0 0.0
Bi 1.436366386168e+01 1.493229455106e+01 2.529282906773e+01 1 1 1 0.0 0.0 0.0
Bi 6.814986351003e+00 1.493229455106e+01 2.529282906773e+01 1 1 1 0.0 0.0 0.0
Bi 1.066878486964e+01 1.293668351738e+01 2.529282906773e+01 1 1 1 0.0 0.0 0.0
Bi 1.452258338828e+01 1.094107248371e+01 2.529282906773e+01 1 1 1 0.0 0.0 0.0
Bi 1.821746238032e+01 1.293668351738e+01 2.529282906773e+01 1 1 1 0.0 0.0 0.0
Bi 6.973905877602e+00 1.094107248371e+01 2.529282906773e+01 1 1 1 0.0 0.0 0.0
Bi 1.082770439624e+01 8.945461450031e+00 2.529282906773e+01 1 1 1 0.0 0.0 0.0
Bi 3.279026885563e+00 8.945461450031e+00 2.529282906773e+01 1 1 1 0.0 0.0 0.0
Bi 7.132825404201e+00 6.949850416354e+00 2.529282906773e+01 1 1 1 0.0 0.0 0.0
Bi 1.098662392284e+01 4.954239382678e+00 2.529282906773e+01 1 1 1 0.0 0.0 0.0
Bi 1.468150291488e+01 6.949850416354e+00 2.529282906773e+01 1 1 1 0.0 0.0 0.0
Bi 3.437946412162e+00 4.954239382678e+00 2.529282906773e+01 1 1 1 0.0 0.0 0.0
Bi 7.291744930799e+00 2.958628349002e+00 2.529282906773e+01 1 1 1 0.0 0.0 0.0
Bi 1.114554344944e+01 9.630173153258e-01 2.529282906773e+01 1 1 1 0.0 0.0 0.0
Bi 1.484042244148e+01 2.958628349002e+00 2.529282906773e+01 1 1 1 0.0 0.0 0.0
Bi 3.596865938761e+00 9.630173153258e-01 2.529282906773e+01 1 1 1 0.0 0.0 0.0
Bi 1.420474433508e+01 1.892351661841e+01 2.529282906773e+01 1 1 1 0.0 0.0 0.0
Bi 6.656066824404e+00 1.892351661841e+01 2.529282906773e+01 1 1 1 0.0 0.0 0.0
Bi 1.050986534304e+01 1.692790558474e+01 2.529282906773e+01 1 1 1 0.0 0.0 0.0
Bi 1.805854285372e+01 1.692790558474e+01 2.529282906773e+01 1 1 1 0.0 0.0 0.0
Bi 1.941849596319e+01 1.493387282009e+01 2.132110864621e+01 1 1 1 0.0 0.0 0.0
Bi 1.186981845251e+01 1.493387282009e+01 2.132110864621e+01 1 1 1 0.0 0.0 0.0
Bi 1.572361697115e+01 1.293826178641e+01 2.132110864621e+01 1 1 1 0.0 0.0 0.0
Bi 4.480060468434e+00 1.094265075274e+01 2.132110864621e+01 1 1 1 0.0 0.0 0.0
Bi 8.174939460472e+00 1.293826178641e+01 2.132110864621e+01 1 1 1 0.0 0.0 0.0
Bi 1.202873797911e+01 1.094265075274e+01 2.132110864621e+01 1 1 1 0.0 0.0 0.0
Bi 1.588253649775e+01 8.947039719061e+00 2.132110864621e+01 1 1 1 0.0 0.0 0.0
Bi 8.333858987071e+00 8.947039719061e+00 2.132110864621e+01 1 1 1 0.0 0.0 0.0
Bi 1.218765750571e+01 6.951428685385e+00 2.132110864621e+01 1 1 1 0.0 0.0 0.0
Bi 1.604145602435e+01 4.955817651709e+00 2.132110864621e+01 1 1 1 0.0 0.0 0.0
Bi 4.638979995032e+00 6.951428685385e+00 2.132110864621e+01 1 1 1 0.0 0.0 0.0
Bi 8.492778513670e+00 4.955817651709e+00 2.132110864621e+01 1 1 1 0.0 0.0 0.0
Bi 1.234657703231e+01 2.960206618033e+00 2.132110864621e+01 1 1 1 0.0 0.0 0.0
Bi 1.103020529593e+00 9.645955843564e-01 2.132110864621e+01 1 1 1 0.0 0.0 0.0
Bi 4.797899521631e+00 2.960206618033e+00 2.132110864621e+01 1 1 1 0.0 0.0 0.0
Bi 8.651698040268e+00 9.645955843564e-01 2.132110864621e+01 1 1 1 0.0 0.0 0.0
Bi 1.925957643659e+01 1.892509488744e+01 2.132110864621e+01 1 1 1 0.0 0.0 0.0
Bi 1.171089892591e+01 1.892509488744e+01 2.132110864621e+01 1 1 1 0.0 0.0 0.0
Bi 1.556469744455e+01 1.692948385377e+01 2.132110864621e+01 1 1 1 0.0 0.0 0.0
Bi 8.016019933873e+00 1.692948385377e+01 2.132110864621e+01 1 1 1 0.0 0.0 0.0
Se 6.276548168987e+00 1.409056038987e+01 7.500000000000e+00 1 1 1 0.0 0.0 0.0
Se 9.057639883416e+00 1.615498559713e+01 7.500000000000e+00 1 1 1 0.0 0.0 0.0
Se 3.892755270959e+00 8.585426503871e+00 7.500000000000e+00 1 1 1 0.0 0.0 0.0
Se 6.673846985388e+00 1.064985171112e+01 7.500000000000e+00 1 1 1 0.0 0.0 0.0
Se 9.454938699818e+00 1.271427691837e+01 7.500000000000e+00 1 1 1 0.0 0.0 0.0
Se 1.223603041425e+01 1.477870212563e+01 7.500000000000e+00 1 1 1 0.0 0.0 0.0
Se 1.501712212868e+01 1.684312733288e+01 7.500000000000e+00 1 1 1 0.0 0.0 0.0
Se 1.508962372931e+00 3.080292617868e+00 7.500000000000e+00 1 1 1 0.0 0.0 0.0
Se 4.290054087360e+00 5.144717825119e+00 7.500000000000e+00 1 1 1 0.0 0.0 0.0
Se 7.071145801790e+00 7.209143032371e+00 7.500000000000e+00 1 1 1 0.0 0.0 0.0
Se 9.852237516219e+00 9.273568239622e+00 7.500000000000e+00 1 1 1 0.0 0.0 0.0
Se 1.263332923065e+01 1.133799344687e+01 7.500000000000e+00 1 1 1 0.0 0.0 0.0
Se 1.541442094508e+01 1.340241865412e+01 7.500000000000e+00 1 1 1 0.0 0.0 0.0
Se 1.819551265951e+01 1.546684386138e+01 7.500000000000e+00 1 1 1 0.0 0.0 0.0
Se 2.097660437394e+01 1.753126906863e+01 7.500000000000e+00 1 1 1 0.0 0.0 0.0
Se 8.660341067015e+00 1.959569427588e+01 7.500000000000e+00 1 1 1 0.0 0.0 0.0
Se 4.687352903762e+00 1.704009146367e+00 7.500000000000e+00 1 1 1 0.0 0.0 0.0
Se 7.468444618191e+00 3.768434353619e+00 7.500000000000e+00 1 1 1 0.0 0.0 0.0
Se 1.024953633262e+01 5.832859560870e+00 7.500000000000e+00 1 1 1 0.0 0.0 0.0
Se 1.303062804705e+01 7.897284768121e+00 7.500000000000e+00 1 1 1 0.0 0.0 0.0
Se 1.581171976148e+01 9.961709975372e+00 7.500000000000e+00 1 1 1 0.0 0.0 0.0
Se 1.859281147591e+01 1.202613518262e+01 7.500000000000e+00 1 1 1 0.0 0.0 0.0
Se 1.183873159785e+01 1.821941080438e+01 7.500000000000e+00 1 1 1 0.0 0.0 0.0
Se 7.865743434593e+00 3.277256748666e-01 7.500000000000e+00 1 1 1 0.0 0.0 0.0
Se 1.064683514902e+01 2.392150882118e+00 7.500000000000e+00 1 1 1 0.0 0.0 0.0
Se 1.342792686345e+01 4.456576089369e+00 7.500000000000e+00 1 1 1 0.0 0.0 0.0
Se 1.620901857788e+01 6.521001296620e+00 7.500000000000e+00 1 1 1 0.0 0.0 0.0
Se 1.779821384311e+01 1.890755254013e+01 7.500000000000e+00 1 1 1 0.0 0.0 0.0
Se 1.382522567985e+01 1.015867410617e+00 7.500000000000e+00 1 1 1 0.0 0.0 0.0
Se 7.064539231597e+00 1.593314857382e+01 1.364602824434e+01 1 1 1 0.0 0.0 0.0
Se 9.845630946026e+00 1.799757378107e+01 1.364602824434e+01 1 1 1 0.0 0.0 0.0
Se 4.680746333569e+00 1.042801468781e+01 1.364602824434e+01 1 1 1 0.0 0.0 0.0
Se 7.461838047998e+00 1.249243989506e+01 1.364602824434e+01 1 1 1 0.0 0.0 0.0
Se 1.024292976243e+01 1.455686510232e+01 1.364602824434e+01 1 1 1 0.0 0.0 0.0
Se 1.302402147686e+01 1.662129030957e+01 1.364602824434e+01 1 1 1 0.0 0.0 0.0
Se 1.580511319129e+01 1.868571551682e+01 1.364602824434e+01 1 1 1 0.0 0.0 0.0
Se 2.296953435541e+00 4.922880801810e+00 1.364602824434e+01 1 1 1 0.0 0.0 0.0
Se 5.078045149970e+00 6.987306009061e+00 1.364602824434e+01 1 1 1 0.0 0.0 0.0
Se 7.859136864400e+00 9.051731216313e+00 1.364602824434e+01 1 1 1 0.0 0.0 0.0
Se 1.064022857883e+01 1.111615642356e+01 1.364602824434e+01 1 1 1 0.0 0.0 0.0
Se 1.342132029326e+01 1.318058163082e+01 1.364602824434e+01 1 1 1 0.0 0.0 0.0
Se 1.620241200769e+01 1.524500683807e+01 1.364602824434e+01 1 1 1 0.0 0.0 0.0
Se 1.898350372212e+01 1.730943204532e+01 1.364602824434e+01 1 1 1 0.0 0.0 0.0
Se 6.667240415195e+00 1.937385725257e+01 1.364602824434e+01 1 1 1 0.0 0.0 0.0
Se 2.694252251942e+00 1.482172123058e+00 1.364602824434e+01 1 1 1 0.0 0.0 0.0
Se 5.475343966372e+00 3.546597330309e+00 1.364602824434e+01 1 1 1 0.0 0.0 0.0
Se 8.256435680801e+00 5.611022537561e+00 1.364602824434e+01 1 1 1 0.0 0.0 0.0
Se 1.103752739523e+01 7.675447744812e+00 1.364602824434e+01 1 1 1 0.0 0.0 0.0
Se 1.381861910966e+01 9.739872952063e+00 1.364602824434e+01 1 1 1 0.0 0.0 0.0
Se 1.659971082409e+01 1.180429815931e+01 1.364602824434e+01 1 1 1 0.0 0.0 0.0
Se 1.938080253852e+01 1.386872336657e+01 1.364602824434e+01 1 1 1 0.0 0.0 0.0
Se 5.872642782773e+00 1.058886515573e-01 1.364602824434e+01 1 1 1 0.0 0.0 0.0
Se 8.653734497203e+00 2.170313858809e+00 1.364602824434e+01 1 1 1 0.0 0.0 0.0
Se 1.143482621163e+01 4.234739066060e+00 1.364602824434e+01 1 1 1 0.0 0.0 0.0
Se 1.421591792606e+01 6.299164273311e+00 1.364602824434e+01 1 1 1 0.0 0.0 0.0
Se 1.699700964049e+01 8.363589480562e+00 1.364602824434e+01 1 1 1 0.0 0.0 0.0
Se 1.183212502803e+01 7.940303873077e-01 1.364602824434e+01 1 1 1 0.0 0.0 0.0
Se 1.461321674246e+01 2.858455594559e+00 1.364602824434e+01 1 1 1 0.0 0.0 0.0
Se 6.276180224464e+00 1.409157173068e+01 1.086443756309e+01 1 1 1 0.0 0.0 0.0
Se 9.057271938893e+00 1.615599693794e+01 1.086443756309e+01 1 1 1 0.0 0.0 0.0
Se 3.892387326436e+00 8.586437844682e+00 1.086443756309e+01 1 1 1 0.0 0.0 0.0
Se 6.673479040865e+00 1.065086305193e+01 1.086443756309e+01 1 1 1 0.0 0.0 0.0
Se 9.454570755294e+00 1.271528825918e+01 1.086443756309e+01 1 1 1 0.0 0.0 0.0
Se 1.223566246972e+01 1.477971346644e+01 1.086443756309e+01 1 1 1 0.0 0.0 0.0
Se 1.501675418415e+01 1.684413867369e+01 1.086443756309e+01 1 1 1 0.0 0.0 0.0
Se 1.508594428408e+00 3.081303958678e+00 1.086443756309e+01 1 1 1 0.0 0.0 0.0
Se 4.289686142837e+00 5.145729165930e+00 1.086443756309e+01 1 1 1 0.0 0.0 0.0
Se 7.070777857267e+00 7.210154373181e+00 1.086443756309e+01 1 1 1 0.0 0.0 0.0
Se 9.851869571696e+00 9.274579580432e+00 1.086443756309e+01 1 1 1 0.0 0.0 0.0
Se 1.263296128613e+01 1.133900478768e+01 1.086443756309e+01 1 1 1 0.0 0.0 0.0
Se 1.541405300055e+01 1.340342999493e+01 1.086443756309e+01 1 1 1 0.0 0.0 0.0
Se 1.819514471498e+01 1.546785520219e+01 1.086443756309e+01 1 1 1 0.0 0.0 0.0
Se 2.097623642941e+01 1.753228040944e+01 1.086443756309e+01 1 1 1 0.0 0.0 0.0
Se 8.659973122491e+00 1.959670561669e+01 1.086443756309e+01 1 1 1 0.0 0.0 0.0
Se 4.686984959239e+00 1.705020487177e+00 1.086443756309e+01 1 1 1 0.0 0.0 0.0
Se 7.468076673668e+00 3.769445694429e+00 1.086443756309e+01 1 1 1 0.0 0.0 0.0
Se 1.024916838810e+01 5.833870901680e+00 1.086443756309e+01 1 1 1 0.0 0.0 0.0
Se 1.303026010253e+01 7.898296108931e+00 1.086443756309e+01 1 1 1 0.0 0.0 0.0
Se 1.581135181696e+01 9.962721316182e+00 1.086443756309e+01 1 1 1 0.0 0.0 0.0
Se 1.859244353139e+01 1.202714652343e+01 1.086443756309e+01 1 1 1 0.0 0.0 0.0
Se 1.183836365332e+01 1.822042214519e+01 1.086443756309e+01 1 1 1 0.0 0.0 0.0
Se 7.865375490070e+00 3.287370156767e-01 1.086443756309e+01 1 1 1 0.0 0.0 0.0
Se 1.064646720450e+01 2.393162222928e+00 1.086443756309e+01 1 1 1 0.0 0.0 0.0
Se 1.342755891893e+01 4.457587430179e+00 1.086443756309e+01 1 1 1 0.0 0.0 0.0
Se 1.620865063336e+01 6.522012637430e+00 1.086443756309e+01 1 1 1 0.0 0.0 0.0
Se 1.779784589858e+01 1.890856388094e+01 1.086443756309e+01 1 1 1 0.0 0.0 0.0
Se 1.382485773533e+01 1.016878751427e+00 1.086443756309e+01 1 1 1 0.0 0.0 0.0
Se 7.064351201763e+00 1.593418969190e+01 1.701046802998e+01 1 1 1 0.0 0.0 0.0
Se 9.845442916192e+00 1.799861489916e+01 1.701046802998e+01 1 1 1 0.0 0.0 0.0
Se 4.680558303735e+00 1.042905580590e+01 1.701046802998e+01 1 1 1 0.0 0.0 0.0
Se 7.461650018165e+00 1.249348101315e+01 1.701046802998e+01 1 1 1 0.0 0.0 0.0
Se 1.024274173259e+01 1.455790622040e+01 1.701046802998e+01 1 1 1 0.0 0.0 0.0
Se 1.302383344702e+01 1.662233142765e+01 1.701046802998e+01 1 1 1 0.0 0.0 0.0
Se 1.580492516145e+01 1.868675663491e+01 1.701046802998e+01 1 1 1 0.0 0.0 0.0
Se 2.296765405707e+00 4.923921919898e+00 1.701046802998e+01 1 1 1 0.0 0.0 0.0
Se 5.077857120137e+00 6.988347127149e+00 1.701046802998e+01 1 1 1 0.0 0.0 0.0
Se 7.858948834566e+00 9.052772334400e+00 1.701046802998e+01 1 1 1 0.0 0.0 0.0
Se 1.064004054900e+01 1.111719754165e+01 1.701046802998e+01 1 1 1 0.0 0.0 0.0
Se 1.342113226342e+01 1.318162274890e+01 1.701046802998e+01 1 1 1 0.0 0.0 0.0
Se 1.620222397785e+01 1.524604795615e+01 1.701046802998e+01 1 1 1 0.0 0.0 0.0
Se 1.898331569228e+01 1.731047316341e+01 1.701046802998e+01 1 1 1 0.0 0.0 0.0
Se 6.667052385362e+00 1.937489837066e+01 1.701046802998e+01 1 1 1 0.0 0.0 0.0
Se 2.694064222109e+00 1.483213241146e+00 1.701046802998e+01 1 1 1 0.0 0.0 0.0
Se 5.475155936538e+00 3.547638448397e+00 1.701046802998e+01 1 1 1 0.0 0.0 0.0
Se 8.256247650968e+00 5.612063655648e+00 1.701046802998e+01 1 1 1 0.0 0.0 0.0
Se 1.103733936540e+01 7.676488862900e+00 1.701046802998e+01 1 1 1 0.0 0.0 0.0
Se 1.381843107983e+01 9.740914070151e+00 1.701046802998e+01 1 1 1 0.0 0.0 0.0
Se 1.659952279426e+01 1.180533927740e+01 1.701046802998e+01 1 1 1 0.0 0.0 0.0
Se 1.938061450869e+01 1.386976448465e+01 1.701046802998e+01 1 1 1 0.0 0.0 0.0
Se 5.872454752940e+00 1.069297696451e-01 1.701046802998e+01 1 1 1 0.0 0.0 0.0
Se 8.653546467369e+00 2.171354976896e+00 1.701046802998e+01 1 1 1 0.0 0.0 0.0
Se 1.143463818180e+01 4.235780184148e+00 1.701046802998e+01 1 1 1 0.0 0.0 0.0
Se 1.421572989623e+01 6.300205391399e+00 1.701046802998e+01 1 1 1 0.0 0.0 0.0
Se 1.699682161066e+01 8.364630598650e+00 1.701046802998e+01 1 1 1 0.0 0.0 0.0
Se 1.183193699820e+01 7.950715053955e-01 1.701046802998e+01 1 1 1 0.0 0.0 0.0
Se 1.461302871263e+01 2.859496712647e+00 1.701046802998e+01 1 1 1 0.0 0.0 0.0
Se 1.434596103998e+01 1.484594112151e+01 3.696241589303e+01 1 1 1 0.0 0.0 0.0
Se 6.797283529304e+00 1.484594112151e+01 3.696241589303e+01 1 1 1 0.0 0.0 0.0
Se 1.065108204794e+01 1.285033008784e+01 3.696241589303e+01 1 1 1 0.0 0.0 0.0
Se 1.450488056658e+01 1.085471905416e+01 3.696241589303e+01 1 1 1 0.0 0.0 0.0
Se 1.819975955862e+01 1.285033008784e+01 3.696241589303e+01 1 1 1 0.0 0.0 0.0
Se 6.956203055902e+00 1.085471905416e+01 3.696241589303e+01 1 1 1 0.0 0.0 0.0
Se 1.081000157454e+01 8.859108020484e+00 3.696241589303e+01 1 1 1 0.0 0.0 0.0
Se 3.261324063864e+00 8.859108020484e+00 3.696241589303e+01 1 1 1 0.0 0.0 0.0
Se 7.115122582501e+00 6.863496986808e+00 3.696241589303e+01 1 1 1 0.0 0.0 0.0
Se 1.096892110114e+01 4.867885953132e+00 3.696241589303e+01 1 1 1 0.0 0.0 0.0
Se 1.466380009318e+01 6.863496986808e+00 3.696241589303e+01 1 1 1 0.0 0.0 0.0
Se 3.420243590463e+00 4.867885953132e+00 3.696241589303e+01 1 1 1 0.0 0.0 0.0
Se 7.274042109100e+00 2.872274919455e+00 3.696241589303e+01 1 1 1 0.0 0.0 0.0
Se 1.112784062774e+01 8.766638857791e-01 3.696241589303e+01 1 1 1 0.0 0.0 0.0
Se 1.482271961978e+01 2.872274919455e+00 3.696241589303e+01 1 1 1 0.0 0.0 0.0
Se 3.579163117061e+00 8.766638857791e-01 3.696241589303e+01 1 1 1 0.0 0.0 0.0
Se 1.418704151338e+01 1.883716318886e+01 3.696241589303e+01 1 1 1 0.0 0.0 0.0
Se 6.638364002705e+00 1.883716318886e+01 3.696241589303e+01 1 1 1 0.0 0.0 0.0
Se 1.049216252134e+01 1.684155215519e+01 3.696241589303e+01 1 1 1 0.0 0.0 0.0
Se 1.804084003202e+01 1.684155215519e+01 3.696241589303e+01 1 1 1 0.0 0.0 0.0
Se 1.941675847246e+01 1.485161975491e+01 3.332483142763e+01 1 1 1 0.0 0.0 0.0
Se 1.186808096179e+01 1.485161975491e+01 3.332483142763e+01 1 1 1 0.0 0.0 0.0
Se 1.572187948043e+01 1.285600872124e+01 3.332483142763e+01 1 1 1 0.0 0.0 0.0
Se 4.478322977712e+00 1.086039768756e+01 3.332483142763e+01 1 1 1 0.0 0.0 0.0
Se 8.173201969751e+00 1.285600872124e+01 3.332483142763e+01 1 1 1 0.0 0.0 0.0
Se 1.202700048839e+01 1.086039768756e+01 3.332483142763e+01 1 1 1 0.0 0.0 0.0
Se 1.588079900703e+01 8.864786653884e+00 3.332483142763e+01 1 1 1 0.0 0.0 0.0
Se 8.332121496349e+00 8.864786653884e+00 3.332483142763e+01 1 1 1 0.0 0.0 0.0
Se 1.218592001499e+01 6.869175620208e+00 3.332483142763e+01 1 1 1 0.0 0.0 0.0
Se 1.603971853362e+01 4.873564586532e+00 3.332483142763e+01 1 1 1 0.0 0.0 0.0
Se 4.637242504311e+00 6.869175620208e+00 3.332483142763e+01 1 1 1 0.0 0.0 0.0
Se 8.491041022948e+00 4.873564586532e+00 3.332483142763e+01 1 1 1 0.0 0.0 0.0
Se 1.234483954159e+01 2.877953552856e+00 3.332483142763e+01 1 1 1 0.0 0.0 0.0
Se 1.101283038871e+00 8.823425191797e-01 3.332483142763e+01 1 1 1 0.0 0.0 0.0
Se 4.796162030910e+00 2.877953552856e+00 3.332483142763e+01 1 1 1 0.0 0.0 0.0
Se 8.649960549547e+00 8.823425191797e-01 3.332483142763e+01 1 1 1 0.0 0.0 0.0
Se 1.925783894587e+01 1.884284182227e+01 3.332483142763e+01 1 1 1 0.0 0.0 0.0
Se 1.170916143519e+01 1.884284182227e+01 3.332483142763e+01 1 1 1 0.0 0.0 0.0
Se 1.556295995383e+01 1.684723078859e+01 3.332483142763e+01 1 1 1 0.0 0.0 0.0
Se 8.014282443152e+00 1.684723078859e+01 3.332483142763e+01 1 1 1 0.0 0.0 0.0
Se 1.689021544241e+01 1.486007520997e+01 2.969131231352e+01 1 1 1 0.0 0.0 0.0
Se 9.341537931736e+00 1.486007520997e+01 2.969131231352e+01 1 1 1 0.0 0.0 0.0
Se 1.319533645037e+01 1.286446417629e+01 2.969131231352e+01 1 1 1 0.0 0.0 0.0
Se 1.704913496901e+01 1.086885314262e+01 2.969131231352e+01 1 1 1 0.0 0.0 0.0
Se 5.646658939698e+00 1.286446417629e+01 2.969131231352e+01 1 1 1 0.0 0.0 0.0
Se 9.500457458335e+00 1.086885314262e+01 2.969131231352e+01 1 1 1 0.0 0.0 0.0
Se 1.335425597697e+01 8.873242108941e+00 2.969131231352e+01 1 1 1 0.0 0.0 0.0
Se 5.805578466297e+00 8.873242108941e+00 2.969131231352e+01 1 1 1 0.0 0.0 0.0
Se 9.659376984934e+00 6.877631075265e+00 2.969131231352e+01 1 1 1 0.0 0.0 0.0
Se 1.351317550357e+01 4.882020041589e+00 2.969131231352e+01 1 1 1 0.0 0.0 0.0
Se 1.720805449561e+01 6.877631075265e+00 2.969131231352e+01 1 1 1 0.0 0.0 0.0
Se 5.964497992895e+00 4.882020041589e+00 2.969131231352e+01 1 1 1 0.0 0.0 0.0
Se 9.818296511533e+00 2.886409007912e+00 2.969131231352e+01 1 1 1 0.0 0.0 0.0
Se 1.367209503017e+01 8.907979742362e-01 2.969131231352e+01 1 1 1 0.0 0.0 0.0
Se 2.269619000857e+00 2.886409007912e+00 2.969131231352e+01 1 1 1 0.0 0.0 0.0
Se 6.123417519494e+00 8.907979742362e-01 2.969131231352e+01 1 1 1 0.0 0.0 0.0
Se 1.673129591581e+01 1.885129727732e+01 2.969131231352e+01 1 1 1 0.0 0.0 0.0
Se 9.182618405138e+00 1.885129727732e+01 2.969131231352e+01 1 1 1 0.0 0.0 0.0
Se 1.303641692377e+01 1.685568624365e+01 2.969131231352e+01 1 1 1 0.0 0.0 0.0
Se 2.058509443445e+01 1.685568624365e+01 2.969131231352e+01 1 1 1 0.0 0.0 0.0
Se 1.941995287834e+01 1.493007504249e+01 2.692457590224e+01 1 1 1 0.0 0.0 0.0
Se 1.187127536766e+01 1.493007504249e+01 2.692457590224e+01 1 1 1 0.0 0.0 0.0
Se 1.572507388630e+01 1.293446400881e+01 2.692457590224e+01 1 1 1 0.0 0.0 0.0
Se 4.481517383585e+00 1.093885297514e+01 2.692457590224e+01 1 1 1 0.0 0.0 0.0
Se 8.176396375624e+00 1.293446400881e+01 2.692457590224e+01 1 1 1 0.0 0.0 0.0
Se 1.203019489426e+01 1.093885297514e+01 2.692457590224e+01 1 1 1 0.0 0.0 0.0
Se 1.588399341290e+01 8.943241941459e+00 2.692457590224e+01 1 1 1 0.0 0.0 0.0
Se 8.335315902222e+00 8.943241941459e+00 2.692457590224e+01 1 1 1 0.0 0.0 0.0
Se 1.218911442086e+01 6.947630907783e+00 2.692457590224e+01 1 1 1 0.0 0.0 0.0
Se 1.604291293950e+01 4.952019874107e+00 2.692457590224e+01 1 1 1 0.0 0.0 0.0
Se 4.640436910184e+00 6.947630907783e+00 2.692457590224e+01 1 1 1 0.0 0.0 0.0
Se 8.494235428821e+00 4.952019874107e+00 2.692457590224e+01 1 1 1 0.0 0.0 0.0
Se 1.234803394746e+01 2.956408840430e+00 2.692457590224e+01 1 1 1 0.0 0.0 0.0
Se 1.104477444744e+00 9.607978067542e-01 2.692457590224e+01 1 1 1 0.0 0.0 0.0
Se 4.799356436783e+00 2.956408840430e+00 2.692457590224e+01 1 1 1 0.0 0.0 0.0
Se 8.653154955420e+00 9.607978067542e-01 2.692457590224e+01 1 1 1 0.0 0.0 0.0
Se 1.926103335174e+01 1.892129710984e+01 2.692457590224e+01 1 1 1 0.0 0.0 0.0
Se 1.171235584106e+01 1.892129710984e+01 2.692457590224e+01 1 1 1 0.0 0.0 0.0
Se 1.556615435970e+01 1.692568607616e+01 2.692457590224e+01 1 1 1 0.0 0.0 0.0
Se 8.017476849025e+00 1.692568607616e+01 2.692457590224e+01 1 1 1 0.0 0.0 0.0
Se 1.688485079926e+01 1.493836236650e+01 2.330671355540e+01 1 1 1 0.0 0.0 0.0
Se 9.336173288585e+00 1.493836236650e+01 2.330671355540e+01 1 1 1 0.0 0.0 0.0
Se 1.318997180722e+01 1.294275133282e+01 2.330671355540e+01 1 1 1 0.0 0.0 0.0
Se 1.704377032586e+01 1.094714029915e+01 2.330671355540e+01 1 1 1 0.0 0.0 0.0
Se 5.641294296546e+00 1.294275133282e+01 2.330671355540e+01 1 1 1 0.0 0.0 0.0
Se 9.495092815184e+00 1.094714029915e+01 2.330671355540e+01 1 1 1 0.0 0.0 0.0
Se 1.334889133382e+01 8.951529265469e+00 2.330671355540e+01 1 1 1 0.0 0.0 0.0
Se 5.800213823145e+00 8.951529265469e+00 2.330671355540e+01 1 1 1 0.0 0.0 0.0
Se 9.654012341782e+00 6.955918231793e+00 2.330671355540e+01 1 1 1 0.0 0.0 0.0
Se 1.350781086042e+01 4.960307198117e+00 2.330671355540e+01 1 1 1 0.0 0.0 0.0
Se 1.720268985246e+01 6.955918231793e+00 2.330671355540e+01 1 1 1 0.0 0.0 0.0
Se 5.959133349744e+00 4.960307198117e+00 2.330671355540e+01 1 1 1 0.0 0.0 0.0
Se 9.812931868381e+00 2.964696164441e+00 2.330671355540e+01 1 1 1 0.0 0.0 0.0
Se 1.366673038702e+01 9.690851307647e-01 2.330671355540e+01 1 1 1 0.0 0.0 0.0
Se 2.264254357705e+00 2.964696164441e+00 2.330671355540e+01 1 1 1 0.0 0.0 0.0
Se 6.118052876343e+00 9.690851307647e-01 2.330671355540e+01 1 1 1 0.0 0.0 0.0
Se 1.672593127266e+01 1.892958443385e+01 2.330671355540e+01 1 1 1 0.0 0.0 0.0
Se 9.177253761986e+00 1.892958443385e+01 2.330671355540e+01 1 1 1 0.0 0.0 0.0
Se 1.303105228062e+01 1.693397340017e+01 2.330671355540e+01 1 1 1 0.0 0.0 0.0
Se 2.057972979130e+01 1.693397340017e+01 2.330671355540e+01 1 1 1 0.0 0.0 0.0
Se 1.435560896540e+01 1.493280792625e+01 1.968357859229e+01 1 1 1 0.0 0.0 0.0
Se 6.806931454726e+00 1.493280792625e+01 1.968357859229e+01 1 1 1 0.0 0.0 0.0
Se 1.066072997336e+01 1.293719689258e+01 1.968357859229e+01 1 1 1 0.0 0.0 0.0
Se 1.451452849200e+01 1.094158585890e+01 1.968357859229e+01 1 1 1 0.0 0.0 0.0
Se 1.820940748404e+01 1.293719689258e+01 1.968357859229e+01 1 1 1 0.0 0.0 0.0
Se 6.965850981324e+00 1.094158585890e+01 1.968357859229e+01 1 1 1 0.0 0.0 0.0
Se 1.081964949996e+01 8.945974825223e+00 1.968357859229e+01 1 1 1 0.0 0.0 0.0
Se 3.270971989286e+00 8.945974825223e+00 1.968357859229e+01 1 1 1 0.0 0.0 0.0
Se 7.124770507923e+00 6.950363791547e+00 1.968357859229e+01 1 1 1 0.0 0.0 0.0
Se 1.097856902656e+01 4.954752757871e+00 1.968357859229e+01 1 1 1 0.0 0.0 0.0
Se 1.467344801860e+01 6.950363791547e+00 1.968357859229e+01 1 1 1 0.0 0.0 0.0
Se 3.429891515885e+00 4.954752757871e+00 1.968357859229e+01 1 1 1 0.0 0.0 0.0
Se 7.283690034522e+00 2.959141724195e+00 1.968357859229e+01 1 1 1 0.0 0.0 0.0
Se 1.113748855316e+01 9.635306905186e-01 1.968357859229e+01 1 1 1 0.0 0.0 0.0
Se 1.483236754520e+01 2.959141724195e+00 1.968357859229e+01 1 1 1 0.0 0.0 0.0
Se 3.588811042483e+00 9.635306905186e-01 1.968357859229e+01 1 1 1 0.0 0.0 0.0
Se 1.419668943880e+01 1.892402999360e+01 1.968357859229e+01 1 1 1 0.0 0.0 0.0
Se 6.648011928127e+00 1.892402999360e+01 1.968357859229e+01 1 1 1 0.0 0.0 0.0
Se 1.050181044676e+01 1.692841895993e+01 1.968357859229e+01 1 1 1 0.0 0.0 0.0
Se 1.805048795744e+01 1.692841895993e+01 1.968357859229e+01 1 1 1 0.0 0.0 0.0
"