calculation_mode = "Quench Electrons"
cell_relax = "False"
charge_density_mixing = "0.1"
charge_mixing_type = "Broyden"
description = "Example parameters for high-throughput bulk relaxation of a vdW material"
dos_broading = "0.05"
dos_method = "Gaussian"
energy_convergence_criterion = "1e-10"
energy_output_units = "Hartrees"
kohn_sham_mucycles = "3"
kohn_sham_solver = "davidson"
kpoint_distribution = "2"
kpoint_mesh = "2 1 1"
localize_projectors = "False"
max_md_steps = "100"
max_scf_steps = "200"
non_local_block_size = "4000"
output_wave_function_file = "/dev/null"
potential_acceleration_constant_step = "1.5"
processor_grid = "2 16 15"
rms_convergence_criterion = "1e-08"
scalapack_block_factor = "64"
start_mode = "LCAO Start"
state_block_size = "64"
stress = "True"
subdiag_driver = "scalapack"
use_async_allreduce = "False"
vdw_corr = "DFT-D3"
vdwdf_kernel_filepath = "/lustre/orion/world-shared/cph162/rjmorelock/rmgdft/XC/vdW_kernel_table"
wavefunction_grid = "60 410 378"
write_data_period = "50"

atomic_coordinate_type = "Absolute"
crds_units = "Angstrom"
lattice_units = "Angstrom"

lattice_vector = "
6.927141563561e+00 0.000000000000e+00 4.000000000000e-16
3.463570779120e+00 4.799264455877e+01 2.900000000000e-15
0.000000000000e+00 0.000000000000e+00 4.446241589303e+01
"
atoms = "
Nb 5.912423844115e+00 4.164245622215e+01 1.532833092694e+01 1 1 1 0.0 0.0 0.0
Nb 9.375994625895e+00 4.164245622215e+01 1.532833092694e+01 1 1 1 0.0 0.0 0.0
Nb 4.180638453391e+00 3.864291593722e+01 1.532833092694e+01 1 1 1 0.0 0.0 0.0
Nb 7.644209235171e+00 3.864291593722e+01 1.532833092694e+01 1 1 1 0.0 0.0 0.0
Nb 5.912423844447e+00 3.564337565230e+01 1.532833092694e+01 1 1 1 0.0 0.0 0.0
Nb 9.375994626228e+00 3.564337565230e+01 1.532833092694e+01 1 1 1 0.0 0.0 0.0
Nb 4.180638453724e+00 3.264383536738e+01 1.532833092694e+01 1 1 1 0.0 0.0 0.0
Nb 7.644209235504e+00 3.264383536738e+01 1.532833092694e+01 1 1 1 0.0 0.0 0.0
Nb 5.912423844780e+00 2.964429508245e+01 1.532833092694e+01 1 1 1 0.0 0.0 0.0
Nb 2.448853063000e+00 2.964429508245e+01 1.532833092694e+01 1 1 1 0.0 0.0 0.0
Nb 4.180638454056e+00 2.664475479753e+01 1.532833092694e+01 1 1 1 0.0 0.0 0.0
Nb 7.644209235836e+00 2.664475479753e+01 1.532833092694e+01 1 1 1 0.0 0.0 0.0
Nb 5.912423845112e+00 2.364521451261e+01 1.532833092694e+01 1 1 1 0.0 0.0 0.0
Nb 2.448853063332e+00 2.364521451261e+01 1.532833092694e+01 1 1 1 0.0 0.0 0.0
Nb 4.180638454389e+00 2.064567422769e+01 1.532833092694e+01 1 1 1 0.0 0.0 0.0
Nb 7.644209236169e+00 2.064567422769e+01 1.532833092694e+01 1 1 1 0.0 0.0 0.0
Nb 2.448853063665e+00 1.764613394276e+01 1.532833092694e+01 1 1 1 0.0 0.0 0.0
Nb 5.912423845445e+00 1.764613394276e+01 1.532833092694e+01 1 1 1 0.0 0.0 0.0
Nb 4.180638454721e+00 1.464659365784e+01 1.532833092694e+01 1 1 1 0.0 0.0 0.0
Nb 7.644209236501e+00 1.464659365784e+01 1.532833092694e+01 1 1 1 0.0 0.0 0.0
Nb 2.448853063997e+00 1.164705337292e+01 1.532833092694e+01 1 1 1 0.0 0.0 0.0
Nb 5.912423845778e+00 1.164705337292e+01 1.532833092694e+01 1 1 1 0.0 0.0 0.0
Nb 4.180638455054e+00 8.647513087992e+00 1.532833092694e+01 1 1 1 0.0 0.0 0.0
Nb 7.170676732734e-01 8.647513087992e+00 1.532833092694e+01 1 1 1 0.0 0.0 0.0
Nb 2.448853064330e+00 5.647972803069e+00 1.532833092694e+01 1 1 1 0.0 0.0 0.0
Nb 5.912423846110e+00 5.647972803069e+00 1.532833092694e+01 1 1 1 0.0 0.0 0.0
Nb 4.180638455386e+00 2.648432518146e+00 1.532833092694e+01 1 1 1 0.0 0.0 0.0
Nb 7.170676736059e-01 2.648432518146e+00 1.532833092694e+01 1 1 1 0.0 0.0 0.0
Nb 5.912423843782e+00 4.764153679199e+01 1.532833092694e+01 1 1 1 0.0 0.0 0.0
Nb 9.375994625563e+00 4.764153679199e+01 1.532833092694e+01 1 1 1 0.0 0.0 0.0
Nb 4.180638453059e+00 4.464199650707e+01 1.532833092694e+01 1 1 1 0.0 0.0 0.0
Nb 7.644209234839e+00 4.464199650707e+01 1.532833092694e+01 1 1 1 0.0 0.0 0.0
Nb 5.911441004672e+00 4.163270006336e+01 9.182088683320e+00 1 1 1 0.0 0.0 0.0
Nb 9.375011786452e+00 4.163270006336e+01 9.182088683320e+00 1 1 1 0.0 0.0 0.0
Nb 4.179655613948e+00 3.863315977843e+01 9.182088683320e+00 1 1 1 0.0 0.0 0.0
Nb 7.643226395728e+00 3.863315977843e+01 9.182088683320e+00 1 1 1 0.0 0.0 0.0
Nb 5.911441005004e+00 3.563361949351e+01 9.182088683320e+00 1 1 1 0.0 0.0 0.0
Nb 9.375011786784e+00 3.563361949351e+01 9.182088683320e+00 1 1 1 0.0 0.0 0.0
Nb 4.179655614280e+00 3.263407920859e+01 9.182088683320e+00 1 1 1 0.0 0.0 0.0
Nb 7.643226396061e+00 3.263407920859e+01 9.182088683320e+00 1 1 1 0.0 0.0 0.0
Nb 5.911441005337e+00 2.963453892366e+01 9.182088683320e+00 1 1 1 0.0 0.0 0.0
Nb 2.447870223556e+00 2.963453892366e+01 9.182088683320e+00 1 1 1 0.0 0.0 0.0
Nb 4.179655614613e+00 2.663499863874e+01 9.182088683320e+00 1 1 1 0.0 0.0 0.0
Nb 7.643226396393e+00 2.663499863874e+01 9.182088683320e+00 1 1 1 0.0 0.0 0.0
Nb 5.911441005669e+00 2.363545835382e+01 9.182088683320e+00 1 1 1 0.0 0.0 0.0
Nb 2.447870223889e+00 2.363545835382e+01 9.182088683320e+00 1 1 1 0.0 0.0 0.0
Nb 4.179655614945e+00 2.063591806889e+01 9.182088683320e+00 1 1 1 0.0 0.0 0.0
Nb 7.643226396726e+00 2.063591806889e+01 9.182088683320e+00 1 1 1 0.0 0.0 0.0
Nb 2.447870224221e+00 1.763637778397e+01 9.182088683320e+00 1 1 1 0.0 0.0 0.0
Nb 5.911441006002e+00 1.763637778397e+01 9.182088683320e+00 1 1 1 0.0 0.0 0.0
Nb 4.179655615278e+00 1.463683749905e+01 9.182088683320e+00 1 1 1 0.0 0.0 0.0
Nb 7.643226397058e+00 1.463683749905e+01 9.182088683320e+00 1 1 1 0.0 0.0 0.0
Nb 2.447870224554e+00 1.163729721412e+01 9.182088683320e+00 1 1 1 0.0 0.0 0.0
Nb 5.911441006334e+00 1.163729721412e+01 9.182088683320e+00 1 1 1 0.0 0.0 0.0
Nb 4.179655615610e+00 8.637756929201e+00 9.182088683320e+00 1 1 1 0.0 0.0 0.0
Nb 7.160848338301e-01 8.637756929201e+00 9.182088683320e+00 1 1 1 0.0 0.0 0.0
Nb 2.447870224886e+00 5.638216644277e+00 9.182088683320e+00 1 1 1 0.0 0.0 0.0
Nb 5.911441006667e+00 5.638216644277e+00 9.182088683320e+00 1 1 1 0.0 0.0 0.0
Nb 4.179655615943e+00 2.638676359354e+00 9.182088683320e+00 1 1 1 0.0 0.0 0.0
Nb 7.160848341626e-01 2.638676359354e+00 9.182088683320e+00 1 1 1 0.0 0.0 0.0
Nb 5.911441004339e+00 4.763178063320e+01 9.182088683320e+00 1 1 1 0.0 0.0 0.0
Nb 9.375011786119e+00 4.763178063320e+01 9.182088683320e+00 1 1 1 0.0 0.0 0.0
Nb 4.179655613615e+00 4.463224034828e+01 9.182088683320e+00 1 1 1 0.0 0.0 0.0
Nb 7.643226395396e+00 4.463224034828e+01 9.182088683320e+00 1 1 1 0.0 0.0 0.0
Bi 5.738453754107e+00 4.287702801033e+01 3.532095071834e+01 1 1 1 0.0 0.0 0.0
Bi 9.202024536003e+00 4.079039129038e+01 3.532095071834e+01 1 1 1 0.0 0.0 0.0
Bi 5.738453754338e+00 3.870375457044e+01 3.532095071834e+01 1 1 1 0.0 0.0 0.0
Bi 9.202024536234e+00 3.661711785049e+01 3.532095071834e+01 1 1 1 0.0 0.0 0.0
Bi 5.738453754570e+00 3.453048113054e+01 3.532095071834e+01 1 1 1 0.0 0.0 0.0
Bi 9.202024536466e+00 3.244384441060e+01 3.532095071834e+01 1 1 1 0.0 0.0 0.0
Bi 5.738453754801e+00 3.035720769065e+01 3.532095071834e+01 1 1 1 0.0 0.0 0.0
Bi 2.274882973136e+00 2.827057097070e+01 3.532095071834e+01 1 1 1 0.0 0.0 0.0
Bi 5.738453755032e+00 2.618393425076e+01 3.532095071834e+01 1 1 1 0.0 0.0 0.0
Bi 2.274882973368e+00 2.409729753081e+01 3.532095071834e+01 1 1 1 0.0 0.0 0.0
Bi 5.738453755264e+00 2.201066081086e+01 3.532095071834e+01 1 1 1 0.0 0.0 0.0
Bi 2.274882973599e+00 1.992402409092e+01 3.532095071834e+01 1 1 1 0.0 0.0 0.0
Bi 5.738453755495e+00 1.783738737097e+01 3.532095071834e+01 1 1 1 0.0 0.0 0.0
Bi 2.274882973830e+00 1.575075065102e+01 3.532095071834e+01 1 1 1 0.0 0.0 0.0
Bi 5.738453755726e+00 1.366411393108e+01 3.532095071834e+01 1 1 1 0.0 0.0 0.0
Bi 2.274882974062e+00 1.157747721113e+01 3.532095071834e+01 1 1 1 0.0 0.0 0.0
Bi 5.738453755957e+00 9.490840491184e+00 3.532095071834e+01 1 1 1 0.0 0.0 0.0
Bi 2.274882974293e+00 7.404203771238e+00 3.532095071834e+01 1 1 1 0.0 0.0 0.0
Bi 5.738453756189e+00 5.317567051291e+00 3.532095071834e+01 1 1 1 0.0 0.0 0.0
Bi 2.274882974524e+00 3.230930331344e+00 3.532095071834e+01 1 1 1 0.0 0.0 0.0
Bi 5.738453756420e+00 1.144293611398e+00 3.532095071834e+01 1 1 1 0.0 0.0 0.0
Bi 5.738453753876e+00 4.705030145022e+01 3.532095071834e+01 1 1 1 0.0 0.0 0.0
Bi 9.202024535772e+00 4.496366473028e+01 3.532095071834e+01 1 1 1 0.0 0.0 0.0
Bi 3.453893201035e+00 4.290210334755e+01 3.133430771007e+01 1 1 1 0.0 0.0 0.0
Bi 6.917463982931e+00 4.081546662761e+01 3.133430771007e+01 1 1 1 0.0 0.0 0.0
Bi 3.453893201266e+00 3.872882990766e+01 3.133430771007e+01 1 1 1 0.0 0.0 0.0
Bi 6.917463983162e+00 3.664219318771e+01 3.133430771007e+01 1 1 1 0.0 0.0 0.0
Bi 3.453893201498e+00 3.455555646777e+01 3.133430771007e+01 1 1 1 0.0 0.0 0.0
Bi 6.917463983394e+00 3.246891974782e+01 3.133430771007e+01 1 1 1 0.0 0.0 0.0
Bi 3.453893201729e+00 3.038228302788e+01 3.133430771007e+01 1 1 1 0.0 0.0 0.0
Bi 6.917463983625e+00 2.829564630793e+01 3.133430771007e+01 1 1 1 0.0 0.0 0.0
Bi 3.453893201960e+00 2.620900958798e+01 3.133430771007e+01 1 1 1 0.0 0.0 0.0
Bi 6.917463983856e+00 2.412237286804e+01 3.133430771007e+01 1 1 1 0.0 0.0 0.0
Bi 3.453893202192e+00 2.203573614809e+01 3.133430771007e+01 1 1 1 0.0 0.0 0.0
Bi 6.917463984088e+00 1.994909942814e+01 3.133430771007e+01 1 1 1 0.0 0.0 0.0
Bi 3.453893202423e+00 1.786246270820e+01 3.133430771007e+01 1 1 1 0.0 0.0 0.0
Bi 6.917463984319e+00 1.577582598825e+01 3.133430771007e+01 1 1 1 0.0 0.0 0.0
Bi 3.453893202654e+00 1.368918926830e+01 3.133430771007e+01 1 1 1 0.0 0.0 0.0
Bi 6.917463984550e+00 1.160255254836e+01 3.133430771007e+01 1 1 1 0.0 0.0 0.0
Bi 3.453893202886e+00 9.515915828409e+00 3.133430771007e+01 1 1 1 0.0 0.0 0.0
Bi 6.917463984782e+00 7.429279108463e+00 3.133430771007e+01 1 1 1 0.0 0.0 0.0
Bi 3.453893203117e+00 5.342642388516e+00 3.133430771007e+01 1 1 1 0.0 0.0 0.0
Bi 6.917463985013e+00 3.256005668569e+00 3.133430771007e+01 1 1 1 0.0 0.0 0.0
Bi 3.453893203348e+00 1.169368948623e+00 3.133430771007e+01 1 1 1 0.0 0.0 0.0
Bi 3.453893200804e+00 4.707537678745e+01 3.133430771007e+01 1 1 1 0.0 0.0 0.0
Bi 6.917463982700e+00 4.498874006750e+01 3.133430771007e+01 1 1 1 0.0 0.0 0.0
Bi 3.437223007711e+00 4.296780761638e+01 2.529282906773e+01 1 1 1 0.0 0.0 0.0
Bi 6.900793789607e+00 4.088117089643e+01 2.529282906773e+01 1 1 1 0.0 0.0 0.0
Bi 3.437223007943e+00 3.879453417648e+01 2.529282906773e+01 1 1 1 0.0 0.0 0.0
Bi 6.900793789839e+00 3.670789745654e+01 2.529282906773e+01 1 1 1 0.0 0.0 0.0
Bi 3.437223008174e+00 3.462126073659e+01 2.529282906773e+01 1 1 1 0.0 0.0 0.0
Bi 6.900793790070e+00 3.253462401664e+01 2.529282906773e+01 1 1 1 0.0 0.0 0.0
Bi 3.437223008405e+00 3.044798729670e+01 2.529282906773e+01 1 1 1 0.0 0.0 0.0
Bi 6.900793790301e+00 2.836135057675e+01 2.529282906773e+01 1 1 1 0.0 0.0 0.0
Bi 3.437223008637e+00 2.627471385680e+01 2.529282906773e+01 1 1 1 0.0 0.0 0.0
Bi 6.900793790533e+00 2.418807713686e+01 2.529282906773e+01 1 1 1 0.0 0.0 0.0
Bi 3.437223008868e+00 2.210144041691e+01 2.529282906773e+01 1 1 1 0.0 0.0 0.0
Bi 6.900793790764e+00 2.001480369696e+01 2.529282906773e+01 1 1 1 0.0 0.0 0.0
Bi 3.437223009099e+00 1.792816697702e+01 2.529282906773e+01 1 1 1 0.0 0.0 0.0
Bi 6.900793790995e+00 1.584153025707e+01 2.529282906773e+01 1 1 1 0.0 0.0 0.0
Bi 3.437223009331e+00 1.375489353712e+01 2.529282906773e+01 1 1 1 0.0 0.0 0.0
Bi 6.900793791227e+00 1.166825681718e+01 2.529282906773e+01 1 1 1 0.0 0.0 0.0
Bi 3.437223009562e+00 9.581620097230e+00 2.529282906773e+01 1 1 1 0.0 0.0 0.0
Bi 6.900793791458e+00 7.494983377283e+00 2.529282906773e+01 1 1 1 0.0 0.0 0.0
Bi 3.437223009793e+00 5.408346657336e+00 2.529282906773e+01 1 1 1 0.0 0.0 0.0
Bi 6.900793791689e+00 3.321709937390e+00 2.529282906773e+01 1 1 1 0.0 0.0 0.0
Bi 3.437223010025e+00 1.235073217443e+00 2.529282906773e+01 1 1 1 0.0 0.0 0.0
Bi 3.437223007480e+00 4.714108105627e+01 2.529282906773e+01 1 1 1 0.0 0.0 0.0
Bi 6.900793789376e+00 4.505444433632e+01 2.529282906773e+01 1 1 1 0.0 0.0 0.0
Bi 8.075912740515e+00 4.296945787490e+01 2.132110864621e+01 1 1 1 0.0 0.0 0.0
Bi 4.612341958850e+00 4.088282115495e+01 2.132110864621e+01 1 1 1 0.0 0.0 0.0
Bi 8.075912740746e+00 3.879618443500e+01 2.132110864621e+01 1 1 1 0.0 0.0 0.0
Bi 4.612341959081e+00 3.670954771506e+01 2.132110864621e+01 1 1 1 0.0 0.0 0.0
Bi 8.075912740977e+00 3.462291099511e+01 2.132110864621e+01 1 1 1 0.0 0.0 0.0
Bi 4.612341959313e+00 3.253627427516e+01 2.132110864621e+01 1 1 1 0.0 0.0 0.0
Bi 8.075912741209e+00 3.044963755522e+01 2.132110864621e+01 1 1 1 0.0 0.0 0.0
Bi 4.612341959544e+00 2.836300083527e+01 2.132110864621e+01 1 1 1 0.0 0.0 0.0
Bi 8.075912741440e+00 2.627636411532e+01 2.132110864621e+01 1 1 1 0.0 0.0 0.0
Bi 4.612341959775e+00 2.418972739538e+01 2.132110864621e+01 1 1 1 0.0 0.0 0.0
Bi 8.075912741671e+00 2.210309067543e+01 2.132110864621e+01 1 1 1 0.0 0.0 0.0
Bi 4.612341960007e+00 2.001645395548e+01 2.132110864621e+01 1 1 1 0.0 0.0 0.0
Bi 8.075912741903e+00 1.792981723554e+01 2.132110864621e+01 1 1 1 0.0 0.0 0.0
Bi 4.612341960238e+00 1.584318051559e+01 2.132110864621e+01 1 1 1 0.0 0.0 0.0
Bi 1.148771178573e+00 1.375654379564e+01 2.132110864621e+01 1 1 1 0.0 0.0 0.0
Bi 4.612341960469e+00 1.166990707570e+01 2.132110864621e+01 1 1 1 0.0 0.0 0.0
Bi 1.148771178805e+00 9.583270355751e+00 2.132110864621e+01 1 1 1 0.0 0.0 0.0
Bi 4.612341960701e+00 7.496633635804e+00 2.132110864621e+01 1 1 1 0.0 0.0 0.0
Bi 1.148771179036e+00 5.409996915858e+00 2.132110864621e+01 1 1 1 0.0 0.0 0.0
Bi 4.612341960932e+00 3.323360195911e+00 2.132110864621e+01 1 1 1 0.0 0.0 0.0
Bi 1.148771179267e+00 1.236723475964e+00 2.132110864621e+01 1 1 1 0.0 0.0 0.0
Bi 8.075912740283e+00 4.714273131479e+01 2.132110864621e+01 1 1 1 0.0 0.0 0.0
Bi 4.612341958619e+00 4.505609459484e+01 2.132110864621e+01 1 1 1 0.0 0.0 0.0
Se 7.643666116134e+00 4.263219423938e+01 7.500000000000e+00 1 1 1 0.0 0.0 0.0
Se 4.180095334354e+00 4.263219423938e+01 7.500000000000e+00 1 1 1 0.0 0.0 0.0
Se 5.911880725410e+00 3.963265395445e+01 7.500000000000e+00 1 1 1 0.0 0.0 0.0
Se 9.375451507191e+00 3.963265395445e+01 7.500000000000e+00 1 1 1 0.0 0.0 0.0
Se 7.643666116467e+00 3.663311366953e+01 7.500000000000e+00 1 1 1 0.0 0.0 0.0
Se 4.180095334686e+00 3.663311366953e+01 7.500000000000e+00 1 1 1 0.0 0.0 0.0
Se 5.911880725743e+00 3.363357338461e+01 7.500000000000e+00 1 1 1 0.0 0.0 0.0
Se 2.448309943963e+00 3.363357338461e+01 7.500000000000e+00 1 1 1 0.0 0.0 0.0
Se 7.643666116799e+00 3.063403309968e+01 7.500000000000e+00 1 1 1 0.0 0.0 0.0
Se 4.180095335019e+00 3.063403309968e+01 7.500000000000e+00 1 1 1 0.0 0.0 0.0
Se 5.911880726075e+00 2.763449281476e+01 7.500000000000e+00 1 1 1 0.0 0.0 0.0
Se 2.448309944295e+00 2.763449281476e+01 7.500000000000e+00 1 1 1 0.0 0.0 0.0
Se 7.643666117132e+00 2.463495252984e+01 7.500000000000e+00 1 1 1 0.0 0.0 0.0
Se 4.180095335351e+00 2.463495252984e+01 7.500000000000e+00 1 1 1 0.0 0.0 0.0
Se 5.911880726408e+00 2.163541224491e+01 7.500000000000e+00 1 1 1 0.0 0.0 0.0
Se 2.448309944628e+00 2.163541224491e+01 7.500000000000e+00 1 1 1 0.0 0.0 0.0
Se 4.180095335684e+00 1.863587195999e+01 7.500000000000e+00 1 1 1 0.0 0.0 0.0
Se 7.643666117464e+00 1.863587195999e+01 7.500000000000e+00 1 1 1 0.0 0.0 0.0
Se 5.911880726740e+00 1.563633167507e+01 7.500000000000e+00 1 1 1 0.0 0.0 0.0
Se 2.448309944960e+00 1.563633167507e+01 7.500000000000e+00 1 1 1 0.0 0.0 0.0
Se 4.180095336016e+00 1.263679139014e+01 7.500000000000e+00 1 1 1 0.0 0.0 0.0
Se 7.643666117797e+00 1.263679139014e+01 7.500000000000e+00 1 1 1 0.0 0.0 0.0
Se 5.911880727073e+00 9.637251105220e+00 7.500000000000e+00 1 1 1 0.0 0.0 0.0
Se 2.448309945293e+00 9.637251105220e+00 7.500000000000e+00 1 1 1 0.0 0.0 0.0
Se 4.180095336349e+00 6.637710820296e+00 7.500000000000e+00 1 1 1 0.0 0.0 0.0
Se 7.165245545687e-01 6.637710820296e+00 7.500000000000e+00 1 1 1 0.0 0.0 0.0
Se 5.911880727405e+00 3.638170535373e+00 7.500000000000e+00 1 1 1 0.0 0.0 0.0
Se 2.448309945625e+00 3.638170535373e+00 7.500000000000e+00 1 1 1 0.0 0.0 0.0
Se 4.180095336682e+00 6.386302504499e-01 7.500000000000e+00 1 1 1 0.0 0.0 0.0
Se 7.165245549012e-01 6.386302504499e-01 7.500000000000e+00 1 1 1 0.0 0.0 0.0
Se 5.911880725078e+00 4.563173452430e+01 7.500000000000e+00 1 1 1 0.0 0.0 0.0
Se 9.375451506858e+00 4.563173452430e+01 7.500000000000e+00 1 1 1 0.0 0.0 0.0
Se 5.912689246737e+00 4.364203591408e+01 1.364602824434e+01 1 1 1 0.0 0.0 0.0
Se 9.376260028517e+00 4.364203591408e+01 1.364602824434e+01 1 1 1 0.0 0.0 0.0
Se 4.180903856013e+00 4.064249562916e+01 1.364602824434e+01 1 1 1 0.0 0.0 0.0
Se 7.644474637793e+00 4.064249562916e+01 1.364602824434e+01 1 1 1 0.0 0.0 0.0
Se 5.912689247069e+00 3.764295534423e+01 1.364602824434e+01 1 1 1 0.0 0.0 0.0
Se 9.376260028850e+00 3.764295534423e+01 1.364602824434e+01 1 1 1 0.0 0.0 0.0
Se 4.180903856346e+00 3.464341505931e+01 1.364602824434e+01 1 1 1 0.0 0.0 0.0
Se 7.644474638126e+00 3.464341505931e+01 1.364602824434e+01 1 1 1 0.0 0.0 0.0
Se 5.912689247402e+00 3.164387477439e+01 1.364602824434e+01 1 1 1 0.0 0.0 0.0
Se 2.449118465622e+00 3.164387477439e+01 1.364602824434e+01 1 1 1 0.0 0.0 0.0
Se 4.180903856678e+00 2.864433448946e+01 1.364602824434e+01 1 1 1 0.0 0.0 0.0
Se 7.644474638458e+00 2.864433448946e+01 1.364602824434e+01 1 1 1 0.0 0.0 0.0
Se 5.912689247734e+00 2.564479420454e+01 1.364602824434e+01 1 1 1 0.0 0.0 0.0
Se 2.449118465954e+00 2.564479420454e+01 1.364602824434e+01 1 1 1 0.0 0.0 0.0
Se 4.180903857011e+00 2.264525391962e+01 1.364602824434e+01 1 1 1 0.0 0.0 0.0
Se 7.644474638791e+00 2.264525391962e+01 1.364602824434e+01 1 1 1 0.0 0.0 0.0
Se 2.449118466287e+00 1.964571363469e+01 1.364602824434e+01 1 1 1 0.0 0.0 0.0
Se 5.912689248067e+00 1.964571363469e+01 1.364602824434e+01 1 1 1 0.0 0.0 0.0
Se 4.180903857343e+00 1.664617334977e+01 1.364602824434e+01 1 1 1 0.0 0.0 0.0
Se 7.644474639123e+00 1.664617334977e+01 1.364602824434e+01 1 1 1 0.0 0.0 0.0
Se 2.449118466619e+00 1.364663306485e+01 1.364602824434e+01 1 1 1 0.0 0.0 0.0
Se 5.912689248400e+00 1.364663306485e+01 1.364602824434e+01 1 1 1 0.0 0.0 0.0
Se 4.180903857676e+00 1.064709277992e+01 1.364602824434e+01 1 1 1 0.0 0.0 0.0
Se 7.644474639456e+00 1.064709277992e+01 1.364602824434e+01 1 1 1 0.0 0.0 0.0
Se 2.449118466952e+00 7.647552495000e+00 1.364602824434e+01 1 1 1 0.0 0.0 0.0
Se 5.912689248732e+00 7.647552495000e+00 1.364602824434e+01 1 1 1 0.0 0.0 0.0
Se 4.180903858008e+00 4.648012210076e+00 1.364602824434e+01 1 1 1 0.0 0.0 0.0
Se 7.173330762279e-01 4.648012210076e+00 1.364602824434e+01 1 1 1 0.0 0.0 0.0
Se 2.449118467284e+00 1.648471925153e+00 1.364602824434e+01 1 1 1 0.0 0.0 0.0
Se 5.912689249065e+00 1.648471925153e+00 1.364602824434e+01 1 1 1 0.0 0.0 0.0
Se 4.180903855681e+00 4.664157619900e+01 1.364602824434e+01 1 1 1 0.0 0.0 0.0
Se 7.644474637461e+00 4.664157619900e+01 1.364602824434e+01 1 1 1 0.0 0.0 0.0
Se 7.643358759922e+00 4.263322561010e+01 1.086443756309e+01 1 1 1 0.0 0.0 0.0
Se 4.179787978142e+00 4.263322561010e+01 1.086443756309e+01 1 1 1 0.0 0.0 0.0
Se 5.911573369198e+00 3.963368532517e+01 1.086443756309e+01 1 1 1 0.0 0.0 0.0
Se 9.375144150978e+00 3.963368532517e+01 1.086443756309e+01 1 1 1 0.0 0.0 0.0
Se 7.643358760254e+00 3.663414504025e+01 1.086443756309e+01 1 1 1 0.0 0.0 0.0
Se 4.179787978474e+00 3.663414504025e+01 1.086443756309e+01 1 1 1 0.0 0.0 0.0
Se 5.911573369530e+00 3.363460475533e+01 1.086443756309e+01 1 1 1 0.0 0.0 0.0
Se 2.448002587750e+00 3.363460475533e+01 1.086443756309e+01 1 1 1 0.0 0.0 0.0
Se 7.643358760587e+00 3.063506447040e+01 1.086443756309e+01 1 1 1 0.0 0.0 0.0
Se 4.179787978807e+00 3.063506447040e+01 1.086443756309e+01 1 1 1 0.0 0.0 0.0
Se 5.911573369863e+00 2.763552418548e+01 1.086443756309e+01 1 1 1 0.0 0.0 0.0
Se 2.448002588083e+00 2.763552418548e+01 1.086443756309e+01 1 1 1 0.0 0.0 0.0
Se 7.643358760919e+00 2.463598390056e+01 1.086443756309e+01 1 1 1 0.0 0.0 0.0
Se 4.179787979139e+00 2.463598390056e+01 1.086443756309e+01 1 1 1 0.0 0.0 0.0
Se 5.911573370196e+00 2.163644361563e+01 1.086443756309e+01 1 1 1 0.0 0.0 0.0
Se 2.448002588415e+00 2.163644361563e+01 1.086443756309e+01 1 1 1 0.0 0.0 0.0
Se 4.179787979472e+00 1.863690333071e+01 1.086443756309e+01 1 1 1 0.0 0.0 0.0
Se 7.643358761252e+00 1.863690333071e+01 1.086443756309e+01 1 1 1 0.0 0.0 0.0
Se 5.911573370528e+00 1.563736304579e+01 1.086443756309e+01 1 1 1 0.0 0.0 0.0
Se 2.448002588748e+00 1.563736304579e+01 1.086443756309e+01 1 1 1 0.0 0.0 0.0
Se 4.179787979804e+00 1.263782276086e+01 1.086443756309e+01 1 1 1 0.0 0.0 0.0
Se 7.643358761584e+00 1.263782276086e+01 1.086443756309e+01 1 1 1 0.0 0.0 0.0
Se 5.911573370861e+00 9.638282475941e+00 1.086443756309e+01 1 1 1 0.0 0.0 0.0
Se 2.448002589080e+00 9.638282475941e+00 1.086443756309e+01 1 1 1 0.0 0.0 0.0
Se 4.179787980137e+00 6.638742191018e+00 1.086443756309e+01 1 1 1 0.0 0.0 0.0
Se 7.162171983564e-01 6.638742191018e+00 1.086443756309e+01 1 1 1 0.0 0.0 0.0
Se 5.911573371193e+00 3.639201906095e+00 1.086443756309e+01 1 1 1 0.0 0.0 0.0
Se 2.448002589413e+00 3.639201906095e+00 1.086443756309e+01 1 1 1 0.0 0.0 0.0
Se 4.179787980469e+00 6.396616211714e-01 1.086443756309e+01 1 1 1 0.0 0.0 0.0
Se 7.162171986889e-01 6.396616211714e-01 1.086443756309e+01 1 1 1 0.0 0.0 0.0
Se 5.911573368865e+00 4.563276589502e+01 1.086443756309e+01 1 1 1 0.0 0.0 0.0
Se 9.375144150646e+00 4.563276589502e+01 1.086443756309e+01 1 1 1 0.0 0.0 0.0
Se 5.912219678677e+00 4.364298395834e+01 1.701046802998e+01 1 1 1 0.0 0.0 0.0
Se 9.375790460457e+00 4.364298395834e+01 1.701046802998e+01 1 1 1 0.0 0.0 0.0
Se 4.180434287953e+00 4.064344367342e+01 1.701046802998e+01 1 1 1 0.0 0.0 0.0
Se 7.644005069733e+00 4.064344367342e+01 1.701046802998e+01 1 1 1 0.0 0.0 0.0
Se 5.912219679010e+00 3.764390338850e+01 1.701046802998e+01 1 1 1 0.0 0.0 0.0
Se 9.375790460790e+00 3.764390338850e+01 1.701046802998e+01 1 1 1 0.0 0.0 0.0
Se 4.180434288286e+00 3.464436310357e+01 1.701046802998e+01 1 1 1 0.0 0.0 0.0
Se 7.644005070066e+00 3.464436310357e+01 1.701046802998e+01 1 1 1 0.0 0.0 0.0
Se 5.912219679342e+00 3.164482281865e+01 1.701046802998e+01 1 1 1 0.0 0.0 0.0
Se 2.448648897562e+00 3.164482281865e+01 1.701046802998e+01 1 1 1 0.0 0.0 0.0
Se 4.180434288618e+00 2.864528253373e+01 1.701046802998e+01 1 1 1 0.0 0.0 0.0
Se 7.644005070399e+00 2.864528253373e+01 1.701046802998e+01 1 1 1 0.0 0.0 0.0
Se 5.912219679675e+00 2.564574224880e+01 1.701046802998e+01 1 1 1 0.0 0.0 0.0
Se 2.448648897894e+00 2.564574224880e+01 1.701046802998e+01 1 1 1 0.0 0.0 0.0
Se 4.180434288951e+00 2.264620196388e+01 1.701046802998e+01 1 1 1 0.0 0.0 0.0
Se 7.644005070731e+00 2.264620196388e+01 1.701046802998e+01 1 1 1 0.0 0.0 0.0
Se 2.448648898227e+00 1.964666167896e+01 1.701046802998e+01 1 1 1 0.0 0.0 0.0
Se 5.912219680007e+00 1.964666167896e+01 1.701046802998e+01 1 1 1 0.0 0.0 0.0
Se 4.180434289283e+00 1.664712139403e+01 1.701046802998e+01 1 1 1 0.0 0.0 0.0
Se 7.644005071064e+00 1.664712139403e+01 1.701046802998e+01 1 1 1 0.0 0.0 0.0
Se 2.448648898559e+00 1.364758110911e+01 1.701046802998e+01 1 1 1 0.0 0.0 0.0
Se 5.912219680340e+00 1.364758110911e+01 1.701046802998e+01 1 1 1 0.0 0.0 0.0
Se 4.180434289616e+00 1.064804082419e+01 1.701046802998e+01 1 1 1 0.0 0.0 0.0
Se 7.644005071396e+00 1.064804082419e+01 1.701046802998e+01 1 1 1 0.0 0.0 0.0
Se 2.448648898892e+00 7.648500539265e+00 1.701046802998e+01 1 1 1 0.0 0.0 0.0
Se 5.912219680672e+00 7.648500539265e+00 1.701046802998e+01 1 1 1 0.0 0.0 0.0
Se 4.180434289948e+00 4.648960254341e+00 1.701046802998e+01 1 1 1 0.0 0.0 0.0
Se 7.168635081681e-01 4.648960254341e+00 1.701046802998e+01 1 1 1 0.0 0.0 0.0
Se 2.448648899224e+00 1.649419969418e+00 1.701046802998e+01 1 1 1 0.0 0.0 0.0
Se 5.912219681005e+00 1.649419969418e+00 1.701046802998e+01 1 1 1 0.0 0.0 0.0
Se 4.180434287621e+00 4.664252424327e+01 1.701046802998e+01 1 1 1 0.0 0.0 0.0
Se 7.644005069401e+00 4.664252424327e+01 1.701046802998e+01 1 1 1 0.0 0.0 0.0
Se 3.417822531655e+00 4.287751535303e+01 3.696241589303e+01 1 1 1 0.0 0.0 0.0
Se 6.881393313551e+00 4.079087863308e+01 3.696241589303e+01 1 1 1 0.0 0.0 0.0
Se 3.417822531886e+00 3.870424191314e+01 3.696241589303e+01 1 1 1 0.0 0.0 0.0
Se 6.881393313782e+00 3.661760519319e+01 3.696241589303e+01 1 1 1 0.0 0.0 0.0
Se 3.417822532118e+00 3.453096847324e+01 3.696241589303e+01 1 1 1 0.0 0.0 0.0
Se 6.881393314014e+00 3.244433175330e+01 3.696241589303e+01 1 1 1 0.0 0.0 0.0
Se 3.417822532349e+00 3.035769503335e+01 3.696241589303e+01 1 1 1 0.0 0.0 0.0
Se 6.881393314245e+00 2.827105831340e+01 3.696241589303e+01 1 1 1 0.0 0.0 0.0
Se 3.417822532580e+00 2.618442159346e+01 3.696241589303e+01 1 1 1 0.0 0.0 0.0
Se 6.881393314476e+00 2.409778487351e+01 3.696241589303e+01 1 1 1 0.0 0.0 0.0
Se 3.417822532812e+00 2.201114815357e+01 3.696241589303e+01 1 1 1 0.0 0.0 0.0
Se 6.881393314708e+00 1.992451143362e+01 3.696241589303e+01 1 1 1 0.0 0.0 0.0
Se 3.417822533043e+00 1.783787471367e+01 3.696241589303e+01 1 1 1 0.0 0.0 0.0
Se 6.881393314939e+00 1.575123799373e+01 3.696241589303e+01 1 1 1 0.0 0.0 0.0
Se 3.417822533274e+00 1.366460127378e+01 3.696241589303e+01 1 1 1 0.0 0.0 0.0
Se 6.881393315170e+00 1.157796455383e+01 3.696241589303e+01 1 1 1 0.0 0.0 0.0
Se 3.417822533506e+00 9.491327833885e+00 3.696241589303e+01 1 1 1 0.0 0.0 0.0
Se 6.881393315401e+00 7.404691113939e+00 3.696241589303e+01 1 1 1 0.0 0.0 0.0
Se 3.417822533737e+00 5.318054393992e+00 3.696241589303e+01 1 1 1 0.0 0.0 0.0
Se 6.881393315633e+00 3.231417674046e+00 3.696241589303e+01 1 1 1 0.0 0.0 0.0
Se 3.417822533968e+00 1.144780954099e+00 3.696241589303e+01 1 1 1 0.0 0.0 0.0
Se 3.417822531424e+00 4.705078879292e+01 3.696241589303e+01 1 1 1 0.0 0.0 0.0
Se 6.881393313320e+00 4.496415207298e+01 3.696241589303e+01 1 1 1 0.0 0.0 0.0
Se 8.071312879440e+00 4.288345300560e+01 3.332483142763e+01 1 1 1 0.0 0.0 0.0
Se 4.607742097775e+00 4.079681628565e+01 3.332483142763e+01 1 1 1 0.0 0.0 0.0
Se 8.071312879671e+00 3.871017956570e+01 3.332483142763e+01 1 1 1 0.0 0.0 0.0
Se 4.607742098007e+00 3.662354284576e+01 3.332483142763e+01 1 1 1 0.0 0.0 0.0
Se 8.071312879903e+00 3.453690612581e+01 3.332483142763e+01 1 1 1 0.0 0.0 0.0
Se 4.607742098238e+00 3.245026940586e+01 3.332483142763e+01 1 1 1 0.0 0.0 0.0
Se 8.071312880134e+00 3.036363268592e+01 3.332483142763e+01 1 1 1 0.0 0.0 0.0
Se 4.607742098469e+00 2.827699596597e+01 3.332483142763e+01 1 1 1 0.0 0.0 0.0
Se 8.071312880365e+00 2.619035924602e+01 3.332483142763e+01 1 1 1 0.0 0.0 0.0
Se 4.607742098701e+00 2.410372252608e+01 3.332483142763e+01 1 1 1 0.0 0.0 0.0
Se 8.071312880597e+00 2.201708580613e+01 3.332483142763e+01 1 1 1 0.0 0.0 0.0
Se 4.607742098932e+00 1.993044908618e+01 3.332483142763e+01 1 1 1 0.0 0.0 0.0
Se 8.071312880828e+00 1.784381236624e+01 3.332483142763e+01 1 1 1 0.0 0.0 0.0
Se 4.607742099163e+00 1.575717564629e+01 3.332483142763e+01 1 1 1 0.0 0.0 0.0
Se 1.144171317499e+00 1.367053892634e+01 3.332483142763e+01 1 1 1 0.0 0.0 0.0
Se 4.607742099395e+00 1.158390220640e+01 3.332483142763e+01 1 1 1 0.0 0.0 0.0
Se 1.144171317730e+00 9.497265486450e+00 3.332483142763e+01 1 1 1 0.0 0.0 0.0
Se 4.607742099626e+00 7.410628766504e+00 3.332483142763e+01 1 1 1 0.0 0.0 0.0
Se 1.144171317961e+00 5.323992046557e+00 3.332483142763e+01 1 1 1 0.0 0.0 0.0
Se 4.607742099857e+00 3.237355326611e+00 3.332483142763e+01 1 1 1 0.0 0.0 0.0
Se 1.144171318193e+00 1.150718606664e+00 3.332483142763e+01 1 1 1 0.0 0.0 0.0
Se 8.071312879209e+00 4.705672644549e+01 3.332483142763e+01 1 1 1 0.0 0.0 0.0
Se 4.607742097544e+00 4.497008972554e+01 3.332483142763e+01 1 1 1 0.0 0.0 0.0
Se 5.753106938205e+00 4.289229413882e+01 2.969131231352e+01 1 1 1 0.0 0.0 0.0
Se 9.216677720101e+00 4.080565741887e+01 2.969131231352e+01 1 1 1 0.0 0.0 0.0
Se 5.753106938437e+00 3.871902069892e+01 2.969131231352e+01 1 1 1 0.0 0.0 0.0
Se 9.216677720332e+00 3.663238397898e+01 2.969131231352e+01 1 1 1 0.0 0.0 0.0
Se 5.753106938668e+00 3.454574725903e+01 2.969131231352e+01 1 1 1 0.0 0.0 0.0
Se 9.216677720564e+00 3.245911053908e+01 2.969131231352e+01 1 1 1 0.0 0.0 0.0
Se 5.753106938899e+00 3.037247381914e+01 2.969131231352e+01 1 1 1 0.0 0.0 0.0
Se 2.289536157235e+00 2.828583709919e+01 2.969131231352e+01 1 1 1 0.0 0.0 0.0
Se 5.753106939130e+00 2.619920037924e+01 2.969131231352e+01 1 1 1 0.0 0.0 0.0
Se 2.289536157466e+00 2.411256365930e+01 2.969131231352e+01 1 1 1 0.0 0.0 0.0
Se 5.753106939362e+00 2.202592693935e+01 2.969131231352e+01 1 1 1 0.0 0.0 0.0
Se 2.289536157697e+00 1.993929021940e+01 2.969131231352e+01 1 1 1 0.0 0.0 0.0
Se 5.753106939593e+00 1.785265349946e+01 2.969131231352e+01 1 1 1 0.0 0.0 0.0
Se 2.289536157929e+00 1.576601677951e+01 2.969131231352e+01 1 1 1 0.0 0.0 0.0
Se 5.753106939824e+00 1.367938005956e+01 2.969131231352e+01 1 1 1 0.0 0.0 0.0
Se 2.289536158160e+00 1.159274333962e+01 2.969131231352e+01 1 1 1 0.0 0.0 0.0
Se 5.753106940056e+00 9.506106619671e+00 2.969131231352e+01 1 1 1 0.0 0.0 0.0
Se 2.289536158391e+00 7.419469899724e+00 2.969131231352e+01 1 1 1 0.0 0.0 0.0
Se 5.753106940287e+00 5.332833179777e+00 2.969131231352e+01 1 1 1 0.0 0.0 0.0
Se 2.289536158622e+00 3.246196459831e+00 2.969131231352e+01 1 1 1 0.0 0.0 0.0
Se 5.753106940518e+00 1.159559739884e+00 2.969131231352e+01 1 1 1 0.0 0.0 0.0
Se 5.753106937974e+00 4.706556757871e+01 2.969131231352e+01 1 1 1 0.0 0.0 0.0
Se 9.216677719870e+00 4.497893085876e+01 2.969131231352e+01 1 1 1 0.0 0.0 0.0
Se 8.077110931223e+00 4.296548686949e+01 2.692457590224e+01 1 1 1 0.0 0.0 0.0
Se 4.613540149559e+00 4.087885014955e+01 2.692457590224e+01 1 1 1 0.0 0.0 0.0
Se 8.077110931455e+00 3.879221342960e+01 2.692457590224e+01 1 1 1 0.0 0.0 0.0
Se 4.613540149790e+00 3.670557670965e+01 2.692457590224e+01 1 1 1 0.0 0.0 0.0
Se 8.077110931686e+00 3.461893998971e+01 2.692457590224e+01 1 1 1 0.0 0.0 0.0
Se 4.613540150021e+00 3.253230326976e+01 2.692457590224e+01 1 1 1 0.0 0.0 0.0
Se 8.077110931917e+00 3.044566654981e+01 2.692457590224e+01 1 1 1 0.0 0.0 0.0
Se 4.613540150253e+00 2.835902982987e+01 2.692457590224e+01 1 1 1 0.0 0.0 0.0
Se 8.077110932149e+00 2.627239310992e+01 2.692457590224e+01 1 1 1 0.0 0.0 0.0
Se 4.613540150484e+00 2.418575638997e+01 2.692457590224e+01 1 1 1 0.0 0.0 0.0
Se 8.077110932380e+00 2.209911967003e+01 2.692457590224e+01 1 1 1 0.0 0.0 0.0
Se 4.613540150715e+00 2.001248295008e+01 2.692457590224e+01 1 1 1 0.0 0.0 0.0
Se 8.077110932611e+00 1.792584623013e+01 2.692457590224e+01 1 1 1 0.0 0.0 0.0
Se 4.613540150947e+00 1.583920951019e+01 2.692457590224e+01 1 1 1 0.0 0.0 0.0
Se 1.149969369282e+00 1.375257279024e+01 2.692457590224e+01 1 1 1 0.0 0.0 0.0
Se 4.613540151178e+00 1.166593607029e+01 2.692457590224e+01 1 1 1 0.0 0.0 0.0
Se 1.149969369513e+00 9.579299350347e+00 2.692457590224e+01 1 1 1 0.0 0.0 0.0
Se 4.613540151409e+00 7.492662630400e+00 2.692457590224e+01 1 1 1 0.0 0.0 0.0
Se 1.149969369745e+00 5.406025910454e+00 2.692457590224e+01 1 1 1 0.0 0.0 0.0
Se 4.613540151641e+00 3.319389190507e+00 2.692457590224e+01 1 1 1 0.0 0.0 0.0
Se 1.149969369976e+00 1.232752470560e+00 2.692457590224e+01 1 1 1 0.0 0.0 0.0
Se 8.077110930992e+00 4.713876030939e+01 2.692457590224e+01 1 1 1 0.0 0.0 0.0
Se 4.613540149327e+00 4.505212358944e+01 2.692457590224e+01 1 1 1 0.0 0.0 0.0
Se 5.751044524625e+00 4.297415220272e+01 2.330671355540e+01 1 1 1 0.0 0.0 0.0
Se 9.214615306521e+00 4.088751548277e+01 2.330671355540e+01 1 1 1 0.0 0.0 0.0
Se 5.751044524856e+00 3.880087876282e+01 2.330671355540e+01 1 1 1 0.0 0.0 0.0
Se 9.214615306752e+00 3.671424204288e+01 2.330671355540e+01 1 1 1 0.0 0.0 0.0
Se 5.751044525088e+00 3.462760532293e+01 2.330671355540e+01 1 1 1 0.0 0.0 0.0
Se 9.214615306984e+00 3.254096860298e+01 2.330671355540e+01 1 1 1 0.0 0.0 0.0
Se 5.751044525319e+00 3.045433188304e+01 2.330671355540e+01 1 1 1 0.0 0.0 0.0
Se 2.287473743654e+00 2.836769516309e+01 2.330671355540e+01 1 1 1 0.0 0.0 0.0
Se 5.751044525550e+00 2.628105844314e+01 2.330671355540e+01 1 1 1 0.0 0.0 0.0
Se 2.287473743886e+00 2.419442172320e+01 2.330671355540e+01 1 1 1 0.0 0.0 0.0
Se 5.751044525782e+00 2.210778500325e+01 2.330671355540e+01 1 1 1 0.0 0.0 0.0
Se 2.287473744117e+00 2.002114828330e+01 2.330671355540e+01 1 1 1 0.0 0.0 0.0
Se 5.751044526013e+00 1.793451156336e+01 2.330671355540e+01 1 1 1 0.0 0.0 0.0
Se 2.287473744348e+00 1.584787484341e+01 2.330671355540e+01 1 1 1 0.0 0.0 0.0
Se 5.751044526244e+00 1.376123812346e+01 2.330671355540e+01 1 1 1 0.0 0.0 0.0
Se 2.287473744580e+00 1.167460140352e+01 2.330671355540e+01 1 1 1 0.0 0.0 0.0
Se 5.751044526476e+00 9.587964683570e+00 2.330671355540e+01 1 1 1 0.0 0.0 0.0
Se 2.287473744811e+00 7.501327963623e+00 2.330671355540e+01 1 1 1 0.0 0.0 0.0
Se 5.751044526707e+00 5.414691243677e+00 2.330671355540e+01 1 1 1 0.0 0.0 0.0
Se 2.287473745042e+00 3.328054523730e+00 2.330671355540e+01 1 1 1 0.0 0.0 0.0
Se 5.751044526938e+00 1.241417803783e+00 2.330671355540e+01 1 1 1 0.0 0.0 0.0
Se 5.751044524394e+00 4.714742564261e+01 2.330671355540e+01 1 1 1 0.0 0.0 0.0
Se 9.214615306290e+00 4.506078892266e+01 2.330671355540e+01 1 1 1 0.0 0.0 0.0
Se 3.429850086074e+00 4.296834440812e+01 1.968357859229e+01 1 1 1 0.0 0.0 0.0
Se 6.893420867970e+00 4.088170768817e+01 1.968357859229e+01 1 1 1 0.0 0.0 0.0
Se 3.429850086305e+00 3.879507096823e+01 1.968357859229e+01 1 1 1 0.0 0.0 0.0
Se 6.893420868201e+00 3.670843424828e+01 1.968357859229e+01 1 1 1 0.0 0.0 0.0
Se 3.429850086537e+00 3.462179752833e+01 1.968357859229e+01 1 1 1 0.0 0.0 0.0
Se 6.893420868432e+00 3.253516080839e+01 1.968357859229e+01 1 1 1 0.0 0.0 0.0
Se 3.429850086768e+00 3.044852408844e+01 1.968357859229e+01 1 1 1 0.0 0.0 0.0
Se 6.893420868664e+00 2.836188736849e+01 1.968357859229e+01 1 1 1 0.0 0.0 0.0
Se 3.429850086999e+00 2.627525064855e+01 1.968357859229e+01 1 1 1 0.0 0.0 0.0
Se 6.893420868895e+00 2.418861392860e+01 1.968357859229e+01 1 1 1 0.0 0.0 0.0
Se 3.429850087231e+00 2.210197720865e+01 1.968357859229e+01 1 1 1 0.0 0.0 0.0
Se 6.893420869126e+00 2.001534048871e+01 1.968357859229e+01 1 1 1 0.0 0.0 0.0
Se 3.429850087462e+00 1.792870376876e+01 1.968357859229e+01 1 1 1 0.0 0.0 0.0
Se 6.893420869358e+00 1.584206704881e+01 1.968357859229e+01 1 1 1 0.0 0.0 0.0
Se 3.429850087693e+00 1.375543032887e+01 1.968357859229e+01 1 1 1 0.0 0.0 0.0
Se 6.893420869589e+00 1.166879360892e+01 1.968357859229e+01 1 1 1 0.0 0.0 0.0
Se 3.429850087924e+00 9.582156888974e+00 1.968357859229e+01 1 1 1 0.0 0.0 0.0
Se 6.893420869820e+00 7.495520169028e+00 1.968357859229e+01 1 1 1 0.0 0.0 0.0
Se 3.429850088156e+00 5.408883449081e+00 1.968357859229e+01 1 1 1 0.0 0.0 0.0
Se 6.893420870052e+00 3.322246729134e+00 1.968357859229e+01 1 1 1 0.0 0.0 0.0
Se 3.429850088387e+00 1.235610009188e+00 1.968357859229e+01 1 1 1 0.0 0.0 0.0
Se 3.429850085843e+00 4.714161784801e+01 1.968357859229e+01 1 1 1 0.0 0.0 0.0
Se 6.893420867739e+00 4.505498112807e+01 1.968357859229e+01 1 1 1 0.0 0.0 0.0
"