calculation_mode = "Quench Electrons"
cell_relax = "False"
charge_density_mixing = "0.1"
charge_mixing_type = "Broyden"
description = "Example parameters for high-throughput bulk relaxation of a vdW material"
dos_broading = "0.05"
dos_method = "Gaussian"
energy_convergence_criterion = "1e-10"
energy_output_units = "Hartrees"
kohn_sham_mucycles = "3"
kohn_sham_solver = "davidson"
kpoint_mesh = "1 1 1"
localize_projectors = "False"
max_md_steps = "100"
max_scf_steps = "200"
non_local_block_size = "4000"
potential_acceleration_constant_step = "1.5"
processor_grid = "4 7 14"
rms_convergence_criterion = "1e-08"
scalapack_block_factor = "64"
start_mode = "LCAO Start"
state_block_size = "64"
stress = "True"
subdiag_driver = "scalapack"
use_async_allreduce = "False"
vdw_corr = "DFT-D3"
vdwdf_kernel_filepath = "/lustre/orion/world-shared/cph162/rjmorelock/rmgdft/XC/vdW_kernel_table"
wavefunction_grid = "106 194 378"
write_data_period = "50"

atomic_coordinate_type = "Absolute"
crds_units = "Angstrom"
lattice_units = "Angstrom"

lattice_vector = "
1.248808204977e+01 0.000000000000e+00 8.000000000000e-16
3.362175937243e+00 2.246191539279e+01 1.400000000000e-15
0.000000000000e+00 0.000000000000e+00 4.446241589303e+01
"
atoms = "
Nb 4.429801617461e+00 2.131654990576e+01 1.532833092694e+01 1 1 1 0.0 0.0 0.0
Nb 2.028247376468e+00 2.182325682278e+00 1.532833092694e+01 1 1 1 0.0 0.0 0.0
Nb 7.791977553966e+00 2.214847269809e+01 1.532833092694e+01 1 1 1 0.0 0.0 0.0
Nb 2.988869072718e+00 5.510016851580e+00 1.532833092694e+01 1 1 1 0.0 0.0 0.0
Nb 5.390423312973e+00 3.014248474603e+00 1.532833092694e+01 1 1 1 0.0 0.0 0.0
Nb 7.791977553228e+00 5.184800976272e-01 1.532833092694e+01 1 1 1 0.0 0.0 0.0
Nb 3.949490768967e+00 8.837708020881e+00 1.532833092694e+01 1 1 1 0.0 0.0 0.0
Nb 6.351045009223e+00 6.341939643905e+00 1.532833092694e+01 1 1 1 0.0 0.0 0.0
Nb 8.752599249478e+00 3.846171266929e+00 1.532833092694e+01 1 1 1 0.0 0.0 0.0
Nb 1.115415348973e+01 1.350402889953e+00 1.532833092694e+01 1 1 1 0.0 0.0 0.0
Nb 4.910112465217e+00 1.216539919018e+01 1.532833092694e+01 1 1 1 0.0 0.0 0.0
Nb 7.311666705472e+00 9.669630813207e+00 1.532833092694e+01 1 1 1 0.0 0.0 0.0
Nb 9.713220945727e+00 7.173862436231e+00 1.532833092694e+01 1 1 1 0.0 0.0 0.0
Nb 1.211477518598e+01 4.678094059254e+00 1.532833092694e+01 1 1 1 0.0 0.0 0.0
Nb 5.870734161467e+00 1.549309035948e+01 1.532833092694e+01 1 1 1 0.0 0.0 0.0
Nb 8.272288401722e+00 1.299732198251e+01 1.532833092694e+01 1 1 1 0.0 0.0 0.0
Nb 1.067384264198e+01 1.050155360553e+01 1.532833092694e+01 1 1 1 0.0 0.0 0.0
Nb 1.307539688223e+01 8.005785228556e+00 1.532833092694e+01 1 1 1 0.0 0.0 0.0
Nb 6.831355857716e+00 1.882078152879e+01 1.532833092694e+01 1 1 1 0.0 0.0 0.0
Nb 9.232910097971e+00 1.632501315181e+01 1.532833092694e+01 1 1 1 0.0 0.0 0.0
Nb 1.163446433823e+01 1.382924477483e+01 1.532833092694e+01 1 1 1 0.0 0.0 0.0
Nb 1.403601857848e+01 1.133347639786e+01 1.532833092694e+01 1 1 1 0.0 0.0 0.0
Nb 1.019353179422e+01 1.965270432111e+01 1.532833092694e+01 1 1 1 0.0 0.0 0.0
Nb 1.259508603448e+01 1.715693594414e+01 1.532833092694e+01 1 1 1 0.0 0.0 0.0
Nb 2.508558224962e+00 1.466116756716e+01 1.532833092694e+01 1 1 1 0.0 0.0 0.0
Nb 1.355570773073e+01 2.048462711344e+01 1.532833092694e+01 1 1 1 0.0 0.0 0.0
Nb 3.469179921212e+00 1.798885873646e+01 1.532833092694e+01 1 1 1 0.0 0.0 0.0
Nb 4.437513154631e+00 2.132260637356e+01 9.182088683320e+00 1 1 1 0.0 0.0 0.0
Nb 2.035958913638e+00 2.188382150078e+00 9.182088683320e+00 1 1 1 0.0 0.0 0.0
Nb 7.799689091136e+00 2.215452916589e+01 9.182088683320e+00 1 1 1 0.0 0.0 0.0
Nb 2.996580609888e+00 5.516073319379e+00 9.182088683320e+00 1 1 1 0.0 0.0 0.0
Nb 5.398134850143e+00 3.020304942403e+00 9.182088683320e+00 1 1 1 0.0 0.0 0.0
Nb 7.799689090398e+00 5.245365654270e-01 9.182088683320e+00 1 1 1 0.0 0.0 0.0
Nb 3.957202306138e+00 8.843764488681e+00 9.182088683320e+00 1 1 1 0.0 0.0 0.0
Nb 6.358756546393e+00 6.347996111705e+00 9.182088683320e+00 1 1 1 0.0 0.0 0.0
Nb 8.760310786648e+00 3.852227734729e+00 9.182088683320e+00 1 1 1 0.0 0.0 0.0
Nb 1.116186502690e+01 1.356459357752e+00 9.182088683320e+00 1 1 1 0.0 0.0 0.0
Nb 4.917824002387e+00 1.217145565798e+01 9.182088683320e+00 1 1 1 0.0 0.0 0.0
Nb 7.319378242642e+00 9.675687281007e+00 9.182088683320e+00 1 1 1 0.0 0.0 0.0
Nb 9.720932482897e+00 7.179918904030e+00 9.182088683320e+00 1 1 1 0.0 0.0 0.0
Nb 1.212248672315e+01 4.684150527054e+00 9.182088683320e+00 1 1 1 0.0 0.0 0.0
Nb 5.878445698637e+00 1.549914682728e+01 9.182088683320e+00 1 1 1 0.0 0.0 0.0
Nb 8.279999938892e+00 1.300337845031e+01 9.182088683320e+00 1 1 1 0.0 0.0 0.0
Nb 1.068155417915e+01 1.050761007333e+01 9.182088683320e+00 1 1 1 0.0 0.0 0.0
Nb 1.308310841940e+01 8.011841696356e+00 9.182088683320e+00 1 1 1 0.0 0.0 0.0
Nb 6.839067394886e+00 1.882683799659e+01 9.182088683320e+00 1 1 1 0.0 0.0 0.0
Nb 9.240621635142e+00 1.633106961961e+01 9.182088683320e+00 1 1 1 0.0 0.0 0.0
Nb 1.164217587540e+01 1.383530124263e+01 9.182088683320e+00 1 1 1 0.0 0.0 0.0
Nb 1.404373011565e+01 1.133953286566e+01 9.182088683320e+00 1 1 1 0.0 0.0 0.0
Nb 1.020124333139e+01 1.965876078891e+01 9.182088683320e+00 1 1 1 0.0 0.0 0.0
Nb 1.260279757165e+01 1.716299241194e+01 9.182088683320e+00 1 1 1 0.0 0.0 0.0
Nb 2.516269762132e+00 1.466722403496e+01 9.182088683320e+00 1 1 1 0.0 0.0 0.0
Nb 1.356341926790e+01 2.049068358124e+01 9.182088683320e+00 1 1 1 0.0 0.0 0.0
Nb 3.476891458382e+00 1.799491520426e+01 9.182088683320e+00 1 1 1 0.0 0.0 0.0
Bi 5.814110269510e+00 7.966676220666e-02 3.532095071834e+01 1 1 1 0.0 0.0 0.0
Bi 1.651416252920e+00 7.966676220666e-02 3.532095071834e+01 1 1 1 0.0 0.0 0.0
Bi 9.976804286100e+00 7.966676220666e-02 3.532095071834e+01 1 1 1 0.0 0.0 0.0
Bi 7.762037597914e+00 3.823319327671e+00 3.532095071834e+01 1 1 1 0.0 0.0 0.0
Bi 3.599343581324e+00 3.823319327671e+00 3.532095071834e+01 1 1 1 0.0 0.0 0.0
Bi 1.192473161450e+01 3.823319327671e+00 3.532095071834e+01 1 1 1 0.0 0.0 0.0
Bi 9.709964926317e+00 7.566971893135e+00 3.532095071834e+01 1 1 1 0.0 0.0 0.0
Bi 5.547270909728e+00 7.566971893135e+00 3.532095071834e+01 1 1 1 0.0 0.0 0.0
Bi 1.384576893138e+00 7.566971893135e+00 3.532095071834e+01 1 1 1 0.0 0.0 0.0
Bi 7.495198238131e+00 1.131062445860e+01 3.532095071834e+01 1 1 1 0.0 0.0 0.0
Bi 3.332504221541e+00 1.131062445860e+01 3.532095071834e+01 1 1 1 0.0 0.0 0.0
Bi 1.165789225472e+01 1.131062445860e+01 3.532095071834e+01 1 1 1 0.0 0.0 0.0
Bi 9.443125566535e+00 1.505427702406e+01 3.532095071834e+01 1 1 1 0.0 0.0 0.0
Bi 5.280431549945e+00 1.505427702406e+01 3.532095071834e+01 1 1 1 0.0 0.0 0.0
Bi 1.360581958312e+01 1.505427702406e+01 3.532095071834e+01 1 1 1 0.0 0.0 0.0
Bi 1.139105289494e+01 1.879792958953e+01 3.532095071834e+01 1 1 1 0.0 0.0 0.0
Bi 7.228358878349e+00 1.879792958953e+01 3.532095071834e+01 1 1 1 0.0 0.0 0.0
Bi 3.065664861759e+00 1.879792958953e+01 3.532095071834e+01 1 1 1 0.0 0.0 0.0
Bi 7.842691264208e+00 1.291823639809e+00 3.133430771007e+01 1 1 1 0.0 0.0 0.0
Bi 3.679997247618e+00 1.291823639809e+00 3.133430771007e+01 1 1 1 0.0 0.0 0.0
Bi 1.200538528080e+01 1.291823639809e+00 3.133430771007e+01 1 1 1 0.0 0.0 0.0
Bi 9.790618592612e+00 5.035476205273e+00 3.133430771007e+01 1 1 1 0.0 0.0 0.0
Bi 5.627924576022e+00 5.035476205273e+00 3.133430771007e+01 1 1 1 0.0 0.0 0.0
Bi 1.465230559432e+00 5.035476205273e+00 3.133430771007e+01 1 1 1 0.0 0.0 0.0
Bi 1.173854592102e+01 8.779128770737e+00 3.133430771007e+01 1 1 1 0.0 0.0 0.0
Bi 7.575851904426e+00 8.779128770737e+00 3.133430771007e+01 1 1 1 0.0 0.0 0.0
Bi 3.413157887836e+00 8.779128770737e+00 3.133430771007e+01 1 1 1 0.0 0.0 0.0
Bi 9.523779232829e+00 1.252278133620e+01 3.133430771007e+01 1 1 1 0.0 0.0 0.0
Bi 5.361085216240e+00 1.252278133620e+01 3.133430771007e+01 1 1 1 0.0 0.0 0.0
Bi 1.368647324942e+01 1.252278133620e+01 3.133430771007e+01 1 1 1 0.0 0.0 0.0
Bi 1.147170656123e+01 1.626643390167e+01 3.133430771007e+01 1 1 1 0.0 0.0 0.0
Bi 7.309012544643e+00 1.626643390167e+01 3.133430771007e+01 1 1 1 0.0 0.0 0.0
Bi 3.146318528053e+00 1.626643390167e+01 3.133430771007e+01 1 1 1 0.0 0.0 0.0
Bi 1.341963388964e+01 2.001008646713e+01 3.133430771007e+01 1 1 1 0.0 0.0 0.0
Bi 9.256939873047e+00 2.001008646713e+01 3.133430771007e+01 1 1 1 0.0 0.0 0.0
Bi 5.094245856457e+00 2.001008646713e+01 3.133430771007e+01 1 1 1 0.0 0.0 0.0
Bi 7.892265918783e+00 1.241892462525e+00 2.529282906773e+01 1 1 1 0.0 0.0 0.0
Bi 3.729571902193e+00 1.241892462525e+00 2.529282906773e+01 1 1 1 0.0 0.0 0.0
Bi 1.205495993537e+01 1.241892462525e+00 2.529282906773e+01 1 1 1 0.0 0.0 0.0
Bi 9.840193247186e+00 4.985545027990e+00 2.529282906773e+01 1 1 1 0.0 0.0 0.0
Bi 5.677499230597e+00 4.985545027990e+00 2.529282906773e+01 1 1 1 0.0 0.0 0.0
Bi 1.514805214007e+00 4.985545027990e+00 2.529282906773e+01 1 1 1 0.0 0.0 0.0
Bi 1.178812057559e+01 8.729197593454e+00 2.529282906773e+01 1 1 1 0.0 0.0 0.0
Bi 7.625426559000e+00 8.729197593454e+00 2.529282906773e+01 1 1 1 0.0 0.0 0.0
Bi 3.462732542410e+00 8.729197593454e+00 2.529282906773e+01 1 1 1 0.0 0.0 0.0
Bi 9.573353887404e+00 1.247285015892e+01 2.529282906773e+01 1 1 1 0.0 0.0 0.0
Bi 5.410659870814e+00 1.247285015892e+01 2.529282906773e+01 1 1 1 0.0 0.0 0.0
Bi 1.373604790399e+01 1.247285015892e+01 2.529282906773e+01 1 1 1 0.0 0.0 0.0
Bi 1.152128121581e+01 1.621650272438e+01 2.529282906773e+01 1 1 1 0.0 0.0 0.0
Bi 7.358587199218e+00 1.621650272438e+01 2.529282906773e+01 1 1 1 0.0 0.0 0.0
Bi 3.195893182628e+00 1.621650272438e+01 2.529282906773e+01 1 1 1 0.0 0.0 0.0
Bi 1.346920854421e+01 1.996015528985e+01 2.529282906773e+01 1 1 1 0.0 0.0 0.0
Bi 9.306514527622e+00 1.996015528985e+01 2.529282906773e+01 1 1 1 0.0 0.0 0.0
Bi 5.143820511032e+00 1.996015528985e+01 2.529282906773e+01 1 1 1 0.0 0.0 0.0
Bi 7.163402360323e+00 2.119542870624e+01 2.132110864621e+01 1 1 1 0.0 0.0 0.0
Bi 1.548879039350e+01 2.119542870624e+01 2.132110864621e+01 1 1 1 0.0 0.0 0.0
Bi 1.132609637691e+01 2.119542870624e+01 2.132110864621e+01 1 1 1 0.0 0.0 0.0
Bi 5.749153751484e+00 2.477165878919e+00 2.132110864621e+01 1 1 1 0.0 0.0 0.0
Bi 1.586459734894e+00 2.477165878919e+00 2.132110864621e+01 1 1 1 0.0 0.0 0.0
Bi 9.911847768073e+00 2.477165878919e+00 2.132110864621e+01 1 1 1 0.0 0.0 0.0
Bi 7.697081079887e+00 6.220818444384e+00 2.132110864621e+01 1 1 1 0.0 0.0 0.0
Bi 3.534387063298e+00 6.220818444384e+00 2.132110864621e+01 1 1 1 0.0 0.0 0.0
Bi 1.185977509648e+01 6.220818444384e+00 2.132110864621e+01 1 1 1 0.0 0.0 0.0
Bi 5.482314391701e+00 9.964471009848e+00 2.132110864621e+01 1 1 1 0.0 0.0 0.0
Bi 1.380770242488e+01 9.964471009848e+00 2.132110864621e+01 1 1 1 0.0 0.0 0.0
Bi 9.645008408291e+00 9.964471009848e+00 2.132110864621e+01 1 1 1 0.0 0.0 0.0
Bi 7.430241720105e+00 1.370812357531e+01 2.132110864621e+01 1 1 1 0.0 0.0 0.0
Bi 3.267547703515e+00 1.370812357531e+01 2.132110864621e+01 1 1 1 0.0 0.0 0.0
Bi 1.159293573669e+01 1.370812357531e+01 2.132110864621e+01 1 1 1 0.0 0.0 0.0
Bi 9.378169048509e+00 1.745177614078e+01 2.132110864621e+01 1 1 1 0.0 0.0 0.0
Bi 5.215475031919e+00 1.745177614078e+01 2.132110864621e+01 1 1 1 0.0 0.0 0.0
Bi 1.354086306510e+01 1.745177614078e+01 2.132110864621e+01 1 1 1 0.0 0.0 0.0
Se 1.500430098573e+01 2.187778289502e+01 7.500000000000e+00 1 1 1 0.0 0.0 0.0
Se 1.260274674474e+01 2.743558671539e+00 7.500000000000e+00 1 1 1 0.0 0.0 0.0
Se 2.516218935223e+00 2.477902945628e-01 7.500000000000e+00 1 1 1 0.0 0.0 0.0
Se 1.075286391218e+00 6.071249840841e+00 7.500000000000e+00 1 1 1 0.0 0.0 0.0
Se 3.476840631473e+00 3.575481463864e+00 7.500000000000e+00 1 1 1 0.0 0.0 0.0
Se 5.878394871728e+00 1.079713086888e+00 7.500000000000e+00 1 1 1 0.0 0.0 0.0
Se 2.035908087467e+00 9.398941010142e+00 7.500000000000e+00 1 1 1 0.0 0.0 0.0
Se 4.437462327722e+00 6.903172633166e+00 7.500000000000e+00 1 1 1 0.0 0.0 0.0
Se 6.839016567978e+00 4.407404256190e+00 7.500000000000e+00 1 1 1 0.0 0.0 0.0
Se 9.240570808233e+00 1.911635879214e+00 7.500000000000e+00 1 1 1 0.0 0.0 0.0
Se 2.996529783717e+00 1.272663217944e+01 7.500000000000e+00 1 1 1 0.0 0.0 0.0
Se 5.398084023972e+00 1.023086380247e+01 7.500000000000e+00 1 1 1 0.0 0.0 0.0
Se 7.799638264227e+00 7.735095425492e+00 7.500000000000e+00 1 1 1 0.0 0.0 0.0
Se 1.020119250448e+01 5.239327048515e+00 7.500000000000e+00 1 1 1 0.0 0.0 0.0
Se 3.957151479967e+00 1.605432334875e+01 7.500000000000e+00 1 1 1 0.0 0.0 0.0
Se 6.358705720222e+00 1.355855497177e+01 7.500000000000e+00 1 1 1 0.0 0.0 0.0
Se 8.760259960477e+00 1.106278659479e+01 7.500000000000e+00 1 1 1 0.0 0.0 0.0
Se 1.116181420073e+01 8.567018217817e+00 7.500000000000e+00 1 1 1 0.0 0.0 0.0
Se 4.917773176216e+00 1.938201451805e+01 7.500000000000e+00 1 1 1 0.0 0.0 0.0
Se 7.319327416471e+00 1.688624614107e+01 7.500000000000e+00 1 1 1 0.0 0.0 0.0
Se 9.720881656726e+00 1.439047776409e+01 7.500000000000e+00 1 1 1 0.0 0.0 0.0
Se 1.212243589698e+01 1.189470938712e+01 7.500000000000e+00 1 1 1 0.0 0.0 0.0
Se 8.279949112721e+00 2.021393731037e+01 7.500000000000e+00 1 1 1 0.0 0.0 0.0
Se 1.068150335298e+01 1.771816893340e+01 7.500000000000e+00 1 1 1 0.0 0.0 0.0
Se 1.308305759323e+01 1.522240055642e+01 7.500000000000e+00 1 1 1 0.0 0.0 0.0
Se 1.164212504923e+01 2.104586010270e+01 7.500000000000e+00 1 1 1 0.0 0.0 0.0
Se 1.404367928948e+01 1.855009172572e+01 7.500000000000e+00 1 1 1 0.0 0.0 0.0
Se 2.988767073743e+00 1.993028208942e+01 1.364602824434e+01 1 1 1 0.0 0.0 0.0
Se 5.872128327504e-01 7.960578659335e-01 1.364602824434e+01 1 1 1 0.0 0.0 0.0
Se 6.350943010248e+00 2.076220488174e+01 1.364602824434e+01 1 1 1 0.0 0.0 0.0
Se 1.547834529000e+00 4.123749035235e+00 1.364602824434e+01 1 1 1 0.0 0.0 0.0
Se 3.949388769255e+00 1.627980658259e+00 1.364602824434e+01 1 1 1 0.0 0.0 0.0
Se 9.713118946753e+00 2.159412767407e+01 1.364602824434e+01 1 1 1 0.0 0.0 0.0
Se 2.508456225250e+00 7.451440204537e+00 1.364602824434e+01 1 1 1 0.0 0.0 0.0
Se 4.910010465505e+00 4.955671827561e+00 1.364602824434e+01 1 1 1 0.0 0.0 0.0
Se 7.311564705760e+00 2.459903450584e+00 1.364602824434e+01 1 1 1 0.0 0.0 0.0
Se 1.307529488326e+01 2.242605046639e+01 1.364602824434e+01 1 1 1 0.0 0.0 0.0
Se 3.469077921499e+00 1.077913137384e+01 1.364602824434e+01 1 1 1 0.0 0.0 0.0
Se 5.870632161754e+00 8.283362996862e+00 1.364602824434e+01 1 1 1 0.0 0.0 0.0
Se 8.272186402010e+00 5.787594619886e+00 1.364602824434e+01 1 1 1 0.0 0.0 0.0
Se 1.067374064226e+01 3.291826242910e+00 1.364602824434e+01 1 1 1 0.0 0.0 0.0
Se 4.429699617749e+00 1.410682254314e+01 1.364602824434e+01 1 1 1 0.0 0.0 0.0
Se 6.831253858004e+00 1.161105416616e+01 1.364602824434e+01 1 1 1 0.0 0.0 0.0
Se 9.232808098259e+00 9.115285789188e+00 1.364602824434e+01 1 1 1 0.0 0.0 0.0
Se 1.163436233851e+01 6.619517412211e+00 1.364602824434e+01 1 1 1 0.0 0.0 0.0
Se 5.390321313998e+00 1.743451371244e+01 1.364602824434e+01 1 1 1 0.0 0.0 0.0
Se 7.791875554254e+00 1.493874533547e+01 1.364602824434e+01 1 1 1 0.0 0.0 0.0
Se 1.019342979451e+01 1.244297695849e+01 1.364602824434e+01 1 1 1 0.0 0.0 0.0
Se 1.259498403476e+01 9.947208581513e+00 1.364602824434e+01 1 1 1 0.0 0.0 0.0
Se 8.752497250503e+00 1.826643650477e+01 1.364602824434e+01 1 1 1 0.0 0.0 0.0
Se 1.115405149076e+01 1.577066812779e+01 1.364602824434e+01 1 1 1 0.0 0.0 0.0
Se 1.355560573101e+01 1.327489975081e+01 1.364602824434e+01 1 1 1 0.0 0.0 0.0
Se 1.211467318701e+01 1.909835929709e+01 1.364602824434e+01 1 1 1 0.0 0.0 0.0
Se 1.451622742726e+01 1.660259092012e+01 1.364602824434e+01 1 1 1 0.0 0.0 0.0
Se 1.500377091722e+01 2.187684629437e+01 1.086443756309e+01 1 1 1 0.0 0.0 0.0
Se 1.260221667622e+01 2.742622070889e+00 1.086443756309e+01 1 1 1 0.0 0.0 0.0
Se 2.515688866709e+00 2.468536939130e-01 1.086443756309e+01 1 1 1 0.0 0.0 0.0
Se 1.074756322704e+00 6.070313240191e+00 1.086443756309e+01 1 1 1 0.0 0.0 0.0
Se 3.476310562959e+00 3.574544863215e+00 1.086443756309e+01 1 1 1 0.0 0.0 0.0
Se 5.877864803214e+00 1.078776486238e+00 1.086443756309e+01 1 1 1 0.0 0.0 0.0
Se 2.035378018954e+00 9.398004409493e+00 1.086443756309e+01 1 1 1 0.0 0.0 0.0
Se 4.436932259209e+00 6.902236032516e+00 1.086443756309e+01 1 1 1 0.0 0.0 0.0
Se 6.838486499464e+00 4.406467655540e+00 1.086443756309e+01 1 1 1 0.0 0.0 0.0
Se 9.240040739719e+00 1.910699278564e+00 1.086443756309e+01 1 1 1 0.0 0.0 0.0
Se 2.995999715203e+00 1.272569557879e+01 1.086443756309e+01 1 1 1 0.0 0.0 0.0
Se 5.397553955458e+00 1.022992720182e+01 1.086443756309e+01 1 1 1 0.0 0.0 0.0
Se 7.799108195713e+00 7.734158824842e+00 1.086443756309e+01 1 1 1 0.0 0.0 0.0
Se 1.020066243597e+01 5.238390447866e+00 1.086443756309e+01 1 1 1 0.0 0.0 0.0
Se 3.956621411453e+00 1.605338674810e+01 1.086443756309e+01 1 1 1 0.0 0.0 0.0
Se 6.358175651708e+00 1.355761837112e+01 1.086443756309e+01 1 1 1 0.0 0.0 0.0
Se 8.759729891963e+00 1.106184999414e+01 1.086443756309e+01 1 1 1 0.0 0.0 0.0
Se 1.116128413222e+01 8.566081617167e+00 1.086443756309e+01 1 1 1 0.0 0.0 0.0
Se 4.917243107702e+00 1.938107791740e+01 1.086443756309e+01 1 1 1 0.0 0.0 0.0
Se 7.318797347958e+00 1.688530954042e+01 1.086443756309e+01 1 1 1 0.0 0.0 0.0
Se 9.720351588213e+00 1.438954116345e+01 1.086443756309e+01 1 1 1 0.0 0.0 0.0
Se 1.212190582847e+01 1.189377278647e+01 1.086443756309e+01 1 1 1 0.0 0.0 0.0
Se 8.279419044207e+00 2.021300070972e+01 1.086443756309e+01 1 1 1 0.0 0.0 0.0
Se 1.068097328446e+01 1.771723233275e+01 1.086443756309e+01 1 1 1 0.0 0.0 0.0
Se 1.308252752472e+01 1.522146395577e+01 1.086443756309e+01 1 1 1 0.0 0.0 0.0
Se 1.164159498071e+01 2.104492350205e+01 1.086443756309e+01 1 1 1 0.0 0.0 0.0
Se 1.404314922097e+01 1.854915512507e+01 1.086443756309e+01 1 1 1 0.0 0.0 0.0
Se 2.988409522012e+00 1.992928637919e+01 1.701046802998e+01 1 1 1 0.0 0.0 0.0
Se 5.868552810187e-01 7.950621557096e-01 1.701046802998e+01 1 1 1 0.0 0.0 0.0
Se 6.350585458516e+00 2.076120917152e+01 1.701046802998e+01 1 1 1 0.0 0.0 0.0
Se 1.547476977268e+00 4.122753325011e+00 1.701046802998e+01 1 1 1 0.0 0.0 0.0
Se 3.949031217523e+00 1.626984948035e+00 1.701046802998e+01 1 1 1 0.0 0.0 0.0
Se 9.712761395021e+00 2.159313196384e+01 1.701046802998e+01 1 1 1 0.0 0.0 0.0
Se 2.508098673518e+00 7.450444494313e+00 1.701046802998e+01 1 1 1 0.0 0.0 0.0
Se 4.909652913773e+00 4.954676117337e+00 1.701046802998e+01 1 1 1 0.0 0.0 0.0
Se 7.311207154028e+00 2.458907740360e+00 1.701046802998e+01 1 1 1 0.0 0.0 0.0
Se 1.307493733153e+01 2.242505475617e+01 1.701046802998e+01 1 1 1 0.0 0.0 0.0
Se 3.468720369768e+00 1.077813566361e+01 1.701046802998e+01 1 1 1 0.0 0.0 0.0
Se 5.870274610023e+00 8.282367286638e+00 1.701046802998e+01 1 1 1 0.0 0.0 0.0
Se 8.271828850278e+00 5.786598909662e+00 1.701046802998e+01 1 1 1 0.0 0.0 0.0
Se 1.067338309053e+01 3.290830532686e+00 1.701046802998e+01 1 1 1 0.0 0.0 0.0
Se 4.429342066017e+00 1.410582683292e+01 1.701046802998e+01 1 1 1 0.0 0.0 0.0
Se 6.830896306272e+00 1.161005845594e+01 1.701046802998e+01 1 1 1 0.0 0.0 0.0
Se 9.232450546527e+00 9.114290078964e+00 1.701046802998e+01 1 1 1 0.0 0.0 0.0
Se 1.163400478678e+01 6.618521701987e+00 1.701046802998e+01 1 1 1 0.0 0.0 0.0
Se 5.389963762267e+00 1.743351800222e+01 1.701046802998e+01 1 1 1 0.0 0.0 0.0
Se 7.791518002522e+00 1.493774962524e+01 1.701046802998e+01 1 1 1 0.0 0.0 0.0
Se 1.019307224278e+01 1.244198124827e+01 1.701046802998e+01 1 1 1 0.0 0.0 0.0
Se 1.259462648303e+01 9.946212871289e+00 1.701046802998e+01 1 1 1 0.0 0.0 0.0
Se 8.752139698772e+00 1.826544079454e+01 1.701046802998e+01 1 1 1 0.0 0.0 0.0
Se 1.115369393903e+01 1.576967241757e+01 1.701046802998e+01 1 1 1 0.0 0.0 0.0
Se 1.355524817928e+01 1.327390404059e+01 1.701046802998e+01 1 1 1 0.0 0.0 0.0
Se 1.211431563528e+01 1.909736358687e+01 1.701046802998e+01 1 1 1 0.0 0.0 0.0
Se 1.451586987553e+01 1.660159520989e+01 1.701046802998e+01 1 1 1 0.0 0.0 0.0
Se 7.861461279438e+00 1.333374166866e+00 3.696241589303e+01 1 1 1 0.0 0.0 0.0
Se 3.698767262848e+00 1.333374166866e+00 3.696241589303e+01 1 1 1 0.0 0.0 0.0
Se 1.202415529603e+01 1.333374166866e+00 3.696241589303e+01 1 1 1 0.0 0.0 0.0
Se 9.809388607841e+00 5.077026732330e+00 3.696241589303e+01 1 1 1 0.0 0.0 0.0
Se 5.646694591251e+00 5.077026732330e+00 3.696241589303e+01 1 1 1 0.0 0.0 0.0
Se 1.484000574662e+00 5.077026732330e+00 3.696241589303e+01 1 1 1 0.0 0.0 0.0
Se 1.175731593624e+01 8.820679297795e+00 3.696241589303e+01 1 1 1 0.0 0.0 0.0
Se 7.594621919655e+00 8.820679297795e+00 3.696241589303e+01 1 1 1 0.0 0.0 0.0
Se 3.431927903065e+00 8.820679297795e+00 3.696241589303e+01 1 1 1 0.0 0.0 0.0
Se 9.542549248059e+00 1.256433186326e+01 3.696241589303e+01 1 1 1 0.0 0.0 0.0
Se 5.379855231469e+00 1.256433186326e+01 3.696241589303e+01 1 1 1 0.0 0.0 0.0
Se 1.370524326465e+01 1.256433186326e+01 3.696241589303e+01 1 1 1 0.0 0.0 0.0
Se 1.149047657646e+01 1.630798442872e+01 3.696241589303e+01 1 1 1 0.0 0.0 0.0
Se 7.327782559873e+00 1.630798442872e+01 3.696241589303e+01 1 1 1 0.0 0.0 0.0
Se 3.165088543283e+00 1.630798442872e+01 3.696241589303e+01 1 1 1 0.0 0.0 0.0
Se 1.343840390487e+01 2.005163699419e+01 3.696241589303e+01 1 1 1 0.0 0.0 0.0
Se 9.275709888276e+00 2.005163699419e+01 3.696241589303e+01 1 1 1 0.0 0.0 0.0
Se 5.113015871687e+00 2.005163699419e+01 3.696241589303e+01 1 1 1 0.0 0.0 0.0
Se 7.121817023812e+00 2.127506565201e+01 3.332483142763e+01 1 1 1 0.0 0.0 0.0
Se 1.544720505699e+01 2.127506565201e+01 3.332483142763e+01 1 1 1 0.0 0.0 0.0
Se 1.128451104040e+01 2.127506565201e+01 3.332483142763e+01 1 1 1 0.0 0.0 0.0
Se 5.707568414973e+00 2.556802824685e+00 3.332483142763e+01 1 1 1 0.0 0.0 0.0
Se 1.544874398383e+00 2.556802824685e+00 3.332483142763e+01 1 1 1 0.0 0.0 0.0
Se 9.870262431563e+00 2.556802824685e+00 3.332483142763e+01 1 1 1 0.0 0.0 0.0
Se 7.655495743377e+00 6.300455390150e+00 3.332483142763e+01 1 1 1 0.0 0.0 0.0
Se 3.492801726787e+00 6.300455390150e+00 3.332483142763e+01 1 1 1 0.0 0.0 0.0
Se 1.181818975997e+01 6.300455390150e+00 3.332483142763e+01 1 1 1 0.0 0.0 0.0
Se 5.440729055191e+00 1.004410795561e+01 3.332483142763e+01 1 1 1 0.0 0.0 0.0
Se 1.376611708837e+01 1.004410795561e+01 3.332483142763e+01 1 1 1 0.0 0.0 0.0
Se 9.603423071781e+00 1.004410795561e+01 3.332483142763e+01 1 1 1 0.0 0.0 0.0
Se 7.388656383595e+00 1.378776052108e+01 3.332483142763e+01 1 1 1 0.0 0.0 0.0
Se 3.225962367005e+00 1.378776052108e+01 3.332483142763e+01 1 1 1 0.0 0.0 0.0
Se 1.155135040018e+01 1.378776052108e+01 3.332483142763e+01 1 1 1 0.0 0.0 0.0
Se 9.336583711998e+00 1.753141308654e+01 3.332483142763e+01 1 1 1 0.0 0.0 0.0
Se 5.173889695408e+00 1.753141308654e+01 3.332483142763e+01 1 1 1 0.0 0.0 0.0
Se 1.349927772859e+01 1.753141308654e+01 3.332483142763e+01 1 1 1 0.0 0.0 0.0
Se 5.809286067087e+00 5.805315997415e-02 2.969131231352e+01 1 1 1 0.0 0.0 0.0
Se 1.646592050498e+00 5.805315997415e-02 2.969131231352e+01 1 1 1 0.0 0.0 0.0
Se 9.971980083677e+00 5.805315997415e-02 2.969131231352e+01 1 1 1 0.0 0.0 0.0
Se 7.757213395491e+00 3.801705725439e+00 2.969131231352e+01 1 1 1 0.0 0.0 0.0
Se 3.594519378901e+00 3.801705725439e+00 2.969131231352e+01 1 1 1 0.0 0.0 0.0
Se 1.191990741208e+01 3.801705725439e+00 2.969131231352e+01 1 1 1 0.0 0.0 0.0
Se 9.705140723895e+00 7.545358290903e+00 2.969131231352e+01 1 1 1 0.0 0.0 0.0
Se 5.542446707305e+00 7.545358290903e+00 2.969131231352e+01 1 1 1 0.0 0.0 0.0
Se 1.379752690715e+00 7.545358290903e+00 2.969131231352e+01 1 1 1 0.0 0.0 0.0
Se 7.490374035709e+00 1.128901085637e+01 2.969131231352e+01 1 1 1 0.0 0.0 0.0
Se 3.327680019119e+00 1.128901085637e+01 2.969131231352e+01 1 1 1 0.0 0.0 0.0
Se 1.165306805230e+01 1.128901085637e+01 2.969131231352e+01 1 1 1 0.0 0.0 0.0
Se 9.438301364112e+00 1.503266342183e+01 2.969131231352e+01 1 1 1 0.0 0.0 0.0
Se 5.275607347523e+00 1.503266342183e+01 2.969131231352e+01 1 1 1 0.0 0.0 0.0
Se 1.360099538070e+01 1.503266342183e+01 2.969131231352e+01 1 1 1 0.0 0.0 0.0
Se 1.138622869252e+01 1.877631598730e+01 2.969131231352e+01 1 1 1 0.0 0.0 0.0
Se 7.223534675926e+00 1.877631598730e+01 2.969131231352e+01 1 1 1 0.0 0.0 0.0
Se 3.060840659337e+00 1.877631598730e+01 2.969131231352e+01 1 1 1 0.0 0.0 0.0
Se 7.160237980940e+00 2.119834337219e+01 2.692457590224e+01 1 1 1 0.0 0.0 0.0
Se 1.548562601412e+01 2.119834337219e+01 2.692457590224e+01 1 1 1 0.0 0.0 0.0
Se 1.132293199753e+01 2.119834337219e+01 2.692457590224e+01 1 1 1 0.0 0.0 0.0
Se 5.745989372101e+00 2.480080544866e+00 2.692457590224e+01 1 1 1 0.0 0.0 0.0
Se 1.583295355511e+00 2.480080544866e+00 2.692457590224e+01 1 1 1 0.0 0.0 0.0
Se 9.908683388691e+00 2.480080544866e+00 2.692457590224e+01 1 1 1 0.0 0.0 0.0
Se 7.693916700505e+00 6.223733110330e+00 2.692457590224e+01 1 1 1 0.0 0.0 0.0
Se 3.531222683915e+00 6.223733110330e+00 2.692457590224e+01 1 1 1 0.0 0.0 0.0
Se 1.185661071709e+01 6.223733110330e+00 2.692457590224e+01 1 1 1 0.0 0.0 0.0
Se 5.479150012318e+00 9.967385675795e+00 2.692457590224e+01 1 1 1 0.0 0.0 0.0
Se 1.380453804550e+01 9.967385675794e+00 2.692457590224e+01 1 1 1 0.0 0.0 0.0
Se 9.641844028908e+00 9.967385675795e+00 2.692457590224e+01 1 1 1 0.0 0.0 0.0
Se 7.427077340722e+00 1.371103824126e+01 2.692457590224e+01 1 1 1 0.0 0.0 0.0
Se 3.264383324132e+00 1.371103824126e+01 2.692457590224e+01 1 1 1 0.0 0.0 0.0
Se 1.158977135731e+01 1.371103824126e+01 2.692457590224e+01 1 1 1 0.0 0.0 0.0
Se 9.375004669126e+00 1.745469080672e+01 2.692457590224e+01 1 1 1 0.0 0.0 0.0
Se 5.212310652536e+00 1.745469080672e+01 2.692457590224e+01 1 1 1 0.0 0.0 0.0
Se 1.353769868572e+01 1.745469080672e+01 2.692457590224e+01 1 1 1 0.0 0.0 0.0
Se 9.216723595796e+00 2.244765202617e+01 2.330671355540e+01 1 1 1 0.0 0.0 0.0
Se 5.054029579206e+00 2.244765202617e+01 2.330671355540e+01 1 1 1 0.0 0.0 0.0
Se 1.337941761239e+01 2.244765202617e+01 2.330671355540e+01 1 1 1 0.0 0.0 0.0
Se 7.802474986957e+00 3.729389198847e+00 2.330671355540e+01 1 1 1 0.0 0.0 0.0
Se 3.639780970367e+00 3.729389198847e+00 2.330671355540e+01 1 1 1 0.0 0.0 0.0
Se 1.196516900355e+01 3.729389198847e+00 2.330671355540e+01 1 1 1 0.0 0.0 0.0
Se 9.750402315360e+00 7.473041764311e+00 2.330671355540e+01 1 1 1 0.0 0.0 0.0
Se 5.587708298771e+00 7.473041764311e+00 2.330671355540e+01 1 1 1 0.0 0.0 0.0
Se 1.425014282181e+00 7.473041764311e+00 2.330671355540e+01 1 1 1 0.0 0.0 0.0
Se 7.535635627174e+00 1.121669432978e+01 2.330671355540e+01 1 1 1 0.0 0.0 0.0
Se 3.372941610584e+00 1.121669432978e+01 2.330671355540e+01 1 1 1 0.0 0.0 0.0
Se 1.169832964376e+01 1.121669432978e+01 2.330671355540e+01 1 1 1 0.0 0.0 0.0
Se 9.483562955578e+00 1.496034689524e+01 2.330671355540e+01 1 1 1 0.0 0.0 0.0
Se 5.320868938988e+00 1.496034689524e+01 2.330671355540e+01 1 1 1 0.0 0.0 0.0
Se 1.364625697217e+01 1.496034689524e+01 2.330671355540e+01 1 1 1 0.0 0.0 0.0
Se 1.143149028398e+01 1.870399946070e+01 2.330671355540e+01 1 1 1 0.0 0.0 0.0
Se 7.268796267392e+00 1.870399946070e+01 2.330671355540e+01 1 1 1 0.0 0.0 0.0
Se 3.106102250802e+00 1.870399946070e+01 2.330671355540e+01 1 1 1 0.0 0.0 0.0
Se 7.899054651669e+00 1.245395497837e+00 1.968357859229e+01 1 1 1 0.0 0.0 0.0
Se 3.736360635079e+00 1.245395497837e+00 1.968357859229e+01 1 1 1 0.0 0.0 0.0
Se 1.206174866826e+01 1.245395497837e+00 1.968357859229e+01 1 1 1 0.0 0.0 0.0
Se 9.846981980073e+00 4.989048063302e+00 1.968357859229e+01 1 1 1 0.0 0.0 0.0
Se 5.684287963483e+00 4.989048063302e+00 1.968357859229e+01 1 1 1 0.0 0.0 0.0
Se 1.521593946893e+00 4.989048063302e+00 1.968357859229e+01 1 1 1 0.0 0.0 0.0
Se 1.179490930848e+01 8.732700628766e+00 1.968357859229e+01 1 1 1 0.0 0.0 0.0
Se 7.632215291887e+00 8.732700628766e+00 1.968357859229e+01 1 1 1 0.0 0.0 0.0
Se 3.469521275297e+00 8.732700628766e+00 1.968357859229e+01 1 1 1 0.0 0.0 0.0
Se 9.580142620291e+00 1.247635319423e+01 1.968357859229e+01 1 1 1 0.0 0.0 0.0
Se 5.417448603701e+00 1.247635319423e+01 1.968357859229e+01 1 1 1 0.0 0.0 0.0
Se 1.374283663688e+01 1.247635319423e+01 1.968357859229e+01 1 1 1 0.0 0.0 0.0
Se 1.152806994869e+01 1.622000575969e+01 1.968357859229e+01 1 1 1 0.0 0.0 0.0
Se 7.365375932104e+00 1.622000575969e+01 1.968357859229e+01 1 1 1 0.0 0.0 0.0
Se 3.202681915515e+00 1.622000575969e+01 1.968357859229e+01 1 1 1 0.0 0.0 0.0
Se 1.347599727710e+01 1.996365832516e+01 1.968357859229e+01 1 1 1 0.0 0.0 0.0
Se 9.313303260508e+00 1.996365832516e+01 1.968357859229e+01 1 1 1 0.0 0.0 0.0
Se 5.150609243918e+00 1.996365832516e+01 1.968357859229e+01 1 1 1 0.0 0.0 0.0
"