calculation_mode = "Quench Electrons"
cell_relax = "False"
charge_density_mixing = "0.15"
charge_mixing_type = "Broyden"
description = "Example parameters for high-throughput bulk relaxation of a vdW material"
dipole_moment = "True"
dos_broading = "0.05"
dos_method = "Gaussian"
energy_convergence_criterion = "1e-08"
energy_output_units = "Hartrees"
kohn_sham_mucycles = "3"
kohn_sham_solver = "davidson"
kpoint_distribution = "1"
kpoint_mesh = "1 1 1"
localize_projectors = "False"
max_md_steps = "100"
max_scf_steps = "200"
non_local_block_size = "4000"
output_wave_function_file = "/dev/null"
potential_acceleration_constant_step = "1.5"
processor_grid = "5 16 15"
rms_convergence_criterion = "1e-08"
scalapack_block_factor = "64"
start_mode = "LCAO Start"
state_block_size = "64"
stress = "True"
subdiag_driver = "scalapack"
test_energy_tolerance = "1e-05"
use_async_allreduce = "False"
vdw_corr = "DFT-D3"
vdwdf_kernel_filepath = "/lustre/orion/world-shared/cph162/rjmorelock/rmgdft/XC/vdW_kernel_table"
wavefunction_grid = "128 474 426"
write_data_period = "50"

atomic_coordinate_type = "Absolute"
crds_units = "Angstrom"
lattice_units = "Angstrom"

lattice_vector = "
1.509735502196e+01 0.000000000000e+00 9.000000000000e-16
3.972988129526e-01 5.573948059353e+01 3.400000000000e-15
0.000000000000e+00 0.000000000000e+00 4.998930533072e+01
"
atoms = "
Nb 1.327693851769e+00 2.950136459998e+01 1.782833092694e+01 1 1 1 0.0 0.0 0.0
Nb 1.724992667926e+00 3.294207327859e+01 1.782833092694e+01 1 1 1 0.0 0.0 0.0
Nb 2.122291484082e+00 3.638278195720e+01 1.782833092694e+01 1 1 1 0.0 0.0 0.0
Nb 2.519590300239e+00 3.982349063582e+01 1.782833092694e+01 1 1 1 0.0 0.0 0.0
Nb 2.916889116395e+00 4.326419931443e+01 1.782833092694e+01 1 1 1 0.0 0.0 0.0
Nb 3.314187932552e+00 4.670490799304e+01 1.782833092694e+01 1 1 1 0.0 0.0 0.0
Nb 3.711486748709e+00 5.014561667166e+01 1.782833092694e+01 1 1 1 0.0 0.0 0.0
Nb 4.108785564865e+00 5.358632535027e+01 1.782833092694e+01 1 1 1 0.0 0.0 0.0
Nb 1.327693850167e+00 5.565075055744e+01 1.782833092694e+01 1 1 1 0.0 0.0 0.0
Nb 1.327693853371e+00 3.351978642519e+00 1.782833092694e+01 1 1 1 0.0 0.0 0.0
Nb 1.724992669528e+00 6.792687321132e+00 1.782833092694e+01 1 1 1 0.0 0.0 0.0
Nb 2.122291485684e+00 1.023339599974e+01 1.782833092694e+01 1 1 1 0.0 0.0 0.0
Nb 2.519590301841e+00 1.367410467836e+01 1.782833092694e+01 1 1 1 0.0 0.0 0.0
Nb 2.916889117997e+00 1.711481335697e+01 1.782833092694e+01 1 1 1 0.0 0.0 0.0
Nb 3.314187934154e+00 2.055552203558e+01 1.782833092694e+01 1 1 1 0.0 0.0 0.0
Nb 3.711486750311e+00 2.399623071420e+01 1.782833092694e+01 1 1 1 0.0 0.0 0.0
Nb 4.108785566467e+00 2.743693939281e+01 1.782833092694e+01 1 1 1 0.0 0.0 0.0
Nb 4.506084382624e+00 3.087764807142e+01 1.782833092694e+01 1 1 1 0.0 0.0 0.0
Nb 4.903383198781e+00 3.431835675004e+01 1.782833092694e+01 1 1 1 0.0 0.0 0.0
Nb 5.300682014937e+00 3.775906542865e+01 1.782833092694e+01 1 1 1 0.0 0.0 0.0
Nb 5.697980831094e+00 4.119977410726e+01 1.782833092694e+01 1 1 1 0.0 0.0 0.0
Nb 6.095279647250e+00 4.464048278587e+01 1.782833092694e+01 1 1 1 0.0 0.0 0.0
Nb 6.492578463407e+00 4.808119146449e+01 1.782833092694e+01 1 1 1 0.0 0.0 0.0
Nb 6.889877279564e+00 5.152190014310e+01 1.782833092694e+01 1 1 1 0.0 0.0 0.0
Nb 7.287176095720e+00 5.496260882171e+01 1.782833092694e+01 1 1 1 0.0 0.0 0.0
Nb 4.108785568069e+00 1.287553435351e+00 1.782833092694e+01 1 1 1 0.0 0.0 0.0
Nb 4.506084384226e+00 4.728262113964e+00 1.782833092694e+01 1 1 1 0.0 0.0 0.0
Nb 4.903383200383e+00 8.168970792577e+00 1.782833092694e+01 1 1 1 0.0 0.0 0.0
Nb 5.300682016539e+00 1.160967947119e+01 1.782833092694e+01 1 1 1 0.0 0.0 0.0
Nb 5.697980832696e+00 1.505038814980e+01 1.782833092694e+01 1 1 1 0.0 0.0 0.0
Nb 6.095279648852e+00 1.849109682842e+01 1.782833092694e+01 1 1 1 0.0 0.0 0.0
Nb 6.492578465009e+00 2.193180550703e+01 1.782833092694e+01 1 1 1 0.0 0.0 0.0
Nb 6.889877281166e+00 2.537251418564e+01 1.782833092694e+01 1 1 1 0.0 0.0 0.0
Nb 7.287176097322e+00 2.881322286425e+01 1.782833092694e+01 1 1 1 0.0 0.0 0.0
Nb 7.684474913479e+00 3.225393154287e+01 1.782833092694e+01 1 1 1 0.0 0.0 0.0
Nb 8.081773729636e+00 3.569464022148e+01 1.782833092694e+01 1 1 1 0.0 0.0 0.0
Nb 8.479072545792e+00 3.913534890009e+01 1.782833092694e+01 1 1 1 0.0 0.0 0.0
Nb 8.876371361949e+00 4.257605757871e+01 1.782833092694e+01 1 1 1 0.0 0.0 0.0
Nb 9.273670178105e+00 4.601676625732e+01 1.782833092694e+01 1 1 1 0.0 0.0 0.0
Nb 9.670968994262e+00 4.945747493593e+01 1.782833092694e+01 1 1 1 0.0 0.0 0.0
Nb 1.006826781042e+01 5.289818361455e+01 1.782833092694e+01 1 1 1 0.0 0.0 0.0
Nb 7.287176098924e+00 2.663836906796e+00 1.782833092694e+01 1 1 1 0.0 0.0 0.0
Nb 7.684474915081e+00 6.104545585409e+00 1.782833092694e+01 1 1 1 0.0 0.0 0.0
Nb 8.081773731238e+00 9.545254264022e+00 1.782833092694e+01 1 1 1 0.0 0.0 0.0
Nb 8.479072547394e+00 1.298596294264e+01 1.782833092694e+01 1 1 1 0.0 0.0 0.0
Nb 8.876371363551e+00 1.642667162125e+01 1.782833092694e+01 1 1 1 0.0 0.0 0.0
Nb 9.273670179708e+00 1.986738029986e+01 1.782833092694e+01 1 1 1 0.0 0.0 0.0
Nb 9.670968995864e+00 2.330808897847e+01 1.782833092694e+01 1 1 1 0.0 0.0 0.0
Nb 1.006826781202e+01 2.674879765709e+01 1.782833092694e+01 1 1 1 0.0 0.0 0.0
Nb 1.046556662818e+01 3.018950633570e+01 1.782833092694e+01 1 1 1 0.0 0.0 0.0
Nb 1.086286544433e+01 3.363021501431e+01 1.782833092694e+01 1 1 1 0.0 0.0 0.0
Nb 1.126016426049e+01 3.707092369293e+01 1.782833092694e+01 1 1 1 0.0 0.0 0.0
Nb 1.165746307665e+01 4.051163237154e+01 1.782833092694e+01 1 1 1 0.0 0.0 0.0
Nb 1.205476189280e+01 4.395234105015e+01 1.782833092694e+01 1 1 1 0.0 0.0 0.0
Nb 1.245206070896e+01 4.739304972876e+01 1.782833092694e+01 1 1 1 0.0 0.0 0.0
Nb 1.284935952512e+01 5.083375840738e+01 1.782833092694e+01 1 1 1 0.0 0.0 0.0
Nb 1.324665834127e+01 5.427446708599e+01 1.782833092694e+01 1 1 1 0.0 0.0 0.0
Nb 1.006826781362e+01 5.994116996286e-01 1.782833092694e+01 1 1 1 0.0 0.0 0.0
Nb 1.046556662978e+01 4.040120378242e+00 1.782833092694e+01 1 1 1 0.0 0.0 0.0
Nb 1.086286544594e+01 7.480829056855e+00 1.782833092694e+01 1 1 1 0.0 0.0 0.0
Nb 1.126016426209e+01 1.092153773547e+01 1.782833092694e+01 1 1 1 0.0 0.0 0.0
Nb 1.165746307825e+01 1.436224641408e+01 1.782833092694e+01 1 1 1 0.0 0.0 0.0
Nb 1.205476189441e+01 1.780295509269e+01 1.782833092694e+01 1 1 1 0.0 0.0 0.0
Nb 1.245206071056e+01 2.124366377131e+01 1.782833092694e+01 1 1 1 0.0 0.0 0.0
Nb 1.284935952672e+01 2.468437244992e+01 1.782833092694e+01 1 1 1 0.0 0.0 0.0
Nb 1.324665834288e+01 2.812508112853e+01 1.782833092694e+01 1 1 1 0.0 0.0 0.0
Nb 1.364395715903e+01 3.156578980715e+01 1.782833092694e+01 1 1 1 0.0 0.0 0.0
Nb 1.404125597519e+01 3.500649848576e+01 1.782833092694e+01 1 1 1 0.0 0.0 0.0
Nb 1.443855479135e+01 3.844720716437e+01 1.782833092694e+01 1 1 1 0.0 0.0 0.0
Nb 1.483585360750e+01 4.188791584298e+01 1.782833092694e+01 1 1 1 0.0 0.0 0.0
Nb 1.523315242366e+01 4.532862452160e+01 1.782833092694e+01 1 1 1 0.0 0.0 0.0
Nb 5.330962178537e-01 4.876933320021e+01 1.782833092694e+01 1 1 1 0.0 0.0 0.0
Nb 9.303950340103e-01 5.221004187882e+01 1.782833092694e+01 1 1 1 0.0 0.0 0.0
Nb 1.324665834448e+01 1.975695171074e+00 1.782833092694e+01 1 1 1 0.0 0.0 0.0
Nb 1.364395716063e+01 5.416403849687e+00 1.782833092694e+01 1 1 1 0.0 0.0 0.0
Nb 1.404125597679e+01 8.857112528300e+00 1.782833092694e+01 1 1 1 0.0 0.0 0.0
Nb 1.443855479295e+01 1.229782120691e+01 1.782833092694e+01 1 1 1 0.0 0.0 0.0
Nb 1.483585360910e+01 1.573852988553e+01 1.782833092694e+01 1 1 1 0.0 0.0 0.0
Nb 1.523315242526e+01 1.917923856414e+01 1.782833092694e+01 1 1 1 0.0 0.0 0.0
Nb 5.330962194557e-01 2.261994724275e+01 1.782833092694e+01 1 1 1 0.0 0.0 0.0
Nb 9.303950356123e-01 2.606065592136e+01 1.782833092694e+01 1 1 1 0.0 0.0 0.0
Nb 1.337498352185e+00 2.950122184380e+01 1.168208868332e+01 1 1 1 0.0 0.0 0.0
Nb 1.734797168342e+00 3.294193052241e+01 1.168208868332e+01 1 1 1 0.0 0.0 0.0
Nb 2.132095984498e+00 3.638263920102e+01 1.168208868332e+01 1 1 1 0.0 0.0 0.0
Nb 2.529394800655e+00 3.982334787964e+01 1.168208868332e+01 1 1 1 0.0 0.0 0.0
Nb 2.926693616811e+00 4.326405655825e+01 1.168208868332e+01 1 1 1 0.0 0.0 0.0
Nb 3.323992432968e+00 4.670476523686e+01 1.168208868332e+01 1 1 1 0.0 0.0 0.0
Nb 3.721291249125e+00 5.014547391547e+01 1.168208868332e+01 1 1 1 0.0 0.0 0.0
Nb 4.118590065281e+00 5.358618259409e+01 1.168208868332e+01 1 1 1 0.0 0.0 0.0
Nb 1.337498350583e+00 5.565060780126e+01 1.168208868332e+01 1 1 1 0.0 0.0 0.0
Nb 1.337498353787e+00 3.351835886338e+00 1.168208868332e+01 1 1 1 0.0 0.0 0.0
Nb 1.734797169944e+00 6.792544564951e+00 1.168208868332e+01 1 1 1 0.0 0.0 0.0
Nb 2.132095986100e+00 1.023325324356e+01 1.168208868332e+01 1 1 1 0.0 0.0 0.0
Nb 2.529394802257e+00 1.367396192218e+01 1.168208868332e+01 1 1 1 0.0 0.0 0.0
Nb 2.926693618413e+00 1.711467060079e+01 1.168208868332e+01 1 1 1 0.0 0.0 0.0
Nb 3.323992434570e+00 2.055537927940e+01 1.168208868332e+01 1 1 1 0.0 0.0 0.0
Nb 3.721291250727e+00 2.399608795802e+01 1.168208868332e+01 1 1 1 0.0 0.0 0.0
Nb 4.118590066883e+00 2.743679663663e+01 1.168208868332e+01 1 1 1 0.0 0.0 0.0
Nb 4.515888883040e+00 3.087750531524e+01 1.168208868332e+01 1 1 1 0.0 0.0 0.0
Nb 4.913187699197e+00 3.431821399386e+01 1.168208868332e+01 1 1 1 0.0 0.0 0.0
Nb 5.310486515353e+00 3.775892267247e+01 1.168208868332e+01 1 1 1 0.0 0.0 0.0
Nb 5.707785331510e+00 4.119963135108e+01 1.168208868332e+01 1 1 1 0.0 0.0 0.0
Nb 6.105084147667e+00 4.464034002969e+01 1.168208868332e+01 1 1 1 0.0 0.0 0.0
Nb 6.502382963823e+00 4.808104870831e+01 1.168208868332e+01 1 1 1 0.0 0.0 0.0
Nb 6.899681779980e+00 5.152175738692e+01 1.168208868332e+01 1 1 1 0.0 0.0 0.0
Nb 7.296980596136e+00 5.496246606553e+01 1.168208868332e+01 1 1 1 0.0 0.0 0.0
Nb 4.118590068485e+00 1.287410679171e+00 1.168208868332e+01 1 1 1 0.0 0.0 0.0
Nb 4.515888884642e+00 4.728119357784e+00 1.168208868332e+01 1 1 1 0.0 0.0 0.0
Nb 4.913187700799e+00 8.168828036397e+00 1.168208868332e+01 1 1 1 0.0 0.0 0.0
Nb 5.310486516955e+00 1.160953671501e+01 1.168208868332e+01 1 1 1 0.0 0.0 0.0
Nb 5.707785333112e+00 1.505024539362e+01 1.168208868332e+01 1 1 1 0.0 0.0 0.0
Nb 6.105084149269e+00 1.849095407224e+01 1.168208868332e+01 1 1 1 0.0 0.0 0.0
Nb 6.502382965425e+00 2.193166275085e+01 1.168208868332e+01 1 1 1 0.0 0.0 0.0
Nb 6.899681781582e+00 2.537237142946e+01 1.168208868332e+01 1 1 1 0.0 0.0 0.0
Nb 7.296980597738e+00 2.881308010807e+01 1.168208868332e+01 1 1 1 0.0 0.0 0.0
Nb 7.694279413895e+00 3.225378878669e+01 1.168208868332e+01 1 1 1 0.0 0.0 0.0
Nb 8.091578230052e+00 3.569449746530e+01 1.168208868332e+01 1 1 1 0.0 0.0 0.0
Nb 8.488877046208e+00 3.913520614391e+01 1.168208868332e+01 1 1 1 0.0 0.0 0.0
Nb 8.886175862365e+00 4.257591482253e+01 1.168208868332e+01 1 1 1 0.0 0.0 0.0
Nb 9.283474678522e+00 4.601662350114e+01 1.168208868332e+01 1 1 1 0.0 0.0 0.0
Nb 9.680773494678e+00 4.945733217975e+01 1.168208868332e+01 1 1 1 0.0 0.0 0.0
Nb 1.007807231083e+01 5.289804085837e+01 1.168208868332e+01 1 1 1 0.0 0.0 0.0
Nb 7.296980599340e+00 2.663694150616e+00 1.168208868332e+01 1 1 1 0.0 0.0 0.0
Nb 7.694279415497e+00 6.104402829229e+00 1.168208868332e+01 1 1 1 0.0 0.0 0.0
Nb 8.091578231654e+00 9.545111507842e+00 1.168208868332e+01 1 1 1 0.0 0.0 0.0
Nb 8.488877047810e+00 1.298582018645e+01 1.168208868332e+01 1 1 1 0.0 0.0 0.0
Nb 8.886175863967e+00 1.642652886507e+01 1.168208868332e+01 1 1 1 0.0 0.0 0.0
Nb 9.283474680124e+00 1.986723754368e+01 1.168208868332e+01 1 1 1 0.0 0.0 0.0
Nb 9.680773496280e+00 2.330794622229e+01 1.168208868332e+01 1 1 1 0.0 0.0 0.0
Nb 1.007807231244e+01 2.674865490091e+01 1.168208868332e+01 1 1 1 0.0 0.0 0.0
Nb 1.047537112859e+01 3.018936357952e+01 1.168208868332e+01 1 1 1 0.0 0.0 0.0
Nb 1.087266994475e+01 3.363007225813e+01 1.168208868332e+01 1 1 1 0.0 0.0 0.0
Nb 1.126996876091e+01 3.707078093675e+01 1.168208868332e+01 1 1 1 0.0 0.0 0.0
Nb 1.166726757706e+01 4.051148961536e+01 1.168208868332e+01 1 1 1 0.0 0.0 0.0
Nb 1.206456639322e+01 4.395219829397e+01 1.168208868332e+01 1 1 1 0.0 0.0 0.0
Nb 1.246186520938e+01 4.739290697258e+01 1.168208868332e+01 1 1 1 0.0 0.0 0.0
Nb 1.285916402553e+01 5.083361565120e+01 1.168208868332e+01 1 1 1 0.0 0.0 0.0
Nb 1.325646284169e+01 5.427432432981e+01 1.168208868332e+01 1 1 1 0.0 0.0 0.0
Nb 1.007807231404e+01 5.992689434480e-01 1.168208868332e+01 1 1 1 0.0 0.0 0.0
Nb 1.047537113020e+01 4.039977622061e+00 1.168208868332e+01 1 1 1 0.0 0.0 0.0
Nb 1.087266994635e+01 7.480686300674e+00 1.168208868332e+01 1 1 1 0.0 0.0 0.0
Nb 1.126996876251e+01 1.092139497929e+01 1.168208868332e+01 1 1 1 0.0 0.0 0.0
Nb 1.166726757867e+01 1.436210365790e+01 1.168208868332e+01 1 1 1 0.0 0.0 0.0
Nb 1.206456639482e+01 1.780281233651e+01 1.168208868332e+01 1 1 1 0.0 0.0 0.0
Nb 1.246186521098e+01 2.124352101513e+01 1.168208868332e+01 1 1 1 0.0 0.0 0.0
Nb 1.285916402714e+01 2.468422969374e+01 1.168208868332e+01 1 1 1 0.0 0.0 0.0
Nb 1.325646284329e+01 2.812493837235e+01 1.168208868332e+01 1 1 1 0.0 0.0 0.0
Nb 1.365376165945e+01 3.156564705096e+01 1.168208868332e+01 1 1 1 0.0 0.0 0.0
Nb 1.405106047561e+01 3.500635572958e+01 1.168208868332e+01 1 1 1 0.0 0.0 0.0
Nb 1.444835929176e+01 3.844706440819e+01 1.168208868332e+01 1 1 1 0.0 0.0 0.0
Nb 1.484565810792e+01 4.188777308680e+01 1.168208868332e+01 1 1 1 0.0 0.0 0.0
Nb 1.524295692407e+01 4.532848176542e+01 1.168208868332e+01 1 1 1 0.0 0.0 0.0
Nb 5.429007182697e-01 4.876919044403e+01 1.168208868332e+01 1 1 1 0.0 0.0 0.0
Nb 9.401995344264e-01 5.220989912264e+01 1.168208868332e+01 1 1 1 0.0 0.0 0.0
Nb 1.325646284489e+01 1.975552414893e+00 1.168208868332e+01 1 1 1 0.0 0.0 0.0
Nb 1.365376166105e+01 5.416261093506e+00 1.168208868332e+01 1 1 1 0.0 0.0 0.0
Nb 1.405106047721e+01 8.856969772119e+00 1.168208868332e+01 1 1 1 0.0 0.0 0.0
Nb 1.444835929336e+01 1.229767845073e+01 1.168208868332e+01 1 1 1 0.0 0.0 0.0
Nb 1.484565810952e+01 1.573838712935e+01 1.168208868332e+01 1 1 1 0.0 0.0 0.0
Nb 1.456019037151e-01 1.917909580796e+01 1.168208868332e+01 1 1 1 0.0 0.0 0.0
Nb 5.429007198717e-01 2.261980448657e+01 1.168208868332e+01 1 1 1 0.0 0.0 0.0
Nb 9.401995360284e-01 2.606051316518e+01 1.168208868332e+01 1 1 1 0.0 0.0 0.0
Bi 5.072879989089e+00 4.915942352243e+01 3.834784015603e+01 1 1 1 0.0 0.0 0.0
Bi 9.123908991632e+00 5.015477139018e+01 3.834784015603e+01 1 1 1 0.0 0.0 0.0
Bi 1.317493799417e+01 5.115011925792e+01 3.834784015603e+01 1 1 1 0.0 0.0 0.0
Bi 3.966119000881e+00 4.517803205147e+01 3.834784015603e+01 1 1 1 0.0 0.0 0.0
Bi 8.017148003423e+00 4.617337991921e+01 3.834784015603e+01 1 1 1 0.0 0.0 0.0
Bi 1.206817700597e+01 4.716872778695e+01 3.834784015603e+01 1 1 1 0.0 0.0 0.0
Bi 1.021850986547e+00 4.816407565469e+01 3.834784015603e+01 1 1 1 0.0 0.0 0.0
Bi 2.859358012673e+00 4.119664058050e+01 3.834784015603e+01 1 1 1 0.0 0.0 0.0
Bi 6.910387015215e+00 4.219198844824e+01 3.834784015603e+01 1 1 1 0.0 0.0 0.0
Bi 1.096141601776e+01 4.318733631598e+01 3.834784015603e+01 1 1 1 0.0 0.0 0.0
Bi 1.501244502030e+01 4.418268418373e+01 3.834784015603e+01 1 1 1 0.0 0.0 0.0
Bi 5.803626027007e+00 3.821059697728e+01 3.834784015603e+01 1 1 1 0.0 0.0 0.0
Bi 9.854655029550e+00 3.920594484502e+01 3.834784015603e+01 1 1 1 0.0 0.0 0.0
Bi 1.390568403209e+01 4.020129271276e+01 3.834784015603e+01 1 1 1 0.0 0.0 0.0
Bi 4.696865038799e+00 3.422920550631e+01 3.834784015603e+01 1 1 1 0.0 0.0 0.0
Bi 8.747894041341e+00 3.522455337405e+01 3.834784015603e+01 1 1 1 0.0 0.0 0.0
Bi 1.279892304388e+01 3.621990124179e+01 3.834784015603e+01 1 1 1 0.0 0.0 0.0
Bi 1.752597024465e+00 3.721524910954e+01 3.834784015603e+01 1 1 1 0.0 0.0 0.0
Bi 3.590104050591e+00 3.024781403534e+01 3.834784015603e+01 1 1 1 0.0 0.0 0.0
Bi 7.641133053133e+00 3.124316190309e+01 3.834784015603e+01 1 1 1 0.0 0.0 0.0
Bi 1.169216205568e+01 3.223850977083e+01 3.834784015603e+01 1 1 1 0.0 0.0 0.0
Bi 6.458360362565e-01 3.323385763857e+01 3.834784015603e+01 1 1 1 0.0 0.0 0.0
Bi 2.483343062383e+00 2.626642256438e+01 3.834784015603e+01 1 1 1 0.0 0.0 0.0
Bi 6.534372064925e+00 2.726177043212e+01 3.834784015603e+01 1 1 1 0.0 0.0 0.0
Bi 1.058540106747e+01 2.825711829986e+01 3.834784015603e+01 1 1 1 0.0 0.0 0.0
Bi 1.463643007001e+01 2.925246616760e+01 3.834784015603e+01 1 1 1 0.0 0.0 0.0
Bi 5.427611076717e+00 2.328037896115e+01 3.834784015603e+01 1 1 1 0.0 0.0 0.0
Bi 9.478640079259e+00 2.427572682889e+01 3.834784015603e+01 1 1 1 0.0 0.0 0.0
Bi 1.352966908180e+01 2.527107469664e+01 3.834784015603e+01 1 1 1 0.0 0.0 0.0
Bi 4.320850088509e+00 1.929898749019e+01 3.834784015603e+01 1 1 1 0.0 0.0 0.0
Bi 8.371879091051e+00 2.029433535793e+01 3.834784015603e+01 1 1 1 0.0 0.0 0.0
Bi 1.242290809359e+01 2.128968322567e+01 3.834784015603e+01 1 1 1 0.0 0.0 0.0
Bi 1.376582074174e+00 2.228503109341e+01 3.834784015603e+01 1 1 1 0.0 0.0 0.0
Bi 3.214089100301e+00 1.531759601922e+01 3.834784015603e+01 1 1 1 0.0 0.0 0.0
Bi 7.265118102843e+00 1.631294388696e+01 3.834784015603e+01 1 1 1 0.0 0.0 0.0
Bi 1.131614710539e+01 1.730829175470e+01 3.834784015603e+01 1 1 1 0.0 0.0 0.0
Bi 2.698210859663e-01 1.830363962244e+01 3.834784015603e+01 1 1 1 0.0 0.0 0.0
Bi 2.107328112092e+00 1.133620454825e+01 3.834784015603e+01 1 1 1 0.0 0.0 0.0
Bi 6.158357114635e+00 1.233155241600e+01 3.834784015603e+01 1 1 1 0.0 0.0 0.0
Bi 1.020938611718e+01 1.332690028374e+01 3.834784015603e+01 1 1 1 0.0 0.0 0.0
Bi 1.426041511972e+01 1.432224815148e+01 3.834784015603e+01 1 1 1 0.0 0.0 0.0
Bi 5.051596126427e+00 8.350160945029e+00 3.834784015603e+01 1 1 1 0.0 0.0 0.0
Bi 9.102625128969e+00 9.345508812770e+00 3.834784015603e+01 1 1 1 0.0 0.0 0.0
Bi 1.315365413151e+01 1.034085668051e+01 3.834784015603e+01 1 1 1 0.0 0.0 0.0
Bi 3.944835138219e+00 4.368769474062e+00 3.834784015603e+01 1 1 1 0.0 0.0 0.0
Bi 7.995864140761e+00 5.364117341804e+00 3.834784015603e+01 1 1 1 0.0 0.0 0.0
Bi 1.204689314330e+01 6.359465209545e+00 3.834784015603e+01 1 1 1 0.0 0.0 0.0
Bi 1.000567123884e+00 7.354813077287e+00 3.834784015603e+01 1 1 1 0.0 0.0 0.0
Bi 2.838074150010e+00 3.873780030958e-01 3.834784015603e+01 1 1 1 0.0 0.0 0.0
Bi 6.889103152553e+00 1.382725870837e+00 3.834784015603e+01 1 1 1 0.0 0.0 0.0
Bi 1.094013215510e+01 2.378073738579e+00 3.834784015603e+01 1 1 1 0.0 0.0 0.0
Bi 1.499116115764e+01 3.373421606321e+00 3.834784015603e+01 1 1 1 0.0 0.0 0.0
Bi 2.128611974755e+00 5.214546712566e+01 3.834784015603e+01 1 1 1 0.0 0.0 0.0
Bi 6.179640977297e+00 5.314081499340e+01 3.834784015603e+01 1 1 1 0.0 0.0 0.0
Bi 1.023066997984e+01 5.413616286114e+01 3.834784015603e+01 1 1 1 0.0 0.0 0.0
Bi 1.428169898238e+01 5.513151072888e+01 3.834784015603e+01 1 1 1 0.0 0.0 0.0
Bi 4.460919038848e+00 5.151743587476e+01 3.436119714775e+01 1 1 1 0.0 0.0 0.0
Bi 8.511948041391e+00 5.251278374250e+01 3.436119714775e+01 1 1 1 0.0 0.0 0.0
Bi 1.256297704393e+01 5.350813161024e+01 3.436119714775e+01 1 1 1 0.0 0.0 0.0
Bi 3.354158050640e+00 4.753604440379e+01 3.436119714775e+01 1 1 1 0.0 0.0 0.0
Bi 7.405187053183e+00 4.853139227153e+01 3.436119714775e+01 1 1 1 0.0 0.0 0.0
Bi 1.145621605573e+01 4.952674013927e+01 3.436119714775e+01 1 1 1 0.0 0.0 0.0
Bi 4.098900363059e-01 5.052208800701e+01 3.436119714775e+01 1 1 1 0.0 0.0 0.0
Bi 2.247397062432e+00 4.355465293282e+01 3.436119714775e+01 1 1 1 0.0 0.0 0.0
Bi 6.298426064975e+00 4.455000080056e+01 3.436119714775e+01 1 1 1 0.0 0.0 0.0
Bi 1.034945506752e+01 4.554534866831e+01 3.436119714775e+01 1 1 1 0.0 0.0 0.0
Bi 1.440048407006e+01 4.654069653605e+01 3.436119714775e+01 1 1 1 0.0 0.0 0.0
Bi 5.191665076766e+00 4.056860932960e+01 3.436119714775e+01 1 1 1 0.0 0.0 0.0
Bi 9.242694079309e+00 4.156395719734e+01 3.436119714775e+01 1 1 1 0.0 0.0 0.0
Bi 1.329372308185e+01 4.255930506508e+01 3.436119714775e+01 1 1 1 0.0 0.0 0.0
Bi 4.084904088558e+00 3.658721785863e+01 3.436119714775e+01 1 1 1 0.0 0.0 0.0
Bi 8.135933091101e+00 3.758256572637e+01 3.436119714775e+01 1 1 1 0.0 0.0 0.0
Bi 1.218696209364e+01 3.857791359412e+01 3.436119714775e+01 1 1 1 0.0 0.0 0.0
Bi 1.140636074224e+00 3.957326146186e+01 3.436119714775e+01 1 1 1 0.0 0.0 0.0
Bi 2.978143100350e+00 3.260582638767e+01 3.436119714775e+01 1 1 1 0.0 0.0 0.0
Bi 7.029172102893e+00 3.360117425541e+01 3.436119714775e+01 1 1 1 0.0 0.0 0.0
Bi 1.108020110544e+01 3.459652212315e+01 3.436119714775e+01 1 1 1 0.0 0.0 0.0
Bi 1.513123010798e+01 3.559186999089e+01 3.436119714775e+01 1 1 1 0.0 0.0 0.0
Bi 1.871382112142e+00 2.862443491670e+01 3.436119714775e+01 1 1 1 0.0 0.0 0.0
Bi 5.922411114684e+00 2.961978278444e+01 3.436119714775e+01 1 1 1 0.0 0.0 0.0
Bi 9.973440117227e+00 3.061513065218e+01 3.436119714775e+01 1 1 1 0.0 0.0 0.0
Bi 1.402446911977e+01 3.161047851992e+01 3.436119714775e+01 1 1 1 0.0 0.0 0.0
Bi 4.815650126476e+00 2.563839131347e+01 3.436119714775e+01 1 1 1 0.0 0.0 0.0
Bi 8.866679129019e+00 2.663373918122e+01 3.436119714775e+01 1 1 1 0.0 0.0 0.0
Bi 1.291770813156e+01 2.762908704896e+01 3.436119714775e+01 1 1 1 0.0 0.0 0.0
Bi 3.708889138268e+00 2.165699984251e+01 3.436119714775e+01 1 1 1 0.0 0.0 0.0
Bi 7.759918140811e+00 2.265234771025e+01 3.436119714775e+01 1 1 1 0.0 0.0 0.0
Bi 1.181094714335e+01 2.364769557799e+01 3.436119714775e+01 1 1 1 0.0 0.0 0.0
Bi 7.646211239337e-01 2.464304344573e+01 3.436119714775e+01 1 1 1 0.0 0.0 0.0
Bi 2.602128150060e+00 1.767560837154e+01 3.436119714775e+01 1 1 1 0.0 0.0 0.0
Bi 6.653157152602e+00 1.867095623928e+01 3.436119714775e+01 1 1 1 0.0 0.0 0.0
Bi 1.070418615514e+01 1.966630410702e+01 3.436119714775e+01 1 1 1 0.0 0.0 0.0
Bi 1.475521515769e+01 2.066165197477e+01 3.436119714775e+01 1 1 1 0.0 0.0 0.0
Bi 1.495367161852e+00 1.369421690057e+01 3.436119714775e+01 1 1 1 0.0 0.0 0.0
Bi 5.546396164394e+00 1.468956476832e+01 3.436119714775e+01 1 1 1 0.0 0.0 0.0
Bi 9.597425166937e+00 1.568491263606e+01 3.436119714775e+01 1 1 1 0.0 0.0 0.0
Bi 1.364845416948e+01 1.668026050380e+01 3.436119714775e+01 1 1 1 0.0 0.0 0.0
Bi 4.439635176186e+00 1.070817329735e+01 3.436119714775e+01 1 1 1 0.0 0.0 0.0
Bi 8.490664178728e+00 1.170352116509e+01 3.436119714775e+01 1 1 1 0.0 0.0 0.0
Bi 1.254169318127e+01 1.269886903283e+01 3.436119714775e+01 1 1 1 0.0 0.0 0.0
Bi 3.332874187978e+00 6.726781826384e+00 3.436119714775e+01 1 1 1 0.0 0.0 0.0
Bi 7.383903190520e+00 7.722129694125e+00 3.436119714775e+01 1 1 1 0.0 0.0 0.0
Bi 1.143493219306e+01 8.717477561867e+00 3.436119714775e+01 1 1 1 0.0 0.0 0.0
Bi 3.886061736435e-01 9.712825429608e+00 3.436119714775e+01 1 1 1 0.0 0.0 0.0
Bi 2.226113199770e+00 2.745390355417e+00 3.436119714775e+01 1 1 1 0.0 0.0 0.0
Bi 6.277142202312e+00 3.740738223159e+00 3.436119714775e+01 1 1 1 0.0 0.0 0.0
Bi 1.032817120485e+01 4.736086090900e+00 3.436119714775e+01 1 1 1 0.0 0.0 0.0
Bi 1.437920020740e+01 5.731433958642e+00 3.436119714775e+01 1 1 1 0.0 0.0 0.0
Bi 1.516651024514e+00 5.450347947798e+01 3.436119714775e+01 1 1 1 0.0 0.0 0.0
Bi 5.567680027057e+00 5.549882734572e+01 3.436119714775e+01 1 1 1 0.0 0.0 0.0
Bi 9.221410216646e+00 7.546946199339e-01 3.436119714775e+01 1 1 1 0.0 0.0 0.0
Bi 1.327243921919e+01 1.750042487676e+00 3.436119714775e+01 1 1 1 0.0 0.0 0.0
Bi 4.402152063771e+00 5.155247178268e+01 2.831971850542e+01 1 1 1 0.0 0.0 0.0
Bi 8.453181066313e+00 5.254781965042e+01 2.831971850542e+01 1 1 1 0.0 0.0 0.0
Bi 1.250421006886e+01 5.354316751816e+01 2.831971850542e+01 1 1 1 0.0 0.0 0.0
Bi 3.295391075562e+00 4.757108031171e+01 2.831971850542e+01 1 1 1 0.0 0.0 0.0
Bi 7.346420078105e+00 4.856642817945e+01 2.831971850542e+01 1 1 1 0.0 0.0 0.0
Bi 1.139744908065e+01 4.956177604719e+01 2.831971850542e+01 1 1 1 0.0 0.0 0.0
Bi 1.544847808319e+01 5.055712391494e+01 2.831971850542e+01 1 1 1 0.0 0.0 0.0
Bi 2.188630087354e+00 4.358968884074e+01 2.831971850542e+01 1 1 1 0.0 0.0 0.0
Bi 6.239659089897e+00 4.458503670849e+01 2.831971850542e+01 1 1 1 0.0 0.0 0.0
Bi 1.029068809244e+01 4.558038457623e+01 2.831971850542e+01 1 1 1 0.0 0.0 0.0
Bi 1.434171709498e+01 4.657573244397e+01 2.831971850542e+01 1 1 1 0.0 0.0 0.0
Bi 5.132898101689e+00 4.060364523752e+01 2.831971850542e+01 1 1 1 0.0 0.0 0.0
Bi 9.183927104231e+00 4.159899310526e+01 2.831971850542e+01 1 1 1 0.0 0.0 0.0
Bi 1.323495610677e+01 4.259434097300e+01 2.831971850542e+01 1 1 1 0.0 0.0 0.0
Bi 4.026137113480e+00 3.662225376655e+01 2.831971850542e+01 1 1 1 0.0 0.0 0.0
Bi 8.077166116023e+00 3.761760163429e+01 2.831971850542e+01 1 1 1 0.0 0.0 0.0
Bi 1.212819511857e+01 3.861294950204e+01 2.831971850542e+01 1 1 1 0.0 0.0 0.0
Bi 1.081869099146e+00 3.960829736978e+01 2.831971850542e+01 1 1 1 0.0 0.0 0.0
Bi 2.919376125272e+00 3.264086229559e+01 2.831971850542e+01 1 1 1 0.0 0.0 0.0
Bi 6.970405127815e+00 3.363621016333e+01 2.831971850542e+01 1 1 1 0.0 0.0 0.0
Bi 1.102143413036e+01 3.463155803107e+01 2.831971850542e+01 1 1 1 0.0 0.0 0.0
Bi 1.507246313290e+01 3.562690589881e+01 2.831971850542e+01 1 1 1 0.0 0.0 0.0
Bi 1.812615137064e+00 2.865947082462e+01 2.831971850542e+01 1 1 1 0.0 0.0 0.0
Bi 5.863644139607e+00 2.965481869236e+01 2.831971850542e+01 1 1 1 0.0 0.0 0.0
Bi 9.914673142149e+00 3.065016656010e+01 2.831971850542e+01 1 1 1 0.0 0.0 0.0
Bi 1.396570214469e+01 3.164551442785e+01 2.831971850542e+01 1 1 1 0.0 0.0 0.0
Bi 4.756883151398e+00 2.567342722140e+01 2.831971850542e+01 1 1 1 0.0 0.0 0.0
Bi 8.807912153941e+00 2.666877508914e+01 2.831971850542e+01 1 1 1 0.0 0.0 0.0
Bi 1.285894115648e+01 2.766412295688e+01 2.831971850542e+01 1 1 1 0.0 0.0 0.0
Bi 3.650122163190e+00 2.169203575043e+01 2.831971850542e+01 1 1 1 0.0 0.0 0.0
Bi 7.701151165733e+00 2.268738361817e+01 2.831971850542e+01 1 1 1 0.0 0.0 0.0
Bi 1.175218016828e+01 2.368273148591e+01 2.831971850542e+01 1 1 1 0.0 0.0 0.0
Bi 7.058541488558e-01 2.467807935365e+01 2.831971850542e+01 1 1 1 0.0 0.0 0.0
Bi 2.543361174982e+00 1.771064427946e+01 2.831971850542e+01 1 1 1 0.0 0.0 0.0
Bi 6.594390177524e+00 1.870599214720e+01 2.831971850542e+01 1 1 1 0.0 0.0 0.0
Bi 1.064541918007e+01 1.970134001495e+01 2.831971850542e+01 1 1 1 0.0 0.0 0.0
Bi 1.469644818261e+01 2.069668788269e+01 2.831971850542e+01 1 1 1 0.0 0.0 0.0
Bi 1.436600186774e+00 1.372925280850e+01 2.831971850542e+01 1 1 1 0.0 0.0 0.0
Bi 5.487629189316e+00 1.472460067624e+01 2.831971850542e+01 1 1 1 0.0 0.0 0.0
Bi 9.538658191859e+00 1.571994854398e+01 2.831971850542e+01 1 1 1 0.0 0.0 0.0
Bi 1.358968719440e+01 1.671529641172e+01 2.831971850542e+01 1 1 1 0.0 0.0 0.0
Bi 4.380868201108e+00 1.074320920527e+01 2.831971850542e+01 1 1 1 0.0 0.0 0.0
Bi 8.431897203651e+00 1.173855707301e+01 2.831971850542e+01 1 1 1 0.0 0.0 0.0
Bi 1.248292620619e+01 1.273390494075e+01 2.831971850542e+01 1 1 1 0.0 0.0 0.0
Bi 3.274107212900e+00 6.761817734305e+00 2.831971850542e+01 1 1 1 0.0 0.0 0.0
Bi 7.325136215442e+00 7.757165602047e+00 2.831971850542e+01 1 1 1 0.0 0.0 0.0
Bi 1.137616521798e+01 8.752513469788e+00 2.831971850542e+01 1 1 1 0.0 0.0 0.0
Bi 3.298391985656e-01 9.747861337530e+00 2.831971850542e+01 1 1 1 0.0 0.0 0.0
Bi 2.167346224692e+00 2.780426263339e+00 2.831971850542e+01 1 1 1 0.0 0.0 0.0
Bi 6.218375227234e+00 3.775774131080e+00 2.831971850542e+01 1 1 1 0.0 0.0 0.0
Bi 1.026940422978e+01 4.771121998822e+00 2.831971850542e+01 1 1 1 0.0 0.0 0.0
Bi 1.432043323232e+01 5.766469866563e+00 2.831971850542e+01 1 1 1 0.0 0.0 0.0
Bi 1.457884049436e+00 5.453851538590e+01 2.831971850542e+01 1 1 1 0.0 0.0 0.0
Bi 5.508913051979e+00 5.553386325364e+01 2.831971850542e+01 1 1 1 0.0 0.0 0.0
Bi 9.162643241569e+00 7.897305278554e-01 2.831971850542e+01 1 1 1 0.0 0.0 0.0
Bi 1.321367224411e+01 1.785078395597e+00 2.831971850542e+01 1 1 1 0.0 0.0 0.0
Bi 2.697059295129e+00 4.990953599554e+01 2.434799808390e+01 1 1 1 0.0 0.0 0.0
Bi 6.748088297672e+00 5.090488386328e+01 2.434799808390e+01 1 1 1 0.0 0.0 0.0
Bi 1.079911730021e+01 5.190023173102e+01 2.434799808390e+01 1 1 1 0.0 0.0 0.0
Bi 1.590298306921e+00 4.592814452457e+01 2.434799808390e+01 1 1 1 0.0 0.0 0.0
Bi 5.641327309464e+00 4.692349239231e+01 2.434799808390e+01 1 1 1 0.0 0.0 0.0
Bi 9.692356312006e+00 4.791884026006e+01 2.434799808390e+01 1 1 1 0.0 0.0 0.0
Bi 1.374338531455e+01 4.891418812780e+01 2.434799808390e+01 1 1 1 0.0 0.0 0.0
Bi 4.835373187129e-01 4.194675305361e+01 2.434799808390e+01 1 1 1 0.0 0.0 0.0
Bi 4.534566321255e+00 4.294210092135e+01 2.434799808390e+01 1 1 1 0.0 0.0 0.0
Bi 8.585595323798e+00 4.393744878909e+01 2.434799808390e+01 1 1 1 0.0 0.0 0.0
Bi 1.263662432634e+01 4.493279665683e+01 2.434799808390e+01 1 1 1 0.0 0.0 0.0
Bi 3.427805333047e+00 3.896070945038e+01 2.434799808390e+01 1 1 1 0.0 0.0 0.0
Bi 7.478834335590e+00 3.995605731812e+01 2.434799808390e+01 1 1 1 0.0 0.0 0.0
Bi 1.152986333813e+01 4.095140518586e+01 2.434799808390e+01 1 1 1 0.0 0.0 0.0
Bi 2.321044344839e+00 3.497931797941e+01 2.434799808390e+01 1 1 1 0.0 0.0 0.0
Bi 6.372073347382e+00 3.597466584716e+01 2.434799808390e+01 1 1 1 0.0 0.0 0.0
Bi 1.042310234992e+01 3.697001371490e+01 2.434799808390e+01 1 1 1 0.0 0.0 0.0
Bi 1.447413135247e+01 3.796536158264e+01 2.434799808390e+01 1 1 1 0.0 0.0 0.0
Bi 1.214283356631e+00 3.099792650845e+01 2.434799808390e+01 1 1 1 0.0 0.0 0.0
Bi 5.265312359173e+00 3.199327437619e+01 2.434799808390e+01 1 1 1 0.0 0.0 0.0
Bi 9.316341361716e+00 3.298862224393e+01 2.434799808390e+01 1 1 1 0.0 0.0 0.0
Bi 1.336737036426e+01 3.398397011167e+01 2.434799808390e+01 1 1 1 0.0 0.0 0.0
Bi 1.520487739038e+01 2.701653503748e+01 2.434799808390e+01 1 1 1 0.0 0.0 0.0
Bi 4.158551370965e+00 2.801188290522e+01 2.434799808390e+01 1 1 1 0.0 0.0 0.0
Bi 8.209580373508e+00 2.900723077297e+01 2.434799808390e+01 1 1 1 0.0 0.0 0.0
Bi 1.226060937605e+01 3.000257864071e+01 2.434799808390e+01 1 1 1 0.0 0.0 0.0
Bi 3.051790382757e+00 2.403049143426e+01 2.434799808390e+01 1 1 1 0.0 0.0 0.0
Bi 7.102819385300e+00 2.502583930200e+01 2.434799808390e+01 1 1 1 0.0 0.0 0.0
Bi 1.115384838784e+01 2.602118716974e+01 2.434799808390e+01 1 1 1 0.0 0.0 0.0
Bi 1.945029394549e+00 2.004909996329e+01 2.434799808390e+01 1 1 1 0.0 0.0 0.0
Bi 5.996058397091e+00 2.104444783103e+01 2.434799808390e+01 1 1 1 0.0 0.0 0.0
Bi 1.004708739963e+01 2.203979569877e+01 2.434799808390e+01 1 1 1 0.0 0.0 0.0
Bi 1.409811640218e+01 2.303514356652e+01 2.434799808390e+01 1 1 1 0.0 0.0 0.0
Bi 8.382684063407e-01 1.606770849232e+01 2.434799808390e+01 1 1 1 0.0 0.0 0.0
Bi 4.889297408883e+00 1.706305636007e+01 2.434799808390e+01 1 1 1 0.0 0.0 0.0
Bi 8.940326411426e+00 1.805840422781e+01 2.434799808390e+01 1 1 1 0.0 0.0 0.0
Bi 1.299135541397e+01 1.905375209555e+01 2.434799808390e+01 1 1 1 0.0 0.0 0.0
Bi 1.482886244009e+01 1.208631702136e+01 2.434799808390e+01 1 1 1 0.0 0.0 0.0
Bi 3.782536420675e+00 1.308166488910e+01 2.434799808390e+01 1 1 1 0.0 0.0 0.0
Bi 7.833565423218e+00 1.407701275684e+01 2.434799808390e+01 1 1 1 0.0 0.0 0.0
Bi 1.188459442576e+01 1.507236062458e+01 2.434799808390e+01 1 1 1 0.0 0.0 0.0
Bi 2.675775432467e+00 9.100273418133e+00 2.434799808390e+01 1 1 1 0.0 0.0 0.0
Bi 6.726804435009e+00 1.009562128587e+01 2.434799808390e+01 1 1 1 0.0 0.0 0.0
Bi 1.077783343755e+01 1.109096915362e+01 2.434799808390e+01 1 1 1 0.0 0.0 0.0
Bi 1.569014444259e+00 5.118881947166e+00 2.434799808390e+01 1 1 1 0.0 0.0 0.0
Bi 5.620043446801e+00 6.114229814908e+00 2.434799808390e+01 1 1 1 0.0 0.0 0.0
Bi 9.671072449344e+00 7.109577682650e+00 2.434799808390e+01 1 1 1 0.0 0.0 0.0
Bi 1.372210145189e+01 8.104925550391e+00 2.434799808390e+01 1 1 1 0.0 0.0 0.0
Bi 4.622534560505e-01 1.137490476200e+00 2.434799808390e+01 1 1 1 0.0 0.0 0.0
Bi 4.513282458593e+00 2.132838343942e+00 2.434799808390e+01 1 1 1 0.0 0.0 0.0
Bi 8.564311461136e+00 3.128186211683e+00 2.434799808390e+01 1 1 1 0.0 0.0 0.0
Bi 1.261534046368e+01 4.123534079425e+00 2.434799808390e+01 1 1 1 0.0 0.0 0.0
Bi 1.485014630276e+01 5.289557959876e+01 2.434799808390e+01 1 1 1 0.0 0.0 0.0
Bi 3.803820283337e+00 5.389092746651e+01 2.434799808390e+01 1 1 1 0.0 0.0 0.0
Bi 7.854849285880e+00 5.488627533425e+01 2.434799808390e+01 1 1 1 0.0 0.0 0.0
Bi 1.150857947547e+01 1.421426084583e-01 2.434799808390e+01 1 1 1 0.0 0.0 0.0
Se 1.524325674403e+01 2.789508053128e+01 1.000000000000e+01 1 1 1 0.0 0.0 0.0
Se 5.432005382213e-01 3.133578920990e+01 1.000000000000e+01 1 1 1 0.0 0.0 0.0
Se 9.404993543779e-01 3.477649788851e+01 1.000000000000e+01 1 1 1 0.0 0.0 0.0
Se 1.337798170535e+00 3.821720656712e+01 1.000000000000e+01 1 1 1 0.0 0.0 0.0
Se 1.735096986691e+00 4.165791524574e+01 1.000000000000e+01 1 1 1 0.0 0.0 0.0
Se 2.132395802848e+00 4.509862392435e+01 1.000000000000e+01 1 1 1 0.0 0.0 0.0
Se 2.529694619004e+00 4.853933260296e+01 1.000000000000e+01 1 1 1 0.0 0.0 0.0
Se 2.926993435161e+00 5.198004128157e+01 1.000000000000e+01 1 1 1 0.0 0.0 0.0
Se 1.524325674242e+01 5.404446648874e+01 1.000000000000e+01 1 1 1 0.0 0.0 0.0
Se 1.459017236667e-01 1.745694573825e+00 1.000000000000e+01 1 1 1 0.0 0.0 0.0
Se 5.432005398233e-01 5.186403252438e+00 1.000000000000e+01 1 1 1 0.0 0.0 0.0
Se 9.404993559799e-01 8.627111931051e+00 1.000000000000e+01 1 1 1 0.0 0.0 0.0
Se 1.337798172137e+00 1.206782060966e+01 1.000000000000e+01 1 1 1 0.0 0.0 0.0
Se 1.735096988293e+00 1.550852928828e+01 1.000000000000e+01 1 1 1 0.0 0.0 0.0
Se 2.132395804450e+00 1.894923796689e+01 1.000000000000e+01 1 1 1 0.0 0.0 0.0
Se 2.529694620606e+00 2.238994664550e+01 1.000000000000e+01 1 1 1 0.0 0.0 0.0
Se 2.926993436763e+00 2.583065532412e+01 1.000000000000e+01 1 1 1 0.0 0.0 0.0
Se 3.324292252920e+00 2.927136400273e+01 1.000000000000e+01 1 1 1 0.0 0.0 0.0
Se 3.721591069076e+00 3.271207268134e+01 1.000000000000e+01 1 1 1 0.0 0.0 0.0
Se 4.118889885233e+00 3.615278135995e+01 1.000000000000e+01 1 1 1 0.0 0.0 0.0
Se 4.516188701390e+00 3.959349003857e+01 1.000000000000e+01 1 1 1 0.0 0.0 0.0
Se 4.913487517546e+00 4.303419871718e+01 1.000000000000e+01 1 1 1 0.0 0.0 0.0
Se 5.310786333703e+00 4.647490739579e+01 1.000000000000e+01 1 1 1 0.0 0.0 0.0
Se 5.708085149859e+00 4.991561607441e+01 1.000000000000e+01 1 1 1 0.0 0.0 0.0
Se 6.105383966016e+00 5.335632475302e+01 1.000000000000e+01 1 1 1 0.0 0.0 0.0
Se 3.324292251318e+00 5.542074996019e+01 1.000000000000e+01 1 1 1 0.0 0.0 0.0
Se 3.324292254522e+00 3.121978045270e+00 1.000000000000e+01 1 1 1 0.0 0.0 0.0
Se 3.721591070678e+00 6.562686723883e+00 1.000000000000e+01 1 1 1 0.0 0.0 0.0
Se 4.118889886835e+00 1.000339540250e+01 1.000000000000e+01 1 1 1 0.0 0.0 0.0
Se 4.516188702992e+00 1.344410408111e+01 1.000000000000e+01 1 1 1 0.0 0.0 0.0
Se 4.913487519148e+00 1.688481275972e+01 1.000000000000e+01 1 1 1 0.0 0.0 0.0
Se 5.310786335305e+00 2.032552143833e+01 1.000000000000e+01 1 1 1 0.0 0.0 0.0
Se 5.708085151461e+00 2.376623011695e+01 1.000000000000e+01 1 1 1 0.0 0.0 0.0
Se 6.105383967618e+00 2.720693879556e+01 1.000000000000e+01 1 1 1 0.0 0.0 0.0
Se 6.502682783775e+00 3.064764747417e+01 1.000000000000e+01 1 1 1 0.0 0.0 0.0
Se 6.899981599931e+00 3.408835615279e+01 1.000000000000e+01 1 1 1 0.0 0.0 0.0
Se 7.297280416088e+00 3.752906483140e+01 1.000000000000e+01 1 1 1 0.0 0.0 0.0
Se 7.694579232245e+00 4.096977351001e+01 1.000000000000e+01 1 1 1 0.0 0.0 0.0
Se 8.091878048401e+00 4.441048218863e+01 1.000000000000e+01 1 1 1 0.0 0.0 0.0
Se 8.489176864558e+00 4.785119086724e+01 1.000000000000e+01 1 1 1 0.0 0.0 0.0
Se 8.886475680714e+00 5.129189954585e+01 1.000000000000e+01 1 1 1 0.0 0.0 0.0
Se 6.105383969220e+00 1.057552838102e+00 1.000000000000e+01 1 1 1 0.0 0.0 0.0
Se 6.502682785377e+00 4.498261516715e+00 1.000000000000e+01 1 1 1 0.0 0.0 0.0
Se 6.899981601533e+00 7.938970195328e+00 1.000000000000e+01 1 1 1 0.0 0.0 0.0
Se 7.297280417690e+00 1.137967887394e+01 1.000000000000e+01 1 1 1 0.0 0.0 0.0
Se 7.694579233847e+00 1.482038755255e+01 1.000000000000e+01 1 1 1 0.0 0.0 0.0
Se 8.091878050003e+00 1.826109623117e+01 1.000000000000e+01 1 1 1 0.0 0.0 0.0
Se 8.489176866160e+00 2.170180490978e+01 1.000000000000e+01 1 1 1 0.0 0.0 0.0
Se 8.886475682316e+00 2.514251358839e+01 1.000000000000e+01 1 1 1 0.0 0.0 0.0
Se 9.283774498473e+00 2.858322226701e+01 1.000000000000e+01 1 1 1 0.0 0.0 0.0
Se 9.681073314630e+00 3.202393094562e+01 1.000000000000e+01 1 1 1 0.0 0.0 0.0
Se 1.007837213079e+01 3.546463962423e+01 1.000000000000e+01 1 1 1 0.0 0.0 0.0
Se 1.047567094694e+01 3.890534830284e+01 1.000000000000e+01 1 1 1 0.0 0.0 0.0
Se 1.087296976310e+01 4.234605698146e+01 1.000000000000e+01 1 1 1 0.0 0.0 0.0
Se 1.127026857926e+01 4.578676566007e+01 1.000000000000e+01 1 1 1 0.0 0.0 0.0
Se 1.166756739541e+01 4.922747433868e+01 1.000000000000e+01 1 1 1 0.0 0.0 0.0
Se 1.206486621157e+01 5.266818301730e+01 1.000000000000e+01 1 1 1 0.0 0.0 0.0
Se 9.283774496871e+00 5.473260822446e+01 1.000000000000e+01 1 1 1 0.0 0.0 0.0
Se 9.283774500075e+00 2.433836309547e+00 1.000000000000e+01 1 1 1 0.0 0.0 0.0
Se 9.681073316232e+00 5.874544988160e+00 1.000000000000e+01 1 1 1 0.0 0.0 0.0
Se 1.007837213239e+01 9.315253666773e+00 1.000000000000e+01 1 1 1 0.0 0.0 0.0
Se 1.047567094854e+01 1.275596234539e+01 1.000000000000e+01 1 1 1 0.0 0.0 0.0
Se 1.087296976470e+01 1.619667102400e+01 1.000000000000e+01 1 1 1 0.0 0.0 0.0
Se 1.127026858086e+01 1.963737970261e+01 1.000000000000e+01 1 1 1 0.0 0.0 0.0
Se 1.166756739701e+01 2.307808838123e+01 1.000000000000e+01 1 1 1 0.0 0.0 0.0
Se 1.206486621317e+01 2.651879705984e+01 1.000000000000e+01 1 1 1 0.0 0.0 0.0
Se 1.246216502933e+01 2.995950573845e+01 1.000000000000e+01 1 1 1 0.0 0.0 0.0
Se 1.285946384548e+01 3.340021441706e+01 1.000000000000e+01 1 1 1 0.0 0.0 0.0
Se 1.325676266164e+01 3.684092309568e+01 1.000000000000e+01 1 1 1 0.0 0.0 0.0
Se 1.365406147780e+01 4.028163177429e+01 1.000000000000e+01 1 1 1 0.0 0.0 0.0
Se 1.405136029395e+01 4.372234045290e+01 1.000000000000e+01 1 1 1 0.0 0.0 0.0
Se 1.444865911011e+01 4.716304913152e+01 1.000000000000e+01 1 1 1 0.0 0.0 0.0
Se 1.484595792627e+01 5.060375781013e+01 1.000000000000e+01 1 1 1 0.0 0.0 0.0
Se 1.206486621477e+01 3.694111023795e-01 1.000000000000e+01 1 1 1 0.0 0.0 0.0
Se 1.246216503093e+01 3.810119780993e+00 1.000000000000e+01 1 1 1 0.0 0.0 0.0
Se 1.285946384709e+01 7.250828459605e+00 1.000000000000e+01 1 1 1 0.0 0.0 0.0
Se 1.325676266324e+01 1.069153713822e+01 1.000000000000e+01 1 1 1 0.0 0.0 0.0
Se 1.365406147940e+01 1.413224581683e+01 1.000000000000e+01 1 1 1 0.0 0.0 0.0
Se 1.405136029556e+01 1.757295449544e+01 1.000000000000e+01 1 1 1 0.0 0.0 0.0
Se 1.444865911171e+01 2.101366317406e+01 1.000000000000e+01 1 1 1 0.0 0.0 0.0
Se 1.484595792787e+01 2.445437185267e+01 1.000000000000e+01 1 1 1 0.0 0.0 0.0
Se 1.443863742808e+01 2.973046847032e+01 1.614602824434e+01 1 1 1 0.0 0.0 0.0
Se 1.483593624424e+01 3.317117714893e+01 1.614602824434e+01 1 1 1 0.0 0.0 0.0
Se 1.523323506039e+01 3.661188582755e+01 1.614602824434e+01 1 1 1 0.0 0.0 0.0
Se 5.331788545874e-01 4.005259450616e+01 1.614602824434e+01 1 1 1 0.0 0.0 0.0
Se 9.304776707441e-01 4.349330318477e+01 1.614602824434e+01 1 1 1 0.0 0.0 0.0
Se 1.327776486901e+00 4.693401186338e+01 1.614602824434e+01 1 1 1 0.0 0.0 0.0
Se 1.725075303057e+00 5.037472054200e+01 1.614602824434e+01 1 1 1 0.0 0.0 0.0
Se 2.122374119214e+00 5.381542922061e+01 1.614602824434e+01 1 1 1 0.0 0.0 0.0
Se 1.404133861352e+01 1.403738342482e-01 1.614602824434e+01 1 1 1 0.0 0.0 0.0
Se 1.443863742968e+01 3.581082512861e+00 1.614602824434e+01 1 1 1 0.0 0.0 0.0
Se 1.483593624584e+01 7.021791191474e+00 1.614602824434e+01 1 1 1 0.0 0.0 0.0
Se 1.358800400328e-01 1.046249987009e+01 1.614602824434e+01 1 1 1 0.0 0.0 0.0
Se 5.331788561894e-01 1.390320854870e+01 1.614602824434e+01 1 1 1 0.0 0.0 0.0
Se 9.304776723461e-01 1.734391722731e+01 1.614602824434e+01 1 1 1 0.0 0.0 0.0
Se 1.327776488503e+00 2.078462590593e+01 1.614602824434e+01 1 1 1 0.0 0.0 0.0
Se 1.725075304659e+00 2.422533458454e+01 1.614602824434e+01 1 1 1 0.0 0.0 0.0
Se 2.122374120816e+00 2.766604326315e+01 1.614602824434e+01 1 1 1 0.0 0.0 0.0
Se 2.519672936973e+00 3.110675194176e+01 1.614602824434e+01 1 1 1 0.0 0.0 0.0
Se 2.916971753129e+00 3.454746062038e+01 1.614602824434e+01 1 1 1 0.0 0.0 0.0
Se 3.314270569286e+00 3.798816929899e+01 1.614602824434e+01 1 1 1 0.0 0.0 0.0
Se 3.711569385442e+00 4.142887797760e+01 1.614602824434e+01 1 1 1 0.0 0.0 0.0
Se 4.108868201599e+00 4.486958665622e+01 1.614602824434e+01 1 1 1 0.0 0.0 0.0
Se 4.506167017756e+00 4.831029533483e+01 1.614602824434e+01 1 1 1 0.0 0.0 0.0
Se 4.903465833912e+00 5.175100401344e+01 1.614602824434e+01 1 1 1 0.0 0.0 0.0
Se 5.300764650069e+00 5.519171269206e+01 1.614602824434e+01 1 1 1 0.0 0.0 0.0
Se 2.122374122418e+00 1.516657305693e+00 1.614602824434e+01 1 1 1 0.0 0.0 0.0
Se 2.519672938575e+00 4.957365984306e+00 1.614602824434e+01 1 1 1 0.0 0.0 0.0
Se 2.916971754731e+00 8.398074662919e+00 1.614602824434e+01 1 1 1 0.0 0.0 0.0
Se 3.314270570888e+00 1.183878334153e+01 1.614602824434e+01 1 1 1 0.0 0.0 0.0
Se 3.711569387044e+00 1.527949202015e+01 1.614602824434e+01 1 1 1 0.0 0.0 0.0
Se 4.108868203201e+00 1.872020069876e+01 1.614602824434e+01 1 1 1 0.0 0.0 0.0
Se 4.506167019358e+00 2.216090937737e+01 1.614602824434e+01 1 1 1 0.0 0.0 0.0
Se 4.903465835514e+00 2.560161805598e+01 1.614602824434e+01 1 1 1 0.0 0.0 0.0
Se 5.300764651671e+00 2.904232673460e+01 1.614602824434e+01 1 1 1 0.0 0.0 0.0
Se 5.698063467828e+00 3.248303541321e+01 1.614602824434e+01 1 1 1 0.0 0.0 0.0
Se 6.095362283984e+00 3.592374409182e+01 1.614602824434e+01 1 1 1 0.0 0.0 0.0
Se 6.492661100141e+00 3.936445277044e+01 1.614602824434e+01 1 1 1 0.0 0.0 0.0
Se 6.889959916297e+00 4.280516144905e+01 1.614602824434e+01 1 1 1 0.0 0.0 0.0
Se 7.287258732454e+00 4.624587012766e+01 1.614602824434e+01 1 1 1 0.0 0.0 0.0
Se 7.684557548611e+00 4.968657880627e+01 1.614602824434e+01 1 1 1 0.0 0.0 0.0
Se 8.081856364767e+00 5.312728748489e+01 1.614602824434e+01 1 1 1 0.0 0.0 0.0
Se 5.300764653273e+00 2.892940777139e+00 1.614602824434e+01 1 1 1 0.0 0.0 0.0
Se 5.698063469430e+00 6.333649455752e+00 1.614602824434e+01 1 1 1 0.0 0.0 0.0
Se 6.095362285586e+00 9.774358134364e+00 1.614602824434e+01 1 1 1 0.0 0.0 0.0
Se 6.492661101743e+00 1.321506681298e+01 1.614602824434e+01 1 1 1 0.0 0.0 0.0
Se 6.889959917899e+00 1.665577549159e+01 1.614602824434e+01 1 1 1 0.0 0.0 0.0
Se 7.287258734056e+00 2.009648417020e+01 1.614602824434e+01 1 1 1 0.0 0.0 0.0
Se 7.684557550213e+00 2.353719284882e+01 1.614602824434e+01 1 1 1 0.0 0.0 0.0
Se 8.081856366369e+00 2.697790152743e+01 1.614602824434e+01 1 1 1 0.0 0.0 0.0
Se 8.479155182526e+00 3.041861020604e+01 1.614602824434e+01 1 1 1 0.0 0.0 0.0
Se 8.876453998683e+00 3.385931888466e+01 1.614602824434e+01 1 1 1 0.0 0.0 0.0
Se 9.273752814839e+00 3.730002756327e+01 1.614602824434e+01 1 1 1 0.0 0.0 0.0
Se 9.671051630996e+00 4.074073624188e+01 1.614602824434e+01 1 1 1 0.0 0.0 0.0
Se 1.006835044715e+01 4.418144492049e+01 1.614602824434e+01 1 1 1 0.0 0.0 0.0
Se 1.046564926331e+01 4.762215359911e+01 1.614602824434e+01 1 1 1 0.0 0.0 0.0
Se 1.086294807947e+01 5.106286227772e+01 1.614602824434e+01 1 1 1 0.0 0.0 0.0
Se 1.126024689562e+01 5.450357095633e+01 1.614602824434e+01 1 1 1 0.0 0.0 0.0
Se 8.081856367971e+00 8.285155699708e-01 1.614602824434e+01 1 1 1 0.0 0.0 0.0
Se 8.479155184128e+00 4.269224248584e+00 1.614602824434e+01 1 1 1 0.0 0.0 0.0
Se 8.876454000285e+00 7.709932927197e+00 1.614602824434e+01 1 1 1 0.0 0.0 0.0
Se 9.273752816441e+00 1.115064160581e+01 1.614602824434e+01 1 1 1 0.0 0.0 0.0
Se 9.671051632598e+00 1.459135028442e+01 1.614602824434e+01 1 1 1 0.0 0.0 0.0
Se 1.006835044875e+01 1.803205896304e+01 1.614602824434e+01 1 1 1 0.0 0.0 0.0
Se 1.046564926491e+01 2.147276764165e+01 1.614602824434e+01 1 1 1 0.0 0.0 0.0
Se 1.086294808107e+01 2.491347632026e+01 1.614602824434e+01 1 1 1 0.0 0.0 0.0
Se 1.126024689722e+01 2.835418499887e+01 1.614602824434e+01 1 1 1 0.0 0.0 0.0
Se 1.165754571338e+01 3.179489367749e+01 1.614602824434e+01 1 1 1 0.0 0.0 0.0
Se 1.205484452954e+01 3.523560235610e+01 1.614602824434e+01 1 1 1 0.0 0.0 0.0
Se 1.245214334569e+01 3.867631103471e+01 1.614602824434e+01 1 1 1 0.0 0.0 0.0
Se 1.284944216185e+01 4.211701971333e+01 1.614602824434e+01 1 1 1 0.0 0.0 0.0
Se 1.324674097801e+01 4.555772839194e+01 1.614602824434e+01 1 1 1 0.0 0.0 0.0
Se 1.364403979416e+01 4.899843707055e+01 1.614602824434e+01 1 1 1 0.0 0.0 0.0
Se 1.404133861032e+01 5.243914574917e+01 1.614602824434e+01 1 1 1 0.0 0.0 0.0
Se 1.126024689883e+01 2.204799041416e+00 1.614602824434e+01 1 1 1 0.0 0.0 0.0
Se 1.165754571498e+01 5.645507720029e+00 1.614602824434e+01 1 1 1 0.0 0.0 0.0
Se 1.205484453114e+01 9.086216398642e+00 1.614602824434e+01 1 1 1 0.0 0.0 0.0
Se 1.245214334730e+01 1.252692507725e+01 1.614602824434e+01 1 1 1 0.0 0.0 0.0
Se 1.284944216345e+01 1.596763375587e+01 1.614602824434e+01 1 1 1 0.0 0.0 0.0
Se 1.324674097961e+01 1.940834243448e+01 1.614602824434e+01 1 1 1 0.0 0.0 0.0
Se 1.364403979577e+01 2.284905111309e+01 1.614602824434e+01 1 1 1 0.0 0.0 0.0
Se 1.404133861192e+01 2.628975979171e+01 1.614602824434e+01 1 1 1 0.0 0.0 0.0
Se 1.524226743728e+01 2.789550416505e+01 1.336443756309e+01 1 1 1 0.0 0.0 0.0
Se 5.422112314772e-01 3.133621284367e+01 1.336443756309e+01 1 1 1 0.0 0.0 0.0
Se 9.395100476338e-01 3.477692152228e+01 1.336443756309e+01 1 1 1 0.0 0.0 0.0
Se 1.336808863790e+00 3.821763020089e+01 1.336443756309e+01 1 1 1 0.0 0.0 0.0
Se 1.734107679947e+00 4.165833887951e+01 1.336443756309e+01 1 1 1 0.0 0.0 0.0
Se 2.131406496104e+00 4.509904755812e+01 1.336443756309e+01 1 1 1 0.0 0.0 0.0
Se 2.528705312260e+00 4.853975623673e+01 1.336443756309e+01 1 1 1 0.0 0.0 0.0
Se 2.926004128417e+00 5.198046491535e+01 1.336443756309e+01 1 1 1 0.0 0.0 0.0
Se 1.524226743568e+01 5.404489012251e+01 1.336443756309e+01 1 1 1 0.0 0.0 0.0
Se 1.449124169226e-01 1.746118207596e+00 1.336443756309e+01 1 1 1 0.0 0.0 0.0
Se 5.422112330792e-01 5.186826886209e+00 1.336443756309e+01 1 1 1 0.0 0.0 0.0
Se 9.395100492358e-01 8.627535564822e+00 1.336443756309e+01 1 1 1 0.0 0.0 0.0
Se 1.336808865392e+00 1.206824424344e+01 1.336443756309e+01 1 1 1 0.0 0.0 0.0
Se 1.734107681549e+00 1.550895292205e+01 1.336443756309e+01 1 1 1 0.0 0.0 0.0
Se 2.131406497706e+00 1.894966160066e+01 1.336443756309e+01 1 1 1 0.0 0.0 0.0
Se 2.528705313862e+00 2.239037027927e+01 1.336443756309e+01 1 1 1 0.0 0.0 0.0
Se 2.926004130019e+00 2.583107895789e+01 1.336443756309e+01 1 1 1 0.0 0.0 0.0
Se 3.323302946176e+00 2.927178763650e+01 1.336443756309e+01 1 1 1 0.0 0.0 0.0
Se 3.720601762332e+00 3.271249631511e+01 1.336443756309e+01 1 1 1 0.0 0.0 0.0
Se 4.117900578489e+00 3.615320499373e+01 1.336443756309e+01 1 1 1 0.0 0.0 0.0
Se 4.515199394645e+00 3.959391367234e+01 1.336443756309e+01 1 1 1 0.0 0.0 0.0
Se 4.912498210802e+00 4.303462235095e+01 1.336443756309e+01 1 1 1 0.0 0.0 0.0
Se 5.309797026959e+00 4.647533102957e+01 1.336443756309e+01 1 1 1 0.0 0.0 0.0
Se 5.707095843115e+00 4.991603970818e+01 1.336443756309e+01 1 1 1 0.0 0.0 0.0
Se 6.104394659272e+00 5.335674838679e+01 1.336443756309e+01 1 1 1 0.0 0.0 0.0
Se 3.323302944574e+00 5.542117359396e+01 1.336443756309e+01 1 1 1 0.0 0.0 0.0
Se 3.323302947778e+00 3.122401679042e+00 1.336443756309e+01 1 1 1 0.0 0.0 0.0
Se 3.720601763934e+00 6.563110357655e+00 1.336443756309e+01 1 1 1 0.0 0.0 0.0
Se 4.117900580091e+00 1.000381903627e+01 1.336443756309e+01 1 1 1 0.0 0.0 0.0
Se 4.515199396247e+00 1.344452771488e+01 1.336443756309e+01 1 1 1 0.0 0.0 0.0
Se 4.912498212404e+00 1.688523639349e+01 1.336443756309e+01 1 1 1 0.0 0.0 0.0
Se 5.309797028561e+00 2.032594507211e+01 1.336443756309e+01 1 1 1 0.0 0.0 0.0
Se 5.707095844717e+00 2.376665375072e+01 1.336443756309e+01 1 1 1 0.0 0.0 0.0
Se 6.104394660874e+00 2.720736242933e+01 1.336443756309e+01 1 1 1 0.0 0.0 0.0
Se 6.501693477031e+00 3.064807110795e+01 1.336443756309e+01 1 1 1 0.0 0.0 0.0
Se 6.898992293187e+00 3.408877978656e+01 1.336443756309e+01 1 1 1 0.0 0.0 0.0
Se 7.296291109344e+00 3.752948846517e+01 1.336443756309e+01 1 1 1 0.0 0.0 0.0
Se 7.693589925500e+00 4.097019714378e+01 1.336443756309e+01 1 1 1 0.0 0.0 0.0
Se 8.090888741657e+00 4.441090582240e+01 1.336443756309e+01 1 1 1 0.0 0.0 0.0
Se 8.488187557814e+00 4.785161450101e+01 1.336443756309e+01 1 1 1 0.0 0.0 0.0
Se 8.885486373970e+00 5.129232317962e+01 1.336443756309e+01 1 1 1 0.0 0.0 0.0
Se 6.104394662476e+00 1.057976471874e+00 1.336443756309e+01 1 1 1 0.0 0.0 0.0
Se 6.501693478633e+00 4.498685150487e+00 1.336443756309e+01 1 1 1 0.0 0.0 0.0
Se 6.898992294789e+00 7.939393829100e+00 1.336443756309e+01 1 1 1 0.0 0.0 0.0
Se 7.296291110946e+00 1.138010250771e+01 1.336443756309e+01 1 1 1 0.0 0.0 0.0
Se 7.693589927103e+00 1.482081118633e+01 1.336443756309e+01 1 1 1 0.0 0.0 0.0
Se 8.090888743259e+00 1.826151986494e+01 1.336443756309e+01 1 1 1 0.0 0.0 0.0
Se 8.488187559416e+00 2.170222854355e+01 1.336443756309e+01 1 1 1 0.0 0.0 0.0
Se 8.885486375572e+00 2.514293722216e+01 1.336443756309e+01 1 1 1 0.0 0.0 0.0
Se 9.282785191729e+00 2.858364590078e+01 1.336443756309e+01 1 1 1 0.0 0.0 0.0
Se 9.680084007886e+00 3.202435457939e+01 1.336443756309e+01 1 1 1 0.0 0.0 0.0
Se 1.007738282404e+01 3.546506325800e+01 1.336443756309e+01 1 1 1 0.0 0.0 0.0
Se 1.047468164020e+01 3.890577193662e+01 1.336443756309e+01 1 1 1 0.0 0.0 0.0
Se 1.087198045636e+01 4.234648061523e+01 1.336443756309e+01 1 1 1 0.0 0.0 0.0
Se 1.126927927251e+01 4.578718929384e+01 1.336443756309e+01 1 1 1 0.0 0.0 0.0
Se 1.166657808867e+01 4.922789797246e+01 1.336443756309e+01 1 1 1 0.0 0.0 0.0
Se 1.206387690483e+01 5.266860665107e+01 1.336443756309e+01 1 1 1 0.0 0.0 0.0
Se 9.282785190127e+00 5.473303185824e+01 1.336443756309e+01 1 1 1 0.0 0.0 0.0
Se 9.282785193331e+00 2.434259943319e+00 1.336443756309e+01 1 1 1 0.0 0.0 0.0
Se 9.680084009488e+00 5.874968621932e+00 1.336443756309e+01 1 1 1 0.0 0.0 0.0
Se 1.007738282564e+01 9.315677300545e+00 1.336443756309e+01 1 1 1 0.0 0.0 0.0
Se 1.047468164180e+01 1.275638597916e+01 1.336443756309e+01 1 1 1 0.0 0.0 0.0
Se 1.087198045796e+01 1.619709465777e+01 1.336443756309e+01 1 1 1 0.0 0.0 0.0
Se 1.126927927411e+01 1.963780333638e+01 1.336443756309e+01 1 1 1 0.0 0.0 0.0
Se 1.166657809027e+01 2.307851201500e+01 1.336443756309e+01 1 1 1 0.0 0.0 0.0
Se 1.206387690643e+01 2.651922069361e+01 1.336443756309e+01 1 1 1 0.0 0.0 0.0
Se 1.246117572258e+01 2.995992937222e+01 1.336443756309e+01 1 1 1 0.0 0.0 0.0
Se 1.285847453874e+01 3.340063805084e+01 1.336443756309e+01 1 1 1 0.0 0.0 0.0
Se 1.325577335490e+01 3.684134672945e+01 1.336443756309e+01 1 1 1 0.0 0.0 0.0
Se 1.365307217105e+01 4.028205540806e+01 1.336443756309e+01 1 1 1 0.0 0.0 0.0
Se 1.405037098721e+01 4.372276408667e+01 1.336443756309e+01 1 1 1 0.0 0.0 0.0
Se 1.444766980337e+01 4.716347276529e+01 1.336443756309e+01 1 1 1 0.0 0.0 0.0
Se 1.484496861952e+01 5.060418144390e+01 1.336443756309e+01 1 1 1 0.0 0.0 0.0
Se 1.206387690803e+01 3.698347361512e-01 1.336443756309e+01 1 1 1 0.0 0.0 0.0
Se 1.246117572419e+01 3.810543414764e+00 1.336443756309e+01 1 1 1 0.0 0.0 0.0
Se 1.285847454034e+01 7.251252093377e+00 1.336443756309e+01 1 1 1 0.0 0.0 0.0
Se 1.325577335650e+01 1.069196077199e+01 1.336443756309e+01 1 1 1 0.0 0.0 0.0
Se 1.365307217266e+01 1.413266945060e+01 1.336443756309e+01 1 1 1 0.0 0.0 0.0
Se 1.405037098881e+01 1.757337812922e+01 1.336443756309e+01 1 1 1 0.0 0.0 0.0
Se 1.444766980497e+01 2.101408680783e+01 1.336443756309e+01 1 1 1 0.0 0.0 0.0
Se 1.484496862113e+01 2.445479548644e+01 1.336443756309e+01 1 1 1 0.0 0.0 0.0
Se 1.443774950475e+01 2.973104368702e+01 1.951046802998e+01 1 1 1 0.0 0.0 0.0
Se 1.483504832091e+01 3.317175236563e+01 1.951046802998e+01 1 1 1 0.0 0.0 0.0
Se 1.523234713706e+01 3.661246104425e+01 1.951046802998e+01 1 1 1 0.0 0.0 0.0
Se 5.322909312594e-01 4.005316972286e+01 1.951046802998e+01 1 1 1 0.0 0.0 0.0
Se 9.295897474160e-01 4.349387840147e+01 1.951046802998e+01 1 1 1 0.0 0.0 0.0
Se 1.326888563573e+00 4.693458708009e+01 1.951046802998e+01 1 1 1 0.0 0.0 0.0
Se 1.724187379729e+00 5.037529575870e+01 1.951046802998e+01 1 1 1 0.0 0.0 0.0
Se 2.121486195886e+00 5.381600443731e+01 1.951046802998e+01 1 1 1 0.0 0.0 0.0
Se 1.404045069020e+01 1.409490509504e-01 1.951046802998e+01 1 1 1 0.0 0.0 0.0
Se 1.443774950635e+01 3.581657729563e+00 1.951046802998e+01 1 1 1 0.0 0.0 0.0
Se 1.483504832251e+01 7.022366408176e+00 1.951046802998e+01 1 1 1 0.0 0.0 0.0
Se 1.349921167048e-01 1.046307508679e+01 1.951046802998e+01 1 1 1 0.0 0.0 0.0
Se 5.322909328614e-01 1.390378376540e+01 1.951046802998e+01 1 1 1 0.0 0.0 0.0
Se 9.295897490180e-01 1.734449244402e+01 1.951046802998e+01 1 1 1 0.0 0.0 0.0
Se 1.326888565175e+00 2.078520112263e+01 1.951046802998e+01 1 1 1 0.0 0.0 0.0
Se 1.724187381331e+00 2.422590980124e+01 1.951046802998e+01 1 1 1 0.0 0.0 0.0
Se 2.121486197488e+00 2.766661847985e+01 1.951046802998e+01 1 1 1 0.0 0.0 0.0
Se 2.518785013645e+00 3.110732715847e+01 1.951046802998e+01 1 1 1 0.0 0.0 0.0
Se 2.916083829801e+00 3.454803583708e+01 1.951046802998e+01 1 1 1 0.0 0.0 0.0
Se 3.313382645958e+00 3.798874451569e+01 1.951046802998e+01 1 1 1 0.0 0.0 0.0
Se 3.710681462114e+00 4.142945319431e+01 1.951046802998e+01 1 1 1 0.0 0.0 0.0
Se 4.107980278271e+00 4.487016187292e+01 1.951046802998e+01 1 1 1 0.0 0.0 0.0
Se 4.505279094428e+00 4.831087055153e+01 1.951046802998e+01 1 1 1 0.0 0.0 0.0
Se 4.902577910584e+00 5.175157923014e+01 1.951046802998e+01 1 1 1 0.0 0.0 0.0
Se 5.299876726741e+00 5.519228790876e+01 1.951046802998e+01 1 1 1 0.0 0.0 0.0
Se 2.121486199090e+00 1.517232522396e+00 1.951046802998e+01 1 1 1 0.0 0.0 0.0
Se 2.518785015247e+00 4.957941201009e+00 1.951046802998e+01 1 1 1 0.0 0.0 0.0
Se 2.916083831403e+00 8.398649879621e+00 1.951046802998e+01 1 1 1 0.0 0.0 0.0
Se 3.313382647560e+00 1.183935855823e+01 1.951046802998e+01 1 1 1 0.0 0.0 0.0
Se 3.710681463716e+00 1.528006723685e+01 1.951046802998e+01 1 1 1 0.0 0.0 0.0
Se 4.107980279873e+00 1.872077591546e+01 1.951046802998e+01 1 1 1 0.0 0.0 0.0
Se 4.505279096030e+00 2.216148459407e+01 1.951046802998e+01 1 1 1 0.0 0.0 0.0
Se 4.902577912186e+00 2.560219327269e+01 1.951046802998e+01 1 1 1 0.0 0.0 0.0
Se 5.299876728343e+00 2.904290195130e+01 1.951046802998e+01 1 1 1 0.0 0.0 0.0
Se 5.697175544500e+00 3.248361062991e+01 1.951046802998e+01 1 1 1 0.0 0.0 0.0
Se 6.094474360656e+00 3.592431930853e+01 1.951046802998e+01 1 1 1 0.0 0.0 0.0
Se 6.491773176813e+00 3.936502798714e+01 1.951046802998e+01 1 1 1 0.0 0.0 0.0
Se 6.889071992969e+00 4.280573666575e+01 1.951046802998e+01 1 1 1 0.0 0.0 0.0
Se 7.286370809126e+00 4.624644534436e+01 1.951046802998e+01 1 1 1 0.0 0.0 0.0
Se 7.683669625283e+00 4.968715402298e+01 1.951046802998e+01 1 1 1 0.0 0.0 0.0
Se 8.080968441439e+00 5.312786270159e+01 1.951046802998e+01 1 1 1 0.0 0.0 0.0
Se 5.299876729945e+00 2.893515993841e+00 1.951046802998e+01 1 1 1 0.0 0.0 0.0
Se 5.697175546102e+00 6.334224672454e+00 1.951046802998e+01 1 1 1 0.0 0.0 0.0
Se 6.094474362258e+00 9.774933351067e+00 1.951046802998e+01 1 1 1 0.0 0.0 0.0
Se 6.491773178415e+00 1.321564202968e+01 1.951046802998e+01 1 1 1 0.0 0.0 0.0
Se 6.889071994571e+00 1.665635070829e+01 1.951046802998e+01 1 1 1 0.0 0.0 0.0
Se 7.286370810728e+00 2.009705938691e+01 1.951046802998e+01 1 1 1 0.0 0.0 0.0
Se 7.683669626885e+00 2.353776806552e+01 1.951046802998e+01 1 1 1 0.0 0.0 0.0
Se 8.080968443041e+00 2.697847674413e+01 1.951046802998e+01 1 1 1 0.0 0.0 0.0
Se 8.478267259198e+00 3.041918542274e+01 1.951046802998e+01 1 1 1 0.0 0.0 0.0
Se 8.875566075355e+00 3.385989410136e+01 1.951046802998e+01 1 1 1 0.0 0.0 0.0
Se 9.272864891511e+00 3.730060277997e+01 1.951046802998e+01 1 1 1 0.0 0.0 0.0
Se 9.670163707668e+00 4.074131145858e+01 1.951046802998e+01 1 1 1 0.0 0.0 0.0
Se 1.006746252382e+01 4.418202013720e+01 1.951046802998e+01 1 1 1 0.0 0.0 0.0
Se 1.046476133998e+01 4.762272881581e+01 1.951046802998e+01 1 1 1 0.0 0.0 0.0
Se 1.086206015614e+01 5.106343749442e+01 1.951046802998e+01 1 1 1 0.0 0.0 0.0
Se 1.125935897229e+01 5.450414617304e+01 1.951046802998e+01 1 1 1 0.0 0.0 0.0
Se 8.080968444643e+00 8.290907866730e-01 1.951046802998e+01 1 1 1 0.0 0.0 0.0
Se 8.478267260800e+00 4.269799465286e+00 1.951046802998e+01 1 1 1 0.0 0.0 0.0
Se 8.875566076957e+00 7.710508143899e+00 1.951046802998e+01 1 1 1 0.0 0.0 0.0
Se 9.272864893113e+00 1.115121682251e+01 1.951046802998e+01 1 1 1 0.0 0.0 0.0
Se 9.670163709270e+00 1.459192550112e+01 1.951046802998e+01 1 1 1 0.0 0.0 0.0
Se 1.006746252543e+01 1.803263417974e+01 1.951046802998e+01 1 1 1 0.0 0.0 0.0
Se 1.046476134158e+01 2.147334285835e+01 1.951046802998e+01 1 1 1 0.0 0.0 0.0
Se 1.086206015774e+01 2.491405153696e+01 1.951046802998e+01 1 1 1 0.0 0.0 0.0
Se 1.125935897390e+01 2.835476021558e+01 1.951046802998e+01 1 1 1 0.0 0.0 0.0
Se 1.165665779005e+01 3.179546889419e+01 1.951046802998e+01 1 1 1 0.0 0.0 0.0
Se 1.205395660621e+01 3.523617757280e+01 1.951046802998e+01 1 1 1 0.0 0.0 0.0
Se 1.245125542237e+01 3.867688625142e+01 1.951046802998e+01 1 1 1 0.0 0.0 0.0
Se 1.284855423852e+01 4.211759493003e+01 1.951046802998e+01 1 1 1 0.0 0.0 0.0
Se 1.324585305468e+01 4.555830360864e+01 1.951046802998e+01 1 1 1 0.0 0.0 0.0
Se 1.364315187084e+01 4.899901228725e+01 1.951046802998e+01 1 1 1 0.0 0.0 0.0
Se 1.404045068699e+01 5.243972096587e+01 1.951046802998e+01 1 1 1 0.0 0.0 0.0
Se 1.125935897550e+01 2.205374258118e+00 1.951046802998e+01 1 1 1 0.0 0.0 0.0
Se 1.165665779165e+01 5.646082936731e+00 1.951046802998e+01 1 1 1 0.0 0.0 0.0
Se 1.205395660781e+01 9.086791615344e+00 1.951046802998e+01 1 1 1 0.0 0.0 0.0
Se 1.245125542397e+01 1.252750029396e+01 1.951046802998e+01 1 1 1 0.0 0.0 0.0
Se 1.284855424012e+01 1.596820897257e+01 1.951046802998e+01 1 1 1 0.0 0.0 0.0
Se 1.324585305628e+01 1.940891765118e+01 1.951046802998e+01 1 1 1 0.0 0.0 0.0
Se 1.364315187244e+01 2.284962632980e+01 1.951046802998e+01 1 1 1 0.0 0.0 0.0
Se 1.404045068859e+01 2.629033500841e+01 1.951046802998e+01 1 1 1 0.0 0.0 0.0
Se 4.451408618776e+00 5.147392814187e+01 3.998930533072e+01 1 1 1 0.0 0.0 0.0
Se 8.502437621319e+00 5.246927600961e+01 3.998930533072e+01 1 1 1 0.0 0.0 0.0
Se 1.255346662386e+01 5.346462387735e+01 3.998930533072e+01 1 1 1 0.0 0.0 0.0
Se 3.344647630568e+00 4.749253667090e+01 3.998930533072e+01 1 1 1 0.0 0.0 0.0
Se 7.395676633111e+00 4.848788453864e+01 3.998930533072e+01 1 1 1 0.0 0.0 0.0
Se 1.144670563565e+01 4.948323240638e+01 3.998930533072e+01 1 1 1 0.0 0.0 0.0
Se 4.003796162338e-01 5.047858027413e+01 3.998930533072e+01 1 1 1 0.0 0.0 0.0
Se 2.237886642360e+00 4.351114519993e+01 3.998930533072e+01 1 1 1 0.0 0.0 0.0
Se 6.288915644902e+00 4.450649306768e+01 3.998930533072e+01 1 1 1 0.0 0.0 0.0
Se 1.033994464744e+01 4.550184093542e+01 3.998930533072e+01 1 1 1 0.0 0.0 0.0
Se 1.439097364999e+01 4.649718880316e+01 3.998930533072e+01 1 1 1 0.0 0.0 0.0
Se 5.182154656694e+00 4.052510159671e+01 3.998930533072e+01 1 1 1 0.0 0.0 0.0
Se 9.233183659237e+00 4.152044946445e+01 3.998930533072e+01 1 1 1 0.0 0.0 0.0
Se 1.328421266178e+01 4.251579733219e+01 3.998930533072e+01 1 1 1 0.0 0.0 0.0
Se 4.075393668486e+00 3.654371012574e+01 3.998930533072e+01 1 1 1 0.0 0.0 0.0
Se 8.126422671029e+00 3.753905799349e+01 3.998930533072e+01 1 1 1 0.0 0.0 0.0
Se 1.217745167357e+01 3.853440586123e+01 3.998930533072e+01 1 1 1 0.0 0.0 0.0
Se 1.131125654152e+00 3.952975372897e+01 3.998930533072e+01 1 1 1 0.0 0.0 0.0
Se 2.968632680278e+00 3.256231865478e+01 3.998930533072e+01 1 1 1 0.0 0.0 0.0
Se 7.019661682820e+00 3.355766652252e+01 3.998930533072e+01 1 1 1 0.0 0.0 0.0
Se 1.107069068536e+01 3.455301439026e+01 3.998930533072e+01 1 1 1 0.0 0.0 0.0
Se 1.512171968791e+01 3.554836225800e+01 3.998930533072e+01 1 1 1 0.0 0.0 0.0
Se 1.861871692070e+00 2.858092718381e+01 3.998930533072e+01 1 1 1 0.0 0.0 0.0
Se 5.912900694612e+00 2.957627505155e+01 3.998930533072e+01 1 1 1 0.0 0.0 0.0
Se 9.963929697155e+00 3.057162291929e+01 3.998930533072e+01 1 1 1 0.0 0.0 0.0
Se 1.401495869970e+01 3.156697078704e+01 3.998930533072e+01 1 1 1 0.0 0.0 0.0
Se 4.806139706404e+00 2.559488358059e+01 3.998930533072e+01 1 1 1 0.0 0.0 0.0
Se 8.857168708947e+00 2.659023144833e+01 3.998930533072e+01 1 1 1 0.0 0.0 0.0
Se 1.290819771149e+01 2.758557931607e+01 3.998930533072e+01 1 1 1 0.0 0.0 0.0
Se 3.699378718196e+00 2.161349210962e+01 3.998930533072e+01 1 1 1 0.0 0.0 0.0
Se 7.750407720738e+00 2.260883997736e+01 3.998930533072e+01 1 1 1 0.0 0.0 0.0
Se 1.180143672328e+01 2.360418784510e+01 3.998930533072e+01 1 1 1 0.0 0.0 0.0
Se 7.551107038616e-01 2.459953571284e+01 3.998930533072e+01 1 1 1 0.0 0.0 0.0
Se 2.592617729988e+00 1.763210063865e+01 3.998930533072e+01 1 1 1 0.0 0.0 0.0
Se 6.643646732530e+00 1.862744850639e+01 3.998930533072e+01 1 1 1 0.0 0.0 0.0
Se 1.069467573507e+01 1.962279637414e+01 3.998930533072e+01 1 1 1 0.0 0.0 0.0
Se 1.474570473762e+01 2.061814424188e+01 3.998930533072e+01 1 1 1 0.0 0.0 0.0
Se 1.485856741780e+00 1.365070916769e+01 3.998930533072e+01 1 1 1 0.0 0.0 0.0
Se 5.536885744322e+00 1.464605703543e+01 3.998930533072e+01 1 1 1 0.0 0.0 0.0
Se 9.587914746865e+00 1.564140490317e+01 3.998930533072e+01 1 1 1 0.0 0.0 0.0
Se 1.363894374941e+01 1.663675277091e+01 3.998930533072e+01 1 1 1 0.0 0.0 0.0
Se 4.430124756114e+00 1.066466556446e+01 3.998930533072e+01 1 1 1 0.0 0.0 0.0
Se 8.481153758656e+00 1.166001343220e+01 3.998930533072e+01 1 1 1 0.0 0.0 0.0
Se 1.253218276120e+01 1.265536129994e+01 3.998930533072e+01 1 1 1 0.0 0.0 0.0
Se 3.323363767906e+00 6.683274093495e+00 3.998930533072e+01 1 1 1 0.0 0.0 0.0
Se 7.374392770448e+00 7.678621961237e+00 3.998930533072e+01 1 1 1 0.0 0.0 0.0
Se 1.142542177299e+01 8.673969828978e+00 3.998930533072e+01 1 1 1 0.0 0.0 0.0
Se 3.790957535714e-01 9.669317696720e+00 3.998930533072e+01 1 1 1 0.0 0.0 0.0
Se 2.216602779698e+00 2.701882622529e+00 3.998930533072e+01 1 1 1 0.0 0.0 0.0
Se 6.267631782240e+00 3.697230490270e+00 3.998930533072e+01 1 1 1 0.0 0.0 0.0
Se 1.031866078478e+01 4.692578358012e+00 3.998930533072e+01 1 1 1 0.0 0.0 0.0
Se 1.436968978733e+01 5.687926225754e+00 3.998930533072e+01 1 1 1 0.0 0.0 0.0
Se 1.507140604442e+00 5.445997174509e+01 3.998930533072e+01 1 1 1 0.0 0.0 0.0
Se 5.558169606984e+00 5.545531961283e+01 3.998930533072e+01 1 1 1 0.0 0.0 0.0
Se 9.211899796574e+00 7.111868870455e-01 3.998930533072e+01 1 1 1 0.0 0.0 0.0
Se 1.326292879912e+01 1.706534754787e+00 3.998930533072e+01 1 1 1 0.0 0.0 0.0
Se 2.754311266264e+00 4.984469341529e+01 3.635172086532e+01 1 1 1 0.0 0.0 0.0
Se 6.805340268807e+00 5.084004128303e+01 3.635172086532e+01 1 1 1 0.0 0.0 0.0
Se 1.085636927135e+01 5.183538915077e+01 3.635172086532e+01 1 1 1 0.0 0.0 0.0
Se 1.647550278056e+00 4.586330194432e+01 3.635172086532e+01 1 1 1 0.0 0.0 0.0
Se 5.698579280599e+00 4.685864981206e+01 3.635172086532e+01 1 1 1 0.0 0.0 0.0
Se 9.749608283141e+00 4.785399767981e+01 3.635172086532e+01 1 1 1 0.0 0.0 0.0
Se 1.380063728568e+01 4.884934554755e+01 3.635172086532e+01 1 1 1 0.0 0.0 0.0
Se 5.407892898479e-01 4.188191047336e+01 3.635172086532e+01 1 1 1 0.0 0.0 0.0
Se 4.591818292390e+00 4.287725834110e+01 3.635172086532e+01 1 1 1 0.0 0.0 0.0
Se 8.642847294933e+00 4.387260620884e+01 3.635172086532e+01 1 1 1 0.0 0.0 0.0
Se 1.269387629748e+01 4.486795407658e+01 3.635172086532e+01 1 1 1 0.0 0.0 0.0
Se 3.485057304182e+00 3.889586687013e+01 3.635172086532e+01 1 1 1 0.0 0.0 0.0
Se 7.536086306725e+00 3.989121473787e+01 3.635172086532e+01 1 1 1 0.0 0.0 0.0
Se 1.158711530927e+01 4.088656260562e+01 3.635172086532e+01 1 1 1 0.0 0.0 0.0
Se 2.378296315974e+00 3.491447539917e+01 3.635172086532e+01 1 1 1 0.0 0.0 0.0
Se 6.429325318517e+00 3.590982326691e+01 3.635172086532e+01 1 1 1 0.0 0.0 0.0
Se 1.048035432106e+01 3.690517113465e+01 3.635172086532e+01 1 1 1 0.0 0.0 0.0
Se 1.453138332360e+01 3.790051900239e+01 3.635172086532e+01 1 1 1 0.0 0.0 0.0
Se 1.271535327766e+00 3.093308392820e+01 3.635172086532e+01 1 1 1 0.0 0.0 0.0
Se 5.322564330308e+00 3.192843179594e+01 3.635172086532e+01 1 1 1 0.0 0.0 0.0
Se 9.373593332851e+00 3.292377966368e+01 3.635172086532e+01 1 1 1 0.0 0.0 0.0
Se 1.342462233539e+01 3.391912753142e+01 3.635172086532e+01 1 1 1 0.0 0.0 0.0
Se 1.526212936152e+01 2.695169245723e+01 3.635172086532e+01 1 1 1 0.0 0.0 0.0
Se 4.215803342100e+00 2.794704032497e+01 3.635172086532e+01 1 1 1 0.0 0.0 0.0
Se 8.266832344643e+00 2.894238819272e+01 3.635172086532e+01 1 1 1 0.0 0.0 0.0
Se 1.231786134719e+01 2.993773606046e+01 3.635172086532e+01 1 1 1 0.0 0.0 0.0
Se 3.109042353892e+00 2.396564885401e+01 3.635172086532e+01 1 1 1 0.0 0.0 0.0
Se 7.160071356435e+00 2.496099672175e+01 3.635172086532e+01 1 1 1 0.0 0.0 0.0
Se 1.121110035898e+01 2.595634458949e+01 3.635172086532e+01 1 1 1 0.0 0.0 0.0
Se 2.002281365684e+00 1.998425738304e+01 3.635172086532e+01 1 1 1 0.0 0.0 0.0
Se 6.053310368226e+00 2.097960525078e+01 3.635172086532e+01 1 1 1 0.0 0.0 0.0
Se 1.010433937077e+01 2.197495311852e+01 3.635172086532e+01 1 1 1 0.0 0.0 0.0
Se 1.415536837331e+01 2.297030098627e+01 3.635172086532e+01 1 1 1 0.0 0.0 0.0
Se 8.955203774757e-01 1.600286591208e+01 3.635172086532e+01 1 1 1 0.0 0.0 0.0
Se 4.946549380018e+00 1.699821377982e+01 3.635172086532e+01 1 1 1 0.0 0.0 0.0
Se 8.997578382561e+00 1.799356164756e+01 3.635172086532e+01 1 1 1 0.0 0.0 0.0
Se 1.304860738510e+01 1.898890951530e+01 3.635172086532e+01 1 1 1 0.0 0.0 0.0
Se 1.488611441123e+01 1.202147444111e+01 3.635172086532e+01 1 1 1 0.0 0.0 0.0
Se 3.839788391810e+00 1.301682230885e+01 3.635172086532e+01 1 1 1 0.0 0.0 0.0
Se 7.890817394353e+00 1.401217017659e+01 3.635172086532e+01 1 1 1 0.0 0.0 0.0
Se 1.194184639690e+01 1.500751804433e+01 3.635172086532e+01 1 1 1 0.0 0.0 0.0
Se 2.733027403602e+00 9.035430837884e+00 3.635172086532e+01 1 1 1 0.0 0.0 0.0
Se 6.784056406144e+00 1.003077870563e+01 3.635172086532e+01 1 1 1 0.0 0.0 0.0
Se 1.083508540869e+01 1.102612657337e+01 3.635172086532e+01 1 1 1 0.0 0.0 0.0
Se 1.626266415394e+00 5.054039366917e+00 3.635172086532e+01 1 1 1 0.0 0.0 0.0
Se 5.677295417936e+00 6.049387234659e+00 3.635172086532e+01 1 1 1 0.0 0.0 0.0
Se 9.728324420479e+00 7.044735102401e+00 3.635172086532e+01 1 1 1 0.0 0.0 0.0
Se 1.377935342302e+01 8.040082970142e+00 3.635172086532e+01 1 1 1 0.0 0.0 0.0
Se 5.195054271855e-01 1.072647895951e+00 3.635172086532e+01 1 1 1 0.0 0.0 0.0
Se 4.570534429728e+00 2.067995763693e+00 3.635172086532e+01 1 1 1 0.0 0.0 0.0
Se 8.621563432271e+00 3.063343631434e+00 3.635172086532e+01 1 1 1 0.0 0.0 0.0
Se 1.267259243481e+01 4.058691499176e+00 3.635172086532e+01 1 1 1 0.0 0.0 0.0
Se 1.490739827389e+01 5.283073701851e+01 3.635172086532e+01 1 1 1 0.0 0.0 0.0
Se 3.861072254472e+00 5.382608488626e+01 3.635172086532e+01 1 1 1 0.0 0.0 0.0
Se 7.912101257015e+00 5.482143275400e+01 3.635172086532e+01 1 1 1 0.0 0.0 0.0
Se 1.156583144660e+01 7.730002820928e-02 3.635172086532e+01 1 1 1 0.0 0.0 0.0
Se 5.073020072339e+00 4.918087412200e+01 3.271820175121e+01 1 1 1 0.0 0.0 0.0
Se 9.124049074882e+00 5.017622198974e+01 3.271820175121e+01 1 1 1 0.0 0.0 0.0
Se 1.317507807742e+01 5.117156985748e+01 3.271820175121e+01 1 1 1 0.0 0.0 0.0
Se 3.966259084131e+00 4.519948265103e+01 3.271820175121e+01 1 1 1 0.0 0.0 0.0
Se 8.017288086673e+00 4.619483051877e+01 3.271820175121e+01 1 1 1 0.0 0.0 0.0
Se 1.206831708922e+01 4.719017838651e+01 3.271820175121e+01 1 1 1 0.0 0.0 0.0
Se 1.021991069797e+00 4.818552625425e+01 3.271820175121e+01 1 1 1 0.0 0.0 0.0
Se 2.859498095923e+00 4.121809118006e+01 3.271820175121e+01 1 1 1 0.0 0.0 0.0
Se 6.910527098465e+00 4.221343904780e+01 3.271820175121e+01 1 1 1 0.0 0.0 0.0
Se 1.096155610101e+01 4.320878691555e+01 3.271820175121e+01 1 1 1 0.0 0.0 0.0
Se 1.501258510355e+01 4.420413478329e+01 3.271820175121e+01 1 1 1 0.0 0.0 0.0
Se 5.803766110257e+00 3.823204757684e+01 3.271820175121e+01 1 1 1 0.0 0.0 0.0
Se 9.854795112800e+00 3.922739544458e+01 3.271820175121e+01 1 1 1 0.0 0.0 0.0
Se 1.390582411534e+01 4.022274331232e+01 3.271820175121e+01 1 1 1 0.0 0.0 0.0
Se 4.697005122049e+00 3.425065610587e+01 3.271820175121e+01 1 1 1 0.0 0.0 0.0
Se 8.748034124591e+00 3.524600397361e+01 3.271820175121e+01 1 1 1 0.0 0.0 0.0
Se 1.279906312713e+01 3.624135184135e+01 3.271820175121e+01 1 1 1 0.0 0.0 0.0
Se 1.752737107715e+00 3.723669970910e+01 3.271820175121e+01 1 1 1 0.0 0.0 0.0
Se 3.590244133841e+00 3.026926463491e+01 3.271820175121e+01 1 1 1 0.0 0.0 0.0
Se 7.641273136383e+00 3.126461250265e+01 3.271820175121e+01 1 1 1 0.0 0.0 0.0
Se 1.169230213893e+01 3.225996037039e+01 3.271820175121e+01 1 1 1 0.0 0.0 0.0
Se 6.459761195064e-01 3.325530823813e+01 3.271820175121e+01 1 1 1 0.0 0.0 0.0
Se 2.483483145633e+00 2.628787316394e+01 3.271820175121e+01 1 1 1 0.0 0.0 0.0
Se 6.534512148175e+00 2.728322103168e+01 3.271820175121e+01 1 1 1 0.0 0.0 0.0
Se 1.058554115072e+01 2.827856889942e+01 3.271820175121e+01 1 1 1 0.0 0.0 0.0
Se 1.463657015326e+01 2.927391676716e+01 3.271820175121e+01 1 1 1 0.0 0.0 0.0
Se 5.427751159967e+00 2.330182956071e+01 3.271820175121e+01 1 1 1 0.0 0.0 0.0
Se 9.478780162509e+00 2.429717742846e+01 3.271820175121e+01 1 1 1 0.0 0.0 0.0
Se 1.352980916505e+01 2.529252529620e+01 3.271820175121e+01 1 1 1 0.0 0.0 0.0
Se 4.320990171759e+00 1.932043808975e+01 3.271820175121e+01 1 1 1 0.0 0.0 0.0
Se 8.372019174301e+00 2.031578595749e+01 3.271820175121e+01 1 1 1 0.0 0.0 0.0
Se 1.242304817684e+01 2.131113382523e+01 3.271820175121e+01 1 1 1 0.0 0.0 0.0
Se 1.376722157424e+00 2.230648169297e+01 3.271820175121e+01 1 1 1 0.0 0.0 0.0
Se 3.214229183551e+00 1.533904661878e+01 3.271820175121e+01 1 1 1 0.0 0.0 0.0
Se 7.265258186093e+00 1.633439448652e+01 3.271820175121e+01 1 1 1 0.0 0.0 0.0
Se 1.131628718864e+01 1.732974235426e+01 3.271820175121e+01 1 1 1 0.0 0.0 0.0
Se 2.699611692162e-01 1.832509022201e+01 3.271820175121e+01 1 1 1 0.0 0.0 0.0
Se 2.107468195342e+00 1.135765514781e+01 3.271820175121e+01 1 1 1 0.0 0.0 0.0
Se 6.158497197885e+00 1.235300301556e+01 3.271820175121e+01 1 1 1 0.0 0.0 0.0
Se 1.020952620043e+01 1.334835088330e+01 3.271820175121e+01 1 1 1 0.0 0.0 0.0
Se 1.426055520297e+01 1.434369875104e+01 3.271820175121e+01 1 1 1 0.0 0.0 0.0
Se 5.051736209677e+00 8.371611544590e+00 3.271820175121e+01 1 1 1 0.0 0.0 0.0
Se 9.102765212219e+00 9.366959412331e+00 3.271820175121e+01 1 1 1 0.0 0.0 0.0
Se 1.315379421476e+01 1.036230728007e+01 3.271820175121e+01 1 1 1 0.0 0.0 0.0
Se 3.944975221468e+00 4.390220073623e+00 3.271820175121e+01 1 1 1 0.0 0.0 0.0
Se 7.996004224011e+00 5.385567941365e+00 3.271820175121e+01 1 1 1 0.0 0.0 0.0
Se 1.204703322655e+01 6.380915809107e+00 3.271820175121e+01 1 1 1 0.0 0.0 0.0
Se 1.000707207134e+00 7.376263676848e+00 3.271820175121e+01 1 1 1 0.0 0.0 0.0
Se 2.838214233260e+00 4.088286026569e-01 3.271820175121e+01 1 1 1 0.0 0.0 0.0
Se 6.889243235803e+00 1.404176470399e+00 3.271820175121e+01 1 1 1 0.0 0.0 0.0
Se 1.094027223835e+01 2.399524338140e+00 3.271820175121e+01 1 1 1 0.0 0.0 0.0
Se 1.499130124089e+01 3.394872205882e+00 3.271820175121e+01 1 1 1 0.0 0.0 0.0
Se 2.128752058005e+00 5.216691772522e+01 3.271820175121e+01 1 1 1 0.0 0.0 0.0
Se 6.179781060547e+00 5.316226559296e+01 3.271820175121e+01 1 1 1 0.0 0.0 0.0
Se 1.023081006309e+01 5.415761346070e+01 3.271820175121e+01 1 1 1 0.0 0.0 0.0
Se 1.428183906563e+01 5.515296132845e+01 3.271820175121e+01 1 1 1 0.0 0.0 0.0
Se 2.700753007093e+00 4.990755550672e+01 2.995146533993e+01 1 1 1 0.0 0.0 0.0
Se 6.751782009635e+00 5.090290337446e+01 2.995146533993e+01 1 1 1 0.0 0.0 0.0
Se 1.080281101218e+01 5.189825124220e+01 2.995146533993e+01 1 1 1 0.0 0.0 0.0
Se 1.593992018885e+00 4.592616403575e+01 2.995146533993e+01 1 1 1 0.0 0.0 0.0
Se 5.645021021427e+00 4.692151190349e+01 2.995146533993e+01 1 1 1 0.0 0.0 0.0
Se 9.696050023970e+00 4.791685977124e+01 2.995146533993e+01 1 1 1 0.0 0.0 0.0
Se 1.374707902651e+01 4.891220763898e+01 2.995146533993e+01 1 1 1 0.0 0.0 0.0
Se 4.872310306764e-01 4.194477256479e+01 2.995146533993e+01 1 1 1 0.0 0.0 0.0
Se 4.538260033219e+00 4.294012043253e+01 2.995146533993e+01 1 1 1 0.0 0.0 0.0
Se 8.589289035761e+00 4.393546830027e+01 2.995146533993e+01 1 1 1 0.0 0.0 0.0
Se 1.264031803830e+01 4.493081616801e+01 2.995146533993e+01 1 1 1 0.0 0.0 0.0
Se 3.431499045011e+00 3.895872896156e+01 2.995146533993e+01 1 1 1 0.0 0.0 0.0
Se 7.482528047553e+00 3.995407682930e+01 2.995146533993e+01 1 1 1 0.0 0.0 0.0
Se 1.153355705010e+01 4.094942469704e+01 2.995146533993e+01 1 1 1 0.0 0.0 0.0
Se 2.324738056803e+00 3.497733749059e+01 2.995146533993e+01 1 1 1 0.0 0.0 0.0
Se 6.375767059345e+00 3.597268535834e+01 2.995146533993e+01 1 1 1 0.0 0.0 0.0
Se 1.042679606189e+01 3.696803322608e+01 2.995146533993e+01 1 1 1 0.0 0.0 0.0
Se 1.447782506443e+01 3.796338109382e+01 2.995146533993e+01 1 1 1 0.0 0.0 0.0
Se 1.217977068594e+00 3.099594601963e+01 2.995146533993e+01 1 1 1 0.0 0.0 0.0
Se 5.269006071137e+00 3.199129388737e+01 2.995146533993e+01 1 1 1 0.0 0.0 0.0
Se 9.320035073679e+00 3.298664175511e+01 2.995146533993e+01 1 1 1 0.0 0.0 0.0
Se 1.337106407622e+01 3.398198962285e+01 2.995146533993e+01 1 1 1 0.0 0.0 0.0
Se 1.520857110235e+01 2.701455454866e+01 2.995146533993e+01 1 1 1 0.0 0.0 0.0
Se 4.162245082929e+00 2.800990241640e+01 2.995146533993e+01 1 1 1 0.0 0.0 0.0
Se 8.213274085471e+00 2.900525028414e+01 2.995146533993e+01 1 1 1 0.0 0.0 0.0
Se 1.226430308801e+01 3.000059815189e+01 2.995146533993e+01 1 1 1 0.0 0.0 0.0
Se 3.055484094721e+00 2.402851094544e+01 2.995146533993e+01 1 1 1 0.0 0.0 0.0
Se 7.106513097263e+00 2.502385881318e+01 2.995146533993e+01 1 1 1 0.0 0.0 0.0
Se 1.115754209981e+01 2.601920668092e+01 2.995146533993e+01 1 1 1 0.0 0.0 0.0
Se 1.948723106512e+00 2.004711947447e+01 2.995146533993e+01 1 1 1 0.0 0.0 0.0
Se 5.999752109055e+00 2.104246734221e+01 2.995146533993e+01 1 1 1 0.0 0.0 0.0
Se 1.005078111160e+01 2.203781520995e+01 2.995146533993e+01 1 1 1 0.0 0.0 0.0
Se 1.410181011414e+01 2.303316307769e+01 2.995146533993e+01 1 1 1 0.0 0.0 0.0
Se 8.419621183042e-01 1.606572800350e+01 2.995146533993e+01 1 1 1 0.0 0.0 0.0
Se 4.892991120847e+00 1.706107587125e+01 2.995146533993e+01 1 1 1 0.0 0.0 0.0
Se 8.944020123389e+00 1.805642373899e+01 2.995146533993e+01 1 1 1 0.0 0.0 0.0
Se 1.299504912593e+01 1.905177160673e+01 2.995146533993e+01 1 1 1 0.0 0.0 0.0
Se 1.483255615206e+01 1.208433653254e+01 2.995146533993e+01 1 1 1 0.0 0.0 0.0
Se 3.786230132639e+00 1.307968440028e+01 2.995146533993e+01 1 1 1 0.0 0.0 0.0
Se 7.837259135181e+00 1.407503226802e+01 2.995146533993e+01 1 1 1 0.0 0.0 0.0
Se 1.188828813772e+01 1.507038013576e+01 2.995146533993e+01 1 1 1 0.0 0.0 0.0
Se 2.679469144430e+00 9.098292929312e+00 2.995146533993e+01 1 1 1 0.0 0.0 0.0
Se 6.730498146973e+00 1.009364079705e+01 2.995146533993e+01 1 1 1 0.0 0.0 0.0
Se 1.078152714952e+01 1.108898866480e+01 2.995146533993e+01 1 1 1 0.0 0.0 0.0
Se 1.572708156222e+00 5.116901458346e+00 2.995146533993e+01 1 1 1 0.0 0.0 0.0
Se 5.623737158765e+00 6.112249326087e+00 2.995146533993e+01 1 1 1 0.0 0.0 0.0
Se 9.674766161307e+00 7.107597193829e+00 2.995146533993e+01 1 1 1 0.0 0.0 0.0
Se 1.372579516385e+01 8.102945061571e+00 2.995146533993e+01 1 1 1 0.0 0.0 0.0
Se 4.659471680140e-01 1.135509987379e+00 2.995146533993e+01 1 1 1 0.0 0.0 0.0
Se 4.516976170557e+00 2.130857855121e+00 2.995146533993e+01 1 1 1 0.0 0.0 0.0
Se 8.568005173099e+00 3.126205722863e+00 2.995146533993e+01 1 1 1 0.0 0.0 0.0
Se 1.261903417564e+01 4.121553590604e+00 2.995146533993e+01 1 1 1 0.0 0.0 0.0
Se 1.485384001472e+01 5.289359910994e+01 2.995146533993e+01 1 1 1 0.0 0.0 0.0
Se 3.807513995301e+00 5.388894697768e+01 2.995146533993e+01 1 1 1 0.0 0.0 0.0
Se 7.858542997843e+00 5.488429484543e+01 2.995146533993e+01 1 1 1 0.0 0.0 0.0
Se 1.151227318743e+01 1.401621196378e-01 2.995146533993e+01 1 1 1 0.0 0.0 0.0
Se 5.013733119674e+00 4.923796314873e+01 2.633360299309e+01 1 1 1 0.0 0.0 0.0
Se 9.064762122216e+00 5.023331101647e+01 2.633360299309e+01 1 1 1 0.0 0.0 0.0
Se 1.311579112476e+01 5.122865888421e+01 2.633360299309e+01 1 1 1 0.0 0.0 0.0
Se 3.906972131466e+00 4.525657167776e+01 2.633360299309e+01 1 1 1 0.0 0.0 0.0
Se 7.958001134008e+00 4.625191954551e+01 2.633360299309e+01 1 1 1 0.0 0.0 0.0
Se 1.200903013655e+01 4.724726741325e+01 2.633360299309e+01 1 1 1 0.0 0.0 0.0
Se 9.627041171312e-01 4.824261528099e+01 2.633360299309e+01 1 1 1 0.0 0.0 0.0
Se 2.800211143257e+00 4.127518020680e+01 2.633360299309e+01 1 1 1 0.0 0.0 0.0
Se 6.851240145800e+00 4.227052807454e+01 2.633360299309e+01 1 1 1 0.0 0.0 0.0
Se 1.090226914834e+01 4.326587594228e+01 2.633360299309e+01 1 1 1 0.0 0.0 0.0
Se 1.495329815088e+01 4.426122381002e+01 2.633360299309e+01 1 1 1 0.0 0.0 0.0
Se 5.744479157592e+00 3.828913660357e+01 2.633360299309e+01 1 1 1 0.0 0.0 0.0
Se 9.795508160134e+00 3.928448447132e+01 2.633360299309e+01 1 1 1 0.0 0.0 0.0
Se 1.384653716268e+01 4.027983233906e+01 2.633360299309e+01 1 1 1 0.0 0.0 0.0
Se 4.637718169384e+00 3.430774513261e+01 2.633360299309e+01 1 1 1 0.0 0.0 0.0
Se 8.688747171926e+00 3.530309300035e+01 2.633360299309e+01 1 1 1 0.0 0.0 0.0
Se 1.273977617447e+01 3.629844086809e+01 2.633360299309e+01 1 1 1 0.0 0.0 0.0
Se 1.693450155049e+00 3.729378873583e+01 2.633360299309e+01 1 1 1 0.0 0.0 0.0
Se 3.530957181175e+00 3.032635366164e+01 2.633360299309e+01 1 1 1 0.0 0.0 0.0
Se 7.581986183718e+00 3.132170152938e+01 2.633360299309e+01 1 1 1 0.0 0.0 0.0
Se 1.163301518626e+01 3.231704939712e+01 2.633360299309e+01 1 1 1 0.0 0.0 0.0
Se 5.866891668411e-01 3.331239726487e+01 2.633360299309e+01 1 1 1 0.0 0.0 0.0
Se 2.424196192967e+00 2.634496219067e+01 2.633360299309e+01 1 1 1 0.0 0.0 0.0
Se 6.475225195510e+00 2.734031005842e+01 2.633360299309e+01 1 1 1 0.0 0.0 0.0
Se 1.052625419805e+01 2.833565792616e+01 2.633360299309e+01 1 1 1 0.0 0.0 0.0
Se 1.457728320059e+01 2.933100579390e+01 2.633360299309e+01 1 1 1 0.0 0.0 0.0
Se 5.368464207302e+00 2.335891858745e+01 2.633360299309e+01 1 1 1 0.0 0.0 0.0
Se 9.419493209844e+00 2.435426645519e+01 2.633360299309e+01 1 1 1 0.0 0.0 0.0
Se 1.347052221239e+01 2.534961432293e+01 2.633360299309e+01 1 1 1 0.0 0.0 0.0
Se 4.261703219093e+00 1.937752711648e+01 2.633360299309e+01 1 1 1 0.0 0.0 0.0
Se 8.312732221636e+00 2.037287498422e+01 2.633360299309e+01 1 1 1 0.0 0.0 0.0
Se 1.236376122418e+01 2.136822285197e+01 2.633360299309e+01 1 1 1 0.0 0.0 0.0
Se 1.317435204759e+00 2.236357071971e+01 2.633360299309e+01 1 1 1 0.0 0.0 0.0
Se 3.154942230885e+00 1.539613564552e+01 2.633360299309e+01 1 1 1 0.0 0.0 0.0
Se 7.205971233428e+00 1.639148351326e+01 2.633360299309e+01 1 1 1 0.0 0.0 0.0
Se 1.125700023597e+01 1.738683138100e+01 2.633360299309e+01 1 1 1 0.0 0.0 0.0
Se 2.106742165509e-01 1.838217924874e+01 2.633360299309e+01 1 1 1 0.0 0.0 0.0
Se 2.048181242677e+00 1.141474417455e+01 2.633360299309e+01 1 1 1 0.0 0.0 0.0
Se 6.099210245220e+00 1.241009204229e+01 2.633360299309e+01 1 1 1 0.0 0.0 0.0
Se 1.015023924776e+01 1.340543991003e+01 2.633360299309e+01 1 1 1 0.0 0.0 0.0
Se 1.420126825030e+01 1.440078777778e+01 2.633360299309e+01 1 1 1 0.0 0.0 0.0
Se 4.992449257011e+00 8.428700571325e+00 2.633360299309e+01 1 1 1 0.0 0.0 0.0
Se 9.043478259554e+00 9.424048439067e+00 2.633360299309e+01 1 1 1 0.0 0.0 0.0
Se 1.309450726210e+01 1.041939630681e+01 2.633360299309e+01 1 1 1 0.0 0.0 0.0
Se 3.885688268803e+00 4.447309100359e+00 2.633360299309e+01 1 1 1 0.0 0.0 0.0
Se 7.936717271346e+00 5.442656968101e+00 2.633360299309e+01 1 1 1 0.0 0.0 0.0
Se 1.198774627389e+01 6.438004835842e+00 2.633360299309e+01 1 1 1 0.0 0.0 0.0
Se 9.414202544688e-01 7.433352703584e+00 2.633360299309e+01 1 1 1 0.0 0.0 0.0
Se 2.778927280595e+00 4.659176293926e-01 2.633360299309e+01 1 1 1 0.0 0.0 0.0
Se 6.829956283137e+00 1.461265497134e+00 2.633360299309e+01 1 1 1 0.0 0.0 0.0
Se 1.088098528568e+01 2.456613364876e+00 2.633360299309e+01 1 1 1 0.0 0.0 0.0
Se 1.493201428822e+01 3.451961232617e+00 2.633360299309e+01 1 1 1 0.0 0.0 0.0
Se 2.069465105339e+00 5.222400675196e+01 2.633360299309e+01 1 1 1 0.0 0.0 0.0
Se 6.120494107882e+00 5.321935461970e+01 2.633360299309e+01 1 1 1 0.0 0.0 0.0
Se 1.017152311042e+01 5.421470248744e+01 2.633360299309e+01 1 1 1 0.0 0.0 0.0
Se 1.422255211297e+01 5.521005035518e+01 2.633360299309e+01 1 1 1 0.0 0.0 0.0
Se 4.396283646597e+00 5.154755885990e+01 2.271046802998e+01 1 1 1 0.0 0.0 0.0
Se 8.447312649139e+00 5.254290672764e+01 2.271046802998e+01 1 1 1 0.0 0.0 0.0
Se 1.249834165168e+01 5.353825459539e+01 2.271046802998e+01 1 1 1 0.0 0.0 0.0
Se 3.289522658389e+00 4.756616738894e+01 2.271046802998e+01 1 1 1 0.0 0.0 0.0
Se 7.340551660931e+00 4.856151525668e+01 2.271046802998e+01 1 1 1 0.0 0.0 0.0
Se 1.139158066347e+01 4.955686312442e+01 2.271046802998e+01 1 1 1 0.0 0.0 0.0
Se 1.544260966602e+01 5.055221099216e+01 2.271046802998e+01 1 1 1 0.0 0.0 0.0
Se 2.182761670180e+00 4.358477591797e+01 2.271046802998e+01 1 1 1 0.0 0.0 0.0
Se 6.233790672723e+00 4.458012378571e+01 2.271046802998e+01 1 1 1 0.0 0.0 0.0
Se 1.028481967527e+01 4.557547165345e+01 2.271046802998e+01 1 1 1 0.0 0.0 0.0
Se 1.433584867781e+01 4.657081952119e+01 2.271046802998e+01 1 1 1 0.0 0.0 0.0
Se 5.127029684515e+00 4.059873231474e+01 2.271046802998e+01 1 1 1 0.0 0.0 0.0
Se 9.178058687057e+00 4.159408018249e+01 2.271046802998e+01 1 1 1 0.0 0.0 0.0
Se 1.322908768960e+01 4.258942805023e+01 2.271046802998e+01 1 1 1 0.0 0.0 0.0
Se 4.020268696307e+00 3.661734084378e+01 2.271046802998e+01 1 1 1 0.0 0.0 0.0
Se 8.071297698849e+00 3.761268871152e+01 2.271046802998e+01 1 1 1 0.0 0.0 0.0
Se 1.212232670139e+01 3.860803657926e+01 2.271046802998e+01 1 1 1 0.0 0.0 0.0
Se 1.076000681972e+00 3.960338444700e+01 2.271046802998e+01 1 1 1 0.0 0.0 0.0
Se 2.913507708098e+00 3.263594937281e+01 2.271046802998e+01 1 1 1 0.0 0.0 0.0
Se 6.964536710641e+00 3.363129724055e+01 2.271046802998e+01 1 1 1 0.0 0.0 0.0
Se 1.101556571318e+01 3.462664510829e+01 2.271046802998e+01 1 1 1 0.0 0.0 0.0
Se 1.506659471573e+01 3.562199297604e+01 2.271046802998e+01 1 1 1 0.0 0.0 0.0
Se 1.806746719890e+00 2.865455790185e+01 2.271046802998e+01 1 1 1 0.0 0.0 0.0
Se 5.857775722433e+00 2.964990576959e+01 2.271046802998e+01 1 1 1 0.0 0.0 0.0
Se 9.908804724975e+00 3.064525363733e+01 2.271046802998e+01 1 1 1 0.0 0.0 0.0
Se 1.395983372752e+01 3.164060150507e+01 2.271046802998e+01 1 1 1 0.0 0.0 0.0
Se 4.751014734225e+00 2.566851429862e+01 2.271046802998e+01 1 1 1 0.0 0.0 0.0
Se 8.802043736767e+00 2.666386216636e+01 2.271046802998e+01 1 1 1 0.0 0.0 0.0
Se 1.285307273931e+01 2.765921003410e+01 2.271046802998e+01 1 1 1 0.0 0.0 0.0
Se 3.644253746016e+00 2.168712282765e+01 2.271046802998e+01 1 1 1 0.0 0.0 0.0
Se 7.695282748559e+00 2.268247069540e+01 2.271046802998e+01 1 1 1 0.0 0.0 0.0
Se 1.174631175110e+01 2.367781856314e+01 2.271046802998e+01 1 1 1 0.0 0.0 0.0
Se 6.999857316821e-01 2.467316643088e+01 2.271046802998e+01 1 1 1 0.0 0.0 0.0
Se 2.537492757808e+00 1.770573135669e+01 2.271046802998e+01 1 1 1 0.0 0.0 0.0
Se 6.588521760351e+00 1.870107922443e+01 2.271046802998e+01 1 1 1 0.0 0.0 0.0
Se 1.063955076289e+01 1.969642709217e+01 2.271046802998e+01 1 1 1 0.0 0.0 0.0
Se 1.469057976544e+01 2.069177495991e+01 2.271046802998e+01 1 1 1 0.0 0.0 0.0
Se 1.430731769600e+00 1.372433988572e+01 2.271046802998e+01 1 1 1 0.0 0.0 0.0
Se 5.481760772143e+00 1.471968775346e+01 2.271046802998e+01 1 1 1 0.0 0.0 0.0
Se 9.532789774685e+00 1.571503562120e+01 2.271046802998e+01 1 1 1 0.0 0.0 0.0
Se 1.358381877723e+01 1.671038348895e+01 2.271046802998e+01 1 1 1 0.0 0.0 0.0
Se 4.374999783934e+00 1.073829628250e+01 2.271046802998e+01 1 1 1 0.0 0.0 0.0
Se 8.426028786477e+00 1.173364415024e+01 2.271046802998e+01 1 1 1 0.0 0.0 0.0
Se 1.247705778902e+01 1.272899201798e+01 2.271046802998e+01 1 1 1 0.0 0.0 0.0
Se 3.268238795726e+00 6.756904811530e+00 2.271046802998e+01 1 1 1 0.0 0.0 0.0
Se 7.319267798269e+00 7.752252679271e+00 2.271046802998e+01 1 1 1 0.0 0.0 0.0
Se 1.137029680081e+01 8.747600547013e+00 2.271046802998e+01 1 1 1 0.0 0.0 0.0
Se 3.239707813919e-01 9.742948414755e+00 2.271046802998e+01 1 1 1 0.0 0.0 0.0
Se 2.161477807518e+00 2.775513340563e+00 2.271046802998e+01 1 1 1 0.0 0.0 0.0
Se 6.212506810061e+00 3.770861208305e+00 2.271046802998e+01 1 1 1 0.0 0.0 0.0
Se 1.026353581260e+01 4.766209076047e+00 2.271046802998e+01 1 1 1 0.0 0.0 0.0
Se 1.431456481515e+01 5.761556943788e+00 2.271046802998e+01 1 1 1 0.0 0.0 0.0
Se 1.452015632263e+00 5.453360246313e+01 2.271046802998e+01 1 1 1 0.0 0.0 0.0
Se 5.503044634805e+00 5.552895033087e+01 2.271046802998e+01 1 1 1 0.0 0.0 0.0
Se 9.156774824395e+00 7.848176050801e-01 2.271046802998e+01 1 1 1 0.0 0.0 0.0
Se 1.320780382694e+01 1.780165472822e+00 2.271046802998e+01 1 1 1 0.0 0.0 0.0
"