calculation_mode = "Quench Electrons"
cell_relax = "False"
charge_density_mixing = "0.1"
charge_mixing_type = "Broyden"
description = "Example parameters for high-throughput bulk relaxation of a vdW material"
dos_broading = "0.05"
dos_method = "Gaussian"
energy_convergence_criterion = "1e-10"
energy_output_units = "Hartrees"
kohn_sham_mucycles = "3"
kohn_sham_solver = "davidson"
kpoint_mesh = "1 1 1"
localize_projectors = "False"
max_md_steps = "100"
max_scf_steps = "200"
non_local_block_size = "4000"
potential_acceleration_constant_step = "1.5"
processor_grid = "7 7 16"
rms_convergence_criterion = "1e-08"
scalapack_block_factor = "64"
start_mode = "LCAO Start"
state_block_size = "64"
stress = "True"
subdiag_driver = "scalapack"
use_async_allreduce = "False"
vdw_corr = "DFT-D3"
vdwdf_kernel_filepath = "/lustre/orion/world-shared/cph162/rjmorelock/rmgdft/XC/vdW_kernel_table"
wavefunction_grid = "154 154 378"
write_data_period = "50"

atomic_coordinate_type = "Absolute"
crds_units = "Angstrom"
lattice_units = "Angstrom"

lattice_vector = "
1.799724170868e+01 0.000000000000e+00 1.100000000000e-15
8.998620854338e+00 1.558606851876e+01 1.100000000000e-15
0.000000000000e+00 0.000000000000e+00 4.446241589303e+01
"
atoms = "
Nb 1.007607060289e+01 1.536048427463e+01 1.532833092694e+01 1 1 1 0.0 0.0 0.0
Nb 4.076990033332e+00 1.506201146844e+00 1.532833092694e+01 1 1 1 0.0 0.0 0.0
Nb 1.607515117245e+01 1.536048427463e+01 1.532833092694e+01 1 1 1 0.0 0.0 0.0
Nb 4.076990033332e+00 4.969771928790e+00 1.532833092694e+01 1 1 1 0.0 0.0 0.0
Nb 7.076530318111e+00 3.237986537817e+00 1.532833092694e+01 1 1 1 0.0 0.0 0.0
Nb 1.007607060289e+01 1.506201146844e+00 1.532833092694e+01 1 1 1 0.0 0.0 0.0
Nb 2.207423174201e+01 1.536048427463e+01 1.532833092694e+01 1 1 1 0.0 0.0 0.0
Nb 7.076530318111e+00 6.701557319764e+00 1.532833092694e+01 1 1 1 0.0 0.0 0.0
Nb 1.007607060289e+01 4.969771928790e+00 1.532833092694e+01 1 1 1 0.0 0.0 0.0
Nb 1.307561088767e+01 3.237986537817e+00 1.532833092694e+01 1 1 1 0.0 0.0 0.0
Nb 1.607515117245e+01 1.506201146844e+00 1.532833092694e+01 1 1 1 0.0 0.0 0.0
Nb 7.076530318111e+00 1.016512810171e+01 1.532833092694e+01 1 1 1 0.0 0.0 0.0
Nb 1.007607060289e+01 8.433342710737e+00 1.532833092694e+01 1 1 1 0.0 0.0 0.0
Nb 1.307561088767e+01 6.701557319764e+00 1.532833092694e+01 1 1 1 0.0 0.0 0.0
Nb 1.607515117245e+01 4.969771928790e+00 1.532833092694e+01 1 1 1 0.0 0.0 0.0
Nb 1.907469145723e+01 3.237986537817e+00 1.532833092694e+01 1 1 1 0.0 0.0 0.0
Nb 1.007607060289e+01 1.189691349268e+01 1.532833092694e+01 1 1 1 0.0 0.0 0.0
Nb 1.307561088767e+01 1.016512810171e+01 1.532833092694e+01 1 1 1 0.0 0.0 0.0
Nb 1.607515117245e+01 8.433342710737e+00 1.532833092694e+01 1 1 1 0.0 0.0 0.0
Nb 1.907469145723e+01 6.701557319764e+00 1.532833092694e+01 1 1 1 0.0 0.0 0.0
Nb 1.307561088767e+01 1.362869888366e+01 1.532833092694e+01 1 1 1 0.0 0.0 0.0
Nb 1.607515117245e+01 1.189691349268e+01 1.532833092694e+01 1 1 1 0.0 0.0 0.0
Nb 1.907469145723e+01 1.016512810171e+01 1.532833092694e+01 1 1 1 0.0 0.0 0.0
Nb 2.207423174201e+01 8.433342710737e+00 1.532833092694e+01 1 1 1 0.0 0.0 0.0
Nb 1.907469145723e+01 1.362869888366e+01 1.532833092694e+01 1 1 1 0.0 0.0 0.0
Nb 2.207423174201e+01 1.189691349268e+01 1.532833092694e+01 1 1 1 0.0 0.0 0.0
Nb 2.507377202679e+01 1.362869888366e+01 1.532833092694e+01 1 1 1 0.0 0.0 0.0
Nb 1.008179984621e+01 1.536844193626e+01 9.182088683320e+00 1 1 1 0.0 0.0 0.0
Nb 4.082719276653e+00 1.514158808479e+00 9.182088683320e+00 1 1 1 0.0 0.0 0.0
Nb 1.608088041577e+01 1.536844193626e+01 9.182088683320e+00 1 1 1 0.0 0.0 0.0
Nb 4.082719276653e+00 4.977729590425e+00 9.182088683320e+00 1 1 1 0.0 0.0 0.0
Nb 7.082259561433e+00 3.245944199452e+00 9.182088683320e+00 1 1 1 0.0 0.0 0.0
Nb 1.008179984621e+01 1.514158808479e+00 9.182088683320e+00 1 1 1 0.0 0.0 0.0
Nb 2.207996098533e+01 1.536844193626e+01 9.182088683320e+00 1 1 1 0.0 0.0 0.0
Nb 7.082259561433e+00 6.709514981399e+00 9.182088683320e+00 1 1 1 0.0 0.0 0.0
Nb 1.008179984621e+01 4.977729590425e+00 9.182088683320e+00 1 1 1 0.0 0.0 0.0
Nb 1.308134013099e+01 3.245944199452e+00 9.182088683320e+00 1 1 1 0.0 0.0 0.0
Nb 1.608088041577e+01 1.514158808479e+00 9.182088683320e+00 1 1 1 0.0 0.0 0.0
Nb 7.082259561433e+00 1.017308576335e+01 9.182088683320e+00 1 1 1 0.0 0.0 0.0
Nb 1.008179984621e+01 8.441300372372e+00 9.182088683320e+00 1 1 1 0.0 0.0 0.0
Nb 1.308134013099e+01 6.709514981399e+00 9.182088683320e+00 1 1 1 0.0 0.0 0.0
Nb 1.608088041577e+01 4.977729590425e+00 9.182088683320e+00 1 1 1 0.0 0.0 0.0
Nb 1.908042070055e+01 3.245944199452e+00 9.182088683320e+00 1 1 1 0.0 0.0 0.0
Nb 1.008179984621e+01 1.190487115432e+01 9.182088683320e+00 1 1 1 0.0 0.0 0.0
Nb 1.308134013099e+01 1.017308576335e+01 9.182088683320e+00 1 1 1 0.0 0.0 0.0
Nb 1.608088041577e+01 8.441300372372e+00 9.182088683320e+00 1 1 1 0.0 0.0 0.0
Nb 1.908042070055e+01 6.709514981399e+00 9.182088683320e+00 1 1 1 0.0 0.0 0.0
Nb 1.308134013099e+01 1.363665654529e+01 9.182088683320e+00 1 1 1 0.0 0.0 0.0
Nb 1.608088041577e+01 1.190487115432e+01 9.182088683320e+00 1 1 1 0.0 0.0 0.0
Nb 1.908042070055e+01 1.017308576335e+01 9.182088683320e+00 1 1 1 0.0 0.0 0.0
Nb 2.207996098533e+01 8.441300372372e+00 9.182088683320e+00 1 1 1 0.0 0.0 0.0
Nb 1.908042070055e+01 1.363665654529e+01 9.182088683320e+00 1 1 1 0.0 0.0 0.0
Nb 2.207996098533e+01 1.190487115432e+01 9.182088683320e+00 1 1 1 0.0 0.0 0.0
Nb 2.507950127011e+01 1.363665654529e+01 9.182088683320e+00 1 1 1 0.0 0.0 0.0
Bi 2.172977547536e+01 1.085915845388e+01 3.532095071834e+01 1 1 1 0.0 0.0 0.0
Bi 1.462560111667e+01 1.167947784960e+01 3.532095071834e+01 1 1 1 0.0 0.0 0.0
Bi 1.794088248406e+01 9.218519662431e+00 3.532095071834e+01 1 1 1 0.0 0.0 0.0
Bi 2.125616385145e+01 6.757561475258e+00 3.532095071834e+01 1 1 1 0.0 0.0 0.0
Bi 1.083670812537e+01 1.003883905815e+01 3.532095071834e+01 1 1 1 0.0 0.0 0.0
Bi 1.415198949276e+01 7.577880870982e+00 3.532095071834e+01 1 1 1 0.0 0.0 0.0
Bi 1.746727086015e+01 5.116922683810e+00 3.532095071834e+01 1 1 1 0.0 0.0 0.0
Bi 7.047815134072e+00 8.398200266706e+00 3.532095071834e+01 1 1 1 0.0 0.0 0.0
Bi 1.036309650146e+01 5.937242079534e+00 3.532095071834e+01 1 1 1 0.0 0.0 0.0
Bi 1.367837786885e+01 3.476283892361e+00 3.532095071834e+01 1 1 1 0.0 0.0 0.0
Bi 1.699365923623e+01 1.015325705189e+00 3.532095071834e+01 1 1 1 0.0 0.0 0.0
Bi 6.574203510159e+00 4.296603288086e+00 3.532095071834e+01 1 1 1 0.0 0.0 0.0
Bi 9.889484877547e+00 1.835645100913e+00 3.532095071834e+01 1 1 1 0.0 0.0 0.0
Bi 2.220338709927e+01 1.496075543250e+01 3.532095071834e+01 1 1 1 0.0 0.0 0.0
Bi 2.785310518859e+00 2.655964496637e+00 3.532095071834e+01 1 1 1 0.0 0.0 0.0
Bi 6.100591886247e+00 1.950063094646e-01 3.532095071834e+01 1 1 1 0.0 0.0 0.0
Bi 1.841449410797e+01 1.332011664105e+01 3.532095071834e+01 1 1 1 0.0 0.0 0.0
Bi 1.131031974928e+01 1.414043603678e+01 3.532095071834e+01 1 1 1 0.0 0.0 0.0
Bi 7.521426757984e+00 1.249979724533e+01 3.532095071834e+01 1 1 1 0.0 0.0 0.0
Bi 1.938967550163e+01 1.115434318475e+01 3.133430771007e+01 1 1 1 0.0 0.0 0.0
Bi 1.228550114294e+01 1.197466258048e+01 3.133430771007e+01 1 1 1 0.0 0.0 0.0
Bi 1.560078251033e+01 9.513704393303e+00 3.133430771007e+01 1 1 1 0.0 0.0 0.0
Bi 1.891606387772e+01 7.052746206131e+00 3.133430771007e+01 1 1 1 0.0 0.0 0.0
Bi 8.496608151642e+00 1.033402378903e+01 3.133430771007e+01 1 1 1 0.0 0.0 0.0
Bi 1.181188951903e+01 7.873065601855e+00 3.133430771007e+01 1 1 1 0.0 0.0 0.0
Bi 1.512717088642e+01 5.412107414682e+00 3.133430771007e+01 1 1 1 0.0 0.0 0.0
Bi 2.270495686902e+01 8.693384997579e+00 3.133430771007e+01 1 1 1 0.0 0.0 0.0
Bi 8.022996527730e+00 6.232426810406e+00 3.133430771007e+01 1 1 1 0.0 0.0 0.0
Bi 1.133827789512e+01 3.771468623234e+00 3.133430771007e+01 1 1 1 0.0 0.0 0.0
Bi 1.465355926250e+01 1.310510436061e+00 3.133430771007e+01 1 1 1 0.0 0.0 0.0
Bi 4.234103536429e+00 4.591788018958e+00 3.133430771007e+01 1 1 1 0.0 0.0 0.0
Bi 7.549384903817e+00 2.130829831785e+00 3.133430771007e+01 1 1 1 0.0 0.0 0.0
Bi 1.986328712554e+01 1.525594016337e+01 3.133430771007e+01 1 1 1 0.0 0.0 0.0
Bi 1.844245225380e+01 2.951149227510e+00 3.133430771007e+01 1 1 1 0.0 0.0 0.0
Bi 3.760491912517e+00 4.901910403371e-01 3.133430771007e+01 1 1 1 0.0 0.0 0.0
Bi 1.607439413424e+01 1.361530137192e+01 3.133430771007e+01 1 1 1 0.0 0.0 0.0
Bi 8.970219775555e+00 1.443562076765e+01 3.133430771007e+01 1 1 1 0.0 0.0 0.0
Bi 2.317856849293e+01 1.279498197620e+01 3.133430771007e+01 1 1 1 0.0 0.0 0.0
Bi 1.938003584818e+01 1.122089307688e+01 2.529282906773e+01 1 1 1 0.0 0.0 0.0
Bi 1.227586148949e+01 1.204121247261e+01 2.529282906773e+01 1 1 1 0.0 0.0 0.0
Bi 1.559114285688e+01 9.580254285434e+00 2.529282906773e+01 1 1 1 0.0 0.0 0.0
Bi 1.890642422426e+01 7.119296098261e+00 2.529282906773e+01 1 1 1 0.0 0.0 0.0
Bi 8.486968498188e+00 1.040057368116e+01 2.529282906773e+01 1 1 1 0.0 0.0 0.0
Bi 1.180224986558e+01 7.939615493985e+00 2.529282906773e+01 1 1 1 0.0 0.0 0.0
Bi 1.511753123296e+01 5.478657306813e+00 2.529282906773e+01 1 1 1 0.0 0.0 0.0
Bi 2.269531721556e+01 8.759934889709e+00 2.529282906773e+01 1 1 1 0.0 0.0 0.0
Bi 8.013356874275e+00 6.298976702537e+00 2.529282906773e+01 1 1 1 0.0 0.0 0.0
Bi 1.132863824166e+01 3.838018515364e+00 2.529282906773e+01 1 1 1 0.0 0.0 0.0
Bi 1.464391960905e+01 1.377060328192e+00 2.529282906773e+01 1 1 1 0.0 0.0 0.0
Bi 4.224463882975e+00 4.658337911088e+00 2.529282906773e+01 1 1 1 0.0 0.0 0.0
Bi 7.539745250363e+00 2.197379723916e+00 2.529282906773e+01 1 1 1 0.0 0.0 0.0
Bi 1.985364747209e+01 1.532249005550e+01 2.529282906773e+01 1 1 1 0.0 0.0 0.0
Bi 1.843281260035e+01 3.017699119640e+00 2.529282906773e+01 1 1 1 0.0 0.0 0.0
Bi 3.750852259063e+00 5.567409324676e-01 2.529282906773e+01 1 1 1 0.0 0.0 0.0
Bi 1.606475448079e+01 1.368185126405e+01 2.529282906773e+01 1 1 1 0.0 0.0 0.0
Bi 8.960580122100e+00 1.450217065978e+01 2.529282906773e+01 1 1 1 0.0 0.0 0.0
Bi 2.316892883948e+01 1.286153186833e+01 2.529282906773e+01 1 1 1 0.0 0.0 0.0
Bi 2.413746107019e+01 1.067319647100e+01 2.132110864621e+01 1 1 1 0.0 0.0 0.0
Bi 1.703328671151e+01 1.149351586673e+01 2.132110864621e+01 1 1 1 0.0 0.0 0.0
Bi 2.034856807889e+01 9.032557679555e+00 2.132110864621e+01 1 1 1 0.0 0.0 0.0
Bi 5.666607737605e+00 6.571599492382e+00 2.132110864621e+01 1 1 1 0.0 0.0 0.0
Bi 1.324439372021e+01 9.852877075279e+00 2.132110864621e+01 1 1 1 0.0 0.0 0.0
Bi 1.655967508759e+01 7.391918888106e+00 2.132110864621e+01 1 1 1 0.0 0.0 0.0
Bi 1.987495645498e+01 4.930960700934e+00 2.132110864621e+01 1 1 1 0.0 0.0 0.0
Bi 9.455500728905e+00 8.212238283830e+00 2.132110864621e+01 1 1 1 0.0 0.0 0.0
Bi 1.277078209629e+01 5.751280096658e+00 2.132110864621e+01 1 1 1 0.0 0.0 0.0
Bi 1.608606346368e+01 3.290321909485e+00 2.132110864621e+01 1 1 1 0.0 0.0 0.0
Bi 1.404103122392e+00 8.293637223128e-01 2.132110864621e+01 1 1 1 0.0 0.0 0.0
Bi 8.981889104992e+00 4.110641305210e+00 2.132110864621e+01 1 1 1 0.0 0.0 0.0
Bi 1.229717047238e+01 1.649683118037e+00 2.132110864621e+01 1 1 1 0.0 0.0 0.0
Bi 2.461107269411e+01 1.477479344962e+01 2.132110864621e+01 1 1 1 0.0 0.0 0.0
Bi 5.192996113692e+00 2.470002513761e+00 2.132110864621e+01 1 1 1 0.0 0.0 0.0
Bi 8.508277481080e+00 9.044326588615e-03 2.132110864621e+01 1 1 1 0.0 0.0 0.0
Bi 2.082217970281e+01 1.313415465818e+01 2.132110864621e+01 1 1 1 0.0 0.0 0.0
Bi 1.371800534412e+01 1.395447405390e+01 2.132110864621e+01 1 1 1 0.0 0.0 0.0
Bi 9.929112352817e+00 1.231383526245e+01 2.132110864621e+01 1 1 1 0.0 0.0 0.0
Se 2.607914351528e+01 1.536896714468e+01 7.500000000000e+00 1 1 1 0.0 0.0 0.0
Se 2.082821237044e+00 1.514684016898e+00 7.500000000000e+00 1 1 1 0.0 0.0 0.0
Se 1.408098237616e+01 1.536896714468e+01 7.500000000000e+00 1 1 1 0.0 0.0 0.0
Se 2.008006294572e+01 4.978254798845e+00 7.500000000000e+00 1 1 1 0.0 0.0 0.0
Se 5.082361521823e+00 3.246469407872e+00 7.500000000000e+00 1 1 1 0.0 0.0 0.0
Se 8.081901806602e+00 1.514684016898e+00 7.500000000000e+00 1 1 1 0.0 0.0 0.0
Se 2.008006294572e+01 1.536896714468e+01 7.500000000000e+00 1 1 1 0.0 0.0 0.0
Se 5.082361521823e+00 6.710040189818e+00 7.500000000000e+00 1 1 1 0.0 0.0 0.0
Se 8.081901806602e+00 4.978254798845e+00 7.500000000000e+00 1 1 1 0.0 0.0 0.0
Se 1.108144209138e+01 3.246469407872e+00 7.500000000000e+00 1 1 1 0.0 0.0 0.0
Se 1.408098237616e+01 1.514684016898e+00 7.500000000000e+00 1 1 1 0.0 0.0 0.0
Se 2.307960323050e+01 1.017361097176e+01 7.500000000000e+00 1 1 1 0.0 0.0 0.0
Se 8.081901806602e+00 8.441825580792e+00 7.500000000000e+00 1 1 1 0.0 0.0 0.0
Se 1.108144209138e+01 6.710040189818e+00 7.500000000000e+00 1 1 1 0.0 0.0 0.0
Se 1.408098237616e+01 4.978254798845e+00 7.500000000000e+00 1 1 1 0.0 0.0 0.0
Se 1.708052266094e+01 3.246469407872e+00 7.500000000000e+00 1 1 1 0.0 0.0 0.0
Se 8.081901806602e+00 1.190539636274e+01 7.500000000000e+00 1 1 1 0.0 0.0 0.0
Se 1.108144209138e+01 1.017361097176e+01 7.500000000000e+00 1 1 1 0.0 0.0 0.0
Se 1.408098237616e+01 8.441825580792e+00 7.500000000000e+00 1 1 1 0.0 0.0 0.0
Se 1.708052266094e+01 6.710040189818e+00 7.500000000000e+00 1 1 1 0.0 0.0 0.0
Se 1.108144209138e+01 1.363718175371e+01 7.500000000000e+00 1 1 1 0.0 0.0 0.0
Se 1.408098237616e+01 1.190539636274e+01 7.500000000000e+00 1 1 1 0.0 0.0 0.0
Se 1.708052266094e+01 1.017361097176e+01 7.500000000000e+00 1 1 1 0.0 0.0 0.0
Se 2.008006294572e+01 8.441825580792e+00 7.500000000000e+00 1 1 1 0.0 0.0 0.0
Se 1.708052266094e+01 1.363718175371e+01 7.500000000000e+00 1 1 1 0.0 0.0 0.0
Se 2.008006294572e+01 1.190539636274e+01 7.500000000000e+00 1 1 1 0.0 0.0 0.0
Se 2.307960323050e+01 1.363718175371e+01 7.500000000000e+00 1 1 1 0.0 0.0 0.0
Se 9.076050911464e+00 1.362893016587e+01 1.364602824434e+01 1 1 1 0.0 0.0 0.0
Se 1.207559119624e+01 1.536071555684e+01 1.364602824434e+01 1 1 1 0.0 0.0 0.0
Se 1.507513148102e+01 1.362893016587e+01 1.364602824434e+01 1 1 1 0.0 0.0 0.0
Se 3.076970341905e+00 3.238217820026e+00 1.364602824434e+01 1 1 1 0.0 0.0 0.0
Se 6.076510626685e+00 1.506432429052e+00 1.364602824434e+01 1 1 1 0.0 0.0 0.0
Se 1.807467176580e+01 1.536071555684e+01 1.364602824434e+01 1 1 1 0.0 0.0 0.0
Se 2.107421205058e+01 1.362893016587e+01 1.364602824434e+01 1 1 1 0.0 0.0 0.0
Se 6.076510626685e+00 4.970003210999e+00 1.364602824434e+01 1 1 1 0.0 0.0 0.0
Se 9.076050911464e+00 3.238217820026e+00 1.364602824434e+01 1 1 1 0.0 0.0 0.0
Se 1.207559119624e+01 1.506432429052e+00 1.364602824434e+01 1 1 1 0.0 0.0 0.0
Se 2.407375233536e+01 1.536071555684e+01 1.364602824434e+01 1 1 1 0.0 0.0 0.0
Se 6.076510626685e+00 8.433573992945e+00 1.364602824434e+01 1 1 1 0.0 0.0 0.0
Se 9.076050911464e+00 6.701788601972e+00 1.364602824434e+01 1 1 1 0.0 0.0 0.0
Se 1.207559119624e+01 4.970003210999e+00 1.364602824434e+01 1 1 1 0.0 0.0 0.0
Se 1.507513148102e+01 3.238217820026e+00 1.364602824434e+01 1 1 1 0.0 0.0 0.0
Se 1.807467176580e+01 1.506432429052e+00 1.364602824434e+01 1 1 1 0.0 0.0 0.0
Se 9.076050911464e+00 1.016535938392e+01 1.364602824434e+01 1 1 1 0.0 0.0 0.0
Se 1.207559119624e+01 8.433573992945e+00 1.364602824434e+01 1 1 1 0.0 0.0 0.0
Se 1.507513148102e+01 6.701788601972e+00 1.364602824434e+01 1 1 1 0.0 0.0 0.0
Se 1.807467176580e+01 4.970003210999e+00 1.364602824434e+01 1 1 1 0.0 0.0 0.0
Se 1.207559119624e+01 1.189714477489e+01 1.364602824434e+01 1 1 1 0.0 0.0 0.0
Se 1.507513148102e+01 1.016535938392e+01 1.364602824434e+01 1 1 1 0.0 0.0 0.0
Se 1.807467176580e+01 8.433573992945e+00 1.364602824434e+01 1 1 1 0.0 0.0 0.0
Se 2.107421205058e+01 6.701788601972e+00 1.364602824434e+01 1 1 1 0.0 0.0 0.0
Se 1.807467176580e+01 1.189714477489e+01 1.364602824434e+01 1 1 1 0.0 0.0 0.0
Se 2.107421205058e+01 1.016535938392e+01 1.364602824434e+01 1 1 1 0.0 0.0 0.0
Se 2.407375233536e+01 1.189714477489e+01 1.364602824434e+01 1 1 1 0.0 0.0 0.0
Se 2.607889400821e+01 1.536792027333e+01 1.086443756309e+01 1 1 1 0.0 0.0 0.0
Se 2.082571729971e+00 1.513637145547e+00 1.086443756309e+01 1 1 1 0.0 0.0 0.0
Se 1.408073286909e+01 1.536792027333e+01 1.086443756309e+01 1 1 1 0.0 0.0 0.0
Se 2.007981343865e+01 4.977207927493e+00 1.086443756309e+01 1 1 1 0.0 0.0 0.0
Se 5.082112014750e+00 3.245422536520e+00 1.086443756309e+01 1 1 1 0.0 0.0 0.0
Se 8.081652299530e+00 1.513637145547e+00 1.086443756309e+01 1 1 1 0.0 0.0 0.0
Se 2.007981343865e+01 1.536792027333e+01 1.086443756309e+01 1 1 1 0.0 0.0 0.0
Se 5.082112014750e+00 6.708993318467e+00 1.086443756309e+01 1 1 1 0.0 0.0 0.0
Se 8.081652299530e+00 4.977207927493e+00 1.086443756309e+01 1 1 1 0.0 0.0 0.0
Se 1.108119258431e+01 3.245422536520e+00 1.086443756309e+01 1 1 1 0.0 0.0 0.0
Se 1.408073286909e+01 1.513637145547e+00 1.086443756309e+01 1 1 1 0.0 0.0 0.0
Se 2.307935372343e+01 1.017256410041e+01 1.086443756309e+01 1 1 1 0.0 0.0 0.0
Se 8.081652299530e+00 8.440778709440e+00 1.086443756309e+01 1 1 1 0.0 0.0 0.0
Se 1.108119258431e+01 6.708993318467e+00 1.086443756309e+01 1 1 1 0.0 0.0 0.0
Se 1.408073286909e+01 4.977207927493e+00 1.086443756309e+01 1 1 1 0.0 0.0 0.0
Se 1.708027315387e+01 3.245422536520e+00 1.086443756309e+01 1 1 1 0.0 0.0 0.0
Se 8.081652299530e+00 1.190434949139e+01 1.086443756309e+01 1 1 1 0.0 0.0 0.0
Se 1.108119258431e+01 1.017256410041e+01 1.086443756309e+01 1 1 1 0.0 0.0 0.0
Se 1.408073286909e+01 8.440778709440e+00 1.086443756309e+01 1 1 1 0.0 0.0 0.0
Se 1.708027315387e+01 6.708993318467e+00 1.086443756309e+01 1 1 1 0.0 0.0 0.0
Se 1.108119258431e+01 1.363613488236e+01 1.086443756309e+01 1 1 1 0.0 0.0 0.0
Se 1.408073286909e+01 1.190434949139e+01 1.086443756309e+01 1 1 1 0.0 0.0 0.0
Se 1.708027315387e+01 1.017256410041e+01 1.086443756309e+01 1 1 1 0.0 0.0 0.0
Se 2.007981343865e+01 8.440778709440e+00 1.086443756309e+01 1 1 1 0.0 0.0 0.0
Se 1.708027315387e+01 1.363613488236e+01 1.086443756309e+01 1 1 1 0.0 0.0 0.0
Se 2.007981343865e+01 1.190434949139e+01 1.086443756309e+01 1 1 1 0.0 0.0 0.0
Se 2.307935372343e+01 1.363613488236e+01 1.086443756309e+01 1 1 1 0.0 0.0 0.0
Se 9.075983547200e+00 1.362787435142e+01 1.701046802998e+01 1 1 1 0.0 0.0 0.0
Se 1.207552383198e+01 1.535965974239e+01 1.701046802998e+01 1 1 1 0.0 0.0 0.0
Se 1.507506411676e+01 1.362787435142e+01 1.701046802998e+01 1 1 1 0.0 0.0 0.0
Se 3.076902977642e+00 3.237162005578e+00 1.701046802998e+01 1 1 1 0.0 0.0 0.0
Se 6.076443262421e+00 1.505376614605e+00 1.701046802998e+01 1 1 1 0.0 0.0 0.0
Se 1.807460440154e+01 1.535965974239e+01 1.701046802998e+01 1 1 1 0.0 0.0 0.0
Se 2.107414468632e+01 1.362787435142e+01 1.701046802998e+01 1 1 1 0.0 0.0 0.0
Se 6.076443262421e+00 4.968947396552e+00 1.701046802998e+01 1 1 1 0.0 0.0 0.0
Se 9.075983547200e+00 3.237162005578e+00 1.701046802998e+01 1 1 1 0.0 0.0 0.0
Se 1.207552383198e+01 1.505376614605e+00 1.701046802998e+01 1 1 1 0.0 0.0 0.0
Se 2.407368497110e+01 1.535965974239e+01 1.701046802998e+01 1 1 1 0.0 0.0 0.0
Se 6.076443262421e+00 8.432518178498e+00 1.701046802998e+01 1 1 1 0.0 0.0 0.0
Se 9.075983547200e+00 6.700732787525e+00 1.701046802998e+01 1 1 1 0.0 0.0 0.0
Se 1.207552383198e+01 4.968947396552e+00 1.701046802998e+01 1 1 1 0.0 0.0 0.0
Se 1.507506411676e+01 3.237162005578e+00 1.701046802998e+01 1 1 1 0.0 0.0 0.0
Se 1.807460440154e+01 1.505376614605e+00 1.701046802998e+01 1 1 1 0.0 0.0 0.0
Se 9.075983547200e+00 1.016430356947e+01 1.701046802998e+01 1 1 1 0.0 0.0 0.0
Se 1.207552383198e+01 8.432518178498e+00 1.701046802998e+01 1 1 1 0.0 0.0 0.0
Se 1.507506411676e+01 6.700732787525e+00 1.701046802998e+01 1 1 1 0.0 0.0 0.0
Se 1.807460440154e+01 4.968947396552e+00 1.701046802998e+01 1 1 1 0.0 0.0 0.0
Se 1.207552383198e+01 1.189608896044e+01 1.701046802998e+01 1 1 1 0.0 0.0 0.0
Se 1.507506411676e+01 1.016430356947e+01 1.701046802998e+01 1 1 1 0.0 0.0 0.0
Se 1.807460440154e+01 8.432518178498e+00 1.701046802998e+01 1 1 1 0.0 0.0 0.0
Se 2.107414468632e+01 6.700732787525e+00 1.701046802998e+01 1 1 1 0.0 0.0 0.0
Se 1.807460440154e+01 1.189608896044e+01 1.701046802998e+01 1 1 1 0.0 0.0 0.0
Se 2.107414468632e+01 1.016430356947e+01 1.701046802998e+01 1 1 1 0.0 0.0 0.0
Se 2.407368497110e+01 1.189608896044e+01 1.701046802998e+01 1 1 1 0.0 0.0 0.0
Se 1.934989258197e+01 1.113444901856e+01 3.696241589303e+01 1 1 1 0.0 0.0 0.0
Se 1.224571822328e+01 1.195476841428e+01 3.696241589303e+01 1 1 1 0.0 0.0 0.0
Se 1.556099959067e+01 9.493810227109e+00 3.696241589303e+01 1 1 1 0.0 0.0 0.0
Se 1.887628095806e+01 7.032852039937e+00 3.696241589303e+01 1 1 1 0.0 0.0 0.0
Se 8.456825231982e+00 1.031412962283e+01 3.696241589303e+01 1 1 1 0.0 0.0 0.0
Se 1.177210659937e+01 7.853171435661e+00 3.696241589303e+01 1 1 1 0.0 0.0 0.0
Se 1.508738796676e+01 5.392213248489e+00 3.696241589303e+01 1 1 1 0.0 0.0 0.0
Se 2.266517394936e+01 8.673490831385e+00 3.696241589303e+01 1 1 1 0.0 0.0 0.0
Se 7.983213608070e+00 6.212532644213e+00 3.696241589303e+01 1 1 1 0.0 0.0 0.0
Se 1.129849497546e+01 3.751574457040e+00 3.696241589303e+01 1 1 1 0.0 0.0 0.0
Se 1.461377634285e+01 1.290616269868e+00 3.696241589303e+01 1 1 1 0.0 0.0 0.0
Se 4.194320616770e+00 4.571893852764e+00 3.696241589303e+01 1 1 1 0.0 0.0 0.0
Se 7.509601984157e+00 2.110935665592e+00 3.696241589303e+01 1 1 1 0.0 0.0 0.0
Se 1.982350420588e+01 1.523604599718e+01 3.696241589303e+01 1 1 1 0.0 0.0 0.0
Se 1.840266933415e+01 2.931255061316e+00 3.696241589303e+01 1 1 1 0.0 0.0 0.0
Se 3.720708992857e+00 4.702968741434e-01 3.696241589303e+01 1 1 1 0.0 0.0 0.0
Se 1.603461121458e+01 1.359540720573e+01 3.696241589303e+01 1 1 1 0.0 0.0 0.0
Se 8.930436855895e+00 1.441572660145e+01 3.696241589303e+01 1 1 1 0.0 0.0 0.0
Se 2.313878557327e+01 1.277508781001e+01 3.696241589303e+01 1 1 1 0.0 0.0 0.0
Se 6.125741523530e+00 1.058921346582e+01 3.332483142763e+01 1 1 1 0.0 0.0 0.0
Se 1.701880887352e+01 1.140953286154e+01 3.332483142763e+01 1 1 1 0.0 0.0 0.0
Se 2.033409024091e+01 8.948574674372e+00 3.332483142763e+01 1 1 1 0.0 0.0 0.0
Se 5.652129899617e+00 6.487616487200e+00 3.332483142763e+01 1 1 1 0.0 0.0 0.0
Se 1.322991588222e+01 9.768894070097e+00 3.332483142763e+01 1 1 1 0.0 0.0 0.0
Se 1.654519724961e+01 7.307935882924e+00 3.332483142763e+01 1 1 1 0.0 0.0 0.0
Se 1.986047861699e+01 4.846977695751e+00 3.332483142763e+01 1 1 1 0.0 0.0 0.0
Se 9.441022890917e+00 8.128255278648e+00 3.332483142763e+01 1 1 1 0.0 0.0 0.0
Se 1.275630425831e+01 5.667297091476e+00 3.332483142763e+01 1 1 1 0.0 0.0 0.0
Se 1.607158562569e+01 3.206338904303e+00 3.332483142763e+01 1 1 1 0.0 0.0 0.0
Se 1.389625284405e+00 7.453807171306e-01 3.332483142763e+01 1 1 1 0.0 0.0 0.0
Se 8.967411267005e+00 4.026658300027e+00 3.332483142763e+01 1 1 1 0.0 0.0 0.0
Se 1.228269263439e+01 1.565700112855e+00 3.332483142763e+01 1 1 1 0.0 0.0 0.0
Se 2.459659485612e+01 1.469081044444e+01 3.332483142763e+01 1 1 1 0.0 0.0 0.0
Se 5.178518275705e+00 2.386019508579e+00 3.332483142763e+01 1 1 1 0.0 0.0 0.0
Se 1.749242049743e+01 1.551112984017e+01 3.332483142763e+01 1 1 1 0.0 0.0 0.0
Se 2.080770186482e+01 1.305017165299e+01 3.332483142763e+01 1 1 1 0.0 0.0 0.0
Se 1.370352750613e+01 1.387049104872e+01 3.332483142763e+01 1 1 1 0.0 0.0 0.0
Se 9.914634514830e+00 1.222985225727e+01 3.332483142763e+01 1 1 1 0.0 0.0 0.0
Se 2.174653564679e+01 1.087242713933e+01 2.969131231352e+01 1 1 1 0.0 0.0 0.0
Se 1.464236128811e+01 1.169274653506e+01 2.969131231352e+01 1 1 1 0.0 0.0 0.0
Se 1.795764265549e+01 9.231788347883e+00 2.969131231352e+01 1 1 1 0.0 0.0 0.0
Se 2.127292402288e+01 6.770830160710e+00 2.969131231352e+01 1 1 1 0.0 0.0 0.0
Se 1.085346829681e+01 1.005210774361e+01 2.969131231352e+01 1 1 1 0.0 0.0 0.0
Se 1.416874966419e+01 7.591149556434e+00 2.969131231352e+01 1 1 1 0.0 0.0 0.0
Se 1.748403103158e+01 5.130191369262e+00 2.969131231352e+01 1 1 1 0.0 0.0 0.0
Se 7.064575305506e+00 8.411468952158e+00 2.969131231352e+01 1 1 1 0.0 0.0 0.0
Se 1.037985667289e+01 5.950510764986e+00 2.969131231352e+01 1 1 1 0.0 0.0 0.0
Se 1.369513804028e+01 3.489552577813e+00 2.969131231352e+01 1 1 1 0.0 0.0 0.0
Se 1.701041940767e+01 1.028594390641e+00 2.969131231352e+01 1 1 1 0.0 0.0 0.0
Se 6.590963681594e+00 4.309871973538e+00 2.969131231352e+01 1 1 1 0.0 0.0 0.0
Se 9.906245048981e+00 1.848913786365e+00 2.969131231352e+01 1 1 1 0.0 0.0 0.0
Se 2.222014727071e+01 1.497402411795e+01 2.969131231352e+01 1 1 1 0.0 0.0 0.0
Se 2.802070690294e+00 2.669233182089e+00 2.969131231352e+01 1 1 1 0.0 0.0 0.0
Se 6.117352057681e+00 2.082749949166e-01 2.969131231352e+01 1 1 1 0.0 0.0 0.0
Se 1.843125427941e+01 1.333338532650e+01 2.969131231352e+01 1 1 1 0.0 0.0 0.0
Se 1.132707992072e+01 1.415370472223e+01 2.969131231352e+01 1 1 1 0.0 0.0 0.0
Se 7.538186929419e+00 1.251306593078e+01 2.969131231352e+01 1 1 1 0.0 0.0 0.0
Se 2.413823922548e+01 1.066915177708e+01 2.692457590224e+01 1 1 1 0.0 0.0 0.0
Se 1.703406486679e+01 1.148947117280e+01 2.692457590224e+01 1 1 1 0.0 0.0 0.0
Se 2.034934623418e+01 9.028512985630e+00 2.692457590224e+01 1 1 1 0.0 0.0 0.0
Se 5.667385892890e+00 6.567554798457e+00 2.692457590224e+01 1 1 1 0.0 0.0 0.0
Se 1.324517187549e+01 9.848832381354e+00 2.692457590224e+01 1 1 1 0.0 0.0 0.0
Se 1.656045324288e+01 7.387874194181e+00 2.692457590224e+01 1 1 1 0.0 0.0 0.0
Se 1.987573461027e+01 4.926916007009e+00 2.692457590224e+01 1 1 1 0.0 0.0 0.0
Se 9.456278884190e+00 8.208193589906e+00 2.692457590224e+01 1 1 1 0.0 0.0 0.0
Se 1.277156025158e+01 5.747235402733e+00 2.692457590224e+01 1 1 1 0.0 0.0 0.0
Se 1.608684161897e+01 3.286277215560e+00 2.692457590224e+01 1 1 1 0.0 0.0 0.0
Se 1.404881277678e+00 8.253190283879e-01 2.692457590224e+01 1 1 1 0.0 0.0 0.0
Se 8.982667260278e+00 4.106596611285e+00 2.692457590224e+01 1 1 1 0.0 0.0 0.0
Se 1.229794862767e+01 1.645638424112e+00 2.692457590224e+01 1 1 1 0.0 0.0 0.0
Se 2.461185084939e+01 1.477074875570e+01 2.692457590224e+01 1 1 1 0.0 0.0 0.0
Se 5.193774268978e+00 2.465957819836e+00 2.692457590224e+01 1 1 1 0.0 0.0 0.0
Se 8.509055636365e+00 4.999632663737e-03 2.692457590224e+01 1 1 1 0.0 0.0 0.0
Se 2.082295785809e+01 1.313010996425e+01 2.692457590224e+01 1 1 1 0.0 0.0 0.0
Se 1.371878349940e+01 1.395042935997e+01 2.692457590224e+01 1 1 1 0.0 0.0 0.0
Se 9.929890508103e+00 1.230979056853e+01 2.692457590224e+01 1 1 1 0.0 0.0 0.0
Se 2.175371033853e+01 1.095312351456e+01 2.330671355540e+01 1 1 1 0.0 0.0 0.0
Se 1.464953597984e+01 1.177344291028e+01 2.330671355540e+01 1 1 1 0.0 0.0 0.0
Se 1.796481734723e+01 9.312484723111e+00 2.330671355540e+01 1 1 1 0.0 0.0 0.0
Se 2.128009871461e+01 6.851526535938e+00 2.330671355540e+01 1 1 1 0.0 0.0 0.0
Se 1.086064298854e+01 1.013280411883e+01 2.330671355540e+01 1 1 1 0.0 0.0 0.0
Se 1.417592435593e+01 7.671845931662e+00 2.330671355540e+01 1 1 1 0.0 0.0 0.0
Se 1.749120572331e+01 5.210887744490e+00 2.330671355540e+01 1 1 1 0.0 0.0 0.0
Se 7.071749997238e+00 8.492165327387e+00 2.330671355540e+01 1 1 1 0.0 0.0 0.0
Se 1.038703136463e+01 6.031207140214e+00 2.330671355540e+01 1 1 1 0.0 0.0 0.0
Se 1.370231273201e+01 3.570248953042e+00 2.330671355540e+01 1 1 1 0.0 0.0 0.0
Se 1.701759409940e+01 1.109290765869e+00 2.330671355540e+01 1 1 1 0.0 0.0 0.0
Se 6.598138373326e+00 4.390568348766e+00 2.330671355540e+01 1 1 1 0.0 0.0 0.0
Se 9.913419740713e+00 1.929610161593e+00 2.330671355540e+01 1 1 1 0.0 0.0 0.0
Se 2.222732196244e+01 1.505472049318e+01 2.330671355540e+01 1 1 1 0.0 0.0 0.0
Se 2.809245382026e+00 2.749929557317e+00 2.330671355540e+01 1 1 1 0.0 0.0 0.0
Se 6.124526749413e+00 2.889713701448e-01 2.330671355540e+01 1 1 1 0.0 0.0 0.0
Se 1.843842897114e+01 1.341408170173e+01 2.330671355540e+01 1 1 1 0.0 0.0 0.0
Se 1.133425461245e+01 1.423440109746e+01 2.330671355540e+01 1 1 1 0.0 0.0 0.0
Se 7.545361621151e+00 1.259376230601e+01 2.330671355540e+01 1 1 1 0.0 0.0 0.0
Se 1.937253542001e+01 1.122229375831e+01 1.968357859229e+01 1 1 1 0.0 0.0 0.0
Se 1.226836106132e+01 1.204261315403e+01 1.968357859229e+01 1 1 1 0.0 0.0 0.0
Se 1.558364242871e+01 9.581654966858e+00 1.968357859229e+01 1 1 1 0.0 0.0 0.0
Se 1.889892379610e+01 7.120696779686e+00 1.968357859229e+01 1 1 1 0.0 0.0 0.0
Se 8.479468070022e+00 1.040197436258e+01 1.968357859229e+01 1 1 1 0.0 0.0 0.0
Se 1.179474943741e+01 7.941016175410e+00 1.968357859229e+01 1 1 1 0.0 0.0 0.0
Se 1.511003080480e+01 5.480057988237e+00 1.968357859229e+01 1 1 1 0.0 0.0 0.0
Se 2.268781678740e+01 8.761335571134e+00 1.968357859229e+01 1 1 1 0.0 0.0 0.0
Se 8.005856446109e+00 6.300377383962e+00 1.968357859229e+01 1 1 1 0.0 0.0 0.0
Se 1.132113781350e+01 3.839419196789e+00 1.968357859229e+01 1 1 1 0.0 0.0 0.0
Se 1.463641918088e+01 1.378461009616e+00 1.968357859229e+01 1 1 1 0.0 0.0 0.0
Se 4.216963454809e+00 4.659738592513e+00 1.968357859229e+01 1 1 1 0.0 0.0 0.0
Se 7.532244822197e+00 2.198780405341e+00 1.968357859229e+01 1 1 1 0.0 0.0 0.0
Se 1.984614704392e+01 1.532389073693e+01 1.968357859229e+01 1 1 1 0.0 0.0 0.0
Se 1.842531217218e+01 3.019099801065e+00 1.968357859229e+01 1 1 1 0.0 0.0 0.0
Se 3.743351830896e+00 5.581416138923e-01 1.968357859229e+01 1 1 1 0.0 0.0 0.0
Se 1.605725405262e+01 1.368325194548e+01 1.968357859229e+01 1 1 1 0.0 0.0 0.0
Se 8.953079693934e+00 1.450357134120e+01 1.968357859229e+01 1 1 1 0.0 0.0 0.0
Se 2.316142841131e+01 1.286293254975e+01 1.968357859229e+01 1 1 1 0.0 0.0 0.0
"