calculation_mode = "Quench Electrons"
cell_relax = "False"
charge_density_mixing = "0.1"
charge_mixing_type = "Broyden"
description = "Example parameters for high-throughput bulk relaxation of a vdW material"
dos_broading = "0.05"
dos_method = "Gaussian"
energy_convergence_criterion = "1e-10"
energy_output_units = "Hartrees"
kohn_sham_mucycles = "3"
kohn_sham_solver = "davidson"
kpoint_mesh = "1 1 1"
localize_projectors = "False"
max_md_steps = "100"
max_scf_steps = "200"
non_local_block_size = "4000"
potential_acceleration_constant_step = "1.5"
processor_grid = "4 8 14"
rms_convergence_criterion = "1e-08"
scalapack_block_factor = "64"
start_mode = "LCAO Start"
state_block_size = "64"
stress = "True"
subdiag_driver = "scalapack"
use_async_allreduce = "False"
vdw_corr = "DFT-D3"
vdwdf_kernel_filepath = "/lustre/orion/world-shared/cph162/rjmorelock/rmgdft/XC/vdW_kernel_table"
wavefunction_grid = "106 206 378"
write_data_period = "50"

atomic_coordinate_type = "Absolute"
crds_units = "Angstrom"
lattice_units = "Angstrom"

lattice_vector = "
1.248808204977e+01 0.000000000000e+00 8.000000000000e-16
2.401554239517e+00 2.412576097744e+01 1.500000000000e-15
0.000000000000e+00 0.000000000000e+00 4.446241589303e+01
"
atoms = "
Nb 4.760003852993e+00 1.922802732313e+01 1.532833092694e+01 1 1 1 0.0 0.0 0.0
Nb 7.161558093248e+00 2.172379570011e+01 1.532833092694e+01 1 1 1 0.0 0.0 0.0
Nb 3.319071308987e+00 1.340456777685e+01 1.532833092694e+01 1 1 1 0.0 0.0 0.0
Nb 5.720625549242e+00 1.590033615383e+01 1.532833092694e+01 1 1 1 0.0 0.0 0.0
Nb 8.122179789498e+00 1.839610453081e+01 1.532833092694e+01 1 1 1 0.0 0.0 0.0
Nb 1.052373402975e+01 2.089187290778e+01 1.532833092694e+01 1 1 1 0.0 0.0 0.0
Nb 4.279693005237e+00 1.007687660755e+01 1.532833092694e+01 1 1 1 0.0 0.0 0.0
Nb 6.681247245492e+00 1.257264498453e+01 1.532833092694e+01 1 1 1 0.0 0.0 0.0
Nb 9.082801485747e+00 1.506841336150e+01 1.532833092694e+01 1 1 1 0.0 0.0 0.0
Nb 1.148435572600e+01 1.756418173848e+01 1.532833092694e+01 1 1 1 0.0 0.0 0.0
Nb 1.388590996626e+01 2.005995011546e+01 1.532833092694e+01 1 1 1 0.0 0.0 0.0
Nb 2.838760461231e+00 4.253417061274e+00 1.532833092694e+01 1 1 1 0.0 0.0 0.0
Nb 5.240314701486e+00 6.749185438251e+00 1.532833092694e+01 1 1 1 0.0 0.0 0.0
Nb 7.641868941742e+00 9.244953815227e+00 1.532833092694e+01 1 1 1 0.0 0.0 0.0
Nb 1.004342318200e+01 1.174072219220e+01 1.532833092694e+01 1 1 1 0.0 0.0 0.0
Nb 1.244497742225e+01 1.423649056918e+01 1.532833092694e+01 1 1 1 0.0 0.0 0.0
Nb 2.358449612738e+00 1.673225894616e+01 1.532833092694e+01 1 1 1 0.0 0.0 0.0
Nb 3.799382156743e+00 2.255571849243e+01 1.532833092694e+01 1 1 1 0.0 0.0 0.0
Nb 3.799382157481e+00 9.257258919726e-01 1.532833092694e+01 1 1 1 0.0 0.0 0.0
Nb 6.200936397736e+00 3.421494268949e+00 1.532833092694e+01 1 1 1 0.0 0.0 0.0
Nb 8.602490637991e+00 5.917262645925e+00 1.532833092694e+01 1 1 1 0.0 0.0 0.0
Nb 1.100404487825e+01 8.413031022901e+00 1.532833092694e+01 1 1 1 0.0 0.0 0.0
Nb 1.340559911850e+01 1.090879939988e+01 1.532833092694e+01 1 1 1 0.0 0.0 0.0
Nb 7.161558093986e+00 9.380309964722e-02 1.532833092694e+01 1 1 1 0.0 0.0 0.0
Nb 9.563112334241e+00 2.589571476623e+00 1.532833092694e+01 1 1 1 0.0 0.0 0.0
Nb 1.196466657450e+01 5.085339853600e+00 1.532833092694e+01 1 1 1 0.0 0.0 0.0
Nb 1.878138764982e+00 7.581108230576e+00 1.532833092694e+01 1 1 1 0.0 0.0 0.0
Nb 1.292528827001e+01 2.338764128476e+01 1.532833092694e+01 1 1 1 0.0 0.0 0.0
Nb 4.372062209762e-01 1.757648684298e+00 1.532833092694e+01 1 1 1 0.0 0.0 0.0
Nb 4.767715390163e+00 1.922197085533e+01 9.182088683320e+00 1 1 1 0.0 0.0 0.0
Nb 7.169269630418e+00 2.171773923231e+01 9.182088683320e+00 1 1 1 0.0 0.0 0.0
Nb 3.326782846157e+00 1.339851130905e+01 9.182088683320e+00 1 1 1 0.0 0.0 0.0
Nb 5.728337086413e+00 1.589427968603e+01 9.182088683320e+00 1 1 1 0.0 0.0 0.0
Nb 8.129891326668e+00 1.839004806301e+01 9.182088683320e+00 1 1 1 0.0 0.0 0.0
Nb 1.053144556692e+01 2.088581643998e+01 9.182088683320e+00 1 1 1 0.0 0.0 0.0
Nb 4.287404542407e+00 1.007082013975e+01 9.182088683320e+00 1 1 1 0.0 0.0 0.0
Nb 6.688958782662e+00 1.256658851673e+01 9.182088683320e+00 1 1 1 0.0 0.0 0.0
Nb 9.090513022917e+00 1.506235689370e+01 9.182088683320e+00 1 1 1 0.0 0.0 0.0
Nb 1.149206726317e+01 1.755812527068e+01 9.182088683320e+00 1 1 1 0.0 0.0 0.0
Nb 1.389362150343e+01 2.005389364766e+01 9.182088683320e+00 1 1 1 0.0 0.0 0.0
Nb 2.846471998401e+00 4.247360593475e+00 9.182088683320e+00 1 1 1 0.0 0.0 0.0
Nb 5.248026238657e+00 6.743128970451e+00 9.182088683320e+00 1 1 1 0.0 0.0 0.0
Nb 7.649580478912e+00 9.238897347427e+00 9.182088683320e+00 1 1 1 0.0 0.0 0.0
Nb 1.005113471917e+01 1.173466572440e+01 9.182088683320e+00 1 1 1 0.0 0.0 0.0
Nb 1.245268895942e+01 1.423043410138e+01 9.182088683320e+00 1 1 1 0.0 0.0 0.0
Nb 2.366161149908e+00 1.672620247836e+01 9.182088683320e+00 1 1 1 0.0 0.0 0.0
Nb 3.807093693913e+00 2.254966202463e+01 9.182088683320e+00 1 1 1 0.0 0.0 0.0
Nb 3.807093694651e+00 9.196694241729e-01 9.182088683320e+00 1 1 1 0.0 0.0 0.0
Nb 6.208647934906e+00 3.415437801149e+00 9.182088683320e+00 1 1 1 0.0 0.0 0.0
Nb 8.610202175161e+00 5.911206178125e+00 9.182088683320e+00 1 1 1 0.0 0.0 0.0
Nb 1.101175641542e+01 8.406974555102e+00 9.182088683320e+00 1 1 1 0.0 0.0 0.0
Nb 1.341331065567e+01 1.090274293208e+01 9.182088683320e+00 1 1 1 0.0 0.0 0.0
Nb 7.169269631156e+00 8.774663184750e-02 9.182088683320e+00 1 1 1 0.0 0.0 0.0
Nb 9.570823871411e+00 2.583515008824e+00 9.182088683320e+00 1 1 1 0.0 0.0 0.0
Nb 1.197237811167e+01 5.079283385800e+00 9.182088683320e+00 1 1 1 0.0 0.0 0.0
Nb 1.885850302152e+00 7.575051762776e+00 9.182088683320e+00 1 1 1 0.0 0.0 0.0
Nb 1.293299980718e+01 2.338158481696e+01 9.182088683320e+00 1 1 1 0.0 0.0 0.0
Nb 4.449177581463e-01 1.751592216498e+00 9.182088683320e+00 1 1 1 0.0 0.0 0.0
Bi 1.061899951840e+01 1.801132926760e+01 3.532095071834e+01 1 1 1 0.0 0.0 0.0
Bi 6.456305501815e+00 1.801132926760e+01 3.532095071834e+01 1 1 1 0.0 0.0 0.0
Bi 2.293611485225e+00 1.801132926760e+01 3.532095071834e+01 1 1 1 0.0 0.0 0.0
Bi 8.491908619935e+00 1.456479198510e+01 3.532095071834e+01 1 1 1 0.0 0.0 0.0
Bi 4.329214603345e+00 1.456479198510e+01 3.532095071834e+01 1 1 1 0.0 0.0 0.0
Bi 1.265460263652e+01 1.456479198510e+01 3.532095071834e+01 1 1 1 0.0 0.0 0.0
Bi 1.052751173806e+01 1.111825470261e+01 3.532095071834e+01 1 1 1 0.0 0.0 0.0
Bi 6.364817721466e+00 1.111825470261e+01 3.532095071834e+01 1 1 1 0.0 0.0 0.0
Bi 2.202123704876e+00 1.111825470261e+01 3.532095071834e+01 1 1 1 0.0 0.0 0.0
Bi 8.400420839586e+00 7.671717420122e+00 3.532095071834e+01 1 1 1 0.0 0.0 0.0
Bi 4.237726822996e+00 7.671717420122e+00 3.532095071834e+01 1 1 1 0.0 0.0 0.0
Bi 1.256311485618e+01 7.671717420122e+00 3.532095071834e+01 1 1 1 0.0 0.0 0.0
Bi 1.043602395771e+01 4.225180137631e+00 3.532095071834e+01 1 1 1 0.0 0.0 0.0
Bi 6.273329941116e+00 4.225180137631e+00 3.532095071834e+01 1 1 1 0.0 0.0 0.0
Bi 2.110635924527e+00 4.225180137631e+00 3.532095071834e+01 1 1 1 0.0 0.0 0.0
Bi 8.308933059237e+00 7.786428551400e-01 3.532095071834e+01 1 1 1 0.0 0.0 0.0
Bi 4.146239042647e+00 7.786428551400e-01 3.532095071834e+01 1 1 1 0.0 0.0 0.0
Bi 1.247162707583e+01 7.786428551400e-01 3.532095071834e+01 1 1 1 0.0 0.0 0.0
Bi 8.583396400284e+00 2.145786655009e+01 3.532095071834e+01 1 1 1 0.0 0.0 0.0
Bi 4.420702383695e+00 2.145786655009e+01 3.532095071834e+01 1 1 1 0.0 0.0 0.0
Bi 1.274609041687e+01 2.145786655009e+01 3.532095071834e+01 1 1 1 0.0 0.0 0.0
Bi 1.267596904800e+01 1.689537531679e+01 3.133430771007e+01 1 1 1 0.0 0.0 0.0
Bi 8.513275031412e+00 1.689537531679e+01 3.133430771007e+01 1 1 1 0.0 0.0 0.0
Bi 4.350581014822e+00 1.689537531679e+01 3.133430771007e+01 1 1 1 0.0 0.0 0.0
Bi 1.054887814953e+01 1.344883803430e+01 3.133430771007e+01 1 1 1 0.0 0.0 0.0
Bi 6.386184132942e+00 1.344883803430e+01 3.133430771007e+01 1 1 1 0.0 0.0 0.0
Bi 2.223490116353e+00 1.344883803430e+01 3.133430771007e+01 1 1 1 0.0 0.0 0.0
Bi 1.258448126765e+01 1.000230075180e+01 3.133430771007e+01 1 1 1 0.0 0.0 0.0
Bi 8.421787251063e+00 1.000230075180e+01 3.133430771007e+01 1 1 1 0.0 0.0 0.0
Bi 4.259093234473e+00 1.000230075180e+01 3.133430771007e+01 1 1 1 0.0 0.0 0.0
Bi 1.045739036918e+01 6.555763469314e+00 3.133430771007e+01 1 1 1 0.0 0.0 0.0
Bi 6.294696352593e+00 6.555763469314e+00 3.133430771007e+01 1 1 1 0.0 0.0 0.0
Bi 2.132002336003e+00 6.555763469314e+00 3.133430771007e+01 1 1 1 0.0 0.0 0.0
Bi 1.249299348730e+01 3.109226186823e+00 3.133430771007e+01 1 1 1 0.0 0.0 0.0
Bi 8.330299470713e+00 3.109226186823e+00 3.133430771007e+01 1 1 1 0.0 0.0 0.0
Bi 4.167605454124e+00 3.109226186823e+00 3.133430771007e+01 1 1 1 0.0 0.0 0.0
Bi 1.276745682835e+01 2.378844988177e+01 3.133430771007e+01 1 1 1 0.0 0.0 0.0
Bi 8.604762811761e+00 2.378844988177e+01 3.133430771007e+01 1 1 1 0.0 0.0 0.0
Bi 4.442068795171e+00 2.378844988177e+01 3.133430771007e+01 1 1 1 0.0 0.0 0.0
Bi 1.064036592988e+01 2.034191259928e+01 3.133430771007e+01 1 1 1 0.0 0.0 0.0
Bi 6.477671913292e+00 2.034191259928e+01 3.133430771007e+01 1 1 1 0.0 0.0 0.0
Bi 2.314977896702e+00 2.034191259928e+01 3.133430771007e+01 1 1 1 0.0 0.0 0.0
Bi 1.272437432178e+01 1.694134370222e+01 2.529282906773e+01 1 1 1 0.0 0.0 0.0
Bi 8.561680305195e+00 1.694134370222e+01 2.529282906773e+01 1 1 1 0.0 0.0 0.0
Bi 4.398986288605e+00 1.694134370222e+01 2.529282906773e+01 1 1 1 0.0 0.0 0.0
Bi 1.059728342332e+01 1.349480641973e+01 2.529282906773e+01 1 1 1 0.0 0.0 0.0
Bi 6.434589406726e+00 1.349480641973e+01 2.529282906773e+01 1 1 1 0.0 0.0 0.0
Bi 2.271895390136e+00 1.349480641973e+01 2.529282906773e+01 1 1 1 0.0 0.0 0.0
Bi 1.263288654144e+01 1.004826913724e+01 2.529282906773e+01 1 1 1 0.0 0.0 0.0
Bi 8.470192524846e+00 1.004826913724e+01 2.529282906773e+01 1 1 1 0.0 0.0 0.0
Bi 4.307498508256e+00 1.004826913724e+01 2.529282906773e+01 1 1 1 0.0 0.0 0.0
Bi 1.050579564297e+01 6.601731854749e+00 2.529282906773e+01 1 1 1 0.0 0.0 0.0
Bi 6.343101626376e+00 6.601731854749e+00 2.529282906773e+01 1 1 1 0.0 0.0 0.0
Bi 2.180407609787e+00 6.601731854749e+00 2.529282906773e+01 1 1 1 0.0 0.0 0.0
Bi 1.254139876109e+01 3.155194572258e+00 2.529282906773e+01 1 1 1 0.0 0.0 0.0
Bi 8.378704744497e+00 3.155194572258e+00 2.529282906773e+01 1 1 1 0.0 0.0 0.0
Bi 4.216010727907e+00 3.155194572258e+00 2.529282906773e+01 1 1 1 0.0 0.0 0.0
Bi 1.281586210213e+01 2.383441826720e+01 2.529282906773e+01 1 1 1 0.0 0.0 0.0
Bi 8.653168085544e+00 2.383441826720e+01 2.529282906773e+01 1 1 1 0.0 0.0 0.0
Bi 4.490474068955e+00 2.383441826720e+01 2.529282906773e+01 1 1 1 0.0 0.0 0.0
Bi 1.068877120366e+01 2.038788098471e+01 2.529282906773e+01 1 1 1 0.0 0.0 0.0
Bi 6.526077187075e+00 2.038788098471e+01 2.529282906773e+01 1 1 1 0.0 0.0 0.0
Bi 2.363383170485e+00 2.038788098471e+01 2.529282906773e+01 1 1 1 0.0 0.0 0.0
Bi 8.574588957186e+00 1.925064514105e+01 2.132110864621e+01 1 1 1 0.0 0.0 0.0
Bi 4.411894940596e+00 1.925064514105e+01 2.132110864621e+01 1 1 1 0.0 0.0 0.0
Bi 1.273728297378e+01 1.925064514105e+01 2.132110864621e+01 1 1 1 0.0 0.0 0.0
Bi 6.447498058717e+00 1.580410785856e+01 2.132110864621e+01 1 1 1 0.0 0.0 0.0
Bi 2.284804042127e+00 1.580410785856e+01 2.132110864621e+01 1 1 1 0.0 0.0 0.0
Bi 1.061019207531e+01 1.580410785856e+01 2.132110864621e+01 1 1 1 0.0 0.0 0.0
Bi 8.483101176837e+00 1.235757057607e+01 2.132110864621e+01 1 1 1 0.0 0.0 0.0
Bi 4.320407160247e+00 1.235757057607e+01 2.132110864621e+01 1 1 1 0.0 0.0 0.0
Bi 1.264579519343e+01 1.235757057607e+01 2.132110864621e+01 1 1 1 0.0 0.0 0.0
Bi 6.356010278367e+00 8.911033293576e+00 2.132110864621e+01 1 1 1 0.0 0.0 0.0
Bi 2.193316261778e+00 8.911033293576e+00 2.132110864621e+01 1 1 1 0.0 0.0 0.0
Bi 1.051870429496e+01 8.911033293576e+00 2.132110864621e+01 1 1 1 0.0 0.0 0.0
Bi 8.391613396488e+00 5.464496011085e+00 2.132110864621e+01 1 1 1 0.0 0.0 0.0
Bi 4.228919379898e+00 5.464496011085e+00 2.132110864621e+01 1 1 1 0.0 0.0 0.0
Bi 1.255430741308e+01 5.464496011085e+00 2.132110864621e+01 1 1 1 0.0 0.0 0.0
Bi 6.264522498018e+00 2.017958728594e+00 2.132110864621e+01 1 1 1 0.0 0.0 0.0
Bi 2.101828481428e+00 2.017958728594e+00 2.132110864621e+01 1 1 1 0.0 0.0 0.0
Bi 1.042721651461e+01 2.017958728594e+00 2.132110864621e+01 1 1 1 0.0 0.0 0.0
Bi 6.538985839066e+00 2.269718242354e+01 2.132110864621e+01 1 1 1 0.0 0.0 0.0
Bi 2.376291822476e+00 2.269718242354e+01 2.132110864621e+01 1 1 1 0.0 0.0 0.0
Bi 1.070167985566e+01 2.269718242354e+01 2.132110864621e+01 1 1 1 0.0 0.0 0.0
Se 2.846421171493e+00 1.866679433387e+01 7.500000000000e+00 1 1 1 0.0 0.0 0.0
Se 5.247975411748e+00 2.116256271085e+01 7.500000000000e+00 1 1 1 0.0 0.0 0.0
Se 1.405488627487e+00 1.284333478759e+01 7.500000000000e+00 1 1 1 0.0 0.0 0.0
Se 3.807042867742e+00 1.533910316457e+01 7.500000000000e+00 1 1 1 0.0 0.0 0.0
Se 6.208597107997e+00 1.783487154155e+01 7.500000000000e+00 1 1 1 0.0 0.0 0.0
Se 8.610151348253e+00 2.033063991852e+01 7.500000000000e+00 1 1 1 0.0 0.0 0.0
Se 2.366110323737e+00 9.515643618291e+00 7.500000000000e+00 1 1 1 0.0 0.0 0.0
Se 4.767664563992e+00 1.201141199527e+01 7.500000000000e+00 1 1 1 0.0 0.0 0.0
Se 7.169218804247e+00 1.450718037224e+01 7.500000000000e+00 1 1 1 0.0 0.0 0.0
Se 9.570773044502e+00 1.700294874922e+01 7.500000000000e+00 1 1 1 0.0 0.0 0.0
Se 1.197232728476e+01 1.949871712620e+01 7.500000000000e+00 1 1 1 0.0 0.0 0.0
Se 9.251777797313e-01 3.692184072013e+00 7.500000000000e+00 1 1 1 0.0 0.0 0.0
Se 3.326732019986e+00 6.187952448990e+00 7.500000000000e+00 1 1 1 0.0 0.0 0.0
Se 5.728286260242e+00 8.683720825966e+00 7.500000000000e+00 1 1 1 0.0 0.0 0.0
Se 8.129840500497e+00 1.117948920294e+01 7.500000000000e+00 1 1 1 0.0 0.0 0.0
Se 1.053139474075e+01 1.367525757992e+01 7.500000000000e+00 1 1 1 0.0 0.0 0.0
Se 1.293294898101e+01 1.617102595689e+01 7.500000000000e+00 1 1 1 0.0 0.0 0.0
Se 1.437388152501e+01 2.199448550317e+01 7.500000000000e+00 1 1 1 0.0 0.0 0.0
Se 1.885799475981e+00 3.644929027117e-01 7.500000000000e+00 1 1 1 0.0 0.0 0.0
Se 4.287353716236e+00 2.860261279688e+00 7.500000000000e+00 1 1 1 0.0 0.0 0.0
Se 6.688907956491e+00 5.356029656664e+00 7.500000000000e+00 1 1 1 0.0 0.0 0.0
Se 9.090462196746e+00 7.851798033640e+00 7.500000000000e+00 1 1 1 0.0 0.0 0.0
Se 1.149201643700e+01 1.034756641062e+01 7.500000000000e+00 1 1 1 0.0 0.0 0.0
Se 7.649529652003e+00 2.365833108782e+01 7.500000000000e+00 1 1 1 0.0 0.0 0.0
Se 7.649529652741e+00 2.028338487363e+00 7.500000000000e+00 1 1 1 0.0 0.0 0.0
Se 1.005108389300e+01 4.524106864339e+00 7.500000000000e+00 1 1 1 0.0 0.0 0.0
Se 1.245263813325e+01 7.019875241315e+00 7.500000000000e+00 1 1 1 0.0 0.0 0.0
Se 1.101170558851e+01 2.282640829550e+01 7.500000000000e+00 1 1 1 0.0 0.0 0.0
Se 1.101170558925e+01 1.196415695037e+00 7.500000000000e+00 1 1 1 0.0 0.0 0.0
Se 3.318969309275e+00 2.061429513948e+01 1.364602824434e+01 1 1 1 0.0 0.0 0.0
Se 5.720523549530e+00 2.311006351645e+01 1.364602824434e+01 1 1 1 0.0 0.0 0.0
Se 1.878036765269e+00 1.479083559320e+01 1.364602824434e+01 1 1 1 0.0 0.0 0.0
Se 4.279591005525e+00 1.728660397017e+01 1.364602824434e+01 1 1 1 0.0 0.0 0.0
Se 6.681145245780e+00 1.978237234715e+01 1.364602824434e+01 1 1 1 0.0 0.0 0.0
Se 9.082699486035e+00 2.227814072413e+01 1.364602824434e+01 1 1 1 0.0 0.0 0.0
Se 2.838658461519e+00 1.146314442390e+01 1.364602824434e+01 1 1 1 0.0 0.0 0.0
Se 5.240212701774e+00 1.395891280087e+01 1.364602824434e+01 1 1 1 0.0 0.0 0.0
Se 7.641766942029e+00 1.645468117785e+01 1.364602824434e+01 1 1 1 0.0 0.0 0.0
Se 1.004332118228e+01 1.895044955483e+01 1.364602824434e+01 1 1 1 0.0 0.0 0.0
Se 1.244487542254e+01 2.144621793180e+01 1.364602824434e+01 1 1 1 0.0 0.0 0.0
Se 1.397725917514e+00 5.639684877619e+00 1.364602824434e+01 1 1 1 0.0 0.0 0.0
Se 3.799280157769e+00 8.135453254595e+00 1.364602824434e+01 1 1 1 0.0 0.0 0.0
Se 6.200834398024e+00 1.063122163157e+01 1.364602824434e+01 1 1 1 0.0 0.0 0.0
Se 8.602388638279e+00 1.312699000855e+01 1.364602824434e+01 1 1 1 0.0 0.0 0.0
Se 1.100394287853e+01 1.562275838552e+01 1.364602824434e+01 1 1 1 0.0 0.0 0.0
Se 1.340549711879e+01 1.811852676250e+01 1.364602824434e+01 1 1 1 0.0 0.0 0.0
Se 1.484642966279e+01 2.394198630878e+01 1.364602824434e+01 1 1 1 0.0 0.0 0.0
Se 2.358347613763e+00 2.311993708317e+00 1.364602824434e+01 1 1 1 0.0 0.0 0.0
Se 4.759901854018e+00 4.807762085293e+00 1.364602824434e+01 1 1 1 0.0 0.0 0.0
Se 7.161456094273e+00 7.303530462270e+00 1.364602824434e+01 1 1 1 0.0 0.0 0.0
Se 9.563010334529e+00 9.799298839246e+00 1.364602824434e+01 1 1 1 0.0 0.0 0.0
Se 1.196456457478e+01 1.229506721622e+01 1.364602824434e+01 1 1 1 0.0 0.0 0.0
Se 5.720523550268e+00 1.480070915992e+00 1.364602824434e+01 1 1 1 0.0 0.0 0.0
Se 8.122077790523e+00 3.975839292968e+00 1.364602824434e+01 1 1 1 0.0 0.0 0.0
Se 1.052363203078e+01 6.471607669944e+00 1.364602824434e+01 1 1 1 0.0 0.0 0.0
Se 1.292518627103e+01 8.967376046921e+00 1.364602824434e+01 1 1 1 0.0 0.0 0.0
Se 9.082699486773e+00 6.481481236663e-01 1.364602824434e+01 1 1 1 0.0 0.0 0.0
Se 1.148425372703e+01 3.143916500643e+00 1.364602824434e+01 1 1 1 0.0 0.0 0.0
Se 2.845891102979e+00 1.866773093452e+01 1.086443756309e+01 1 1 1 0.0 0.0 0.0
Se 5.247445343234e+00 2.116349931150e+01 1.086443756309e+01 1 1 1 0.0 0.0 0.0
Se 1.404958558973e+00 1.284427138824e+01 1.086443756309e+01 1 1 1 0.0 0.0 0.0
Se 3.806512799229e+00 1.534003976522e+01 1.086443756309e+01 1 1 1 0.0 0.0 0.0
Se 6.208067039484e+00 1.783580814220e+01 1.086443756309e+01 1 1 1 0.0 0.0 0.0
Se 8.609621279739e+00 2.033157651917e+01 1.086443756309e+01 1 1 1 0.0 0.0 0.0
Se 2.365580255223e+00 9.516580218941e+00 1.086443756309e+01 1 1 1 0.0 0.0 0.0
Se 4.767134495478e+00 1.201234859592e+01 1.086443756309e+01 1 1 1 0.0 0.0 0.0
Se 7.168688735733e+00 1.450811697289e+01 1.086443756309e+01 1 1 1 0.0 0.0 0.0
Se 9.570242975988e+00 1.700388534987e+01 1.086443756309e+01 1 1 1 0.0 0.0 0.0
Se 1.197179721624e+01 1.949965372685e+01 1.086443756309e+01 1 1 1 0.0 0.0 0.0
Se 9.246477112175e-01 3.693120672663e+00 1.086443756309e+01 1 1 1 0.0 0.0 0.0
Se 3.326201951473e+00 6.188889049639e+00 1.086443756309e+01 1 1 1 0.0 0.0 0.0
Se 5.727756191728e+00 8.684657426616e+00 1.086443756309e+01 1 1 1 0.0 0.0 0.0
Se 8.129310431983e+00 1.118042580359e+01 1.086443756309e+01 1 1 1 0.0 0.0 0.0
Se 1.053086467224e+01 1.367619418057e+01 1.086443756309e+01 1 1 1 0.0 0.0 0.0
Se 1.293241891249e+01 1.617196255754e+01 1.086443756309e+01 1 1 1 0.0 0.0 0.0
Se 1.437335145650e+01 2.199542210382e+01 1.086443756309e+01 1 1 1 0.0 0.0 0.0
Se 1.885269407467e+00 3.654295033614e-01 1.086443756309e+01 1 1 1 0.0 0.0 0.0
Se 4.286823647722e+00 2.861197880338e+00 1.086443756309e+01 1 1 1 0.0 0.0 0.0
Se 6.688377887977e+00 5.356966257314e+00 1.086443756309e+01 1 1 1 0.0 0.0 0.0
Se 9.089932128233e+00 7.852734634290e+00 1.086443756309e+01 1 1 1 0.0 0.0 0.0
Se 1.149148636849e+01 1.034850301127e+01 1.086443756309e+01 1 1 1 0.0 0.0 0.0
Se 7.648999583489e+00 2.365926768847e+01 1.086443756309e+01 1 1 1 0.0 0.0 0.0
Se 7.648999584227e+00 2.029275088012e+00 1.086443756309e+01 1 1 1 0.0 0.0 0.0
Se 1.005055382448e+01 4.525043464989e+00 1.086443756309e+01 1 1 1 0.0 0.0 0.0
Se 1.245210806474e+01 7.020811841965e+00 1.086443756309e+01 1 1 1 0.0 0.0 0.0
Se 1.101117551999e+01 2.282734489615e+01 1.086443756309e+01 1 1 1 0.0 0.0 0.0
Se 1.101117552073e+01 1.197352295687e+00 1.086443756309e+01 1 1 1 0.0 0.0 0.0
Se 3.318611757543e+00 2.061529084970e+01 1.701046802998e+01 1 1 1 0.0 0.0 0.0
Se 5.720165997798e+00 2.311105922668e+01 1.701046802998e+01 1 1 1 0.0 0.0 0.0
Se 1.877679213538e+00 1.479183130342e+01 1.701046802998e+01 1 1 1 0.0 0.0 0.0
Se 4.279233453793e+00 1.728759968040e+01 1.701046802998e+01 1 1 1 0.0 0.0 0.0
Se 6.680787694048e+00 1.978336805737e+01 1.701046802998e+01 1 1 1 0.0 0.0 0.0
Se 9.082341934303e+00 2.227913643435e+01 1.701046802998e+01 1 1 1 0.0 0.0 0.0
Se 2.838300909787e+00 1.146414013412e+01 1.701046802998e+01 1 1 1 0.0 0.0 0.0
Se 5.239855150043e+00 1.395990851110e+01 1.701046802998e+01 1 1 1 0.0 0.0 0.0
Se 7.641409390298e+00 1.645567688807e+01 1.701046802998e+01 1 1 1 0.0 0.0 0.0
Se 1.004296363055e+01 1.895144526505e+01 1.701046802998e+01 1 1 1 0.0 0.0 0.0
Se 1.244451787081e+01 2.144721364203e+01 1.701046802998e+01 1 1 1 0.0 0.0 0.0
Se 1.397368365782e+00 5.640680587843e+00 1.701046802998e+01 1 1 1 0.0 0.0 0.0
Se 3.798922606037e+00 8.136448964819e+00 1.701046802998e+01 1 1 1 0.0 0.0 0.0
Se 6.200476846292e+00 1.063221734180e+01 1.701046802998e+01 1 1 1 0.0 0.0 0.0
Se 8.602031086547e+00 1.312798571877e+01 1.701046802998e+01 1 1 1 0.0 0.0 0.0
Se 1.100358532680e+01 1.562375409575e+01 1.701046802998e+01 1 1 1 0.0 0.0 0.0
Se 1.340513956706e+01 1.811952247272e+01 1.701046802998e+01 1 1 1 0.0 0.0 0.0
Se 1.484607211106e+01 2.394298201900e+01 1.701046802998e+01 1 1 1 0.0 0.0 0.0
Se 2.357990062031e+00 2.312989418541e+00 1.701046802998e+01 1 1 1 0.0 0.0 0.0
Se 4.759544302287e+00 4.808757795517e+00 1.701046802998e+01 1 1 1 0.0 0.0 0.0
Se 7.161098542542e+00 7.304526172494e+00 1.701046802998e+01 1 1 1 0.0 0.0 0.0
Se 9.562652782797e+00 9.800294549470e+00 1.701046802998e+01 1 1 1 0.0 0.0 0.0
Se 1.196420702305e+01 1.229606292645e+01 1.701046802998e+01 1 1 1 0.0 0.0 0.0
Se 5.720165998536e+00 1.481066626216e+00 1.701046802998e+01 1 1 1 0.0 0.0 0.0
Se 8.121720238791e+00 3.976835003192e+00 1.701046802998e+01 1 1 1 0.0 0.0 0.0
Se 1.052327447905e+01 6.472603380168e+00 1.701046802998e+01 1 1 1 0.0 0.0 0.0
Se 1.292482871930e+01 8.968371757144e+00 1.701046802998e+01 1 1 1 0.0 0.0 0.0
Se 9.082341935041e+00 6.491438338903e-01 1.701046802998e+01 1 1 1 0.0 0.0 0.0
Se 1.148389617530e+01 3.144912210867e+00 1.701046802998e+01 1 1 1 0.0 0.0 0.0
Se 1.269571217043e+01 1.685712245061e+01 3.696241589303e+01 1 1 1 0.0 0.0 0.0
Se 8.533018153843e+00 1.685712245061e+01 3.696241589303e+01 1 1 1 0.0 0.0 0.0
Se 4.370324137254e+00 1.685712245061e+01 3.696241589303e+01 1 1 1 0.0 0.0 0.0
Se 1.056862127196e+01 1.341058516812e+01 3.696241589303e+01 1 1 1 0.0 0.0 0.0
Se 6.405927255374e+00 1.341058516812e+01 3.696241589303e+01 1 1 1 0.0 0.0 0.0
Se 2.243233238784e+00 1.341058516812e+01 3.696241589303e+01 1 1 1 0.0 0.0 0.0
Se 1.260422439008e+01 9.964047885625e+00 3.696241589303e+01 1 1 1 0.0 0.0 0.0
Se 8.441530373494e+00 9.964047885625e+00 3.696241589303e+01 1 1 1 0.0 0.0 0.0
Se 4.278836356904e+00 9.964047885625e+00 3.696241589303e+01 1 1 1 0.0 0.0 0.0
Se 1.047713349161e+01 6.517510603134e+00 3.696241589303e+01 1 1 1 0.0 0.0 0.0
Se 6.314439475025e+00 6.517510603134e+00 3.696241589303e+01 1 1 1 0.0 0.0 0.0
Se 2.151745458435e+00 6.517510603134e+00 3.696241589303e+01 1 1 1 0.0 0.0 0.0
Se 1.251273660973e+01 3.070973320643e+00 3.696241589303e+01 1 1 1 0.0 0.0 0.0
Se 8.350042593145e+00 3.070973320643e+00 3.696241589303e+01 1 1 1 0.0 0.0 0.0
Se 4.187348576555e+00 3.070973320643e+00 3.696241589303e+01 1 1 1 0.0 0.0 0.0
Se 1.278719995078e+01 2.375019701559e+01 3.696241589303e+01 1 1 1 0.0 0.0 0.0
Se 8.624505934193e+00 2.375019701559e+01 3.696241589303e+01 1 1 1 0.0 0.0 0.0
Se 4.461811917603e+00 2.375019701559e+01 3.696241589303e+01 1 1 1 0.0 0.0 0.0
Se 1.066010905231e+01 2.030365973310e+01 3.696241589303e+01 1 1 1 0.0 0.0 0.0
Se 6.497415035723e+00 2.030365973310e+01 3.696241589303e+01 1 1 1 0.0 0.0 0.0
Se 2.334721019133e+00 2.030365973310e+01 3.696241589303e+01 1 1 1 0.0 0.0 0.0
Se 8.534868706174e+00 1.917732858780e+01 3.332483142763e+01 1 1 1 0.0 0.0 0.0
Se 4.372174689584e+00 1.917732858780e+01 3.332483142763e+01 1 1 1 0.0 0.0 0.0
Se 1.269756272276e+01 1.917732858780e+01 3.332483142763e+01 1 1 1 0.0 0.0 0.0
Se 6.407777807704e+00 1.573079130531e+01 3.332483142763e+01 1 1 1 0.0 0.0 0.0
Se 2.245083791115e+00 1.573079130531e+01 3.332483142763e+01 1 1 1 0.0 0.0 0.0
Se 1.057047182429e+01 1.573079130531e+01 3.332483142763e+01 1 1 1 0.0 0.0 0.0
Se 8.443380925825e+00 1.228425402282e+01 3.332483142763e+01 1 1 1 0.0 0.0 0.0
Se 4.280686909235e+00 1.228425402282e+01 3.332483142763e+01 1 1 1 0.0 0.0 0.0
Se 1.260607494241e+01 1.228425402282e+01 3.332483142763e+01 1 1 1 0.0 0.0 0.0
Se 6.316290027355e+00 8.837716740331e+00 3.332483142763e+01 1 1 1 0.0 0.0 0.0
Se 2.153596010765e+00 8.837716740331e+00 3.332483142763e+01 1 1 1 0.0 0.0 0.0
Se 1.047898404394e+01 8.837716740331e+00 3.332483142763e+01 1 1 1 0.0 0.0 0.0
Se 8.351893145475e+00 5.391179457840e+00 3.332483142763e+01 1 1 1 0.0 0.0 0.0
Se 4.189199128886e+00 5.391179457840e+00 3.332483142763e+01 1 1 1 0.0 0.0 0.0
Se 1.251458716207e+01 5.391179457840e+00 3.332483142763e+01 1 1 1 0.0 0.0 0.0
Se 6.224802247006e+00 1.944642175349e+00 3.332483142763e+01 1 1 1 0.0 0.0 0.0
Se 2.062108230416e+00 1.944642175349e+00 3.332483142763e+01 1 1 1 0.0 0.0 0.0
Se 1.038749626360e+01 1.944642175349e+00 3.332483142763e+01 1 1 1 0.0 0.0 0.0
Se 6.499265588054e+00 2.262386587029e+01 3.332483142763e+01 1 1 1 0.0 0.0 0.0
Se 2.336571571464e+00 2.262386587029e+01 3.332483142763e+01 1 1 1 0.0 0.0 0.0
Se 1.066195960464e+01 2.262386587029e+01 3.332483142763e+01 1 1 1 0.0 0.0 0.0
Se 1.061366912861e+01 1.803122750457e+01 2.969131231352e+01 1 1 1 0.0 0.0 0.0
Se 6.450975112023e+00 1.803122750457e+01 2.969131231352e+01 1 1 1 0.0 0.0 0.0
Se 2.288281095433e+00 1.803122750457e+01 2.969131231352e+01 1 1 1 0.0 0.0 0.0
Se 8.486578230143e+00 1.458469022208e+01 2.969131231352e+01 1 1 1 0.0 0.0 0.0
Se 4.323884213553e+00 1.458469022208e+01 2.969131231352e+01 1 1 1 0.0 0.0 0.0
Se 1.264927224673e+01 1.458469022208e+01 2.969131231352e+01 1 1 1 0.0 0.0 0.0
Se 1.052218134826e+01 1.113815293959e+01 2.969131231352e+01 1 1 1 0.0 0.0 0.0
Se 6.359487331674e+00 1.113815293959e+01 2.969131231352e+01 1 1 1 0.0 0.0 0.0
Se 2.196793315084e+00 1.113815293959e+01 2.969131231352e+01 1 1 1 0.0 0.0 0.0
Se 8.395090449794e+00 7.691615657098e+00 2.969131231352e+01 1 1 1 0.0 0.0 0.0
Se 4.232396433204e+00 7.691615657098e+00 2.969131231352e+01 1 1 1 0.0 0.0 0.0
Se 1.255778446638e+01 7.691615657098e+00 2.969131231352e+01 1 1 1 0.0 0.0 0.0
Se 1.043069356791e+01 4.245078374607e+00 2.969131231352e+01 1 1 1 0.0 0.0 0.0
Se 6.267999551324e+00 4.245078374607e+00 2.969131231352e+01 1 1 1 0.0 0.0 0.0
Se 2.105305534735e+00 4.245078374607e+00 2.969131231352e+01 1 1 1 0.0 0.0 0.0
Se 8.303602669445e+00 7.985410921159e-01 2.969131231352e+01 1 1 1 0.0 0.0 0.0
Se 4.140908652855e+00 7.985410921159e-01 2.969131231352e+01 1 1 1 0.0 0.0 0.0
Se 1.246629668603e+01 7.985410921159e-01 2.969131231352e+01 1 1 1 0.0 0.0 0.0
Se 8.578066010492e+00 2.147776478706e+01 2.969131231352e+01 1 1 1 0.0 0.0 0.0
Se 4.415371993903e+00 2.147776478706e+01 2.969131231352e+01 1 1 1 0.0 0.0 0.0
Se 1.274076002708e+01 2.147776478706e+01 2.969131231352e+01 1 1 1 0.0 0.0 0.0
Se 8.571492838849e+00 1.924796179780e+01 2.692457590224e+01 1 1 1 0.0 0.0 0.0
Se 4.408798822259e+00 1.924796179780e+01 2.692457590224e+01 1 1 1 0.0 0.0 0.0
Se 1.273418685544e+01 1.924796179780e+01 2.692457590224e+01 1 1 1 0.0 0.0 0.0
Se 6.444401940379e+00 1.580142451531e+01 2.692457590224e+01 1 1 1 0.0 0.0 0.0
Se 2.281707923790e+00 1.580142451531e+01 2.692457590224e+01 1 1 1 0.0 0.0 0.0
Se 1.060709595697e+01 1.580142451531e+01 2.692457590224e+01 1 1 1 0.0 0.0 0.0
Se 8.480005058500e+00 1.235488723281e+01 2.692457590224e+01 1 1 1 0.0 0.0 0.0
Se 4.317311041910e+00 1.235488723281e+01 2.692457590224e+01 1 1 1 0.0 0.0 0.0
Se 1.264269907509e+01 1.235488723281e+01 2.692457590224e+01 1 1 1 0.0 0.0 0.0
Se 6.352914160030e+00 8.908349950324e+00 2.692457590224e+01 1 1 1 0.0 0.0 0.0
Se 2.190220143440e+00 8.908349950324e+00 2.692457590224e+01 1 1 1 0.0 0.0 0.0
Se 1.051560817662e+01 8.908349950324e+00 2.692457590224e+01 1 1 1 0.0 0.0 0.0
Se 8.388517278150e+00 5.461812667833e+00 2.692457590224e+01 1 1 1 0.0 0.0 0.0
Se 4.225823261561e+00 5.461812667833e+00 2.692457590224e+01 1 1 1 0.0 0.0 0.0
Se 1.255121129474e+01 5.461812667833e+00 2.692457590224e+01 1 1 1 0.0 0.0 0.0
Se 6.261426379681e+00 2.015275385342e+00 2.692457590224e+01 1 1 1 0.0 0.0 0.0
Se 2.098732363091e+00 2.015275385342e+00 2.692457590224e+01 1 1 1 0.0 0.0 0.0
Se 1.042412039627e+01 2.015275385342e+00 2.692457590224e+01 1 1 1 0.0 0.0 0.0
Se 6.535889720729e+00 2.269449908029e+01 2.692457590224e+01 1 1 1 0.0 0.0 0.0
Se 2.373195704139e+00 2.269449908029e+01 2.692457590224e+01 1 1 1 0.0 0.0 0.0
Se 1.069858373732e+01 2.269449908029e+01 2.692457590224e+01 1 1 1 0.0 0.0 0.0
Se 1.065723707771e+01 1.809780462429e+01 2.330671355540e+01 1 1 1 0.0 0.0 0.0
Se 6.494543061125e+00 1.809780462429e+01 2.330671355540e+01 1 1 1 0.0 0.0 0.0
Se 2.331849044535e+00 1.809780462429e+01 2.330671355540e+01 1 1 1 0.0 0.0 0.0
Se 8.530146179245e+00 1.465126734180e+01 2.330671355540e+01 1 1 1 0.0 0.0 0.0
Se 4.367452162656e+00 1.465126734180e+01 2.330671355540e+01 1 1 1 0.0 0.0 0.0
Se 1.269284019584e+01 1.465126734180e+01 2.330671355540e+01 1 1 1 0.0 0.0 0.0
Se 1.056574929737e+01 1.120473005931e+01 2.330671355540e+01 1 1 1 0.0 0.0 0.0
Se 6.403055280776e+00 1.120473005931e+01 2.330671355540e+01 1 1 1 0.0 0.0 0.0
Se 2.240361264186e+00 1.120473005931e+01 2.330671355540e+01 1 1 1 0.0 0.0 0.0
Se 8.438658398896e+00 7.758192776817e+00 2.330671355540e+01 1 1 1 0.0 0.0 0.0
Se 4.275964382306e+00 7.758192776817e+00 2.330671355540e+01 1 1 1 0.0 0.0 0.0
Se 1.260135241549e+01 7.758192776817e+00 2.330671355540e+01 1 1 1 0.0 0.0 0.0
Se 1.047426151702e+01 4.311655494326e+00 2.330671355540e+01 1 1 1 0.0 0.0 0.0
Se 6.311567500427e+00 4.311655494326e+00 2.330671355540e+01 1 1 1 0.0 0.0 0.0
Se 2.148873483837e+00 4.311655494326e+00 2.330671355540e+01 1 1 1 0.0 0.0 0.0
Se 8.347170618547e+00 8.651182118354e-01 2.330671355540e+01 1 1 1 0.0 0.0 0.0
Se 4.184476601957e+00 8.651182118354e-01 2.330671355540e+01 1 1 1 0.0 0.0 0.0
Se 1.250986463514e+01 8.651182118354e-01 2.330671355540e+01 1 1 1 0.0 0.0 0.0
Se 8.621633959595e+00 2.154434190678e+01 2.330671355540e+01 1 1 1 0.0 0.0 0.0
Se 4.458939943005e+00 2.154434190678e+01 2.330671355540e+01 1 1 1 0.0 0.0 0.0
Se 1.278432797618e+01 2.154434190678e+01 2.330671355540e+01 1 1 1 0.0 0.0 0.0
Se 1.273124509524e+01 1.693811868559e+01 1.968357859229e+01 1 1 1 0.0 0.0 0.0
Se 8.568551078651e+00 1.693811868559e+01 1.968357859229e+01 1 1 1 0.0 0.0 0.0
Se 4.405857062061e+00 1.693811868559e+01 1.968357859229e+01 1 1 1 0.0 0.0 0.0
Se 1.060415419677e+01 1.349158140309e+01 1.968357859229e+01 1 1 1 0.0 0.0 0.0
Se 6.441460180181e+00 1.349158140309e+01 1.968357859229e+01 1 1 1 0.0 0.0 0.0
Se 2.278766163592e+00 1.349158140309e+01 1.968357859229e+01 1 1 1 0.0 0.0 0.0
Se 1.263975731489e+01 1.004504412060e+01 1.968357859229e+01 1 1 1 0.0 0.0 0.0
Se 8.477063298302e+00 1.004504412060e+01 1.968357859229e+01 1 1 1 0.0 0.0 0.0
Se 4.314369281712e+00 1.004504412060e+01 1.968357859229e+01 1 1 1 0.0 0.0 0.0
Se 1.051266641642e+01 6.598506838113e+00 1.968357859229e+01 1 1 1 0.0 0.0 0.0
Se 6.349972399832e+00 6.598506838113e+00 1.968357859229e+01 1 1 1 0.0 0.0 0.0
Se 2.187278383242e+00 6.598506838113e+00 1.968357859229e+01 1 1 1 0.0 0.0 0.0
Se 1.254826953454e+01 3.151969555622e+00 1.968357859229e+01 1 1 1 0.0 0.0 0.0
Se 8.385575517952e+00 3.151969555622e+00 1.968357859229e+01 1 1 1 0.0 0.0 0.0
Se 4.222881501363e+00 3.151969555622e+00 1.968357859229e+01 1 1 1 0.0 0.0 0.0
Se 1.282273287559e+01 2.383119325057e+01 1.968357859229e+01 1 1 1 0.0 0.0 0.0
Se 8.660038859000e+00 2.383119325057e+01 1.968357859229e+01 1 1 1 0.0 0.0 0.0
Se 4.497344842410e+00 2.383119325057e+01 1.968357859229e+01 1 1 1 0.0 0.0 0.0
Se 1.069564197712e+01 2.038465596808e+01 1.968357859229e+01 1 1 1 0.0 0.0 0.0
Se 6.532947960531e+00 2.038465596808e+01 1.968357859229e+01 1 1 1 0.0 0.0 0.0
Se 2.370253943941e+00 2.038465596808e+01 1.968357859229e+01 1 1 1 0.0 0.0 0.0
"