calculation_mode = "Quench Electrons"
cell_relax = "False"
charge_density_mixing = "0.1"
charge_mixing_type = "Broyden"
description = "Example parameters for high-throughput bulk relaxation of a vdW material"
dos_broading = "0.05"
dos_method = "Gaussian"
energy_convergence_criterion = "1e-10"
energy_output_units = "Hartrees"
kohn_sham_mucycles = "3"
kohn_sham_solver = "davidson"
kpoint_mesh = "1 1 1"
localize_projectors = "False"
max_md_steps = "100"
max_scf_steps = "200"
non_local_block_size = "4000"
potential_acceleration_constant_step = "1.5"
processor_grid = "6 6 18"
rms_convergence_criterion = "1e-08"
scalapack_block_factor = "64"
start_mode = "LCAO Start"
state_block_size = "64"
stress = "True"
subdiag_driver = "scalapack"
use_async_allreduce = "False"
vdw_corr = "DFT-D3"
vdwdf_kernel_filepath = "/lustre/orion/world-shared/cph162/rjmorelock/rmgdft/XC/vdW_kernel_table"
wavefunction_grid = "128 128 378"
write_data_period = "50"

atomic_coordinate_type = "Absolute"
crds_units = "Angstrom"
lattice_units = "Angstrom"

lattice_vector = "
1.509735502135e+01 0.000000000000e+00 9.000000000000e-16
7.548677510485e+00 1.307469297926e+01 9.000000000000e-16
0.000000000000e+00 0.000000000000e+00 4.446241589303e+01
"
atoms = "
Nb 8.374181084755e+00 1.300325049779e+01 1.532833092694e+01 1 1 1 0.0 0.0 0.0
Nb 3.606595288700e+00 1.992982725787e+00 1.532833092694e+01 1 1 1 0.0 0.0 0.0
Nb 6.784985819531e+00 6.166992542857e-01 1.532833092694e+01 1 1 1 0.0 0.0 0.0
Nb 6.387687003129e+00 4.057407933038e+00 1.532833092694e+01 1 1 1 0.0 0.0 0.0
Nb 9.566077533960e+00 2.681124461537e+00 1.532833092694e+01 1 1 1 0.0 0.0 0.0
Nb 1.274446806479e+01 1.304840990036e+00 1.532833092694e+01 1 1 1 0.0 0.0 0.0
Nb 5.990388186728e+00 7.498116611790e+00 1.532833092694e+01 1 1 1 0.0 0.0 0.0
Nb 9.168778717558e+00 6.121833140289e+00 1.532833092694e+01 1 1 1 0.0 0.0 0.0
Nb 1.234716924839e+01 4.745549668788e+00 1.532833092694e+01 1 1 1 0.0 0.0 0.0
Nb 1.552555977922e+01 3.369266197287e+00 1.532833092694e+01 1 1 1 0.0 0.0 0.0
Nb 8.771479901157e+00 9.562541819041e+00 1.532833092694e+01 1 1 1 0.0 0.0 0.0
Nb 1.194987043199e+01 8.186258347540e+00 1.532833092694e+01 1 1 1 0.0 0.0 0.0
Nb 1.512826096282e+01 6.809974876039e+00 1.532833092694e+01 1 1 1 0.0 0.0 0.0
Nb 3.209296472298e+00 5.433691404539e+00 1.532833092694e+01 1 1 1 0.0 0.0 0.0
Nb 1.155257161559e+01 1.162696702629e+01 1.532833092694e+01 1 1 1 0.0 0.0 0.0
Nb 1.473096214642e+01 1.025068355479e+01 1.532833092694e+01 1 1 1 0.0 0.0 0.0
Nb 1.790935267725e+01 8.874400083291e+00 1.532833092694e+01 1 1 1 0.0 0.0 0.0
Nb 1.751205386085e+01 1.231510876204e+01 1.532833092694e+01 1 1 1 0.0 0.0 0.0
Nb 2.069044439168e+01 1.093882529054e+01 1.532833092694e+01 1 1 1 0.0 0.0 0.0
Nb 8.378959704484e+00 1.301181282232e+01 9.182088683320e+00 1 1 1 0.0 0.0 0.0
Nb 3.611373908428e+00 2.001545050309e+00 9.182088683320e+00 1 1 1 0.0 0.0 0.0
Nb 6.789764439259e+00 6.252615788078e-01 9.182088683320e+00 1 1 1 0.0 0.0 0.0
Nb 6.392465622858e+00 4.065970257560e+00 9.182088683320e+00 1 1 1 0.0 0.0 0.0
Nb 9.570856153689e+00 2.689686786059e+00 9.182088683320e+00 1 1 1 0.0 0.0 0.0
Nb 1.274924668452e+01 1.313403314558e+00 9.182088683320e+00 1 1 1 0.0 0.0 0.0
Nb 5.995166806456e+00 7.506678936312e+00 9.182088683320e+00 1 1 1 0.0 0.0 0.0
Nb 9.173557337287e+00 6.130395464811e+00 9.182088683320e+00 1 1 1 0.0 0.0 0.0
Nb 1.235194786812e+01 4.754111993310e+00 9.182088683320e+00 1 1 1 0.0 0.0 0.0
Nb 1.553033839895e+01 3.377828521809e+00 9.182088683320e+00 1 1 1 0.0 0.0 0.0
Nb 8.776258520886e+00 9.571104143563e+00 9.182088683320e+00 1 1 1 0.0 0.0 0.0
Nb 1.195464905172e+01 8.194820672062e+00 9.182088683320e+00 1 1 1 0.0 0.0 0.0
Nb 1.513303958255e+01 6.818537200562e+00 9.182088683320e+00 1 1 1 0.0 0.0 0.0
Nb 3.214075092027e+00 5.442253729061e+00 9.182088683320e+00 1 1 1 0.0 0.0 0.0
Nb 1.155735023532e+01 1.163552935081e+01 9.182088683320e+00 1 1 1 0.0 0.0 0.0
Nb 1.473574076615e+01 1.025924587931e+01 9.182088683320e+00 1 1 1 0.0 0.0 0.0
Nb 1.791413129698e+01 8.882962407813e+00 9.182088683320e+00 1 1 1 0.0 0.0 0.0
Nb 1.751683248058e+01 1.232367108656e+01 9.182088683320e+00 1 1 1 0.0 0.0 0.0
Nb 2.069522301141e+01 1.094738761506e+01 9.182088683320e+00 1 1 1 0.0 0.0 0.0
Bi 1.669358374456e+01 8.898722903291e+00 3.532095071834e+01 1 1 1 0.0 0.0 0.0
Bi 1.262891123883e+01 7.892977289502e+00 3.532095071834e+01 1 1 1 0.0 0.0 0.0
Bi 1.553224874298e+01 4.875740448134e+00 3.532095071834e+01 1 1 1 0.0 0.0 0.0
Bi 8.564238733094e+00 6.887231675713e+00 3.532095071834e+01 1 1 1 0.0 0.0 0.0
Bi 1.146757623724e+01 3.869994834345e+00 3.532095071834e+01 1 1 1 0.0 0.0 0.0
Bi 1.437091374139e+01 8.527579929781e-01 3.532095071834e+01 1 1 1 0.0 0.0 0.0
Bi 4.499566227360e+00 5.881486061923e+00 3.532095071834e+01 1 1 1 0.0 0.0 0.0
Bi 7.402903731510e+00 2.864249220556e+00 3.532095071834e+01 1 1 1 0.0 0.0 0.0
Bi 1.785491874615e+01 1.292170535845e+01 3.532095071834e+01 1 1 1 0.0 0.0 0.0
Bi 3.338231225777e+00 1.858503606767e+00 3.532095071834e+01 1 1 1 0.0 0.0 0.0
Bi 1.379024624041e+01 1.191595974466e+01 3.532095071834e+01 1 1 1 0.0 0.0 0.0
Bi 9.725573734678e+00 1.091021413087e+01 3.532095071834e+01 1 1 1 0.0 0.0 0.0
Bi 2.075825625030e+01 9.904468517080e+00 3.532095071834e+01 1 1 1 0.0 0.0 0.0
Bi 1.440252278485e+01 9.586281898839e+00 3.133430771007e+01 1 1 1 0.0 0.0 0.0
Bi 1.033785027912e+01 8.580536285050e+00 3.133430771007e+01 1 1 1 0.0 0.0 0.0
Bi 1.324118778327e+01 5.563299443683e+00 3.133430771007e+01 1 1 1 0.0 0.0 0.0
Bi 6.273177773383e+00 7.574790671261e+00 3.133430771007e+01 1 1 1 0.0 0.0 0.0
Bi 9.176515277533e+00 4.557553829894e+00 3.133430771007e+01 1 1 1 0.0 0.0 0.0
Bi 1.207985278168e+01 1.540316988526e+00 3.133430771007e+01 1 1 1 0.0 0.0 0.0
Bi 1.730586028900e+01 6.569045057472e+00 3.133430771007e+01 1 1 1 0.0 0.0 0.0
Bi 5.111842771799e+00 3.551808216105e+00 3.133430771007e+01 1 1 1 0.0 0.0 0.0
Bi 8.015180275949e+00 5.345713747374e-01 3.133430771007e+01 1 1 1 0.0 0.0 0.0
Bi 1.614452528742e+01 2.546062602315e+00 3.133430771007e+01 1 1 1 0.0 0.0 0.0
Bi 1.149918528070e+01 1.260351874021e+01 3.133430771007e+01 1 1 1 0.0 0.0 0.0
Bi 7.434512774967e+00 1.159777312642e+01 3.133430771007e+01 1 1 1 0.0 0.0 0.0
Bi 1.846719529058e+01 1.059202751263e+01 3.133430771007e+01 1 1 1 0.0 0.0 0.0
Bi 1.440403836979e+01 9.654460638850e+00 2.529282906773e+01 1 1 1 0.0 0.0 0.0
Bi 1.033936586405e+01 8.648715025061e+00 2.529282906773e+01 1 1 1 0.0 0.0 0.0
Bi 1.324270336820e+01 5.631478183694e+00 2.529282906773e+01 1 1 1 0.0 0.0 0.0
Bi 6.274693358318e+00 7.642969411272e+00 2.529282906773e+01 1 1 1 0.0 0.0 0.0
Bi 9.178030862468e+00 4.625732569905e+00 2.529282906773e+01 1 1 1 0.0 0.0 0.0
Bi 1.208136836662e+01 1.608495728538e+00 2.529282906773e+01 1 1 1 0.0 0.0 0.0
Bi 1.730737587394e+01 6.637223797483e+00 2.529282906773e+01 1 1 1 0.0 0.0 0.0
Bi 5.113358356734e+00 3.619986956116e+00 2.529282906773e+01 1 1 1 0.0 0.0 0.0
Bi 8.016695860884e+00 6.027501147489e-01 2.529282906773e+01 1 1 1 0.0 0.0 0.0
Bi 1.614604087235e+01 2.614241342327e+00 2.529282906773e+01 1 1 1 0.0 0.0 0.0
Bi 1.150070086564e+01 1.267169748022e+01 2.529282906773e+01 1 1 1 0.0 0.0 0.0
Bi 7.436028359901e+00 1.166595186643e+01 2.529282906773e+01 1 1 1 0.0 0.0 0.0
Bi 1.846871087552e+01 1.066020625264e+01 2.529282906773e+01 1 1 1 0.0 0.0 0.0
Bi 1.907055447360e+01 8.309076871632e+00 2.132110864621e+01 1 1 1 0.0 0.0 0.0
Bi 1.500588196787e+01 7.303331257842e+00 2.132110864621e+01 1 1 1 0.0 0.0 0.0
Bi 2.811864450666e+00 4.286094416475e+00 2.132110864621e+01 1 1 1 0.0 0.0 0.0
Bi 1.094120946213e+01 6.297585644053e+00 2.132110864621e+01 1 1 1 0.0 0.0 0.0
Bi 1.384454696628e+01 3.280348802686e+00 2.132110864621e+01 1 1 1 0.0 0.0 0.0
Bi 1.650529449082e+00 2.631119613191e-01 2.132110864621e+01 1 1 1 0.0 0.0 0.0
Bi 6.876536956400e+00 5.291840030264e+00 2.132110864621e+01 1 1 1 0.0 0.0 0.0
Bi 9.779874460550e+00 2.274603188897e+00 2.132110864621e+01 1 1 1 0.0 0.0 0.0
Bi 2.023188947518e+01 1.233205932679e+01 2.132110864621e+01 1 1 1 0.0 0.0 0.0
Bi 5.715201954816e+00 1.268857575108e+00 2.132110864621e+01 1 1 1 0.0 0.0 0.0
Bi 1.616721696945e+01 1.132631371300e+01 2.132110864621e+01 1 1 1 0.0 0.0 0.0
Bi 1.210254446372e+01 1.032056809921e+01 2.132110864621e+01 1 1 1 0.0 0.0 0.0
Bi 8.037871957983e+00 9.314822485421e+00 2.132110864621e+01 1 1 1 0.0 0.0 0.0
Se 2.148955723208e+01 1.278293052575e+01 7.500000000000e+00 1 1 1 0.0 0.0 0.0
Se 1.624616414672e+00 1.772662753742e+00 7.500000000000e+00 1 1 1 0.0 0.0 0.0
Se 4.803006945503e+00 3.963792822412e-01 7.500000000000e+00 1 1 1 0.0 0.0 0.0
Se 4.405708129102e+00 3.837087960993e+00 7.500000000000e+00 1 1 1 0.0 0.0 0.0
Se 7.584098659933e+00 2.460804489492e+00 7.500000000000e+00 1 1 1 0.0 0.0 0.0
Se 1.076248919076e+01 1.084521017992e+00 7.500000000000e+00 1 1 1 0.0 0.0 0.0
Se 1.910576433405e+01 7.277796639745e+00 7.500000000000e+00 1 1 1 0.0 0.0 0.0
Se 7.186799843531e+00 5.901513168244e+00 7.500000000000e+00 1 1 1 0.0 0.0 0.0
Se 1.036519037436e+01 4.525229696744e+00 7.500000000000e+00 1 1 1 0.0 0.0 0.0
Se 1.354358090519e+01 3.148946225243e+00 7.500000000000e+00 1 1 1 0.0 0.0 0.0
Se 6.789501027130e+00 9.342221846997e+00 7.500000000000e+00 1 1 1 0.0 0.0 0.0
Se 9.967891557961e+00 7.965938375496e+00 7.500000000000e+00 1 1 1 0.0 0.0 0.0
Se 1.314628208879e+01 6.589654903995e+00 7.500000000000e+00 1 1 1 0.0 0.0 0.0
Se 1.632467261962e+01 5.213371432494e+00 7.500000000000e+00 1 1 1 0.0 0.0 0.0
Se 9.570592741559e+00 1.140664705425e+01 7.500000000000e+00 1 1 1 0.0 0.0 0.0
Se 1.274898327239e+01 1.003036358275e+01 7.500000000000e+00 1 1 1 0.0 0.0 0.0
Se 1.592737380322e+01 8.654080111246e+00 7.500000000000e+00 1 1 1 0.0 0.0 0.0
Se 1.553007498682e+01 1.209478879000e+01 7.500000000000e+00 1 1 1 0.0 0.0 0.0
Se 1.870846551765e+01 1.071850531850e+01 7.500000000000e+00 1 1 1 0.0 0.0 0.0
Se 7.579385133821e+00 1.116841578829e+01 1.364602824434e+01 1 1 1 0.0 0.0 0.0
Se 2.811799337765e+00 1.581480162830e-01 1.364602824434e+01 1 1 1 0.0 0.0 0.0
Se 1.353886737908e+01 1.185655752404e+01 1.364602824434e+01 1 1 1 0.0 0.0 0.0
Se 5.592891052195e+00 2.222573223534e+00 1.364602824434e+01 1 1 1 0.0 0.0 0.0
Se 8.771281583026e+00 8.462897520334e-01 1.364602824434e+01 1 1 1 0.0 0.0 0.0
Se 1.949834962434e+01 1.254469925979e+01 1.364602824434e+01 1 1 1 0.0 0.0 0.0
Se 5.195592235793e+00 5.663281902286e+00 1.364602824434e+01 1 1 1 0.0 0.0 0.0
Se 8.373982766624e+00 4.286998430785e+00 1.364602824434e+01 1 1 1 0.0 0.0 0.0
Se 1.155237329745e+01 2.910714959285e+00 1.364602824434e+01 1 1 1 0.0 0.0 0.0
Se 1.473076382829e+01 1.534431487784e+00 1.364602824434e+01 1 1 1 0.0 0.0 0.0
Se 7.976683950222e+00 7.727707109537e+00 1.364602824434e+01 1 1 1 0.0 0.0 0.0
Se 1.115507448105e+01 6.351423638037e+00 1.364602824434e+01 1 1 1 0.0 0.0 0.0
Se 1.433346501188e+01 4.975140166536e+00 1.364602824434e+01 1 1 1 0.0 0.0 0.0
Se 2.414500521364e+00 3.598856695035e+00 1.364602824434e+01 1 1 1 0.0 0.0 0.0
Se 1.075777566465e+01 9.792132316789e+00 1.364602824434e+01 1 1 1 0.0 0.0 0.0
Se 1.393616619548e+01 8.415848845288e+00 1.364602824434e+01 1 1 1 0.0 0.0 0.0
Se 1.711455672631e+01 7.039565373787e+00 1.364602824434e+01 1 1 1 0.0 0.0 0.0
Se 1.671725790991e+01 1.048027405254e+01 1.364602824434e+01 1 1 1 0.0 0.0 0.0
Se 1.989564844074e+01 9.103990581038e+00 1.364602824434e+01 1 1 1 0.0 0.0 0.0
Se 2.148942945632e+01 1.278186194409e+01 1.086443756309e+01 1 1 1 0.0 0.0 0.0
Se 1.624488638909e+00 1.771594172084e+00 1.086443756309e+01 1 1 1 0.0 0.0 0.0
Se 4.802879169740e+00 3.953107005828e-01 1.086443756309e+01 1 1 1 0.0 0.0 0.0
Se 4.405580353338e+00 3.836019379335e+00 1.086443756309e+01 1 1 1 0.0 0.0 0.0
Se 7.583970884169e+00 2.459735907834e+00 1.086443756309e+01 1 1 1 0.0 0.0 0.0
Se 1.076236141500e+01 1.083452436333e+00 1.086443756309e+01 1 1 1 0.0 0.0 0.0
Se 1.910563655829e+01 7.276728058087e+00 1.086443756309e+01 1 1 1 0.0 0.0 0.0
Se 7.186672067767e+00 5.900444586586e+00 1.086443756309e+01 1 1 1 0.0 0.0 0.0
Se 1.036506259860e+01 4.524161115085e+00 1.086443756309e+01 1 1 1 0.0 0.0 0.0
Se 1.354345312943e+01 3.147877643584e+00 1.086443756309e+01 1 1 1 0.0 0.0 0.0
Se 6.789373251366e+00 9.341153265338e+00 1.086443756309e+01 1 1 1 0.0 0.0 0.0
Se 9.967763782197e+00 7.964869793837e+00 1.086443756309e+01 1 1 1 0.0 0.0 0.0
Se 1.314615431303e+01 6.588586322337e+00 1.086443756309e+01 1 1 1 0.0 0.0 0.0
Se 1.632454484386e+01 5.212302850836e+00 1.086443756309e+01 1 1 1 0.0 0.0 0.0
Se 9.570464965795e+00 1.140557847259e+01 1.086443756309e+01 1 1 1 0.0 0.0 0.0
Se 1.274885549663e+01 1.002929500109e+01 1.086443756309e+01 1 1 1 0.0 0.0 0.0
Se 1.592724602746e+01 8.653011529588e+00 1.086443756309e+01 1 1 1 0.0 0.0 0.0
Se 1.552994721106e+01 1.209372020834e+01 1.086443756309e+01 1 1 1 0.0 0.0 0.0
Se 1.870833774189e+01 1.071743673684e+01 1.086443756309e+01 1 1 1 0.0 0.0 0.0
Se 7.579439324434e+00 1.116735921578e+01 1.701046802998e+01 1 1 1 0.0 0.0 0.0
Se 2.811853528378e+00 1.570914437732e-01 1.701046802998e+01 1 1 1 0.0 0.0 0.0
Se 1.353892156969e+01 1.185550095153e+01 1.701046802998e+01 1 1 1 0.0 0.0 0.0
Se 5.592945242807e+00 2.221516651024e+00 1.701046802998e+01 1 1 1 0.0 0.0 0.0
Se 8.771335773638e+00 8.452331795236e-01 1.701046802998e+01 1 1 1 0.0 0.0 0.0
Se 1.949840381495e+01 1.254364268728e+01 1.701046802998e+01 1 1 1 0.0 0.0 0.0
Se 5.195646426406e+00 5.662225329776e+00 1.701046802998e+01 1 1 1 0.0 0.0 0.0
Se 8.374036957237e+00 4.285941858276e+00 1.701046802998e+01 1 1 1 0.0 0.0 0.0
Se 1.155242748807e+01 2.909658386775e+00 1.701046802998e+01 1 1 1 0.0 0.0 0.0
Se 1.473081801890e+01 1.533374915274e+00 1.701046802998e+01 1 1 1 0.0 0.0 0.0
Se 7.976738140835e+00 7.726650537028e+00 1.701046802998e+01 1 1 1 0.0 0.0 0.0
Se 1.115512867167e+01 6.350367065527e+00 1.701046802998e+01 1 1 1 0.0 0.0 0.0
Se 1.433351920250e+01 4.974083594026e+00 1.701046802998e+01 1 1 1 0.0 0.0 0.0
Se 2.414554711977e+00 3.597800122525e+00 1.701046802998e+01 1 1 1 0.0 0.0 0.0
Se 1.075782985526e+01 9.791075744279e+00 1.701046802998e+01 1 1 1 0.0 0.0 0.0
Se 1.393622038610e+01 8.414792272778e+00 1.701046802998e+01 1 1 1 0.0 0.0 0.0
Se 1.711461091693e+01 7.038508801277e+00 1.701046802998e+01 1 1 1 0.0 0.0 0.0
Se 1.671731210052e+01 1.047921748003e+01 1.701046802998e+01 1 1 1 0.0 0.0 0.0
Se 1.989570263136e+01 9.102934008529e+00 1.701046802998e+01 1 1 1 0.0 0.0 0.0
Se 1.435939698100e+01 9.573053522974e+00 3.696241589303e+01 1 1 1 0.0 0.0 0.0
Se 1.029472447527e+01 8.567307909185e+00 3.696241589303e+01 1 1 1 0.0 0.0 0.0
Se 1.319806197942e+01 5.550071067818e+00 3.696241589303e+01 1 1 1 0.0 0.0 0.0
Se 6.230051969536e+00 7.561562295396e+00 3.696241589303e+01 1 1 1 0.0 0.0 0.0
Se 9.133389473686e+00 4.544325454029e+00 3.696241589303e+01 1 1 1 0.0 0.0 0.0
Se 1.203672697784e+01 1.527088612662e+00 3.696241589303e+01 1 1 1 0.0 0.0 0.0
Se 1.726273448515e+01 6.555816681607e+00 3.696241589303e+01 1 1 1 0.0 0.0 0.0
Se 5.068716967952e+00 3.538579840240e+00 3.696241589303e+01 1 1 1 0.0 0.0 0.0
Se 7.972054472102e+00 5.213429988728e-01 3.696241589303e+01 1 1 1 0.0 0.0 0.0
Se 1.610139948357e+01 2.532834226451e+00 3.696241589303e+01 1 1 1 0.0 0.0 0.0
Se 1.145605947685e+01 1.259029036434e+01 3.696241589303e+01 1 1 1 0.0 0.0 0.0
Se 7.391386971120e+00 1.158454475055e+01 3.696241589303e+01 1 1 1 0.0 0.0 0.0
Se 1.842406948674e+01 1.057879913676e+01 3.696241589303e+01 1 1 1 0.0 0.0 0.0
Se 1.904199411221e+01 8.227504972379e+00 3.332483142763e+01 1 1 1 0.0 0.0 0.0
Se 1.497732160647e+01 7.221759358590e+00 3.332483142763e+01 1 1 1 0.0 0.0 0.0
Se 2.783304089273e+00 4.204522517223e+00 3.332483142763e+01 1 1 1 0.0 0.0 0.0
Se 1.091264910074e+01 6.216013744801e+00 3.332483142763e+01 1 1 1 0.0 0.0 0.0
Se 1.381598660489e+01 3.198776903434e+00 3.332483142763e+01 1 1 1 0.0 0.0 0.0
Se 1.621969087689e+00 1.815400620663e-01 3.332483142763e+01 1 1 1 0.0 0.0 0.0
Se 6.847976595007e+00 5.210268131012e+00 3.332483142763e+01 1 1 1 0.0 0.0 0.0
Se 9.751314099157e+00 2.193031289644e+00 3.332483142763e+01 1 1 1 0.0 0.0 0.0
Se 2.020332911379e+01 1.225048742754e+01 3.332483142763e+01 1 1 1 0.0 0.0 0.0
Se 5.686641593423e+00 1.187285675855e+00 3.332483142763e+01 1 1 1 0.0 0.0 0.0
Se 1.613865660806e+01 1.124474181375e+01 3.332483142763e+01 1 1 1 0.0 0.0 0.0
Se 1.207398410232e+01 1.023899619996e+01 3.332483142763e+01 1 1 1 0.0 0.0 0.0
Se 8.009311596590e+00 9.233250586168e+00 3.332483142763e+01 1 1 1 0.0 0.0 0.0
Se 1.671257162419e+01 8.909184290839e+00 2.969131231352e+01 1 1 1 0.0 0.0 0.0
Se 1.264789911846e+01 7.903438677050e+00 2.969131231352e+01 1 1 1 0.0 0.0 0.0
Se 1.555123662261e+01 4.886201835683e+00 2.969131231352e+01 1 1 1 0.0 0.0 0.0
Se 8.583226612725e+00 6.897693063261e+00 2.969131231352e+01 1 1 1 0.0 0.0 0.0
Se 1.148656411687e+01 3.880456221894e+00 2.969131231352e+01 1 1 1 0.0 0.0 0.0
Se 1.438990162102e+01 8.632193805266e-01 2.969131231352e+01 1 1 1 0.0 0.0 0.0
Se 4.518554106991e+00 5.891947449472e+00 2.969131231352e+01 1 1 1 0.0 0.0 0.0
Se 7.421891611141e+00 2.874710608105e+00 2.969131231352e+01 1 1 1 0.0 0.0 0.0
Se 1.787390662578e+01 1.293216674600e+01 2.969131231352e+01 1 1 1 0.0 0.0 0.0
Se 3.357219105407e+00 1.868964994316e+00 2.969131231352e+01 1 1 1 0.0 0.0 0.0
Se 1.380923412004e+01 1.192642113221e+01 2.969131231352e+01 1 1 1 0.0 0.0 0.0
Se 9.744561614308e+00 1.092067551842e+01 2.969131231352e+01 1 1 1 0.0 0.0 0.0
Se 2.077724412993e+01 9.914929904628e+00 2.969131231352e+01 1 1 1 0.0 0.0 0.0
Se 1.907065468532e+01 8.304900944469e+00 2.692457590224e+01 1 1 1 0.0 0.0 0.0
Se 1.500598217959e+01 7.299155330680e+00 2.692457590224e+01 1 1 1 0.0 0.0 0.0
Se 2.811964662384e+00 4.281918489313e+00 2.692457590224e+01 1 1 1 0.0 0.0 0.0
Se 1.094130967385e+01 6.293409716891e+00 2.692457590224e+01 1 1 1 0.0 0.0 0.0
Se 1.384464717800e+01 3.276172875524e+00 2.692457590224e+01 1 1 1 0.0 0.0 0.0
Se 1.650629660800e+00 2.589360341568e-01 2.692457590224e+01 1 1 1 0.0 0.0 0.0
Se 6.876637168118e+00 5.287664103102e+00 2.692457590224e+01 1 1 1 0.0 0.0 0.0
Se 9.779974672268e+00 2.270427261735e+00 2.692457590224e+01 1 1 1 0.0 0.0 0.0
Se 2.023198968690e+01 1.232788339963e+01 2.692457590224e+01 1 1 1 0.0 0.0 0.0
Se 5.715302166534e+00 1.264681647946e+00 2.692457590224e+01 1 1 1 0.0 0.0 0.0
Se 1.616731718117e+01 1.132213778584e+01 2.692457590224e+01 1 1 1 0.0 0.0 0.0
Se 1.210264467544e+01 1.031639217205e+01 2.692457590224e+01 1 1 1 0.0 0.0 0.0
Se 8.037972169701e+00 9.310646558258e+00 2.692457590224e+01 1 1 1 0.0 0.0 0.0
Se 1.673327643564e+01 8.988693302128e+00 2.330671355540e+01 1 1 1 0.0 0.0 0.0
Se 1.266860392990e+01 7.982947688339e+00 2.330671355540e+01 1 1 1 0.0 0.0 0.0
Se 1.557194143405e+01 4.965710846972e+00 2.330671355540e+01 1 1 1 0.0 0.0 0.0
Se 8.603931424168e+00 6.977202074550e+00 2.330671355540e+01 1 1 1 0.0 0.0 0.0
Se 1.150726892832e+01 3.959965233182e+00 2.330671355540e+01 1 1 1 0.0 0.0 0.0
Se 1.441060643247e+01 9.427283918153e-01 2.330671355540e+01 1 1 1 0.0 0.0 0.0
Se 4.539258918434e+00 5.971456460761e+00 2.330671355540e+01 1 1 1 0.0 0.0 0.0
Se 7.442596422585e+00 2.954219619393e+00 2.330671355540e+01 1 1 1 0.0 0.0 0.0
Se 1.789461143722e+01 1.301167575728e+01 2.330671355540e+01 1 1 1 0.0 0.0 0.0
Se 3.377923916851e+00 1.948474005604e+00 2.330671355540e+01 1 1 1 0.0 0.0 0.0
Se 1.382993893149e+01 1.200593014349e+01 2.330671355540e+01 1 1 1 0.0 0.0 0.0
Se 9.765266425752e+00 1.100018452971e+01 2.330671355540e+01 1 1 1 0.0 0.0 0.0
Se 2.079794894137e+01 9.994438915917e+00 2.330671355540e+01 1 1 1 0.0 0.0 0.0
Se 1.439677132766e+01 9.657119035321e+00 1.968357859229e+01 1 1 1 0.0 0.0 0.0
Se 1.033209882193e+01 8.651373421532e+00 1.968357859229e+01 1 1 1 0.0 0.0 0.0
Se 1.323543632608e+01 5.634136580165e+00 1.968357859229e+01 1 1 1 0.0 0.0 0.0
Se 6.267426316192e+00 7.645627807743e+00 1.968357859229e+01 1 1 1 0.0 0.0 0.0
Se 9.170763820342e+00 4.628390966376e+00 1.968357859229e+01 1 1 1 0.0 0.0 0.0
Se 1.207410132449e+01 1.611154125009e+00 1.968357859229e+01 1 1 1 0.0 0.0 0.0
Se 1.730010883181e+01 6.639882193954e+00 1.968357859229e+01 1 1 1 0.0 0.0 0.0
Se 5.106091314609e+00 3.622645352587e+00 1.968357859229e+01 1 1 1 0.0 0.0 0.0
Se 8.009428818759e+00 6.054085112196e-01 1.968357859229e+01 1 1 1 0.0 0.0 0.0
Se 1.613877383023e+01 2.616899738798e+00 1.968357859229e+01 1 1 1 0.0 0.0 0.0
Se 1.149343382351e+01 1.267435587669e+01 1.968357859229e+01 1 1 1 0.0 0.0 0.0
Se 7.428761317776e+00 1.166861026290e+01 1.968357859229e+01 1 1 1 0.0 0.0 0.0
Se 1.846144383339e+01 1.066286464911e+01 1.968357859229e+01 1 1 1 0.0 0.0 0.0
"