calculation_mode = "Quench Electrons"
cell_relax = "False"
charge_density_mixing = "0.15"
charge_mixing_type = "Broyden"
description = "Example parameters for high-throughput bulk relaxation of a vdW material"
dipole_moment = "True"
dos_broading = "0.05"
dos_method = "Gaussian"
energy_convergence_criterion = "1e-08"
energy_output_units = "Hartrees"
kohn_sham_mucycles = "3"
kohn_sham_solver = "davidson"
kpoint_distribution = "1"
kpoint_mesh = "1 1 1"
localize_projectors = "False"
max_md_steps = "100"
max_scf_steps = "200"
non_local_block_size = "4000"
output_wave_function_file = "/dev/null"
potential_acceleration_constant_step = "1.5"
processor_grid = "8 8 15"
rms_convergence_criterion = "1e-08"
scalapack_block_factor = "64"
start_mode = "LCAO Start"
state_block_size = "64"
stress = "True"
subdiag_driver = "scalapack"
test_energy_tolerance = "1e-05"
use_async_allreduce = "False"
vdw_corr = "DFT-D3"
vdwdf_kernel_filepath = "/lustre/orion/world-shared/cph162/rjmorelock/rmgdft/XC/vdW_kernel_table"
wavefunction_grid = "230 230 426"
write_data_period = "50"

atomic_coordinate_type = "Absolute"
crds_units = "Angstrom"
lattice_units = "Angstrom"

lattice_vector = "
2.705135257545e+01 0.000000000000e+00 1.700000000000e-15
1.352567628754e+01 2.342715853856e+01 1.700000000000e-15
0.000000000000e+00 0.000000000000e+00 4.998930533072e+01
"
atoms = "
Nb 1.203471641351e+01 1.584557790107e+01 1.782833092694e+01 1 1 1 0.0 0.0 0.0
Nb 1.491723758956e+01 1.776583679767e+01 1.782833092694e+01 1 1 1 0.0 0.0 0.0
Nb 1.779975876562e+01 1.968609569427e+01 1.782833092694e+01 1 1 1 0.0 0.0 0.0
Nb 9.373927635637e+00 1.046885299058e+01 1.782833092694e+01 1 1 1 0.0 0.0 0.0
Nb 1.225644881169e+01 1.238911188718e+01 1.782833092694e+01 1 1 1 0.0 0.0 0.0
Nb 1.513896998775e+01 1.430937078379e+01 1.782833092694e+01 1 1 1 0.0 0.0 0.0
Nb 1.802149116381e+01 1.622962968039e+01 1.782833092694e+01 1 1 1 0.0 0.0 0.0
Nb 2.090401233987e+01 1.814988857699e+01 1.782833092694e+01 1 1 1 0.0 0.0 0.0
Nb 2.378653351592e+01 2.007014747360e+01 1.782833092694e+01 1 1 1 0.0 0.0 0.0
Nb 6.713138857768e+00 5.092128080090e+00 1.782833092694e+01 1 1 1 0.0 0.0 0.0
Nb 9.595660033825e+00 7.012386976693e+00 1.782833092694e+01 1 1 1 0.0 0.0 0.0
Nb 1.247818120988e+01 8.932645873296e+00 1.782833092694e+01 1 1 1 0.0 0.0 0.0
Nb 1.536070238594e+01 1.085290476990e+01 1.782833092694e+01 1 1 1 0.0 0.0 0.0
Nb 1.824322356200e+01 1.277316366650e+01 1.782833092694e+01 1 1 1 0.0 0.0 0.0
Nb 2.112574473805e+01 1.469342256311e+01 1.782833092694e+01 1 1 1 0.0 0.0 0.0
Nb 2.400826591411e+01 1.661368145971e+01 1.782833092694e+01 1 1 1 0.0 0.0 0.0
Nb 2.689078709017e+01 1.853394035631e+01 1.782833092694e+01 1 1 1 0.0 0.0 0.0
Nb 2.977330826623e+01 2.045419925292e+01 1.782833092694e+01 1 1 1 0.0 0.0 0.0
Nb 1.469550519138e+01 2.122230281156e+01 1.782833092694e+01 1 1 1 0.0 0.0 0.0
Nb 1.757802636743e+01 2.314256170816e+01 1.782833092694e+01 1 1 1 0.0 0.0 0.0
Nb 6.934871255956e+00 1.635662066204e+00 1.782833092694e+01 1 1 1 0.0 0.0 0.0
Nb 9.817392432013e+00 3.555920962807e+00 1.782833092694e+01 1 1 1 0.0 0.0 0.0
Nb 1.269991360807e+01 5.476179859411e+00 1.782833092694e+01 1 1 1 0.0 0.0 0.0
Nb 1.558243478413e+01 7.396438756014e+00 1.782833092694e+01 1 1 1 0.0 0.0 0.0
Nb 1.846495596018e+01 9.316697652617e+00 1.782833092694e+01 1 1 1 0.0 0.0 0.0
Nb 2.134747713624e+01 1.123695654922e+01 1.782833092694e+01 1 1 1 0.0 0.0 0.0
Nb 2.422999831230e+01 1.315721544582e+01 1.782833092694e+01 1 1 1 0.0 0.0 0.0
Nb 2.711251948836e+01 1.507747434243e+01 1.782833092694e+01 1 1 1 0.0 0.0 0.0
Nb 2.999504066441e+01 1.699773323903e+01 1.782833092694e+01 1 1 1 0.0 0.0 0.0
Nb 3.287756184047e+01 1.891799213563e+01 1.782833092694e+01 1 1 1 0.0 0.0 0.0
Nb 3.576008301653e+01 2.083825103224e+01 1.782833092694e+01 1 1 1 0.0 0.0 0.0
Nb 2.068227994168e+01 2.160635459088e+01 1.782833092694e+01 1 1 1 0.0 0.0 0.0
Nb 1.003912483020e+01 9.945494892153e-02 1.782833092694e+01 1 1 1 0.0 0.0 0.0
Nb 1.292164600626e+01 2.019713845525e+00 1.782833092694e+01 1 1 1 0.0 0.0 0.0
Nb 1.580416718232e+01 3.939972742128e+00 1.782833092694e+01 1 1 1 0.0 0.0 0.0
Nb 1.868668835837e+01 5.860231638731e+00 1.782833092694e+01 1 1 1 0.0 0.0 0.0
Nb 2.156920953443e+01 7.780490535334e+00 1.782833092694e+01 1 1 1 0.0 0.0 0.0
Nb 2.445173071049e+01 9.700749431938e+00 1.782833092694e+01 1 1 1 0.0 0.0 0.0
Nb 2.733425188654e+01 1.162100832854e+01 1.782833092694e+01 1 1 1 0.0 0.0 0.0
Nb 3.021677306260e+01 1.354126722514e+01 1.782833092694e+01 1 1 1 0.0 0.0 0.0
Nb 3.309929423866e+01 1.546152612175e+01 1.782833092694e+01 1 1 1 0.0 0.0 0.0
Nb 3.598181541472e+01 1.738178501835e+01 1.782833092694e+01 1 1 1 0.0 0.0 0.0
Nb 1.181298401532e+01 1.930204391495e+01 1.782833092694e+01 1 1 1 0.0 0.0 0.0
Nb 2.666905469198e+01 2.199040637020e+01 1.782833092694e+01 1 1 1 0.0 0.0 0.0
Nb 1.602589958050e+01 4.835067282422e-01 1.782833092694e+01 1 1 1 0.0 0.0 0.0
Nb 1.890842075656e+01 2.403765624845e+00 1.782833092694e+01 1 1 1 0.0 0.0 0.0
Nb 2.179094193262e+01 4.324024521449e+00 1.782833092694e+01 1 1 1 0.0 0.0 0.0
Nb 2.467346310867e+01 6.244283418052e+00 1.782833092694e+01 1 1 1 0.0 0.0 0.0
Nb 2.755598428473e+01 8.164542314655e+00 1.782833092694e+01 1 1 1 0.0 0.0 0.0
Nb 3.043850546079e+01 1.008480121126e+01 1.782833092694e+01 1 1 1 0.0 0.0 0.0
Nb 3.332102663685e+01 1.200506010786e+01 1.782833092694e+01 1 1 1 0.0 0.0 0.0
Nb 9.152195237450e+00 1.392531900446e+01 1.782833092694e+01 1 1 1 0.0 0.0 0.0
Nb 3.265582944228e+01 2.237445814952e+01 1.782833092694e+01 1 1 1 0.0 0.0 0.0
Nb 2.201267433080e+01 8.675585075628e-01 1.782833092694e+01 1 1 1 0.0 0.0 0.0
Nb 2.489519550686e+01 2.787817404166e+00 1.782833092694e+01 1 1 1 0.0 0.0 0.0
Nb 2.777771668292e+01 4.708076300769e+00 1.782833092694e+01 1 1 1 0.0 0.0 0.0
Nb 3.066023785898e+01 6.628335197373e+00 1.782833092694e+01 1 1 1 0.0 0.0 0.0
Nb 6.491406459580e+00 8.548594093976e+00 1.782833092694e+01 1 1 1 0.0 0.0 0.0
Nb 3.864260419258e+01 2.275850992884e+01 1.782833092694e+01 1 1 1 0.0 0.0 0.0
Nb 9.480965056536e-01 1.251610286883e+00 1.782833092694e+01 1 1 1 0.0 0.0 0.0
Nb 3.830617681711e+00 3.171869183487e+00 1.782833092694e+01 1 1 1 0.0 0.0 0.0
Nb 1.204094334161e+01 1.583800334008e+01 1.168208868332e+01 1 1 1 0.0 0.0 0.0
Nb 1.492346451766e+01 1.775826223668e+01 1.168208868332e+01 1 1 1 0.0 0.0 0.0
Nb 1.780598569372e+01 1.967852113328e+01 1.168208868332e+01 1 1 1 0.0 0.0 0.0
Nb 9.380154563736e+00 1.046127842959e+01 1.168208868332e+01 1 1 1 0.0 0.0 0.0
Nb 1.226267573979e+01 1.238153732619e+01 1.168208868332e+01 1 1 1 0.0 0.0 0.0
Nb 1.514519691585e+01 1.430179622280e+01 1.168208868332e+01 1 1 1 0.0 0.0 0.0
Nb 1.802771809191e+01 1.622205511940e+01 1.168208868332e+01 1 1 1 0.0 0.0 0.0
Nb 2.091023926797e+01 1.814231401600e+01 1.168208868332e+01 1 1 1 0.0 0.0 0.0
Nb 2.379276044402e+01 2.006257291261e+01 1.168208868332e+01 1 1 1 0.0 0.0 0.0
Nb 6.719365785867e+00 5.084553519100e+00 1.168208868332e+01 1 1 1 0.0 0.0 0.0
Nb 9.601886961924e+00 7.004812415704e+00 1.168208868332e+01 1 1 1 0.0 0.0 0.0
Nb 1.248440813798e+01 8.925071312307e+00 1.168208868332e+01 1 1 1 0.0 0.0 0.0
Nb 1.536692931404e+01 1.084533020891e+01 1.168208868332e+01 1 1 1 0.0 0.0 0.0
Nb 1.824945049010e+01 1.276558910551e+01 1.168208868332e+01 1 1 1 0.0 0.0 0.0
Nb 2.113197166615e+01 1.468584800212e+01 1.168208868332e+01 1 1 1 0.0 0.0 0.0
Nb 2.401449284221e+01 1.660610689872e+01 1.168208868332e+01 1 1 1 0.0 0.0 0.0
Nb 2.689701401827e+01 1.852636579532e+01 1.168208868332e+01 1 1 1 0.0 0.0 0.0
Nb 2.977953519432e+01 2.044662469193e+01 1.168208868332e+01 1 1 1 0.0 0.0 0.0
Nb 1.470173211948e+01 2.121472825057e+01 1.168208868332e+01 1 1 1 0.0 0.0 0.0
Nb 1.758425329553e+01 2.313498714717e+01 1.168208868332e+01 1 1 1 0.0 0.0 0.0
Nb 6.941098184055e+00 1.628087505215e+00 1.168208868332e+01 1 1 1 0.0 0.0 0.0
Nb 9.823619360112e+00 3.548346401818e+00 1.168208868332e+01 1 1 1 0.0 0.0 0.0
Nb 1.270614053617e+01 5.468605298421e+00 1.168208868332e+01 1 1 1 0.0 0.0 0.0
Nb 1.558866171223e+01 7.388864195024e+00 1.168208868332e+01 1 1 1 0.0 0.0 0.0
Nb 1.847118288828e+01 9.309123091627e+00 1.168208868332e+01 1 1 1 0.0 0.0 0.0
Nb 2.135370406434e+01 1.122938198823e+01 1.168208868332e+01 1 1 1 0.0 0.0 0.0
Nb 2.423622524040e+01 1.314964088483e+01 1.168208868332e+01 1 1 1 0.0 0.0 0.0
Nb 2.711874641646e+01 1.506989978144e+01 1.168208868332e+01 1 1 1 0.0 0.0 0.0
Nb 3.000126759251e+01 1.699015867804e+01 1.168208868332e+01 1 1 1 0.0 0.0 0.0
Nb 3.288378876857e+01 1.891041757464e+01 1.168208868332e+01 1 1 1 0.0 0.0 0.0
Nb 3.576630994463e+01 2.083067647125e+01 1.168208868332e+01 1 1 1 0.0 0.0 0.0
Nb 2.068850686978e+01 2.159878002989e+01 1.168208868332e+01 1 1 1 0.0 0.0 0.0
Nb 1.004535175830e+01 9.188038793195e-02 1.168208868332e+01 1 1 1 0.0 0.0 0.0
Nb 1.292787293436e+01 2.012139284535e+00 1.168208868332e+01 1 1 1 0.0 0.0 0.0
Nb 1.581039411041e+01 3.932398181138e+00 1.168208868332e+01 1 1 1 0.0 0.0 0.0
Nb 1.869291528647e+01 5.852657077742e+00 1.168208868332e+01 1 1 1 0.0 0.0 0.0
Nb 2.157543646253e+01 7.772915974345e+00 1.168208868332e+01 1 1 1 0.0 0.0 0.0
Nb 2.445795763859e+01 9.693174870948e+00 1.168208868332e+01 1 1 1 0.0 0.0 0.0
Nb 2.734047881464e+01 1.161343376755e+01 1.168208868332e+01 1 1 1 0.0 0.0 0.0
Nb 3.022299999070e+01 1.353369266415e+01 1.168208868332e+01 1 1 1 0.0 0.0 0.0
Nb 3.310552116676e+01 1.545395156076e+01 1.168208868332e+01 1 1 1 0.0 0.0 0.0
Nb 3.598804234281e+01 1.737421045736e+01 1.168208868332e+01 1 1 1 0.0 0.0 0.0
Nb 1.181921094342e+01 1.929446935396e+01 1.168208868332e+01 1 1 1 0.0 0.0 0.0
Nb 2.667528162008e+01 2.198283180921e+01 1.168208868332e+01 1 1 1 0.0 0.0 0.0
Nb 1.603212650860e+01 4.759321672526e-01 1.168208868332e+01 1 1 1 0.0 0.0 0.0
Nb 1.891464768466e+01 2.396191063856e+00 1.168208868332e+01 1 1 1 0.0 0.0 0.0
Nb 2.179716886072e+01 4.316449960459e+00 1.168208868332e+01 1 1 1 0.0 0.0 0.0
Nb 2.467969003677e+01 6.236708857062e+00 1.168208868332e+01 1 1 1 0.0 0.0 0.0
Nb 2.756221121283e+01 8.156967753666e+00 1.168208868332e+01 1 1 1 0.0 0.0 0.0
Nb 3.044473238889e+01 1.007722665027e+01 1.168208868332e+01 1 1 1 0.0 0.0 0.0
Nb 3.332725356494e+01 1.199748554687e+01 1.168208868332e+01 1 1 1 0.0 0.0 0.0
Nb 9.158422165549e+00 1.391774444348e+01 1.168208868332e+01 1 1 1 0.0 0.0 0.0
Nb 3.266205637038e+01 2.236688358853e+01 1.168208868332e+01 1 1 1 0.0 0.0 0.0
Nb 2.201890125890e+01 8.599839465732e-01 1.168208868332e+01 1 1 1 0.0 0.0 0.0
Nb 2.490142243496e+01 2.780242843176e+00 1.168208868332e+01 1 1 1 0.0 0.0 0.0
Nb 2.778394361102e+01 4.700501739780e+00 1.168208868332e+01 1 1 1 0.0 0.0 0.0
Nb 3.066646478708e+01 6.620760636383e+00 1.168208868332e+01 1 1 1 0.0 0.0 0.0
Nb 6.497633387679e+00 8.541019532986e+00 1.168208868332e+01 1 1 1 0.0 0.0 0.0
Nb 3.864883112068e+01 2.275093536785e+01 1.168208868332e+01 1 1 1 0.0 0.0 0.0
Nb 9.543234337526e-01 1.244035725894e+00 1.168208868332e+01 1 1 1 0.0 0.0 0.0
Nb 3.836844609810e+00 3.164294622497e+00 1.168208868332e+01 1 1 1 0.0 0.0 0.0
Bi 3.438264039341e+01 1.794952223710e+01 3.834784015603e+01 1 1 1 0.0 0.0 0.0
Bi 3.029348244596e+01 1.740470459667e+01 3.834784015603e+01 1 1 1 0.0 0.0 0.0
Bi 3.280988733672e+01 1.413579875408e+01 3.834784015603e+01 1 1 1 0.0 0.0 0.0
Bi 2.620432449851e+01 1.685988695623e+01 3.834784015603e+01 1 1 1 0.0 0.0 0.0
Bi 2.872072938928e+01 1.359098111364e+01 3.834784015603e+01 1 1 1 0.0 0.0 0.0
Bi 3.123713428004e+01 1.032207527106e+01 3.834784015603e+01 1 1 1 0.0 0.0 0.0
Bi 2.211516655106e+01 1.631506931580e+01 3.834784015603e+01 1 1 1 0.0 0.0 0.0
Bi 2.463157144183e+01 1.304616347321e+01 3.834784015603e+01 1 1 1 0.0 0.0 0.0
Bi 2.714797633260e+01 9.777257630624e+00 3.834784015603e+01 1 1 1 0.0 0.0 0.0
Bi 2.966438122336e+01 6.508351788034e+00 3.834784015603e+01 1 1 1 0.0 0.0 0.0
Bi 1.802600860361e+01 1.577025167537e+01 3.834784015603e+01 1 1 1 0.0 0.0 0.0
Bi 2.054241349438e+01 1.250134583278e+01 3.834784015603e+01 1 1 1 0.0 0.0 0.0
Bi 2.305881838515e+01 9.232439990192e+00 3.834784015603e+01 1 1 1 0.0 0.0 0.0
Bi 2.557522327591e+01 5.963534147602e+00 3.834784015603e+01 1 1 1 0.0 0.0 0.0
Bi 2.809162816668e+01 2.694628305013e+00 3.834784015603e+01 1 1 1 0.0 0.0 0.0
Bi 1.393685065617e+01 1.522543403494e+01 3.834784015603e+01 1 1 1 0.0 0.0 0.0
Bi 1.645325554693e+01 1.195652819235e+01 3.834784015603e+01 1 1 1 0.0 0.0 0.0
Bi 1.896966043770e+01 8.687622349760e+00 3.834784015603e+01 1 1 1 0.0 0.0 0.0
Bi 2.148606532847e+01 5.418716507171e+00 3.834784015603e+01 1 1 1 0.0 0.0 0.0
Bi 2.400247021923e+01 2.149810664581e+00 3.834784015603e+01 1 1 1 0.0 0.0 0.0
Bi 1.299319882208e+01 2.230806336055e+01 3.834784015603e+01 1 1 1 0.0 0.0 0.0
Bi 9.847692708719e+00 1.468061639451e+01 3.834784015603e+01 1 1 1 0.0 0.0 0.0
Bi 1.236409759949e+01 1.141171055192e+01 3.834784015603e+01 1 1 1 0.0 0.0 0.0
Bi 1.488050249025e+01 8.142804709329e+00 3.834784015603e+01 1 1 1 0.0 0.0 0.0
Bi 1.739690738102e+01 4.873898866739e+00 3.834784015603e+01 1 1 1 0.0 0.0 0.0
Bi 1.991331227179e+01 1.604993024149e+00 3.834784015603e+01 1 1 1 0.0 0.0 0.0
Bi 3.595539345009e+01 2.176324572012e+01 3.834784015603e+01 1 1 1 0.0 0.0 0.0
Bi 8.274939652038e+00 1.086689291149e+01 3.834784015603e+01 1 1 1 0.0 0.0 0.0
Bi 1.079134454280e+01 7.597987068897e+00 3.834784015603e+01 1 1 1 0.0 0.0 0.0
Bi 1.330774943357e+01 4.329081226308e+00 3.834784015603e+01 1 1 1 0.0 0.0 0.0
Bi 1.582415432434e+01 1.060175383718e+00 3.834784015603e+01 1 1 1 0.0 0.0 0.0
Bi 3.186623550264e+01 2.121842807969e+01 3.834784015603e+01 1 1 1 0.0 0.0 0.0
Bi 6.702186595357e+00 7.053169428466e+00 3.834784015603e+01 1 1 1 0.0 0.0 0.0
Bi 9.218591486123e+00 3.784263585876e+00 3.834784015603e+01 1 1 1 0.0 0.0 0.0
Bi 1.173499637689e+01 5.153577432862e-01 3.834784015603e+01 1 1 1 0.0 0.0 0.0
Bi 2.777707755519e+01 2.067361043926e+01 3.834784015603e+01 1 1 1 0.0 0.0 0.0
Bi 5.129433538676e+00 3.239445945444e+00 3.834784015603e+01 1 1 1 0.0 0.0 0.0
Bi 2.117151471698e+01 2.339769864141e+01 3.834784015603e+01 1 1 1 0.0 0.0 0.0
Bi 2.368791960774e+01 2.012879279882e+01 3.834784015603e+01 1 1 1 0.0 0.0 0.0
Bi 1.708235676953e+01 2.285288100098e+01 3.834784015603e+01 1 1 1 0.0 0.0 0.0
Bi 1.959876166030e+01 1.958397515839e+01 3.834784015603e+01 1 1 1 0.0 0.0 0.0
Bi 1.550960371285e+01 1.903915751796e+01 3.834784015603e+01 1 1 1 0.0 0.0 0.0
Bi 1.142044576540e+01 1.849433987753e+01 3.834784015603e+01 1 1 1 0.0 0.0 0.0
Bi 3.630274392414e+01 1.941565490727e+01 3.436119714775e+01 1 1 1 0.0 0.0 0.0
Bi 3.221358597669e+01 1.887083726684e+01 3.436119714775e+01 1 1 1 0.0 0.0 0.0
Bi 3.472999086746e+01 1.560193142425e+01 3.436119714775e+01 1 1 1 0.0 0.0 0.0
Bi 2.812442802924e+01 1.832601962641e+01 3.436119714775e+01 1 1 1 0.0 0.0 0.0
Bi 3.064083292001e+01 1.505711378382e+01 3.436119714775e+01 1 1 1 0.0 0.0 0.0
Bi 3.315723781078e+01 1.178820794123e+01 3.436119714775e+01 1 1 1 0.0 0.0 0.0
Bi 2.403527008180e+01 1.778120198597e+01 3.436119714775e+01 1 1 1 0.0 0.0 0.0
Bi 2.655167497256e+01 1.451229614339e+01 3.436119714775e+01 1 1 1 0.0 0.0 0.0
Bi 2.906807986333e+01 1.124339030080e+01 3.436119714775e+01 1 1 1 0.0 0.0 0.0
Bi 3.158448475410e+01 7.974484458206e+00 3.436119714775e+01 1 1 1 0.0 0.0 0.0
Bi 1.994611213435e+01 1.723638434554e+01 3.436119714775e+01 1 1 1 0.0 0.0 0.0
Bi 2.246251702511e+01 1.396747850295e+01 3.436119714775e+01 1 1 1 0.0 0.0 0.0
Bi 2.497892191588e+01 1.069857266036e+01 3.436119714775e+01 1 1 1 0.0 0.0 0.0
Bi 2.749532680665e+01 7.429666817774e+00 3.436119714775e+01 1 1 1 0.0 0.0 0.0
Bi 2.960379121961e+00 4.160760975185e+00 3.436119714775e+01 1 1 1 0.0 0.0 0.0
Bi 1.585695418690e+01 1.669156670511e+01 3.436119714775e+01 1 1 1 0.0 0.0 0.0
Bi 1.837335907767e+01 1.342266086252e+01 3.436119714775e+01 1 1 1 0.0 0.0 0.0
Bi 2.088976396843e+01 1.015375501993e+01 3.436119714775e+01 1 1 1 0.0 0.0 0.0
Bi 2.340616885920e+01 6.884849177343e+00 3.436119714775e+01 1 1 1 0.0 0.0 0.0
Bi 2.592257374997e+01 3.615943334753e+00 3.436119714775e+01 1 1 1 0.0 0.0 0.0
Bi 1.387626065280e+00 3.470374921633e-01 3.436119714775e+01 1 1 1 0.0 0.0 0.0
Bi 1.176779623945e+01 1.614674906468e+01 3.436119714775e+01 1 1 1 0.0 0.0 0.0
Bi 1.428420113022e+01 1.287784322209e+01 3.436119714775e+01 1 1 1 0.0 0.0 0.0
Bi 1.680060602099e+01 9.608937379501e+00 3.436119714775e+01 1 1 1 0.0 0.0 0.0
Bi 1.931701091175e+01 6.340031536911e+00 3.436119714775e+01 1 1 1 0.0 0.0 0.0
Bi 2.183341580252e+01 3.071125694321e+00 3.436119714775e+01 1 1 1 0.0 0.0 0.0
Bi 3.787549698082e+01 2.322937839029e+01 3.436119714775e+01 1 1 1 0.0 0.0 0.0
Bi 1.019504318277e+01 1.233302558166e+01 3.436119714775e+01 1 1 1 0.0 0.0 0.0
Bi 1.271144807354e+01 9.064119739069e+00 3.436119714775e+01 1 1 1 0.0 0.0 0.0
Bi 1.522785296430e+01 5.795213896479e+00 3.436119714775e+01 1 1 1 0.0 0.0 0.0
Bi 1.774425785507e+01 2.526308053890e+00 3.436119714775e+01 1 1 1 0.0 0.0 0.0
Bi 3.378633903337e+01 2.268456074986e+01 3.436119714775e+01 1 1 1 0.0 0.0 0.0
Bi 8.622290126090e+00 8.519302098637e+00 3.436119714775e+01 1 1 1 0.0 0.0 0.0
Bi 1.113869501686e+01 5.250396256048e+00 3.436119714775e+01 1 1 1 0.0 0.0 0.0
Bi 1.365509990762e+01 1.981490413458e+00 3.436119714775e+01 1 1 1 0.0 0.0 0.0
Bi 2.969718108592e+01 2.213974310943e+01 3.436119714775e+01 1 1 1 0.0 0.0 0.0
Bi 7.049537069409e+00 4.705578615616e+00 3.436119714775e+01 1 1 1 0.0 0.0 0.0
Bi 9.565941960175e+00 1.436672773026e+00 3.436119714775e+01 1 1 1 0.0 0.0 0.0
Bi 2.560802313848e+01 2.159492546900e+01 3.436119714775e+01 1 1 1 0.0 0.0 0.0
Bi 5.476784012727e+00 8.918551325949e-01 3.436119714775e+01 1 1 1 0.0 0.0 0.0
Bi 2.151886519103e+01 2.105010782856e+01 3.436119714775e+01 1 1 1 0.0 0.0 0.0
Bi 1.742970724358e+01 2.050529018813e+01 3.436119714775e+01 1 1 1 0.0 0.0 0.0
Bi 1.334054929613e+01 1.996047254770e+01 3.436119714775e+01 1 1 1 0.0 0.0 0.0
Bi 3.631160913029e+01 1.948225392881e+01 2.831971850542e+01 1 1 1 0.0 0.0 0.0
Bi 3.222245118285e+01 1.893743628838e+01 2.831971850542e+01 1 1 1 0.0 0.0 0.0
Bi 3.473885607361e+01 1.566853044579e+01 2.831971850542e+01 1 1 1 0.0 0.0 0.0
Bi 2.813329323540e+01 1.839261864795e+01 2.831971850542e+01 1 1 1 0.0 0.0 0.0
Bi 3.064969812616e+01 1.512371280536e+01 2.831971850542e+01 1 1 1 0.0 0.0 0.0
Bi 3.316610301693e+01 1.185480696277e+01 2.831971850542e+01 1 1 1 0.0 0.0 0.0
Bi 2.404413528795e+01 1.784780100752e+01 2.831971850542e+01 1 1 1 0.0 0.0 0.0
Bi 2.656054017872e+01 1.457889516493e+01 2.831971850542e+01 1 1 1 0.0 0.0 0.0
Bi 2.907694506948e+01 1.130998932234e+01 2.831971850542e+01 1 1 1 0.0 0.0 0.0
Bi 3.159334996025e+01 8.041083479747e+00 2.831971850542e+01 1 1 1 0.0 0.0 0.0
Bi 1.995497734050e+01 1.730298336708e+01 2.831971850542e+01 1 1 1 0.0 0.0 0.0
Bi 2.247138223127e+01 1.403407752449e+01 2.831971850542e+01 1 1 1 0.0 0.0 0.0
Bi 2.498778712204e+01 1.076517168191e+01 2.831971850542e+01 1 1 1 0.0 0.0 0.0
Bi 2.750419201280e+01 7.496265839315e+00 2.831971850542e+01 1 1 1 0.0 0.0 0.0
Bi 2.969244328116e+00 4.227359996726e+00 2.831971850542e+01 1 1 1 0.0 0.0 0.0
Bi 1.586581939305e+01 1.675816572665e+01 2.831971850542e+01 1 1 1 0.0 0.0 0.0
Bi 1.838222428382e+01 1.348925988406e+01 2.831971850542e+01 1 1 1 0.0 0.0 0.0
Bi 2.089862917459e+01 1.022035404147e+01 2.831971850542e+01 1 1 1 0.0 0.0 0.0
Bi 2.341503406535e+01 6.951448198884e+00 2.831971850542e+01 1 1 1 0.0 0.0 0.0
Bi 2.593143895612e+01 3.682542356294e+00 2.831971850542e+01 1 1 1 0.0 0.0 0.0
Bi 1.396491271434e+00 4.136365137044e-01 2.831971850542e+01 1 1 1 0.0 0.0 0.0
Bi 1.177666144561e+01 1.621334808622e+01 2.831971850542e+01 1 1 1 0.0 0.0 0.0
Bi 1.429306633637e+01 1.294444224363e+01 2.831971850542e+01 1 1 1 0.0 0.0 0.0
Bi 1.680947122714e+01 9.675536401042e+00 2.831971850542e+01 1 1 1 0.0 0.0 0.0
Bi 1.932587611791e+01 6.406630558452e+00 2.831971850542e+01 1 1 1 0.0 0.0 0.0
Bi 2.184228100867e+01 3.137724715862e+00 2.831971850542e+01 1 1 1 0.0 0.0 0.0
Bi 3.788436218698e+01 2.329597741183e+01 2.831971850542e+01 1 1 1 0.0 0.0 0.0
Bi 1.020390838893e+01 1.239962460320e+01 2.831971850542e+01 1 1 1 0.0 0.0 0.0
Bi 1.272031327969e+01 9.130718760610e+00 2.831971850542e+01 1 1 1 0.0 0.0 0.0
Bi 1.523671817046e+01 5.861812918021e+00 2.831971850542e+01 1 1 1 0.0 0.0 0.0
Bi 1.775312306123e+01 2.592907075431e+00 2.831971850542e+01 1 1 1 0.0 0.0 0.0
Bi 3.379520423953e+01 2.275115977140e+01 2.831971850542e+01 1 1 1 0.0 0.0 0.0
Bi 8.631155332245e+00 8.585901120179e+00 2.831971850542e+01 1 1 1 0.0 0.0 0.0
Bi 1.114756022301e+01 5.316995277589e+00 2.831971850542e+01 1 1 1 0.0 0.0 0.0
Bi 1.366396511378e+01 2.048089434999e+00 2.831971850542e+01 1 1 1 0.0 0.0 0.0
Bi 2.970604629208e+01 2.220634213097e+01 2.831971850542e+01 1 1 1 0.0 0.0 0.0
Bi 7.058402275564e+00 4.772177637157e+00 2.831971850542e+01 1 1 1 0.0 0.0 0.0
Bi 9.574807166330e+00 1.503271794568e+00 2.831971850542e+01 1 1 1 0.0 0.0 0.0
Bi 2.561688834463e+01 2.166152449054e+01 2.831971850542e+01 1 1 1 0.0 0.0 0.0
Bi 5.485649218882e+00 9.584541541360e-01 2.831971850542e+01 1 1 1 0.0 0.0 0.0
Bi 2.152773039718e+01 2.111670685011e+01 2.831971850542e+01 1 1 1 0.0 0.0 0.0
Bi 1.743857244974e+01 2.057188920967e+01 2.831971850542e+01 1 1 1 0.0 0.0 0.0
Bi 1.334941450229e+01 2.002707156924e+01 2.831971850542e+01 1 1 1 0.0 0.0 0.0
Bi 3.413001603128e+01 2.038369231560e+01 2.434799808390e+01 1 1 1 0.0 0.0 0.0
Bi 3.004085808384e+01 1.983887467517e+01 2.434799808390e+01 1 1 1 0.0 0.0 0.0
Bi 3.255726297460e+01 1.656996883258e+01 2.434799808390e+01 1 1 1 0.0 0.0 0.0
Bi 2.595170013639e+01 1.929405703474e+01 2.434799808390e+01 1 1 1 0.0 0.0 0.0
Bi 2.846810502715e+01 1.602515119215e+01 2.434799808390e+01 1 1 1 0.0 0.0 0.0
Bi 3.098450991792e+01 1.275624534956e+01 2.434799808390e+01 1 1 1 0.0 0.0 0.0
Bi 2.186254218894e+01 1.874923939431e+01 2.434799808390e+01 1 1 1 0.0 0.0 0.0
Bi 2.437894707971e+01 1.548033355172e+01 2.434799808390e+01 1 1 1 0.0 0.0 0.0
Bi 2.689535197047e+01 1.221142770913e+01 2.434799808390e+01 1 1 1 0.0 0.0 0.0
Bi 2.941175686124e+01 8.942521866539e+00 2.434799808390e+01 1 1 1 0.0 0.0 0.0
Bi 1.777338424149e+01 1.820442175388e+01 2.434799808390e+01 1 1 1 0.0 0.0 0.0
Bi 2.028978913226e+01 1.493551591129e+01 2.434799808390e+01 1 1 1 0.0 0.0 0.0
Bi 2.280619402303e+01 1.166661006870e+01 2.434799808390e+01 1 1 1 0.0 0.0 0.0
Bi 2.532259891379e+01 8.397704226107e+00 2.434799808390e+01 1 1 1 0.0 0.0 0.0
Bi 2.783900380456e+01 5.128798383518e+00 2.434799808390e+01 1 1 1 0.0 0.0 0.0
Bi 1.368422629404e+01 1.765960411344e+01 2.434799808390e+01 1 1 1 0.0 0.0 0.0
Bi 1.620063118481e+01 1.439069827086e+01 2.434799808390e+01 1 1 1 0.0 0.0 0.0
Bi 1.871703607558e+01 1.112179242827e+01 2.434799808390e+01 1 1 1 0.0 0.0 0.0
Bi 2.123344096634e+01 7.852886585676e+00 2.434799808390e+01 1 1 1 0.0 0.0 0.0
Bi 2.374984585711e+01 4.583980743086e+00 2.434799808390e+01 1 1 1 0.0 0.0 0.0
Bi 2.626625074788e+01 1.315074900496e+00 2.434799808390e+01 1 1 1 0.0 0.0 0.0
Bi 3.664642092205e+01 1.711478647301e+01 2.434799808390e+01 1 1 1 0.0 0.0 0.0
Bi 1.211147323736e+01 1.384588063042e+01 2.434799808390e+01 1 1 1 0.0 0.0 0.0
Bi 1.462787812813e+01 1.057697478783e+01 2.434799808390e+01 1 1 1 0.0 0.0 0.0
Bi 1.714428301890e+01 7.308068945244e+00 2.434799808390e+01 1 1 1 0.0 0.0 0.0
Bi 1.966068790966e+01 4.039163102654e+00 2.434799808390e+01 1 1 1 0.0 0.0 0.0
Bi 2.217709280043e+01 7.702572600647e-01 2.434799808390e+01 1 1 1 0.0 0.0 0.0
Bi 8.022315289915e+00 1.330106298999e+01 2.434799808390e+01 1 1 1 0.0 0.0 0.0
Bi 1.053872018068e+01 1.003215714740e+01 2.434799808390e+01 1 1 1 0.0 0.0 0.0
Bi 1.305512507145e+01 6.763251304813e+00 2.434799808390e+01 1 1 1 0.0 0.0 0.0
Bi 1.557152996222e+01 3.494345462223e+00 2.434799808390e+01 1 1 1 0.0 0.0 0.0
Bi 1.808793485298e+01 2.254396196331e-01 2.434799808390e+01 1 1 1 0.0 0.0 0.0
Bi 6.449562233234e+00 9.487339506971e+00 2.434799808390e+01 1 1 1 0.0 0.0 0.0
Bi 8.965967124001e+00 6.218433664381e+00 2.434799808390e+01 1 1 1 0.0 0.0 0.0
Bi 1.148237201477e+01 2.949527821791e+00 2.434799808390e+01 1 1 1 0.0 0.0 0.0
Bi 2.752445319307e+01 2.310778051776e+01 2.434799808390e+01 1 1 1 0.0 0.0 0.0
Bi 4.876809176553e+00 5.673616023949e+00 2.434799808390e+01 1 1 1 0.0 0.0 0.0
Bi 7.393214067319e+00 2.404710181360e+00 2.434799808390e+01 1 1 1 0.0 0.0 0.0
Bi 2.343529524562e+01 2.256296287733e+01 2.434799808390e+01 1 1 1 0.0 0.0 0.0
Bi 3.304056119872e+00 1.859892540928e+00 2.434799808390e+01 1 1 1 0.0 0.0 0.0
Bi 1.934613729817e+01 2.201814523690e+01 2.434799808390e+01 1 1 1 0.0 0.0 0.0
Bi 1.525697935073e+01 2.147332759647e+01 2.434799808390e+01 1 1 1 0.0 0.0 0.0
Bi 3.821917397873e+01 2.092850995603e+01 2.434799808390e+01 1 1 1 0.0 0.0 0.0
Se 1.004518128429e+01 1.570944885641e+01 1.000000000000e+01 1 1 1 0.0 0.0 0.0
Se 1.292770246035e+01 1.762970775302e+01 1.000000000000e+01 1 1 1 0.0 0.0 0.0
Se 1.581022363641e+01 1.954996664962e+01 1.000000000000e+01 1 1 1 0.0 0.0 0.0
Se 7.384392506424e+00 1.033272394593e+01 1.000000000000e+01 1 1 1 0.0 0.0 0.0
Se 1.026691368248e+01 1.225298284253e+01 1.000000000000e+01 1 1 1 0.0 0.0 0.0
Se 1.314943485854e+01 1.417324173913e+01 1.000000000000e+01 1 1 1 0.0 0.0 0.0
Se 1.603195603460e+01 1.609350063574e+01 1.000000000000e+01 1 1 1 0.0 0.0 0.0
Se 1.891447721065e+01 1.801375953234e+01 1.000000000000e+01 1 1 1 0.0 0.0 0.0
Se 2.179699838671e+01 1.993401842894e+01 1.000000000000e+01 1 1 1 0.0 0.0 0.0
Se 4.723603728555e+00 4.955999035437e+00 1.000000000000e+01 1 1 1 0.0 0.0 0.0
Se 7.606124904612e+00 6.876257932040e+00 1.000000000000e+01 1 1 1 0.0 0.0 0.0
Se 1.048864608067e+01 8.796516828643e+00 1.000000000000e+01 1 1 1 0.0 0.0 0.0
Se 1.337116725673e+01 1.071677572525e+01 1.000000000000e+01 1 1 1 0.0 0.0 0.0
Se 1.625368843278e+01 1.263703462185e+01 1.000000000000e+01 1 1 1 0.0 0.0 0.0
Se 1.913620960884e+01 1.455729351845e+01 1.000000000000e+01 1 1 1 0.0 0.0 0.0
Se 2.201873078490e+01 1.647755241506e+01 1.000000000000e+01 1 1 1 0.0 0.0 0.0
Se 2.490125196096e+01 1.839781131166e+01 1.000000000000e+01 1 1 1 0.0 0.0 0.0
Se 2.778377313701e+01 2.031807020826e+01 1.000000000000e+01 1 1 1 0.0 0.0 0.0
Se 1.270597006216e+01 2.108617376690e+01 1.000000000000e+01 1 1 1 0.0 0.0 0.0
Se 1.558849123822e+01 2.300643266351e+01 1.000000000000e+01 1 1 1 0.0 0.0 0.0
Se 4.945336126742e+00 1.499533021551e+00 1.000000000000e+01 1 1 1 0.0 0.0 0.0
Se 7.827857302800e+00 3.419791918154e+00 1.000000000000e+01 1 1 1 0.0 0.0 0.0
Se 1.071037847886e+01 5.340050814757e+00 1.000000000000e+01 1 1 1 0.0 0.0 0.0
Se 1.359289965491e+01 7.260309711360e+00 1.000000000000e+01 1 1 1 0.0 0.0 0.0
Se 1.647542083097e+01 9.180568607964e+00 1.000000000000e+01 1 1 1 0.0 0.0 0.0
Se 1.935794200703e+01 1.110082750457e+01 1.000000000000e+01 1 1 1 0.0 0.0 0.0
Se 2.224046318309e+01 1.302108640117e+01 1.000000000000e+01 1 1 1 0.0 0.0 0.0
Se 2.512298435914e+01 1.494134529777e+01 1.000000000000e+01 1 1 1 0.0 0.0 0.0
Se 2.800550553520e+01 1.686160419438e+01 1.000000000000e+01 1 1 1 0.0 0.0 0.0
Se 3.088802671126e+01 1.878186309098e+01 1.000000000000e+01 1 1 1 0.0 0.0 0.0
Se 3.377054788731e+01 2.070212198758e+01 1.000000000000e+01 1 1 1 0.0 0.0 0.0
Se 1.869274481247e+01 2.147022554622e+01 1.000000000000e+01 1 1 1 0.0 0.0 0.0
Se 2.157526598852e+01 2.339048444283e+01 1.000000000000e+01 1 1 1 0.0 0.0 0.0
Se 1.093211087704e+01 1.883584800871e+00 1.000000000000e+01 1 1 1 0.0 0.0 0.0
Se 1.381463205310e+01 3.803843697475e+00 1.000000000000e+01 1 1 1 0.0 0.0 0.0
Se 1.669715322916e+01 5.724102594078e+00 1.000000000000e+01 1 1 1 0.0 0.0 0.0
Se 1.957967440522e+01 7.644361490681e+00 1.000000000000e+01 1 1 1 0.0 0.0 0.0
Se 2.246219558127e+01 9.564620387284e+00 1.000000000000e+01 1 1 1 0.0 0.0 0.0
Se 2.534471675733e+01 1.148487928389e+01 1.000000000000e+01 1 1 1 0.0 0.0 0.0
Se 2.822723793339e+01 1.340513818049e+01 1.000000000000e+01 1 1 1 0.0 0.0 0.0
Se 3.110975910945e+01 1.532539707709e+01 1.000000000000e+01 1 1 1 0.0 0.0 0.0
Se 3.399228028550e+01 1.724565597370e+01 1.000000000000e+01 1 1 1 0.0 0.0 0.0
Se 3.687480146156e+01 1.916591487030e+01 1.000000000000e+01 1 1 1 0.0 0.0 0.0
Se 2.467951956277e+01 2.185427732554e+01 1.000000000000e+01 1 1 1 0.0 0.0 0.0
Se 1.403636445129e+01 3.473776835888e-01 1.000000000000e+01 1 1 1 0.0 0.0 0.0
Se 1.691888562735e+01 2.267636580192e+00 1.000000000000e+01 1 1 1 0.0 0.0 0.0
Se 1.980140680340e+01 4.187895476795e+00 1.000000000000e+01 1 1 1 0.0 0.0 0.0
Se 2.268392797946e+01 6.108154373398e+00 1.000000000000e+01 1 1 1 0.0 0.0 0.0
Se 2.556644915552e+01 8.028413270002e+00 1.000000000000e+01 1 1 1 0.0 0.0 0.0
Se 2.844897033158e+01 9.948672166605e+00 1.000000000000e+01 1 1 1 0.0 0.0 0.0
Se 3.133149150763e+01 1.186893106321e+01 1.000000000000e+01 1 1 1 0.0 0.0 0.0
Se 3.421401268369e+01 1.378918995981e+01 1.000000000000e+01 1 1 1 0.0 0.0 0.0
Se 3.066629431307e+01 2.223832910487e+01 1.000000000000e+01 1 1 1 0.0 0.0 0.0
Se 2.002313920159e+01 7.314294629094e-01 1.000000000000e+01 1 1 1 0.0 0.0 0.0
Se 2.290566037765e+01 2.651688359513e+00 1.000000000000e+01 1 1 1 0.0 0.0 0.0
Se 2.578818155371e+01 4.571947256116e+00 1.000000000000e+01 1 1 1 0.0 0.0 0.0
Se 2.867070272976e+01 6.492206152719e+00 1.000000000000e+01 1 1 1 0.0 0.0 0.0
Se 3.155322390582e+01 8.412465049322e+00 1.000000000000e+01 1 1 1 0.0 0.0 0.0
Se 3.665306906337e+01 2.262238088419e+01 1.000000000000e+01 1 1 1 0.0 0.0 0.0
Se 2.600991395189e+01 1.115481242230e+00 1.000000000000e+01 1 1 1 0.0 0.0 0.0
Se 1.841082552498e+00 3.035740138833e+00 1.000000000000e+01 1 1 1 0.0 0.0 0.0
Se 1.092589665392e+01 1.750956039964e+01 1.614602824434e+01 1 1 1 0.0 0.0 0.0
Se 1.380841782997e+01 1.942981929625e+01 1.614602824434e+01 1 1 1 0.0 0.0 0.0
Se 1.669093900603e+01 2.135007819285e+01 1.614602824434e+01 1 1 1 0.0 0.0 0.0
Se 8.265107876048e+00 1.213283548915e+01 1.614602824434e+01 1 1 1 0.0 0.0 0.0
Se 1.114762905211e+01 1.405309438576e+01 1.614602824434e+01 1 1 1 0.0 0.0 0.0
Se 1.403015022816e+01 1.597335328236e+01 1.614602824434e+01 1 1 1 0.0 0.0 0.0
Se 1.691267140422e+01 1.789361217896e+01 1.614602824434e+01 1 1 1 0.0 0.0 0.0
Se 1.979519258028e+01 1.981387107557e+01 1.614602824434e+01 1 1 1 0.0 0.0 0.0
Se 2.267771375633e+01 2.173412997217e+01 1.614602824434e+01 1 1 1 0.0 0.0 0.0
Se 5.604319098178e+00 6.756110578665e+00 1.614602824434e+01 1 1 1 0.0 0.0 0.0
Se 8.486840274236e+00 8.676369475268e+00 1.614602824434e+01 1 1 1 0.0 0.0 0.0
Se 1.136936145029e+01 1.059662837187e+01 1.614602824434e+01 1 1 1 0.0 0.0 0.0
Se 1.425188262635e+01 1.251688726847e+01 1.614602824434e+01 1 1 1 0.0 0.0 0.0
Se 1.713440380241e+01 1.443714616508e+01 1.614602824434e+01 1 1 1 0.0 0.0 0.0
Se 2.001692497846e+01 1.635740506168e+01 1.614602824434e+01 1 1 1 0.0 0.0 0.0
Se 2.289944615452e+01 1.827766395828e+01 1.614602824434e+01 1 1 1 0.0 0.0 0.0
Se 2.578196733058e+01 2.019792285489e+01 1.614602824434e+01 1 1 1 0.0 0.0 0.0
Se 2.866448850664e+01 2.211818175149e+01 1.614602824434e+01 1 1 1 0.0 0.0 0.0
Se 1.358668543179e+01 2.288628531013e+01 1.614602824434e+01 1 1 1 0.0 0.0 0.0
Se 2.943530320309e+00 1.379385668176e+00 1.614602824434e+01 1 1 1 0.0 0.0 0.0
Se 5.826051496366e+00 3.299644564779e+00 1.614602824434e+01 1 1 1 0.0 0.0 0.0
Se 8.708572672423e+00 5.219903461382e+00 1.614602824434e+01 1 1 1 0.0 0.0 0.0
Se 1.159109384848e+01 7.140162357986e+00 1.614602824434e+01 1 1 1 0.0 0.0 0.0
Se 1.447361502454e+01 9.060421254589e+00 1.614602824434e+01 1 1 1 0.0 0.0 0.0
Se 1.735613620059e+01 1.098068015119e+01 1.614602824434e+01 1 1 1 0.0 0.0 0.0
Se 2.023865737665e+01 1.290093904780e+01 1.614602824434e+01 1 1 1 0.0 0.0 0.0
Se 2.312117855271e+01 1.482119794440e+01 1.614602824434e+01 1 1 1 0.0 0.0 0.0
Se 2.600369972877e+01 1.674145684100e+01 1.614602824434e+01 1 1 1 0.0 0.0 0.0
Se 2.888622090482e+01 1.866171573761e+01 1.614602824434e+01 1 1 1 0.0 0.0 0.0
Se 3.176874208088e+01 2.058197463421e+01 1.614602824434e+01 1 1 1 0.0 0.0 0.0
Se 3.465126325694e+01 2.250223353081e+01 1.614602824434e+01 1 1 1 0.0 0.0 0.0
Se 1.957346018209e+01 2.327033708945e+01 1.614602824434e+01 1 1 1 0.0 0.0 0.0
Se 8.930305070611e+00 1.763437447497e+00 1.614602824434e+01 1 1 1 0.0 0.0 0.0
Se 1.181282624667e+01 3.683696344100e+00 1.614602824434e+01 1 1 1 0.0 0.0 0.0
Se 1.469534742273e+01 5.603955240703e+00 1.614602824434e+01 1 1 1 0.0 0.0 0.0
Se 1.757786859878e+01 7.524214137306e+00 1.614602824434e+01 1 1 1 0.0 0.0 0.0
Se 2.046038977484e+01 9.444473033910e+00 1.614602824434e+01 1 1 1 0.0 0.0 0.0
Se 2.334291095090e+01 1.136473193051e+01 1.614602824434e+01 1 1 1 0.0 0.0 0.0
Se 2.622543212695e+01 1.328499082712e+01 1.614602824434e+01 1 1 1 0.0 0.0 0.0
Se 2.910795330301e+01 1.520524972372e+01 1.614602824434e+01 1 1 1 0.0 0.0 0.0
Se 3.199047447907e+01 1.712550862032e+01 1.614602824434e+01 1 1 1 0.0 0.0 0.0
Se 3.487299565513e+01 1.904576751693e+01 1.614602824434e+01 1 1 1 0.0 0.0 0.0
Se 3.775551683118e+01 2.096602641353e+01 1.614602824434e+01 1 1 1 0.0 0.0 0.0
Se 1.203455864486e+01 2.272303302140e-01 1.614602824434e+01 1 1 1 0.0 0.0 0.0
Se 1.491707982091e+01 2.147489226817e+00 1.614602824434e+01 1 1 1 0.0 0.0 0.0
Se 1.779960099697e+01 4.067748123420e+00 1.614602824434e+01 1 1 1 0.0 0.0 0.0
Se 2.068212217303e+01 5.988007020024e+00 1.614602824434e+01 1 1 1 0.0 0.0 0.0
Se 2.356464334908e+01 7.908265916627e+00 1.614602824434e+01 1 1 1 0.0 0.0 0.0
Se 2.644716452514e+01 9.828524813230e+00 1.614602824434e+01 1 1 1 0.0 0.0 0.0
Se 2.932968570120e+01 1.174878370983e+01 1.614602824434e+01 1 1 1 0.0 0.0 0.0
Se 3.221220687726e+01 1.366904260644e+01 1.614602824434e+01 1 1 1 0.0 0.0 0.0
Se 3.509472805331e+01 1.558930150304e+01 1.614602824434e+01 1 1 1 0.0 0.0 0.0
Se 1.802133339516e+01 6.112821095347e-01 1.614602824434e+01 1 1 1 0.0 0.0 0.0
Se 2.090385457122e+01 2.531541006138e+00 1.614602824434e+01 1 1 1 0.0 0.0 0.0
Se 2.378637574727e+01 4.451799902741e+00 1.614602824434e+01 1 1 1 0.0 0.0 0.0
Se 2.666889692333e+01 6.372058799344e+00 1.614602824434e+01 1 1 1 0.0 0.0 0.0
Se 2.955141809939e+01 8.292317695948e+00 1.614602824434e+01 1 1 1 0.0 0.0 0.0
Se 3.243393927544e+01 1.021257659255e+01 1.614602824434e+01 1 1 1 0.0 0.0 0.0
Se 2.400810814546e+01 9.953338888553e-01 1.614602824434e+01 1 1 1 0.0 0.0 0.0
Se 2.689062932152e+01 2.915592785459e+00 1.614602824434e+01 1 1 1 0.0 0.0 0.0
Se 2.977315049757e+01 4.835851682062e+00 1.614602824434e+01 1 1 1 0.0 0.0 0.0
Se 1.004486526996e+01 1.571047760728e+01 1.336443756309e+01 1 1 1 0.0 0.0 0.0
Se 1.292738644602e+01 1.763073650389e+01 1.336443756309e+01 1 1 1 0.0 0.0 0.0
Se 1.580990762207e+01 1.955099540049e+01 1.336443756309e+01 1 1 1 0.0 0.0 0.0
Se 7.384076492090e+00 1.033375269679e+01 1.336443756309e+01 1 1 1 0.0 0.0 0.0
Se 1.026659766815e+01 1.225401159340e+01 1.336443756309e+01 1 1 1 0.0 0.0 0.0
Se 1.314911884420e+01 1.417427049000e+01 1.336443756309e+01 1 1 1 0.0 0.0 0.0
Se 1.603164002026e+01 1.609452938660e+01 1.336443756309e+01 1 1 1 0.0 0.0 0.0
Se 1.891416119632e+01 1.801478828321e+01 1.336443756309e+01 1 1 1 0.0 0.0 0.0
Se 2.179668237238e+01 1.993504717981e+01 1.336443756309e+01 1 1 1 0.0 0.0 0.0
Se 4.723287714221e+00 4.957027786304e+00 1.336443756309e+01 1 1 1 0.0 0.0 0.0
Se 7.605808890278e+00 6.877286682907e+00 1.336443756309e+01 1 1 1 0.0 0.0 0.0
Se 1.048833006634e+01 8.797545579510e+00 1.336443756309e+01 1 1 1 0.0 0.0 0.0
Se 1.337085124239e+01 1.071780447611e+01 1.336443756309e+01 1 1 1 0.0 0.0 0.0
Se 1.625337241845e+01 1.263806337272e+01 1.336443756309e+01 1 1 1 0.0 0.0 0.0
Se 1.913589359451e+01 1.455832226932e+01 1.336443756309e+01 1 1 1 0.0 0.0 0.0
Se 2.201841477056e+01 1.647858116592e+01 1.336443756309e+01 1 1 1 0.0 0.0 0.0
Se 2.490093594662e+01 1.839884006253e+01 1.336443756309e+01 1 1 1 0.0 0.0 0.0
Se 2.778345712268e+01 2.031909895913e+01 1.336443756309e+01 1 1 1 0.0 0.0 0.0
Se 1.270565404783e+01 2.108720251777e+01 1.336443756309e+01 1 1 1 0.0 0.0 0.0
Se 1.558817522389e+01 2.300746141437e+01 1.336443756309e+01 1 1 1 0.0 0.0 0.0
Se 4.945020112409e+00 1.500561772418e+00 1.336443756309e+01 1 1 1 0.0 0.0 0.0
Se 7.827541288466e+00 3.420820669021e+00 1.336443756309e+01 1 1 1 0.0 0.0 0.0
Se 1.071006246452e+01 5.341079565625e+00 1.336443756309e+01 1 1 1 0.0 0.0 0.0
Se 1.359258364058e+01 7.261338462228e+00 1.336443756309e+01 1 1 1 0.0 0.0 0.0
Se 1.647510481664e+01 9.181597358831e+00 1.336443756309e+01 1 1 1 0.0 0.0 0.0
Se 1.935762599269e+01 1.110185625543e+01 1.336443756309e+01 1 1 1 0.0 0.0 0.0
Se 2.224014716875e+01 1.302211515204e+01 1.336443756309e+01 1 1 1 0.0 0.0 0.0
Se 2.512266834481e+01 1.494237404864e+01 1.336443756309e+01 1 1 1 0.0 0.0 0.0
Se 2.800518952087e+01 1.686263294524e+01 1.336443756309e+01 1 1 1 0.0 0.0 0.0
Se 3.088771069692e+01 1.878289184185e+01 1.336443756309e+01 1 1 1 0.0 0.0 0.0
Se 3.377023187298e+01 2.070315073845e+01 1.336443756309e+01 1 1 1 0.0 0.0 0.0
Se 1.869242879813e+01 2.147125429709e+01 1.336443756309e+01 1 1 1 0.0 0.0 0.0
Se 2.157494997419e+01 2.339151319369e+01 1.336443756309e+01 1 1 1 0.0 0.0 0.0
Se 1.093179486271e+01 1.884613551739e+00 1.336443756309e+01 1 1 1 0.0 0.0 0.0
Se 1.381431603877e+01 3.804872448342e+00 1.336443756309e+01 1 1 1 0.0 0.0 0.0
Se 1.669683721483e+01 5.725131344945e+00 1.336443756309e+01 1 1 1 0.0 0.0 0.0
Se 1.957935839088e+01 7.645390241549e+00 1.336443756309e+01 1 1 1 0.0 0.0 0.0
Se 2.246187956694e+01 9.565649138152e+00 1.336443756309e+01 1 1 1 0.0 0.0 0.0
Se 2.534440074300e+01 1.148590803475e+01 1.336443756309e+01 1 1 1 0.0 0.0 0.0
Se 2.822692191905e+01 1.340616693136e+01 1.336443756309e+01 1 1 1 0.0 0.0 0.0
Se 3.110944309511e+01 1.532642582796e+01 1.336443756309e+01 1 1 1 0.0 0.0 0.0
Se 3.399196427117e+01 1.724668472456e+01 1.336443756309e+01 1 1 1 0.0 0.0 0.0
Se 3.687448544723e+01 1.916694362117e+01 1.336443756309e+01 1 1 1 0.0 0.0 0.0
Se 2.467920354843e+01 2.185530607641e+01 1.336443756309e+01 1 1 1 0.0 0.0 0.0
Se 1.403604843696e+01 3.484064344562e-01 1.336443756309e+01 1 1 1 0.0 0.0 0.0
Se 1.691856961301e+01 2.268665331059e+00 1.336443756309e+01 1 1 1 0.0 0.0 0.0
Se 1.980109078907e+01 4.188924227663e+00 1.336443756309e+01 1 1 1 0.0 0.0 0.0
Se 2.268361196513e+01 6.109183124266e+00 1.336443756309e+01 1 1 1 0.0 0.0 0.0
Se 2.556613314118e+01 8.029442020869e+00 1.336443756309e+01 1 1 1 0.0 0.0 0.0
Se 2.844865431724e+01 9.949700917472e+00 1.336443756309e+01 1 1 1 0.0 0.0 0.0
Se 3.133117549330e+01 1.186995981408e+01 1.336443756309e+01 1 1 1 0.0 0.0 0.0
Se 3.421369666936e+01 1.379021871068e+01 1.336443756309e+01 1 1 1 0.0 0.0 0.0
Se 3.066597829874e+01 2.223935785573e+01 1.336443756309e+01 1 1 1 0.0 0.0 0.0
Se 2.002282318726e+01 7.324582137769e-01 1.336443756309e+01 1 1 1 0.0 0.0 0.0
Se 2.290534436332e+01 2.652717110380e+00 1.336443756309e+01 1 1 1 0.0 0.0 0.0
Se 2.578786553937e+01 4.572976006983e+00 1.336443756309e+01 1 1 1 0.0 0.0 0.0
Se 2.867038671543e+01 6.493234903587e+00 1.336443756309e+01 1 1 1 0.0 0.0 0.0
Se 3.155290789149e+01 8.413493800190e+00 1.336443756309e+01 1 1 1 0.0 0.0 0.0
Se 3.665275304904e+01 2.262340963505e+01 1.336443756309e+01 1 1 1 0.0 0.0 0.0
Se 2.600959793756e+01 1.116509993098e+00 1.336443756309e+01 1 1 1 0.0 0.0 0.0
Se 1.840766538164e+00 3.036768889701e+00 1.336443756309e+01 1 1 1 0.0 0.0 0.0
Se 1.092576183624e+01 1.751060973576e+01 1.951046802998e+01 1 1 1 0.0 0.0 0.0
Se 1.380828301230e+01 1.943086863236e+01 1.951046802998e+01 1 1 1 0.0 0.0 0.0
Se 1.669080418836e+01 2.135112752897e+01 1.951046802998e+01 1 1 1 0.0 0.0 0.0
Se 8.264973058373e+00 1.213388482527e+01 1.951046802998e+01 1 1 1 0.0 0.0 0.0
Se 1.114749423443e+01 1.405414372187e+01 1.951046802998e+01 1 1 1 0.0 0.0 0.0
Se 1.403001541049e+01 1.597440261848e+01 1.951046802998e+01 1 1 1 0.0 0.0 0.0
Se 1.691253658655e+01 1.789466151508e+01 1.951046802998e+01 1 1 1 0.0 0.0 0.0
Se 1.979505776260e+01 1.981492041168e+01 1.951046802998e+01 1 1 1 0.0 0.0 0.0
Se 2.267757893866e+01 2.173517930829e+01 1.951046802998e+01 1 1 1 0.0 0.0 0.0
Se 5.604184280504e+00 6.757159914782e+00 1.951046802998e+01 1 1 1 0.0 0.0 0.0
Se 8.486705456561e+00 8.677418811385e+00 1.951046802998e+01 1 1 1 0.0 0.0 0.0
Se 1.136922663262e+01 1.059767770799e+01 1.951046802998e+01 1 1 1 0.0 0.0 0.0
Se 1.425174780868e+01 1.251793660459e+01 1.951046802998e+01 1 1 1 0.0 0.0 0.0
Se 1.713426898473e+01 1.443819550119e+01 1.951046802998e+01 1 1 1 0.0 0.0 0.0
Se 2.001679016079e+01 1.635845439780e+01 1.951046802998e+01 1 1 1 0.0 0.0 0.0
Se 2.289931133685e+01 1.827871329440e+01 1.951046802998e+01 1 1 1 0.0 0.0 0.0
Se 2.578183251290e+01 2.019897219100e+01 1.951046802998e+01 1 1 1 0.0 0.0 0.0
Se 2.866435368896e+01 2.211923108761e+01 1.951046802998e+01 1 1 1 0.0 0.0 0.0
Se 1.358655061411e+01 2.288733464625e+01 1.951046802998e+01 1 1 1 0.0 0.0 0.0
Se 2.943395502634e+00 1.380435004293e+00 1.951046802998e+01 1 1 1 0.0 0.0 0.0
Se 5.825916678692e+00 3.300693900896e+00 1.951046802998e+01 1 1 1 0.0 0.0 0.0
Se 8.708437854749e+00 5.220952797499e+00 1.951046802998e+01 1 1 1 0.0 0.0 0.0
Se 1.159095903081e+01 7.141211694102e+00 1.951046802998e+01 1 1 1 0.0 0.0 0.0
Se 1.447348020686e+01 9.061470590705e+00 1.951046802998e+01 1 1 1 0.0 0.0 0.0
Se 1.735600138292e+01 1.098172948731e+01 1.951046802998e+01 1 1 1 0.0 0.0 0.0
Se 2.023852255898e+01 1.290198838391e+01 1.951046802998e+01 1 1 1 0.0 0.0 0.0
Se 2.312104373503e+01 1.482224728052e+01 1.951046802998e+01 1 1 1 0.0 0.0 0.0
Se 2.600356491109e+01 1.674250617712e+01 1.951046802998e+01 1 1 1 0.0 0.0 0.0
Se 2.888608608715e+01 1.866276507372e+01 1.951046802998e+01 1 1 1 0.0 0.0 0.0
Se 3.176860726321e+01 2.058302397032e+01 1.951046802998e+01 1 1 1 0.0 0.0 0.0
Se 3.465112843926e+01 2.250328286693e+01 1.951046802998e+01 1 1 1 0.0 0.0 0.0
Se 1.957332536441e+01 2.327138642557e+01 1.951046802998e+01 1 1 1 0.0 0.0 0.0
Se 8.930170252937e+00 1.764486783613e+00 1.951046802998e+01 1 1 1 0.0 0.0 0.0
Se 1.181269142899e+01 3.684745680216e+00 1.951046802998e+01 1 1 1 0.0 0.0 0.0
Se 1.469521260505e+01 5.605004576820e+00 1.951046802998e+01 1 1 1 0.0 0.0 0.0
Se 1.757773378111e+01 7.525263473423e+00 1.951046802998e+01 1 1 1 0.0 0.0 0.0
Se 2.046025495717e+01 9.445522370026e+00 1.951046802998e+01 1 1 1 0.0 0.0 0.0
Se 2.334277613322e+01 1.136578126663e+01 1.951046802998e+01 1 1 1 0.0 0.0 0.0
Se 2.622529730928e+01 1.328604016323e+01 1.951046802998e+01 1 1 1 0.0 0.0 0.0
Se 2.910781848534e+01 1.520629905984e+01 1.951046802998e+01 1 1 1 0.0 0.0 0.0
Se 3.199033966139e+01 1.712655795644e+01 1.951046802998e+01 1 1 1 0.0 0.0 0.0
Se 3.487286083745e+01 1.904681685304e+01 1.951046802998e+01 1 1 1 0.0 0.0 0.0
Se 3.775538201351e+01 2.096707574965e+01 1.951046802998e+01 1 1 1 0.0 0.0 0.0
Se 1.203442382718e+01 2.282796663306e-01 1.951046802998e+01 1 1 1 0.0 0.0 0.0
Se 1.491694500324e+01 2.148538562934e+00 1.951046802998e+01 1 1 1 0.0 0.0 0.0
Se 1.779946617930e+01 4.068797459537e+00 1.951046802998e+01 1 1 1 0.0 0.0 0.0
Se 2.068198735535e+01 5.989056356140e+00 1.951046802998e+01 1 1 1 0.0 0.0 0.0
Se 2.356450853141e+01 7.909315252744e+00 1.951046802998e+01 1 1 1 0.0 0.0 0.0
Se 2.644702970747e+01 9.829574149347e+00 1.951046802998e+01 1 1 1 0.0 0.0 0.0
Se 2.932955088352e+01 1.174983304595e+01 1.951046802998e+01 1 1 1 0.0 0.0 0.0
Se 3.221207205958e+01 1.367009194255e+01 1.951046802998e+01 1 1 1 0.0 0.0 0.0
Se 3.509459323564e+01 1.559035083916e+01 1.951046802998e+01 1 1 1 0.0 0.0 0.0
Se 1.802119857748e+01 6.123314456513e-01 1.951046802998e+01 1 1 1 0.0 0.0 0.0
Se 2.090371975354e+01 2.532590342255e+00 1.951046802998e+01 1 1 1 0.0 0.0 0.0
Se 2.378624092960e+01 4.452849238858e+00 1.951046802998e+01 1 1 1 0.0 0.0 0.0
Se 2.666876210566e+01 6.373108135461e+00 1.951046802998e+01 1 1 1 0.0 0.0 0.0
Se 2.955128328171e+01 8.293367032064e+00 1.951046802998e+01 1 1 1 0.0 0.0 0.0
Se 3.243380445777e+01 1.021362592867e+01 1.951046802998e+01 1 1 1 0.0 0.0 0.0
Se 2.400797332779e+01 9.963832249719e-01 1.951046802998e+01 1 1 1 0.0 0.0 0.0
Se 2.689049450384e+01 2.916642121575e+00 1.951046802998e+01 1 1 1 0.0 0.0 0.0
Se 2.977301567990e+01 4.836901018178e+00 1.951046802998e+01 1 1 1 0.0 0.0 0.0
Se 3.625908145406e+01 1.940737003827e+01 3.998930533072e+01 1 1 1 0.0 0.0 0.0
Se 3.216992350661e+01 1.886255239784e+01 3.998930533072e+01 1 1 1 0.0 0.0 0.0
Se 3.468632839738e+01 1.559364655525e+01 3.998930533072e+01 1 1 1 0.0 0.0 0.0
Se 2.808076555916e+01 1.831773475741e+01 3.998930533072e+01 1 1 1 0.0 0.0 0.0
Se 3.059717044993e+01 1.504882891482e+01 3.998930533072e+01 1 1 1 0.0 0.0 0.0
Se 3.311357534070e+01 1.177992307223e+01 3.998930533072e+01 1 1 1 0.0 0.0 0.0
Se 2.399160761172e+01 1.777291711698e+01 3.998930533072e+01 1 1 1 0.0 0.0 0.0
Se 2.650801250248e+01 1.450401127439e+01 3.998930533072e+01 1 1 1 0.0 0.0 0.0
Se 2.902441739325e+01 1.123510543180e+01 3.998930533072e+01 1 1 1 0.0 0.0 0.0
Se 3.154082228401e+01 7.966199589210e+00 3.998930533072e+01 1 1 1 0.0 0.0 0.0
Se 1.990244966427e+01 1.722809947655e+01 3.998930533072e+01 1 1 1 0.0 0.0 0.0
Se 2.241885455503e+01 1.395919363396e+01 3.998930533072e+01 1 1 1 0.0 0.0 0.0
Se 2.493525944580e+01 1.069028779137e+01 3.998930533072e+01 1 1 1 0.0 0.0 0.0
Se 2.745166433657e+01 7.421381948778e+00 3.998930533072e+01 1 1 1 0.0 0.0 0.0
Se 2.916716651880e+00 4.152476106189e+00 3.998930533072e+01 1 1 1 0.0 0.0 0.0
Se 1.581329171682e+01 1.668328183612e+01 3.998930533072e+01 1 1 1 0.0 0.0 0.0
Se 1.832969660759e+01 1.341437599353e+01 3.998930533072e+01 1 1 1 0.0 0.0 0.0
Se 2.084610149835e+01 1.014547015094e+01 3.998930533072e+01 1 1 1 0.0 0.0 0.0
Se 2.336250638912e+01 6.876564308347e+00 3.998930533072e+01 1 1 1 0.0 0.0 0.0
Se 2.587891127989e+01 3.607658465757e+00 3.998930533072e+01 1 1 1 0.0 0.0 0.0
Se 1.343963595199e+00 3.387526231673e-01 3.998930533072e+01 1 1 1 0.0 0.0 0.0
Se 1.172413376937e+01 1.613846419568e+01 3.998930533072e+01 1 1 1 0.0 0.0 0.0
Se 1.424053866014e+01 1.286955835309e+01 3.998930533072e+01 1 1 1 0.0 0.0 0.0
Se 1.675694355090e+01 9.600652510505e+00 3.998930533072e+01 1 1 1 0.0 0.0 0.0
Se 1.927334844167e+01 6.331746667915e+00 3.998930533072e+01 1 1 1 0.0 0.0 0.0
Se 2.178975333244e+01 3.062840825325e+00 3.998930533072e+01 1 1 1 0.0 0.0 0.0
Se 3.783183451074e+01 2.322109352130e+01 3.998930533072e+01 1 1 1 0.0 0.0 0.0
Se 1.015138071269e+01 1.232474071266e+01 3.998930533072e+01 1 1 1 0.0 0.0 0.0
Se 1.266778560346e+01 9.055834870073e+00 3.998930533072e+01 1 1 1 0.0 0.0 0.0
Se 1.518419049422e+01 5.786929027483e+00 3.998930533072e+01 1 1 1 0.0 0.0 0.0
Se 1.770059538499e+01 2.518023184894e+00 3.998930533072e+01 1 1 1 0.0 0.0 0.0
Se 3.374267656329e+01 2.267627588086e+01 3.998930533072e+01 1 1 1 0.0 0.0 0.0
Se 8.578627656009e+00 8.511017229642e+00 3.998930533072e+01 1 1 1 0.0 0.0 0.0
Se 1.109503254678e+01 5.242111387052e+00 3.998930533072e+01 1 1 1 0.0 0.0 0.0
Se 1.361143743754e+01 1.973205544462e+00 3.998930533072e+01 1 1 1 0.0 0.0 0.0
Se 2.965351861584e+01 2.213145824043e+01 3.998930533072e+01 1 1 1 0.0 0.0 0.0
Se 7.005874599328e+00 4.697293746620e+00 3.998930533072e+01 1 1 1 0.0 0.0 0.0
Se 9.522279490095e+00 1.428387904031e+00 3.998930533072e+01 1 1 1 0.0 0.0 0.0
Se 2.556436066840e+01 2.158664060000e+01 3.998930533072e+01 1 1 1 0.0 0.0 0.0
Se 5.433121542647e+00 8.835702635990e-01 3.998930533072e+01 1 1 1 0.0 0.0 0.0
Se 2.147520272095e+01 2.104182295957e+01 3.998930533072e+01 1 1 1 0.0 0.0 0.0
Se 1.738604477350e+01 2.049700531914e+01 3.998930533072e+01 1 1 1 0.0 0.0 0.0
Se 1.329688682605e+01 1.995218767871e+01 3.998930533072e+01 1 1 1 0.0 0.0 0.0
Se 3.409321764192e+01 2.030690611704e+01 3.635172086532e+01 1 1 1 0.0 0.0 0.0
Se 3.000405969447e+01 1.976208847661e+01 3.635172086532e+01 1 1 1 0.0 0.0 0.0
Se 3.252046458524e+01 1.649318263402e+01 3.635172086532e+01 1 1 1 0.0 0.0 0.0
Se 2.591490174702e+01 1.921727083618e+01 3.635172086532e+01 1 1 1 0.0 0.0 0.0
Se 2.843130663779e+01 1.594836499359e+01 3.635172086532e+01 1 1 1 0.0 0.0 0.0
Se 3.094771152856e+01 1.267945915100e+01 3.635172086532e+01 1 1 1 0.0 0.0 0.0
Se 2.182574379958e+01 1.867245319574e+01 3.635172086532e+01 1 1 1 0.0 0.0 0.0
Se 2.434214869034e+01 1.540354735315e+01 3.635172086532e+01 1 1 1 0.0 0.0 0.0
Se 2.685855358111e+01 1.213464151056e+01 3.635172086532e+01 1 1 1 0.0 0.0 0.0
Se 2.937495847188e+01 8.865735667974e+00 3.635172086532e+01 1 1 1 0.0 0.0 0.0
Se 1.773658585213e+01 1.812763555531e+01 3.635172086532e+01 1 1 1 0.0 0.0 0.0
Se 2.025299074290e+01 1.485872971272e+01 3.635172086532e+01 1 1 1 0.0 0.0 0.0
Se 2.276939563366e+01 1.158982387013e+01 3.635172086532e+01 1 1 1 0.0 0.0 0.0
Se 2.528580052443e+01 8.320918027543e+00 3.635172086532e+01 1 1 1 0.0 0.0 0.0
Se 2.780220541520e+01 5.052012184953e+00 3.635172086532e+01 1 1 1 0.0 0.0 0.0
Se 1.364742790468e+01 1.758281791488e+01 3.635172086532e+01 1 1 1 0.0 0.0 0.0
Se 1.616383279545e+01 1.431391207229e+01 3.635172086532e+01 1 1 1 0.0 0.0 0.0
Se 1.868023768621e+01 1.104500622970e+01 3.635172086532e+01 1 1 1 0.0 0.0 0.0
Se 2.119664257698e+01 7.776100387111e+00 3.635172086532e+01 1 1 1 0.0 0.0 0.0
Se 2.371304746775e+01 4.507194544522e+00 3.635172086532e+01 1 1 1 0.0 0.0 0.0
Se 2.622945235851e+01 1.238288701932e+00 3.635172086532e+01 1 1 1 0.0 0.0 0.0
Se 3.660962253269e+01 1.703800027445e+01 3.635172086532e+01 1 1 1 0.0 0.0 0.0
Se 1.207467484800e+01 1.376909443186e+01 3.635172086532e+01 1 1 1 0.0 0.0 0.0
Se 1.459107973877e+01 1.050018858927e+01 3.635172086532e+01 1 1 1 0.0 0.0 0.0
Se 1.710748462953e+01 7.231282746680e+00 3.635172086532e+01 1 1 1 0.0 0.0 0.0
Se 1.962388952030e+01 3.962376904090e+00 3.635172086532e+01 1 1 1 0.0 0.0 0.0
Se 2.214029441107e+01 6.934710615003e-01 3.635172086532e+01 1 1 1 0.0 0.0 0.0
Se 7.985516900552e+00 1.322427679143e+01 3.635172086532e+01 1 1 1 0.0 0.0 0.0
Se 1.050192179132e+01 9.955370948838e+00 3.635172086532e+01 1 1 1 0.0 0.0 0.0
Se 1.301832668209e+01 6.686465106248e+00 3.635172086532e+01 1 1 1 0.0 0.0 0.0
Se 1.553473157285e+01 3.417559263658e+00 3.635172086532e+01 1 1 1 0.0 0.0 0.0
Se 1.805113646362e+01 1.486534210686e-01 3.635172086532e+01 1 1 1 0.0 0.0 0.0
Se 6.412763843871e+00 9.410553308406e+00 3.635172086532e+01 1 1 1 0.0 0.0 0.0
Se 8.929168734638e+00 6.141647465816e+00 3.635172086532e+01 1 1 1 0.0 0.0 0.0
Se 1.144557362540e+01 2.872741623227e+00 3.635172086532e+01 1 1 1 0.0 0.0 0.0
Se 2.748765480371e+01 2.303099431920e+01 3.635172086532e+01 1 1 1 0.0 0.0 0.0
Se 4.840010787190e+00 5.596829825385e+00 3.635172086532e+01 1 1 1 0.0 0.0 0.0
Se 7.356415677956e+00 2.327923982795e+00 3.635172086532e+01 1 1 1 0.0 0.0 0.0
Se 2.339849685626e+01 2.248617667876e+01 3.635172086532e+01 1 1 1 0.0 0.0 0.0
Se 3.267257730509e+00 1.783106342363e+00 3.635172086532e+01 1 1 1 0.0 0.0 0.0
Se 1.930933890881e+01 2.194135903833e+01 3.635172086532e+01 1 1 1 0.0 0.0 0.0
Se 1.522018096136e+01 2.139654139790e+01 3.635172086532e+01 1 1 1 0.0 0.0 0.0
Se 3.818237558937e+01 2.085172375747e+01 3.635172086532e+01 1 1 1 0.0 0.0 0.0
Se 3.440236657424e+01 1.795771076346e+01 3.271820175121e+01 1 1 1 0.0 0.0 0.0
Se 3.031320862679e+01 1.741289312303e+01 3.271820175121e+01 1 1 1 0.0 0.0 0.0
Se 3.282961351756e+01 1.414398728044e+01 3.271820175121e+01 1 1 1 0.0 0.0 0.0
Se 2.622405067935e+01 1.686807548260e+01 3.271820175121e+01 1 1 1 0.0 0.0 0.0
Se 2.874045557011e+01 1.359916964001e+01 3.271820175121e+01 1 1 1 0.0 0.0 0.0
Se 3.125686046088e+01 1.033026379742e+01 3.271820175121e+01 1 1 1 0.0 0.0 0.0
Se 2.213489273190e+01 1.632325784216e+01 3.271820175121e+01 1 1 1 0.0 0.0 0.0
Se 2.465129762266e+01 1.305435199957e+01 3.271820175121e+01 1 1 1 0.0 0.0 0.0
Se 2.716770251343e+01 9.785446156984e+00 3.271820175121e+01 1 1 1 0.0 0.0 0.0
Se 2.968410740420e+01 6.516540314394e+00 3.271820175121e+01 1 1 1 0.0 0.0 0.0
Se 1.804573478445e+01 1.577844020173e+01 3.271820175121e+01 1 1 1 0.0 0.0 0.0
Se 2.056213967522e+01 1.250953435914e+01 3.271820175121e+01 1 1 1 0.0 0.0 0.0
Se 2.307854456598e+01 9.240628516553e+00 3.271820175121e+01 1 1 1 0.0 0.0 0.0
Se 2.559494945675e+01 5.971722673963e+00 3.271820175121e+01 1 1 1 0.0 0.0 0.0
Se 2.811135434752e+01 2.702816831373e+00 3.271820175121e+01 1 1 1 0.0 0.0 0.0
Se 1.395657683700e+01 1.523362256130e+01 3.271820175121e+01 1 1 1 0.0 0.0 0.0
Se 1.647298172777e+01 1.196471671871e+01 3.271820175121e+01 1 1 1 0.0 0.0 0.0
Se 1.898938661854e+01 8.695810876121e+00 3.271820175121e+01 1 1 1 0.0 0.0 0.0
Se 2.150579150930e+01 5.426905033531e+00 3.271820175121e+01 1 1 1 0.0 0.0 0.0
Se 2.402219640007e+01 2.157999190942e+00 3.271820175121e+01 1 1 1 0.0 0.0 0.0
Se 1.301292500292e+01 2.231625188691e+01 3.271820175121e+01 1 1 1 0.0 0.0 0.0
Se 9.867418889555e+00 1.468880492087e+01 3.271820175121e+01 1 1 1 0.0 0.0 0.0
Se 1.238382378032e+01 1.141989907828e+01 3.271820175121e+01 1 1 1 0.0 0.0 0.0
Se 1.490022867109e+01 8.150993235689e+00 3.271820175121e+01 1 1 1 0.0 0.0 0.0
Se 1.741663356185e+01 4.882087393100e+00 3.271820175121e+01 1 1 1 0.0 0.0 0.0
Se 1.993303845262e+01 1.613181550510e+00 3.271820175121e+01 1 1 1 0.0 0.0 0.0
Se 3.597511963092e+01 2.177143424648e+01 3.271820175121e+01 1 1 1 0.0 0.0 0.0
Se 8.294665832874e+00 1.087508143785e+01 3.271820175121e+01 1 1 1 0.0 0.0 0.0
Se 1.081107072364e+01 7.606175595258e+00 3.271820175121e+01 1 1 1 0.0 0.0 0.0
Se 1.332747561441e+01 4.337269752668e+00 3.271820175121e+01 1 1 1 0.0 0.0 0.0
Se 1.584388050517e+01 1.068363910078e+00 3.271820175121e+01 1 1 1 0.0 0.0 0.0
Se 3.188596168348e+01 2.122661660605e+01 3.271820175121e+01 1 1 1 0.0 0.0 0.0
Se 6.721912776193e+00 7.061357954826e+00 3.271820175121e+01 1 1 1 0.0 0.0 0.0
Se 9.238317666959e+00 3.792452112236e+00 3.271820175121e+01 1 1 1 0.0 0.0 0.0
Se 1.175472255773e+01 5.235462696467e-01 3.271820175121e+01 1 1 1 0.0 0.0 0.0
Se 2.779680373603e+01 2.068179896562e+01 3.271820175121e+01 1 1 1 0.0 0.0 0.0
Se 5.149159719511e+00 3.247634471805e+00 3.271820175121e+01 1 1 1 0.0 0.0 0.0
Se 2.119124089781e+01 2.340588716777e+01 3.271820175121e+01 1 1 1 0.0 0.0 0.0
Se 2.370764578858e+01 2.013698132518e+01 3.271820175121e+01 1 1 1 0.0 0.0 0.0
Se 1.710208295037e+01 2.286106952734e+01 3.271820175121e+01 1 1 1 0.0 0.0 0.0
Se 1.961848784113e+01 1.959216368475e+01 3.271820175121e+01 1 1 1 0.0 0.0 0.0
Se 1.552932989368e+01 1.904734604432e+01 3.271820175121e+01 1 1 1 0.0 0.0 0.0
Se 1.144017194624e+01 1.850252840389e+01 3.271820175121e+01 1 1 1 0.0 0.0 0.0
Se 3.412966207270e+01 2.037959224695e+01 2.995146533993e+01 1 1 1 0.0 0.0 0.0
Se 3.004050412525e+01 1.983477460652e+01 2.995146533993e+01 1 1 1 0.0 0.0 0.0
Se 3.255690901601e+01 1.656586876393e+01 2.995146533993e+01 1 1 1 0.0 0.0 0.0
Se 2.595134617780e+01 1.928995696608e+01 2.995146533993e+01 1 1 1 0.0 0.0 0.0
Se 2.846775106857e+01 1.602105112349e+01 2.995146533993e+01 1 1 1 0.0 0.0 0.0
Se 3.098415595933e+01 1.275214528091e+01 2.995146533993e+01 1 1 1 0.0 0.0 0.0
Se 2.186218823035e+01 1.874513932565e+01 2.995146533993e+01 1 1 1 0.0 0.0 0.0
Se 2.437859312112e+01 1.547623348306e+01 2.995146533993e+01 1 1 1 0.0 0.0 0.0
Se 2.689499801189e+01 1.220732764047e+01 2.995146533993e+01 1 1 1 0.0 0.0 0.0
Se 2.941140290265e+01 8.938421797884e+00 2.995146533993e+01 1 1 1 0.0 0.0 0.0
Se 1.777303028290e+01 1.820032168522e+01 2.995146533993e+01 1 1 1 0.0 0.0 0.0
Se 2.028943517367e+01 1.493141584263e+01 2.995146533993e+01 1 1 1 0.0 0.0 0.0
Se 2.280584006444e+01 1.166251000004e+01 2.995146533993e+01 1 1 1 0.0 0.0 0.0
Se 2.532224495520e+01 8.393604157452e+00 2.995146533993e+01 1 1 1 0.0 0.0 0.0
Se 2.783864984597e+01 5.124698314862e+00 2.995146533993e+01 1 1 1 0.0 0.0 0.0
Se 1.368387233546e+01 1.765550404479e+01 2.995146533993e+01 1 1 1 0.0 0.0 0.0
Se 1.620027722622e+01 1.438659820220e+01 2.995146533993e+01 1 1 1 0.0 0.0 0.0
Se 1.871668211699e+01 1.111769235961e+01 2.995146533993e+01 1 1 1 0.0 0.0 0.0
Se 2.123308700776e+01 7.848786517021e+00 2.995146533993e+01 1 1 1 0.0 0.0 0.0
Se 2.374949189852e+01 4.579880674431e+00 2.995146533993e+01 1 1 1 0.0 0.0 0.0
Se 2.626589678929e+01 1.310974831841e+00 2.995146533993e+01 1 1 1 0.0 0.0 0.0
Se 3.664606696346e+01 1.711068640436e+01 2.995146533993e+01 1 1 1 0.0 0.0 0.0
Se 1.211111927878e+01 1.384178056177e+01 2.995146533993e+01 1 1 1 0.0 0.0 0.0
Se 1.462752416954e+01 1.057287471918e+01 2.995146533993e+01 1 1 1 0.0 0.0 0.0
Se 1.714392906031e+01 7.303968876589e+00 2.995146533993e+01 1 1 1 0.0 0.0 0.0
Se 1.966033395108e+01 4.035063033999e+00 2.995146533993e+01 1 1 1 0.0 0.0 0.0
Se 2.217673884184e+01 7.661571914095e-01 2.995146533993e+01 1 1 1 0.0 0.0 0.0
Se 8.021961331327e+00 1.329696292134e+01 2.995146533993e+01 1 1 1 0.0 0.0 0.0
Se 1.053836622209e+01 1.002805707875e+01 2.995146533993e+01 1 1 1 0.0 0.0 0.0
Se 1.305477111286e+01 6.759151236157e+00 2.995146533993e+01 1 1 1 0.0 0.0 0.0
Se 1.557117600363e+01 3.490245393568e+00 2.995146533993e+01 1 1 1 0.0 0.0 0.0
Se 1.808758089439e+01 2.213395509779e-01 2.995146533993e+01 1 1 1 0.0 0.0 0.0
Se 6.449208274646e+00 9.483239438315e+00 2.995146533993e+01 1 1 1 0.0 0.0 0.0
Se 8.965613165413e+00 6.214333595726e+00 2.995146533993e+01 1 1 1 0.0 0.0 0.0
Se 1.148201805618e+01 2.945427753136e+00 2.995146533993e+01 1 1 1 0.0 0.0 0.0
Se 2.752409923448e+01 2.310368044911e+01 2.995146533993e+01 1 1 1 0.0 0.0 0.0
Se 4.876455217965e+00 5.669515955294e+00 2.995146533993e+01 1 1 1 0.0 0.0 0.0
Se 7.392860108732e+00 2.400610112704e+00 2.995146533993e+01 1 1 1 0.0 0.0 0.0
Se 2.343494128703e+01 2.255886280867e+01 2.995146533993e+01 1 1 1 0.0 0.0 0.0
Se 3.303702161284e+00 1.855792472273e+00 2.995146533993e+01 1 1 1 0.0 0.0 0.0
Se 1.934578333959e+01 2.201404516824e+01 2.995146533993e+01 1 1 1 0.0 0.0 0.0
Se 1.525662539214e+01 2.146922752781e+01 2.995146533993e+01 1 1 1 0.0 0.0 0.0
Se 3.821882002014e+01 2.092440988738e+01 2.995146533993e+01 1 1 1 0.0 0.0 0.0
Se 3.443124919353e+01 1.803332735590e+01 2.633360299309e+01 1 1 1 0.0 0.0 0.0
Se 3.034209124608e+01 1.748850971546e+01 2.633360299309e+01 1 1 1 0.0 0.0 0.0
Se 3.285849613685e+01 1.421960387287e+01 2.633360299309e+01 1 1 1 0.0 0.0 0.0
Se 2.625293329863e+01 1.694369207503e+01 2.633360299309e+01 1 1 1 0.0 0.0 0.0
Se 2.876933818940e+01 1.367478623244e+01 2.633360299309e+01 1 1 1 0.0 0.0 0.0
Se 3.128574308017e+01 1.040588038985e+01 2.633360299309e+01 1 1 1 0.0 0.0 0.0
Se 2.216377535119e+01 1.639887443460e+01 2.633360299309e+01 1 1 1 0.0 0.0 0.0
Se 2.468018024195e+01 1.312996859201e+01 2.633360299309e+01 1 1 1 0.0 0.0 0.0
Se 2.719658513272e+01 9.861062749421e+00 2.633360299309e+01 1 1 1 0.0 0.0 0.0
Se 2.971299002349e+01 6.592156906832e+00 2.633360299309e+01 1 1 1 0.0 0.0 0.0
Se 1.807461740374e+01 1.585405679417e+01 2.633360299309e+01 1 1 1 0.0 0.0 0.0
Se 2.059102229451e+01 1.258515095158e+01 2.633360299309e+01 1 1 1 0.0 0.0 0.0
Se 2.310742718527e+01 9.316245108990e+00 2.633360299309e+01 1 1 1 0.0 0.0 0.0
Se 2.562383207604e+01 6.047339266400e+00 2.633360299309e+01 1 1 1 0.0 0.0 0.0
Se 2.814023696680e+01 2.778433423810e+00 2.633360299309e+01 1 1 1 0.0 0.0 0.0
Se 1.398545945629e+01 1.530923915374e+01 2.633360299309e+01 1 1 1 0.0 0.0 0.0
Se 1.650186434706e+01 1.204033331115e+01 2.633360299309e+01 1 1 1 0.0 0.0 0.0
Se 1.901826923782e+01 8.771427468558e+00 2.633360299309e+01 1 1 1 0.0 0.0 0.0
Se 2.153467412859e+01 5.502521625968e+00 2.633360299309e+01 1 1 1 0.0 0.0 0.0
Se 2.405107901936e+01 2.233615783379e+00 2.633360299309e+01 1 1 1 0.0 0.0 0.0
Se 1.304180762221e+01 2.239186847935e+01 2.633360299309e+01 1 1 1 0.0 0.0 0.0
Se 9.896301508843e+00 1.476442151331e+01 2.633360299309e+01 1 1 1 0.0 0.0 0.0
Se 1.241270639961e+01 1.149551567072e+01 2.633360299309e+01 1 1 1 0.0 0.0 0.0
Se 1.492911129038e+01 8.226609828127e+00 2.633360299309e+01 1 1 1 0.0 0.0 0.0
Se 1.744551618114e+01 4.957703985537e+00 2.633360299309e+01 1 1 1 0.0 0.0 0.0
Se 1.996192107191e+01 1.688798142947e+00 2.633360299309e+01 1 1 1 0.0 0.0 0.0
Se 3.600400225021e+01 2.184705083892e+01 2.633360299309e+01 1 1 1 0.0 0.0 0.0
Se 8.323548452162e+00 1.095069803028e+01 2.633360299309e+01 1 1 1 0.0 0.0 0.0
Se 1.083995334293e+01 7.681792187695e+00 2.633360299309e+01 1 1 1 0.0 0.0 0.0
Se 1.335635823369e+01 4.412886345105e+00 2.633360299309e+01 1 1 1 0.0 0.0 0.0
Se 1.587276312446e+01 1.143980502516e+00 2.633360299309e+01 1 1 1 0.0 0.0 0.0
Se 3.191484430276e+01 2.130223319849e+01 2.633360299309e+01 1 1 1 0.0 0.0 0.0
Se 6.750795395481e+00 7.136974547263e+00 2.633360299309e+01 1 1 1 0.0 0.0 0.0
Se 9.267200286247e+00 3.868068704674e+00 2.633360299309e+01 1 1 1 0.0 0.0 0.0
Se 1.178360517701e+01 5.991628620840e-01 2.633360299309e+01 1 1 1 0.0 0.0 0.0
Se 2.782568635532e+01 2.075741555805e+01 2.633360299309e+01 1 1 1 0.0 0.0 0.0
Se 5.178042338799e+00 3.323251064242e+00 2.633360299309e+01 1 1 1 0.0 0.0 0.0
Se 7.694447229566e+00 5.434522165234e-02 2.633360299309e+01 1 1 1 0.0 0.0 0.0
Se 2.373652840787e+01 2.021259791762e+01 2.633360299309e+01 1 1 1 0.0 0.0 0.0
Se 1.713096556965e+01 2.293668611978e+01 2.633360299309e+01 1 1 1 0.0 0.0 0.0
Se 1.964737046042e+01 1.966778027719e+01 2.633360299309e+01 1 1 1 0.0 0.0 0.0
Se 1.555821251297e+01 1.912296263676e+01 2.633360299309e+01 1 1 1 0.0 0.0 0.0
Se 1.146905456552e+01 1.857814499633e+01 2.633360299309e+01 1 1 1 0.0 0.0 0.0
Se 3.630478077887e+01 1.948564386362e+01 2.271046802998e+01 1 1 1 0.0 0.0 0.0
Se 3.221562283142e+01 1.894082622319e+01 2.271046802998e+01 1 1 1 0.0 0.0 0.0
Se 3.473202772219e+01 1.567192038060e+01 2.271046802998e+01 1 1 1 0.0 0.0 0.0
Se 2.812646488398e+01 1.839600858275e+01 2.271046802998e+01 1 1 1 0.0 0.0 0.0
Se 3.064286977474e+01 1.512710274016e+01 2.271046802998e+01 1 1 1 0.0 0.0 0.0
Se 3.315927466551e+01 1.185819689758e+01 2.271046802998e+01 1 1 1 0.0 0.0 0.0
Se 2.403730693653e+01 1.785119094232e+01 2.271046802998e+01 1 1 1 0.0 0.0 0.0
Se 2.655371182729e+01 1.458228509973e+01 2.271046802998e+01 1 1 1 0.0 0.0 0.0
Se 2.907011671806e+01 1.131337925714e+01 2.271046802998e+01 1 1 1 0.0 0.0 0.0
Se 3.158652160883e+01 8.044473414554e+00 2.271046802998e+01 1 1 1 0.0 0.0 0.0
Se 1.994814898908e+01 1.730637330189e+01 2.271046802998e+01 1 1 1 0.0 0.0 0.0
Se 2.246455387985e+01 1.403746745930e+01 2.271046802998e+01 1 1 1 0.0 0.0 0.0
Se 2.498095877061e+01 1.076856161671e+01 2.271046802998e+01 1 1 1 0.0 0.0 0.0
Se 2.749736366138e+01 7.499655774122e+00 2.271046802998e+01 1 1 1 0.0 0.0 0.0
Se 2.962415976692e+00 4.230749931533e+00 2.271046802998e+01 1 1 1 0.0 0.0 0.0
Se 1.585899104163e+01 1.676155566146e+01 2.271046802998e+01 1 1 1 0.0 0.0 0.0
Se 1.837539593240e+01 1.349264981887e+01 2.271046802998e+01 1 1 1 0.0 0.0 0.0
Se 2.089180082316e+01 1.022374397628e+01 2.271046802998e+01 1 1 1 0.0 0.0 0.0
Se 2.340820571393e+01 6.954838133691e+00 2.271046802998e+01 1 1 1 0.0 0.0 0.0
Se 2.592461060470e+01 3.685932291101e+00 2.271046802998e+01 1 1 1 0.0 0.0 0.0
Se 1.389662920011e+00 4.170264485113e-01 2.271046802998e+01 1 1 1 0.0 0.0 0.0
Se 1.176983309418e+01 1.621673802103e+01 2.271046802998e+01 1 1 1 0.0 0.0 0.0
Se 1.428623798495e+01 1.294783217844e+01 2.271046802998e+01 1 1 1 0.0 0.0 0.0
Se 1.680264287572e+01 9.678926335849e+00 2.271046802998e+01 1 1 1 0.0 0.0 0.0
Se 1.931904776648e+01 6.410020493259e+00 2.271046802998e+01 1 1 1 0.0 0.0 0.0
Se 2.183545265725e+01 3.141114650669e+00 2.271046802998e+01 1 1 1 0.0 0.0 0.0
Se 3.787753383555e+01 2.329936734664e+01 2.271046802998e+01 1 1 1 0.0 0.0 0.0
Se 1.019708003750e+01 1.240301453801e+01 2.271046802998e+01 1 1 1 0.0 0.0 0.0
Se 1.271348492827e+01 9.134108695417e+00 2.271046802998e+01 1 1 1 0.0 0.0 0.0
Se 1.522988981904e+01 5.865202852827e+00 2.271046802998e+01 1 1 1 0.0 0.0 0.0
Se 1.774629470980e+01 2.596297010238e+00 2.271046802998e+01 1 1 1 0.0 0.0 0.0
Se 3.378837588810e+01 2.275454970621e+01 2.271046802998e+01 1 1 1 0.0 0.0 0.0
Se 8.624326980821e+00 8.589291054985e+00 2.271046802998e+01 1 1 1 0.0 0.0 0.0
Se 1.114073187159e+01 5.320385212396e+00 2.271046802998e+01 1 1 1 0.0 0.0 0.0
Se 1.365713676235e+01 2.051479369806e+00 2.271046802998e+01 1 1 1 0.0 0.0 0.0
Se 2.969921794066e+01 2.220973206578e+01 2.271046802998e+01 1 1 1 0.0 0.0 0.0
Se 7.051573924140e+00 4.775567571964e+00 2.271046802998e+01 1 1 1 0.0 0.0 0.0
Se 9.567978814907e+00 1.506661729375e+00 2.271046802998e+01 1 1 1 0.0 0.0 0.0
Se 2.561005999321e+01 2.166491442534e+01 2.271046802998e+01 1 1 1 0.0 0.0 0.0
Se 5.478820867459e+00 9.618440889429e-01 2.271046802998e+01 1 1 1 0.0 0.0 0.0
Se 2.152090204576e+01 2.112009678491e+01 2.271046802998e+01 1 1 1 0.0 0.0 0.0
Se 1.743174409831e+01 2.057527914448e+01 2.271046802998e+01 1 1 1 0.0 0.0 0.0
Se 1.334258615087e+01 2.003046150405e+01 2.271046802998e+01 1 1 1 0.0 0.0 0.0
"