calculation_mode = "Quench Electrons"
cell_relax = "False"
charge_density_mixing = "0.1"
charge_mixing_type = "Broyden"
description = "Example parameters for high-throughput bulk relaxation of a vdW material"
dos_broading = "0.05"
dos_method = "Gaussian"
energy_convergence_criterion = "1e-10"
energy_output_units = "Hartrees"
kohn_sham_mucycles = "3"
kohn_sham_solver = "davidson"
kpoint_distribution = "1"
kpoint_mesh = "2 1 1"
localize_projectors = "False"
max_md_steps = "100"
max_scf_steps = "200"
non_local_block_size = "4000"
output_wave_function_file = "/dev/null"
potential_acceleration_constant_step = "1.5"
processor_grid = "2 8 13"
rms_convergence_criterion = "1e-08"
scalapack_block_factor = "64"
start_mode = "LCAO Start"
state_block_size = "64"
stress = "True"
subdiag_driver = "scalapack"
use_async_allreduce = "False"
vdw_corr = "DFT-D3"
vdwdf_kernel_filepath = "/lustre/orion/world-shared/cph162/rjmorelock/rmgdft/XC/vdW_kernel_table"
wavefunction_grid = "60 230 378"
write_data_period = "50"

atomic_coordinate_type = "Absolute"
crds_units = "Angstrom"
lattice_units = "Angstrom"

lattice_vector = "
6.927141563561e+00 0.000000000000e+00 4.000000000000e-16
1.731785389394e+00 2.699586256431e+01 1.700000000000e-15
0.000000000000e+00 0.000000000000e+00 4.446241589303e+01
"
atoms = "
Nb 4.199828032000e+00 2.066486380530e+01 1.532833092694e+01 1 1 1 0.0 0.0 0.0
Nb 7.663398813780e+00 2.066486380530e+01 1.532833092694e+01 1 1 1 0.0 0.0 0.0
Nb 2.468042641276e+00 1.766532352037e+01 1.532833092694e+01 1 1 1 0.0 0.0 0.0
Nb 5.931613423056e+00 1.766532352037e+01 1.532833092694e+01 1 1 1 0.0 0.0 0.0
Nb 4.199828032332e+00 1.466578323545e+01 1.532833092694e+01 1 1 1 0.0 0.0 0.0
Nb 7.663398814113e+00 1.466578323545e+01 1.532833092694e+01 1 1 1 0.0 0.0 0.0
Nb 2.468042641609e+00 1.166624295053e+01 1.532833092694e+01 1 1 1 0.0 0.0 0.0
Nb 5.931613423389e+00 1.166624295053e+01 1.532833092694e+01 1 1 1 0.0 0.0 0.0
Nb 4.199828032665e+00 8.666702665603e+00 1.532833092694e+01 1 1 1 0.0 0.0 0.0
Nb 7.362572508846e-01 8.666702665603e+00 1.532833092694e+01 1 1 1 0.0 0.0 0.0
Nb 2.468042641941e+00 5.667162380680e+00 1.532833092694e+01 1 1 1 0.0 0.0 0.0
Nb 5.931613423721e+00 5.667162380680e+00 1.532833092694e+01 1 1 1 0.0 0.0 0.0
Nb 4.199828032997e+00 2.667622095757e+00 1.532833092694e+01 1 1 1 0.0 0.0 0.0
Nb 7.362572512172e-01 2.667622095757e+00 1.532833092694e+01 1 1 1 0.0 0.0 0.0
Nb 4.199828031667e+00 2.666394437514e+01 1.532833092694e+01 1 1 1 0.0 0.0 0.0
Nb 7.663398813448e+00 2.666394437514e+01 1.532833092694e+01 1 1 1 0.0 0.0 0.0
Nb 2.468042640943e+00 2.366440409022e+01 1.532833092694e+01 1 1 1 0.0 0.0 0.0
Nb 5.931613422724e+00 2.366440409022e+01 1.532833092694e+01 1 1 1 0.0 0.0 0.0
Nb 4.198845192557e+00 2.065510764650e+01 9.182088683320e+00 1 1 1 0.0 0.0 0.0
Nb 7.662415974337e+00 2.065510764650e+01 9.182088683320e+00 1 1 1 0.0 0.0 0.0
Nb 2.467059801833e+00 1.765556736158e+01 9.182088683320e+00 1 1 1 0.0 0.0 0.0
Nb 5.930630583613e+00 1.765556736158e+01 9.182088683320e+00 1 1 1 0.0 0.0 0.0
Nb 4.198845192889e+00 1.465602707666e+01 9.182088683320e+00 1 1 1 0.0 0.0 0.0
Nb 7.662415974669e+00 1.465602707666e+01 9.182088683320e+00 1 1 1 0.0 0.0 0.0
Nb 2.467059802165e+00 1.165648679174e+01 9.182088683320e+00 1 1 1 0.0 0.0 0.0
Nb 5.930630583945e+00 1.165648679174e+01 9.182088683320e+00 1 1 1 0.0 0.0 0.0
Nb 4.198845193222e+00 8.656946506812e+00 9.182088683320e+00 1 1 1 0.0 0.0 0.0
Nb 7.352744114413e-01 8.656946506812e+00 9.182088683320e+00 1 1 1 0.0 0.0 0.0
Nb 2.467059802498e+00 5.657406221889e+00 9.182088683320e+00 1 1 1 0.0 0.0 0.0
Nb 5.930630584278e+00 5.657406221889e+00 9.182088683320e+00 1 1 1 0.0 0.0 0.0
Nb 4.198845193554e+00 2.657865936965e+00 9.182088683320e+00 1 1 1 0.0 0.0 0.0
Nb 7.352744117739e-01 2.657865936965e+00 9.182088683320e+00 1 1 1 0.0 0.0 0.0
Nb 4.198845192224e+00 2.665418821635e+01 9.182088683320e+00 1 1 1 0.0 0.0 0.0
Nb 7.662415974004e+00 2.665418821635e+01 9.182088683320e+00 1 1 1 0.0 0.0 0.0
Nb 2.467059801500e+00 2.365464793143e+01 9.182088683320e+00 1 1 1 0.0 0.0 0.0
Nb 5.930630583280e+00 2.365464793143e+01 9.182088683320e+00 1 1 1 0.0 0.0 0.0
Bi 4.274411219069e+00 2.191815328497e+01 3.532095071834e+01 1 1 1 0.0 0.0 0.0
Bi 7.871196261803e+00 1.984154847233e+01 3.532095071834e+01 1 1 1 0.0 0.0 0.0
Bi 4.540839740975e+00 1.776494365969e+01 3.532095071834e+01 1 1 1 0.0 0.0 0.0
Bi 1.210483220148e+00 1.568833884705e+01 3.532095071834e+01 1 1 1 0.0 0.0 0.0
Bi 4.807268262881e+00 1.361173403441e+01 3.532095071834e+01 1 1 1 0.0 0.0 0.0
Bi 1.476911742053e+00 1.153512922177e+01 3.532095071834e+01 1 1 1 0.0 0.0 0.0
Bi 5.073696784786e+00 9.458524409135e+00 3.532095071834e+01 1 1 1 0.0 0.0 0.0
Bi 1.743340263959e+00 7.381919596496e+00 3.532095071834e+01 1 1 1 0.0 0.0 0.0
Bi 5.340125306692e+00 5.305314783856e+00 3.532095071834e+01 1 1 1 0.0 0.0 0.0
Bi 2.009768785864e+00 3.228709971217e+00 3.532095071834e+01 1 1 1 0.0 0.0 0.0
Bi 5.606553828598e+00 1.152105158578e+00 3.532095071834e+01 1 1 1 0.0 0.0 0.0
Bi 4.007982697164e+00 2.607136291025e+01 3.532095071834e+01 1 1 1 0.0 0.0 0.0
Bi 7.604767739897e+00 2.399475809761e+01 3.532095071834e+01 1 1 1 0.0 0.0 0.0
Bi 1.988249815940e+00 2.194310806769e+01 3.133430771007e+01 1 1 1 0.0 0.0 0.0
Bi 5.585034858673e+00 1.986650325505e+01 3.133430771007e+01 1 1 1 0.0 0.0 0.0
Bi 2.254678337845e+00 1.778989844241e+01 3.133430771007e+01 1 1 1 0.0 0.0 0.0
Bi 5.851463380579e+00 1.571329362977e+01 3.133430771007e+01 1 1 1 0.0 0.0 0.0
Bi 2.521106859751e+00 1.363668881713e+01 3.133430771007e+01 1 1 1 0.0 0.0 0.0
Bi 6.117891902484e+00 1.156008400449e+01 3.133430771007e+01 1 1 1 0.0 0.0 0.0
Bi 2.787535381657e+00 9.483479191854e+00 3.133430771007e+01 1 1 1 0.0 0.0 0.0
Bi 6.384320424390e+00 7.406874379215e+00 3.133430771007e+01 1 1 1 0.0 0.0 0.0
Bi 3.053963903562e+00 5.330269566576e+00 3.133430771007e+01 1 1 1 0.0 0.0 0.0
Bi 6.650748946295e+00 3.253664753936e+00 3.133430771007e+01 1 1 1 0.0 0.0 0.0
Bi 3.320392425468e+00 1.177059941297e+00 3.133430771007e+01 1 1 1 0.0 0.0 0.0
Bi 1.721821294034e+00 2.609631769297e+01 3.133430771007e+01 1 1 1 0.0 0.0 0.0
Bi 5.318606336767e+00 2.401971288033e+01 3.133430771007e+01 1 1 1 0.0 0.0 0.0
Bi 1.967384955897e+00 2.200849645060e+01 2.529282906773e+01 1 1 1 0.0 0.0 0.0
Bi 5.564169998630e+00 1.993189163796e+01 2.529282906773e+01 1 1 1 0.0 0.0 0.0
Bi 2.233813477802e+00 1.785528682532e+01 2.529282906773e+01 1 1 1 0.0 0.0 0.0
Bi 5.830598520535e+00 1.577868201268e+01 2.529282906773e+01 1 1 1 0.0 0.0 0.0
Bi 2.500241999708e+00 1.370207720004e+01 2.529282906773e+01 1 1 1 0.0 0.0 0.0
Bi 6.097027042441e+00 1.162547238741e+01 2.529282906773e+01 1 1 1 0.0 0.0 0.0
Bi 2.766670521614e+00 9.548867574767e+00 2.529282906773e+01 1 1 1 0.0 0.0 0.0
Bi 6.363455564347e+00 7.472262762127e+00 2.529282906773e+01 1 1 1 0.0 0.0 0.0
Bi 3.033099043519e+00 5.395657949488e+00 2.529282906773e+01 1 1 1 0.0 0.0 0.0
Bi 6.629884086252e+00 3.319053136849e+00 2.529282906773e+01 1 1 1 0.0 0.0 0.0
Bi 3.299527565425e+00 1.242448324210e+00 2.529282906773e+01 1 1 1 0.0 0.0 0.0
Bi 1.700956433991e+00 2.616170607588e+01 2.529282906773e+01 1 1 1 0.0 0.0 0.0
Bi 5.297741476724e+00 2.408510126324e+01 2.529282906773e+01 1 1 1 0.0 0.0 0.0
Bi 6.605969333529e+00 2.201013877519e+01 2.132110864621e+01 1 1 1 0.0 0.0 0.0
Bi 3.275612812701e+00 1.993353396255e+01 2.132110864621e+01 1 1 1 0.0 0.0 0.0
Bi 6.872397855434e+00 1.785692914991e+01 2.132110864621e+01 1 1 1 0.0 0.0 0.0
Bi 3.542041334607e+00 1.578032433727e+01 2.132110864621e+01 1 1 1 0.0 0.0 0.0
Bi 7.138826377340e+00 1.370371952463e+01 2.132110864621e+01 1 1 1 0.0 0.0 0.0
Bi 3.808469856512e+00 1.162711471199e+01 2.132110864621e+01 1 1 1 0.0 0.0 0.0
Bi 7.405254899245e+00 9.550509899352e+00 2.132110864621e+01 1 1 1 0.0 0.0 0.0
Bi 4.074898378418e+00 7.473905086713e+00 2.132110864621e+01 1 1 1 0.0 0.0 0.0
Bi 7.445418575905e-01 5.397300274074e+00 2.132110864621e+01 1 1 1 0.0 0.0 0.0
Bi 4.341326900324e+00 3.320695461435e+00 2.132110864621e+01 1 1 1 0.0 0.0 0.0
Bi 1.010970379496e+00 1.244090648796e+00 2.132110864621e+01 1 1 1 0.0 0.0 0.0
Bi 6.339540811623e+00 2.616334840047e+01 2.132110864621e+01 1 1 1 0.0 0.0 0.0
Bi 3.009184290796e+00 2.408674358783e+01 2.132110864621e+01 1 1 1 0.0 0.0 0.0
Se 5.931070304019e+00 2.165460182252e+01 7.500000000000e+00 1 1 1 0.0 0.0 0.0
Se 2.467499522239e+00 2.165460182252e+01 7.500000000000e+00 1 1 1 0.0 0.0 0.0
Se 4.199284913295e+00 1.865506153760e+01 7.500000000000e+00 1 1 1 0.0 0.0 0.0
Se 7.662855695075e+00 1.865506153760e+01 7.500000000000e+00 1 1 1 0.0 0.0 0.0
Se 5.931070304352e+00 1.565552125268e+01 7.500000000000e+00 1 1 1 0.0 0.0 0.0
Se 2.467499522571e+00 1.565552125268e+01 7.500000000000e+00 1 1 1 0.0 0.0 0.0
Se 4.199284913628e+00 1.265598096775e+01 7.500000000000e+00 1 1 1 0.0 0.0 0.0
Se 7.662855695408e+00 1.265598096775e+01 7.500000000000e+00 1 1 1 0.0 0.0 0.0
Se 5.931070304684e+00 9.656440682831e+00 7.500000000000e+00 1 1 1 0.0 0.0 0.0
Se 2.467499522904e+00 9.656440682831e+00 7.500000000000e+00 1 1 1 0.0 0.0 0.0
Se 4.199284913960e+00 6.656900397908e+00 7.500000000000e+00 1 1 1 0.0 0.0 0.0
Se 7.357141321800e-01 6.656900397908e+00 7.500000000000e+00 1 1 1 0.0 0.0 0.0
Se 5.931070305017e+00 3.657360112984e+00 7.500000000000e+00 1 1 1 0.0 0.0 0.0
Se 2.467499523236e+00 3.657360112984e+00 7.500000000000e+00 1 1 1 0.0 0.0 0.0
Se 4.199284914293e+00 6.578198280612e-01 7.500000000000e+00 1 1 1 0.0 0.0 0.0
Se 7.357141325125e-01 6.578198280612e-01 7.500000000000e+00 1 1 1 0.0 0.0 0.0
Se 4.199284912963e+00 2.465414210745e+01 7.500000000000e+00 1 1 1 0.0 0.0 0.0
Se 7.662855694743e+00 2.465414210745e+01 7.500000000000e+00 1 1 1 0.0 0.0 0.0
Se 4.200093434622e+00 2.266444349723e+01 1.364602824434e+01 1 1 1 0.0 0.0 0.0
Se 7.663664216402e+00 2.266444349723e+01 1.364602824434e+01 1 1 1 0.0 0.0 0.0
Se 2.468308043898e+00 1.966490321230e+01 1.364602824434e+01 1 1 1 0.0 0.0 0.0
Se 5.931878825678e+00 1.966490321230e+01 1.364602824434e+01 1 1 1 0.0 0.0 0.0
Se 4.200093434954e+00 1.666536292738e+01 1.364602824434e+01 1 1 1 0.0 0.0 0.0
Se 7.663664216735e+00 1.666536292738e+01 1.364602824434e+01 1 1 1 0.0 0.0 0.0
Se 2.468308044231e+00 1.366582264246e+01 1.364602824434e+01 1 1 1 0.0 0.0 0.0
Se 5.931878826011e+00 1.366582264246e+01 1.364602824434e+01 1 1 1 0.0 0.0 0.0
Se 4.200093435287e+00 1.066628235753e+01 1.364602824434e+01 1 1 1 0.0 0.0 0.0
Se 7.365226535067e-01 1.066628235753e+01 1.364602824434e+01 1 1 1 0.0 0.0 0.0
Se 2.468308044563e+00 7.666742072611e+00 1.364602824434e+01 1 1 1 0.0 0.0 0.0
Se 5.931878826343e+00 7.666742072611e+00 1.364602824434e+01 1 1 1 0.0 0.0 0.0
Se 4.200093435619e+00 4.667201787688e+00 1.364602824434e+01 1 1 1 0.0 0.0 0.0
Se 7.365226538392e-01 4.667201787688e+00 1.364602824434e+01 1 1 1 0.0 0.0 0.0
Se 2.468308044896e+00 1.667661502764e+00 1.364602824434e+01 1 1 1 0.0 0.0 0.0
Se 5.931878826676e+00 1.667661502764e+00 1.364602824434e+01 1 1 1 0.0 0.0 0.0
Se 2.468308043565e+00 2.566398378215e+01 1.364602824434e+01 1 1 1 0.0 0.0 0.0
Se 5.931878825346e+00 2.566398378215e+01 1.364602824434e+01 1 1 1 0.0 0.0 0.0
Se 5.930762947807e+00 2.165563319325e+01 1.086443756309e+01 1 1 1 0.0 0.0 0.0
Se 2.467192166026e+00 2.165563319325e+01 1.086443756309e+01 1 1 1 0.0 0.0 0.0
Se 4.198977557083e+00 1.865609290832e+01 1.086443756309e+01 1 1 1 0.0 0.0 0.0
Se 7.662548338863e+00 1.865609290832e+01 1.086443756309e+01 1 1 1 0.0 0.0 0.0
Se 5.930762948139e+00 1.565655262340e+01 1.086443756309e+01 1 1 1 0.0 0.0 0.0
Se 2.467192166359e+00 1.565655262340e+01 1.086443756309e+01 1 1 1 0.0 0.0 0.0
Se 4.198977557415e+00 1.265701233848e+01 1.086443756309e+01 1 1 1 0.0 0.0 0.0
Se 7.662548339196e+00 1.265701233848e+01 1.086443756309e+01 1 1 1 0.0 0.0 0.0
Se 5.930762948472e+00 9.657472053552e+00 1.086443756309e+01 1 1 1 0.0 0.0 0.0
Se 2.467192166692e+00 9.657472053552e+00 1.086443756309e+01 1 1 1 0.0 0.0 0.0
Se 4.198977557748e+00 6.657931768629e+00 1.086443756309e+01 1 1 1 0.0 0.0 0.0
Se 7.354067759677e-01 6.657931768629e+00 1.086443756309e+01 1 1 1 0.0 0.0 0.0
Se 5.930762948804e+00 3.658391483706e+00 1.086443756309e+01 1 1 1 0.0 0.0 0.0
Se 2.467192167024e+00 3.658391483706e+00 1.086443756309e+01 1 1 1 0.0 0.0 0.0
Se 4.198977558080e+00 6.588511987827e-01 1.086443756309e+01 1 1 1 0.0 0.0 0.0
Se 7.354067763002e-01 6.588511987827e-01 1.086443756309e+01 1 1 1 0.0 0.0 0.0
Se 4.198977556750e+00 2.465517347817e+01 1.086443756309e+01 1 1 1 0.0 0.0 0.0
Se 7.662548338531e+00 2.465517347817e+01 1.086443756309e+01 1 1 1 0.0 0.0 0.0
Se 4.199623866562e+00 2.266539154149e+01 1.701046802998e+01 1 1 1 0.0 0.0 0.0
Se 7.663194648342e+00 2.266539154149e+01 1.701046802998e+01 1 1 1 0.0 0.0 0.0
Se 2.467838475838e+00 1.966585125657e+01 1.701046802998e+01 1 1 1 0.0 0.0 0.0
Se 5.931409257618e+00 1.966585125657e+01 1.701046802998e+01 1 1 1 0.0 0.0 0.0
Se 4.199623866895e+00 1.666631097165e+01 1.701046802998e+01 1 1 1 0.0 0.0 0.0
Se 7.663194648675e+00 1.666631097165e+01 1.701046802998e+01 1 1 1 0.0 0.0 0.0
Se 2.467838476171e+00 1.366677068672e+01 1.701046802998e+01 1 1 1 0.0 0.0 0.0
Se 5.931409257951e+00 1.366677068672e+01 1.701046802998e+01 1 1 1 0.0 0.0 0.0
Se 4.199623867227e+00 1.066723040180e+01 1.701046802998e+01 1 1 1 0.0 0.0 0.0
Se 7.360530854468e-01 1.066723040180e+01 1.701046802998e+01 1 1 1 0.0 0.0 0.0
Se 2.467838476503e+00 7.667690116876e+00 1.701046802998e+01 1 1 1 0.0 0.0 0.0
Se 5.931409258283e+00 7.667690116876e+00 1.701046802998e+01 1 1 1 0.0 0.0 0.0
Se 4.199623867560e+00 4.668149831953e+00 1.701046802998e+01 1 1 1 0.0 0.0 0.0
Se 7.360530857793e-01 4.668149831953e+00 1.701046802998e+01 1 1 1 0.0 0.0 0.0
Se 2.467838476836e+00 1.668609547029e+00 1.701046802998e+01 1 1 1 0.0 0.0 0.0
Se 5.931409258616e+00 1.668609547029e+00 1.701046802998e+01 1 1 1 0.0 0.0 0.0
Se 2.467838475506e+00 2.566493182642e+01 1.701046802998e+01 1 1 1 0.0 0.0 0.0
Se 5.931409257286e+00 2.566493182642e+01 1.701046802998e+01 1 1 1 0.0 0.0 0.0
Se 1.953748883872e+00 2.191863828468e+01 3.696241589303e+01 1 1 1 0.0 0.0 0.0
Se 5.550533926605e+00 1.984203347204e+01 3.696241589303e+01 1 1 1 0.0 0.0 0.0
Se 2.220177405777e+00 1.776542865940e+01 3.696241589303e+01 1 1 1 0.0 0.0 0.0
Se 5.816962448510e+00 1.568882384676e+01 3.696241589303e+01 1 1 1 0.0 0.0 0.0
Se 2.486605927683e+00 1.361221903412e+01 3.696241589303e+01 1 1 1 0.0 0.0 0.0
Se 6.083390970416e+00 1.153561422148e+01 3.696241589303e+01 1 1 1 0.0 0.0 0.0
Se 2.753034449589e+00 9.459009408842e+00 3.696241589303e+01 1 1 1 0.0 0.0 0.0
Se 6.349819492322e+00 7.382404596203e+00 3.696241589303e+01 1 1 1 0.0 0.0 0.0
Se 3.019462971494e+00 5.305799783564e+00 3.696241589303e+01 1 1 1 0.0 0.0 0.0
Se 6.616248014227e+00 3.229194970925e+00 3.696241589303e+01 1 1 1 0.0 0.0 0.0
Se 3.285891493400e+00 1.152590158286e+00 3.696241589303e+01 1 1 1 0.0 0.0 0.0
Se 1.687320361966e+00 2.607184790996e+01 3.696241589303e+01 1 1 1 0.0 0.0 0.0
Se 5.284105404699e+00 2.399524309732e+01 3.696241589303e+01 1 1 1 0.0 0.0 0.0
Se 6.606860162320e+00 2.192454739084e+01 3.332483142763e+01 1 1 1 0.0 0.0 0.0
Se 3.276503641493e+00 1.984794257820e+01 3.332483142763e+01 1 1 1 0.0 0.0 0.0
Se 6.873288684226e+00 1.777133776556e+01 3.332483142763e+01 1 1 1 0.0 0.0 0.0
Se 3.542932163398e+00 1.569473295292e+01 3.332483142763e+01 1 1 1 0.0 0.0 0.0
Se 7.139717206131e+00 1.361812814028e+01 3.332483142763e+01 1 1 1 0.0 0.0 0.0
Se 3.809360685304e+00 1.154152332764e+01 3.332483142763e+01 1 1 1 0.0 0.0 0.0
Se 7.406145728037e+00 9.464918515001e+00 3.332483142763e+01 1 1 1 0.0 0.0 0.0
Se 4.075789207209e+00 7.388313702361e+00 3.332483142763e+01 1 1 1 0.0 0.0 0.0
Se 7.454326863819e-01 5.311708889722e+00 3.332483142763e+01 1 1 1 0.0 0.0 0.0
Se 4.342217729115e+00 3.235104077083e+00 3.332483142763e+01 1 1 1 0.0 0.0 0.0
Se 1.011861208288e+00 1.158499264444e+00 3.332483142763e+01 1 1 1 0.0 0.0 0.0
Se 6.340431640414e+00 2.607775701611e+01 3.332483142763e+01 1 1 1 0.0 0.0 0.0
Se 3.010075119587e+00 2.400115220347e+01 3.332483142763e+01 1 1 1 0.0 0.0 0.0
Se 4.288089788850e+00 2.193334601861e+01 2.969131231352e+01 1 1 1 0.0 0.0 0.0
Se 7.884874831584e+00 1.985674120597e+01 2.969131231352e+01 1 1 1 0.0 0.0 0.0
Se 4.554518310756e+00 1.778013639333e+01 2.969131231352e+01 1 1 1 0.0 0.0 0.0
Se 1.224161789929e+00 1.570353158069e+01 2.969131231352e+01 1 1 1 0.0 0.0 0.0
Se 4.820946832662e+00 1.362692676805e+01 2.969131231352e+01 1 1 1 0.0 0.0 0.0
Se 1.490590311834e+00 1.155032195541e+01 2.969131231352e+01 1 1 1 0.0 0.0 0.0
Se 5.087375354567e+00 9.473717142773e+00 2.969131231352e+01 1 1 1 0.0 0.0 0.0
Se 1.757018833740e+00 7.397112330134e+00 2.969131231352e+01 1 1 1 0.0 0.0 0.0
Se 5.353803876473e+00 5.320507517494e+00 2.969131231352e+01 1 1 1 0.0 0.0 0.0
Se 2.023447355645e+00 3.243902704855e+00 2.969131231352e+01 1 1 1 0.0 0.0 0.0
Se 5.620232398379e+00 1.167297892216e+00 2.969131231352e+01 1 1 1 0.0 0.0 0.0
Se 4.021661266945e+00 2.608655564389e+01 2.969131231352e+01 1 1 1 0.0 0.0 0.0
Se 7.618446309678e+00 2.400995083125e+01 2.969131231352e+01 1 1 1 0.0 0.0 0.0
Se 6.607421039641e+00 2.200618686116e+01 2.692457590224e+01 1 1 1 0.0 0.0 0.0
Se 3.277064518813e+00 1.992958204852e+01 2.692457590224e+01 1 1 1 0.0 0.0 0.0
Se 6.873849561546e+00 1.785297723588e+01 2.692457590224e+01 1 1 1 0.0 0.0 0.0
Se 3.543493040719e+00 1.577637242324e+01 2.692457590224e+01 1 1 1 0.0 0.0 0.0
Se 7.140278083452e+00 1.369976761060e+01 2.692457590224e+01 1 1 1 0.0 0.0 0.0
Se 3.809921562624e+00 1.162316279796e+01 2.692457590224e+01 1 1 1 0.0 0.0 0.0
Se 7.406706605358e+00 9.546557985321e+00 2.692457590224e+01 1 1 1 0.0 0.0 0.0
Se 4.076350084530e+00 7.469953172682e+00 2.692457590224e+01 1 1 1 0.0 0.0 0.0
Se 7.459935637026e-01 5.393348360042e+00 2.692457590224e+01 1 1 1 0.0 0.0 0.0
Se 4.342778606436e+00 3.316743547403e+00 2.692457590224e+01 1 1 1 0.0 0.0 0.0
Se 1.012422085608e+00 1.240138734764e+00 2.692457590224e+01 1 1 1 0.0 0.0 0.0
Se 6.340992517735e+00 2.615939648643e+01 2.692457590224e+01 1 1 1 0.0 0.0 0.0
Se 3.010635996908e+00 2.408279167379e+01 2.692457590224e+01 1 1 1 0.0 0.0 0.0
Se 4.280801424164e+00 2.201481053412e+01 2.330671355540e+01 1 1 1 0.0 0.0 0.0
Se 7.877586466897e+00 1.993820572148e+01 2.330671355540e+01 1 1 1 0.0 0.0 0.0
Se 4.547229946069e+00 1.786160090884e+01 2.330671355540e+01 1 1 1 0.0 0.0 0.0
Se 1.216873425242e+00 1.578499609621e+01 2.330671355540e+01 1 1 1 0.0 0.0 0.0
Se 4.813658467975e+00 1.370839128357e+01 2.330671355540e+01 1 1 1 0.0 0.0 0.0
Se 1.483301947147e+00 1.163178647093e+01 2.330671355540e+01 1 1 1 0.0 0.0 0.0
Se 5.080086989881e+00 9.555181658288e+00 2.330671355540e+01 1 1 1 0.0 0.0 0.0
Se 1.749730469053e+00 7.478576845649e+00 2.330671355540e+01 1 1 1 0.0 0.0 0.0
Se 5.346515511786e+00 5.401972033009e+00 2.330671355540e+01 1 1 1 0.0 0.0 0.0
Se 2.016158990959e+00 3.325367220370e+00 2.330671355540e+01 1 1 1 0.0 0.0 0.0
Se 5.612944033692e+00 1.248762407731e+00 2.330671355540e+01 1 1 1 0.0 0.0 0.0
Se 4.014372902258e+00 2.616802015940e+01 2.330671355540e+01 1 1 1 0.0 0.0 0.0
Se 7.611157944991e+00 2.409141534676e+01 2.330671355540e+01 1 1 1 0.0 0.0 0.0
Se 1.959977764607e+00 2.200903066162e+01 1.968357859229e+01 1 1 1 0.0 0.0 0.0
Se 5.556762807340e+00 1.993242584898e+01 1.968357859229e+01 1 1 1 0.0 0.0 0.0
Se 2.226406286512e+00 1.785582103634e+01 1.968357859229e+01 1 1 1 0.0 0.0 0.0
Se 5.823191329245e+00 1.577921622370e+01 1.968357859229e+01 1 1 1 0.0 0.0 0.0
Se 2.492834808418e+00 1.370261141106e+01 1.968357859229e+01 1 1 1 0.0 0.0 0.0
Se 6.089619851151e+00 1.162600659842e+01 1.968357859229e+01 1 1 1 0.0 0.0 0.0
Se 2.759263330323e+00 9.549401785782e+00 1.968357859229e+01 1 1 1 0.0 0.0 0.0
Se 6.356048373057e+00 7.472796973142e+00 1.968357859229e+01 1 1 1 0.0 0.0 0.0
Se 3.025691852229e+00 5.396192160503e+00 1.968357859229e+01 1 1 1 0.0 0.0 0.0
Se 6.622476894962e+00 3.319587347864e+00 1.968357859229e+01 1 1 1 0.0 0.0 0.0
Se 3.292120374135e+00 1.242982535225e+00 1.968357859229e+01 1 1 1 0.0 0.0 0.0
Se 1.693549242701e+00 2.616224028689e+01 1.968357859229e+01 1 1 1 0.0 0.0 0.0
Se 5.290334285434e+00 2.408563547426e+01 1.968357859229e+01 1 1 1 0.0 0.0 0.0
"