calculation_mode = "Quench Electrons"
cell_relax = "False"
charge_density_mixing = "0.15"
charge_mixing_type = "Broyden"
description = "Example parameters for high-throughput bulk relaxation of a vdW material"
dipole_moment = "True"
dos_broading = "0.05"
dos_method = "Gaussian"
energy_convergence_criterion = "1e-08"
energy_output_units = "Hartrees"
kohn_sham_mucycles = "3"
kohn_sham_solver = "davidson"
kpoint_distribution = "1"
kpoint_mesh = "1 1 1"
localize_projectors = "False"
max_md_steps = "100"
max_scf_steps = "200"
non_local_block_size = "4000"
output_wave_function_file = "/dev/null"
potential_acceleration_constant_step = "1.5"
processor_grid = "5 14 16"
rms_convergence_criterion = "1e-08"
scalapack_block_factor = "64"
start_mode = "LCAO Start"
state_block_size = "64"
stress = "True"
subdiag_driver = "scalapack"
test_energy_tolerance = "1e-05"
use_async_allreduce = "False"
vdw_corr = "DFT-D3"
vdwdf_kernel_filepath = "/lustre/orion/world-shared/cph162/rjmorelock/rmgdft/XC/vdW_kernel_table"
wavefunction_grid = "154 386 426"
write_data_period = "50"

atomic_coordinate_type = "Absolute"
crds_units = "Angstrom"
lattice_units = "Angstrom"

lattice_vector = "
1.799724170868e+01 0.000000000000e+00 1.100000000000e-15
5.999080569559e+00 4.502642016531e+01 2.800000000000e-15
0.000000000000e+00 0.000000000000e+00 4.998930533072e+01
"
atoms = "
Nb 7.030165018775e+00 4.475447062184e+01 1.782833092694e+01 1 1 1 0.0 0.0 0.0
Nb 4.030624733996e+00 1.459835847508e+00 1.782833092694e+01 1 1 1 0.0 0.0 0.0
Nb 1.302924558833e+01 4.475447062184e+01 1.782833092694e+01 1 1 1 0.0 0.0 0.0
Nb 4.030624733996e+00 4.923406629454e+00 1.782833092694e+01 1 1 1 0.0 0.0 0.0
Nb 7.030165018775e+00 3.191621238481e+00 1.782833092694e+01 1 1 1 0.0 0.0 0.0
Nb 1.002970530355e+01 1.459835847508e+00 1.782833092694e+01 1 1 1 0.0 0.0 0.0
Nb 1.902832615789e+01 4.475447062184e+01 1.782833092694e+01 1 1 1 0.0 0.0 0.0
Nb 4.030624733996e+00 8.386977411401e+00 1.782833092694e+01 1 1 1 0.0 0.0 0.0
Nb 7.030165018775e+00 6.655192020428e+00 1.782833092694e+01 1 1 1 0.0 0.0 0.0
Nb 1.002970530355e+01 4.923406629454e+00 1.782833092694e+01 1 1 1 0.0 0.0 0.0
Nb 1.302924558833e+01 3.191621238481e+00 1.782833092694e+01 1 1 1 0.0 0.0 0.0
Nb 1.602878587311e+01 1.459835847508e+00 1.782833092694e+01 1 1 1 0.0 0.0 0.0
Nb 4.030624733996e+00 1.185054819335e+01 1.782833092694e+01 1 1 1 0.0 0.0 0.0
Nb 7.030165018775e+00 1.011876280237e+01 1.782833092694e+01 1 1 1 0.0 0.0 0.0
Nb 1.002970530355e+01 8.386977411401e+00 1.782833092694e+01 1 1 1 0.0 0.0 0.0
Nb 1.302924558833e+01 6.655192020428e+00 1.782833092694e+01 1 1 1 0.0 0.0 0.0
Nb 1.602878587311e+01 4.923406629454e+00 1.782833092694e+01 1 1 1 0.0 0.0 0.0
Nb 1.031084449216e+00 3.191621238481e+00 1.782833092694e+01 1 1 1 0.0 0.0 0.0
Nb 4.030624733996e+00 1.531411897529e+01 1.782833092694e+01 1 1 1 0.0 0.0 0.0
Nb 7.030165018775e+00 1.358233358432e+01 1.782833092694e+01 1 1 1 0.0 0.0 0.0
Nb 1.002970530355e+01 1.185054819335e+01 1.782833092694e+01 1 1 1 0.0 0.0 0.0
Nb 1.302924558833e+01 1.011876280237e+01 1.782833092694e+01 1 1 1 0.0 0.0 0.0
Nb 1.602878587311e+01 8.386977411401e+00 1.782833092694e+01 1 1 1 0.0 0.0 0.0
Nb 1.031084449216e+00 6.655192020428e+00 1.782833092694e+01 1 1 1 0.0 0.0 0.0
Nb 4.030624733996e+00 1.877768975724e+01 1.782833092694e+01 1 1 1 0.0 0.0 0.0
Nb 7.030165018775e+00 1.704590436627e+01 1.782833092694e+01 1 1 1 0.0 0.0 0.0
Nb 1.002970530355e+01 1.531411897529e+01 1.782833092694e+01 1 1 1 0.0 0.0 0.0
Nb 1.302924558833e+01 1.358233358432e+01 1.782833092694e+01 1 1 1 0.0 0.0 0.0
Nb 1.602878587311e+01 1.185054819335e+01 1.782833092694e+01 1 1 1 0.0 0.0 0.0
Nb 1.902832615789e+01 1.011876280237e+01 1.782833092694e+01 1 1 1 0.0 0.0 0.0
Nb 4.030624733996e+00 2.224126053919e+01 1.782833092694e+01 1 1 1 0.0 0.0 0.0
Nb 7.030165018775e+00 2.050947514821e+01 1.782833092694e+01 1 1 1 0.0 0.0 0.0
Nb 1.002970530355e+01 1.877768975724e+01 1.782833092694e+01 1 1 1 0.0 0.0 0.0
Nb 1.302924558833e+01 1.704590436627e+01 1.782833092694e+01 1 1 1 0.0 0.0 0.0
Nb 1.602878587311e+01 1.531411897529e+01 1.782833092694e+01 1 1 1 0.0 0.0 0.0
Nb 1.902832615789e+01 1.358233358432e+01 1.782833092694e+01 1 1 1 0.0 0.0 0.0
Nb 7.030165018775e+00 2.397304593016e+01 1.782833092694e+01 1 1 1 0.0 0.0 0.0
Nb 1.002970530355e+01 2.224126053919e+01 1.782833092694e+01 1 1 1 0.0 0.0 0.0
Nb 1.302924558833e+01 2.050947514821e+01 1.782833092694e+01 1 1 1 0.0 0.0 0.0
Nb 1.602878587311e+01 1.877768975724e+01 1.782833092694e+01 1 1 1 0.0 0.0 0.0
Nb 1.902832615789e+01 1.704590436627e+01 1.782833092694e+01 1 1 1 0.0 0.0 0.0
Nb 7.030165018775e+00 2.743661671211e+01 1.782833092694e+01 1 1 1 0.0 0.0 0.0
Nb 1.002970530355e+01 2.570483132113e+01 1.782833092694e+01 1 1 1 0.0 0.0 0.0
Nb 1.302924558833e+01 2.397304593016e+01 1.782833092694e+01 1 1 1 0.0 0.0 0.0
Nb 1.602878587311e+01 2.224126053919e+01 1.782833092694e+01 1 1 1 0.0 0.0 0.0
Nb 1.902832615789e+01 2.050947514821e+01 1.782833092694e+01 1 1 1 0.0 0.0 0.0
Nb 7.030165018775e+00 3.090018749405e+01 1.782833092694e+01 1 1 1 0.0 0.0 0.0
Nb 1.002970530355e+01 2.916840210308e+01 1.782833092694e+01 1 1 1 0.0 0.0 0.0
Nb 1.302924558833e+01 2.743661671211e+01 1.782833092694e+01 1 1 1 0.0 0.0 0.0
Nb 1.602878587311e+01 2.570483132113e+01 1.782833092694e+01 1 1 1 0.0 0.0 0.0
Nb 1.902832615789e+01 2.397304593016e+01 1.782833092694e+01 1 1 1 0.0 0.0 0.0
Nb 7.030165018775e+00 3.436375827600e+01 1.782833092694e+01 1 1 1 0.0 0.0 0.0
Nb 1.002970530355e+01 3.263197288503e+01 1.782833092694e+01 1 1 1 0.0 0.0 0.0
Nb 1.302924558833e+01 3.090018749405e+01 1.782833092694e+01 1 1 1 0.0 0.0 0.0
Nb 1.602878587311e+01 2.916840210308e+01 1.782833092694e+01 1 1 1 0.0 0.0 0.0
Nb 1.902832615789e+01 2.743661671211e+01 1.782833092694e+01 1 1 1 0.0 0.0 0.0
Nb 4.030624733996e+00 2.570483132113e+01 1.782833092694e+01 1 1 1 0.0 0.0 0.0
Nb 7.030165018775e+00 3.782732905795e+01 1.782833092694e+01 1 1 1 0.0 0.0 0.0
Nb 1.002970530355e+01 3.609554366697e+01 1.782833092694e+01 1 1 1 0.0 0.0 0.0
Nb 1.302924558833e+01 3.436375827600e+01 1.782833092694e+01 1 1 1 0.0 0.0 0.0
Nb 1.602878587311e+01 3.263197288503e+01 1.782833092694e+01 1 1 1 0.0 0.0 0.0
Nb 1.902832615789e+01 3.090018749405e+01 1.782833092694e+01 1 1 1 0.0 0.0 0.0
Nb 4.030624733996e+00 2.916840210308e+01 1.782833092694e+01 1 1 1 0.0 0.0 0.0
Nb 7.030165018775e+00 4.129089983989e+01 1.782833092694e+01 1 1 1 0.0 0.0 0.0
Nb 1.002970530355e+01 3.955911444892e+01 1.782833092694e+01 1 1 1 0.0 0.0 0.0
Nb 1.302924558833e+01 3.782732905795e+01 1.782833092694e+01 1 1 1 0.0 0.0 0.0
Nb 1.602878587311e+01 3.609554366697e+01 1.782833092694e+01 1 1 1 0.0 0.0 0.0
Nb 1.902832615789e+01 3.436375827600e+01 1.782833092694e+01 1 1 1 0.0 0.0 0.0
Nb 2.202786644267e+01 3.263197288503e+01 1.782833092694e+01 1 1 1 0.0 0.0 0.0
Nb 1.002970530355e+01 4.302268523087e+01 1.782833092694e+01 1 1 1 0.0 0.0 0.0
Nb 1.302924558833e+01 4.129089983989e+01 1.782833092694e+01 1 1 1 0.0 0.0 0.0
Nb 1.602878587311e+01 3.955911444892e+01 1.782833092694e+01 1 1 1 0.0 0.0 0.0
Nb 1.902832615789e+01 3.782732905795e+01 1.782833092694e+01 1 1 1 0.0 0.0 0.0
Nb 2.202786644267e+01 3.609554366697e+01 1.782833092694e+01 1 1 1 0.0 0.0 0.0
Nb 1.602878587311e+01 4.302268523087e+01 1.782833092694e+01 1 1 1 0.0 0.0 0.0
Nb 1.902832615789e+01 4.129089983989e+01 1.782833092694e+01 1 1 1 0.0 0.0 0.0
Nb 2.202786644267e+01 3.955911444892e+01 1.782833092694e+01 1 1 1 0.0 0.0 0.0
Nb 2.202786644267e+01 4.302268523087e+01 1.782833092694e+01 1 1 1 0.0 0.0 0.0
Nb 7.035894262097e+00 4.476242828347e+01 1.168208868332e+01 1 1 1 0.0 0.0 0.0
Nb 4.036353977317e+00 1.467793509143e+00 1.168208868332e+01 1 1 1 0.0 0.0 0.0
Nb 1.303497483166e+01 4.476242828347e+01 1.168208868332e+01 1 1 1 0.0 0.0 0.0
Nb 4.036353977317e+00 4.931364291089e+00 1.168208868332e+01 1 1 1 0.0 0.0 0.0
Nb 7.035894262097e+00 3.199578900116e+00 1.168208868332e+01 1 1 1 0.0 0.0 0.0
Nb 1.003543454688e+01 1.467793509143e+00 1.168208868332e+01 1 1 1 0.0 0.0 0.0
Nb 1.903405540121e+01 4.476242828347e+01 1.168208868332e+01 1 1 1 0.0 0.0 0.0
Nb 4.036353977317e+00 8.394935073036e+00 1.168208868332e+01 1 1 1 0.0 0.0 0.0
Nb 7.035894262097e+00 6.663149682063e+00 1.168208868332e+01 1 1 1 0.0 0.0 0.0
Nb 1.003543454688e+01 4.931364291089e+00 1.168208868332e+01 1 1 1 0.0 0.0 0.0
Nb 1.303497483166e+01 3.199578900116e+00 1.168208868332e+01 1 1 1 0.0 0.0 0.0
Nb 1.603451511643e+01 1.467793509143e+00 1.168208868332e+01 1 1 1 0.0 0.0 0.0
Nb 4.036353977317e+00 1.185850585498e+01 1.168208868332e+01 1 1 1 0.0 0.0 0.0
Nb 7.035894262097e+00 1.012672046401e+01 1.168208868332e+01 1 1 1 0.0 0.0 0.0
Nb 1.003543454688e+01 8.394935073036e+00 1.168208868332e+01 1 1 1 0.0 0.0 0.0
Nb 1.303497483166e+01 6.663149682063e+00 1.168208868332e+01 1 1 1 0.0 0.0 0.0
Nb 1.603451511643e+01 4.931364291089e+00 1.168208868332e+01 1 1 1 0.0 0.0 0.0
Nb 1.036813692538e+00 3.199578900116e+00 1.168208868332e+01 1 1 1 0.0 0.0 0.0
Nb 4.036353977317e+00 1.532207663693e+01 1.168208868332e+01 1 1 1 0.0 0.0 0.0
Nb 7.035894262097e+00 1.359029124596e+01 1.168208868332e+01 1 1 1 0.0 0.0 0.0
Nb 1.003543454688e+01 1.185850585498e+01 1.168208868332e+01 1 1 1 0.0 0.0 0.0
Nb 1.303497483166e+01 1.012672046401e+01 1.168208868332e+01 1 1 1 0.0 0.0 0.0
Nb 1.603451511643e+01 8.394935073036e+00 1.168208868332e+01 1 1 1 0.0 0.0 0.0
Nb 1.036813692538e+00 6.663149682063e+00 1.168208868332e+01 1 1 1 0.0 0.0 0.0
Nb 4.036353977317e+00 1.878564741888e+01 1.168208868332e+01 1 1 1 0.0 0.0 0.0
Nb 7.035894262097e+00 1.705386202790e+01 1.168208868332e+01 1 1 1 0.0 0.0 0.0
Nb 1.003543454688e+01 1.532207663693e+01 1.168208868332e+01 1 1 1 0.0 0.0 0.0
Nb 1.303497483166e+01 1.359029124596e+01 1.168208868332e+01 1 1 1 0.0 0.0 0.0
Nb 1.603451511643e+01 1.185850585498e+01 1.168208868332e+01 1 1 1 0.0 0.0 0.0
Nb 1.903405540121e+01 1.012672046401e+01 1.168208868332e+01 1 1 1 0.0 0.0 0.0
Nb 4.036353977317e+00 2.224921820082e+01 1.168208868332e+01 1 1 1 0.0 0.0 0.0
Nb 7.035894262097e+00 2.051743280985e+01 1.168208868332e+01 1 1 1 0.0 0.0 0.0
Nb 1.003543454688e+01 1.878564741888e+01 1.168208868332e+01 1 1 1 0.0 0.0 0.0
Nb 1.303497483166e+01 1.705386202790e+01 1.168208868332e+01 1 1 1 0.0 0.0 0.0
Nb 1.603451511643e+01 1.532207663693e+01 1.168208868332e+01 1 1 1 0.0 0.0 0.0
Nb 1.903405540121e+01 1.359029124596e+01 1.168208868332e+01 1 1 1 0.0 0.0 0.0
Nb 7.035894262097e+00 2.398100359180e+01 1.168208868332e+01 1 1 1 0.0 0.0 0.0
Nb 1.003543454688e+01 2.224921820082e+01 1.168208868332e+01 1 1 1 0.0 0.0 0.0
Nb 1.303497483166e+01 2.051743280985e+01 1.168208868332e+01 1 1 1 0.0 0.0 0.0
Nb 1.603451511643e+01 1.878564741888e+01 1.168208868332e+01 1 1 1 0.0 0.0 0.0
Nb 1.903405540121e+01 1.705386202790e+01 1.168208868332e+01 1 1 1 0.0 0.0 0.0
Nb 7.035894262097e+00 2.744457437374e+01 1.168208868332e+01 1 1 1 0.0 0.0 0.0
Nb 1.003543454688e+01 2.571278898277e+01 1.168208868332e+01 1 1 1 0.0 0.0 0.0
Nb 1.303497483166e+01 2.398100359180e+01 1.168208868332e+01 1 1 1 0.0 0.0 0.0
Nb 1.603451511643e+01 2.224921820082e+01 1.168208868332e+01 1 1 1 0.0 0.0 0.0
Nb 1.903405540121e+01 2.051743280985e+01 1.168208868332e+01 1 1 1 0.0 0.0 0.0
Nb 7.035894262097e+00 3.090814515569e+01 1.168208868332e+01 1 1 1 0.0 0.0 0.0
Nb 1.003543454688e+01 2.917635976472e+01 1.168208868332e+01 1 1 1 0.0 0.0 0.0
Nb 1.303497483166e+01 2.744457437374e+01 1.168208868332e+01 1 1 1 0.0 0.0 0.0
Nb 1.603451511643e+01 2.571278898277e+01 1.168208868332e+01 1 1 1 0.0 0.0 0.0
Nb 1.903405540121e+01 2.398100359180e+01 1.168208868332e+01 1 1 1 0.0 0.0 0.0
Nb 7.035894262097e+00 3.437171593764e+01 1.168208868332e+01 1 1 1 0.0 0.0 0.0
Nb 1.003543454688e+01 3.263993054666e+01 1.168208868332e+01 1 1 1 0.0 0.0 0.0
Nb 1.303497483166e+01 3.090814515569e+01 1.168208868332e+01 1 1 1 0.0 0.0 0.0
Nb 1.603451511643e+01 2.917635976472e+01 1.168208868332e+01 1 1 1 0.0 0.0 0.0
Nb 1.903405540121e+01 2.744457437374e+01 1.168208868332e+01 1 1 1 0.0 0.0 0.0
Nb 4.036353977317e+00 2.571278898277e+01 1.168208868332e+01 1 1 1 0.0 0.0 0.0
Nb 7.035894262097e+00 3.783528671958e+01 1.168208868332e+01 1 1 1 0.0 0.0 0.0
Nb 1.003543454688e+01 3.610350132861e+01 1.168208868332e+01 1 1 1 0.0 0.0 0.0
Nb 1.303497483166e+01 3.437171593764e+01 1.168208868332e+01 1 1 1 0.0 0.0 0.0
Nb 1.603451511643e+01 3.263993054666e+01 1.168208868332e+01 1 1 1 0.0 0.0 0.0
Nb 1.903405540121e+01 3.090814515569e+01 1.168208868332e+01 1 1 1 0.0 0.0 0.0
Nb 4.036353977317e+00 2.917635976472e+01 1.168208868332e+01 1 1 1 0.0 0.0 0.0
Nb 7.035894262097e+00 4.129885750153e+01 1.168208868332e+01 1 1 1 0.0 0.0 0.0
Nb 1.003543454688e+01 3.956707211055e+01 1.168208868332e+01 1 1 1 0.0 0.0 0.0
Nb 1.303497483166e+01 3.783528671958e+01 1.168208868332e+01 1 1 1 0.0 0.0 0.0
Nb 1.603451511643e+01 3.610350132861e+01 1.168208868332e+01 1 1 1 0.0 0.0 0.0
Nb 1.903405540121e+01 3.437171593764e+01 1.168208868332e+01 1 1 1 0.0 0.0 0.0
Nb 2.203359568599e+01 3.263993054666e+01 1.168208868332e+01 1 1 1 0.0 0.0 0.0
Nb 1.003543454688e+01 4.303064289250e+01 1.168208868332e+01 1 1 1 0.0 0.0 0.0
Nb 1.303497483166e+01 4.129885750153e+01 1.168208868332e+01 1 1 1 0.0 0.0 0.0
Nb 1.603451511643e+01 3.956707211055e+01 1.168208868332e+01 1 1 1 0.0 0.0 0.0
Nb 1.903405540121e+01 3.783528671958e+01 1.168208868332e+01 1 1 1 0.0 0.0 0.0
Nb 2.203359568599e+01 3.610350132861e+01 1.168208868332e+01 1 1 1 0.0 0.0 0.0
Nb 1.603451511643e+01 4.303064289250e+01 1.168208868332e+01 1 1 1 0.0 0.0 0.0
Nb 1.903405540121e+01 4.129885750153e+01 1.168208868332e+01 1 1 1 0.0 0.0 0.0
Nb 2.203359568599e+01 3.956707211055e+01 1.168208868332e+01 1 1 1 0.0 0.0 0.0
Nb 2.203359568599e+01 4.303064289250e+01 1.168208868332e+01 1 1 1 0.0 0.0 0.0
Bi 1.259218050881e+00 1.400306265866e+00 3.834784015603e+01 1 1 1 0.0 0.0 0.0
Bi 4.592040589525e+00 3.901774052827e+00 3.834784015603e+01 1 1 1 0.0 0.0 0.0
Bi 4.147664251039e+00 8.070887031096e+00 3.834784015603e+01 1 1 1 0.0 0.0 0.0
Bi 3.703287912553e+00 1.224000000936e+01 3.834784015603e+01 1 1 1 0.0 0.0 0.0
Bi 3.258911574067e+00 1.640911298763e+01 3.834784015603e+01 1 1 1 0.0 0.0 0.0
Bi 8.369239466654e+00 2.234128861519e+00 3.834784015603e+01 1 1 1 0.0 0.0 0.0
Bi 7.924863128168e+00 6.403241839788e+00 3.834784015603e+01 1 1 1 0.0 0.0 0.0
Bi 7.480486789683e+00 1.057235481806e+01 3.834784015603e+01 1 1 1 0.0 0.0 0.0
Bi 7.036110451197e+00 1.474146779633e+01 3.834784015603e+01 1 1 1 0.0 0.0 0.0
Bi 6.591734112711e+00 1.891058077460e+01 3.834784015603e+01 1 1 1 0.0 0.0 0.0
Bi 6.147357774225e+00 2.307969375286e+01 3.834784015603e+01 1 1 1 0.0 0.0 0.0
Bi 5.702981435739e+00 2.724880673113e+01 3.834784015603e+01 1 1 1 0.0 0.0 0.0
Bi 5.258605097253e+00 3.141791970940e+01 3.834784015603e+01 1 1 1 0.0 0.0 0.0
Bi 1.170206200530e+01 4.735596648481e+00 3.834784015603e+01 1 1 1 0.0 0.0 0.0
Bi 1.125768566681e+01 8.904709626750e+00 3.834784015603e+01 1 1 1 0.0 0.0 0.0
Bi 1.081330932833e+01 1.307382260502e+01 3.834784015603e+01 1 1 1 0.0 0.0 0.0
Bi 1.036893298984e+01 1.724293558329e+01 3.834784015603e+01 1 1 1 0.0 0.0 0.0
Bi 9.924556651354e+00 2.141204856156e+01 3.834784015603e+01 1 1 1 0.0 0.0 0.0
Bi 9.480180312869e+00 2.558116153983e+01 3.834784015603e+01 1 1 1 0.0 0.0 0.0
Bi 9.035803974383e+00 2.975027451809e+01 3.834784015603e+01 1 1 1 0.0 0.0 0.0
Bi 8.591427635897e+00 3.391938749636e+01 3.834784015603e+01 1 1 1 0.0 0.0 0.0
Bi 8.147051297411e+00 3.808850047463e+01 3.834784015603e+01 1 1 1 0.0 0.0 0.0
Bi 7.702674958925e+00 4.225761345290e+01 3.834784015603e+01 1 1 1 0.0 0.0 0.0
Bi 1.547926088243e+01 3.067951457173e+00 3.834784015603e+01 1 1 1 0.0 0.0 0.0
Bi 1.503488454394e+01 7.237064435442e+00 3.834784015603e+01 1 1 1 0.0 0.0 0.0
Bi 1.459050820546e+01 1.140617741371e+01 3.834784015603e+01 1 1 1 0.0 0.0 0.0
Bi 1.414613186697e+01 1.557529039198e+01 3.834784015603e+01 1 1 1 0.0 0.0 0.0
Bi 1.370175552848e+01 1.974440337025e+01 3.834784015603e+01 1 1 1 0.0 0.0 0.0
Bi 1.325737919000e+01 2.391351634852e+01 3.834784015603e+01 1 1 1 0.0 0.0 0.0
Bi 1.281300285151e+01 2.808262932679e+01 3.834784015603e+01 1 1 1 0.0 0.0 0.0
Bi 1.236862651303e+01 3.225174230506e+01 3.834784015603e+01 1 1 1 0.0 0.0 0.0
Bi 1.192425017454e+01 3.642085528333e+01 3.834784015603e+01 1 1 1 0.0 0.0 0.0
Bi 1.147987383605e+01 4.058996826159e+01 3.834784015603e+01 1 1 1 0.0 0.0 0.0
Bi 1.103549749757e+01 4.475908123986e+01 3.834784015603e+01 1 1 1 0.0 0.0 0.0
Bi 8.148417123953e-01 5.569419244135e+00 3.834784015603e+01 1 1 1 0.0 0.0 0.0
Bi 1.836770708258e+01 9.738532222404e+00 3.834784015603e+01 1 1 1 0.0 0.0 0.0
Bi 1.792333074410e+01 1.390764520067e+01 3.834784015603e+01 1 1 1 0.0 0.0 0.0
Bi 1.747895440561e+01 1.807675817894e+01 3.834784015603e+01 1 1 1 0.0 0.0 0.0
Bi 1.703457806713e+01 2.224587115721e+01 3.834784015603e+01 1 1 1 0.0 0.0 0.0
Bi 1.659020172864e+01 2.641498413548e+01 3.834784015603e+01 1 1 1 0.0 0.0 0.0
Bi 1.614582539016e+01 3.058409711375e+01 3.834784015603e+01 1 1 1 0.0 0.0 0.0
Bi 1.570144905167e+01 3.475321009202e+01 3.834784015603e+01 1 1 1 0.0 0.0 0.0
Bi 1.525707271318e+01 3.892232307029e+01 3.834784015603e+01 1 1 1 0.0 0.0 0.0
Bi 1.481269637470e+01 4.309143604856e+01 3.834784015603e+01 1 1 1 0.0 0.0 0.0
Bi 2.814535235581e+00 2.057822596590e+01 3.834784015603e+01 1 1 1 0.0 0.0 0.0
Bi 2.036740060577e+01 2.474733894417e+01 3.834784015603e+01 1 1 1 0.0 0.0 0.0
Bi 1.992302426729e+01 2.891645192244e+01 3.834784015603e+01 1 1 1 0.0 0.0 0.0
Bi 1.947864792880e+01 3.308556490071e+01 3.834784015603e+01 1 1 1 0.0 0.0 0.0
Bi 1.903427159031e+01 3.725467787898e+01 3.834784015603e+01 1 1 1 0.0 0.0 0.0
Bi 1.858989525183e+01 4.142379085725e+01 3.834784015603e+01 1 1 1 0.0 0.0 0.0
Bi 1.214643834378e+01 5.664836702118e-01 3.834784015603e+01 1 1 1 0.0 0.0 0.0
Bi 4.814228758768e+00 3.558703268767e+01 3.834784015603e+01 1 1 1 0.0 0.0 0.0
Bi 2.236709412896e+01 3.975614566594e+01 3.834784015603e+01 1 1 1 0.0 0.0 0.0
Bi 2.192271779047e+01 4.392525864421e+01 3.834784015603e+01 1 1 1 0.0 0.0 0.0
Bi 1.685150440368e+01 1.127967454413e+00 3.436119714775e+01 1 1 1 0.0 0.0 0.0
Bi 2.187085233652e+00 3.629435241375e+00 3.436119714775e+01 1 1 1 0.0 0.0 0.0
Bi 1.742708895166e+00 7.798548219644e+00 3.436119714775e+01 1 1 1 0.0 0.0 0.0
Bi 1.929557426536e+01 1.196766119791e+01 3.436119714775e+01 1 1 1 0.0 0.0 0.0
Bi 1.885119792687e+01 1.613677417618e+01 3.436119714775e+01 1 1 1 0.0 0.0 0.0
Bi 5.964284110781e+00 1.961790050067e+00 3.436119714775e+01 1 1 1 0.0 0.0 0.0
Bi 5.519907772295e+00 6.130903028336e+00 3.436119714775e+01 1 1 1 0.0 0.0 0.0
Bi 5.075531433810e+00 1.030001600661e+01 3.436119714775e+01 1 1 1 0.0 0.0 0.0
Bi 4.631155095324e+00 1.446912898487e+01 3.436119714775e+01 1 1 1 0.0 0.0 0.0
Bi 4.186778756838e+00 1.863824196314e+01 3.436119714775e+01 1 1 1 0.0 0.0 0.0
Bi 3.742402418352e+00 2.280735494141e+01 3.436119714775e+01 1 1 1 0.0 0.0 0.0
Bi 2.129526778854e+01 2.697646791968e+01 3.436119714775e+01 1 1 1 0.0 0.0 0.0
Bi 2.085089145006e+01 3.114558089795e+01 3.436119714775e+01 1 1 1 0.0 0.0 0.0
Bi 9.297106649425e+00 4.463257837029e+00 3.436119714775e+01 1 1 1 0.0 0.0 0.0
Bi 8.852730310939e+00 8.632370815298e+00 3.436119714775e+01 1 1 1 0.0 0.0 0.0
Bi 8.408353972453e+00 1.280148379357e+01 3.436119714775e+01 1 1 1 0.0 0.0 0.0
Bi 7.963977633967e+00 1.697059677184e+01 3.436119714775e+01 1 1 1 0.0 0.0 0.0
Bi 7.519601295482e+00 2.113970975010e+01 3.436119714775e+01 1 1 1 0.0 0.0 0.0
Bi 7.075224956996e+00 2.530882272837e+01 3.436119714775e+01 1 1 1 0.0 0.0 0.0
Bi 6.630848618510e+00 2.947793570664e+01 3.436119714775e+01 1 1 1 0.0 0.0 0.0
Bi 6.186472280024e+00 3.364704868491e+01 3.436119714775e+01 1 1 1 0.0 0.0 0.0
Bi 5.742095941538e+00 3.781616166318e+01 3.436119714775e+01 1 1 1 0.0 0.0 0.0
Bi 2.329496131173e+01 4.198527464145e+01 3.436119714775e+01 1 1 1 0.0 0.0 0.0
Bi 1.307430552655e+01 2.795612645721e+00 3.436119714775e+01 1 1 1 0.0 0.0 0.0
Bi 1.262992918807e+01 6.964725623990e+00 3.436119714775e+01 1 1 1 0.0 0.0 0.0
Bi 1.218555284958e+01 1.113383860226e+01 3.436119714775e+01 1 1 1 0.0 0.0 0.0
Bi 1.174117651110e+01 1.530295158053e+01 3.436119714775e+01 1 1 1 0.0 0.0 0.0
Bi 1.129680017261e+01 1.947206455880e+01 3.436119714775e+01 1 1 1 0.0 0.0 0.0
Bi 1.085242383413e+01 2.364117753707e+01 3.436119714775e+01 1 1 1 0.0 0.0 0.0
Bi 1.040804749564e+01 2.781029051533e+01 3.436119714775e+01 1 1 1 0.0 0.0 0.0
Bi 9.963671157153e+00 3.197940349360e+01 3.436119714775e+01 1 1 1 0.0 0.0 0.0
Bi 9.519294818668e+00 3.614851647187e+01 3.436119714775e+01 1 1 1 0.0 0.0 0.0
Bi 9.074918480182e+00 4.031762945014e+01 3.436119714775e+01 1 1 1 0.0 0.0 0.0
Bi 8.630542141696e+00 4.448674242841e+01 3.436119714775e+01 1 1 1 0.0 0.0 0.0
Bi 1.640712806520e+01 5.297080432682e+00 3.436119714775e+01 1 1 1 0.0 0.0 0.0
Bi 1.596275172671e+01 9.466193410951e+00 3.436119714775e+01 1 1 1 0.0 0.0 0.0
Bi 1.551837538823e+01 1.363530638922e+01 3.436119714775e+01 1 1 1 0.0 0.0 0.0
Bi 1.507399904974e+01 1.780441936749e+01 3.436119714775e+01 1 1 1 0.0 0.0 0.0
Bi 1.462962271125e+01 2.197353234576e+01 3.436119714775e+01 1 1 1 0.0 0.0 0.0
Bi 1.418524637277e+01 2.614264532403e+01 3.436119714775e+01 1 1 1 0.0 0.0 0.0
Bi 1.374087003428e+01 3.031175830230e+01 3.436119714775e+01 1 1 1 0.0 0.0 0.0
Bi 1.329649369580e+01 3.448087128057e+01 3.436119714775e+01 1 1 1 0.0 0.0 0.0
Bi 1.285211735731e+01 3.864998425883e+01 3.436119714775e+01 1 1 1 0.0 0.0 0.0
Bi 1.240774101883e+01 4.281909723710e+01 3.436119714775e+01 1 1 1 0.0 0.0 0.0
Bi 1.840682158838e+01 2.030588715445e+01 3.436119714775e+01 1 1 1 0.0 0.0 0.0
Bi 1.796244524990e+01 2.447500013272e+01 3.436119714775e+01 1 1 1 0.0 0.0 0.0
Bi 1.751806891141e+01 2.864411311099e+01 3.436119714775e+01 1 1 1 0.0 0.0 0.0
Bi 1.707369257293e+01 3.281322608926e+01 3.436119714775e+01 1 1 1 0.0 0.0 0.0
Bi 1.662931623444e+01 3.698233906753e+01 3.436119714775e+01 1 1 1 0.0 0.0 0.0
Bi 1.618493989595e+01 4.115145204580e+01 3.436119714775e+01 1 1 1 0.0 0.0 0.0
Bi 9.741482987911e+00 2.941448587596e-01 3.436119714775e+01 1 1 1 0.0 0.0 0.0
Bi 2.040651511157e+01 3.531469387622e+01 3.436119714775e+01 1 1 1 0.0 0.0 0.0
Bi 1.996213877308e+01 3.948380685449e+01 3.436119714775e+01 1 1 1 0.0 0.0 0.0
Bi 1.951776243460e+01 4.365291983276e+01 3.436119714775e+01 1 1 1 0.0 0.0 0.0
Bi 1.680919148186e+01 1.074538013247e+00 2.831971850542e+01 1 1 1 0.0 0.0 0.0
Bi 2.144772311827e+00 3.576005800209e+00 2.831971850542e+01 1 1 1 0.0 0.0 0.0
Bi 1.700395973342e+00 7.745118778478e+00 2.831971850542e+01 1 1 1 0.0 0.0 0.0
Bi 1.925326134353e+01 1.191423175675e+01 2.831971850542e+01 1 1 1 0.0 0.0 0.0
Bi 1.880888500505e+01 1.608334473502e+01 2.831971850542e+01 1 1 1 0.0 0.0 0.0
Bi 5.921971188957e+00 1.908360608901e+00 2.831971850542e+01 1 1 1 0.0 0.0 0.0
Bi 5.477594850471e+00 6.077473587170e+00 2.831971850542e+01 1 1 1 0.0 0.0 0.0
Bi 5.033218511985e+00 1.024658656544e+01 2.831971850542e+01 1 1 1 0.0 0.0 0.0
Bi 4.588842173499e+00 1.441569954371e+01 2.831971850542e+01 1 1 1 0.0 0.0 0.0
Bi 4.144465835014e+00 1.858481252198e+01 2.831971850542e+01 1 1 1 0.0 0.0 0.0
Bi 3.700089496528e+00 2.275392550025e+01 2.831971850542e+01 1 1 1 0.0 0.0 0.0
Bi 2.125295486672e+01 2.692303847851e+01 2.831971850542e+01 1 1 1 0.0 0.0 0.0
Bi 2.080857852823e+01 3.109215145678e+01 2.831971850542e+01 1 1 1 0.0 0.0 0.0
Bi 9.254793727600e+00 4.409828395862e+00 2.831971850542e+01 1 1 1 0.0 0.0 0.0
Bi 8.810417389115e+00 8.578941374131e+00 2.831971850542e+01 1 1 1 0.0 0.0 0.0
Bi 8.366041050629e+00 1.274805435240e+01 2.831971850542e+01 1 1 1 0.0 0.0 0.0
Bi 7.921664712143e+00 1.691716733067e+01 2.831971850542e+01 1 1 1 0.0 0.0 0.0
Bi 7.477288373657e+00 2.108628030894e+01 2.831971850542e+01 1 1 1 0.0 0.0 0.0
Bi 7.032912035171e+00 2.525539328721e+01 2.831971850542e+01 1 1 1 0.0 0.0 0.0
Bi 6.588535696686e+00 2.942450626548e+01 2.831971850542e+01 1 1 1 0.0 0.0 0.0
Bi 6.144159358200e+00 3.359361924375e+01 2.831971850542e+01 1 1 1 0.0 0.0 0.0
Bi 5.699783019714e+00 3.776273222201e+01 2.831971850542e+01 1 1 1 0.0 0.0 0.0
Bi 2.325264838990e+01 4.193184520028e+01 2.831971850542e+01 1 1 1 0.0 0.0 0.0
Bi 1.303199260473e+01 2.742183204555e+00 2.831971850542e+01 1 1 1 0.0 0.0 0.0
Bi 1.258761626624e+01 6.911296182824e+00 2.831971850542e+01 1 1 1 0.0 0.0 0.0
Bi 1.214323992776e+01 1.108040916109e+01 2.831971850542e+01 1 1 1 0.0 0.0 0.0
Bi 1.169886358927e+01 1.524952213936e+01 2.831971850542e+01 1 1 1 0.0 0.0 0.0
Bi 1.125448725079e+01 1.941863511763e+01 2.831971850542e+01 1 1 1 0.0 0.0 0.0
Bi 1.081011091230e+01 2.358774809590e+01 2.831971850542e+01 1 1 1 0.0 0.0 0.0
Bi 1.036573457381e+01 2.775686107417e+01 2.831971850542e+01 1 1 1 0.0 0.0 0.0
Bi 9.921358235329e+00 3.192597405244e+01 2.831971850542e+01 1 1 1 0.0 0.0 0.0
Bi 9.476981896843e+00 3.609508703071e+01 2.831971850542e+01 1 1 1 0.0 0.0 0.0
Bi 9.032605558358e+00 4.026420000898e+01 2.831971850542e+01 1 1 1 0.0 0.0 0.0
Bi 8.588229219872e+00 4.443331298724e+01 2.831971850542e+01 1 1 1 0.0 0.0 0.0
Bi 1.636481514337e+01 5.243650991516e+00 2.831971850542e+01 1 1 1 0.0 0.0 0.0
Bi 1.592043880489e+01 9.412763969785e+00 2.831971850542e+01 1 1 1 0.0 0.0 0.0
Bi 1.547606246640e+01 1.358187694805e+01 2.831971850542e+01 1 1 1 0.0 0.0 0.0
Bi 1.503168612792e+01 1.775098992632e+01 2.831971850542e+01 1 1 1 0.0 0.0 0.0
Bi 1.458730978943e+01 2.192010290459e+01 2.831971850542e+01 1 1 1 0.0 0.0 0.0
Bi 1.414293345094e+01 2.608921588286e+01 2.831971850542e+01 1 1 1 0.0 0.0 0.0
Bi 1.369855711246e+01 3.025832886113e+01 2.831971850542e+01 1 1 1 0.0 0.0 0.0
Bi 1.325418077397e+01 3.442744183940e+01 2.831971850542e+01 1 1 1 0.0 0.0 0.0
Bi 1.280980443549e+01 3.859655481767e+01 2.831971850542e+01 1 1 1 0.0 0.0 0.0
Bi 1.236542809700e+01 4.276566779594e+01 2.831971850542e+01 1 1 1 0.0 0.0 0.0
Bi 1.836450866656e+01 2.025245771328e+01 2.831971850542e+01 1 1 1 0.0 0.0 0.0
Bi 1.792013232807e+01 2.442157069155e+01 2.831971850542e+01 1 1 1 0.0 0.0 0.0
Bi 1.747575598959e+01 2.859068366982e+01 2.831971850542e+01 1 1 1 0.0 0.0 0.0
Bi 1.703137965110e+01 3.275979664809e+01 2.831971850542e+01 1 1 1 0.0 0.0 0.0
Bi 1.658700331262e+01 3.692890962636e+01 2.831971850542e+01 1 1 1 0.0 0.0 0.0
Bi 1.614262697413e+01 4.109802260463e+01 2.831971850542e+01 1 1 1 0.0 0.0 0.0
Bi 9.699170066086e+00 2.407154175935e-01 2.831971850542e+01 1 1 1 0.0 0.0 0.0
Bi 2.036420218975e+01 3.526126443505e+01 2.831971850542e+01 1 1 1 0.0 0.0 0.0
Bi 1.991982585126e+01 3.943037741332e+01 2.831971850542e+01 1 1 1 0.0 0.0 0.0
Bi 1.947544951277e+01 4.359949039159e+01 2.831971850542e+01 1 1 1 0.0 0.0 0.0
Bi 6.204352835139e+00 4.417173644936e+01 2.434799808390e+01 1 1 1 0.0 0.0 0.0
Bi 3.538094804224e+00 1.646784071018e+00 2.434799808390e+01 1 1 1 0.0 0.0 0.0
Bi 3.093718465739e+00 5.815897049287e+00 2.434799808390e+01 1 1 1 0.0 0.0 0.0
Bi 2.649342127253e+00 9.985010027556e+00 2.434799808390e+01 1 1 1 0.0 0.0 0.0
Bi 2.204965788767e+00 1.415412300582e+01 2.434799808390e+01 1 1 1 0.0 0.0 0.0
Bi 1.331437425091e+01 4.500555904502e+01 2.434799808390e+01 1 1 1 0.0 0.0 0.0
Bi 6.870917342868e+00 4.148251857979e+00 2.434799808390e+01 1 1 1 0.0 0.0 0.0
Bi 6.426541004382e+00 8.317364836248e+00 2.434799808390e+01 1 1 1 0.0 0.0 0.0
Bi 5.982164665896e+00 1.248647781452e+01 2.434799808390e+01 1 1 1 0.0 0.0 0.0
Bi 5.537788327411e+00 1.665559079279e+01 2.434799808390e+01 1 1 1 0.0 0.0 0.0
Bi 5.093411988925e+00 2.082470377106e+01 2.434799808390e+01 1 1 1 0.0 0.0 0.0
Bi 4.649035650439e+00 2.499381674932e+01 2.434799808390e+01 1 1 1 0.0 0.0 0.0
Bi 4.204659311953e+00 2.916292972759e+01 2.434799808390e+01 1 1 1 0.0 0.0 0.0
Bi 1.064811622000e+01 2.480606666672e+00 2.434799808390e+01 1 1 1 0.0 0.0 0.0
Bi 1.020373988151e+01 6.649719644941e+00 2.434799808390e+01 1 1 1 0.0 0.0 0.0
Bi 9.759363543026e+00 1.081883262321e+01 2.434799808390e+01 1 1 1 0.0 0.0 0.0
Bi 9.314987204540e+00 1.498794560148e+01 2.434799808390e+01 1 1 1 0.0 0.0 0.0
Bi 8.870610866054e+00 1.915705857975e+01 2.434799808390e+01 1 1 1 0.0 0.0 0.0
Bi 8.426234527568e+00 2.332617155802e+01 2.434799808390e+01 1 1 1 0.0 0.0 0.0
Bi 7.981858189083e+00 2.749528453629e+01 2.434799808390e+01 1 1 1 0.0 0.0 0.0
Bi 7.537481850597e+00 3.166439751455e+01 2.434799808390e+01 1 1 1 0.0 0.0 0.0
Bi 7.093105512111e+00 3.583351049282e+01 2.434799808390e+01 1 1 1 0.0 0.0 0.0
Bi 6.648729173625e+00 4.000262347109e+01 2.434799808390e+01 1 1 1 0.0 0.0 0.0
Bi 1.442531509713e+01 8.129614753640e-01 2.434799808390e+01 1 1 1 0.0 0.0 0.0
Bi 1.398093875864e+01 4.982074453633e+00 2.434799808390e+01 1 1 1 0.0 0.0 0.0
Bi 1.353656242016e+01 9.151187431902e+00 2.434799808390e+01 1 1 1 0.0 0.0 0.0
Bi 1.309218608167e+01 1.332030041017e+01 2.434799808390e+01 1 1 1 0.0 0.0 0.0
Bi 1.264780974318e+01 1.748941338844e+01 2.434799808390e+01 1 1 1 0.0 0.0 0.0
Bi 1.220343340470e+01 2.165852636671e+01 2.434799808390e+01 1 1 1 0.0 0.0 0.0
Bi 1.175905706621e+01 2.582763934498e+01 2.434799808390e+01 1 1 1 0.0 0.0 0.0
Bi 1.131468072773e+01 2.999675232325e+01 2.434799808390e+01 1 1 1 0.0 0.0 0.0
Bi 1.087030438924e+01 3.416586530152e+01 2.434799808390e+01 1 1 1 0.0 0.0 0.0
Bi 1.042592805075e+01 3.833497827978e+01 2.434799808390e+01 1 1 1 0.0 0.0 0.0
Bi 9.981551712269e+00 4.250409125805e+01 2.434799808390e+01 1 1 1 0.0 0.0 0.0
Bi 1.775813763577e+01 3.314429262325e+00 2.434799808390e+01 1 1 1 0.0 0.0 0.0
Bi 1.731376129728e+01 7.483542240594e+00 2.434799808390e+01 1 1 1 0.0 0.0 0.0
Bi 1.686938495880e+01 1.165265521886e+01 2.434799808390e+01 1 1 1 0.0 0.0 0.0
Bi 1.642500862031e+01 1.582176819713e+01 2.434799808390e+01 1 1 1 0.0 0.0 0.0
Bi 1.598063228183e+01 1.999088117540e+01 2.434799808390e+01 1 1 1 0.0 0.0 0.0
Bi 1.553625594334e+01 2.415999415367e+01 2.434799808390e+01 1 1 1 0.0 0.0 0.0
Bi 1.509187960486e+01 2.832910713194e+01 2.434799808390e+01 1 1 1 0.0 0.0 0.0
Bi 1.464750326637e+01 3.249822011021e+01 2.434799808390e+01 1 1 1 0.0 0.0 0.0
Bi 1.420312692788e+01 3.666733308848e+01 2.434799808390e+01 1 1 1 0.0 0.0 0.0
Bi 1.375875058940e+01 4.083644606675e+01 2.434799808390e+01 1 1 1 0.0 0.0 0.0
Bi 1.975783115896e+01 1.832323598409e+01 2.434799808390e+01 1 1 1 0.0 0.0 0.0
Bi 1.931345482047e+01 2.249234896236e+01 2.434799808390e+01 1 1 1 0.0 0.0 0.0
Bi 1.886907848199e+01 2.666146194063e+01 2.434799808390e+01 1 1 1 0.0 0.0 0.0
Bi 1.842470214350e+01 3.083057491890e+01 2.434799808390e+01 1 1 1 0.0 0.0 0.0
Bi 1.798032580501e+01 3.499968789717e+01 2.434799808390e+01 1 1 1 0.0 0.0 0.0
Bi 1.753594946653e+01 3.916880087544e+01 2.434799808390e+01 1 1 1 0.0 0.0 0.0
Bi 1.709157312804e+01 4.333791385371e+01 2.434799808390e+01 1 1 1 0.0 0.0 0.0
Bi 2.175752468214e+01 3.333204270586e+01 2.434799808390e+01 1 1 1 0.0 0.0 0.0
Bi 2.131314834366e+01 3.750115568413e+01 2.434799808390e+01 1 1 1 0.0 0.0 0.0
Bi 2.086877200517e+01 4.167026866240e+01 2.434799808390e+01 1 1 1 0.0 0.0 0.0
Se 2.303323793116e+01 4.476295349189e+01 1.000000000000e+01 1 1 1 0.0 0.0 0.0
Se 2.036455937708e+00 1.468318717563e+00 1.000000000000e+01 1 1 1 0.0 0.0 0.0
Se 1.103507679205e+01 4.476295349189e+01 1.000000000000e+01 1 1 1 0.0 0.0 0.0
Se 2.036455937708e+00 4.931889499509e+00 1.000000000000e+01 1 1 1 0.0 0.0 0.0
Se 5.035996222487e+00 3.200104108536e+00 1.000000000000e+01 1 1 1 0.0 0.0 0.0
Se 8.035536507267e+00 1.468318717563e+00 1.000000000000e+01 1 1 1 0.0 0.0 0.0
Se 1.703415736160e+01 4.476295349189e+01 1.000000000000e+01 1 1 1 0.0 0.0 0.0
Se 2.036455937708e+00 8.395460281456e+00 1.000000000000e+01 1 1 1 0.0 0.0 0.0
Se 5.035996222487e+00 6.663674890482e+00 1.000000000000e+01 1 1 1 0.0 0.0 0.0
Se 8.035536507267e+00 4.931889499509e+00 1.000000000000e+01 1 1 1 0.0 0.0 0.0
Se 1.103507679205e+01 3.200104108536e+00 1.000000000000e+01 1 1 1 0.0 0.0 0.0
Se 1.403461707683e+01 1.468318717563e+00 1.000000000000e+01 1 1 1 0.0 0.0 0.0
Se 2.036455937708e+00 1.185903106340e+01 1.000000000000e+01 1 1 1 0.0 0.0 0.0
Se 5.035996222487e+00 1.012724567243e+01 1.000000000000e+01 1 1 1 0.0 0.0 0.0
Se 8.035536507267e+00 8.395460281456e+00 1.000000000000e+01 1 1 1 0.0 0.0 0.0
Se 1.103507679205e+01 6.663674890482e+00 1.000000000000e+01 1 1 1 0.0 0.0 0.0
Se 1.403461707683e+01 4.931889499509e+00 1.000000000000e+01 1 1 1 0.0 0.0 0.0
Se 1.703415736160e+01 3.200104108536e+00 1.000000000000e+01 1 1 1 0.0 0.0 0.0
Se 2.003369764638e+01 1.532260184535e+01 1.000000000000e+01 1 1 1 0.0 0.0 0.0
Se 5.035996222487e+00 1.359081645438e+01 1.000000000000e+01 1 1 1 0.0 0.0 0.0
Se 8.035536507267e+00 1.185903106340e+01 1.000000000000e+01 1 1 1 0.0 0.0 0.0
Se 1.103507679205e+01 1.012724567243e+01 1.000000000000e+01 1 1 1 0.0 0.0 0.0
Se 1.403461707683e+01 8.395460281456e+00 1.000000000000e+01 1 1 1 0.0 0.0 0.0
Se 1.703415736160e+01 6.663674890482e+00 1.000000000000e+01 1 1 1 0.0 0.0 0.0
Se 2.003369764638e+01 1.878617262730e+01 1.000000000000e+01 1 1 1 0.0 0.0 0.0
Se 5.035996222487e+00 1.705438723632e+01 1.000000000000e+01 1 1 1 0.0 0.0 0.0
Se 8.035536507267e+00 1.532260184535e+01 1.000000000000e+01 1 1 1 0.0 0.0 0.0
Se 1.103507679205e+01 1.359081645438e+01 1.000000000000e+01 1 1 1 0.0 0.0 0.0
Se 1.403461707683e+01 1.185903106340e+01 1.000000000000e+01 1 1 1 0.0 0.0 0.0
Se 1.703415736160e+01 1.012724567243e+01 1.000000000000e+01 1 1 1 0.0 0.0 0.0
Se 2.003369764638e+01 2.224974340924e+01 1.000000000000e+01 1 1 1 0.0 0.0 0.0
Se 5.035996222487e+00 2.051795801827e+01 1.000000000000e+01 1 1 1 0.0 0.0 0.0
Se 8.035536507267e+00 1.878617262730e+01 1.000000000000e+01 1 1 1 0.0 0.0 0.0
Se 1.103507679205e+01 1.705438723632e+01 1.000000000000e+01 1 1 1 0.0 0.0 0.0
Se 1.403461707683e+01 1.532260184535e+01 1.000000000000e+01 1 1 1 0.0 0.0 0.0
Se 1.703415736160e+01 1.359081645438e+01 1.000000000000e+01 1 1 1 0.0 0.0 0.0
Se 5.035996222487e+00 2.398152880022e+01 1.000000000000e+01 1 1 1 0.0 0.0 0.0
Se 8.035536507267e+00 2.224974340924e+01 1.000000000000e+01 1 1 1 0.0 0.0 0.0
Se 1.103507679205e+01 2.051795801827e+01 1.000000000000e+01 1 1 1 0.0 0.0 0.0
Se 1.403461707683e+01 1.878617262730e+01 1.000000000000e+01 1 1 1 0.0 0.0 0.0
Se 1.703415736160e+01 1.705438723632e+01 1.000000000000e+01 1 1 1 0.0 0.0 0.0
Se 5.035996222487e+00 2.744509958216e+01 1.000000000000e+01 1 1 1 0.0 0.0 0.0
Se 8.035536507267e+00 2.571331419119e+01 1.000000000000e+01 1 1 1 0.0 0.0 0.0
Se 1.103507679205e+01 2.398152880022e+01 1.000000000000e+01 1 1 1 0.0 0.0 0.0
Se 1.403461707683e+01 2.224974340924e+01 1.000000000000e+01 1 1 1 0.0 0.0 0.0
Se 1.703415736160e+01 2.051795801827e+01 1.000000000000e+01 1 1 1 0.0 0.0 0.0
Se 5.035996222487e+00 3.090867036411e+01 1.000000000000e+01 1 1 1 0.0 0.0 0.0
Se 8.035536507267e+00 2.917688497313e+01 1.000000000000e+01 1 1 1 0.0 0.0 0.0
Se 1.103507679205e+01 2.744509958216e+01 1.000000000000e+01 1 1 1 0.0 0.0 0.0
Se 1.403461707683e+01 2.571331419119e+01 1.000000000000e+01 1 1 1 0.0 0.0 0.0
Se 1.703415736160e+01 2.398152880022e+01 1.000000000000e+01 1 1 1 0.0 0.0 0.0
Se 5.035996222487e+00 3.437224114605e+01 1.000000000000e+01 1 1 1 0.0 0.0 0.0
Se 8.035536507267e+00 3.264045575508e+01 1.000000000000e+01 1 1 1 0.0 0.0 0.0
Se 1.103507679205e+01 3.090867036411e+01 1.000000000000e+01 1 1 1 0.0 0.0 0.0
Se 1.403461707683e+01 2.917688497313e+01 1.000000000000e+01 1 1 1 0.0 0.0 0.0
Se 1.703415736160e+01 2.744509958216e+01 1.000000000000e+01 1 1 1 0.0 0.0 0.0
Se 2.003369764638e+01 2.571331419119e+01 1.000000000000e+01 1 1 1 0.0 0.0 0.0
Se 2.303323793116e+01 3.783581192800e+01 1.000000000000e+01 1 1 1 0.0 0.0 0.0
Se 8.035536507267e+00 3.610402653703e+01 1.000000000000e+01 1 1 1 0.0 0.0 0.0
Se 1.103507679205e+01 3.437224114605e+01 1.000000000000e+01 1 1 1 0.0 0.0 0.0
Se 1.403461707683e+01 3.264045575508e+01 1.000000000000e+01 1 1 1 0.0 0.0 0.0
Se 1.703415736160e+01 3.090867036411e+01 1.000000000000e+01 1 1 1 0.0 0.0 0.0
Se 2.003369764638e+01 2.917688497313e+01 1.000000000000e+01 1 1 1 0.0 0.0 0.0
Se 2.303323793116e+01 4.129938270995e+01 1.000000000000e+01 1 1 1 0.0 0.0 0.0
Se 8.035536507267e+00 3.956759731897e+01 1.000000000000e+01 1 1 1 0.0 0.0 0.0
Se 1.103507679205e+01 3.783581192800e+01 1.000000000000e+01 1 1 1 0.0 0.0 0.0
Se 1.403461707683e+01 3.610402653703e+01 1.000000000000e+01 1 1 1 0.0 0.0 0.0
Se 1.703415736160e+01 3.437224114605e+01 1.000000000000e+01 1 1 1 0.0 0.0 0.0
Se 2.003369764638e+01 3.264045575508e+01 1.000000000000e+01 1 1 1 0.0 0.0 0.0
Se 8.035536507267e+00 4.303116810092e+01 1.000000000000e+01 1 1 1 0.0 0.0 0.0
Se 1.103507679205e+01 4.129938270995e+01 1.000000000000e+01 1 1 1 0.0 0.0 0.0
Se 1.403461707683e+01 3.956759731897e+01 1.000000000000e+01 1 1 1 0.0 0.0 0.0
Se 1.703415736160e+01 3.783581192800e+01 1.000000000000e+01 1 1 1 0.0 0.0 0.0
Se 2.003369764638e+01 3.610402653703e+01 1.000000000000e+01 1 1 1 0.0 0.0 0.0
Se 1.403461707683e+01 4.303116810092e+01 1.000000000000e+01 1 1 1 0.0 0.0 0.0
Se 1.703415736160e+01 4.129938270995e+01 1.000000000000e+01 1 1 1 0.0 0.0 0.0
Se 2.003369764638e+01 3.956759731897e+01 1.000000000000e+01 1 1 1 0.0 0.0 0.0
Se 2.003369764638e+01 4.303116810092e+01 1.000000000000e+01 1 1 1 0.0 0.0 0.0
Se 6.030145327349e+00 4.302291651307e+01 1.614602824434e+01 1 1 1 0.0 0.0 0.0
Se 9.029685612128e+00 4.475470190405e+01 1.614602824434e+01 1 1 1 0.0 0.0 0.0
Se 1.202922589691e+01 4.302291651307e+01 1.614602824434e+01 1 1 1 0.0 0.0 0.0
Se 3.030605042569e+00 3.191852520690e+00 1.614602824434e+01 1 1 1 0.0 0.0 0.0
Se 6.030145327349e+00 1.460067129716e+00 1.614602824434e+01 1 1 1 0.0 0.0 0.0
Se 1.502876618169e+01 4.475470190405e+01 1.614602824434e+01 1 1 1 0.0 0.0 0.0
Se 1.802830646647e+01 4.302291651307e+01 1.614602824434e+01 1 1 1 0.0 0.0 0.0
Se 3.030605042569e+00 6.655423302636e+00 1.614602824434e+01 1 1 1 0.0 0.0 0.0
Se 6.030145327349e+00 4.923637911663e+00 1.614602824434e+01 1 1 1 0.0 0.0 0.0
Se 9.029685612128e+00 3.191852520690e+00 1.614602824434e+01 1 1 1 0.0 0.0 0.0
Se 1.202922589691e+01 1.460067129716e+00 1.614602824434e+01 1 1 1 0.0 0.0 0.0
Se 2.102784675124e+01 4.475470190405e+01 1.614602824434e+01 1 1 1 0.0 0.0 0.0
Se 3.030605042569e+00 1.011899408458e+01 1.614602824434e+01 1 1 1 0.0 0.0 0.0
Se 6.030145327349e+00 8.387208693609e+00 1.614602824434e+01 1 1 1 0.0 0.0 0.0
Se 9.029685612128e+00 6.655423302636e+00 1.614602824434e+01 1 1 1 0.0 0.0 0.0
Se 1.202922589691e+01 4.923637911663e+00 1.614602824434e+01 1 1 1 0.0 0.0 0.0
Se 1.502876618169e+01 3.191852520690e+00 1.614602824434e+01 1 1 1 0.0 0.0 0.0
Se 1.802830646647e+01 1.460067129716e+00 1.614602824434e+01 1 1 1 0.0 0.0 0.0
Se 3.030605042569e+00 1.358256486653e+01 1.614602824434e+01 1 1 1 0.0 0.0 0.0
Se 6.030145327349e+00 1.185077947556e+01 1.614602824434e+01 1 1 1 0.0 0.0 0.0
Se 9.029685612128e+00 1.011899408458e+01 1.614602824434e+01 1 1 1 0.0 0.0 0.0
Se 1.202922589691e+01 8.387208693609e+00 1.614602824434e+01 1 1 1 0.0 0.0 0.0
Se 1.502876618169e+01 6.655423302636e+00 1.614602824434e+01 1 1 1 0.0 0.0 0.0
Se 1.802830646647e+01 4.923637911663e+00 1.614602824434e+01 1 1 1 0.0 0.0 0.0
Se 3.030605042569e+00 1.704613564848e+01 1.614602824434e+01 1 1 1 0.0 0.0 0.0
Se 6.030145327349e+00 1.531435025750e+01 1.614602824434e+01 1 1 1 0.0 0.0 0.0
Se 9.029685612128e+00 1.358256486653e+01 1.614602824434e+01 1 1 1 0.0 0.0 0.0
Se 1.202922589691e+01 1.185077947556e+01 1.614602824434e+01 1 1 1 0.0 0.0 0.0
Se 1.502876618169e+01 1.011899408458e+01 1.614602824434e+01 1 1 1 0.0 0.0 0.0
Se 1.802830646647e+01 8.387208693609e+00 1.614602824434e+01 1 1 1 0.0 0.0 0.0
Se 3.030605042569e+00 2.050970643042e+01 1.614602824434e+01 1 1 1 0.0 0.0 0.0
Se 6.030145327349e+00 1.877792103945e+01 1.614602824434e+01 1 1 1 0.0 0.0 0.0
Se 9.029685612128e+00 1.704613564848e+01 1.614602824434e+01 1 1 1 0.0 0.0 0.0
Se 1.202922589691e+01 1.531435025750e+01 1.614602824434e+01 1 1 1 0.0 0.0 0.0
Se 1.502876618169e+01 1.358256486653e+01 1.614602824434e+01 1 1 1 0.0 0.0 0.0
Se 1.802830646647e+01 1.185077947556e+01 1.614602824434e+01 1 1 1 0.0 0.0 0.0
Se 6.030145327349e+00 2.224149182140e+01 1.614602824434e+01 1 1 1 0.0 0.0 0.0
Se 9.029685612128e+00 2.050970643042e+01 1.614602824434e+01 1 1 1 0.0 0.0 0.0
Se 1.202922589691e+01 1.877792103945e+01 1.614602824434e+01 1 1 1 0.0 0.0 0.0
Se 1.502876618169e+01 1.704613564848e+01 1.614602824434e+01 1 1 1 0.0 0.0 0.0
Se 1.802830646647e+01 1.531435025750e+01 1.614602824434e+01 1 1 1 0.0 0.0 0.0
Se 6.030145327349e+00 2.570506260334e+01 1.614602824434e+01 1 1 1 0.0 0.0 0.0
Se 9.029685612128e+00 2.397327721237e+01 1.614602824434e+01 1 1 1 0.0 0.0 0.0
Se 1.202922589691e+01 2.224149182140e+01 1.614602824434e+01 1 1 1 0.0 0.0 0.0
Se 1.502876618169e+01 2.050970643042e+01 1.614602824434e+01 1 1 1 0.0 0.0 0.0
Se 1.802830646647e+01 1.877792103945e+01 1.614602824434e+01 1 1 1 0.0 0.0 0.0
Se 6.030145327349e+00 2.916863338529e+01 1.614602824434e+01 1 1 1 0.0 0.0 0.0
Se 9.029685612128e+00 2.743684799432e+01 1.614602824434e+01 1 1 1 0.0 0.0 0.0
Se 1.202922589691e+01 2.570506260334e+01 1.614602824434e+01 1 1 1 0.0 0.0 0.0
Se 1.502876618169e+01 2.397327721237e+01 1.614602824434e+01 1 1 1 0.0 0.0 0.0
Se 1.802830646647e+01 2.224149182140e+01 1.614602824434e+01 1 1 1 0.0 0.0 0.0
Se 6.030145327349e+00 3.263220416724e+01 1.614602824434e+01 1 1 1 0.0 0.0 0.0
Se 9.029685612128e+00 3.090041877626e+01 1.614602824434e+01 1 1 1 0.0 0.0 0.0
Se 1.202922589691e+01 2.916863338529e+01 1.614602824434e+01 1 1 1 0.0 0.0 0.0
Se 1.502876618169e+01 2.743684799432e+01 1.614602824434e+01 1 1 1 0.0 0.0 0.0
Se 1.802830646647e+01 2.570506260334e+01 1.614602824434e+01 1 1 1 0.0 0.0 0.0
Se 2.102784675124e+01 2.397327721237e+01 1.614602824434e+01 1 1 1 0.0 0.0 0.0
Se 6.030145327349e+00 3.609577494918e+01 1.614602824434e+01 1 1 1 0.0 0.0 0.0
Se 9.029685612128e+00 3.436398955821e+01 1.614602824434e+01 1 1 1 0.0 0.0 0.0
Se 1.202922589691e+01 3.263220416724e+01 1.614602824434e+01 1 1 1 0.0 0.0 0.0
Se 1.502876618169e+01 3.090041877626e+01 1.614602824434e+01 1 1 1 0.0 0.0 0.0
Se 1.802830646647e+01 2.916863338529e+01 1.614602824434e+01 1 1 1 0.0 0.0 0.0
Se 2.102784675124e+01 2.743684799432e+01 1.614602824434e+01 1 1 1 0.0 0.0 0.0
Se 6.030145327349e+00 3.955934573113e+01 1.614602824434e+01 1 1 1 0.0 0.0 0.0
Se 9.029685612128e+00 3.782756034016e+01 1.614602824434e+01 1 1 1 0.0 0.0 0.0
Se 1.202922589691e+01 3.609577494918e+01 1.614602824434e+01 1 1 1 0.0 0.0 0.0
Se 1.502876618169e+01 3.436398955821e+01 1.614602824434e+01 1 1 1 0.0 0.0 0.0
Se 1.802830646647e+01 3.263220416724e+01 1.614602824434e+01 1 1 1 0.0 0.0 0.0
Se 2.102784675124e+01 3.090041877626e+01 1.614602824434e+01 1 1 1 0.0 0.0 0.0
Se 9.029685612128e+00 4.129113112210e+01 1.614602824434e+01 1 1 1 0.0 0.0 0.0
Se 1.202922589691e+01 3.955934573113e+01 1.614602824434e+01 1 1 1 0.0 0.0 0.0
Se 1.502876618169e+01 3.782756034016e+01 1.614602824434e+01 1 1 1 0.0 0.0 0.0
Se 1.802830646647e+01 3.609577494918e+01 1.614602824434e+01 1 1 1 0.0 0.0 0.0
Se 2.102784675124e+01 3.436398955821e+01 1.614602824434e+01 1 1 1 0.0 0.0 0.0
Se 1.502876618169e+01 4.129113112210e+01 1.614602824434e+01 1 1 1 0.0 0.0 0.0
Se 1.802830646647e+01 3.955934573113e+01 1.614602824434e+01 1 1 1 0.0 0.0 0.0
Se 2.102784675124e+01 3.782756034016e+01 1.614602824434e+01 1 1 1 0.0 0.0 0.0
Se 2.102784675124e+01 4.129113112210e+01 1.614602824434e+01 1 1 1 0.0 0.0 0.0
Se 2.303298842409e+01 4.476190662054e+01 1.336443756309e+01 1 1 1 0.0 0.0 0.0
Se 2.036206430635e+00 1.467271846211e+00 1.336443756309e+01 1 1 1 0.0 0.0 0.0
Se 1.103482728497e+01 4.476190662054e+01 1.336443756309e+01 1 1 1 0.0 0.0 0.0
Se 2.036206430635e+00 4.930842628157e+00 1.336443756309e+01 1 1 1 0.0 0.0 0.0
Se 5.035746715414e+00 3.199057237184e+00 1.336443756309e+01 1 1 1 0.0 0.0 0.0
Se 8.035287000194e+00 1.467271846211e+00 1.336443756309e+01 1 1 1 0.0 0.0 0.0
Se 1.703390785453e+01 4.476190662054e+01 1.336443756309e+01 1 1 1 0.0 0.0 0.0
Se 2.036206430635e+00 8.394413410104e+00 1.336443756309e+01 1 1 1 0.0 0.0 0.0
Se 5.035746715414e+00 6.662628019131e+00 1.336443756309e+01 1 1 1 0.0 0.0 0.0
Se 8.035287000194e+00 4.930842628157e+00 1.336443756309e+01 1 1 1 0.0 0.0 0.0
Se 1.103482728497e+01 3.199057237184e+00 1.336443756309e+01 1 1 1 0.0 0.0 0.0
Se 1.403436756975e+01 1.467271846211e+00 1.336443756309e+01 1 1 1 0.0 0.0 0.0
Se 2.036206430635e+00 1.185798419205e+01 1.336443756309e+01 1 1 1 0.0 0.0 0.0
Se 5.035746715414e+00 1.012619880108e+01 1.336443756309e+01 1 1 1 0.0 0.0 0.0
Se 8.035287000194e+00 8.394413410104e+00 1.336443756309e+01 1 1 1 0.0 0.0 0.0
Se 1.103482728497e+01 6.662628019131e+00 1.336443756309e+01 1 1 1 0.0 0.0 0.0
Se 1.403436756975e+01 4.930842628157e+00 1.336443756309e+01 1 1 1 0.0 0.0 0.0
Se 1.703390785453e+01 3.199057237184e+00 1.336443756309e+01 1 1 1 0.0 0.0 0.0
Se 2.003344813931e+01 1.532155497400e+01 1.336443756309e+01 1 1 1 0.0 0.0 0.0
Se 5.035746715414e+00 1.358976958302e+01 1.336443756309e+01 1 1 1 0.0 0.0 0.0
Se 8.035287000194e+00 1.185798419205e+01 1.336443756309e+01 1 1 1 0.0 0.0 0.0
Se 1.103482728497e+01 1.012619880108e+01 1.336443756309e+01 1 1 1 0.0 0.0 0.0
Se 1.403436756975e+01 8.394413410104e+00 1.336443756309e+01 1 1 1 0.0 0.0 0.0
Se 1.703390785453e+01 6.662628019131e+00 1.336443756309e+01 1 1 1 0.0 0.0 0.0
Se 2.003344813931e+01 1.878512575594e+01 1.336443756309e+01 1 1 1 0.0 0.0 0.0
Se 5.035746715414e+00 1.705334036497e+01 1.336443756309e+01 1 1 1 0.0 0.0 0.0
Se 8.035287000194e+00 1.532155497400e+01 1.336443756309e+01 1 1 1 0.0 0.0 0.0
Se 1.103482728497e+01 1.358976958302e+01 1.336443756309e+01 1 1 1 0.0 0.0 0.0
Se 1.403436756975e+01 1.185798419205e+01 1.336443756309e+01 1 1 1 0.0 0.0 0.0
Se 1.703390785453e+01 1.012619880108e+01 1.336443756309e+01 1 1 1 0.0 0.0 0.0
Se 2.003344813931e+01 2.224869653789e+01 1.336443756309e+01 1 1 1 0.0 0.0 0.0
Se 5.035746715414e+00 2.051691114692e+01 1.336443756309e+01 1 1 1 0.0 0.0 0.0
Se 8.035287000194e+00 1.878512575594e+01 1.336443756309e+01 1 1 1 0.0 0.0 0.0
Se 1.103482728497e+01 1.705334036497e+01 1.336443756309e+01 1 1 1 0.0 0.0 0.0
Se 1.403436756975e+01 1.532155497400e+01 1.336443756309e+01 1 1 1 0.0 0.0 0.0
Se 1.703390785453e+01 1.358976958302e+01 1.336443756309e+01 1 1 1 0.0 0.0 0.0
Se 5.035746715414e+00 2.398048192886e+01 1.336443756309e+01 1 1 1 0.0 0.0 0.0
Se 8.035287000194e+00 2.224869653789e+01 1.336443756309e+01 1 1 1 0.0 0.0 0.0
Se 1.103482728497e+01 2.051691114692e+01 1.336443756309e+01 1 1 1 0.0 0.0 0.0
Se 1.403436756975e+01 1.878512575594e+01 1.336443756309e+01 1 1 1 0.0 0.0 0.0
Se 1.703390785453e+01 1.705334036497e+01 1.336443756309e+01 1 1 1 0.0 0.0 0.0
Se 5.035746715414e+00 2.744405271081e+01 1.336443756309e+01 1 1 1 0.0 0.0 0.0
Se 8.035287000194e+00 2.571226731984e+01 1.336443756309e+01 1 1 1 0.0 0.0 0.0
Se 1.103482728497e+01 2.398048192886e+01 1.336443756309e+01 1 1 1 0.0 0.0 0.0
Se 1.403436756975e+01 2.224869653789e+01 1.336443756309e+01 1 1 1 0.0 0.0 0.0
Se 1.703390785453e+01 2.051691114692e+01 1.336443756309e+01 1 1 1 0.0 0.0 0.0
Se 5.035746715414e+00 3.090762349276e+01 1.336443756309e+01 1 1 1 0.0 0.0 0.0
Se 8.035287000194e+00 2.917583810178e+01 1.336443756309e+01 1 1 1 0.0 0.0 0.0
Se 1.103482728497e+01 2.744405271081e+01 1.336443756309e+01 1 1 1 0.0 0.0 0.0
Se 1.403436756975e+01 2.571226731984e+01 1.336443756309e+01 1 1 1 0.0 0.0 0.0
Se 1.703390785453e+01 2.398048192886e+01 1.336443756309e+01 1 1 1 0.0 0.0 0.0
Se 5.035746715414e+00 3.437119427470e+01 1.336443756309e+01 1 1 1 0.0 0.0 0.0
Se 8.035287000194e+00 3.263940888373e+01 1.336443756309e+01 1 1 1 0.0 0.0 0.0
Se 1.103482728497e+01 3.090762349276e+01 1.336443756309e+01 1 1 1 0.0 0.0 0.0
Se 1.403436756975e+01 2.917583810178e+01 1.336443756309e+01 1 1 1 0.0 0.0 0.0
Se 1.703390785453e+01 2.744405271081e+01 1.336443756309e+01 1 1 1 0.0 0.0 0.0
Se 2.003344813931e+01 2.571226731984e+01 1.336443756309e+01 1 1 1 0.0 0.0 0.0
Se 2.303298842409e+01 3.783476505665e+01 1.336443756309e+01 1 1 1 0.0 0.0 0.0
Se 8.035287000194e+00 3.610297966568e+01 1.336443756309e+01 1 1 1 0.0 0.0 0.0
Se 1.103482728497e+01 3.437119427470e+01 1.336443756309e+01 1 1 1 0.0 0.0 0.0
Se 1.403436756975e+01 3.263940888373e+01 1.336443756309e+01 1 1 1 0.0 0.0 0.0
Se 1.703390785453e+01 3.090762349276e+01 1.336443756309e+01 1 1 1 0.0 0.0 0.0
Se 2.003344813931e+01 2.917583810178e+01 1.336443756309e+01 1 1 1 0.0 0.0 0.0
Se 2.303298842409e+01 4.129833583860e+01 1.336443756309e+01 1 1 1 0.0 0.0 0.0
Se 8.035287000194e+00 3.956655044762e+01 1.336443756309e+01 1 1 1 0.0 0.0 0.0
Se 1.103482728497e+01 3.783476505665e+01 1.336443756309e+01 1 1 1 0.0 0.0 0.0
Se 1.403436756975e+01 3.610297966568e+01 1.336443756309e+01 1 1 1 0.0 0.0 0.0
Se 1.703390785453e+01 3.437119427470e+01 1.336443756309e+01 1 1 1 0.0 0.0 0.0
Se 2.003344813931e+01 3.263940888373e+01 1.336443756309e+01 1 1 1 0.0 0.0 0.0
Se 8.035287000194e+00 4.303012122957e+01 1.336443756309e+01 1 1 1 0.0 0.0 0.0
Se 1.103482728497e+01 4.129833583860e+01 1.336443756309e+01 1 1 1 0.0 0.0 0.0
Se 1.403436756975e+01 3.956655044762e+01 1.336443756309e+01 1 1 1 0.0 0.0 0.0
Se 1.703390785453e+01 3.783476505665e+01 1.336443756309e+01 1 1 1 0.0 0.0 0.0
Se 2.003344813931e+01 3.610297966568e+01 1.336443756309e+01 1 1 1 0.0 0.0 0.0
Se 1.403436756975e+01 4.303012122957e+01 1.336443756309e+01 1 1 1 0.0 0.0 0.0
Se 1.703390785453e+01 4.129833583860e+01 1.336443756309e+01 1 1 1 0.0 0.0 0.0
Se 2.003344813931e+01 3.956655044762e+01 1.336443756309e+01 1 1 1 0.0 0.0 0.0
Se 2.003344813931e+01 4.303012122957e+01 1.336443756309e+01 1 1 1 0.0 0.0 0.0
Se 6.030077963085e+00 4.302186069863e+01 1.951046802998e+01 1 1 1 0.0 0.0 0.0
Se 9.029618247864e+00 4.475364608960e+01 1.951046802998e+01 1 1 1 0.0 0.0 0.0
Se 1.202915853264e+01 4.302186069863e+01 1.951046802998e+01 1 1 1 0.0 0.0 0.0
Se 3.030537678306e+00 3.190796706242e+00 1.951046802998e+01 1 1 1 0.0 0.0 0.0
Se 6.030077963085e+00 1.459011315269e+00 1.951046802998e+01 1 1 1 0.0 0.0 0.0
Se 1.502869881742e+01 4.475364608960e+01 1.951046802998e+01 1 1 1 0.0 0.0 0.0
Se 1.802823910220e+01 4.302186069863e+01 1.951046802998e+01 1 1 1 0.0 0.0 0.0
Se 3.030537678306e+00 6.654367488189e+00 1.951046802998e+01 1 1 1 0.0 0.0 0.0
Se 6.030077963085e+00 4.922582097216e+00 1.951046802998e+01 1 1 1 0.0 0.0 0.0
Se 9.029618247864e+00 3.190796706242e+00 1.951046802998e+01 1 1 1 0.0 0.0 0.0
Se 1.202915853264e+01 1.459011315269e+00 1.951046802998e+01 1 1 1 0.0 0.0 0.0
Se 2.102777938698e+01 4.475364608960e+01 1.951046802998e+01 1 1 1 0.0 0.0 0.0
Se 3.030537678306e+00 1.011793827014e+01 1.951046802998e+01 1 1 1 0.0 0.0 0.0
Se 6.030077963085e+00 8.386152879162e+00 1.951046802998e+01 1 1 1 0.0 0.0 0.0
Se 9.029618247864e+00 6.654367488189e+00 1.951046802998e+01 1 1 1 0.0 0.0 0.0
Se 1.202915853264e+01 4.922582097216e+00 1.951046802998e+01 1 1 1 0.0 0.0 0.0
Se 1.502869881742e+01 3.190796706242e+00 1.951046802998e+01 1 1 1 0.0 0.0 0.0
Se 1.802823910220e+01 1.459011315269e+00 1.951046802998e+01 1 1 1 0.0 0.0 0.0
Se 3.030537678306e+00 1.358150905208e+01 1.951046802998e+01 1 1 1 0.0 0.0 0.0
Se 6.030077963085e+00 1.184972366111e+01 1.951046802998e+01 1 1 1 0.0 0.0 0.0
Se 9.029618247864e+00 1.011793827014e+01 1.951046802998e+01 1 1 1 0.0 0.0 0.0
Se 1.202915853264e+01 8.386152879162e+00 1.951046802998e+01 1 1 1 0.0 0.0 0.0
Se 1.502869881742e+01 6.654367488189e+00 1.951046802998e+01 1 1 1 0.0 0.0 0.0
Se 1.802823910220e+01 4.922582097216e+00 1.951046802998e+01 1 1 1 0.0 0.0 0.0
Se 3.030537678306e+00 1.704507983403e+01 1.951046802998e+01 1 1 1 0.0 0.0 0.0
Se 6.030077963085e+00 1.531329444306e+01 1.951046802998e+01 1 1 1 0.0 0.0 0.0
Se 9.029618247864e+00 1.358150905208e+01 1.951046802998e+01 1 1 1 0.0 0.0 0.0
Se 1.202915853264e+01 1.184972366111e+01 1.951046802998e+01 1 1 1 0.0 0.0 0.0
Se 1.502869881742e+01 1.011793827014e+01 1.951046802998e+01 1 1 1 0.0 0.0 0.0
Se 1.802823910220e+01 8.386152879162e+00 1.951046802998e+01 1 1 1 0.0 0.0 0.0
Se 3.030537678306e+00 2.050865061598e+01 1.951046802998e+01 1 1 1 0.0 0.0 0.0
Se 6.030077963085e+00 1.877686522500e+01 1.951046802998e+01 1 1 1 0.0 0.0 0.0
Se 9.029618247864e+00 1.704507983403e+01 1.951046802998e+01 1 1 1 0.0 0.0 0.0
Se 1.202915853264e+01 1.531329444306e+01 1.951046802998e+01 1 1 1 0.0 0.0 0.0
Se 1.502869881742e+01 1.358150905208e+01 1.951046802998e+01 1 1 1 0.0 0.0 0.0
Se 1.802823910220e+01 1.184972366111e+01 1.951046802998e+01 1 1 1 0.0 0.0 0.0
Se 6.030077963085e+00 2.224043600695e+01 1.951046802998e+01 1 1 1 0.0 0.0 0.0
Se 9.029618247864e+00 2.050865061598e+01 1.951046802998e+01 1 1 1 0.0 0.0 0.0
Se 1.202915853264e+01 1.877686522500e+01 1.951046802998e+01 1 1 1 0.0 0.0 0.0
Se 1.502869881742e+01 1.704507983403e+01 1.951046802998e+01 1 1 1 0.0 0.0 0.0
Se 1.802823910220e+01 1.531329444306e+01 1.951046802998e+01 1 1 1 0.0 0.0 0.0
Se 6.030077963085e+00 2.570400678889e+01 1.951046802998e+01 1 1 1 0.0 0.0 0.0
Se 9.029618247864e+00 2.397222139792e+01 1.951046802998e+01 1 1 1 0.0 0.0 0.0
Se 1.202915853264e+01 2.224043600695e+01 1.951046802998e+01 1 1 1 0.0 0.0 0.0
Se 1.502869881742e+01 2.050865061598e+01 1.951046802998e+01 1 1 1 0.0 0.0 0.0
Se 1.802823910220e+01 1.877686522500e+01 1.951046802998e+01 1 1 1 0.0 0.0 0.0
Se 6.030077963085e+00 2.916757757084e+01 1.951046802998e+01 1 1 1 0.0 0.0 0.0
Se 9.029618247864e+00 2.743579217987e+01 1.951046802998e+01 1 1 1 0.0 0.0 0.0
Se 1.202915853264e+01 2.570400678889e+01 1.951046802998e+01 1 1 1 0.0 0.0 0.0
Se 1.502869881742e+01 2.397222139792e+01 1.951046802998e+01 1 1 1 0.0 0.0 0.0
Se 1.802823910220e+01 2.224043600695e+01 1.951046802998e+01 1 1 1 0.0 0.0 0.0
Se 6.030077963085e+00 3.263114835279e+01 1.951046802998e+01 1 1 1 0.0 0.0 0.0
Se 9.029618247864e+00 3.089936296181e+01 1.951046802998e+01 1 1 1 0.0 0.0 0.0
Se 1.202915853264e+01 2.916757757084e+01 1.951046802998e+01 1 1 1 0.0 0.0 0.0
Se 1.502869881742e+01 2.743579217987e+01 1.951046802998e+01 1 1 1 0.0 0.0 0.0
Se 1.802823910220e+01 2.570400678889e+01 1.951046802998e+01 1 1 1 0.0 0.0 0.0
Se 2.102777938698e+01 2.397222139792e+01 1.951046802998e+01 1 1 1 0.0 0.0 0.0
Se 6.030077963085e+00 3.609471913473e+01 1.951046802998e+01 1 1 1 0.0 0.0 0.0
Se 9.029618247864e+00 3.436293374376e+01 1.951046802998e+01 1 1 1 0.0 0.0 0.0
Se 1.202915853264e+01 3.263114835279e+01 1.951046802998e+01 1 1 1 0.0 0.0 0.0
Se 1.502869881742e+01 3.089936296181e+01 1.951046802998e+01 1 1 1 0.0 0.0 0.0
Se 1.802823910220e+01 2.916757757084e+01 1.951046802998e+01 1 1 1 0.0 0.0 0.0
Se 2.102777938698e+01 2.743579217987e+01 1.951046802998e+01 1 1 1 0.0 0.0 0.0
Se 6.030077963085e+00 3.955828991668e+01 1.951046802998e+01 1 1 1 0.0 0.0 0.0
Se 9.029618247864e+00 3.782650452571e+01 1.951046802998e+01 1 1 1 0.0 0.0 0.0
Se 1.202915853264e+01 3.609471913473e+01 1.951046802998e+01 1 1 1 0.0 0.0 0.0
Se 1.502869881742e+01 3.436293374376e+01 1.951046802998e+01 1 1 1 0.0 0.0 0.0
Se 1.802823910220e+01 3.263114835279e+01 1.951046802998e+01 1 1 1 0.0 0.0 0.0
Se 2.102777938698e+01 3.089936296181e+01 1.951046802998e+01 1 1 1 0.0 0.0 0.0
Se 9.029618247864e+00 4.129007530765e+01 1.951046802998e+01 1 1 1 0.0 0.0 0.0
Se 1.202915853264e+01 3.955828991668e+01 1.951046802998e+01 1 1 1 0.0 0.0 0.0
Se 1.502869881742e+01 3.782650452571e+01 1.951046802998e+01 1 1 1 0.0 0.0 0.0
Se 1.802823910220e+01 3.609471913473e+01 1.951046802998e+01 1 1 1 0.0 0.0 0.0
Se 2.102777938698e+01 3.436293374376e+01 1.951046802998e+01 1 1 1 0.0 0.0 0.0
Se 1.502869881742e+01 4.129007530765e+01 1.951046802998e+01 1 1 1 0.0 0.0 0.0
Se 1.802823910220e+01 3.955828991668e+01 1.951046802998e+01 1 1 1 0.0 0.0 0.0
Se 2.102777938698e+01 3.782650452571e+01 1.951046802998e+01 1 1 1 0.0 0.0 0.0
Se 2.102777938698e+01 4.129007530765e+01 1.951046802998e+01 1 1 1 0.0 0.0 0.0
Se 1.689312302725e+01 1.112312664789e+00 3.998930533072e+01 1 1 1 0.0 0.0 0.0
Se 2.228703857214e+00 3.613780451751e+00 3.998930533072e+01 1 1 1 0.0 0.0 0.0
Se 1.784327518728e+00 7.782893430020e+00 3.998930533072e+01 1 1 1 0.0 0.0 0.0
Se 1.933719288892e+01 1.195200640829e+01 3.998930533072e+01 1 1 1 0.0 0.0 0.0
Se 1.889281655043e+01 1.612111938656e+01 3.998930533072e+01 1 1 1 0.0 0.0 0.0
Se 6.005902734344e+00 1.946135260443e+00 3.998930533072e+01 1 1 1 0.0 0.0 0.0
Se 5.561526395858e+00 6.115248238712e+00 3.998930533072e+01 1 1 1 0.0 0.0 0.0
Se 5.117150057372e+00 1.028436121698e+01 3.998930533072e+01 1 1 1 0.0 0.0 0.0
Se 4.672773718886e+00 1.445347419525e+01 3.998930533072e+01 1 1 1 0.0 0.0 0.0
Se 4.228397380400e+00 1.862258717352e+01 3.998930533072e+01 1 1 1 0.0 0.0 0.0
Se 3.784021041914e+00 2.279170015179e+01 3.998930533072e+01 1 1 1 0.0 0.0 0.0
Se 2.133688641210e+01 2.696081313006e+01 3.998930533072e+01 1 1 1 0.0 0.0 0.0
Se 2.089251007362e+01 3.112992610833e+01 3.998930533072e+01 1 1 1 0.0 0.0 0.0
Se 9.338725272987e+00 4.447603047405e+00 3.998930533072e+01 1 1 1 0.0 0.0 0.0
Se 8.894348934501e+00 8.616716025674e+00 3.998930533072e+01 1 1 1 0.0 0.0 0.0
Se 8.449972596016e+00 1.278582900394e+01 3.998930533072e+01 1 1 1 0.0 0.0 0.0
Se 8.005596257530e+00 1.695494198221e+01 3.998930533072e+01 1 1 1 0.0 0.0 0.0
Se 7.561219919044e+00 2.112405496048e+01 3.998930533072e+01 1 1 1 0.0 0.0 0.0
Se 7.116843580558e+00 2.529316793875e+01 3.998930533072e+01 1 1 1 0.0 0.0 0.0
Se 6.672467242072e+00 2.946228091702e+01 3.998930533072e+01 1 1 1 0.0 0.0 0.0
Se 6.228090903586e+00 3.363139389529e+01 3.998930533072e+01 1 1 1 0.0 0.0 0.0
Se 5.783714565101e+00 3.780050687356e+01 3.998930533072e+01 1 1 1 0.0 0.0 0.0
Se 2.333657993529e+01 4.196961985183e+01 3.998930533072e+01 1 1 1 0.0 0.0 0.0
Se 1.311592415012e+01 2.779957856097e+00 3.998930533072e+01 1 1 1 0.0 0.0 0.0
Se 1.267154781163e+01 6.949070834366e+00 3.998930533072e+01 1 1 1 0.0 0.0 0.0
Se 1.222717147314e+01 1.111818381264e+01 3.998930533072e+01 1 1 1 0.0 0.0 0.0
Se 1.178279513466e+01 1.528729679090e+01 3.998930533072e+01 1 1 1 0.0 0.0 0.0
Se 1.133841879617e+01 1.945640976917e+01 3.998930533072e+01 1 1 1 0.0 0.0 0.0
Se 1.089404245769e+01 2.362552274744e+01 3.998930533072e+01 1 1 1 0.0 0.0 0.0
Se 1.044966611920e+01 2.779463572571e+01 3.998930533072e+01 1 1 1 0.0 0.0 0.0
Se 1.000528978072e+01 3.196374870398e+01 3.998930533072e+01 1 1 1 0.0 0.0 0.0
Se 9.560913442230e+00 3.613286168225e+01 3.998930533072e+01 1 1 1 0.0 0.0 0.0
Se 9.116537103744e+00 4.030197466052e+01 3.998930533072e+01 1 1 1 0.0 0.0 0.0
Se 8.672160765258e+00 4.447108763879e+01 3.998930533072e+01 1 1 1 0.0 0.0 0.0
Se 1.644874668876e+01 5.281425643058e+00 3.998930533072e+01 1 1 1 0.0 0.0 0.0
Se 1.600437035027e+01 9.450538621327e+00 3.998930533072e+01 1 1 1 0.0 0.0 0.0
Se 1.555999401179e+01 1.361965159960e+01 3.998930533072e+01 1 1 1 0.0 0.0 0.0
Se 1.511561767330e+01 1.778876457787e+01 3.998930533072e+01 1 1 1 0.0 0.0 0.0
Se 1.467124133482e+01 2.195787755613e+01 3.998930533072e+01 1 1 1 0.0 0.0 0.0
Se 1.422686499633e+01 2.612699053440e+01 3.998930533072e+01 1 1 1 0.0 0.0 0.0
Se 1.378248865785e+01 3.029610351267e+01 3.998930533072e+01 1 1 1 0.0 0.0 0.0
Se 1.333811231936e+01 3.446521649094e+01 3.998930533072e+01 1 1 1 0.0 0.0 0.0
Se 1.289373598087e+01 3.863432946921e+01 3.998930533072e+01 1 1 1 0.0 0.0 0.0
Se 1.244935964239e+01 4.280344244748e+01 3.998930533072e+01 1 1 1 0.0 0.0 0.0
Se 1.844844021195e+01 2.029023236483e+01 3.998930533072e+01 1 1 1 0.0 0.0 0.0
Se 1.800406387346e+01 2.445934534310e+01 3.998930533072e+01 1 1 1 0.0 0.0 0.0
Se 1.755968753497e+01 2.862845832136e+01 3.998930533072e+01 1 1 1 0.0 0.0 0.0
Se 1.711531119649e+01 3.279757129963e+01 3.998930533072e+01 1 1 1 0.0 0.0 0.0
Se 1.667093485800e+01 3.696668427790e+01 3.998930533072e+01 1 1 1 0.0 0.0 0.0
Se 1.622655851952e+01 4.113579725617e+01 3.998930533072e+01 1 1 1 0.0 0.0 0.0
Se 9.783101611473e+00 2.784900691357e-01 3.998930533072e+01 1 1 1 0.0 0.0 0.0
Se 2.044813373513e+01 3.529903908660e+01 3.998930533072e+01 1 1 1 0.0 0.0 0.0
Se 2.000375739665e+01 3.946815206486e+01 3.998930533072e+01 1 1 1 0.0 0.0 0.0
Se 1.955938105816e+01 4.363726504313e+01 3.998930533072e+01 1 1 1 0.0 0.0 0.0
Se 6.275840551014e+00 4.421941211757e+01 3.635172086532e+01 1 1 1 0.0 0.0 0.0
Se 3.609582520099e+00 1.694459739223e+00 3.635172086532e+01 1 1 1 0.0 0.0 0.0
Se 3.165206181614e+00 5.863572717492e+00 3.635172086532e+01 1 1 1 0.0 0.0 0.0
Se 2.720829843128e+00 1.003268569576e+01 3.635172086532e+01 1 1 1 0.0 0.0 0.0
Se 2.276453504642e+00 1.420179867403e+01 3.635172086532e+01 1 1 1 0.0 0.0 0.0
Se 7.386781397229e+00 2.681454791555e-02 3.635172086532e+01 1 1 1 0.0 0.0 0.0
Se 6.942405058743e+00 4.195927526185e+00 3.635172086532e+01 1 1 1 0.0 0.0 0.0
Se 6.498028720257e+00 8.365040504454e+00 3.635172086532e+01 1 1 1 0.0 0.0 0.0
Se 6.053652381771e+00 1.253415348272e+01 3.635172086532e+01 1 1 1 0.0 0.0 0.0
Se 5.609276043286e+00 1.670326646099e+01 3.635172086532e+01 1 1 1 0.0 0.0 0.0
Se 5.164899704800e+00 2.087237943926e+01 3.635172086532e+01 1 1 1 0.0 0.0 0.0
Se 4.720523366314e+00 2.504149241753e+01 3.635172086532e+01 1 1 1 0.0 0.0 0.0
Se 4.276147027828e+00 2.921060539580e+01 3.635172086532e+01 1 1 1 0.0 0.0 0.0
Se 1.071960393587e+01 2.528282334877e+00 3.635172086532e+01 1 1 1 0.0 0.0 0.0
Se 1.027522759739e+01 6.697395313146e+00 3.635172086532e+01 1 1 1 0.0 0.0 0.0
Se 9.830851258901e+00 1.086650829141e+01 3.635172086532e+01 1 1 1 0.0 0.0 0.0
Se 9.386474920415e+00 1.503562126968e+01 3.635172086532e+01 1 1 1 0.0 0.0 0.0
Se 8.942098581929e+00 1.920473424795e+01 3.635172086532e+01 1 1 1 0.0 0.0 0.0
Se 8.497722243443e+00 2.337384722622e+01 3.635172086532e+01 1 1 1 0.0 0.0 0.0
Se 8.053345904958e+00 2.754296020449e+01 3.635172086532e+01 1 1 1 0.0 0.0 0.0
Se 7.608969566472e+00 3.171207318276e+01 3.635172086532e+01 1 1 1 0.0 0.0 0.0
Se 7.164593227986e+00 3.588118616103e+01 3.635172086532e+01 1 1 1 0.0 0.0 0.0
Se 6.720216889500e+00 4.005029913930e+01 3.635172086532e+01 1 1 1 0.0 0.0 0.0
Se 1.449680281300e+01 8.606371435693e-01 3.635172086532e+01 1 1 1 0.0 0.0 0.0
Se 1.405242647452e+01 5.029750121838e+00 3.635172086532e+01 1 1 1 0.0 0.0 0.0
Se 1.360805013603e+01 9.198863100107e+00 3.635172086532e+01 1 1 1 0.0 0.0 0.0
Se 1.316367379754e+01 1.336797607838e+01 3.635172086532e+01 1 1 1 0.0 0.0 0.0
Se 1.271929745906e+01 1.753708905665e+01 3.635172086532e+01 1 1 1 0.0 0.0 0.0
Se 1.227492112057e+01 2.170620203491e+01 3.635172086532e+01 1 1 1 0.0 0.0 0.0
Se 1.183054478209e+01 2.587531501318e+01 3.635172086532e+01 1 1 1 0.0 0.0 0.0
Se 1.138616844360e+01 3.004442799145e+01 3.635172086532e+01 1 1 1 0.0 0.0 0.0
Se 1.094179210512e+01 3.421354096972e+01 3.635172086532e+01 1 1 1 0.0 0.0 0.0
Se 1.049741576663e+01 3.838265394799e+01 3.635172086532e+01 1 1 1 0.0 0.0 0.0
Se 1.005303942814e+01 4.255176692626e+01 3.635172086532e+01 1 1 1 0.0 0.0 0.0
Se 1.782962535165e+01 3.362104930531e+00 3.635172086532e+01 1 1 1 0.0 0.0 0.0
Se 1.738524901316e+01 7.531217908800e+00 3.635172086532e+01 1 1 1 0.0 0.0 0.0
Se 1.694087267467e+01 1.170033088707e+01 3.635172086532e+01 1 1 1 0.0 0.0 0.0
Se 1.649649633619e+01 1.586944386534e+01 3.635172086532e+01 1 1 1 0.0 0.0 0.0
Se 1.605211999770e+01 2.003855684361e+01 3.635172086532e+01 1 1 1 0.0 0.0 0.0
Se 1.560774365922e+01 2.420766982188e+01 3.635172086532e+01 1 1 1 0.0 0.0 0.0
Se 1.516336732073e+01 2.837678280014e+01 3.635172086532e+01 1 1 1 0.0 0.0 0.0
Se 1.471899098224e+01 3.254589577841e+01 3.635172086532e+01 1 1 1 0.0 0.0 0.0
Se 1.427461464376e+01 3.671500875668e+01 3.635172086532e+01 1 1 1 0.0 0.0 0.0
Se 1.383023830527e+01 4.088412173495e+01 3.635172086532e+01 1 1 1 0.0 0.0 0.0
Se 1.982931887483e+01 1.837091165230e+01 3.635172086532e+01 1 1 1 0.0 0.0 0.0
Se 1.938494253635e+01 2.254002463057e+01 3.635172086532e+01 1 1 1 0.0 0.0 0.0
Se 1.894056619786e+01 2.670913760884e+01 3.635172086532e+01 1 1 1 0.0 0.0 0.0
Se 1.849618985937e+01 3.087825058711e+01 3.635172086532e+01 1 1 1 0.0 0.0 0.0
Se 1.805181352089e+01 3.504736356538e+01 3.635172086532e+01 1 1 1 0.0 0.0 0.0
Se 1.760743718240e+01 3.921647654364e+01 3.635172086532e+01 1 1 1 0.0 0.0 0.0
Se 1.716306084392e+01 4.338558952191e+01 3.635172086532e+01 1 1 1 0.0 0.0 0.0
Se 2.182901239802e+01 3.337971837407e+01 3.635172086532e+01 1 1 1 0.0 0.0 0.0
Se 2.138463605953e+01 3.754883135234e+01 3.635172086532e+01 1 1 1 0.0 0.0 0.0
Se 2.094025972105e+01 4.171794433061e+01 3.635172086532e+01 1 1 1 0.0 0.0 0.0
Se 1.238096330166e+00 1.403502384711e+00 3.271820175121e+01 1 1 1 0.0 0.0 0.0
Se 4.570918868809e+00 3.904970171673e+00 3.271820175121e+01 1 1 1 0.0 0.0 0.0
Se 4.126542530323e+00 8.074083149942e+00 3.271820175121e+01 1 1 1 0.0 0.0 0.0
Se 3.682166191838e+00 1.224319612821e+01 3.271820175121e+01 1 1 1 0.0 0.0 0.0
Se 3.237789853352e+00 1.641230910648e+01 3.271820175121e+01 1 1 1 0.0 0.0 0.0
Se 8.348117745939e+00 2.237324980365e+00 3.271820175121e+01 1 1 1 0.0 0.0 0.0
Se 7.903741407453e+00 6.406437958634e+00 3.271820175121e+01 1 1 1 0.0 0.0 0.0
Se 7.459365068967e+00 1.057555093690e+01 3.271820175121e+01 1 1 1 0.0 0.0 0.0
Se 7.014988730481e+00 1.474466391517e+01 3.271820175121e+01 1 1 1 0.0 0.0 0.0
Se 6.570612391995e+00 1.891377689344e+01 3.271820175121e+01 1 1 1 0.0 0.0 0.0
Se 6.126236053510e+00 2.308288987171e+01 3.271820175121e+01 1 1 1 0.0 0.0 0.0
Se 5.681859715024e+00 2.725200284998e+01 3.271820175121e+01 1 1 1 0.0 0.0 0.0
Se 5.237483376538e+00 3.142111582825e+01 3.271820175121e+01 1 1 1 0.0 0.0 0.0
Se 1.168094028458e+01 4.738792767326e+00 3.271820175121e+01 1 1 1 0.0 0.0 0.0
Se 1.123656394610e+01 8.907905745595e+00 3.271820175121e+01 1 1 1 0.0 0.0 0.0
Se 1.079218760761e+01 1.307701872386e+01 3.271820175121e+01 1 1 1 0.0 0.0 0.0
Se 1.034781126912e+01 1.724613170213e+01 3.271820175121e+01 1 1 1 0.0 0.0 0.0
Se 9.903434930639e+00 2.141524468040e+01 3.271820175121e+01 1 1 1 0.0 0.0 0.0
Se 9.459058592153e+00 2.558435765867e+01 3.271820175121e+01 1 1 1 0.0 0.0 0.0
Se 9.014682253667e+00 2.975347063694e+01 3.271820175121e+01 1 1 1 0.0 0.0 0.0
Se 8.570305915182e+00 3.392258361521e+01 3.271820175121e+01 1 1 1 0.0 0.0 0.0
Se 8.125929576696e+00 3.809169659348e+01 3.271820175121e+01 1 1 1 0.0 0.0 0.0
Se 7.681553238210e+00 4.226080957175e+01 3.271820175121e+01 1 1 1 0.0 0.0 0.0
Se 1.545813916171e+01 3.071147576019e+00 3.271820175121e+01 1 1 1 0.0 0.0 0.0
Se 1.501376282323e+01 7.240260554288e+00 3.271820175121e+01 1 1 1 0.0 0.0 0.0
Se 1.456938648474e+01 1.140937353256e+01 3.271820175121e+01 1 1 1 0.0 0.0 0.0
Se 1.412501014625e+01 1.557848651083e+01 3.271820175121e+01 1 1 1 0.0 0.0 0.0
Se 1.368063380777e+01 1.974759948909e+01 3.271820175121e+01 1 1 1 0.0 0.0 0.0
Se 1.323625746928e+01 2.391671246736e+01 3.271820175121e+01 1 1 1 0.0 0.0 0.0
Se 1.279188113080e+01 2.808582544563e+01 3.271820175121e+01 1 1 1 0.0 0.0 0.0
Se 1.234750479231e+01 3.225493842390e+01 3.271820175121e+01 1 1 1 0.0 0.0 0.0
Se 1.190312845383e+01 3.642405140217e+01 3.271820175121e+01 1 1 1 0.0 0.0 0.0
Se 1.145875211534e+01 4.059316438044e+01 3.271820175121e+01 1 1 1 0.0 0.0 0.0
Se 1.101437577685e+01 4.476227735871e+01 3.271820175121e+01 1 1 1 0.0 0.0 0.0
Se 7.937199916798e-01 5.572615362980e+00 3.271820175121e+01 1 1 1 0.0 0.0 0.0
Se 1.834658536187e+01 9.741728341249e+00 3.271820175121e+01 1 1 1 0.0 0.0 0.0
Se 1.790220902338e+01 1.391084131952e+01 3.271820175121e+01 1 1 1 0.0 0.0 0.0
Se 1.745783268490e+01 1.807995429779e+01 3.271820175121e+01 1 1 1 0.0 0.0 0.0
Se 1.701345634641e+01 2.224906727606e+01 3.271820175121e+01 1 1 1 0.0 0.0 0.0
Se 1.656908000793e+01 2.641818025433e+01 3.271820175121e+01 1 1 1 0.0 0.0 0.0
Se 1.612470366944e+01 3.058729323259e+01 3.271820175121e+01 1 1 1 0.0 0.0 0.0
Se 1.568032733095e+01 3.475640621086e+01 3.271820175121e+01 1 1 1 0.0 0.0 0.0
Se 1.523595099247e+01 3.892551918913e+01 3.271820175121e+01 1 1 1 0.0 0.0 0.0
Se 1.479157465398e+01 4.309463216740e+01 3.271820175121e+01 1 1 1 0.0 0.0 0.0
Se 2.793413514866e+00 2.058142208475e+01 3.271820175121e+01 1 1 1 0.0 0.0 0.0
Se 2.034627888506e+01 2.475053506302e+01 3.271820175121e+01 1 1 1 0.0 0.0 0.0
Se 1.990190254657e+01 2.891964804129e+01 3.271820175121e+01 1 1 1 0.0 0.0 0.0
Se 1.945752620808e+01 3.308876101956e+01 3.271820175121e+01 1 1 1 0.0 0.0 0.0
Se 1.901314986960e+01 3.725787399782e+01 3.271820175121e+01 1 1 1 0.0 0.0 0.0
Se 1.856877353111e+01 4.142698697609e+01 3.271820175121e+01 1 1 1 0.0 0.0 0.0
Se 1.212531662307e+01 5.696797890575e-01 3.271820175121e+01 1 1 1 0.0 0.0 0.0
Se 4.793107038052e+00 3.559022880652e+01 3.271820175121e+01 1 1 1 0.0 0.0 0.0
Se 2.234597240824e+01 3.975934178479e+01 3.271820175121e+01 1 1 1 0.0 0.0 0.0
Se 2.190159606976e+01 4.392845476305e+01 3.271820175121e+01 1 1 1 0.0 0.0 0.0
Se 6.206793916464e+00 4.417512626393e+01 2.995146533993e+01 1 1 1 0.0 0.0 0.0
Se 3.540535885549e+00 1.650173885587e+00 2.995146533993e+01 1 1 1 0.0 0.0 0.0
Se 3.096159547063e+00 5.819286863856e+00 2.995146533993e+01 1 1 1 0.0 0.0 0.0
Se 2.651783208577e+00 9.988399842125e+00 2.995146533993e+01 1 1 1 0.0 0.0 0.0
Se 2.207406870092e+00 1.415751282039e+01 2.995146533993e+01 1 1 1 0.0 0.0 0.0
Se 1.331681533224e+01 4.500894885958e+01 2.995146533993e+01 1 1 1 0.0 0.0 0.0
Se 6.873358424193e+00 4.151641672548e+00 2.995146533993e+01 1 1 1 0.0 0.0 0.0
Se 6.428982085707e+00 8.320754650817e+00 2.995146533993e+01 1 1 1 0.0 0.0 0.0
Se 5.984605747221e+00 1.248986762909e+01 2.995146533993e+01 1 1 1 0.0 0.0 0.0
Se 5.540229408735e+00 1.665898060736e+01 2.995146533993e+01 1 1 1 0.0 0.0 0.0
Se 5.095853070249e+00 2.082809358562e+01 2.995146533993e+01 1 1 1 0.0 0.0 0.0
Se 4.651476731764e+00 2.499720656389e+01 2.995146533993e+01 1 1 1 0.0 0.0 0.0
Se 4.207100393278e+00 2.916631954216e+01 2.995146533993e+01 1 1 1 0.0 0.0 0.0
Se 1.065055730132e+01 2.483996481241e+00 2.995146533993e+01 1 1 1 0.0 0.0 0.0
Se 1.020618096284e+01 6.653109459510e+00 2.995146533993e+01 1 1 1 0.0 0.0 0.0
Se 9.761804624351e+00 1.082222243778e+01 2.995146533993e+01 1 1 1 0.0 0.0 0.0
Se 9.317428285865e+00 1.499133541605e+01 2.995146533993e+01 1 1 1 0.0 0.0 0.0
Se 8.873051947379e+00 1.916044839432e+01 2.995146533993e+01 1 1 1 0.0 0.0 0.0
Se 8.428675608893e+00 2.332956137259e+01 2.995146533993e+01 1 1 1 0.0 0.0 0.0
Se 7.984299270407e+00 2.749867435085e+01 2.995146533993e+01 1 1 1 0.0 0.0 0.0
Se 7.539922931921e+00 3.166778732912e+01 2.995146533993e+01 1 1 1 0.0 0.0 0.0
Se 7.095546593436e+00 3.583690030739e+01 2.995146533993e+01 1 1 1 0.0 0.0 0.0
Se 6.651170254950e+00 4.000601328566e+01 2.995146533993e+01 1 1 1 0.0 0.0 0.0
Se 1.442775617845e+01 8.163512899332e-01 2.995146533993e+01 1 1 1 0.0 0.0 0.0
Se 1.398337983997e+01 4.985464268202e+00 2.995146533993e+01 1 1 1 0.0 0.0 0.0
Se 1.353900350148e+01 9.154577246471e+00 2.995146533993e+01 1 1 1 0.0 0.0 0.0
Se 1.309462716299e+01 1.332369022474e+01 2.995146533993e+01 1 1 1 0.0 0.0 0.0
Se 1.265025082451e+01 1.749280320301e+01 2.995146533993e+01 1 1 1 0.0 0.0 0.0
Se 1.220587448602e+01 2.166191618128e+01 2.995146533993e+01 1 1 1 0.0 0.0 0.0
Se 1.176149814754e+01 2.583102915955e+01 2.995146533993e+01 1 1 1 0.0 0.0 0.0
Se 1.131712180905e+01 3.000014213782e+01 2.995146533993e+01 1 1 1 0.0 0.0 0.0
Se 1.087274547057e+01 3.416925511609e+01 2.995146533993e+01 1 1 1 0.0 0.0 0.0
Se 1.042836913208e+01 3.833836809435e+01 2.995146533993e+01 1 1 1 0.0 0.0 0.0
Se 9.983992793593e+00 4.250748107262e+01 2.995146533993e+01 1 1 1 0.0 0.0 0.0
Se 1.776057871710e+01 3.317819076895e+00 2.995146533993e+01 1 1 1 0.0 0.0 0.0
Se 1.731620237861e+01 7.486932055164e+00 2.995146533993e+01 1 1 1 0.0 0.0 0.0
Se 1.687182604012e+01 1.165604503343e+01 2.995146533993e+01 1 1 1 0.0 0.0 0.0
Se 1.642744970164e+01 1.582515801170e+01 2.995146533993e+01 1 1 1 0.0 0.0 0.0
Se 1.598307336315e+01 1.999427098997e+01 2.995146533993e+01 1 1 1 0.0 0.0 0.0
Se 1.553869702467e+01 2.416338396824e+01 2.995146533993e+01 1 1 1 0.0 0.0 0.0
Se 1.509432068618e+01 2.833249694651e+01 2.995146533993e+01 1 1 1 0.0 0.0 0.0
Se 1.464994434769e+01 3.250160992478e+01 2.995146533993e+01 1 1 1 0.0 0.0 0.0
Se 1.420556800921e+01 3.667072290305e+01 2.995146533993e+01 1 1 1 0.0 0.0 0.0
Se 1.376119167072e+01 4.083983588132e+01 2.995146533993e+01 1 1 1 0.0 0.0 0.0
Se 1.976027224028e+01 1.832662579866e+01 2.995146533993e+01 1 1 1 0.0 0.0 0.0
Se 1.931589590180e+01 2.249573877693e+01 2.995146533993e+01 1 1 1 0.0 0.0 0.0
Se 1.887151956331e+01 2.666485175520e+01 2.995146533993e+01 1 1 1 0.0 0.0 0.0
Se 1.842714322482e+01 3.083396473347e+01 2.995146533993e+01 1 1 1 0.0 0.0 0.0
Se 1.798276688634e+01 3.500307771174e+01 2.995146533993e+01 1 1 1 0.0 0.0 0.0
Se 1.753839054785e+01 3.917219069001e+01 2.995146533993e+01 1 1 1 0.0 0.0 0.0
Se 1.709401420937e+01 4.334130366828e+01 2.995146533993e+01 1 1 1 0.0 0.0 0.0
Se 2.175996576347e+01 3.333543252043e+01 2.995146533993e+01 1 1 1 0.0 0.0 0.0
Se 2.131558942498e+01 3.750454549870e+01 2.995146533993e+01 1 1 1 0.0 0.0 0.0
Se 2.087121308650e+01 4.167365847697e+01 2.995146533993e+01 1 1 1 0.0 0.0 0.0
Se 1.173980457784e+00 1.352698736027e+00 2.633360299309e+01 1 1 1 0.0 0.0 0.0
Se 4.506802996428e+00 3.854166522989e+00 2.633360299309e+01 1 1 1 0.0 0.0 0.0
Se 4.062426657942e+00 8.023279501258e+00 2.633360299309e+01 1 1 1 0.0 0.0 0.0
Se 3.618050319456e+00 1.219239247953e+01 2.633360299309e+01 1 1 1 0.0 0.0 0.0
Se 3.173673980970e+00 1.636150545780e+01 2.633360299309e+01 1 1 1 0.0 0.0 0.0
Se 8.284001873557e+00 2.186521331681e+00 2.633360299309e+01 1 1 1 0.0 0.0 0.0
Se 7.839625535071e+00 6.355634309950e+00 2.633360299309e+01 1 1 1 0.0 0.0 0.0
Se 7.395249196585e+00 1.052474728822e+01 2.633360299309e+01 1 1 1 0.0 0.0 0.0
Se 6.950872858100e+00 1.469386026649e+01 2.633360299309e+01 1 1 1 0.0 0.0 0.0
Se 6.506496519614e+00 1.886297324476e+01 2.633360299309e+01 1 1 1 0.0 0.0 0.0
Se 6.062120181128e+00 2.303208622303e+01 2.633360299309e+01 1 1 1 0.0 0.0 0.0
Se 5.617743842642e+00 2.720119920130e+01 2.633360299309e+01 1 1 1 0.0 0.0 0.0
Se 5.173367504156e+00 3.137031217956e+01 2.633360299309e+01 1 1 1 0.0 0.0 0.0
Se 1.161682441220e+01 4.687989118643e+00 2.633360299309e+01 1 1 1 0.0 0.0 0.0
Se 1.117244807371e+01 8.857102096912e+00 2.633360299309e+01 1 1 1 0.0 0.0 0.0
Se 1.072807173523e+01 1.302621507518e+01 2.633360299309e+01 1 1 1 0.0 0.0 0.0
Se 1.028369539674e+01 1.719532805345e+01 2.633360299309e+01 1 1 1 0.0 0.0 0.0
Se 9.839319058257e+00 2.136444103172e+01 2.633360299309e+01 1 1 1 0.0 0.0 0.0
Se 9.394942719772e+00 2.553355400999e+01 2.633360299309e+01 1 1 1 0.0 0.0 0.0
Se 8.950566381286e+00 2.970266698826e+01 2.633360299309e+01 1 1 1 0.0 0.0 0.0
Se 8.506190042800e+00 3.387177996653e+01 2.633360299309e+01 1 1 1 0.0 0.0 0.0
Se 8.061813704314e+00 3.804089294479e+01 2.633360299309e+01 1 1 1 0.0 0.0 0.0
Se 7.617437365828e+00 4.221000592306e+01 2.633360299309e+01 1 1 1 0.0 0.0 0.0
Se 1.539402328933e+01 3.020343927335e+00 2.633360299309e+01 1 1 1 0.0 0.0 0.0
Se 1.494964695084e+01 7.189456905604e+00 2.633360299309e+01 1 1 1 0.0 0.0 0.0
Se 1.450527061236e+01 1.135856988387e+01 2.633360299309e+01 1 1 1 0.0 0.0 0.0
Se 1.406089427387e+01 1.552768286214e+01 2.633360299309e+01 1 1 1 0.0 0.0 0.0
Se 1.361651793539e+01 1.969679584041e+01 2.633360299309e+01 1 1 1 0.0 0.0 0.0
Se 1.317214159690e+01 2.386590881868e+01 2.633360299309e+01 1 1 1 0.0 0.0 0.0
Se 1.272776525842e+01 2.803502179695e+01 2.633360299309e+01 1 1 1 0.0 0.0 0.0
Se 1.228338891993e+01 3.220413477522e+01 2.633360299309e+01 1 1 1 0.0 0.0 0.0
Se 1.183901258144e+01 3.637324775349e+01 2.633360299309e+01 1 1 1 0.0 0.0 0.0
Se 1.139463624296e+01 4.054236073176e+01 2.633360299309e+01 1 1 1 0.0 0.0 0.0
Se 1.095025990447e+01 4.471147371002e+01 2.633360299309e+01 1 1 1 0.0 0.0 0.0
Se 1.872684582797e+01 5.521811714296e+00 2.633360299309e+01 1 1 1 0.0 0.0 0.0
Se 1.828246948949e+01 9.690924692565e+00 2.633360299309e+01 1 1 1 0.0 0.0 0.0
Se 1.783809315100e+01 1.386003767083e+01 2.633360299309e+01 1 1 1 0.0 0.0 0.0
Se 1.739371681252e+01 1.802915064910e+01 2.633360299309e+01 1 1 1 0.0 0.0 0.0
Se 1.694934047403e+01 2.219826362737e+01 2.633360299309e+01 1 1 1 0.0 0.0 0.0
Se 1.650496413554e+01 2.636737660564e+01 2.633360299309e+01 1 1 1 0.0 0.0 0.0
Se 1.606058779706e+01 3.053648958391e+01 2.633360299309e+01 1 1 1 0.0 0.0 0.0
Se 1.561621145857e+01 3.470560256218e+01 2.633360299309e+01 1 1 1 0.0 0.0 0.0
Se 1.517183512009e+01 3.887471554045e+01 2.633360299309e+01 1 1 1 0.0 0.0 0.0
Se 1.472745878160e+01 4.304382851872e+01 2.633360299309e+01 1 1 1 0.0 0.0 0.0
Se 2.072653935116e+01 2.053061843606e+01 2.633360299309e+01 1 1 1 0.0 0.0 0.0
Se 2.028216301267e+01 2.469973141433e+01 2.633360299309e+01 1 1 1 0.0 0.0 0.0
Se 1.983778667419e+01 2.886884439260e+01 2.633360299309e+01 1 1 1 0.0 0.0 0.0
Se 1.939341033570e+01 3.303795737087e+01 2.633360299309e+01 1 1 1 0.0 0.0 0.0
Se 1.894903399722e+01 3.720707034914e+01 2.633360299309e+01 1 1 1 0.0 0.0 0.0
Se 1.850465765873e+01 4.137618332741e+01 2.633360299309e+01 1 1 1 0.0 0.0 0.0
Se 1.206120075069e+01 5.188761403737e-01 2.633360299309e+01 1 1 1 0.0 0.0 0.0
Se 2.272623287435e+01 3.553942515783e+01 2.633360299309e+01 1 1 1 0.0 0.0 0.0
Se 2.228185653586e+01 3.970853813610e+01 2.633360299309e+01 1 1 1 0.0 0.0 0.0
Se 2.183748019737e+01 4.387765111437e+01 2.633360299309e+01 1 1 1 0.0 0.0 0.0
Se 1.681325603887e+01 1.068003890129e+00 2.271046802998e+01 1 1 1 0.0 0.0 0.0
Se 2.148836868840e+00 3.569471677090e+00 2.271046802998e+01 1 1 1 0.0 0.0 0.0
Se 1.704460530354e+00 7.738584655359e+00 2.271046802998e+01 1 1 1 0.0 0.0 0.0
Se 1.925732590054e+01 1.190769763363e+01 2.271046802998e+01 1 1 1 0.0 0.0 0.0
Se 1.881294956206e+01 1.607681061190e+01 2.271046802998e+01 1 1 1 0.0 0.0 0.0
Se 5.926035745969e+00 1.901826485783e+00 2.271046802998e+01 1 1 1 0.0 0.0 0.0
Se 5.481659407483e+00 6.070939464052e+00 2.271046802998e+01 1 1 1 0.0 0.0 0.0
Se 5.037283068997e+00 1.024005244232e+01 2.271046802998e+01 1 1 1 0.0 0.0 0.0
Se 4.592906730512e+00 1.440916542059e+01 2.271046802998e+01 1 1 1 0.0 0.0 0.0
Se 4.148530392026e+00 1.857827839886e+01 2.271046802998e+01 1 1 1 0.0 0.0 0.0
Se 3.704154053540e+00 2.274739137713e+01 2.271046802998e+01 1 1 1 0.0 0.0 0.0
Se 2.125701942373e+01 2.691650435540e+01 2.271046802998e+01 1 1 1 0.0 0.0 0.0
Se 2.081264308524e+01 3.108561733367e+01 2.271046802998e+01 1 1 1 0.0 0.0 0.0
Se 9.258858284613e+00 4.403294272744e+00 2.271046802998e+01 1 1 1 0.0 0.0 0.0
Se 8.814481946127e+00 8.572407251013e+00 2.271046802998e+01 1 1 1 0.0 0.0 0.0
Se 8.370105607641e+00 1.274152022928e+01 2.271046802998e+01 1 1 1 0.0 0.0 0.0
Se 7.925729269155e+00 1.691063320755e+01 2.271046802998e+01 1 1 1 0.0 0.0 0.0
Se 7.481352930669e+00 2.107974618582e+01 2.271046802998e+01 1 1 1 0.0 0.0 0.0
Se 7.036976592184e+00 2.524885916409e+01 2.271046802998e+01 1 1 1 0.0 0.0 0.0
Se 6.592600253698e+00 2.941797214236e+01 2.271046802998e+01 1 1 1 0.0 0.0 0.0
Se 6.148223915212e+00 3.358708512063e+01 2.271046802998e+01 1 1 1 0.0 0.0 0.0
Se 5.703847576726e+00 3.775619809890e+01 2.271046802998e+01 1 1 1 0.0 0.0 0.0
Se 2.325671294692e+01 4.192531107717e+01 2.271046802998e+01 1 1 1 0.0 0.0 0.0
Se 1.303605716174e+01 2.735649081437e+00 2.271046802998e+01 1 1 1 0.0 0.0 0.0
Se 1.259168082326e+01 6.904762059706e+00 2.271046802998e+01 1 1 1 0.0 0.0 0.0
Se 1.214730448477e+01 1.107387503797e+01 2.271046802998e+01 1 1 1 0.0 0.0 0.0
Se 1.170292814628e+01 1.524298801624e+01 2.271046802998e+01 1 1 1 0.0 0.0 0.0
Se 1.125855180780e+01 1.941210099451e+01 2.271046802998e+01 1 1 1 0.0 0.0 0.0
Se 1.081417546931e+01 2.358121397278e+01 2.271046802998e+01 1 1 1 0.0 0.0 0.0
Se 1.036979913083e+01 2.775032695105e+01 2.271046802998e+01 1 1 1 0.0 0.0 0.0
Se 9.925422792341e+00 3.191943992932e+01 2.271046802998e+01 1 1 1 0.0 0.0 0.0
Se 9.481046453856e+00 3.608855290759e+01 2.271046802998e+01 1 1 1 0.0 0.0 0.0
Se 9.036670115370e+00 4.025766588586e+01 2.271046802998e+01 1 1 1 0.0 0.0 0.0
Se 8.592293776884e+00 4.442677886413e+01 2.271046802998e+01 1 1 1 0.0 0.0 0.0
Se 1.636887970039e+01 5.237116868398e+00 2.271046802998e+01 1 1 1 0.0 0.0 0.0
Se 1.592450336190e+01 9.406229846667e+00 2.271046802998e+01 1 1 1 0.0 0.0 0.0
Se 1.548012702341e+01 1.357534282494e+01 2.271046802998e+01 1 1 1 0.0 0.0 0.0
Se 1.503575068493e+01 1.774445580320e+01 2.271046802998e+01 1 1 1 0.0 0.0 0.0
Se 1.459137434644e+01 2.191356878147e+01 2.271046802998e+01 1 1 1 0.0 0.0 0.0
Se 1.414699800796e+01 2.608268175974e+01 2.271046802998e+01 1 1 1 0.0 0.0 0.0
Se 1.370262166947e+01 3.025179473801e+01 2.271046802998e+01 1 1 1 0.0 0.0 0.0
Se 1.325824533099e+01 3.442090771628e+01 2.271046802998e+01 1 1 1 0.0 0.0 0.0
Se 1.281386899250e+01 3.859002069455e+01 2.271046802998e+01 1 1 1 0.0 0.0 0.0
Se 1.236949265401e+01 4.275913367282e+01 2.271046802998e+01 1 1 1 0.0 0.0 0.0
Se 1.836857322357e+01 2.024592359017e+01 2.271046802998e+01 1 1 1 0.0 0.0 0.0
Se 1.792419688509e+01 2.441503656844e+01 2.271046802998e+01 1 1 1 0.0 0.0 0.0
Se 1.747982054660e+01 2.858414954670e+01 2.271046802998e+01 1 1 1 0.0 0.0 0.0
Se 1.703544420811e+01 3.275326252497e+01 2.271046802998e+01 1 1 1 0.0 0.0 0.0
Se 1.659106786963e+01 3.692237550324e+01 2.271046802998e+01 1 1 1 0.0 0.0 0.0
Se 1.614669153114e+01 4.109148848151e+01 2.271046802998e+01 1 1 1 0.0 0.0 0.0
Se 9.703234623099e+00 2.341812944752e-01 2.271046802998e+01 1 1 1 0.0 0.0 0.0
Se 2.036826674676e+01 3.525473031193e+01 2.271046802998e+01 1 1 1 0.0 0.0 0.0
Se 1.992389040827e+01 3.942384329020e+01 2.271046802998e+01 1 1 1 0.0 0.0 0.0
Se 1.947951406979e+01 4.359295626847e+01 2.271046802998e+01 1 1 1 0.0 0.0 0.0
"