calculation_mode = "Quench Electrons"
cell_relax = "False"
charge_density_mixing = "0.1"
charge_mixing_type = "Broyden"
description = "Example parameters for high-throughput bulk relaxation of a vdW material"
dos_broading = "0.05"
dos_method = "Gaussian"
energy_convergence_criterion = "1e-10"
energy_output_units = "Hartrees"
kohn_sham_mucycles = "3"
kohn_sham_solver = "davidson"
kpoint_mesh = "1 1 1"
localize_projectors = "False"
max_md_steps = "100"
max_scf_steps = "200"
non_local_block_size = "4000"
potential_acceleration_constant_step = "1.5"
processor_grid = "4 5 12"
rms_convergence_criterion = "1e-08"
scalapack_block_factor = "64"
start_mode = "LCAO Start"
state_block_size = "64"
stress = "True"
subdiag_driver = "scalapack"
use_async_allreduce = "False"
vdw_corr = "DFT-D3"
vdwdf_kernel_filepath = "/lustre/orion/world-shared/cph162/rjmorelock/rmgdft/XC/vdW_kernel_table"
wavefunction_grid = "128 154 378"
write_data_period = "50"

atomic_coordinate_type = "Absolute"
crds_units = "Angstrom"
lattice_units = "Angstrom"

lattice_vector = "
1.509735502135e+01 0.000000000000e+00 9.000000000000e-16
7.151378694084e+00 1.651540165801e+01 1.100000000000e-15
0.000000000000e+00 0.000000000000e+00 4.446241589303e+01
"
atoms = "
Nb 5.979464092000e+00 8.929276280591e+00 1.532833092694e+01 1 1 1 0.0 0.0 0.0
Nb 8.760555806429e+00 1.099370148784e+01 1.532833092694e+01 1 1 1 0.0 0.0 0.0
Nb 1.154164752086e+01 1.305812669509e+01 1.532833092694e+01 1 1 1 0.0 0.0 0.0
Nb 3.595671193972e+00 3.424142394587e+00 1.532833092694e+01 1 1 1 0.0 0.0 0.0
Nb 6.376762908401e+00 5.488567601838e+00 1.532833092694e+01 1 1 1 0.0 0.0 0.0
Nb 9.157854622831e+00 7.552992809090e+00 1.532833092694e+01 1 1 1 0.0 0.0 0.0
Nb 1.193894633726e+01 9.617418016341e+00 1.532833092694e+01 1 1 1 0.0 0.0 0.0
Nb 1.472003805169e+01 1.168184322359e+01 1.532833092694e+01 1 1 1 0.0 0.0 0.0
Nb 1.750112976612e+01 1.374626843084e+01 1.532833092694e+01 1 1 1 0.0 0.0 0.0
Nb 8.363256990027e+00 1.443441016659e+01 1.532833092694e+01 1 1 1 0.0 0.0 0.0
Nb 1.114434870446e+01 1.649883537385e+01 1.532833092694e+01 1 1 1 0.0 0.0 0.0
Nb 6.774061724803e+00 2.047858923086e+00 1.532833092694e+01 1 1 1 0.0 0.0 0.0
Nb 9.555153439232e+00 4.112284130338e+00 1.532833092694e+01 1 1 1 0.0 0.0 0.0
Nb 1.233624515366e+01 6.176709337589e+00 1.532833092694e+01 1 1 1 0.0 0.0 0.0
Nb 1.511733686809e+01 8.241134544840e+00 1.532833092694e+01 1 1 1 0.0 0.0 0.0
Nb 1.789842858252e+01 1.030555975209e+01 1.532833092694e+01 1 1 1 0.0 0.0 0.0
Nb 5.582165275598e+00 1.236998495934e+01 1.532833092694e+01 1 1 1 0.0 0.0 0.0
Nb 1.432273923529e+01 1.512255190234e+01 1.532833092694e+01 1 1 1 0.0 0.0 0.0
Nb 9.952452255634e+00 6.715754515856e-01 1.532833092694e+01 1 1 1 0.0 0.0 0.0
Nb 1.273354397006e+01 2.736000658837e+00 1.532833092694e+01 1 1 1 0.0 0.0 0.0
Nb 1.551463568449e+01 4.800425866088e+00 1.532833092694e+01 1 1 1 0.0 0.0 0.0
Nb 3.198372377570e+00 6.864851073339e+00 1.532833092694e+01 1 1 1 0.0 0.0 0.0
Nb 2.028222148055e+01 1.581069363809e+01 1.532833092694e+01 1 1 1 0.0 0.0 0.0
Nb 8.145794795424e-01 1.359717187336e+00 1.532833092694e+01 1 1 1 0.0 0.0 0.0
Nb 5.986068324512e+00 8.922028334630e+00 9.182088683320e+00 1 1 1 0.0 0.0 0.0
Nb 8.767160038942e+00 1.098645354188e+01 9.182088683320e+00 1 1 1 0.0 0.0 0.0
Nb 1.154825175337e+01 1.305087874913e+01 9.182088683320e+00 1 1 1 0.0 0.0 0.0
Nb 3.602275426485e+00 3.416894448626e+00 9.182088683320e+00 1 1 1 0.0 0.0 0.0
Nb 6.383367140914e+00 5.481319655878e+00 9.182088683320e+00 1 1 1 0.0 0.0 0.0
Nb 9.164458855343e+00 7.545744863129e+00 9.182088683320e+00 1 1 1 0.0 0.0 0.0
Nb 1.194555056977e+01 9.610170070380e+00 9.182088683320e+00 1 1 1 0.0 0.0 0.0
Nb 1.472664228420e+01 1.167459527763e+01 9.182088683320e+00 1 1 1 0.0 0.0 0.0
Nb 1.750773399863e+01 1.373902048488e+01 9.182088683320e+00 1 1 1 0.0 0.0 0.0
Nb 8.369861222540e+00 1.442716222063e+01 9.182088683320e+00 1 1 1 0.0 0.0 0.0
Nb 1.115095293697e+01 1.649158742788e+01 9.182088683320e+00 1 1 1 0.0 0.0 0.0
Nb 6.780665957316e+00 2.040610977126e+00 9.182088683320e+00 1 1 1 0.0 0.0 0.0
Nb 9.561757671745e+00 4.105036184377e+00 9.182088683320e+00 1 1 1 0.0 0.0 0.0
Nb 1.234284938617e+01 6.169461391628e+00 9.182088683320e+00 1 1 1 0.0 0.0 0.0
Nb 1.512394110060e+01 8.233886598879e+00 9.182088683320e+00 1 1 1 0.0 0.0 0.0
Nb 1.790503281503e+01 1.029831180613e+01 9.182088683320e+00 1 1 1 0.0 0.0 0.0
Nb 5.588769508111e+00 1.236273701338e+01 9.182088683320e+00 1 1 1 0.0 0.0 0.0
Nb 1.432934346780e+01 1.511530395638e+01 9.182088683320e+00 1 1 1 0.0 0.0 0.0
Nb 9.959056488146e+00 6.643275056247e-01 9.182088683320e+00 1 1 1 0.0 0.0 0.0
Nb 1.274014820258e+01 2.728752712876e+00 9.182088683320e+00 1 1 1 0.0 0.0 0.0
Nb 1.552123991701e+01 4.793177920127e+00 9.182088683320e+00 1 1 1 0.0 0.0 0.0
Nb 3.204976610083e+00 6.857603127378e+00 9.182088683320e+00 1 1 1 0.0 0.0 0.0
Nb 2.028882571306e+01 1.580344569213e+01 9.182088683320e+00 1 1 1 0.0 0.0 0.0
Nb 8.211837120552e-01 1.352469241375e+00 9.182088683320e+00 1 1 1 0.0 0.0 0.0
Bi 1.034980123659e+01 1.259055886836e+01 3.532095071834e+01 1 1 1 0.0 0.0 0.0
Bi 1.436953043733e+01 1.161906465318e+01 3.532095071834e+01 1 1 1 0.0 0.0 0.0
Bi 1.838925963808e+01 1.064757043801e+01 3.532095071834e+01 1 1 1 0.0 0.0 0.0
Bi 7.311633817471e+00 9.676076222829e+00 3.532095071834e+01 1 1 1 0.0 0.0 0.0
Bi 1.133136301822e+01 8.704582007652e+00 3.532095071834e+01 1 1 1 0.0 0.0 0.0
Bi 1.535109221896e+01 7.733087792475e+00 3.532095071834e+01 1 1 1 0.0 0.0 0.0
Bi 4.273466398356e+00 6.761593577298e+00 3.532095071834e+01 1 1 1 0.0 0.0 0.0
Bi 8.293195599102e+00 5.790099362120e+00 3.532095071834e+01 1 1 1 0.0 0.0 0.0
Bi 1.231292479985e+01 4.818605146943e+00 3.532095071834e+01 1 1 1 0.0 0.0 0.0
Bi 1.633265400059e+01 3.847110931766e+00 3.532095071834e+01 1 1 1 0.0 0.0 0.0
Bi 5.255028179987e+00 2.875616716589e+00 3.532095071834e+01 1 1 1 0.0 0.0 0.0
Bi 9.274757380732e+00 1.904122501412e+00 3.532095071834e+01 1 1 1 0.0 0.0 0.0
Bi 1.329448658148e+01 9.326282862352e-01 3.532095071834e+01 1 1 1 0.0 0.0 0.0
Bi 9.368239454955e+00 1.647653572907e+01 3.532095071834e+01 1 1 1 0.0 0.0 0.0
Bi 1.338796865570e+01 1.550504151389e+01 3.532095071834e+01 1 1 1 0.0 0.0 0.0
Bi 1.740769785645e+01 1.453354729871e+01 3.532095071834e+01 1 1 1 0.0 0.0 0.0
Bi 6.330072035841e+00 1.356205308354e+01 3.532095071834e+01 1 1 1 0.0 0.0 0.0
Bi 8.016220101977e+00 1.197311339529e+01 3.133430771007e+01 1 1 1 0.0 0.0 0.0
Bi 1.203594930272e+01 1.100161918011e+01 3.133430771007e+01 1 1 1 0.0 0.0 0.0
Bi 1.605567850347e+01 1.003012496494e+01 3.133430771007e+01 1 1 1 0.0 0.0 0.0
Bi 4.978052682863e+00 9.058630749760e+00 3.133430771007e+01 1 1 1 0.0 0.0 0.0
Bi 8.997781883608e+00 8.087136534583e+00 3.133430771007e+01 1 1 1 0.0 0.0 0.0
Bi 1.301751108435e+01 7.115642319406e+00 3.133430771007e+01 1 1 1 0.0 0.0 0.0
Bi 1.703724028510e+01 6.144148104229e+00 3.133430771007e+01 1 1 1 0.0 0.0 0.0
Bi 5.959614464493e+00 5.172653889052e+00 3.133430771007e+01 1 1 1 0.0 0.0 0.0
Bi 9.979343665239e+00 4.201159673875e+00 3.133430771007e+01 1 1 1 0.0 0.0 0.0
Bi 1.399907286598e+01 3.229665458698e+00 3.133430771007e+01 1 1 1 0.0 0.0 0.0
Bi 2.921447045378e+00 2.258171243520e+00 3.133430771007e+01 1 1 1 0.0 0.0 0.0
Bi 6.941176246124e+00 1.286677028343e+00 3.133430771007e+01 1 1 1 0.0 0.0 0.0
Bi 1.096090544687e+01 3.151828131664e-01 3.133430771007e+01 1 1 1 0.0 0.0 0.0
Bi 7.034658320347e+00 1.585909025600e+01 3.133430771007e+01 1 1 1 0.0 0.0 0.0
Bi 1.105438752109e+01 1.488759604082e+01 3.133430771007e+01 1 1 1 0.0 0.0 0.0
Bi 1.507411672184e+01 1.391610182565e+01 3.133430771007e+01 1 1 1 0.0 0.0 0.0
Bi 1.909384592258e+01 1.294460761047e+01 3.133430771007e+01 1 1 1 0.0 0.0 0.0
Bi 7.983781478192e+00 1.202961864016e+01 2.529282906773e+01 1 1 1 0.0 0.0 0.0
Bi 1.200351067894e+01 1.105812442499e+01 2.529282906773e+01 1 1 1 0.0 0.0 0.0
Bi 1.602323987968e+01 1.008663020981e+01 2.529282906773e+01 1 1 1 0.0 0.0 0.0
Bi 4.945614059077e+00 9.115135994632e+00 2.529282906773e+01 1 1 1 0.0 0.0 0.0
Bi 8.965343259823e+00 8.143641779455e+00 2.529282906773e+01 1 1 1 0.0 0.0 0.0
Bi 1.298507246057e+01 7.172147564278e+00 2.529282906773e+01 1 1 1 0.0 0.0 0.0
Bi 1.700480166131e+01 6.200653349101e+00 2.529282906773e+01 1 1 1 0.0 0.0 0.0
Bi 5.927175840708e+00 5.229159133924e+00 2.529282906773e+01 1 1 1 0.0 0.0 0.0
Bi 9.946905041454e+00 4.257664918747e+00 2.529282906773e+01 1 1 1 0.0 0.0 0.0
Bi 1.396663424220e+01 3.286170703570e+00 2.529282906773e+01 1 1 1 0.0 0.0 0.0
Bi 2.889008421593e+00 2.314676488393e+00 2.529282906773e+01 1 1 1 0.0 0.0 0.0
Bi 6.908737622339e+00 1.343182273216e+00 2.529282906773e+01 1 1 1 0.0 0.0 0.0
Bi 1.092846682308e+01 3.716880580387e-01 2.529282906773e+01 1 1 1 0.0 0.0 0.0
Bi 7.002219696562e+00 1.591559550087e+01 2.529282906773e+01 1 1 1 0.0 0.0 0.0
Bi 1.102194889731e+01 1.494410128569e+01 2.529282906773e+01 1 1 1 0.0 0.0 0.0
Bi 1.504167809805e+01 1.397260707052e+01 2.529282906773e+01 1 1 1 0.0 0.0 0.0
Bi 1.906140729880e+01 1.300111285534e+01 2.529282906773e+01 1 1 1 0.0 0.0 0.0
Bi 1.270964185761e+01 1.333225768713e+01 2.132110864621e+01 1 1 1 0.0 0.0 0.0
Bi 1.672937105836e+01 1.236076347195e+01 2.132110864621e+01 1 1 1 0.0 0.0 0.0
Bi 5.651745237754e+00 1.138926925677e+01 2.132110864621e+01 1 1 1 0.0 0.0 0.0
Bi 9.671474438500e+00 1.041777504160e+01 2.132110864621e+01 1 1 1 0.0 0.0 0.0
Bi 1.369120363925e+01 9.446280826419e+00 2.132110864621e+01 1 1 1 0.0 0.0 0.0
Bi 1.771093283999e+01 8.474786611242e+00 2.132110864621e+01 1 1 1 0.0 0.0 0.0
Bi 6.633307019385e+00 7.503292396065e+00 2.132110864621e+01 1 1 1 0.0 0.0 0.0
Bi 1.065303622013e+01 6.531798180888e+00 2.132110864621e+01 1 1 1 0.0 0.0 0.0
Bi 1.467276542088e+01 5.560303965711e+00 2.132110864621e+01 1 1 1 0.0 0.0 0.0
Bi 3.595139600270e+00 4.588809750534e+00 2.132110864621e+01 1 1 1 0.0 0.0 0.0
Bi 7.614868801016e+00 3.617315535357e+00 2.132110864621e+01 1 1 1 0.0 0.0 0.0
Bi 1.163459800176e+01 2.645821320180e+00 2.132110864621e+01 1 1 1 0.0 0.0 0.0
Bi 1.565432720251e+01 1.674327105003e+00 2.132110864621e+01 1 1 1 0.0 0.0 0.0
Bi 4.576701381901e+00 7.028328898260e-01 2.132110864621e+01 1 1 1 0.0 0.0 0.0
Bi 1.574780927673e+01 1.624674033266e+01 2.132110864621e+01 1 1 1 0.0 0.0 0.0
Bi 1.976753847748e+01 1.527524611748e+01 2.132110864621e+01 1 1 1 0.0 0.0 0.0
Bi 8.689912656869e+00 1.430375190230e+01 2.132110864621e+01 1 1 1 0.0 0.0 0.0
Se 3.999431321831e+00 8.692102554744e+00 7.500000000000e+00 1 1 1 0.0 0.0 0.0
Se 6.780523036261e+00 1.075652776200e+01 7.500000000000e+00 1 1 1 0.0 0.0 0.0
Se 9.561614750690e+00 1.282095296925e+01 7.500000000000e+00 1 1 1 0.0 0.0 0.0
Se 1.615638423804e+00 3.186968668741e+00 7.500000000000e+00 1 1 1 0.0 0.0 0.0
Se 4.396730138233e+00 5.251393875992e+00 7.500000000000e+00 1 1 1 0.0 0.0 0.0
Se 7.177821852662e+00 7.315819083243e+00 7.500000000000e+00 1 1 1 0.0 0.0 0.0
Se 9.958913567092e+00 9.380244290494e+00 7.500000000000e+00 1 1 1 0.0 0.0 0.0
Se 1.274000528152e+01 1.144466949775e+01 7.500000000000e+00 1 1 1 0.0 0.0 0.0
Se 1.552109699595e+01 1.350909470500e+01 7.500000000000e+00 1 1 1 0.0 0.0 0.0
Se 6.383224219859e+00 1.419723644075e+01 7.500000000000e+00 1 1 1 0.0 0.0 0.0
Se 9.164315934289e+00 1.626166164800e+01 7.500000000000e+00 1 1 1 0.0 0.0 0.0
Se 4.794028954635e+00 1.810685197240e+00 7.500000000000e+00 1 1 1 0.0 0.0 0.0
Se 7.575120669064e+00 3.875110404491e+00 7.500000000000e+00 1 1 1 0.0 0.0 0.0
Se 1.035621238349e+01 5.939535611742e+00 7.500000000000e+00 1 1 1 0.0 0.0 0.0
Se 1.313730409792e+01 8.003960818994e+00 7.500000000000e+00 1 1 1 0.0 0.0 0.0
Se 1.591839581235e+01 1.006838602624e+01 7.500000000000e+00 1 1 1 0.0 0.0 0.0
Se 1.869948752678e+01 1.213281123350e+01 7.500000000000e+00 1 1 1 0.0 0.0 0.0
Se 1.234270646512e+01 1.488537817650e+01 7.500000000000e+00 1 1 1 0.0 0.0 0.0
Se 7.972419485465e+00 4.344017257391e-01 7.500000000000e+00 1 1 1 0.0 0.0 0.0
Se 1.075351119989e+01 2.498826932990e+00 7.500000000000e+00 1 1 1 0.0 0.0 0.0
Se 1.353460291432e+01 4.563252140242e+00 7.500000000000e+00 1 1 1 0.0 0.0 0.0
Se 1.631569462875e+01 6.627677347493e+00 7.500000000000e+00 1 1 1 0.0 0.0 0.0
Se 1.830218871038e+01 1.557351991225e+01 7.500000000000e+00 1 1 1 0.0 0.0 0.0
Se 1.393190173073e+01 1.122543461489e+00 7.500000000000e+00 1 1 1 0.0 0.0 0.0
Se 4.787422384441e+00 1.053469073869e+01 1.364602824434e+01 1 1 1 0.0 0.0 0.0
Se 7.568514098871e+00 1.259911594594e+01 1.364602824434e+01 1 1 1 0.0 0.0 0.0
Se 1.034960581330e+01 1.466354115319e+01 1.364602824434e+01 1 1 1 0.0 0.0 0.0
Se 2.403629486413e+00 5.029556852683e+00 1.364602824434e+01 1 1 1 0.0 0.0 0.0
Se 5.184721200843e+00 7.093982059934e+00 1.364602824434e+01 1 1 1 0.0 0.0 0.0
Se 7.965812915272e+00 9.158407267185e+00 1.364602824434e+01 1 1 1 0.0 0.0 0.0
Se 1.074690462970e+01 1.122283247444e+01 1.364602824434e+01 1 1 1 0.0 0.0 0.0
Se 1.352799634413e+01 1.328725768169e+01 1.364602824434e+01 1 1 1 0.0 0.0 0.0
Se 1.630908805856e+01 1.535168288894e+01 1.364602824434e+01 1 1 1 0.0 0.0 0.0
Se 7.171215282469e+00 1.603982462469e+01 1.364602824434e+01 1 1 1 0.0 0.0 0.0
Se 2.800928302815e+00 1.588848173931e+00 1.364602824434e+01 1 1 1 0.0 0.0 0.0
Se 5.582020017244e+00 3.653273381182e+00 1.364602824434e+01 1 1 1 0.0 0.0 0.0
Se 8.363111731674e+00 5.717698588433e+00 1.364602824434e+01 1 1 1 0.0 0.0 0.0
Se 1.114420344610e+01 7.782123795684e+00 1.364602824434e+01 1 1 1 0.0 0.0 0.0
Se 1.392529516053e+01 9.846549002936e+00 1.364602824434e+01 1 1 1 0.0 0.0 0.0
Se 1.670638687496e+01 1.191097421019e+01 1.364602824434e+01 1 1 1 0.0 0.0 0.0
Se 1.948747858939e+01 1.397539941744e+01 1.364602824434e+01 1 1 1 0.0 0.0 0.0
Se 5.979318833646e+00 2.125647024298e-01 1.364602824434e+01 1 1 1 0.0 0.0 0.0
Se 8.760410548075e+00 2.276989909681e+00 1.364602824434e+01 1 1 1 0.0 0.0 0.0
Se 1.154150226250e+01 4.341415116932e+00 1.364602824434e+01 1 1 1 0.0 0.0 0.0
Se 1.432259397693e+01 6.405840324184e+00 1.364602824434e+01 1 1 1 0.0 0.0 0.0
Se 1.710368569136e+01 8.470265531435e+00 1.364602824434e+01 1 1 1 0.0 0.0 0.0
Se 1.193880107891e+01 9.007064381802e-01 1.364602824434e+01 1 1 1 0.0 0.0 0.0
Se 1.471989279334e+01 2.965131645431e+00 1.364602824434e+01 1 1 1 0.0 0.0 0.0
Se 3.999063377308e+00 8.693113895554e+00 1.086443756309e+01 1 1 1 0.0 0.0 0.0
Se 6.780155091738e+00 1.075753910281e+01 1.086443756309e+01 1 1 1 0.0 0.0 0.0
Se 9.561246806167e+00 1.282196431006e+01 1.086443756309e+01 1 1 1 0.0 0.0 0.0
Se 1.615270479280e+00 3.187980009551e+00 1.086443756309e+01 1 1 1 0.0 0.0 0.0
Se 4.396362193710e+00 5.252405216802e+00 1.086443756309e+01 1 1 1 0.0 0.0 0.0
Se 7.177453908139e+00 7.316830424053e+00 1.086443756309e+01 1 1 1 0.0 0.0 0.0
Se 9.958545622569e+00 9.381255631305e+00 1.086443756309e+01 1 1 1 0.0 0.0 0.0
Se 1.273963733700e+01 1.144568083856e+01 1.086443756309e+01 1 1 1 0.0 0.0 0.0
Se 1.552072905143e+01 1.351010604581e+01 1.086443756309e+01 1 1 1 0.0 0.0 0.0
Se 6.382856275336e+00 1.419824778156e+01 1.086443756309e+01 1 1 1 0.0 0.0 0.0
Se 9.163947989765e+00 1.626267298881e+01 1.086443756309e+01 1 1 1 0.0 0.0 0.0
Se 4.793661010111e+00 1.811696538050e+00 1.086443756309e+01 1 1 1 0.0 0.0 0.0
Se 7.574752724541e+00 3.876121745301e+00 1.086443756309e+01 1 1 1 0.0 0.0 0.0
Se 1.035584443897e+01 5.940546952552e+00 1.086443756309e+01 1 1 1 0.0 0.0 0.0
Se 1.313693615340e+01 8.004972159804e+00 1.086443756309e+01 1 1 1 0.0 0.0 0.0
Se 1.591802786783e+01 1.006939736705e+01 1.086443756309e+01 1 1 1 0.0 0.0 0.0
Se 1.869911958226e+01 1.213382257431e+01 1.086443756309e+01 1 1 1 0.0 0.0 0.0
Se 1.234233852060e+01 1.488638951731e+01 1.086443756309e+01 1 1 1 0.0 0.0 0.0
Se 7.972051540942e+00 4.354130665492e-01 1.086443756309e+01 1 1 1 0.0 0.0 0.0
Se 1.075314325537e+01 2.499838273800e+00 1.086443756309e+01 1 1 1 0.0 0.0 0.0
Se 1.353423496980e+01 4.564263481052e+00 1.086443756309e+01 1 1 1 0.0 0.0 0.0
Se 1.631532668423e+01 6.628688688303e+00 1.086443756309e+01 1 1 1 0.0 0.0 0.0
Se 1.830182076586e+01 1.557453125306e+01 1.086443756309e+01 1 1 1 0.0 0.0 0.0
Se 1.393153378620e+01 1.123554802300e+00 1.086443756309e+01 1 1 1 0.0 0.0 0.0
Se 4.787234354608e+00 1.053573185677e+01 1.701046802998e+01 1 1 1 0.0 0.0 0.0
Se 7.568326069037e+00 1.260015706402e+01 1.701046802998e+01 1 1 1 0.0 0.0 0.0
Se 1.034941778347e+01 1.466458227128e+01 1.701046802998e+01 1 1 1 0.0 0.0 0.0
Se 2.403441456580e+00 5.030597970770e+00 1.701046802998e+01 1 1 1 0.0 0.0 0.0
Se 5.184533171009e+00 7.095023178022e+00 1.701046802998e+01 1 1 1 0.0 0.0 0.0
Se 7.965624885439e+00 9.159448385273e+00 1.701046802998e+01 1 1 1 0.0 0.0 0.0
Se 1.074671659987e+01 1.122387359252e+01 1.701046802998e+01 1 1 1 0.0 0.0 0.0
Se 1.352780831430e+01 1.328829879978e+01 1.701046802998e+01 1 1 1 0.0 0.0 0.0
Se 1.630890002873e+01 1.535272400703e+01 1.701046802998e+01 1 1 1 0.0 0.0 0.0
Se 7.171027252636e+00 1.604086574278e+01 1.701046802998e+01 1 1 1 0.0 0.0 0.0
Se 2.800740272981e+00 1.589889292018e+00 1.701046802998e+01 1 1 1 0.0 0.0 0.0
Se 5.581831987411e+00 3.654314499270e+00 1.701046802998e+01 1 1 1 0.0 0.0 0.0
Se 8.362923701840e+00 5.718739706521e+00 1.701046802998e+01 1 1 1 0.0 0.0 0.0
Se 1.114401541627e+01 7.783164913772e+00 1.701046802998e+01 1 1 1 0.0 0.0 0.0
Se 1.392510713070e+01 9.847590121023e+00 1.701046802998e+01 1 1 1 0.0 0.0 0.0
Se 1.670619884513e+01 1.191201532827e+01 1.701046802998e+01 1 1 1 0.0 0.0 0.0
Se 1.948729055956e+01 1.397644053553e+01 1.701046802998e+01 1 1 1 0.0 0.0 0.0
Se 5.979130803812e+00 2.136058205176e-01 1.701046802998e+01 1 1 1 0.0 0.0 0.0
Se 8.760222518242e+00 2.278031027769e+00 1.701046802998e+01 1 1 1 0.0 0.0 0.0
Se 1.154131423267e+01 4.342456235020e+00 1.701046802998e+01 1 1 1 0.0 0.0 0.0
Se 1.432240594710e+01 6.406881442271e+00 1.701046802998e+01 1 1 1 0.0 0.0 0.0
Se 1.710349766153e+01 8.471306649523e+00 1.701046802998e+01 1 1 1 0.0 0.0 0.0
Se 1.193861304907e+01 9.017475562680e-01 1.701046802998e+01 1 1 1 0.0 0.0 0.0
Se 1.471970476350e+01 2.966172763519e+00 1.701046802998e+01 1 1 1 0.0 0.0 0.0
Se 7.985251713997e+00 1.194010065463e+01 3.696241589303e+01 1 1 1 0.0 0.0 0.0
Se 1.200498091474e+01 1.096860643945e+01 3.696241589303e+01 1 1 1 0.0 0.0 0.0
Se 1.602471011549e+01 9.997112224277e+00 3.696241589303e+01 1 1 1 0.0 0.0 0.0
Se 4.947084294882e+00 9.025618009100e+00 3.696241589303e+01 1 1 1 0.0 0.0 0.0
Se 8.966813495628e+00 8.054123793923e+00 3.696241589303e+01 1 1 1 0.0 0.0 0.0
Se 1.298654269637e+01 7.082629578746e+00 3.696241589303e+01 1 1 1 0.0 0.0 0.0
Se 1.700627189712e+01 6.111135363568e+00 3.696241589303e+01 1 1 1 0.0 0.0 0.0
Se 5.928646076513e+00 5.139641148391e+00 3.696241589303e+01 1 1 1 0.0 0.0 0.0
Se 9.948375277259e+00 4.168146933214e+00 3.696241589303e+01 1 1 1 0.0 0.0 0.0
Se 1.396810447800e+01 3.196652718037e+00 3.696241589303e+01 1 1 1 0.0 0.0 0.0
Se 2.890478657398e+00 2.225158502860e+00 3.696241589303e+01 1 1 1 0.0 0.0 0.0
Se 6.910207858144e+00 1.253664287683e+00 3.696241589303e+01 1 1 1 0.0 0.0 0.0
Se 1.092993705889e+01 2.821700725062e-01 3.696241589303e+01 1 1 1 0.0 0.0 0.0
Se 7.003689932367e+00 1.582607751534e+01 3.696241589303e+01 1 1 1 0.0 0.0 0.0
Se 1.102341913311e+01 1.485458330016e+01 3.696241589303e+01 1 1 1 0.0 0.0 0.0
Se 1.504314833386e+01 1.388308908498e+01 3.696241589303e+01 1 1 1 0.0 0.0 0.0
Se 1.906287753460e+01 1.291159486981e+01 3.696241589303e+01 1 1 1 0.0 0.0 0.0
Se 1.272518367808e+01 1.325088335550e+01 3.332483142763e+01 1 1 1 0.0 0.0 0.0
Se 1.674491287883e+01 1.227938914032e+01 3.332483142763e+01 1 1 1 0.0 0.0 0.0
Se 5.667287058224e+00 1.130789492514e+01 3.332483142763e+01 1 1 1 0.0 0.0 0.0
Se 9.687016258969e+00 1.033640070997e+01 3.332483142763e+01 1 1 1 0.0 0.0 0.0
Se 1.370674545971e+01 9.364906494789e+00 3.332483142763e+01 1 1 1 0.0 0.0 0.0
Se 1.772647466046e+01 8.393412279612e+00 3.332483142763e+01 1 1 1 0.0 0.0 0.0
Se 6.648848839854e+00 7.421918064435e+00 3.332483142763e+01 1 1 1 0.0 0.0 0.0
Se 1.066857804060e+01 6.450423849258e+00 3.332483142763e+01 1 1 1 0.0 0.0 0.0
Se 1.468830724135e+01 5.478929634081e+00 3.332483142763e+01 1 1 1 0.0 0.0 0.0
Se 3.610681420739e+00 4.507435418904e+00 3.332483142763e+01 1 1 1 0.0 0.0 0.0
Se 7.630410621485e+00 3.535941203727e+00 3.332483142763e+01 1 1 1 0.0 0.0 0.0
Se 1.165013982223e+01 2.564446988550e+00 3.332483142763e+01 1 1 1 0.0 0.0 0.0
Se 1.566986902298e+01 1.592952773372e+00 3.332483142763e+01 1 1 1 0.0 0.0 0.0
Se 4.592243202370e+00 6.214585581954e-01 3.332483142763e+01 1 1 1 0.0 0.0 0.0
Se 1.576335109720e+01 1.616536600103e+01 3.332483142763e+01 1 1 1 0.0 0.0 0.0
Se 1.978308029794e+01 1.519387178585e+01 3.332483142763e+01 1 1 1 0.0 0.0 0.0
Se 8.705454477339e+00 1.422237757067e+01 3.332483142763e+01 1 1 1 0.0 0.0 0.0
Se 1.036114038846e+01 1.260888410566e+01 2.969131231352e+01 1 1 1 0.0 0.0 0.0
Se 1.438086958920e+01 1.163738989049e+01 2.969131231352e+01 1 1 1 0.0 0.0 0.0
Se 1.840059878995e+01 1.066589567531e+01 2.969131231352e+01 1 1 1 0.0 0.0 0.0
Se 7.322972969341e+00 9.694401460131e+00 2.969131231352e+01 1 1 1 0.0 0.0 0.0
Se 1.134270217009e+01 8.722907244954e+00 2.969131231352e+01 1 1 1 0.0 0.0 0.0
Se 1.536243137083e+01 7.751413029777e+00 2.969131231352e+01 1 1 1 0.0 0.0 0.0
Se 4.284805550227e+00 6.779918814600e+00 2.969131231352e+01 1 1 1 0.0 0.0 0.0
Se 8.304534750972e+00 5.808424599423e+00 2.969131231352e+01 1 1 1 0.0 0.0 0.0
Se 1.232426395172e+01 4.836930384246e+00 2.969131231352e+01 1 1 1 0.0 0.0 0.0
Se 1.634399315246e+01 3.865436169069e+00 2.969131231352e+01 1 1 1 0.0 0.0 0.0
Se 5.266367331857e+00 2.893941953892e+00 2.969131231352e+01 1 1 1 0.0 0.0 0.0
Se 9.286096532603e+00 1.922447738715e+00 2.969131231352e+01 1 1 1 0.0 0.0 0.0
Se 1.330582573335e+01 9.509535235380e-01 2.969131231352e+01 1 1 1 0.0 0.0 0.0
Se 9.379578606826e+00 1.649486096637e+01 2.969131231352e+01 1 1 1 0.0 0.0 0.0
Se 1.339930780757e+01 1.552336675119e+01 2.969131231352e+01 1 1 1 0.0 0.0 0.0
Se 1.741903700832e+01 1.455187253602e+01 2.969131231352e+01 1 1 1 0.0 0.0 0.0
Se 6.341411187711e+00 1.358037832084e+01 2.969131231352e+01 1 1 1 0.0 0.0 0.0
Se 1.271179665304e+01 1.332889613332e+01 2.692457590224e+01 1 1 1 0.0 0.0 0.0
Se 1.673152585379e+01 1.235740191814e+01 2.692457590224e+01 1 1 1 0.0 0.0 0.0
Se 5.653900033181e+00 1.138590770297e+01 2.692457590224e+01 1 1 1 0.0 0.0 0.0
Se 9.673629233926e+00 1.041441348779e+01 2.692457590224e+01 1 1 1 0.0 0.0 0.0
Se 1.369335843467e+01 9.442919272614e+00 2.692457590224e+01 1 1 1 0.0 0.0 0.0
Se 1.771308763542e+01 8.471425057437e+00 2.692457590224e+01 1 1 1 0.0 0.0 0.0
Se 6.635461814811e+00 7.499930842259e+00 2.692457590224e+01 1 1 1 0.0 0.0 0.0
Se 1.065519101556e+01 6.528436627082e+00 2.692457590224e+01 1 1 1 0.0 0.0 0.0
Se 1.467492021630e+01 5.556942411905e+00 2.692457590224e+01 1 1 1 0.0 0.0 0.0
Se 3.597294395696e+00 4.585448196728e+00 2.692457590224e+01 1 1 1 0.0 0.0 0.0
Se 7.617023596442e+00 3.613953981551e+00 2.692457590224e+01 1 1 1 0.0 0.0 0.0
Se 1.163675279719e+01 2.642459766374e+00 2.692457590224e+01 1 1 1 0.0 0.0 0.0
Se 1.565648199793e+01 1.670965551197e+00 2.692457590224e+01 1 1 1 0.0 0.0 0.0
Se 4.578856177327e+00 6.994713360201e-01 2.692457590224e+01 1 1 1 0.0 0.0 0.0
Se 1.574996407216e+01 1.624337877885e+01 2.692457590224e+01 1 1 1 0.0 0.0 0.0
Se 1.976969327290e+01 1.527188456368e+01 2.692457590224e+01 1 1 1 0.0 0.0 0.0
Se 8.692067452295e+00 1.430039034850e+01 2.692457590224e+01 1 1 1 0.0 0.0 0.0
Se 1.033978587429e+01 1.268452841024e+01 2.330671355540e+01 1 1 1 0.0 0.0 0.0
Se 1.435951507503e+01 1.171303419506e+01 2.330671355540e+01 1 1 1 0.0 0.0 0.0
Se 1.837924427578e+01 1.074153997988e+01 2.330671355540e+01 1 1 1 0.0 0.0 0.0
Se 7.301618455174e+00 9.770045764705e+00 2.330671355540e+01 1 1 1 0.0 0.0 0.0
Se 1.132134765592e+01 8.798551549528e+00 2.330671355540e+01 1 1 1 0.0 0.0 0.0
Se 1.534107685667e+01 7.827057334351e+00 2.330671355540e+01 1 1 1 0.0 0.0 0.0
Se 4.263451036059e+00 6.855563119174e+00 2.330671355540e+01 1 1 1 0.0 0.0 0.0
Se 8.283180236805e+00 5.884068903997e+00 2.330671355540e+01 1 1 1 0.0 0.0 0.0
Se 1.230290943755e+01 4.912574688820e+00 2.330671355540e+01 1 1 1 0.0 0.0 0.0
Se 1.632263863830e+01 3.941080473643e+00 2.330671355540e+01 1 1 1 0.0 0.0 0.0
Se 5.245012817690e+00 2.969586258466e+00 2.330671355540e+01 1 1 1 0.0 0.0 0.0
Se 9.264742018435e+00 1.998092043289e+00 2.330671355540e+01 1 1 1 0.0 0.0 0.0
Se 1.328447121918e+01 1.026597828112e+00 2.330671355540e+01 1 1 1 0.0 0.0 0.0
Se 2.206845398575e+00 5.510361293452e-02 2.330671355540e+01 1 1 1 0.0 0.0 0.0
Se 1.337795329340e+01 1.559901105577e+01 2.330671355540e+01 1 1 1 0.0 0.0 0.0
Se 1.739768249415e+01 1.462751684059e+01 2.330671355540e+01 1 1 1 0.0 0.0 0.0
Se 6.320056673544e+00 1.365602262541e+01 2.330671355540e+01 1 1 1 0.0 0.0 0.0
Se 7.976143132631e+00 1.202805045315e+01 1.968357859229e+01 1 1 1 0.0 0.0 0.0
Se 1.199587233338e+01 1.105655623797e+01 1.968357859229e+01 1 1 1 0.0 0.0 0.0
Se 1.601560153412e+01 1.008506202280e+01 1.968357859229e+01 1 1 1 0.0 0.0 0.0
Se 4.937975713516e+00 9.113567807619e+00 1.968357859229e+01 1 1 1 0.0 0.0 0.0
Se 8.957704914261e+00 8.142073592442e+00 1.968357859229e+01 1 1 1 0.0 0.0 0.0
Se 1.297743411501e+01 7.170579377265e+00 1.968357859229e+01 1 1 1 0.0 0.0 0.0
Se 1.699716331575e+01 6.199085162088e+00 1.968357859229e+01 1 1 1 0.0 0.0 0.0
Se 5.919537495146e+00 5.227590946911e+00 1.968357859229e+01 1 1 1 0.0 0.0 0.0
Se 9.939266695892e+00 4.256096731734e+00 1.968357859229e+01 1 1 1 0.0 0.0 0.0
Se 1.395899589664e+01 3.284602516557e+00 1.968357859229e+01 1 1 1 0.0 0.0 0.0
Se 2.881370076031e+00 2.313108301380e+00 1.968357859229e+01 1 1 1 0.0 0.0 0.0
Se 6.901099276777e+00 1.341614086203e+00 1.968357859229e+01 1 1 1 0.0 0.0 0.0
Se 1.092082847752e+01 3.701198710257e-01 1.968357859229e+01 1 1 1 0.0 0.0 0.0
Se 6.994581351000e+00 1.591402731386e+01 1.968357859229e+01 1 1 1 0.0 0.0 0.0
Se 1.101431055175e+01 1.494253309868e+01 1.968357859229e+01 1 1 1 0.0 0.0 0.0
Se 1.503403975249e+01 1.397103888350e+01 1.968357859229e+01 1 1 1 0.0 0.0 0.0
Se 1.905376895324e+01 1.299954466833e+01 1.968357859229e+01 1 1 1 0.0 0.0 0.0
"