calculation_mode = "Quench Electrons"
cell_relax = "False"
charge_density_mixing = "0.1"
charge_mixing_type = "Broyden"
description = "Example parameters for high-throughput bulk relaxation of a vdW material"
dos_broading = "0.05"
dos_method = "Gaussian"
energy_convergence_criterion = "1e-10"
energy_output_units = "Hartrees"
kohn_sham_mucycles = "3"
kohn_sham_solver = "davidson"
kpoint_mesh = "1 1 1"
localize_projectors = "False"
max_md_steps = "100"
max_scf_steps = "200"
non_local_block_size = "4000"
potential_acceleration_constant_step = "1.5"
processor_grid = "5 8 17"
rms_convergence_criterion = "1e-08"
scalapack_block_factor = "64"
start_mode = "LCAO Start"
state_block_size = "64"
stress = "True"
subdiag_driver = "scalapack"
use_async_allreduce = "False"
vdw_corr = "DFT-D3"
vdwdf_kernel_filepath = "/lustre/orion/world-shared/cph162/rjmorelock/rmgdft/XC/vdW_kernel_table"
wavefunction_grid = "106 156 378"
write_data_period = "50"

atomic_coordinate_type = "Absolute"
crds_units = "Angstrom"
lattice_units = "Angstrom"

lattice_vector = "
1.248808205009e+01 0.000000000000e+00 8.000000000000e-16
9.606216973315e-01 1.830230143069e+01 1.100000000000e-15
0.000000000000e+00 0.000000000000e+00 4.446241589303e+01
"
atoms = "
Nb 8.107350431084e+00 1.192004854113e+01 1.532833092694e+01 1 1 1 0.0 0.0 0.0
Nb 7.146728735136e+00 1.524773971035e+01 1.532833092694e+01 1 1 1 0.0 0.0 0.0
Nb 7.627039582419e+00 2.768897825789e+00 1.532833092694e+01 1 1 1 0.0 0.0 0.0
Nb 6.666417886471e+00 6.096588995005e+00 1.532833092694e+01 1 1 1 0.0 0.0 0.0
Nb 5.705796190522e+00 9.424280164221e+00 1.532833092694e+01 1 1 1 0.0 0.0 0.0
Nb 4.745174494574e+00 1.275197133344e+01 1.532833092694e+01 1 1 1 0.0 0.0 0.0
Nb 3.784552798626e+00 1.607966250265e+01 1.532833092694e+01 1 1 1 0.0 0.0 0.0
Nb 5.225485341857e+00 2.731294488777e-01 1.532833092694e+01 1 1 1 0.0 0.0 0.0
Nb 4.264863645909e+00 3.600820618093e+00 1.532833092694e+01 1 1 1 0.0 0.0 0.0
Nb 3.304241949960e+00 6.928511787309e+00 1.532833092694e+01 1 1 1 0.0 0.0 0.0
Nb 2.343620254012e+00 1.025620295652e+01 1.532833092694e+01 1 1 1 0.0 0.0 0.0
Nb 1.382998558064e+00 1.358389412574e+01 1.532833092694e+01 1 1 1 0.0 0.0 0.0
Nb 1.291045891221e+01 1.691158529496e+01 1.532833092694e+01 1 1 1 0.0 0.0 0.0
Nb 1.863309405347e+00 1.105052241182e+00 1.532833092694e+01 1 1 1 0.0 0.0 0.0
Nb 9.026877093985e-01 4.432743410397e+00 1.532833092694e+01 1 1 1 0.0 0.0 0.0
Nb 1.243014806354e+01 7.760434579613e+00 1.532833092694e+01 1 1 1 0.0 0.0 0.0
Nb 1.146952636759e+01 1.108812574883e+01 1.532833092694e+01 1 1 1 0.0 0.0 0.0
Nb 1.050890467165e+01 1.441581691804e+01 1.532833092694e+01 1 1 1 0.0 0.0 0.0
Nb 1.098921551893e+01 1.936975033486e+00 1.532833092694e+01 1 1 1 0.0 0.0 0.0
Nb 1.002859382298e+01 5.264666202701e+00 1.532833092694e+01 1 1 1 0.0 0.0 0.0
Nb 9.067972127033e+00 8.592357371917e+00 1.532833092694e+01 1 1 1 0.0 0.0 0.0
Nb 9.548282975698e+00 1.774350808726e+01 1.532833092694e+01 1 1 1 0.0 0.0 0.0
Nb 8.097704426295e+00 1.191828695113e+01 9.182088683320e+00 1 1 1 0.0 0.0 0.0
Nb 7.137082730347e+00 1.524597812034e+01 9.182088683320e+00 1 1 1 0.0 0.0 0.0
Nb 7.617393577630e+00 2.767136235785e+00 9.182088683320e+00 1 1 1 0.0 0.0 0.0
Nb 6.656771881681e+00 6.094827405001e+00 9.182088683320e+00 1 1 1 0.0 0.0 0.0
Nb 5.696150185733e+00 9.422518574217e+00 9.182088683320e+00 1 1 1 0.0 0.0 0.0
Nb 4.735528489785e+00 1.275020974343e+01 9.182088683320e+00 1 1 1 0.0 0.0 0.0
Nb 3.774906793837e+00 1.607790091265e+01 9.182088683320e+00 1 1 1 0.0 0.0 0.0
Nb 5.215839337068e+00 2.713678588735e-01 9.182088683320e+00 1 1 1 0.0 0.0 0.0
Nb 4.255217641119e+00 3.599059028089e+00 9.182088683320e+00 1 1 1 0.0 0.0 0.0
Nb 3.294595945171e+00 6.926750197305e+00 9.182088683320e+00 1 1 1 0.0 0.0 0.0
Nb 2.333974249223e+00 1.025444136652e+01 9.182088683320e+00 1 1 1 0.0 0.0 0.0
Nb 1.373352553275e+00 1.358213253574e+01 9.182088683320e+00 1 1 1 0.0 0.0 0.0
Nb 1.290081290742e+01 1.690982370495e+01 9.182088683320e+00 1 1 1 0.0 0.0 0.0
Nb 1.853663400558e+00 1.103290651177e+00 9.182088683320e+00 1 1 1 0.0 0.0 0.0
Nb 8.930417046094e-01 4.430981820393e+00 9.182088683320e+00 1 1 1 0.0 0.0 0.0
Nb 1.242050205875e+01 7.758672989609e+00 9.182088683320e+00 1 1 1 0.0 0.0 0.0
Nb 1.145988036281e+01 1.108636415882e+01 9.182088683320e+00 1 1 1 0.0 0.0 0.0
Nb 1.049925866686e+01 1.441405532804e+01 9.182088683320e+00 1 1 1 0.0 0.0 0.0
Nb 1.097956951414e+01 1.935213443481e+00 9.182088683320e+00 1 1 1 0.0 0.0 0.0
Nb 1.001894781819e+01 5.262904612697e+00 9.182088683320e+00 1 1 1 0.0 0.0 0.0
Nb 9.058326122243e+00 8.590595781913e+00 9.182088683320e+00 1 1 1 0.0 0.0 0.0
Nb 9.538636970909e+00 1.774174649726e+01 9.182088683320e+00 1 1 1 0.0 0.0 0.0
Bi 5.865202653950e+00 1.339836939771e-01 3.532095071834e+01 1 1 1 0.0 0.0 0.0
Bi 1.702508637252e+00 1.339836939771e-01 3.532095071834e+01 1 1 1 0.0 0.0 0.0
Bi 1.002789667065e+01 1.339836939771e-01 3.532095071834e+01 1 1 1 0.0 0.0 0.0
Bi 7.722404600095e+00 3.794443980114e+00 3.532095071834e+01 1 1 1 0.0 0.0 0.0
Bi 3.559710583398e+00 3.794443980114e+00 3.532095071834e+01 1 1 1 0.0 0.0 0.0
Bi 1.188509861679e+01 3.794443980114e+00 3.532095071834e+01 1 1 1 0.0 0.0 0.0
Bi 9.579606546240e+00 7.454904266252e+00 3.532095071834e+01 1 1 1 0.0 0.0 0.0
Bi 5.416912529543e+00 7.454904266252e+00 3.532095071834e+01 1 1 1 0.0 0.0 0.0
Bi 1.254218512845e+00 7.454904266252e+00 3.532095071834e+01 1 1 1 0.0 0.0 0.0
Bi 7.274114475688e+00 1.111536455239e+01 3.532095071834e+01 1 1 1 0.0 0.0 0.0
Bi 3.111420458991e+00 1.111536455239e+01 3.532095071834e+01 1 1 1 0.0 0.0 0.0
Bi 1.143680849239e+01 1.111536455239e+01 3.532095071834e+01 1 1 1 0.0 0.0 0.0
Bi 9.131316421833e+00 1.477582483853e+01 3.532095071834e+01 1 1 1 0.0 0.0 0.0
Bi 4.968622405136e+00 1.477582483853e+01 3.532095071834e+01 1 1 1 0.0 0.0 0.0
Bi 8.059283884385e-01 1.477582483853e+01 3.532095071834e+01 1 1 1 0.0 0.0 0.0
Bi 7.864407686531e+00 1.319203752046e+00 3.133430771007e+01 1 1 1 0.0 0.0 0.0
Bi 3.701713669833e+00 1.319203752046e+00 3.133430771007e+01 1 1 1 0.0 0.0 0.0
Bi 1.202710170323e+01 1.319203752046e+00 3.133430771007e+01 1 1 1 0.0 0.0 0.0
Bi 9.721609632676e+00 4.979664038183e+00 3.133430771007e+01 1 1 1 0.0 0.0 0.0
Bi 5.558915615979e+00 4.979664038183e+00 3.133430771007e+01 1 1 1 0.0 0.0 0.0
Bi 1.396221599281e+00 4.979664038183e+00 3.133430771007e+01 1 1 1 0.0 0.0 0.0
Bi 1.157881157882e+01 8.640124324321e+00 3.133430771007e+01 1 1 1 0.0 0.0 0.0
Bi 7.416117562124e+00 8.640124324321e+00 3.133430771007e+01 1 1 1 0.0 0.0 0.0
Bi 3.253423545426e+00 8.640124324321e+00 3.133430771007e+01 1 1 1 0.0 0.0 0.0
Bi 9.273319508269e+00 1.230058461046e+01 3.133430771007e+01 1 1 1 0.0 0.0 0.0
Bi 5.110625491572e+00 1.230058461046e+01 3.133430771007e+01 1 1 1 0.0 0.0 0.0
Bi 9.479314748743e-01 1.230058461046e+01 3.133430771007e+01 1 1 1 0.0 0.0 0.0
Bi 1.113052145441e+01 1.596104489660e+01 3.133430771007e+01 1 1 1 0.0 0.0 0.0
Bi 6.967827437717e+00 1.596104489660e+01 3.133430771007e+01 1 1 1 0.0 0.0 0.0
Bi 2.805133421020e+00 1.596104489660e+01 3.133430771007e+01 1 1 1 0.0 0.0 0.0
Bi 7.915192396011e+00 1.270382156481e+00 2.529282906773e+01 1 1 1 0.0 0.0 0.0
Bi 3.752498379314e+00 1.270382156481e+00 2.529282906773e+01 1 1 1 0.0 0.0 0.0
Bi 1.207788641271e+01 1.270382156481e+00 2.529282906773e+01 1 1 1 0.0 0.0 0.0
Bi 9.772394342157e+00 4.930842442619e+00 2.529282906773e+01 1 1 1 0.0 0.0 0.0
Bi 5.609700325459e+00 4.930842442619e+00 2.529282906773e+01 1 1 1 0.0 0.0 0.0
Bi 1.447006308762e+00 4.930842442619e+00 2.529282906773e+01 1 1 1 0.0 0.0 0.0
Bi 1.162959628830e+01 8.591302728756e+00 2.529282906773e+01 1 1 1 0.0 0.0 0.0
Bi 7.466902271604e+00 8.591302728756e+00 2.529282906773e+01 1 1 1 0.0 0.0 0.0
Bi 3.304208254907e+00 8.591302728756e+00 2.529282906773e+01 1 1 1 0.0 0.0 0.0
Bi 9.324104217750e+00 1.225176301489e+01 2.529282906773e+01 1 1 1 0.0 0.0 0.0
Bi 5.161410201052e+00 1.225176301489e+01 2.529282906773e+01 1 1 1 0.0 0.0 0.0
Bi 9.987161843549e-01 1.225176301489e+01 2.529282906773e+01 1 1 1 0.0 0.0 0.0
Bi 1.118130616389e+01 1.591222330103e+01 2.529282906773e+01 1 1 1 0.0 0.0 0.0
Bi 7.018612147198e+00 1.591222330103e+01 2.529282906773e+01 1 1 1 0.0 0.0 0.0
Bi 2.855918130500e+00 1.591222330103e+01 2.529282906773e+01 1 1 1 0.0 0.0 0.0
Bi 4.845563800938e+00 1.712004619703e+01 2.132110864621e+01 1 1 1 0.0 0.0 0.0
Bi 1.317095183433e+01 1.712004619703e+01 2.132110864621e+01 1 1 1 0.0 0.0 0.0
Bi 9.008257817635e+00 1.712004619703e+01 2.132110864621e+01 1 1 1 0.0 0.0 0.0
Bi 5.742144049752e+00 2.478205052480e+00 2.132110864621e+01 1 1 1 0.0 0.0 0.0
Bi 1.579450033054e+00 2.478205052480e+00 2.132110864621e+01 1 1 1 0.0 0.0 0.0
Bi 9.904838066449e+00 2.478205052480e+00 2.132110864621e+01 1 1 1 0.0 0.0 0.0
Bi 7.599345995897e+00 6.138665338617e+00 2.132110864621e+01 1 1 1 0.0 0.0 0.0
Bi 3.436651979200e+00 6.138665338617e+00 2.132110864621e+01 1 1 1 0.0 0.0 0.0
Bi 1.176204001259e+01 6.138665338617e+00 2.132110864621e+01 1 1 1 0.0 0.0 0.0
Bi 5.293853925345e+00 9.799125624754e+00 2.132110864621e+01 1 1 1 0.0 0.0 0.0
Bi 1.131159908648e+00 9.799125624754e+00 2.132110864621e+01 1 1 1 0.0 0.0 0.0
Bi 9.456547942042e+00 9.799125624754e+00 2.132110864621e+01 1 1 1 0.0 0.0 0.0
Bi 7.151055871490e+00 1.345958591089e+01 2.132110864621e+01 1 1 1 0.0 0.0 0.0
Bi 2.988361854793e+00 1.345958591089e+01 2.132110864621e+01 1 1 1 0.0 0.0 0.0
Bi 1.131374988819e+01 1.345958591089e+01 2.132110864621e+01 1 1 1 0.0 0.0 0.0
Se 9.538420173699e+00 1.053122870438e+01 7.500000000000e+00 1 1 1 0.0 0.0 0.0
Se 8.577798477751e+00 1.385891987360e+01 7.500000000000e+00 1 1 1 0.0 0.0 0.0
Se 9.058109325033e+00 1.380077989041e+00 7.500000000000e+00 1 1 1 0.0 0.0 0.0
Se 8.097487629085e+00 4.707769158257e+00 7.500000000000e+00 1 1 1 0.0 0.0 0.0
Se 7.136865933137e+00 8.035460327473e+00 7.500000000000e+00 1 1 1 0.0 0.0 0.0
Se 6.176244237189e+00 1.136315149669e+01 7.500000000000e+00 1 1 1 0.0 0.0 0.0
Se 5.215622541241e+00 1.469084266590e+01 7.500000000000e+00 1 1 1 0.0 0.0 0.0
Se 7.617176781803e+00 1.718661104282e+01 7.500000000000e+00 1 1 1 0.0 0.0 0.0
Se 5.695933388523e+00 2.212000781345e+00 7.500000000000e+00 1 1 1 0.0 0.0 0.0
Se 4.735311692575e+00 5.539691950561e+00 7.500000000000e+00 1 1 1 0.0 0.0 0.0
Se 3.774689996627e+00 8.867383119777e+00 7.500000000000e+00 1 1 1 0.0 0.0 0.0
Se 2.814068300679e+00 1.219507428899e+01 7.500000000000e+00 1 1 1 0.0 0.0 0.0
Se 1.853446604731e+00 1.552276545821e+01 7.500000000000e+00 1 1 1 0.0 0.0 0.0
Se 4.255000845293e+00 1.801853383512e+01 7.500000000000e+00 1 1 1 0.0 0.0 0.0
Se 2.333757452013e+00 3.043923573649e+00 7.500000000000e+00 1 1 1 0.0 0.0 0.0
Se 1.373135756065e+00 6.371614742865e+00 7.500000000000e+00 1 1 1 0.0 0.0 0.0
Se 1.290059611021e+01 9.699305912080e+00 7.500000000000e+00 1 1 1 0.0 0.0 0.0
Se 1.193997441426e+01 1.302699708130e+01 7.500000000000e+00 1 1 1 0.0 0.0 0.0
Se 1.242028526154e+01 5.481551967374e-01 7.500000000000e+00 1 1 1 0.0 0.0 0.0
Se 1.145966356560e+01 3.875846365953e+00 7.500000000000e+00 1 1 1 0.0 0.0 0.0
Se 1.049904186965e+01 7.203537535169e+00 7.500000000000e+00 1 1 1 0.0 0.0 0.0
Se 1.097935271831e+01 1.635468825051e+01 7.500000000000e+00 1 1 1 0.0 0.0 0.0
Se 1.002855806729e+01 1.247437717417e+01 1.364602824434e+01 1 1 1 0.0 0.0 0.0
Se 9.067936371343e+00 1.580206834338e+01 1.364602824434e+01 1 1 1 0.0 0.0 0.0
Se 9.548247218625e+00 3.323226458824e+00 1.364602824434e+01 1 1 1 0.0 0.0 0.0
Se 8.587625522677e+00 6.650917628040e+00 1.364602824434e+01 1 1 1 0.0 0.0 0.0
Se 7.627003826729e+00 9.978608797256e+00 1.364602824434e+01 1 1 1 0.0 0.0 0.0
Se 6.666382130781e+00 1.330629996647e+01 1.364602824434e+01 1 1 1 0.0 0.0 0.0
Se 5.705760434833e+00 1.663399113569e+01 1.364602824434e+01 1 1 1 0.0 0.0 0.0
Se 7.146692978063e+00 8.274580819128e-01 1.364602824434e+01 1 1 1 0.0 0.0 0.0
Se 6.186071282115e+00 4.155149251128e+00 1.364602824434e+01 1 1 1 0.0 0.0 0.0
Se 5.225449586167e+00 7.482840420344e+00 1.364602824434e+01 1 1 1 0.0 0.0 0.0
Se 4.264827890219e+00 1.081053158956e+01 1.364602824434e+01 1 1 1 0.0 0.0 0.0
Se 3.304206194271e+00 1.413822275878e+01 1.364602824434e+01 1 1 1 0.0 0.0 0.0
Se 2.343584498323e+00 1.746591392799e+01 1.364602824434e+01 1 1 1 0.0 0.0 0.0
Se 3.784517041553e+00 1.659380874217e+00 1.364602824434e+01 1 1 1 0.0 0.0 0.0
Se 2.823895345605e+00 4.987072043432e+00 1.364602824434e+01 1 1 1 0.0 0.0 0.0
Se 1.863273649657e+00 8.314763212648e+00 1.364602824434e+01 1 1 1 0.0 0.0 0.0
Se 9.026519537088e-01 1.164245438186e+01 1.364602824434e+01 1 1 1 0.0 0.0 0.0
Se 1.243011230785e+01 1.497014555108e+01 1.364602824434e+01 1 1 1 0.0 0.0 0.0
Se 4.223411050431e-01 2.491303666521e+00 1.364602824434e+01 1 1 1 0.0 0.0 0.0
Se 1.194980145919e+01 5.818994835736e+00 1.364602824434e+01 1 1 1 0.0 0.0 0.0
Se 1.098917976324e+01 9.146686004952e+00 1.364602824434e+01 1 1 1 0.0 0.0 0.0
Se 1.146949061190e+01 1.829783672029e+01 1.364602824434e+01 1 1 1 0.0 0.0 0.0
Se 9.539325837360e+00 1.053181005345e+01 1.086443756309e+01 1 1 1 0.0 0.0 0.0
Se 8.578704141412e+00 1.385950122267e+01 1.086443756309e+01 1 1 1 0.0 0.0 0.0
Se 9.059014988695e+00 1.380659338109e+00 1.086443756309e+01 1 1 1 0.0 0.0 0.0
Se 8.098393292747e+00 4.708350507325e+00 1.086443756309e+01 1 1 1 0.0 0.0 0.0
Se 7.137771596798e+00 8.036041676540e+00 1.086443756309e+01 1 1 1 0.0 0.0 0.0
Se 6.177149900850e+00 1.136373284576e+01 1.086443756309e+01 1 1 1 0.0 0.0 0.0
Se 5.216528204902e+00 1.469142401497e+01 1.086443756309e+01 1 1 1 0.0 0.0 0.0
Se 7.618082445464e+00 1.718719239188e+01 1.086443756309e+01 1 1 1 0.0 0.0 0.0
Se 5.696839052185e+00 2.212582130413e+00 1.086443756309e+01 1 1 1 0.0 0.0 0.0
Se 4.736217356237e+00 5.540273299629e+00 1.086443756309e+01 1 1 1 0.0 0.0 0.0
Se 3.775595660288e+00 8.867964468844e+00 1.086443756309e+01 1 1 1 0.0 0.0 0.0
Se 2.814973964340e+00 1.219565563806e+01 1.086443756309e+01 1 1 1 0.0 0.0 0.0
Se 1.854352268392e+00 1.552334680728e+01 1.086443756309e+01 1 1 1 0.0 0.0 0.0
Se 4.255906508954e+00 1.801911518419e+01 1.086443756309e+01 1 1 1 0.0 0.0 0.0
Se 2.334663115675e+00 3.044504922717e+00 1.086443756309e+01 1 1 1 0.0 0.0 0.0
Se 1.374041419726e+00 6.372196091933e+00 1.086443756309e+01 1 1 1 0.0 0.0 0.0
Se 1.290150177387e+01 9.699887261148e+00 1.086443756309e+01 1 1 1 0.0 0.0 0.0
Se 1.194088007792e+01 1.302757843036e+01 1.086443756309e+01 1 1 1 0.0 0.0 0.0
Se 1.242119092520e+01 5.487365458052e-01 1.086443756309e+01 1 1 1 0.0 0.0 0.0
Se 1.146056922926e+01 3.876427715021e+00 1.086443756309e+01 1 1 1 0.0 0.0 0.0
Se 1.049994753331e+01 7.204118884236e+00 1.086443756309e+01 1 1 1 0.0 0.0 0.0
Se 1.098025838197e+01 1.635526959958e+01 1.086443756309e+01 1 1 1 0.0 0.0 0.0
Se 1.002933868401e+01 1.247509126074e+01 1.701046802998e+01 1 1 1 0.0 0.0 0.0
Se 9.068716988062e+00 1.580278242995e+01 1.701046802998e+01 1 1 1 0.0 0.0 0.0
Se 9.549027835345e+00 3.323940545393e+00 1.701046802998e+01 1 1 1 0.0 0.0 0.0
Se 8.588406139397e+00 6.651631714609e+00 1.701046802998e+01 1 1 1 0.0 0.0 0.0
Se 7.627784443449e+00 9.979322883825e+00 1.701046802998e+01 1 1 1 0.0 0.0 0.0
Se 6.667162747501e+00 1.330701405304e+01 1.701046802998e+01 1 1 1 0.0 0.0 0.0
Se 5.706541051552e+00 1.663470522226e+01 1.701046802998e+01 1 1 1 0.0 0.0 0.0
Se 7.147473594783e+00 8.281721684817e-01 1.701046802998e+01 1 1 1 0.0 0.0 0.0
Se 6.186851898835e+00 4.155863337697e+00 1.701046802998e+01 1 1 1 0.0 0.0 0.0
Se 5.226230202887e+00 7.483554506913e+00 1.701046802998e+01 1 1 1 0.0 0.0 0.0
Se 4.265608506939e+00 1.081124567613e+01 1.701046802998e+01 1 1 1 0.0 0.0 0.0
Se 3.304986810990e+00 1.413893684534e+01 1.701046802998e+01 1 1 1 0.0 0.0 0.0
Se 2.344365115042e+00 1.746662801456e+01 1.701046802998e+01 1 1 1 0.0 0.0 0.0
Se 3.785297658273e+00 1.660094960786e+00 1.701046802998e+01 1 1 1 0.0 0.0 0.0
Se 2.824675962325e+00 4.987786130001e+00 1.701046802998e+01 1 1 1 0.0 0.0 0.0
Se 1.864054266377e+00 8.315477299217e+00 1.701046802998e+01 1 1 1 0.0 0.0 0.0
Se 9.034325704285e-01 1.164316846843e+01 1.701046802998e+01 1 1 1 0.0 0.0 0.0
Se 1.243089292457e+01 1.497085963765e+01 1.701046802998e+01 1 1 1 0.0 0.0 0.0
Se 4.231217217628e-01 2.492017753089e+00 1.701046802998e+01 1 1 1 0.0 0.0 0.0
Se 1.195058207591e+01 5.819708922305e+00 1.701046802998e+01 1 1 1 0.0 0.0 0.0
Se 1.098996037996e+01 9.147400091521e+00 1.701046802998e+01 1 1 1 0.0 0.0 0.0
Se 1.147027122862e+01 1.829855080686e+01 1.701046802998e+01 1 1 1 0.0 0.0 0.0
Se 7.882170747353e+00 1.359830934057e+00 3.696241589303e+01 1 1 1 0.0 0.0 0.0
Se 3.719476730655e+00 1.359830934057e+00 3.696241589303e+01 1 1 1 0.0 0.0 0.0
Se 1.204486476405e+01 1.359830934057e+00 3.696241589303e+01 1 1 1 0.0 0.0 0.0
Se 9.739372693498e+00 5.020291220194e+00 3.696241589303e+01 1 1 1 0.0 0.0 0.0
Se 5.576678676801e+00 5.020291220194e+00 3.696241589303e+01 1 1 1 0.0 0.0 0.0
Se 1.413984660103e+00 5.020291220194e+00 3.696241589303e+01 1 1 1 0.0 0.0 0.0
Se 1.159657463964e+01 8.680751506331e+00 3.696241589303e+01 1 1 1 0.0 0.0 0.0
Se 7.433880622946e+00 8.680751506331e+00 3.696241589303e+01 1 1 1 0.0 0.0 0.0
Se 3.271186606249e+00 8.680751506331e+00 3.696241589303e+01 1 1 1 0.0 0.0 0.0
Se 9.291082569091e+00 1.234121179247e+01 3.696241589303e+01 1 1 1 0.0 0.0 0.0
Se 5.128388552394e+00 1.234121179247e+01 3.696241589303e+01 1 1 1 0.0 0.0 0.0
Se 9.656945356965e-01 1.234121179247e+01 3.696241589303e+01 1 1 1 0.0 0.0 0.0
Se 1.114828451524e+01 1.600167207861e+01 3.696241589303e+01 1 1 1 0.0 0.0 0.0
Se 6.985590498539e+00 1.600167207861e+01 3.696241589303e+01 1 1 1 0.0 0.0 0.0
Se 2.822896481842e+00 1.600167207861e+01 3.696241589303e+01 1 1 1 0.0 0.0 0.0
Se 4.802048506391e+00 1.719791343289e+01 3.332483142763e+01 1 1 1 0.0 0.0 0.0
Se 1.312743653979e+01 1.719791343289e+01 3.332483142763e+01 1 1 1 0.0 0.0 0.0
Se 8.964742523088e+00 1.719791343289e+01 3.332483142763e+01 1 1 1 0.0 0.0 0.0
Se 5.698628755205e+00 2.556072288338e+00 3.332483142763e+01 1 1 1 0.0 0.0 0.0
Se 1.535934738507e+00 2.556072288338e+00 3.332483142763e+01 1 1 1 0.0 0.0 0.0
Se 9.861322771902e+00 2.556072288338e+00 3.332483142763e+01 1 1 1 0.0 0.0 0.0
Se 7.555830701350e+00 6.216532574475e+00 3.332483142763e+01 1 1 1 0.0 0.0 0.0
Se 3.393136684653e+00 6.216532574475e+00 3.332483142763e+01 1 1 1 0.0 0.0 0.0
Se 1.171852471805e+01 6.216532574475e+00 3.332483142763e+01 1 1 1 0.0 0.0 0.0
Se 5.250338630798e+00 9.876992860613e+00 3.332483142763e+01 1 1 1 0.0 0.0 0.0
Se 1.087644614101e+00 9.876992860613e+00 3.332483142763e+01 1 1 1 0.0 0.0 0.0
Se 9.413032647495e+00 9.876992860613e+00 3.332483142763e+01 1 1 1 0.0 0.0 0.0
Se 7.107540576943e+00 1.353745314675e+01 3.332483142763e+01 1 1 1 0.0 0.0 0.0
Se 2.944846560246e+00 1.353745314675e+01 3.332483142763e+01 1 1 1 0.0 0.0 0.0
Se 1.127023459364e+01 1.353745314675e+01 3.332483142763e+01 1 1 1 0.0 0.0 0.0
Se 5.860902245413e+00 1.128503940170e-01 2.969131231352e+01 1 1 1 0.0 0.0 0.0
Se 1.698208228716e+00 1.128503940170e-01 2.969131231352e+01 1 1 1 0.0 0.0 0.0
Se 1.002359626211e+01 1.128503940170e-01 2.969131231352e+01 1 1 1 0.0 0.0 0.0
Se 7.718104191558e+00 3.773310680154e+00 2.969131231352e+01 1 1 1 0.0 0.0 0.0
Se 3.555410174861e+00 3.773310680154e+00 2.969131231352e+01 1 1 1 0.0 0.0 0.0
Se 1.188079820826e+01 3.773310680154e+00 2.969131231352e+01 1 1 1 0.0 0.0 0.0
Se 9.575306137704e+00 7.433770966291e+00 2.969131231352e+01 1 1 1 0.0 0.0 0.0
Se 5.412612121006e+00 7.433770966291e+00 2.969131231352e+01 1 1 1 0.0 0.0 0.0
Se 1.249918104309e+00 7.433770966291e+00 2.969131231352e+01 1 1 1 0.0 0.0 0.0
Se 7.269814067152e+00 1.109423125243e+01 2.969131231352e+01 1 1 1 0.0 0.0 0.0
Se 3.107120050454e+00 1.109423125243e+01 2.969131231352e+01 1 1 1 0.0 0.0 0.0
Se 1.143250808385e+01 1.109423125243e+01 2.969131231352e+01 1 1 1 0.0 0.0 0.0
Se 9.127016013297e+00 1.475469153857e+01 2.969131231352e+01 1 1 1 0.0 0.0 0.0
Se 4.964321996599e+00 1.475469153857e+01 2.969131231352e+01 1 1 1 0.0 0.0 0.0
Se 8.016279799021e-01 1.475469153857e+01 2.969131231352e+01 1 1 1 0.0 0.0 0.0
Se 4.842328786212e+00 1.712289609262e+01 2.692457590224e+01 1 1 1 0.0 0.0 0.0
Se 1.316771681961e+01 1.712289609262e+01 2.692457590224e+01 1 1 1 0.0 0.0 0.0
Se 9.005022802910e+00 1.712289609262e+01 2.692457590224e+01 1 1 1 0.0 0.0 0.0
Se 5.738909035026e+00 2.481054948072e+00 2.692457590224e+01 1 1 1 0.0 0.0 0.0
Se 1.576215018329e+00 2.481054948072e+00 2.692457590224e+01 1 1 1 0.0 0.0 0.0
Se 9.901603051723e+00 2.481054948072e+00 2.692457590224e+01 1 1 1 0.0 0.0 0.0
Se 7.596110981171e+00 6.141515234209e+00 2.692457590224e+01 1 1 1 0.0 0.0 0.0
Se 3.433416964474e+00 6.141515234209e+00 2.692457590224e+01 1 1 1 0.0 0.0 0.0
Se 1.175880499787e+01 6.141515234209e+00 2.692457590224e+01 1 1 1 0.0 0.0 0.0
Se 5.290618910619e+00 9.801975520346e+00 2.692457590224e+01 1 1 1 0.0 0.0 0.0
Se 1.127924893922e+00 9.801975520346e+00 2.692457590224e+01 1 1 1 0.0 0.0 0.0
Se 9.453312927317e+00 9.801975520346e+00 2.692457590224e+01 1 1 1 0.0 0.0 0.0
Se 7.147820856764e+00 1.346243580648e+01 2.692457590224e+01 1 1 1 0.0 0.0 0.0
Se 2.985126840067e+00 1.346243580648e+01 2.692457590224e+01 1 1 1 0.0 0.0 0.0
Se 1.131051487346e+01 1.346243580648e+01 2.692457590224e+01 1 1 1 0.0 0.0 0.0
Se 5.907916388541e+00 4.214090135126e-02 2.330671355540e+01 1 1 1 0.0 0.0 0.0
Se 1.745222371844e+00 4.214090135126e-02 2.330671355540e+01 1 1 1 0.0 0.0 0.0
Se 1.007061040524e+01 4.214090135126e-02 2.330671355540e+01 1 1 1 0.0 0.0 0.0
Se 7.765118334686e+00 3.702601187488e+00 2.330671355540e+01 1 1 1 0.0 0.0 0.0
Se 3.602424317989e+00 3.702601187488e+00 2.330671355540e+01 1 1 1 0.0 0.0 0.0
Se 1.192781235138e+01 3.702601187488e+00 2.330671355540e+01 1 1 1 0.0 0.0 0.0
Se 9.622320280832e+00 7.363061473626e+00 2.330671355540e+01 1 1 1 0.0 0.0 0.0
Se 5.459626264134e+00 7.363061473626e+00 2.330671355540e+01 1 1 1 0.0 0.0 0.0
Se 1.296932247437e+00 7.363061473626e+00 2.330671355540e+01 1 1 1 0.0 0.0 0.0
Se 7.316828210279e+00 1.102352175976e+01 2.330671355540e+01 1 1 1 0.0 0.0 0.0
Se 3.154134193582e+00 1.102352175976e+01 2.330671355540e+01 1 1 1 0.0 0.0 0.0
Se 1.147952222698e+01 1.102352175976e+01 2.330671355540e+01 1 1 1 0.0 0.0 0.0
Se 9.174030156425e+00 1.468398204590e+01 2.330671355540e+01 1 1 1 0.0 0.0 0.0
Se 5.011336139727e+00 1.468398204590e+01 2.330671355540e+01 1 1 1 0.0 0.0 0.0
Se 8.486421230299e-01 1.468398204590e+01 2.330671355540e+01 1 1 1 0.0 0.0 0.0
Se 7.921896234744e+00 1.273807346564e+00 1.968357859229e+01 1 1 1 0.0 0.0 0.0
Se 3.759202218047e+00 1.273807346564e+00 1.968357859229e+01 1 1 1 0.0 0.0 0.0
Se 1.208459025144e+01 1.273807346564e+00 1.968357859229e+01 1 1 1 0.0 0.0 0.0
Se 9.779098180889e+00 4.934267632701e+00 1.968357859229e+01 1 1 1 0.0 0.0 0.0
Se 5.616404164192e+00 4.934267632701e+00 1.968357859229e+01 1 1 1 0.0 0.0 0.0
Se 1.453710147494e+00 4.934267632701e+00 1.968357859229e+01 1 1 1 0.0 0.0 0.0
Se 1.163630012703e+01 8.594727918839e+00 1.968357859229e+01 1 1 1 0.0 0.0 0.0
Se 7.473606110337e+00 8.594727918839e+00 1.968357859229e+01 1 1 1 0.0 0.0 0.0
Se 3.310912093640e+00 8.594727918839e+00 1.968357859229e+01 1 1 1 0.0 0.0 0.0
Se 9.330808056482e+00 1.225518820498e+01 1.968357859229e+01 1 1 1 0.0 0.0 0.0
Se 5.168114039785e+00 1.225518820498e+01 1.968357859229e+01 1 1 1 0.0 0.0 0.0
Se 1.005420023088e+00 1.225518820498e+01 1.968357859229e+01 1 1 1 0.0 0.0 0.0
Se 1.118801000263e+01 1.591564849111e+01 1.968357859229e+01 1 1 1 0.0 0.0 0.0
Se 7.025315985930e+00 1.591564849111e+01 1.968357859229e+01 1 1 1 0.0 0.0 0.0
Se 2.862621969233e+00 1.591564849111e+01 1.968357859229e+01 1 1 1 0.0 0.0 0.0
"