calculation_mode = "Quench Electrons"
cell_relax = "False"
charge_density_mixing = "0.1"
charge_mixing_type = "Broyden"
description = "Example parameters for high-throughput bulk relaxation of a vdW material"
dos_broading = "0.05"
dos_method = "Gaussian"
energy_convergence_criterion = "1e-10"
energy_output_units = "Hartrees"
kohn_sham_mucycles = "3"
kohn_sham_solver = "davidson"
kpoint_mesh = "1 1 1"
localize_projectors = "False"
max_md_steps = "100"
max_scf_steps = "200"
non_local_block_size = "4000"
potential_acceleration_constant_step = "1.5"
processor_grid = "7 6 16"
rms_convergence_criterion = "1e-08"
scalapack_block_factor = "64"
start_mode = "LCAO Start"
state_block_size = "64"
stress = "True"
subdiag_driver = "scalapack"
use_async_allreduce = "False"
vdw_corr = "DFT-D3"
vdwdf_kernel_filepath = "/lustre/orion/world-shared/cph162/rjmorelock/rmgdft/XC/vdW_kernel_table"
wavefunction_grid = "148 148 378"
write_data_period = "50"

atomic_coordinate_type = "Absolute"
crds_units = "Angstrom"
lattice_units = "Angstrom"

lattice_vector = "
1.731785390890e+01 0.000000000000e+00 1.100000000000e-15
8.658926953619e+00 1.499770142462e+01 1.100000000000e-15
0.000000000000e+00 0.000000000000e+00 4.446241589303e+01
"
atoms = "
Nb 1.757084331330e+01 8.183434819116e+00 1.532833092694e+01 1 1 1 0.0 0.0 0.0
Nb 1.410727253152e+01 8.183434819116e+00 1.532833092694e+01 1 1 1 0.0 0.0 0.0
Nb 1.064370174974e+01 8.183434819116e+00 1.532833092694e+01 1 1 1 0.0 0.0 0.0
Nb 7.180130967958e+00 8.183434819116e+00 1.532833092694e+01 1 1 1 0.0 0.0 0.0
Nb 2.103441409508e+01 8.183434819116e+00 1.532833092694e+01 1 1 1 0.0 0.0 0.0
Nb 1.583905792257e+01 5.183894534193e+00 1.532833092694e+01 1 1 1 0.0 0.0 0.0
Nb 1.237548714079e+01 5.183894534193e+00 1.532833092694e+01 1 1 1 0.0 0.0 0.0
Nb 8.911916359014e+00 5.183894534193e+00 1.532833092694e+01 1 1 1 0.0 0.0 0.0
Nb 5.448345577234e+00 5.183894534193e+00 1.532833092694e+01 1 1 1 0.0 0.0 0.0
Nb 1.930262870436e+01 5.183894534193e+00 1.532833092694e+01 1 1 1 0.0 0.0 0.0
Nb 1.410727253185e+01 2.184354249270e+00 1.532833092694e+01 1 1 1 0.0 0.0 0.0
Nb 1.064370175007e+01 2.184354249270e+00 1.532833092694e+01 1 1 1 0.0 0.0 0.0
Nb 7.180130968290e+00 2.184354249270e+00 1.532833092694e+01 1 1 1 0.0 0.0 0.0
Nb 3.716560186510e+00 2.184354249270e+00 1.532833092694e+01 1 1 1 0.0 0.0 0.0
Nb 1.757084331363e+01 2.184354249270e+00 1.532833092694e+01 1 1 1 0.0 0.0 0.0
Nb 2.103441409475e+01 1.418251538896e+01 1.532833092694e+01 1 1 1 0.0 0.0 0.0
Nb 1.757084331297e+01 1.418251538896e+01 1.532833092694e+01 1 1 1 0.0 0.0 0.0
Nb 1.410727253119e+01 1.418251538896e+01 1.532833092694e+01 1 1 1 0.0 0.0 0.0
Nb 1.064370174941e+01 1.418251538896e+01 1.532833092694e+01 1 1 1 0.0 0.0 0.0
Nb 2.449798487653e+01 1.418251538896e+01 1.532833092694e+01 1 1 1 0.0 0.0 0.0
Nb 1.930262870402e+01 1.118297510404e+01 1.532833092694e+01 1 1 1 0.0 0.0 0.0
Nb 1.583905792224e+01 1.118297510404e+01 1.532833092694e+01 1 1 1 0.0 0.0 0.0
Nb 1.237548714046e+01 1.118297510404e+01 1.532833092694e+01 1 1 1 0.0 0.0 0.0
Nb 8.911916358682e+00 1.118297510404e+01 1.532833092694e+01 1 1 1 0.0 0.0 0.0
Nb 2.276619948580e+01 1.118297510404e+01 1.532833092694e+01 1 1 1 0.0 0.0 0.0
Nb 1.756986047386e+01 8.173678660325e+00 9.182088683320e+00 1 1 1 0.0 0.0 0.0
Nb 1.410628969208e+01 8.173678660325e+00 9.182088683320e+00 1 1 1 0.0 0.0 0.0
Nb 1.064271891029e+01 8.173678660325e+00 9.182088683320e+00 1 1 1 0.0 0.0 0.0
Nb 7.179148128515e+00 8.173678660325e+00 9.182088683320e+00 1 1 1 0.0 0.0 0.0
Nb 2.103343125564e+01 8.173678660325e+00 9.182088683320e+00 1 1 1 0.0 0.0 0.0
Nb 1.583807508313e+01 5.174138375401e+00 9.182088683320e+00 1 1 1 0.0 0.0 0.0
Nb 1.237450430135e+01 5.174138375401e+00 9.182088683320e+00 1 1 1 0.0 0.0 0.0
Nb 8.910933519571e+00 5.174138375401e+00 9.182088683320e+00 1 1 1 0.0 0.0 0.0
Nb 5.447362737791e+00 5.174138375401e+00 9.182088683320e+00 1 1 1 0.0 0.0 0.0
Nb 1.930164586491e+01 5.174138375401e+00 9.182088683320e+00 1 1 1 0.0 0.0 0.0
Nb 1.410628969241e+01 2.174598090478e+00 9.182088683320e+00 1 1 1 0.0 0.0 0.0
Nb 1.064271891063e+01 2.174598090478e+00 9.182088683320e+00 1 1 1 0.0 0.0 0.0
Nb 7.179148128847e+00 2.174598090478e+00 9.182088683320e+00 1 1 1 0.0 0.0 0.0
Nb 3.715577347067e+00 2.174598090478e+00 9.182088683320e+00 1 1 1 0.0 0.0 0.0
Nb 1.756986047419e+01 2.174598090478e+00 9.182088683320e+00 1 1 1 0.0 0.0 0.0
Nb 2.103343125530e+01 1.417275923017e+01 9.182088683320e+00 1 1 1 0.0 0.0 0.0
Nb 1.756986047352e+01 1.417275923017e+01 9.182088683320e+00 1 1 1 0.0 0.0 0.0
Nb 1.410628969174e+01 1.417275923017e+01 9.182088683320e+00 1 1 1 0.0 0.0 0.0
Nb 1.064271890996e+01 1.417275923017e+01 9.182088683320e+00 1 1 1 0.0 0.0 0.0
Nb 2.449700203708e+01 1.417275923017e+01 9.182088683320e+00 1 1 1 0.0 0.0 0.0
Nb 1.930164586458e+01 1.117321894525e+01 9.182088683320e+00 1 1 1 0.0 0.0 0.0
Nb 1.583807508280e+01 1.117321894525e+01 9.182088683320e+00 1 1 1 0.0 0.0 0.0
Nb 1.237450430102e+01 1.117321894525e+01 9.182088683320e+00 1 1 1 0.0 0.0 0.0
Nb 8.910933519238e+00 1.117321894525e+01 9.182088683320e+00 1 1 1 0.0 0.0 0.0
Nb 2.276521664636e+01 1.117321894525e+01 9.182088683320e+00 1 1 1 0.0 0.0 0.0
Bi 5.713363880876e+00 7.920492154518e+00 3.532095071834e+01 1 1 1 0.0 0.0 0.0
Bi 3.548632142471e+00 4.171066798364e+00 3.532095071834e+01 1 1 1 0.0 0.0 0.0
Bi 1.383900404066e+00 4.216414422103e-01 3.532095071834e+01 1 1 1 0.0 0.0 0.0
Bi 7.878095619281e+00 1.166991751067e+01 3.532095071834e+01 1 1 1 0.0 0.0 0.0
Bi 1.004282735810e+01 7.920492154518e+00 3.532095071834e+01 1 1 1 0.0 0.0 0.0
Bi 7.878095619697e+00 4.171066798364e+00 3.532095071834e+01 1 1 1 0.0 0.0 0.0
Bi 5.713363881292e+00 4.216414422103e-01 3.532095071834e+01 1 1 1 0.0 0.0 0.0
Bi 1.220755909651e+01 1.166991751067e+01 3.532095071834e+01 1 1 1 0.0 0.0 0.0
Bi 1.437229083533e+01 7.920492154518e+00 3.532095071834e+01 1 1 1 0.0 0.0 0.0
Bi 1.220755909692e+01 4.171066798364e+00 3.532095071834e+01 1 1 1 0.0 0.0 0.0
Bi 1.004282735852e+01 4.216414422103e-01 3.532095071834e+01 1 1 1 0.0 0.0 0.0
Bi 1.653702257373e+01 1.166991751067e+01 3.532095071834e+01 1 1 1 0.0 0.0 0.0
Bi 1.870175431255e+01 7.920492154518e+00 3.532095071834e+01 1 1 1 0.0 0.0 0.0
Bi 1.653702257415e+01 4.171066798364e+00 3.532095071834e+01 1 1 1 0.0 0.0 0.0
Bi 1.437229083574e+01 4.216414422103e-01 3.532095071834e+01 1 1 1 0.0 0.0 0.0
Bi 2.086648605096e+01 1.166991751067e+01 3.532095071834e+01 1 1 1 0.0 0.0 0.0
Bi 7.842132492590e+00 9.179575449998e+00 3.133430771007e+01 1 1 1 0.0 0.0 0.0
Bi 5.677400754186e+00 5.430150093844e+00 3.133430771007e+01 1 1 1 0.0 0.0 0.0
Bi 3.512669015781e+00 1.680724737690e+00 3.133430771007e+01 1 1 1 0.0 0.0 0.0
Bi 1.000686423100e+01 1.292900080615e+01 3.133430771007e+01 1 1 1 0.0 0.0 0.0
Bi 1.217159596982e+01 9.179575449998e+00 3.133430771007e+01 1 1 1 0.0 0.0 0.0
Bi 1.000686423141e+01 5.430150093844e+00 3.133430771007e+01 1 1 1 0.0 0.0 0.0
Bi 7.842132493006e+00 1.680724737690e+00 3.133430771007e+01 1 1 1 0.0 0.0 0.0
Bi 1.433632770822e+01 1.292900080615e+01 3.133430771007e+01 1 1 1 0.0 0.0 0.0
Bi 1.650105944704e+01 9.179575449998e+00 3.133430771007e+01 1 1 1 0.0 0.0 0.0
Bi 1.433632770864e+01 5.430150093844e+00 3.133430771007e+01 1 1 1 0.0 0.0 0.0
Bi 1.217159597023e+01 1.680724737690e+00 3.133430771007e+01 1 1 1 0.0 0.0 0.0
Bi 1.866579118545e+01 1.292900080615e+01 3.133430771007e+01 1 1 1 0.0 0.0 0.0
Bi 2.083052292427e+01 9.179575449998e+00 3.133430771007e+01 1 1 1 0.0 0.0 0.0
Bi 1.866579118586e+01 5.430150093844e+00 3.133430771007e+01 1 1 1 0.0 0.0 0.0
Bi 1.650105944746e+01 1.680724737690e+00 3.133430771007e+01 1 1 1 0.0 0.0 0.0
Bi 2.299525466267e+01 1.292900080615e+01 3.133430771007e+01 1 1 1 0.0 0.0 0.0
Bi 7.823679131728e+00 9.247629635830e+00 2.529282906773e+01 1 1 1 0.0 0.0 0.0
Bi 5.658947393324e+00 5.498204279676e+00 2.529282906773e+01 1 1 1 0.0 0.0 0.0
Bi 3.494215654919e+00 1.748778923522e+00 2.529282906773e+01 1 1 1 0.0 0.0 0.0
Bi 9.988410870133e+00 1.299705499198e+01 2.529282906773e+01 1 1 1 0.0 0.0 0.0
Bi 1.215314260895e+01 9.247629635830e+00 2.529282906773e+01 1 1 1 0.0 0.0 0.0
Bi 9.988410870549e+00 5.498204279676e+00 2.529282906773e+01 1 1 1 0.0 0.0 0.0
Bi 7.823679132144e+00 1.748778923522e+00 2.529282906773e+01 1 1 1 0.0 0.0 0.0
Bi 1.431787434736e+01 1.299705499198e+01 2.529282906773e+01 1 1 1 0.0 0.0 0.0
Bi 1.648260608618e+01 9.247629635830e+00 2.529282906773e+01 1 1 1 0.0 0.0 0.0
Bi 1.431787434777e+01 5.498204279676e+00 2.529282906773e+01 1 1 1 0.0 0.0 0.0
Bi 1.215314260937e+01 1.748778923522e+00 2.529282906773e+01 1 1 1 0.0 0.0 0.0
Bi 1.864733782458e+01 1.299705499198e+01 2.529282906773e+01 1 1 1 0.0 0.0 0.0
Bi 2.081206956340e+01 9.247629635830e+00 2.529282906773e+01 1 1 1 0.0 0.0 0.0
Bi 1.864733782500e+01 5.498204279676e+00 2.529282906773e+01 1 1 1 0.0 0.0 0.0
Bi 1.648260608659e+01 1.748778923522e+00 2.529282906773e+01 1 1 1 0.0 0.0 0.0
Bi 2.297680130181e+01 1.299705499198e+01 2.529282906773e+01 1 1 1 0.0 0.0 0.0
Bi 2.079190540550e+01 6.738347821838e+00 2.132110864621e+01 1 1 1 0.0 0.0 0.0
Bi 1.862717366709e+01 2.988922465684e+00 2.132110864621e+01 1 1 1 0.0 0.0 0.0
Bi 2.512136888231e+01 1.423719853415e+01 2.132110864621e+01 1 1 1 0.0 0.0 0.0
Bi 2.295663714390e+01 1.048777317799e+01 2.132110864621e+01 1 1 1 0.0 0.0 0.0
Bi 7.803514973823e+00 6.738347821838e+00 2.132110864621e+01 1 1 1 0.0 0.0 0.0
Bi 5.638783235418e+00 2.988922465684e+00 2.132110864621e+01 1 1 1 0.0 0.0 0.0
Bi 1.213297845063e+01 1.423719853415e+01 2.132110864621e+01 1 1 1 0.0 0.0 0.0
Bi 9.968246712228e+00 1.048777317799e+01 2.132110864621e+01 1 1 1 0.0 0.0 0.0
Bi 1.213297845105e+01 6.738347821838e+00 2.132110864621e+01 1 1 1 0.0 0.0 0.0
Bi 9.968246712643e+00 2.988922465684e+00 2.132110864621e+01 1 1 1 0.0 0.0 0.0
Bi 1.646244192786e+01 1.423719853415e+01 2.132110864621e+01 1 1 1 0.0 0.0 0.0
Bi 1.429771018945e+01 1.048777317799e+01 2.132110864621e+01 1 1 1 0.0 0.0 0.0
Bi 1.646244192827e+01 6.738347821838e+00 2.132110864621e+01 1 1 1 0.0 0.0 0.0
Bi 1.429771018987e+01 2.988922465684e+00 2.132110864621e+01 1 1 1 0.0 0.0 0.0
Bi 2.079190540508e+01 1.423719853415e+01 2.132110864621e+01 1 1 1 0.0 0.0 0.0
Bi 1.862717366668e+01 1.048777317799e+01 2.132110864621e+01 1 1 1 0.0 0.0 0.0
Se 1.930208558532e+01 9.173172836344e+00 7.500000000000e+00 1 1 1 0.0 0.0 0.0
Se 1.583851480354e+01 9.173172836344e+00 7.500000000000e+00 1 1 1 0.0 0.0 0.0
Se 1.237494402176e+01 9.173172836344e+00 7.500000000000e+00 1 1 1 0.0 0.0 0.0
Se 8.911373239977e+00 9.173172836344e+00 7.500000000000e+00 1 1 1 0.0 0.0 0.0
Se 5.447802458197e+00 9.173172836344e+00 7.500000000000e+00 1 1 1 0.0 0.0 0.0
Se 1.757030019459e+01 6.173632551420e+00 7.500000000000e+00 1 1 1 0.0 0.0 0.0
Se 1.410672941281e+01 6.173632551420e+00 7.500000000000e+00 1 1 1 0.0 0.0 0.0
Se 1.064315863103e+01 6.173632551420e+00 7.500000000000e+00 1 1 1 0.0 0.0 0.0
Se 7.179587849253e+00 6.173632551420e+00 7.500000000000e+00 1 1 1 0.0 0.0 0.0
Se 3.716017067473e+00 6.173632551420e+00 7.500000000000e+00 1 1 1 0.0 0.0 0.0
Se 1.583851480387e+01 3.174092266497e+00 7.500000000000e+00 1 1 1 0.0 0.0 0.0
Se 1.237494402209e+01 3.174092266497e+00 7.500000000000e+00 1 1 1 0.0 0.0 0.0
Se 8.911373240310e+00 3.174092266497e+00 7.500000000000e+00 1 1 1 0.0 0.0 0.0
Se 5.447802458529e+00 3.174092266497e+00 7.500000000000e+00 1 1 1 0.0 0.0 0.0
Se 1.984231676749e+00 3.174092266497e+00 7.500000000000e+00 1 1 1 0.0 0.0 0.0
Se 1.410672941315e+01 1.745519815739e-01 7.500000000000e+00 1 1 1 0.0 0.0 0.0
Se 1.064315863137e+01 1.745519815739e-01 7.500000000000e+00 1 1 1 0.0 0.0 0.0
Se 7.179587849586e+00 1.745519815739e-01 7.500000000000e+00 1 1 1 0.0 0.0 0.0
Se 3.716017067805e+00 1.745519815739e-01 7.500000000000e+00 1 1 1 0.0 0.0 0.0
Se 2.524462860252e-01 1.745519815739e-01 7.500000000000e+00 1 1 1 0.0 0.0 0.0
Se 2.103387097604e+01 1.217271312127e+01 7.500000000000e+00 1 1 1 0.0 0.0 0.0
Se 1.757030019426e+01 1.217271312127e+01 7.500000000000e+00 1 1 1 0.0 0.0 0.0
Se 1.410672941248e+01 1.217271312127e+01 7.500000000000e+00 1 1 1 0.0 0.0 0.0
Se 1.064315863070e+01 1.217271312127e+01 7.500000000000e+00 1 1 1 0.0 0.0 0.0
Se 7.179587848921e+00 1.217271312127e+01 7.500000000000e+00 1 1 1 0.0 0.0 0.0
Se 1.757110871592e+01 1.018301451105e+01 1.364602824434e+01 1 1 1 0.0 0.0 0.0
Se 1.410753793414e+01 1.018301451105e+01 1.364602824434e+01 1 1 1 0.0 0.0 0.0
Se 1.064396715236e+01 1.018301451105e+01 1.364602824434e+01 1 1 1 0.0 0.0 0.0
Se 7.180396370580e+00 1.018301451105e+01 1.364602824434e+01 1 1 1 0.0 0.0 0.0
Se 2.103467949770e+01 1.018301451105e+01 1.364602824434e+01 1 1 1 0.0 0.0 0.0
Se 1.583932332520e+01 7.183474226124e+00 1.364602824434e+01 1 1 1 0.0 0.0 0.0
Se 1.237575254342e+01 7.183474226124e+00 1.364602824434e+01 1 1 1 0.0 0.0 0.0
Se 8.912181761636e+00 7.183474226124e+00 1.364602824434e+01 1 1 1 0.0 0.0 0.0
Se 5.448610979856e+00 7.183474226124e+00 1.364602824434e+01 1 1 1 0.0 0.0 0.0
Se 1.930289410698e+01 7.183474226124e+00 1.364602824434e+01 1 1 1 0.0 0.0 0.0
Se 1.410753793447e+01 4.183933941200e+00 1.364602824434e+01 1 1 1 0.0 0.0 0.0
Se 1.064396715269e+01 4.183933941200e+00 1.364602824434e+01 1 1 1 0.0 0.0 0.0
Se 7.180396370912e+00 4.183933941200e+00 1.364602824434e+01 1 1 1 0.0 0.0 0.0
Se 3.716825589132e+00 4.183933941200e+00 1.364602824434e+01 1 1 1 0.0 0.0 0.0
Se 1.757110871625e+01 4.183933941200e+00 1.364602824434e+01 1 1 1 0.0 0.0 0.0
Se 1.237575254375e+01 1.184393656277e+00 1.364602824434e+01 1 1 1 0.0 0.0 0.0
Se 8.912181761969e+00 1.184393656277e+00 1.364602824434e+01 1 1 1 0.0 0.0 0.0
Se 5.448610980189e+00 1.184393656277e+00 1.364602824434e+01 1 1 1 0.0 0.0 0.0
Se 1.985040198408e+00 1.184393656277e+00 1.364602824434e+01 1 1 1 0.0 0.0 0.0
Se 1.583932332553e+01 1.184393656277e+00 1.364602824434e+01 1 1 1 0.0 0.0 0.0
Se 1.930289410664e+01 1.318255479597e+01 1.364602824434e+01 1 1 1 0.0 0.0 0.0
Se 1.583932332486e+01 1.318255479597e+01 1.364602824434e+01 1 1 1 0.0 0.0 0.0
Se 1.237575254308e+01 1.318255479597e+01 1.364602824434e+01 1 1 1 0.0 0.0 0.0
Se 8.912181761304e+00 1.318255479597e+01 1.364602824434e+01 1 1 1 0.0 0.0 0.0
Se 2.276646488842e+01 1.318255479597e+01 1.364602824434e+01 1 1 1 0.0 0.0 0.0
Se 1.930177822911e+01 9.174204207065e+00 1.086443756309e+01 1 1 1 0.0 0.0 0.0
Se 1.583820744733e+01 9.174204207065e+00 1.086443756309e+01 1 1 1 0.0 0.0 0.0
Se 1.237463666555e+01 9.174204207065e+00 1.086443756309e+01 1 1 1 0.0 0.0 0.0
Se 8.911065883765e+00 9.174204207065e+00 1.086443756309e+01 1 1 1 0.0 0.0 0.0
Se 5.447495101985e+00 9.174204207065e+00 1.086443756309e+01 1 1 1 0.0 0.0 0.0
Se 1.756999283838e+01 6.174663922142e+00 1.086443756309e+01 1 1 1 0.0 0.0 0.0
Se 1.410642205660e+01 6.174663922142e+00 1.086443756309e+01 1 1 1 0.0 0.0 0.0
Se 1.064285127482e+01 6.174663922142e+00 1.086443756309e+01 1 1 1 0.0 0.0 0.0
Se 7.179280493041e+00 6.174663922142e+00 1.086443756309e+01 1 1 1 0.0 0.0 0.0
Se 3.715709711261e+00 6.174663922142e+00 1.086443756309e+01 1 1 1 0.0 0.0 0.0
Se 1.583820744766e+01 3.175123637219e+00 1.086443756309e+01 1 1 1 0.0 0.0 0.0
Se 1.237463666588e+01 3.175123637219e+00 1.086443756309e+01 1 1 1 0.0 0.0 0.0
Se 8.911065884097e+00 3.175123637219e+00 1.086443756309e+01 1 1 1 0.0 0.0 0.0
Se 5.447495102317e+00 3.175123637219e+00 1.086443756309e+01 1 1 1 0.0 0.0 0.0
Se 1.983924320537e+00 3.175123637219e+00 1.086443756309e+01 1 1 1 0.0 0.0 0.0
Se 1.410642205693e+01 1.755833522954e-01 1.086443756309e+01 1 1 1 0.0 0.0 0.0
Se 1.064285127515e+01 1.755833522954e-01 1.086443756309e+01 1 1 1 0.0 0.0 0.0
Se 7.179280493373e+00 1.755833522954e-01 1.086443756309e+01 1 1 1 0.0 0.0 0.0
Se 3.715709711593e+00 1.755833522954e-01 1.086443756309e+01 1 1 1 0.0 0.0 0.0
Se 2.521389298129e-01 1.755833522954e-01 1.086443756309e+01 1 1 1 0.0 0.0 0.0
Se 2.103356361983e+01 1.217374449199e+01 1.086443756309e+01 1 1 1 0.0 0.0 0.0
Se 1.756999283805e+01 1.217374449199e+01 1.086443756309e+01 1 1 1 0.0 0.0 0.0
Se 1.410642205627e+01 1.217374449199e+01 1.086443756309e+01 1 1 1 0.0 0.0 0.0
Se 1.064285127449e+01 1.217374449199e+01 1.086443756309e+01 1 1 1 0.0 0.0 0.0
Se 7.179280492708e+00 1.217374449199e+01 1.086443756309e+01 1 1 1 0.0 0.0 0.0
Se 1.757063914786e+01 1.018396255531e+01 1.701046802998e+01 1 1 1 0.0 0.0 0.0
Se 1.410706836608e+01 1.018396255531e+01 1.701046802998e+01 1 1 1 0.0 0.0 0.0
Se 1.064349758430e+01 1.018396255531e+01 1.701046802998e+01 1 1 1 0.0 0.0 0.0
Se 7.179926802520e+00 1.018396255531e+01 1.701046802998e+01 1 1 1 0.0 0.0 0.0
Se 2.103420992964e+01 1.018396255531e+01 1.701046802998e+01 1 1 1 0.0 0.0 0.0
Se 1.583885375714e+01 7.184422270388e+00 1.701046802998e+01 1 1 1 0.0 0.0 0.0
Se 1.237528297536e+01 7.184422270388e+00 1.701046802998e+01 1 1 1 0.0 0.0 0.0
Se 8.911712193576e+00 7.184422270388e+00 1.701046802998e+01 1 1 1 0.0 0.0 0.0
Se 5.448141411796e+00 7.184422270388e+00 1.701046802998e+01 1 1 1 0.0 0.0 0.0
Se 1.930242453892e+01 7.184422270388e+00 1.701046802998e+01 1 1 1 0.0 0.0 0.0
Se 1.410706836641e+01 4.184881985465e+00 1.701046802998e+01 1 1 1 0.0 0.0 0.0
Se 1.064349758463e+01 4.184881985465e+00 1.701046802998e+01 1 1 1 0.0 0.0 0.0
Se 7.179926802853e+00 4.184881985465e+00 1.701046802998e+01 1 1 1 0.0 0.0 0.0
Se 3.716356021072e+00 4.184881985465e+00 1.701046802998e+01 1 1 1 0.0 0.0 0.0
Se 1.757063914819e+01 4.184881985465e+00 1.701046802998e+01 1 1 1 0.0 0.0 0.0
Se 1.237528297569e+01 1.185341700542e+00 1.701046802998e+01 1 1 1 0.0 0.0 0.0
Se 8.911712193909e+00 1.185341700542e+00 1.701046802998e+01 1 1 1 0.0 0.0 0.0
Se 5.448141412129e+00 1.185341700542e+00 1.701046802998e+01 1 1 1 0.0 0.0 0.0
Se 1.984570630348e+00 1.185341700542e+00 1.701046802998e+01 1 1 1 0.0 0.0 0.0
Se 1.583885375747e+01 1.185341700542e+00 1.701046802998e+01 1 1 1 0.0 0.0 0.0
Se 1.930242453858e+01 1.318350284023e+01 1.701046802998e+01 1 1 1 0.0 0.0 0.0
Se 1.583885375680e+01 1.318350284023e+01 1.701046802998e+01 1 1 1 0.0 0.0 0.0
Se 1.237528297502e+01 1.318350284023e+01 1.701046802998e+01 1 1 1 0.0 0.0 0.0
Se 8.911712193244e+00 1.318350284023e+01 1.701046802998e+01 1 1 1 0.0 0.0 0.0
Se 2.276599532037e+01 1.318350284023e+01 1.701046802998e+01 1 1 1 0.0 0.0 0.0
Se 7.888702860796e+00 9.177008496178e+00 3.696241589303e+01 1 1 1 0.0 0.0 0.0
Se 5.723971122391e+00 5.427583140024e+00 3.696241589303e+01 1 1 1 0.0 0.0 0.0
Se 3.559239383986e+00 1.678157783870e+00 3.696241589303e+01 1 1 1 0.0 0.0 0.0
Se 1.005343459920e+01 1.292643385233e+01 3.696241589303e+01 1 1 1 0.0 0.0 0.0
Se 1.221816633802e+01 9.177008496178e+00 3.696241589303e+01 1 1 1 0.0 0.0 0.0
Se 1.005343459962e+01 5.427583140024e+00 3.696241589303e+01 1 1 1 0.0 0.0 0.0
Se 7.888702861212e+00 1.678157783870e+00 3.696241589303e+01 1 1 1 0.0 0.0 0.0
Se 1.438289807643e+01 1.292643385233e+01 3.696241589303e+01 1 1 1 0.0 0.0 0.0
Se 1.654762981525e+01 9.177008496178e+00 3.696241589303e+01 1 1 1 0.0 0.0 0.0
Se 1.438289807684e+01 5.427583140024e+00 3.696241589303e+01 1 1 1 0.0 0.0 0.0
Se 1.221816633844e+01 1.678157783870e+00 3.696241589303e+01 1 1 1 0.0 0.0 0.0
Se 1.871236155365e+01 1.292643385233e+01 3.696241589303e+01 1 1 1 0.0 0.0 0.0
Se 2.087709329247e+01 9.177008496178e+00 3.696241589303e+01 1 1 1 0.0 0.0 0.0
Se 1.871236155407e+01 5.427583140024e+00 3.696241589303e+01 1 1 1 0.0 0.0 0.0
Se 1.654762981566e+01 1.678157783870e+00 3.696241589303e+01 1 1 1 0.0 0.0 0.0
Se 2.304182503088e+01 1.292643385233e+01 3.696241589303e+01 1 1 1 0.0 0.0 0.0
Se 2.084082963043e+01 6.663567569919e+00 3.332483142763e+01 1 1 1 0.0 0.0 0.0
Se 1.867609789202e+01 2.914142213765e+00 3.332483142763e+01 1 1 1 0.0 0.0 0.0
Se 2.517029310724e+01 1.416241828223e+01 3.332483142763e+01 1 1 1 0.0 0.0 0.0
Se 2.300556136883e+01 1.041299292607e+01 3.332483142763e+01 1 1 1 0.0 0.0 0.0
Se 7.852439198750e+00 6.663567569919e+00 3.332483142763e+01 1 1 1 0.0 0.0 0.0
Se 5.687707460346e+00 2.914142213765e+00 3.332483142763e+01 1 1 1 0.0 0.0 0.0
Se 1.218190267556e+01 1.416241828223e+01 3.332483142763e+01 1 1 1 0.0 0.0 0.0
Se 1.001717093716e+01 1.041299292607e+01 3.332483142763e+01 1 1 1 0.0 0.0 0.0
Se 1.218190267598e+01 6.663567569919e+00 3.332483142763e+01 1 1 1 0.0 0.0 0.0
Se 1.001717093757e+01 2.914142213765e+00 3.332483142763e+01 1 1 1 0.0 0.0 0.0
Se 1.651136615279e+01 1.416241828223e+01 3.332483142763e+01 1 1 1 0.0 0.0 0.0
Se 1.434663441438e+01 1.041299292607e+01 3.332483142763e+01 1 1 1 0.0 0.0 0.0
Se 1.651136615320e+01 6.663567569919e+00 3.332483142763e+01 1 1 1 0.0 0.0 0.0
Se 1.434663441480e+01 2.914142213765e+00 3.332483142763e+01 1 1 1 0.0 0.0 0.0
Se 2.084082963001e+01 1.416241828223e+01 3.332483142763e+01 1 1 1 0.0 0.0 0.0
Se 1.867609789161e+01 1.041299292607e+01 3.332483142763e+01 1 1 1 0.0 0.0 0.0
Se 5.691707779455e+00 7.926276548283e+00 2.969131231352e+01 1 1 1 0.0 0.0 0.0
Se 3.526976041050e+00 4.176851192129e+00 2.969131231352e+01 1 1 1 0.0 0.0 0.0
Se 1.362244302645e+00 4.274258359746e-01 2.969131231352e+01 1 1 1 0.0 0.0 0.0
Se 7.856439517860e+00 1.167570190444e+01 2.969131231352e+01 1 1 1 0.0 0.0 0.0
Se 1.002117125668e+01 7.926276548283e+00 2.969131231352e+01 1 1 1 0.0 0.0 0.0
Se 7.856439518276e+00 4.176851192129e+00 2.969131231352e+01 1 1 1 0.0 0.0 0.0
Se 5.691707779871e+00 4.274258359746e-01 2.969131231352e+01 1 1 1 0.0 0.0 0.0
Se 1.218590299509e+01 1.167570190444e+01 2.969131231352e+01 1 1 1 0.0 0.0 0.0
Se 1.435063473391e+01 7.926276548283e+00 2.969131231352e+01 1 1 1 0.0 0.0 0.0
Se 1.218590299550e+01 4.176851192129e+00 2.969131231352e+01 1 1 1 0.0 0.0 0.0
Se 1.002117125710e+01 4.274258359746e-01 2.969131231352e+01 1 1 1 0.0 0.0 0.0
Se 1.651536647231e+01 1.167570190444e+01 2.969131231352e+01 1 1 1 0.0 0.0 0.0
Se 1.868009821113e+01 7.926276548283e+00 2.969131231352e+01 1 1 1 0.0 0.0 0.0
Se 1.651536647273e+01 4.176851192129e+00 2.969131231352e+01 1 1 1 0.0 0.0 0.0
Se 1.435063473432e+01 4.274258359746e-01 2.969131231352e+01 1 1 1 0.0 0.0 0.0
Se 2.084482994954e+01 1.167570190444e+01 2.969131231352e+01 1 1 1 0.0 0.0 0.0
Se 2.079284191436e+01 6.734131581926e+00 2.692457590224e+01 1 1 1 0.0 0.0 0.0
Se 1.862811017596e+01 2.984706225772e+00 2.692457590224e+01 1 1 1 0.0 0.0 0.0
Se 2.512230539117e+01 1.423298229423e+01 2.692457590224e+01 1 1 1 0.0 0.0 0.0
Se 2.295757365277e+01 1.048355693808e+01 2.692457590224e+01 1 1 1 0.0 0.0 0.0
Se 7.804451482686e+00 6.734131581926e+00 2.692457590224e+01 1 1 1 0.0 0.0 0.0
Se 5.639719744281e+00 2.984706225772e+00 2.692457590224e+01 1 1 1 0.0 0.0 0.0
Se 1.213391495950e+01 1.423298229423e+01 2.692457590224e+01 1 1 1 0.0 0.0 0.0
Se 9.969183221091e+00 1.048355693808e+01 2.692457590224e+01 1 1 1 0.0 0.0 0.0
Se 1.213391495991e+01 6.734131581926e+00 2.692457590224e+01 1 1 1 0.0 0.0 0.0
Se 9.969183221506e+00 2.984706225772e+00 2.692457590224e+01 1 1 1 0.0 0.0 0.0
Se 1.646337843672e+01 1.423298229423e+01 2.692457590224e+01 1 1 1 0.0 0.0 0.0
Se 1.429864669832e+01 1.048355693808e+01 2.692457590224e+01 1 1 1 0.0 0.0 0.0
Se 1.646337843714e+01 6.734131581926e+00 2.692457590224e+01 1 1 1 0.0 0.0 0.0
Se 1.429864669873e+01 2.984706225772e+00 2.692457590224e+01 1 1 1 0.0 0.0 0.0
Se 2.079284191395e+01 1.423298229423e+01 2.692457590224e+01 1 1 1 0.0 0.0 0.0
Se 1.862811017554e+01 1.048355693808e+01 2.692457590224e+01 1 1 1 0.0 0.0 0.0
Se 5.651180439436e+00 8.000937216661e+00 2.330671355540e+01 1 1 1 0.0 0.0 0.0
Se 3.486448701031e+00 4.251511860507e+00 2.330671355540e+01 1 1 1 0.0 0.0 0.0
Se 1.321716962626e+00 5.020865043525e-01 2.330671355540e+01 1 1 1 0.0 0.0 0.0
Se 7.815912177841e+00 1.175036257281e+01 2.330671355540e+01 1 1 1 0.0 0.0 0.0
Se 9.980643916661e+00 8.000937216661e+00 2.330671355540e+01 1 1 1 0.0 0.0 0.0
Se 7.815912178256e+00 4.251511860507e+00 2.330671355540e+01 1 1 1 0.0 0.0 0.0
Se 5.651180439852e+00 5.020865043525e-01 2.330671355540e+01 1 1 1 0.0 0.0 0.0
Se 1.214537565507e+01 1.175036257281e+01 2.330671355540e+01 1 1 1 0.0 0.0 0.0
Se 1.431010739389e+01 8.000937216661e+00 2.330671355540e+01 1 1 1 0.0 0.0 0.0
Se 1.214537565548e+01 4.251511860507e+00 2.330671355540e+01 1 1 1 0.0 0.0 0.0
Se 9.980643917077e+00 5.020865043525e-01 2.330671355540e+01 1 1 1 0.0 0.0 0.0
Se 1.647483913229e+01 1.175036257281e+01 2.330671355540e+01 1 1 1 0.0 0.0 0.0
Se 1.863957087111e+01 8.000937216661e+00 2.330671355540e+01 1 1 1 0.0 0.0 0.0
Se 1.647483913271e+01 4.251511860507e+00 2.330671355540e+01 1 1 1 0.0 0.0 0.0
Se 1.431010739430e+01 5.020865043525e-01 2.330671355540e+01 1 1 1 0.0 0.0 0.0
Se 2.080430260952e+01 1.175036257281e+01 2.330671355540e+01 1 1 1 0.0 0.0 0.0
Se 7.830312804836e+00 9.252102620562e+00 1.968357859229e+01 1 1 1 0.0 0.0 0.0
Se 5.665581066431e+00 5.502677264408e+00 1.968357859229e+01 1 1 1 0.0 0.0 0.0
Se 3.500849328026e+00 1.753251908254e+00 1.968357859229e+01 1 1 1 0.0 0.0 0.0
Se 9.995044543241e+00 1.300152797672e+01 1.968357859229e+01 1 1 1 0.0 0.0 0.0
Se 1.215977628206e+01 9.252102620562e+00 1.968357859229e+01 1 1 1 0.0 0.0 0.0
Se 9.995044543657e+00 5.502677264408e+00 1.968357859229e+01 1 1 1 0.0 0.0 0.0
Se 7.830312805252e+00 1.753251908254e+00 1.968357859229e+01 1 1 1 0.0 0.0 0.0
Se 1.432450802047e+01 1.300152797672e+01 1.968357859229e+01 1 1 1 0.0 0.0 0.0
Se 1.648923975929e+01 9.252102620562e+00 1.968357859229e+01 1 1 1 0.0 0.0 0.0
Se 1.432450802088e+01 5.502677264408e+00 1.968357859229e+01 1 1 1 0.0 0.0 0.0
Se 1.215977628248e+01 1.753251908254e+00 1.968357859229e+01 1 1 1 0.0 0.0 0.0
Se 1.865397149769e+01 1.300152797672e+01 1.968357859229e+01 1 1 1 0.0 0.0 0.0
Se 2.081870323651e+01 9.252102620562e+00 1.968357859229e+01 1 1 1 0.0 0.0 0.0
Se 1.865397149811e+01 5.502677264408e+00 1.968357859229e+01 1 1 1 0.0 0.0 0.0
Se 1.648923975970e+01 1.753251908254e+00 1.968357859229e+01 1 1 1 0.0 0.0 0.0
Se 2.298343497492e+01 1.300152797672e+01 1.968357859229e+01 1 1 1 0.0 0.0 0.0
"