calculation_mode = "Quench Electrons"
cell_relax = "False"
charge_density_mixing = "0.1"
charge_mixing_type = "Broyden"
description = "Example parameters for high-throughput bulk relaxation of a vdW material"
dos_broading = "0.05"
dos_method = "Gaussian"
energy_convergence_criterion = "1e-10"
energy_output_units = "Hartrees"
kohn_sham_mucycles = "3"
kohn_sham_solver = "davidson"
kpoint_mesh = "1 1 1"
localize_projectors = "False"
max_md_steps = "100"
max_scf_steps = "200"
non_local_block_size = "4000"
potential_acceleration_constant_step = "1.5"
processor_grid = "5 6 16"
rms_convergence_criterion = "1e-08"
scalapack_block_factor = "64"
start_mode = "LCAO Start"
state_block_size = "64"
stress = "True"
subdiag_driver = "scalapack"
use_async_allreduce = "False"
vdw_corr = "DFT-D3"
vdwdf_kernel_filepath = "/lustre/orion/world-shared/cph162/rjmorelock/rmgdft/XC/vdW_kernel_table"
wavefunction_grid = "128 148 378"
write_data_period = "50"

atomic_coordinate_type = "Absolute"
crds_units = "Angstrom"
lattice_units = "Angstrom"

lattice_vector = "
1.509735502135e+01 0.000000000000e+00 9.000000000000e-16
1.986494082008e+00 1.720354339376e+01 1.100000000000e-15
0.000000000000e+00 0.000000000000e+00 4.446241589303e+01
"
atoms = "
Nb 2.618154596759e+00 1.119998775909e+01 1.532833092694e+01 1 1 1 0.0 0.0 0.0
Nb 5.796545127590e+00 1.257627123059e+01 1.532833092694e+01 1 1 1 0.0 0.0 0.0
Nb 8.974935658421e+00 1.395255470209e+01 1.532833092694e+01 1 1 1 0.0 0.0 0.0
Nb 2.220855780358e+00 7.759279080341e+00 1.532833092694e+01 1 1 1 0.0 0.0 0.0
Nb 5.399246311189e+00 9.135562551842e+00 1.532833092694e+01 1 1 1 0.0 0.0 0.0
Nb 8.577636842019e+00 1.051184602334e+01 1.532833092694e+01 1 1 1 0.0 0.0 0.0
Nb 1.175602737285e+01 1.188812949484e+01 1.532833092694e+01 1 1 1 0.0 0.0 0.0
Nb 1.493441790368e+01 1.326441296634e+01 1.532833092694e+01 1 1 1 0.0 0.0 0.0
Nb 1.823556963956e+00 4.318570401589e+00 1.532833092694e+01 1 1 1 0.0 0.0 0.0
Nb 5.001947494787e+00 5.694853873090e+00 1.532833092694e+01 1 1 1 0.0 0.0 0.0
Nb 8.180338025618e+00 7.071137344590e+00 1.532833092694e+01 1 1 1 0.0 0.0 0.0
Nb 1.135872855645e+01 8.447420816091e+00 1.532833092694e+01 1 1 1 0.0 0.0 0.0
Nb 1.453711908728e+01 9.823704287592e+00 1.532833092694e+01 1 1 1 0.0 0.0 0.0
Nb 1.426258147555e+00 8.778617228368e-01 1.532833092694e+01 1 1 1 0.0 0.0 0.0
Nb 4.604648678385e+00 2.254145194338e+00 1.532833092694e+01 1 1 1 0.0 0.0 0.0
Nb 7.783039209216e+00 3.630428665838e+00 1.532833092694e+01 1 1 1 0.0 0.0 0.0
Nb 1.096142974005e+01 5.006712137339e+00 1.532833092694e+01 1 1 1 0.0 0.0 0.0
Nb 1.413982027088e+01 6.382995608840e+00 1.532833092694e+01 1 1 1 0.0 0.0 0.0
Nb 3.015453413161e+00 1.464069643784e+01 1.532833092694e+01 1 1 1 0.0 0.0 0.0
Nb 6.193843943992e+00 1.601697990935e+01 1.532833092694e+01 1 1 1 0.0 0.0 0.0
Nb 7.385740392815e+00 1.897199870864e-01 1.532833092694e+01 1 1 1 0.0 0.0 0.0
Nb 1.056413092365e+01 1.566003458587e+00 1.532833092694e+01 1 1 1 0.0 0.0 0.0
Nb 1.374252145448e+01 2.942286930088e+00 1.532833092694e+01 1 1 1 0.0 0.0 0.0
Nb 1.215332618925e+01 1.532883817360e+01 1.532833092694e+01 1 1 1 0.0 0.0 0.0
Nb 1.533171672008e+01 1.670512164510e+01 1.532833092694e+01 1 1 1 0.0 0.0 0.0
Nb 2.622933216488e+00 1.119142543457e+01 9.182088683320e+00 1 1 1 0.0 0.0 0.0
Nb 5.801323747319e+00 1.256770890607e+01 9.182088683320e+00 1 1 1 0.0 0.0 0.0
Nb 8.979714278150e+00 1.394399237757e+01 9.182088683320e+00 1 1 1 0.0 0.0 0.0
Nb 2.225634400086e+00 7.750716755819e+00 9.182088683320e+00 1 1 1 0.0 0.0 0.0
Nb 5.404024930917e+00 9.127000227320e+00 9.182088683320e+00 1 1 1 0.0 0.0 0.0
Nb 8.582415461748e+00 1.050328369882e+01 9.182088683320e+00 1 1 1 0.0 0.0 0.0
Nb 1.176080599258e+01 1.187956717032e+01 9.182088683320e+00 1 1 1 0.0 0.0 0.0
Nb 1.493919652341e+01 1.325585064182e+01 9.182088683320e+00 1 1 1 0.0 0.0 0.0
Nb 1.828335583685e+00 4.310008077067e+00 9.182088683320e+00 1 1 1 0.0 0.0 0.0
Nb 5.006726114516e+00 5.686291548567e+00 9.182088683320e+00 1 1 1 0.0 0.0 0.0
Nb 8.185116645347e+00 7.062575020068e+00 9.182088683320e+00 1 1 1 0.0 0.0 0.0
Nb 1.136350717618e+01 8.438858491569e+00 9.182088683320e+00 1 1 1 0.0 0.0 0.0
Nb 1.454189770701e+01 9.815141963070e+00 9.182088683320e+00 1 1 1 0.0 0.0 0.0
Nb 1.431036767283e+00 8.692993983146e-01 9.182088683320e+00 1 1 1 0.0 0.0 0.0
Nb 4.609427298114e+00 2.245582869815e+00 9.182088683320e+00 1 1 1 0.0 0.0 0.0
Nb 7.787817828945e+00 3.621866341316e+00 9.182088683320e+00 1 1 1 0.0 0.0 0.0
Nb 1.096620835978e+01 4.998149812817e+00 9.182088683320e+00 1 1 1 0.0 0.0 0.0
Nb 1.414459889061e+01 6.374433284318e+00 9.182088683320e+00 1 1 1 0.0 0.0 0.0
Nb 3.020232032890e+00 1.463213411332e+01 9.182088683320e+00 1 1 1 0.0 0.0 0.0
Nb 6.198622563720e+00 1.600841758482e+01 9.182088683320e+00 1 1 1 0.0 0.0 0.0
Nb 7.390519012544e+00 1.811576625642e-01 9.182088683320e+00 1 1 1 0.0 0.0 0.0
Nb 1.056890954337e+01 1.557441134065e+00 9.182088683320e+00 1 1 1 0.0 0.0 0.0
Nb 1.374730007421e+01 2.933724605566e+00 9.182088683320e+00 1 1 1 0.0 0.0 0.0
Nb 1.215810480898e+01 1.532027584907e+01 9.182088683320e+00 1 1 1 0.0 0.0 0.0
Nb 1.533649533981e+01 1.669655932057e+01 9.182088683320e+00 1 1 1 0.0 0.0 0.0
Bi 9.297163392459e+00 1.404631933499e+00 3.532095071834e+01 1 1 1 0.0 0.0 0.0
Bi 1.214447157635e+01 4.271889165792e+00 3.532095071834e+01 1 1 1 0.0 0.0 0.0
Bi 5.213814446640e+00 2.360384344263e+00 3.532095071834e+01 1 1 1 0.0 0.0 0.0
Bi 8.061122630533e+00 5.227641576557e+00 3.532095071834e+01 1 1 1 0.0 0.0 0.0
Bi 1.090843081443e+01 8.094898808850e+00 3.532095071834e+01 1 1 1 0.0 0.0 0.0
Bi 1.375573899832e+01 1.096215604114e+01 3.532095071834e+01 1 1 1 0.0 0.0 0.0
Bi 1.338051233828e+01 4.488795227344e-01 3.532095071834e+01 1 1 1 0.0 0.0 0.0
Bi 1.130465500820e+00 3.316136755028e+00 3.532095071834e+01 1 1 1 0.0 0.0 0.0
Bi 3.977773684714e+00 6.183393987321e+00 3.532095071834e+01 1 1 1 0.0 0.0 0.0
Bi 6.825081868607e+00 9.050651219614e+00 3.532095071834e+01 1 1 1 0.0 0.0 0.0
Bi 9.672390052500e+00 1.191790845191e+01 3.532095071834e+01 1 1 1 0.0 0.0 0.0
Bi 1.251969823639e+01 1.478516568420e+01 3.532095071834e+01 1 1 1 0.0 0.0 0.0
Bi 1.499177976025e+01 7.139146398086e+00 3.532095071834e+01 1 1 1 0.0 0.0 0.0
Bi 2.741732922787e+00 1.000640363038e+01 3.532095071834e+01 1 1 1 0.0 0.0 0.0
Bi 5.589041106681e+00 1.287366086267e+01 3.532095071834e+01 1 1 1 0.0 0.0 0.0
Bi 8.436349290574e+00 1.574091809497e+01 3.532095071834e+01 1 1 1 0.0 0.0 0.0
Bi 1.660304718221e+01 1.382941327344e+01 3.532095071834e+01 1 1 1 0.0 0.0 0.0
Bi 4.353000344754e+00 1.669667050573e+01 3.532095071834e+01 1 1 1 0.0 0.0 0.0
Bi 7.018870228311e+00 7.512498470860e-01 3.133430771007e+01 1 1 1 0.0 0.0 0.0
Bi 9.866178412205e+00 3.618507079379e+00 3.133430771007e+01 1 1 1 0.0 0.0 0.0
Bi 2.935521282492e+00 1.707002257850e+00 3.133430771007e+01 1 1 1 0.0 0.0 0.0
Bi 5.782829466385e+00 4.574259490144e+00 3.133430771007e+01 1 1 1 0.0 0.0 0.0
Bi 8.630137650278e+00 7.441516722437e+00 3.133430771007e+01 1 1 1 0.0 0.0 0.0
Bi 1.147744583417e+01 1.030877395473e+01 3.133430771007e+01 1 1 1 0.0 0.0 0.0
Bi 1.308871325614e+01 1.699904083008e+01 3.133430771007e+01 1 1 1 0.0 0.0 0.0
Bi 1.394952735802e+01 2.662754668615e+00 3.133430771007e+01 1 1 1 0.0 0.0 0.0
Bi 1.699480520566e+00 5.530011900908e+00 3.133430771007e+01 1 1 1 0.0 0.0 0.0
Bi 4.546788704459e+00 8.397269133202e+00 3.133430771007e+01 1 1 1 0.0 0.0 0.0
Bi 7.394096888352e+00 1.126452636550e+01 3.133430771007e+01 1 1 1 0.0 0.0 0.0
Bi 1.024140507225e+01 1.413178359779e+01 3.133430771007e+01 1 1 1 0.0 0.0 0.0
Bi 1.271348659610e+01 6.485764311673e+00 3.133430771007e+01 1 1 1 0.0 0.0 0.0
Bi 1.556079477999e+01 9.353021543966e+00 3.133430771007e+01 1 1 1 0.0 0.0 0.0
Bi 3.310747942533e+00 1.222027877626e+01 3.133430771007e+01 1 1 1 0.0 0.0 0.0
Bi 6.158056126426e+00 1.508753600855e+01 3.133430771007e+01 1 1 1 0.0 0.0 0.0
Bi 1.432475401806e+01 1.317603118702e+01 3.133430771007e+01 1 1 1 0.0 0.0 0.0
Bi 2.074707180607e+00 1.604328841932e+01 3.133430771007e+01 1 1 1 0.0 0.0 0.0
Bi 7.021651875097e+00 6.864601087709e-01 2.529282906773e+01 1 1 1 0.0 0.0 0.0
Bi 9.868960058990e+00 3.553717341064e+00 2.529282906773e+01 1 1 1 0.0 0.0 0.0
Bi 2.938302929277e+00 1.642212519535e+00 2.529282906773e+01 1 1 1 0.0 0.0 0.0
Bi 5.785611113170e+00 4.509469751829e+00 2.529282906773e+01 1 1 1 0.0 0.0 0.0
Bi 8.632919297064e+00 7.376726984122e+00 2.529282906773e+01 1 1 1 0.0 0.0 0.0
Bi 1.148022748096e+01 1.024398421642e+01 2.529282906773e+01 1 1 1 0.0 0.0 0.0
Bi 1.309149490292e+01 1.693425109177e+01 2.529282906773e+01 1 1 1 0.0 0.0 0.0
Bi 1.395230900481e+01 2.597964930300e+00 2.529282906773e+01 1 1 1 0.0 0.0 0.0
Bi 1.702262167351e+00 5.465222162593e+00 2.529282906773e+01 1 1 1 0.0 0.0 0.0
Bi 4.549570351244e+00 8.332479394887e+00 2.529282906773e+01 1 1 1 0.0 0.0 0.0
Bi 7.396878535137e+00 1.119973662718e+01 2.529282906773e+01 1 1 1 0.0 0.0 0.0
Bi 1.024418671903e+01 1.406699385947e+01 2.529282906773e+01 1 1 1 0.0 0.0 0.0
Bi 1.271626824288e+01 6.420974573358e+00 2.529282906773e+01 1 1 1 0.0 0.0 0.0
Bi 1.556357642678e+01 9.288231805651e+00 2.529282906773e+01 1 1 1 0.0 0.0 0.0
Bi 3.313529589318e+00 1.215548903794e+01 2.529282906773e+01 1 1 1 0.0 0.0 0.0
Bi 6.160837773211e+00 1.502274627024e+01 2.529282906773e+01 1 1 1 0.0 0.0 0.0
Bi 1.432753566485e+01 1.311124144871e+01 2.529282906773e+01 1 1 1 0.0 0.0 0.0
Bi 2.077488827392e+00 1.597849868100e+01 2.529282906773e+01 1 1 1 0.0 0.0 0.0
Bi 1.166318454476e+01 1.964968074695e+00 2.132110864621e+01 1 1 1 0.0 0.0 0.0
Bi 1.451049272865e+01 4.832225306989e+00 2.132110864621e+01 1 1 1 0.0 0.0 0.0
Bi 7.579835598936e+00 2.920720485460e+00 2.132110864621e+01 1 1 1 0.0 0.0 0.0
Bi 1.042714378283e+01 5.787977717753e+00 2.132110864621e+01 1 1 1 0.0 0.0 0.0
Bi 1.327445196672e+01 8.655234950047e+00 2.132110864621e+01 1 1 1 0.0 0.0 0.0
Bi 1.612176015062e+01 1.152249218234e+01 2.132110864621e+01 1 1 1 0.0 0.0 0.0
Bi 6.491784692235e-01 1.009215663931e+00 2.132110864621e+01 1 1 1 0.0 0.0 0.0
Bi 3.496486653117e+00 3.876472896224e+00 2.132110864621e+01 1 1 1 0.0 0.0 0.0
Bi 6.343794837010e+00 6.743730128518e+00 2.132110864621e+01 1 1 1 0.0 0.0 0.0
Bi 9.191103020903e+00 9.610987360811e+00 2.132110864621e+01 1 1 1 0.0 0.0 0.0
Bi 1.203841120480e+01 1.247824459310e+01 2.132110864621e+01 1 1 1 0.0 0.0 0.0
Bi 1.488571938869e+01 1.534550182540e+01 2.132110864621e+01 1 1 1 0.0 0.0 0.0
Bi 2.260445891191e+00 7.699482539282e+00 2.132110864621e+01 1 1 1 0.0 0.0 0.0
Bi 5.107754075084e+00 1.056673977158e+01 2.132110864621e+01 1 1 1 0.0 0.0 0.0
Bi 7.955062258977e+00 1.343399700387e+01 2.132110864621e+01 1 1 1 0.0 0.0 0.0
Bi 1.080237044287e+01 1.630125423616e+01 2.132110864621e+01 1 1 1 0.0 0.0 0.0
Bi 3.871713313157e+00 1.438974941463e+01 2.132110864621e+01 1 1 1 0.0 0.0 0.0
Bi 4.732527415043e+00 5.346325316639e-02 2.132110864621e+01 1 1 1 0.0 0.0 0.0
Se 1.573353074408e+01 1.142030773114e+01 7.500000000000e+00 1 1 1 0.0 0.0 0.0
Se 3.814566253563e+00 1.279659120264e+01 7.500000000000e+00 1 1 1 0.0 0.0 0.0
Se 6.992956784394e+00 1.417287467414e+01 7.500000000000e+00 1 1 1 0.0 0.0 0.0
Se 1.533623192768e+01 7.979599052385e+00 7.500000000000e+00 1 1 1 0.0 0.0 0.0
Se 3.417267437161e+00 9.355882523886e+00 7.500000000000e+00 1 1 1 0.0 0.0 0.0
Se 6.595657967992e+00 1.073216599539e+01 7.500000000000e+00 1 1 1 0.0 0.0 0.0
Se 9.774048498823e+00 1.210844946689e+01 7.500000000000e+00 1 1 1 0.0 0.0 0.0
Se 1.295243902965e+01 1.348473293839e+01 7.500000000000e+00 1 1 1 0.0 0.0 0.0
Se 1.493893311128e+01 4.538890373633e+00 7.500000000000e+00 1 1 1 0.0 0.0 0.0
Se 3.019968620760e+00 5.915173845134e+00 7.500000000000e+00 1 1 1 0.0 0.0 0.0
Se 6.198359151591e+00 7.291457316635e+00 7.500000000000e+00 1 1 1 0.0 0.0 0.0
Se 9.376749682422e+00 8.667740788136e+00 7.500000000000e+00 1 1 1 0.0 0.0 0.0
Se 1.255514021325e+01 1.004402425964e+01 7.500000000000e+00 1 1 1 0.0 0.0 0.0
Se 1.454163429488e+01 1.098181694881e+00 7.500000000000e+00 1 1 1 0.0 0.0 0.0
Se 2.622669804358e+00 2.474465166382e+00 7.500000000000e+00 1 1 1 0.0 0.0 0.0
Se 5.801060335189e+00 3.850748637883e+00 7.500000000000e+00 1 1 1 0.0 0.0 0.0
Se 8.979450866020e+00 5.227032109384e+00 7.500000000000e+00 1 1 1 0.0 0.0 0.0
Se 1.215784139685e+01 6.603315580885e+00 7.500000000000e+00 1 1 1 0.0 0.0 0.0
Se 1.613082956049e+01 1.486101640989e+01 7.500000000000e+00 1 1 1 0.0 0.0 0.0
Se 4.211865069964e+00 1.623729988139e+01 7.500000000000e+00 1 1 1 0.0 0.0 0.0
Se 5.403761518788e+00 4.100399591308e-01 7.500000000000e+00 1 1 1 0.0 0.0 0.0
Se 8.582152049619e+00 1.786323430632e+00 7.500000000000e+00 1 1 1 0.0 0.0 0.0
Se 1.176054258045e+01 3.162606902132e+00 7.500000000000e+00 1 1 1 0.0 0.0 0.0
Se 1.017134731522e+01 1.554915814564e+01 7.500000000000e+00 1 1 1 0.0 0.0 0.0
Se 1.334973784606e+01 1.692544161714e+01 7.500000000000e+00 1 1 1 0.0 0.0 0.0
Se 1.823358645825e+00 1.303482246860e+01 1.364602824434e+01 1 1 1 0.0 0.0 0.0
Se 5.001749176656e+00 1.441110594010e+01 1.364602824434e+01 1 1 1 0.0 0.0 0.0
Se 8.180139707487e+00 1.578738941160e+01 1.364602824434e+01 1 1 1 0.0 0.0 0.0
Se 1.426059829423e+00 9.594113789844e+00 1.364602824434e+01 1 1 1 0.0 0.0 0.0
Se 4.604450360254e+00 1.097039726135e+01 1.364602824434e+01 1 1 1 0.0 0.0 0.0
Se 7.782840891085e+00 1.234668073285e+01 1.364602824434e+01 1 1 1 0.0 0.0 0.0
Se 1.096123142192e+01 1.372296420435e+01 1.364602824434e+01 1 1 1 0.0 0.0 0.0
Se 1.413962195275e+01 1.509924767585e+01 1.364602824434e+01 1 1 1 0.0 0.0 0.0
Se 1.028761013022e+00 6.153405111092e+00 1.364602824434e+01 1 1 1 0.0 0.0 0.0
Se 4.207151543853e+00 7.529688582593e+00 1.364602824434e+01 1 1 1 0.0 0.0 0.0
Se 7.385542074684e+00 8.905972054094e+00 1.364602824434e+01 1 1 1 0.0 0.0 0.0
Se 1.056393260551e+01 1.028225552559e+01 1.364602824434e+01 1 1 1 0.0 0.0 0.0
Se 1.374232313635e+01 1.165853899710e+01 1.364602824434e+01 1 1 1 0.0 0.0 0.0
Se 6.314621966201e-01 2.712696432340e+00 1.364602824434e+01 1 1 1 0.0 0.0 0.0
Se 3.809852727451e+00 4.088979903841e+00 1.364602824434e+01 1 1 1 0.0 0.0 0.0
Se 6.988243258282e+00 5.465263375342e+00 1.364602824434e+01 1 1 1 0.0 0.0 0.0
Se 1.016663378911e+01 6.841546846843e+00 1.364602824434e+01 1 1 1 0.0 0.0 0.0
Se 1.334502431994e+01 8.217830318344e+00 1.364602824434e+01 1 1 1 0.0 0.0 0.0
Se 2.220657462226e+00 1.647553114735e+01 1.364602824434e+01 1 1 1 0.0 0.0 0.0
Se 3.412553911049e+00 6.482712250891e-01 1.364602824434e+01 1 1 1 0.0 0.0 0.0
Se 6.590944441880e+00 2.024554696590e+00 1.364602824434e+01 1 1 1 0.0 0.0 0.0
Se 9.769334972711e+00 3.400838168091e+00 1.364602824434e+01 1 1 1 0.0 0.0 0.0
Se 1.294772550354e+01 4.777121639592e+00 1.364602824434e+01 1 1 1 0.0 0.0 0.0
Se 1.135853023832e+01 1.716367288310e+01 1.364602824434e+01 1 1 1 0.0 0.0 0.0
Se 1.255042668714e+01 1.336412960839e+00 1.364602824434e+01 1 1 1 0.0 0.0 0.0
Se 1.573340296832e+01 1.142137631280e+01 1.086443756309e+01 1 1 1 0.0 0.0 0.0
Se 3.814438477799e+00 1.279765978430e+01 1.086443756309e+01 1 1 1 0.0 0.0 0.0
Se 6.992829008630e+00 1.417394325580e+01 1.086443756309e+01 1 1 1 0.0 0.0 0.0
Se 1.533610415192e+01 7.980667634044e+00 1.086443756309e+01 1 1 1 0.0 0.0 0.0
Se 3.417139661398e+00 9.356951105545e+00 1.086443756309e+01 1 1 1 0.0 0.0 0.0
Se 6.595530192228e+00 1.073323457705e+01 1.086443756309e+01 1 1 1 0.0 0.0 0.0
Se 9.773920723059e+00 1.210951804855e+01 1.086443756309e+01 1 1 1 0.0 0.0 0.0
Se 1.295231125389e+01 1.348580152005e+01 1.086443756309e+01 1 1 1 0.0 0.0 0.0
Se 1.493880533552e+01 4.539958955292e+00 1.086443756309e+01 1 1 1 0.0 0.0 0.0
Se 3.019840844996e+00 5.916242426792e+00 1.086443756309e+01 1 1 1 0.0 0.0 0.0
Se 6.198231375827e+00 7.292525898293e+00 1.086443756309e+01 1 1 1 0.0 0.0 0.0
Se 9.376621906658e+00 8.668809369794e+00 1.086443756309e+01 1 1 1 0.0 0.0 0.0
Se 1.255501243749e+01 1.004509284129e+01 1.086443756309e+01 1 1 1 0.0 0.0 0.0
Se 1.454150651912e+01 1.099250276540e+00 1.086443756309e+01 1 1 1 0.0 0.0 0.0
Se 2.622542028594e+00 2.475533748040e+00 1.086443756309e+01 1 1 1 0.0 0.0 0.0
Se 5.800932559425e+00 3.851817219541e+00 1.086443756309e+01 1 1 1 0.0 0.0 0.0
Se 8.979323090256e+00 5.228100691042e+00 1.086443756309e+01 1 1 1 0.0 0.0 0.0
Se 1.215771362109e+01 6.604384162543e+00 1.086443756309e+01 1 1 1 0.0 0.0 0.0
Se 1.613070178472e+01 1.486208499155e+01 1.086443756309e+01 1 1 1 0.0 0.0 0.0
Se 4.211737294201e+00 1.623836846305e+01 1.086443756309e+01 1 1 1 0.0 0.0 0.0
Se 5.403633743024e+00 4.111085407892e-01 1.086443756309e+01 1 1 1 0.0 0.0 0.0
Se 8.582024273855e+00 1.787392012290e+00 1.086443756309e+01 1 1 1 0.0 0.0 0.0
Se 1.176041480469e+01 3.163675483791e+00 1.086443756309e+01 1 1 1 0.0 0.0 0.0
Se 1.017121953946e+01 1.555022672730e+01 1.086443756309e+01 1 1 1 0.0 0.0 0.0
Se 1.334961007029e+01 1.692651019880e+01 1.086443756309e+01 1 1 1 0.0 0.0 0.0
Se 1.823412836438e+00 1.303587904111e+01 1.701046802998e+01 1 1 1 0.0 0.0 0.0
Se 5.001803367268e+00 1.441216251261e+01 1.701046802998e+01 1 1 1 0.0 0.0 0.0
Se 8.180193898099e+00 1.578844598411e+01 1.701046802998e+01 1 1 1 0.0 0.0 0.0
Se 1.426114020036e+00 9.595170362354e+00 1.701046802998e+01 1 1 1 0.0 0.0 0.0
Se 4.604504550867e+00 1.097145383386e+01 1.701046802998e+01 1 1 1 0.0 0.0 0.0
Se 7.782895081698e+00 1.234773730536e+01 1.701046802998e+01 1 1 1 0.0 0.0 0.0
Se 1.096128561253e+01 1.372402077686e+01 1.701046802998e+01 1 1 1 0.0 0.0 0.0
Se 1.413967614336e+01 1.510030424836e+01 1.701046802998e+01 1 1 1 0.0 0.0 0.0
Se 1.028815203634e+00 6.154461683602e+00 1.701046802998e+01 1 1 1 0.0 0.0 0.0
Se 4.207205734465e+00 7.530745155103e+00 1.701046802998e+01 1 1 1 0.0 0.0 0.0
Se 7.385596265296e+00 8.907028626604e+00 1.701046802998e+01 1 1 1 0.0 0.0 0.0
Se 1.056398679613e+01 1.028331209810e+01 1.701046802998e+01 1 1 1 0.0 0.0 0.0
Se 1.374237732696e+01 1.165959556961e+01 1.701046802998e+01 1 1 1 0.0 0.0 0.0
Se 6.315163872329e-01 2.713753004850e+00 1.701046802998e+01 1 1 1 0.0 0.0 0.0
Se 3.809906918064e+00 4.090036476351e+00 1.701046802998e+01 1 1 1 0.0 0.0 0.0
Se 6.988297448895e+00 5.466319947852e+00 1.701046802998e+01 1 1 1 0.0 0.0 0.0
Se 1.016668797973e+01 6.842603419353e+00 1.701046802998e+01 1 1 1 0.0 0.0 0.0
Se 1.334507851056e+01 8.218886890853e+00 1.701046802998e+01 1 1 1 0.0 0.0 0.0
Se 2.220711652839e+00 1.647658771986e+01 1.701046802998e+01 1 1 1 0.0 0.0 0.0
Se 3.412608101662e+00 6.493277975988e-01 1.701046802998e+01 1 1 1 0.0 0.0 0.0
Se 6.590998632493e+00 2.025611269100e+00 1.701046802998e+01 1 1 1 0.0 0.0 0.0
Se 9.769389163324e+00 3.401894740600e+00 1.701046802998e+01 1 1 1 0.0 0.0 0.0
Se 1.294777969416e+01 4.778178212101e+00 1.701046802998e+01 1 1 1 0.0 0.0 0.0
Se 1.135858442893e+01 1.716472945561e+01 1.701046802998e+01 1 1 1 0.0 0.0 0.0
Se 1.255048087775e+01 1.337469533349e+00 1.701046802998e+01 1 1 1 0.0 0.0 0.0
Se 6.975498776891e+00 7.638206721035e-01 3.696241589303e+01 1 1 1 0.0 0.0 0.0
Se 9.822806960784e+00 3.631077904397e+00 3.696241589303e+01 1 1 1 0.0 0.0 0.0
Se 2.892149831072e+00 1.719573082868e+00 3.696241589303e+01 1 1 1 0.0 0.0 0.0
Se 5.739458014965e+00 4.586830315161e+00 3.696241589303e+01 1 1 1 0.0 0.0 0.0
Se 8.586766198858e+00 7.454087547455e+00 3.696241589303e+01 1 1 1 0.0 0.0 0.0
Se 1.143407438275e+01 1.032134477975e+01 3.696241589303e+01 1 1 1 0.0 0.0 0.0
Se 1.304534180472e+01 1.701161165510e+01 3.696241589303e+01 1 1 1 0.0 0.0 0.0
Se 1.390615590660e+01 2.675325493632e+00 3.696241589303e+01 1 1 1 0.0 0.0 0.0
Se 1.656109069146e+00 5.542582725926e+00 3.696241589303e+01 1 1 1 0.0 0.0 0.0
Se 4.503417253039e+00 8.409839958219e+00 3.696241589303e+01 1 1 1 0.0 0.0 0.0
Se 7.350725436932e+00 1.127709719051e+01 3.696241589303e+01 1 1 1 0.0 0.0 0.0
Se 1.019803362083e+01 1.414435442281e+01 3.696241589303e+01 1 1 1 0.0 0.0 0.0
Se 1.267011514468e+01 6.498335136690e+00 3.696241589303e+01 1 1 1 0.0 0.0 0.0
Se 1.551742332857e+01 9.365592368984e+00 3.696241589303e+01 1 1 1 0.0 0.0 0.0
Se 3.267376491112e+00 1.223284960128e+01 3.696241589303e+01 1 1 1 0.0 0.0 0.0
Se 6.114684675006e+00 1.510010683357e+01 3.696241589303e+01 1 1 1 0.0 0.0 0.0
Se 1.428138256664e+01 1.318860201204e+01 3.696241589303e+01 1 1 1 0.0 0.0 0.0
Se 2.031335729186e+00 1.605585924433e+01 3.696241589303e+01 1 1 1 0.0 0.0 0.0
Se 1.163310941395e+01 2.042485230418e+00 3.332483142763e+01 1 1 1 0.0 0.0 0.0
Se 1.448041759785e+01 4.909742462711e+00 3.332483142763e+01 1 1 1 0.0 0.0 0.0
Se 7.549760468134e+00 2.998237641182e+00 3.332483142763e+01 1 1 1 0.0 0.0 0.0
Se 1.039706865203e+01 5.865494873476e+00 3.332483142763e+01 1 1 1 0.0 0.0 0.0
Se 1.324437683592e+01 8.732752105769e+00 3.332483142763e+01 1 1 1 0.0 0.0 0.0
Se 1.609168501981e+01 1.160000933806e+01 3.332483142763e+01 1 1 1 0.0 0.0 0.0
Se 6.191033384215e-01 1.086732819653e+00 3.332483142763e+01 1 1 1 0.0 0.0 0.0
Se 3.466411522315e+00 3.953990051947e+00 3.332483142763e+01 1 1 1 0.0 0.0 0.0
Se 6.313719706208e+00 6.821247284240e+00 3.332483142763e+01 1 1 1 0.0 0.0 0.0
Se 9.161027890101e+00 9.688504516534e+00 3.332483142763e+01 1 1 1 0.0 0.0 0.0
Se 1.200833607399e+01 1.255576174883e+01 3.332483142763e+01 1 1 1 0.0 0.0 0.0
Se 1.485564425789e+01 1.542301898112e+01 3.332483142763e+01 1 1 1 0.0 0.0 0.0
Se 2.230370760388e+00 7.776999695005e+00 3.332483142763e+01 1 1 1 0.0 0.0 0.0
Se 5.077678944282e+00 1.064425692730e+01 3.332483142763e+01 1 1 1 0.0 0.0 0.0
Se 7.924987128175e+00 1.351151415959e+01 3.332483142763e+01 1 1 1 0.0 0.0 0.0
Se 1.077229531207e+01 1.637877139188e+01 3.332483142763e+01 1 1 1 0.0 0.0 0.0
Se 3.841638182355e+00 1.446726657036e+01 3.332483142763e+01 1 1 1 0.0 0.0 0.0
Se 4.702452284241e+00 1.309804088890e-01 3.332483142763e+01 1 1 1 0.0 0.0 0.0
Se 9.316345537394e+00 1.394690556442e+00 2.969131231352e+01 1 1 1 0.0 0.0 0.0
Se 1.216365372129e+01 4.261947788736e+00 2.969131231352e+01 1 1 1 0.0 0.0 0.0
Se 5.232996591574e+00 2.350442967207e+00 2.969131231352e+01 1 1 1 0.0 0.0 0.0
Se 8.080304775468e+00 5.217700199500e+00 2.969131231352e+01 1 1 1 0.0 0.0 0.0
Se 1.092761295936e+01 8.084957431794e+00 2.969131231352e+01 1 1 1 0.0 0.0 0.0
Se 1.377492114325e+01 1.095221466409e+01 2.969131231352e+01 1 1 1 0.0 0.0 0.0
Se 1.339969448321e+01 4.389381456780e-01 2.969131231352e+01 1 1 1 0.0 0.0 0.0
Se 1.149647645755e+00 3.306195377971e+00 2.969131231352e+01 1 1 1 0.0 0.0 0.0
Se 3.996955829648e+00 6.173452610265e+00 2.969131231352e+01 1 1 1 0.0 0.0 0.0
Se 6.844264013541e+00 9.040709842558e+00 2.969131231352e+01 1 1 1 0.0 0.0 0.0
Se 9.691572197435e+00 1.190796707485e+01 2.969131231352e+01 1 1 1 0.0 0.0 0.0
Se 1.253888038133e+01 1.477522430714e+01 2.969131231352e+01 1 1 1 0.0 0.0 0.0
Se 1.501096190518e+01 7.129205021029e+00 2.969131231352e+01 1 1 1 0.0 0.0 0.0
Se 2.760915067722e+00 9.996462253323e+00 2.969131231352e+01 1 1 1 0.0 0.0 0.0
Se 5.608223251615e+00 1.286371948562e+01 2.969131231352e+01 1 1 1 0.0 0.0 0.0
Se 8.455531435508e+00 1.573097671791e+01 2.969131231352e+01 1 1 1 0.0 0.0 0.0
Se 1.662222932715e+01 1.381947189638e+01 2.969131231352e+01 1 1 1 0.0 0.0 0.0
Se 4.372182489689e+00 1.668672912867e+01 2.969131231352e+01 1 1 1 0.0 0.0 0.0
Se 1.166320721057e+01 1.968936426531e+00 2.692457590224e+01 1 1 1 0.0 0.0 0.0
Se 1.451051539446e+01 4.836193658824e+00 2.692457590224e+01 1 1 1 0.0 0.0 0.0
Se 7.579858264749e+00 2.924688837295e+00 2.692457590224e+01 1 1 1 0.0 0.0 0.0
Se 1.042716644864e+01 5.791946069589e+00 2.692457590224e+01 1 1 1 0.0 0.0 0.0
Se 1.327447463254e+01 8.659203301882e+00 2.692457590224e+01 1 1 1 0.0 0.0 0.0
Se 1.612178281643e+01 1.152646053418e+01 2.692457590224e+01 1 1 1 0.0 0.0 0.0
Se 6.492011350368e-01 1.013184015766e+00 2.692457590224e+01 1 1 1 0.0 0.0 0.0
Se 3.496509318930e+00 3.880441248060e+00 2.692457590224e+01 1 1 1 0.0 0.0 0.0
Se 6.343817502823e+00 6.747698480353e+00 2.692457590224e+01 1 1 1 0.0 0.0 0.0
Se 9.191125686716e+00 9.614955712646e+00 2.692457590224e+01 1 1 1 0.0 0.0 0.0
Se 1.203843387061e+01 1.248221294494e+01 2.692457590224e+01 1 1 1 0.0 0.0 0.0
Se 1.488574205450e+01 1.534947017723e+01 2.692457590224e+01 1 1 1 0.0 0.0 0.0
Se 2.260468557004e+00 7.703450891118e+00 2.692457590224e+01 1 1 1 0.0 0.0 0.0
Se 5.107776740897e+00 1.057070812341e+01 2.692457590224e+01 1 1 1 0.0 0.0 0.0
Se 7.955084924790e+00 1.343796535570e+01 2.692457590224e+01 1 1 1 0.0 0.0 0.0
Se 1.080239310868e+01 1.630522258800e+01 2.692457590224e+01 1 1 1 0.0 0.0 0.0
Se 3.871735978971e+00 1.439371776647e+01 2.692457590224e+01 1 1 1 0.0 0.0 0.0
Se 4.732550080856e+00 5.743160500185e-02 2.692457590224e+01 1 1 1 0.0 0.0 0.0
Se 9.338526810942e+00 1.319133747469e+00 2.330671355540e+01 1 1 1 0.0 0.0 0.0
Se 1.218583499484e+01 4.186390979763e+00 2.330671355540e+01 1 1 1 0.0 0.0 0.0
Se 5.255177865123e+00 2.274886158234e+00 2.330671355540e+01 1 1 1 0.0 0.0 0.0
Se 8.102486049016e+00 5.142143390527e+00 2.330671355540e+01 1 1 1 0.0 0.0 0.0
Se 1.094979423291e+01 8.009400622821e+00 2.330671355540e+01 1 1 1 0.0 0.0 0.0
Se 1.379710241680e+01 1.087665785511e+01 2.330671355540e+01 1 1 1 0.0 0.0 0.0
Se 1.342187575676e+01 3.633813367049e-01 2.330671355540e+01 1 1 1 0.0 0.0 0.0
Se 1.171828919303e+00 3.230638568998e+00 2.330671355540e+01 1 1 1 0.0 0.0 0.0
Se 4.019137103197e+00 6.097895801292e+00 2.330671355540e+01 1 1 1 0.0 0.0 0.0
Se 6.866445287090e+00 8.965153033585e+00 2.330671355540e+01 1 1 1 0.0 0.0 0.0
Se 9.713753470983e+00 1.183241026588e+01 2.330671355540e+01 1 1 1 0.0 0.0 0.0
Se 1.256106165488e+01 1.469966749817e+01 2.330671355540e+01 1 1 1 0.0 0.0 0.0
Se 1.503314317873e+01 7.053648212056e+00 2.330671355540e+01 1 1 1 0.0 0.0 0.0
Se 2.783096341270e+00 9.920905444350e+00 2.330671355540e+01 1 1 1 0.0 0.0 0.0
Se 5.630404525164e+00 1.278816267664e+01 2.330671355540e+01 1 1 1 0.0 0.0 0.0
Se 8.477712709057e+00 1.565541990894e+01 2.330671355540e+01 1 1 1 0.0 0.0 0.0
Se 1.664441060070e+01 1.374391508741e+01 2.330671355540e+01 1 1 1 0.0 0.0 0.0
Se 4.394363763237e+00 1.661117231970e+01 2.330671355540e+01 1 1 1 0.0 0.0 0.0
Se 7.014434198717e+00 6.839338548148e-01 1.968357859229e+01 1 1 1 0.0 0.0 0.0
Se 9.861742382611e+00 3.551191087108e+00 1.968357859229e+01 1 1 1 0.0 0.0 0.0
Se 2.931085252898e+00 1.639686265579e+00 1.968357859229e+01 1 1 1 0.0 0.0 0.0
Se 5.778393436791e+00 4.506943497873e+00 1.968357859229e+01 1 1 1 0.0 0.0 0.0
Se 8.625701620684e+00 7.374200730166e+00 1.968357859229e+01 1 1 1 0.0 0.0 0.0
Se 1.147300980458e+01 1.024145796246e+01 1.968357859229e+01 1 1 1 0.0 0.0 0.0
Se 1.308427722654e+01 1.693172483781e+01 1.968357859229e+01 1 1 1 0.0 0.0 0.0
Se 1.394509132843e+01 2.595438676344e+00 1.968357859229e+01 1 1 1 0.0 0.0 0.0
Se 1.695044490972e+00 5.462695908637e+00 1.968357859229e+01 1 1 1 0.0 0.0 0.0
Se 4.542352674865e+00 8.329953140930e+00 1.968357859229e+01 1 1 1 0.0 0.0 0.0
Se 7.389660858758e+00 1.119721037322e+01 1.968357859229e+01 1 1 1 0.0 0.0 0.0
Se 1.023696904265e+01 1.406446760552e+01 1.968357859229e+01 1 1 1 0.0 0.0 0.0
Se 1.270905056650e+01 6.418448319402e+00 1.968357859229e+01 1 1 1 0.0 0.0 0.0
Se 1.555635875040e+01 9.285705551695e+00 1.968357859229e+01 1 1 1 0.0 0.0 0.0
Se 3.306311912939e+00 1.215296278399e+01 1.968357859229e+01 1 1 1 0.0 0.0 0.0
Se 6.153620096832e+00 1.502022001628e+01 1.968357859229e+01 1 1 1 0.0 0.0 0.0
Se 1.432031798847e+01 1.310871519475e+01 1.968357859229e+01 1 1 1 0.0 0.0 0.0
Se 2.070271151012e+00 1.597597242705e+01 1.968357859229e+01 1 1 1 0.0 0.0 0.0
"