calculation_mode = "Quench Electrons"
cell_relax = "False"
charge_density_mixing = "0.1"
charge_mixing_type = "Broyden"
description = "Example parameters for high-throughput bulk relaxation of a vdW material"
dos_broading = "0.05"
dos_method = "Gaussian"
energy_convergence_criterion = "1e-10"
energy_output_units = "Hartrees"
kohn_sham_mucycles = "3"
kohn_sham_solver = "davidson"
kpoint_distribution = "1"
kpoint_mesh = "2 1 1"
localize_projectors = "False"
max_md_steps = "100"
max_scf_steps = "200"
non_local_block_size = "4000"
output_wave_function_file = "/dev/null"
potential_acceleration_constant_step = "1.5"
processor_grid = "2 10 16"
rms_convergence_criterion = "1e-08"
scalapack_block_factor = "64"
start_mode = "LCAO Start"
state_block_size = "64"
stress = "True"
subdiag_driver = "scalapack"
use_async_allreduce = "False"
vdw_corr = "DFT-D3"
vdwdf_kernel_filepath = "/lustre/orion/world-shared/cph162/rjmorelock/rmgdft/XC/vdW_kernel_table"
wavefunction_grid = "60 282 378"
write_data_period = "50"

atomic_coordinate_type = "Absolute"
crds_units = "Angstrom"
lattice_units = "Angstrom"

lattice_vector = "
6.927141563561e+00 0.000000000000e+00 4.000000000000e-16
1.731785389061e+00 3.299494313416e+01 2.000000000000e-15
0.000000000000e+00 0.000000000000e+00 4.446241589303e+01
"
atoms = "
Nb 3.970097485513e+00 2.643421382899e+01 1.532833092694e+01 1 1 1 0.0 0.0 0.0
Nb 7.433668267293e+00 2.643421382899e+01 1.532833092694e+01 1 1 1 0.0 0.0 0.0
Nb 2.238312094789e+00 2.343467354406e+01 1.532833092694e+01 1 1 1 0.0 0.0 0.0
Nb 5.701882876569e+00 2.343467354406e+01 1.532833092694e+01 1 1 1 0.0 0.0 0.0
Nb 3.970097485845e+00 2.043513325914e+01 1.532833092694e+01 1 1 1 0.0 0.0 0.0
Nb 7.433668267626e+00 2.043513325914e+01 1.532833092694e+01 1 1 1 0.0 0.0 0.0
Nb 2.238312095121e+00 1.743559297422e+01 1.532833092694e+01 1 1 1 0.0 0.0 0.0
Nb 5.701882876902e+00 1.743559297422e+01 1.532833092694e+01 1 1 1 0.0 0.0 0.0
Nb 3.970097486178e+00 1.443605268930e+01 1.532833092694e+01 1 1 1 0.0 0.0 0.0
Nb 7.433668267958e+00 1.443605268930e+01 1.532833092694e+01 1 1 1 0.0 0.0 0.0
Nb 2.238312095454e+00 1.143651240437e+01 1.532833092694e+01 1 1 1 0.0 0.0 0.0
Nb 5.701882877234e+00 1.143651240437e+01 1.532833092694e+01 1 1 1 0.0 0.0 0.0
Nb 3.970097486510e+00 8.436972119449e+00 1.532833092694e+01 1 1 1 0.0 0.0 0.0
Nb 5.065267047301e-01 8.436972119449e+00 1.532833092694e+01 1 1 1 0.0 0.0 0.0
Nb 2.238312095786e+00 5.437431834526e+00 1.532833092694e+01 1 1 1 0.0 0.0 0.0
Nb 5.701882877567e+00 5.437431834526e+00 1.532833092694e+01 1 1 1 0.0 0.0 0.0
Nb 3.970097486843e+00 2.437891549602e+00 1.532833092694e+01 1 1 1 0.0 0.0 0.0
Nb 5.065267050626e-01 2.437891549602e+00 1.532833092694e+01 1 1 1 0.0 0.0 0.0
Nb 3.970097485180e+00 3.243329439883e+01 1.532833092694e+01 1 1 1 0.0 0.0 0.0
Nb 7.433668266961e+00 3.243329439883e+01 1.532833092694e+01 1 1 1 0.0 0.0 0.0
Nb 2.238312094456e+00 2.943375411391e+01 1.532833092694e+01 1 1 1 0.0 0.0 0.0
Nb 5.701882876237e+00 2.943375411391e+01 1.532833092694e+01 1 1 1 0.0 0.0 0.0
Nb 3.969114646069e+00 2.642445767020e+01 9.182088683320e+00 1 1 1 0.0 0.0 0.0
Nb 7.432685427850e+00 2.642445767020e+01 9.182088683320e+00 1 1 1 0.0 0.0 0.0
Nb 2.237329255346e+00 2.342491738527e+01 9.182088683320e+00 1 1 1 0.0 0.0 0.0
Nb 5.700900037126e+00 2.342491738527e+01 9.182088683320e+00 1 1 1 0.0 0.0 0.0
Nb 3.969114646402e+00 2.042537710035e+01 9.182088683320e+00 1 1 1 0.0 0.0 0.0
Nb 7.432685428182e+00 2.042537710035e+01 9.182088683320e+00 1 1 1 0.0 0.0 0.0
Nb 2.237329255678e+00 1.742583681543e+01 9.182088683320e+00 1 1 1 0.0 0.0 0.0
Nb 5.700900037458e+00 1.742583681543e+01 9.182088683320e+00 1 1 1 0.0 0.0 0.0
Nb 3.969114646735e+00 1.442629653050e+01 9.182088683320e+00 1 1 1 0.0 0.0 0.0
Nb 7.432685428515e+00 1.442629653050e+01 9.182088683320e+00 1 1 1 0.0 0.0 0.0
Nb 2.237329256011e+00 1.142675624558e+01 9.182088683320e+00 1 1 1 0.0 0.0 0.0
Nb 5.700900037791e+00 1.142675624558e+01 9.182088683320e+00 1 1 1 0.0 0.0 0.0
Nb 3.969114647067e+00 8.427215960657e+00 9.182088683320e+00 1 1 1 0.0 0.0 0.0
Nb 5.055438652868e-01 8.427215960657e+00 9.182088683320e+00 1 1 1 0.0 0.0 0.0
Nb 2.237329256343e+00 5.427675675734e+00 9.182088683320e+00 1 1 1 0.0 0.0 0.0
Nb 5.700900038123e+00 5.427675675734e+00 9.182088683320e+00 1 1 1 0.0 0.0 0.0
Nb 3.969114647400e+00 2.428135390811e+00 9.182088683320e+00 1 1 1 0.0 0.0 0.0
Nb 5.055438656193e-01 2.428135390811e+00 9.182088683320e+00 1 1 1 0.0 0.0 0.0
Nb 3.969114645737e+00 3.242353824004e+01 9.182088683320e+00 1 1 1 0.0 0.0 0.0
Nb 7.432685427517e+00 3.242353824004e+01 9.182088683320e+00 1 1 1 0.0 0.0 0.0
Nb 2.237329255013e+00 2.942399795512e+01 9.182088683320e+00 1 1 1 0.0 0.0 0.0
Nb 5.700900036793e+00 2.942399795512e+01 9.182088683320e+00 1 1 1 0.0 0.0 0.0
Bi 4.011540235651e+00 2.745789962637e+01 3.532095071834e+01 1 1 1 0.0 0.0 0.0
Bi 7.590563376946e+00 2.525823675076e+01 3.532095071834e+01 1 1 1 0.0 0.0 0.0
Bi 4.242444954680e+00 2.305857387515e+01 3.532095071834e+01 1 1 1 0.0 0.0 0.0
Bi 7.821468095975e+00 2.085891099954e+01 3.532095071834e+01 1 1 1 0.0 0.0 0.0
Bi 4.473349673710e+00 1.865924812393e+01 3.532095071834e+01 1 1 1 0.0 0.0 0.0
Bi 1.125231251444e+00 1.645958524832e+01 3.532095071834e+01 1 1 1 0.0 0.0 0.0
Bi 4.704254392739e+00 1.425992237271e+01 3.532095071834e+01 1 1 1 0.0 0.0 0.0
Bi 1.356135970473e+00 1.206025949709e+01 3.532095071834e+01 1 1 1 0.0 0.0 0.0
Bi 4.935159111768e+00 9.860596621484e+00 3.532095071834e+01 1 1 1 0.0 0.0 0.0
Bi 1.587040689502e+00 7.660933745874e+00 3.532095071834e+01 1 1 1 0.0 0.0 0.0
Bi 5.166063830797e+00 5.461270870264e+00 3.532095071834e+01 1 1 1 0.0 0.0 0.0
Bi 1.817945408532e+00 3.261607994653e+00 3.532095071834e+01 1 1 1 0.0 0.0 0.0
Bi 5.396968549826e+00 1.061945119043e+00 3.532095071834e+01 1 1 1 0.0 0.0 0.0
Bi 3.780635516622e+00 3.185722537759e+01 3.532095071834e+01 1 1 1 0.0 0.0 0.0
Bi 7.359658657917e+00 2.965756250198e+01 3.532095071834e+01 1 1 1 0.0 0.0 0.0
Bi 1.725592279196e+00 2.748433321103e+01 3.133430771007e+01 1 1 1 0.0 0.0 0.0
Bi 5.304615420491e+00 2.528467033542e+01 3.133430771007e+01 1 1 1 0.0 0.0 0.0
Bi 1.956496998225e+00 2.308500745980e+01 3.133430771007e+01 1 1 1 0.0 0.0 0.0
Bi 5.535520139520e+00 2.088534458419e+01 3.133430771007e+01 1 1 1 0.0 0.0 0.0
Bi 2.187401717254e+00 1.868568170858e+01 3.133430771007e+01 1 1 1 0.0 0.0 0.0
Bi 5.766424858549e+00 1.648601883297e+01 3.133430771007e+01 1 1 1 0.0 0.0 0.0
Bi 2.418306436284e+00 1.428635595736e+01 3.133430771007e+01 1 1 1 0.0 0.0 0.0
Bi 5.997329577578e+00 1.208669308175e+01 3.133430771007e+01 1 1 1 0.0 0.0 0.0
Bi 2.649211155313e+00 9.887030206142e+00 3.133430771007e+01 1 1 1 0.0 0.0 0.0
Bi 6.228234296608e+00 7.687367330532e+00 3.133430771007e+01 1 1 1 0.0 0.0 0.0
Bi 2.880115874342e+00 5.487704454922e+00 3.133430771007e+01 1 1 1 0.0 0.0 0.0
Bi 6.459139015637e+00 3.288041579311e+00 3.133430771007e+01 1 1 1 0.0 0.0 0.0
Bi 3.111020593371e+00 1.088378703701e+00 3.133430771007e+01 1 1 1 0.0 0.0 0.0
Bi 8.421829123727e+00 3.188365896225e+01 3.133430771007e+01 1 1 1 0.0 0.0 0.0
Bi 5.073710701462e+00 2.968399608664e+01 3.133430771007e+01 1 1 1 0.0 0.0 0.0
Bi 1.705286708049e+00 2.755359646107e+01 2.529282906773e+01 1 1 1 0.0 0.0 0.0
Bi 5.284309849343e+00 2.535393358546e+01 2.529282906773e+01 1 1 1 0.0 0.0 0.0
Bi 1.936191427078e+00 2.315427070985e+01 2.529282906773e+01 1 1 1 0.0 0.0 0.0
Bi 5.515214568373e+00 2.095460783424e+01 2.529282906773e+01 1 1 1 0.0 0.0 0.0
Bi 2.167096146107e+00 1.875494495863e+01 2.529282906773e+01 1 1 1 0.0 0.0 0.0
Bi 5.746119287402e+00 1.655528208302e+01 2.529282906773e+01 1 1 1 0.0 0.0 0.0
Bi 2.398000865136e+00 1.435561920741e+01 2.529282906773e+01 1 1 1 0.0 0.0 0.0
Bi 5.977024006431e+00 1.215595633180e+01 2.529282906773e+01 1 1 1 0.0 0.0 0.0
Bi 2.628905584165e+00 9.956293456191e+00 2.529282906773e+01 1 1 1 0.0 0.0 0.0
Bi 6.207928725460e+00 7.756630580580e+00 2.529282906773e+01 1 1 1 0.0 0.0 0.0
Bi 2.859810303195e+00 5.556967704970e+00 2.529282906773e+01 1 1 1 0.0 0.0 0.0
Bi 6.438833444489e+00 3.357304829360e+00 2.529282906773e+01 1 1 1 0.0 0.0 0.0
Bi 3.090715022224e+00 1.157641953749e+00 2.529282906773e+01 1 1 1 0.0 0.0 0.0
Bi 8.401523552580e+00 3.195292221229e+01 2.529282906773e+01 1 1 1 0.0 0.0 0.0
Bi 5.053405130314e+00 2.975325933668e+01 2.529282906773e+01 1 1 1 0.0 0.0 0.0
Bi 6.343885133037e+00 2.755533610860e+01 2.132110864621e+01 1 1 1 0.0 0.0 0.0
Bi 2.995766710771e+00 2.535567323299e+01 2.132110864621e+01 1 1 1 0.0 0.0 0.0
Bi 6.574789852066e+00 2.315601035738e+01 2.132110864621e+01 1 1 1 0.0 0.0 0.0
Bi 3.226671429800e+00 2.095634748177e+01 2.132110864621e+01 1 1 1 0.0 0.0 0.0
Bi 6.805694571095e+00 1.875668460616e+01 2.132110864621e+01 1 1 1 0.0 0.0 0.0
Bi 3.457576148829e+00 1.655702173055e+01 2.132110864621e+01 1 1 1 0.0 0.0 0.0
Bi 7.036599290124e+00 1.435735885494e+01 2.132110864621e+01 1 1 1 0.0 0.0 0.0
Bi 3.688480867859e+00 1.215769597933e+01 2.132110864621e+01 1 1 1 0.0 0.0 0.0
Bi 7.267504009153e+00 9.958033103715e+00 2.132110864621e+01 1 1 1 0.0 0.0 0.0
Bi 3.919385586888e+00 7.758370228105e+00 2.132110864621e+01 1 1 1 0.0 0.0 0.0
Bi 5.712671646221e-01 5.558707352494e+00 2.132110864621e+01 1 1 1 0.0 0.0 0.0
Bi 4.150290305917e+00 3.359044476884e+00 2.132110864621e+01 1 1 1 0.0 0.0 0.0
Bi 8.021718836513e-01 1.159381601274e+00 2.132110864621e+01 1 1 1 0.0 0.0 0.0
Bi 6.112980414007e+00 3.195466185982e+01 2.132110864621e+01 1 1 1 0.0 0.0 0.0
Bi 2.764861991742e+00 2.975499898421e+01 2.132110864621e+01 1 1 1 0.0 0.0 0.0
Se 5.701339757532e+00 2.742395184622e+01 7.500000000000e+00 1 1 1 0.0 0.0 0.0
Se 2.237768975752e+00 2.742395184622e+01 7.500000000000e+00 1 1 1 0.0 0.0 0.0
Se 3.969554366808e+00 2.442441156129e+01 7.500000000000e+00 1 1 1 0.0 0.0 0.0
Se 7.433125148588e+00 2.442441156129e+01 7.500000000000e+00 1 1 1 0.0 0.0 0.0
Se 5.701339757865e+00 2.142487127637e+01 7.500000000000e+00 1 1 1 0.0 0.0 0.0
Se 2.237768976084e+00 2.142487127637e+01 7.500000000000e+00 1 1 1 0.0 0.0 0.0
Se 3.969554367141e+00 1.842533099145e+01 7.500000000000e+00 1 1 1 0.0 0.0 0.0
Se 7.433125148921e+00 1.842533099145e+01 7.500000000000e+00 1 1 1 0.0 0.0 0.0
Se 5.701339758197e+00 1.542579070652e+01 7.500000000000e+00 1 1 1 0.0 0.0 0.0
Se 2.237768976417e+00 1.542579070652e+01 7.500000000000e+00 1 1 1 0.0 0.0 0.0
Se 3.969554367473e+00 1.242625042160e+01 7.500000000000e+00 1 1 1 0.0 0.0 0.0
Se 7.433125149253e+00 1.242625042160e+01 7.500000000000e+00 1 1 1 0.0 0.0 0.0
Se 5.701339758530e+00 9.426710136676e+00 7.500000000000e+00 1 1 1 0.0 0.0 0.0
Se 2.237768976749e+00 9.426710136676e+00 7.500000000000e+00 1 1 1 0.0 0.0 0.0
Se 3.969554367806e+00 6.427169851753e+00 7.500000000000e+00 1 1 1 0.0 0.0 0.0
Se 5.059835860254e-01 6.427169851753e+00 7.500000000000e+00 1 1 1 0.0 0.0 0.0
Se 5.701339758862e+00 3.427629566830e+00 7.500000000000e+00 1 1 1 0.0 0.0 0.0
Se 2.237768977082e+00 3.427629566830e+00 7.500000000000e+00 1 1 1 0.0 0.0 0.0
Se 3.969554368138e+00 4.280892819066e-01 7.500000000000e+00 1 1 1 0.0 0.0 0.0
Se 5.059835863579e-01 4.280892819066e-01 7.500000000000e+00 1 1 1 0.0 0.0 0.0
Se 3.969554366476e+00 3.042349213114e+01 7.500000000000e+00 1 1 1 0.0 0.0 0.0
Se 7.433125148256e+00 3.042349213114e+01 7.500000000000e+00 1 1 1 0.0 0.0 0.0
Se 3.970362888135e+00 2.843379352092e+01 1.364602824434e+01 1 1 1 0.0 0.0 0.0
Se 7.433933669915e+00 2.843379352092e+01 1.364602824434e+01 1 1 1 0.0 0.0 0.0
Se 2.238577497411e+00 2.543425323600e+01 1.364602824434e+01 1 1 1 0.0 0.0 0.0
Se 5.702148279191e+00 2.543425323600e+01 1.364602824434e+01 1 1 1 0.0 0.0 0.0
Se 3.970362888467e+00 2.243471295107e+01 1.364602824434e+01 1 1 1 0.0 0.0 0.0
Se 7.433933670248e+00 2.243471295107e+01 1.364602824434e+01 1 1 1 0.0 0.0 0.0
Se 2.238577497743e+00 1.943517266615e+01 1.364602824434e+01 1 1 1 0.0 0.0 0.0
Se 5.702148279524e+00 1.943517266615e+01 1.364602824434e+01 1 1 1 0.0 0.0 0.0
Se 3.970362888800e+00 1.643563238123e+01 1.364602824434e+01 1 1 1 0.0 0.0 0.0
Se 7.433933670580e+00 1.643563238123e+01 1.364602824434e+01 1 1 1 0.0 0.0 0.0
Se 2.238577498076e+00 1.343609209630e+01 1.364602824434e+01 1 1 1 0.0 0.0 0.0
Se 5.702148279856e+00 1.343609209630e+01 1.364602824434e+01 1 1 1 0.0 0.0 0.0
Se 3.970362889132e+00 1.043655181138e+01 1.364602824434e+01 1 1 1 0.0 0.0 0.0
Se 7.433933670913e+00 1.043655181138e+01 1.364602824434e+01 1 1 1 0.0 0.0 0.0
Se 2.238577498408e+00 7.437011526456e+00 1.364602824434e+01 1 1 1 0.0 0.0 0.0
Se 5.702148280189e+00 7.437011526456e+00 1.364602824434e+01 1 1 1 0.0 0.0 0.0
Se 3.970362889465e+00 4.437471241533e+00 1.364602824434e+01 1 1 1 0.0 0.0 0.0
Se 5.067921076846e-01 4.437471241533e+00 1.364602824434e+01 1 1 1 0.0 0.0 0.0
Se 2.238577498741e+00 1.437930956610e+00 1.364602824434e+01 1 1 1 0.0 0.0 0.0
Se 5.702148280521e+00 1.437930956610e+00 1.364602824434e+01 1 1 1 0.0 0.0 0.0
Se 2.238577497078e+00 3.143333380584e+01 1.364602824434e+01 1 1 1 0.0 0.0 0.0
Se 5.702148278859e+00 3.143333380584e+01 1.364602824434e+01 1 1 1 0.0 0.0 0.0
Se 5.701032401320e+00 2.742498321694e+01 1.086443756309e+01 1 1 1 0.0 0.0 0.0
Se 2.237461619539e+00 2.742498321694e+01 1.086443756309e+01 1 1 1 0.0 0.0 0.0
Se 3.969247010596e+00 2.442544293201e+01 1.086443756309e+01 1 1 1 0.0 0.0 0.0
Se 7.432817792376e+00 2.442544293201e+01 1.086443756309e+01 1 1 1 0.0 0.0 0.0
Se 5.701032401652e+00 2.142590264709e+01 1.086443756309e+01 1 1 1 0.0 0.0 0.0
Se 2.237461619872e+00 2.142590264709e+01 1.086443756309e+01 1 1 1 0.0 0.0 0.0
Se 3.969247010928e+00 1.842636236217e+01 1.086443756309e+01 1 1 1 0.0 0.0 0.0
Se 7.432817792709e+00 1.842636236217e+01 1.086443756309e+01 1 1 1 0.0 0.0 0.0
Se 5.701032401985e+00 1.542682207724e+01 1.086443756309e+01 1 1 1 0.0 0.0 0.0
Se 2.237461620204e+00 1.542682207724e+01 1.086443756309e+01 1 1 1 0.0 0.0 0.0
Se 3.969247011261e+00 1.242728179232e+01 1.086443756309e+01 1 1 1 0.0 0.0 0.0
Se 7.432817793041e+00 1.242728179232e+01 1.086443756309e+01 1 1 1 0.0 0.0 0.0
Se 5.701032402317e+00 9.427741507398e+00 1.086443756309e+01 1 1 1 0.0 0.0 0.0
Se 2.237461620537e+00 9.427741507398e+00 1.086443756309e+01 1 1 1 0.0 0.0 0.0
Se 3.969247011593e+00 6.428201222475e+00 1.086443756309e+01 1 1 1 0.0 0.0 0.0
Se 5.056762298131e-01 6.428201222475e+00 1.086443756309e+01 1 1 1 0.0 0.0 0.0
Se 5.701032402650e+00 3.428660937551e+00 1.086443756309e+01 1 1 1 0.0 0.0 0.0
Se 2.237461620869e+00 3.428660937551e+00 1.086443756309e+01 1 1 1 0.0 0.0 0.0
Se 3.969247011926e+00 4.291206526281e-01 1.086443756309e+01 1 1 1 0.0 0.0 0.0
Se 5.056762301456e-01 4.291206526281e-01 1.086443756309e+01 1 1 1 0.0 0.0 0.0
Se 3.969247010263e+00 3.042452350186e+01 1.086443756309e+01 1 1 1 0.0 0.0 0.0
Se 7.432817792044e+00 3.042452350186e+01 1.086443756309e+01 1 1 1 0.0 0.0 0.0
Se 3.969893320075e+00 2.843474156518e+01 1.701046802998e+01 1 1 1 0.0 0.0 0.0
Se 7.433464101855e+00 2.843474156518e+01 1.701046802998e+01 1 1 1 0.0 0.0 0.0
Se 2.238107929351e+00 2.543520128026e+01 1.701046802998e+01 1 1 1 0.0 0.0 0.0
Se 5.701678711131e+00 2.543520128026e+01 1.701046802998e+01 1 1 1 0.0 0.0 0.0
Se 3.969893320407e+00 2.243566099534e+01 1.701046802998e+01 1 1 1 0.0 0.0 0.0
Se 7.433464102188e+00 2.243566099534e+01 1.701046802998e+01 1 1 1 0.0 0.0 0.0
Se 2.238107929684e+00 1.943612071041e+01 1.701046802998e+01 1 1 1 0.0 0.0 0.0
Se 5.701678711464e+00 1.943612071041e+01 1.701046802998e+01 1 1 1 0.0 0.0 0.0
Se 3.969893320740e+00 1.643658042549e+01 1.701046802998e+01 1 1 1 0.0 0.0 0.0
Se 7.433464102520e+00 1.643658042549e+01 1.701046802998e+01 1 1 1 0.0 0.0 0.0
Se 2.238107930016e+00 1.343704014057e+01 1.701046802998e+01 1 1 1 0.0 0.0 0.0
Se 5.701678711796e+00 1.343704014057e+01 1.701046802998e+01 1 1 1 0.0 0.0 0.0
Se 3.969893321072e+00 1.043749985564e+01 1.701046802998e+01 1 1 1 0.0 0.0 0.0
Se 7.433464102853e+00 1.043749985564e+01 1.701046802998e+01 1 1 1 0.0 0.0 0.0
Se 2.238107930349e+00 7.437959570721e+00 1.701046802998e+01 1 1 1 0.0 0.0 0.0
Se 5.701678712129e+00 7.437959570721e+00 1.701046802998e+01 1 1 1 0.0 0.0 0.0
Se 3.969893321405e+00 4.438419285798e+00 1.701046802998e+01 1 1 1 0.0 0.0 0.0
Se 5.063225396247e-01 4.438419285798e+00 1.701046802998e+01 1 1 1 0.0 0.0 0.0
Se 2.238107930681e+00 1.438879000875e+00 1.701046802998e+01 1 1 1 0.0 0.0 0.0
Se 5.701678712461e+00 1.438879000875e+00 1.701046802998e+01 1 1 1 0.0 0.0 0.0
Se 2.238107929019e+00 3.143428185011e+01 1.701046802998e+01 1 1 1 0.0 0.0 0.0
Se 5.701678710799e+00 3.143428185011e+01 1.701046802998e+01 1 1 1 0.0 0.0 0.0
Se 1.690882048820e+00 2.745841336680e+01 3.696241589303e+01 1 1 1 0.0 0.0 0.0
Se 5.269905190115e+00 2.525875049119e+01 3.696241589303e+01 1 1 1 0.0 0.0 0.0
Se 1.921786767849e+00 2.305908761558e+01 3.696241589303e+01 1 1 1 0.0 0.0 0.0
Se 5.500809909144e+00 2.085942473997e+01 3.696241589303e+01 1 1 1 0.0 0.0 0.0
Se 2.152691486878e+00 1.865976186436e+01 3.696241589303e+01 1 1 1 0.0 0.0 0.0
Se 5.731714628173e+00 1.646009898875e+01 3.696241589303e+01 1 1 1 0.0 0.0 0.0
Se 2.383596205907e+00 1.426043611314e+01 3.696241589303e+01 1 1 1 0.0 0.0 0.0
Se 5.962619347202e+00 1.206077323753e+01 3.696241589303e+01 1 1 1 0.0 0.0 0.0
Se 2.614500924936e+00 9.861110361915e+00 3.696241589303e+01 1 1 1 0.0 0.0 0.0
Se 6.193524066231e+00 7.661447486305e+00 3.696241589303e+01 1 1 1 0.0 0.0 0.0
Se 2.845405643966e+00 5.461784610695e+00 3.696241589303e+01 1 1 1 0.0 0.0 0.0
Se 6.424428785261e+00 3.262121735084e+00 3.696241589303e+01 1 1 1 0.0 0.0 0.0
Se 3.076310362995e+00 1.062458859474e+00 3.696241589303e+01 1 1 1 0.0 0.0 0.0
Se 8.387118893351e+00 3.185773911802e+01 3.696241589303e+01 1 1 1 0.0 0.0 0.0
Se 5.039000471085e+00 2.965807624241e+01 3.696241589303e+01 1 1 1 0.0 0.0 0.0
Se 6.344043869846e+00 2.746467264221e+01 3.332483142763e+01 1 1 1 0.0 0.0 0.0
Se 2.995925447580e+00 2.526500976660e+01 3.332483142763e+01 1 1 1 0.0 0.0 0.0
Se 6.574948588875e+00 2.306534689099e+01 3.332483142763e+01 1 1 1 0.0 0.0 0.0
Se 3.226830166610e+00 2.086568401538e+01 3.332483142763e+01 1 1 1 0.0 0.0 0.0
Se 6.805853307905e+00 1.866602113977e+01 3.332483142763e+01 1 1 1 0.0 0.0 0.0
Se 3.457734885639e+00 1.646635826416e+01 3.332483142763e+01 1 1 1 0.0 0.0 0.0
Se 7.036758026934e+00 1.426669538855e+01 3.332483142763e+01 1 1 1 0.0 0.0 0.0
Se 3.688639604668e+00 1.206703251294e+01 3.332483142763e+01 1 1 1 0.0 0.0 0.0
Se 7.267662745963e+00 9.867369637328e+00 3.332483142763e+01 1 1 1 0.0 0.0 0.0
Se 3.919544323697e+00 7.667706761717e+00 3.332483142763e+01 1 1 1 0.0 0.0 0.0
Se 5.714259014316e-01 5.468043886107e+00 3.332483142763e+01 1 1 1 0.0 0.0 0.0
Se 4.150449042726e+00 3.268381010496e+00 3.332483142763e+01 1 1 1 0.0 0.0 0.0
Se 8.023306204608e-01 1.068718134886e+00 3.332483142763e+01 1 1 1 0.0 0.0 0.0
Se 6.113139150817e+00 3.186399839343e+01 3.332483142763e+01 1 1 1 0.0 0.0 0.0
Se 2.765020728551e+00 2.966433551782e+01 3.332483142763e+01 1 1 1 0.0 0.0 0.0
Se 4.025348754008e+00 2.747399267015e+01 2.969131231352e+01 1 1 1 0.0 0.0 0.0
Se 7.604371895303e+00 2.527432979454e+01 2.969131231352e+01 1 1 1 0.0 0.0 0.0
Se 4.256253473037e+00 2.307466691893e+01 2.969131231352e+01 1 1 1 0.0 0.0 0.0
Se 7.835276614332e+00 2.087500404332e+01 2.969131231352e+01 1 1 1 0.0 0.0 0.0
Se 4.487158192066e+00 1.867534116771e+01 2.969131231352e+01 1 1 1 0.0 0.0 0.0
Se 1.139039769801e+00 1.647567829210e+01 2.969131231352e+01 1 1 1 0.0 0.0 0.0
Se 4.718062911095e+00 1.427601541648e+01 2.969131231352e+01 1 1 1 0.0 0.0 0.0
Se 1.369944488830e+00 1.207635254087e+01 2.969131231352e+01 1 1 1 0.0 0.0 0.0
Se 4.948967630125e+00 9.876689665264e+00 2.969131231352e+01 1 1 1 0.0 0.0 0.0
Se 1.600849207859e+00 7.677026789654e+00 2.969131231352e+01 1 1 1 0.0 0.0 0.0
Se 5.179872349154e+00 5.477363914043e+00 2.969131231352e+01 1 1 1 0.0 0.0 0.0
Se 1.831753926888e+00 3.277701038433e+00 2.969131231352e+01 1 1 1 0.0 0.0 0.0
Se 5.410777068183e+00 1.078038162822e+00 2.969131231352e+01 1 1 1 0.0 0.0 0.0
Se 3.794444034979e+00 3.187331842137e+01 2.969131231352e+01 1 1 1 0.0 0.0 0.0
Se 7.373467176274e+00 2.967365554576e+01 2.969131231352e+01 1 1 1 0.0 0.0 0.0
Se 6.345303037095e+00 2.755115000707e+01 2.692457590224e+01 1 1 1 0.0 0.0 0.0
Se 2.997184614829e+00 2.535148713146e+01 2.692457590224e+01 1 1 1 0.0 0.0 0.0
Se 6.576207756124e+00 2.315182425585e+01 2.692457590224e+01 1 1 1 0.0 0.0 0.0
Se 3.228089333858e+00 2.095216138024e+01 2.692457590224e+01 1 1 1 0.0 0.0 0.0
Se 6.807112475153e+00 1.875249850463e+01 2.692457590224e+01 1 1 1 0.0 0.0 0.0
Se 3.458994052888e+00 1.655283562902e+01 2.692457590224e+01 1 1 1 0.0 0.0 0.0
Se 7.038017194183e+00 1.435317275341e+01 2.692457590224e+01 1 1 1 0.0 0.0 0.0
Se 3.689898771917e+00 1.215350987780e+01 2.692457590224e+01 1 1 1 0.0 0.0 0.0
Se 7.268921913212e+00 9.953847002185e+00 2.692457590224e+01 1 1 1 0.0 0.0 0.0
Se 3.920803490946e+00 7.754184126575e+00 2.692457590224e+01 1 1 1 0.0 0.0 0.0
Se 5.726850686804e-01 5.554521250964e+00 2.692457590224e+01 1 1 1 0.0 0.0 0.0
Se 4.151708209975e+00 3.354858375354e+00 2.692457590224e+01 1 1 1 0.0 0.0 0.0
Se 8.035897877096e-01 1.155195499744e+00 2.692457590224e+01 1 1 1 0.0 0.0 0.0
Se 6.114398318066e+00 3.195047575829e+01 2.692457590224e+01 1 1 1 0.0 0.0 0.0
Se 2.766279895800e+00 2.975081288268e+01 2.692457590224e+01 1 1 1 0.0 0.0 0.0
Se 4.018757182802e+00 2.756028471251e+01 2.330671355540e+01 1 1 1 0.0 0.0 0.0
Se 7.597780324097e+00 2.536062183690e+01 2.330671355540e+01 1 1 1 0.0 0.0 0.0
Se 4.249661901831e+00 2.316095896129e+01 2.330671355540e+01 1 1 1 0.0 0.0 0.0
Se 7.828685043126e+00 2.096129608568e+01 2.330671355540e+01 1 1 1 0.0 0.0 0.0
Se 4.480566620860e+00 1.876163321007e+01 2.330671355540e+01 1 1 1 0.0 0.0 0.0
Se 1.132448198594e+00 1.656197033446e+01 2.330671355540e+01 1 1 1 0.0 0.0 0.0
Se 4.711471339889e+00 1.436230745885e+01 2.330671355540e+01 1 1 1 0.0 0.0 0.0
Se 1.363352917624e+00 1.216264458323e+01 2.330671355540e+01 1 1 1 0.0 0.0 0.0
Se 4.942376058919e+00 9.962981707624e+00 2.330671355540e+01 1 1 1 0.0 0.0 0.0
Se 1.594257636653e+00 7.763318832014e+00 2.330671355540e+01 1 1 1 0.0 0.0 0.0
Se 5.173280777948e+00 5.563655956404e+00 2.330671355540e+01 1 1 1 0.0 0.0 0.0
Se 1.825162355682e+00 3.363993080793e+00 2.330671355540e+01 1 1 1 0.0 0.0 0.0
Se 5.404185496977e+00 1.164330205183e+00 2.330671355540e+01 1 1 1 0.0 0.0 0.0
Se 3.787852463773e+00 3.195961046373e+01 2.330671355540e+01 1 1 1 0.0 0.0 0.0
Se 7.366875605067e+00 2.975994758812e+01 2.330671355540e+01 1 1 1 0.0 0.0 0.0
Se 1.697884086045e+00 2.755416232904e+01 1.968357859229e+01 1 1 1 0.0 0.0 0.0
Se 5.276907227340e+00 2.535449945343e+01 1.968357859229e+01 1 1 1 0.0 0.0 0.0
Se 1.928788805075e+00 2.315483657782e+01 1.968357859229e+01 1 1 1 0.0 0.0 0.0
Se 5.507811946370e+00 2.095517370221e+01 1.968357859229e+01 1 1 1 0.0 0.0 0.0
Se 2.159693524104e+00 1.875551082660e+01 1.968357859229e+01 1 1 1 0.0 0.0 0.0
Se 5.738716665399e+00 1.655584795099e+01 1.968357859229e+01 1 1 1 0.0 0.0 0.0
Se 2.390598243133e+00 1.435618507538e+01 1.968357859229e+01 1 1 1 0.0 0.0 0.0
Se 5.969621384428e+00 1.215652219977e+01 1.968357859229e+01 1 1 1 0.0 0.0 0.0
Se 2.621502962162e+00 9.956859324155e+00 1.968357859229e+01 1 1 1 0.0 0.0 0.0
Se 6.200526103457e+00 7.757196448544e+00 1.968357859229e+01 1 1 1 0.0 0.0 0.0
Se 2.852407681191e+00 5.557533572934e+00 1.968357859229e+01 1 1 1 0.0 0.0 0.0
Se 6.431430822486e+00 3.357870697324e+00 1.968357859229e+01 1 1 1 0.0 0.0 0.0
Se 3.083312400221e+00 1.158207821713e+00 1.968357859229e+01 1 1 1 0.0 0.0 0.0
Se 8.394120930577e+00 3.195348808026e+01 1.968357859229e+01 1 1 1 0.0 0.0 0.0
Se 5.046002508311e+00 2.975382520465e+01 1.968357859229e+01 1 1 1 0.0 0.0 0.0
"