calculation_mode = "Quench Electrons"
cell_relax = "False"
charge_density_mixing = "0.15"
charge_mixing_type = "Broyden"
description = "Example parameters for high-throughput bulk relaxation of a vdW material"
dipole_moment = "True"
dos_broading = "0.05"
dos_method = "Gaussian"
energy_convergence_criterion = "1e-08"
energy_output_units = "Hartrees"
kohn_sham_mucycles = "3"
kohn_sham_solver = "davidson"
kpoint_distribution = "1"
kpoint_mesh = "1 1 1"
localize_projectors = "False"
max_md_steps = "100"
max_scf_steps = "200"
non_local_block_size = "4000"
output_wave_function_file = "/dev/null"
potential_acceleration_constant_step = "1.5"
processor_grid = "5 14 16"
rms_convergence_criterion = "1e-08"
scalapack_block_factor = "64"
start_mode = "LCAO Start"
state_block_size = "64"
stress = "True"
subdiag_driver = "scalapack"
test_energy_tolerance = "1e-05"
use_async_allreduce = "False"
vdw_corr = "DFT-D3"
vdwdf_kernel_filepath = "/lustre/orion/world-shared/cph162/rjmorelock/rmgdft/XC/vdW_kernel_table"
wavefunction_grid = "154 376 426"
write_data_period = "50"

atomic_coordinate_type = "Absolute"
crds_units = "Angstrom"
lattice_units = "Angstrom"

lattice_vector = "
1.799724170868e+01 0.000000000000e+00 1.100000000000e-15
8.998620854338e+00 4.329463477433e+01 2.700000000000e-15
0.000000000000e+00 0.000000000000e+00 4.998930533072e+01
"
atoms = "
Nb 1.003581278744e+01 4.302879271476e+01 1.782833092694e+01 1 1 1 0.0 0.0 0.0
Nb 4.036732217886e+00 1.465943331398e+00 1.782833092694e+01 1 1 1 0.0 0.0 0.0
Nb 1.603489335700e+01 4.302879271476e+01 1.782833092694e+01 1 1 1 0.0 0.0 0.0
Nb 4.036732217886e+00 4.929514113345e+00 1.782833092694e+01 1 1 1 0.0 0.0 0.0
Nb 7.036272502665e+00 3.197728722371e+00 1.782833092694e+01 1 1 1 0.0 0.0 0.0
Nb 1.003581278744e+01 1.465943331398e+00 1.782833092694e+01 1 1 1 0.0 0.0 0.0
Nb 2.203397392656e+01 4.302879271476e+01 1.782833092694e+01 1 1 1 0.0 0.0 0.0
Nb 4.036732217886e+00 8.393084895291e+00 1.782833092694e+01 1 1 1 0.0 0.0 0.0
Nb 7.036272502665e+00 6.661299504318e+00 1.782833092694e+01 1 1 1 0.0 0.0 0.0
Nb 1.003581278744e+01 4.929514113345e+00 1.782833092694e+01 1 1 1 0.0 0.0 0.0
Nb 1.303535307222e+01 3.197728722371e+00 1.782833092694e+01 1 1 1 0.0 0.0 0.0
Nb 1.603489335700e+01 1.465943331398e+00 1.782833092694e+01 1 1 1 0.0 0.0 0.0
Nb 4.036732217886e+00 1.185665567724e+01 1.782833092694e+01 1 1 1 0.0 0.0 0.0
Nb 7.036272502665e+00 1.012487028626e+01 1.782833092694e+01 1 1 1 0.0 0.0 0.0
Nb 1.003581278744e+01 8.393084895291e+00 1.782833092694e+01 1 1 1 0.0 0.0 0.0
Nb 1.303535307222e+01 6.661299504318e+00 1.782833092694e+01 1 1 1 0.0 0.0 0.0
Nb 1.603489335700e+01 4.929514113345e+00 1.782833092694e+01 1 1 1 0.0 0.0 0.0
Nb 1.037191933107e+00 3.197728722371e+00 1.782833092694e+01 1 1 1 0.0 0.0 0.0
Nb 7.036272502665e+00 1.358844106821e+01 1.782833092694e+01 1 1 1 0.0 0.0 0.0
Nb 1.003581278744e+01 1.185665567724e+01 1.782833092694e+01 1 1 1 0.0 0.0 0.0
Nb 1.303535307222e+01 1.012487028626e+01 1.782833092694e+01 1 1 1 0.0 0.0 0.0
Nb 1.603489335700e+01 8.393084895291e+00 1.782833092694e+01 1 1 1 0.0 0.0 0.0
Nb 1.903443364178e+01 6.661299504318e+00 1.782833092694e+01 1 1 1 0.0 0.0 0.0
Nb 7.036272502665e+00 1.705201185016e+01 1.782833092694e+01 1 1 1 0.0 0.0 0.0
Nb 1.003581278744e+01 1.532022645918e+01 1.782833092694e+01 1 1 1 0.0 0.0 0.0
Nb 1.303535307222e+01 1.358844106821e+01 1.782833092694e+01 1 1 1 0.0 0.0 0.0
Nb 1.603489335700e+01 1.185665567724e+01 1.782833092694e+01 1 1 1 0.0 0.0 0.0
Nb 1.903443364178e+01 1.012487028626e+01 1.782833092694e+01 1 1 1 0.0 0.0 0.0
Nb 7.036272502665e+00 2.051558263210e+01 1.782833092694e+01 1 1 1 0.0 0.0 0.0
Nb 1.003581278744e+01 1.878379724113e+01 1.782833092694e+01 1 1 1 0.0 0.0 0.0
Nb 1.303535307222e+01 1.705201185016e+01 1.782833092694e+01 1 1 1 0.0 0.0 0.0
Nb 1.603489335700e+01 1.532022645918e+01 1.782833092694e+01 1 1 1 0.0 0.0 0.0
Nb 1.903443364178e+01 1.358844106821e+01 1.782833092694e+01 1 1 1 0.0 0.0 0.0
Nb 7.036272502665e+00 2.397915341405e+01 1.782833092694e+01 1 1 1 0.0 0.0 0.0
Nb 1.003581278744e+01 2.224736802308e+01 1.782833092694e+01 1 1 1 0.0 0.0 0.0
Nb 1.303535307222e+01 2.051558263210e+01 1.782833092694e+01 1 1 1 0.0 0.0 0.0
Nb 1.603489335700e+01 1.878379724113e+01 1.782833092694e+01 1 1 1 0.0 0.0 0.0
Nb 1.903443364178e+01 1.705201185016e+01 1.782833092694e+01 1 1 1 0.0 0.0 0.0
Nb 4.036732217886e+00 1.532022645918e+01 1.782833092694e+01 1 1 1 0.0 0.0 0.0
Nb 7.036272502665e+00 2.744272419600e+01 1.782833092694e+01 1 1 1 0.0 0.0 0.0
Nb 1.003581278744e+01 2.571093880502e+01 1.782833092694e+01 1 1 1 0.0 0.0 0.0
Nb 1.303535307222e+01 2.397915341405e+01 1.782833092694e+01 1 1 1 0.0 0.0 0.0
Nb 1.603489335700e+01 2.224736802308e+01 1.782833092694e+01 1 1 1 0.0 0.0 0.0
Nb 1.903443364178e+01 2.051558263210e+01 1.782833092694e+01 1 1 1 0.0 0.0 0.0
Nb 4.036732217886e+00 1.878379724113e+01 1.782833092694e+01 1 1 1 0.0 0.0 0.0
Nb 1.003581278744e+01 2.917450958697e+01 1.782833092694e+01 1 1 1 0.0 0.0 0.0
Nb 1.303535307222e+01 2.744272419600e+01 1.782833092694e+01 1 1 1 0.0 0.0 0.0
Nb 1.603489335700e+01 2.571093880502e+01 1.782833092694e+01 1 1 1 0.0 0.0 0.0
Nb 1.903443364178e+01 2.397915341405e+01 1.782833092694e+01 1 1 1 0.0 0.0 0.0
Nb 2.203397392656e+01 2.224736802308e+01 1.782833092694e+01 1 1 1 0.0 0.0 0.0
Nb 1.003581278744e+01 3.263808036892e+01 1.782833092694e+01 1 1 1 0.0 0.0 0.0
Nb 1.303535307222e+01 3.090629497794e+01 1.782833092694e+01 1 1 1 0.0 0.0 0.0
Nb 1.603489335700e+01 2.917450958697e+01 1.782833092694e+01 1 1 1 0.0 0.0 0.0
Nb 1.903443364178e+01 2.744272419600e+01 1.782833092694e+01 1 1 1 0.0 0.0 0.0
Nb 2.203397392656e+01 2.571093880502e+01 1.782833092694e+01 1 1 1 0.0 0.0 0.0
Nb 1.003581278744e+01 3.610165115086e+01 1.782833092694e+01 1 1 1 0.0 0.0 0.0
Nb 1.303535307222e+01 3.436986575989e+01 1.782833092694e+01 1 1 1 0.0 0.0 0.0
Nb 1.603489335700e+01 3.263808036892e+01 1.782833092694e+01 1 1 1 0.0 0.0 0.0
Nb 1.903443364178e+01 3.090629497794e+01 1.782833092694e+01 1 1 1 0.0 0.0 0.0
Nb 2.203397392656e+01 2.917450958697e+01 1.782833092694e+01 1 1 1 0.0 0.0 0.0
Nb 1.003581278744e+01 3.956522193281e+01 1.782833092694e+01 1 1 1 0.0 0.0 0.0
Nb 1.303535307222e+01 3.783343654184e+01 1.782833092694e+01 1 1 1 0.0 0.0 0.0
Nb 1.603489335700e+01 3.610165115086e+01 1.782833092694e+01 1 1 1 0.0 0.0 0.0
Nb 1.903443364178e+01 3.436986575989e+01 1.782833092694e+01 1 1 1 0.0 0.0 0.0
Nb 2.203397392656e+01 3.263808036892e+01 1.782833092694e+01 1 1 1 0.0 0.0 0.0
Nb 7.036272502665e+00 3.090629497794e+01 1.782833092694e+01 1 1 1 0.0 0.0 0.0
Nb 1.303535307222e+01 4.129700732378e+01 1.782833092694e+01 1 1 1 0.0 0.0 0.0
Nb 1.603489335700e+01 3.956522193281e+01 1.782833092694e+01 1 1 1 0.0 0.0 0.0
Nb 1.903443364178e+01 3.783343654184e+01 1.782833092694e+01 1 1 1 0.0 0.0 0.0
Nb 2.203397392656e+01 3.610165115086e+01 1.782833092694e+01 1 1 1 0.0 0.0 0.0
Nb 2.503351421134e+01 3.436986575989e+01 1.782833092694e+01 1 1 1 0.0 0.0 0.0
Nb 1.903443364178e+01 4.129700732378e+01 1.782833092694e+01 1 1 1 0.0 0.0 0.0
Nb 2.203397392656e+01 3.956522193281e+01 1.782833092694e+01 1 1 1 0.0 0.0 0.0
Nb 2.503351421134e+01 3.783343654184e+01 1.782833092694e+01 1 1 1 0.0 0.0 0.0
Nb 2.503351421134e+01 4.129700732378e+01 1.782833092694e+01 1 1 1 0.0 0.0 0.0
Nb 1.004154203077e+01 4.303675037639e+01 1.168208868332e+01 1 1 1 0.0 0.0 0.0
Nb 4.042461461208e+00 1.473900993033e+00 1.168208868332e+01 1 1 1 0.0 0.0 0.0
Nb 1.604062260032e+01 4.303675037639e+01 1.168208868332e+01 1 1 1 0.0 0.0 0.0
Nb 4.042461461208e+00 4.937471774980e+00 1.168208868332e+01 1 1 1 0.0 0.0 0.0
Nb 7.042001745987e+00 3.205686384006e+00 1.168208868332e+01 1 1 1 0.0 0.0 0.0
Nb 1.004154203077e+01 1.473900993033e+00 1.168208868332e+01 1 1 1 0.0 0.0 0.0
Nb 2.203970316988e+01 4.303675037639e+01 1.168208868332e+01 1 1 1 0.0 0.0 0.0
Nb 4.042461461208e+00 8.401042556926e+00 1.168208868332e+01 1 1 1 0.0 0.0 0.0
Nb 7.042001745987e+00 6.669257165953e+00 1.168208868332e+01 1 1 1 0.0 0.0 0.0
Nb 1.004154203077e+01 4.937471774980e+00 1.168208868332e+01 1 1 1 0.0 0.0 0.0
Nb 1.304108231555e+01 3.205686384006e+00 1.168208868332e+01 1 1 1 0.0 0.0 0.0
Nb 1.604062260032e+01 1.473900993033e+00 1.168208868332e+01 1 1 1 0.0 0.0 0.0
Nb 4.042461461208e+00 1.186461333887e+01 1.168208868332e+01 1 1 1 0.0 0.0 0.0
Nb 7.042001745987e+00 1.013282794790e+01 1.168208868332e+01 1 1 1 0.0 0.0 0.0
Nb 1.004154203077e+01 8.401042556926e+00 1.168208868332e+01 1 1 1 0.0 0.0 0.0
Nb 1.304108231555e+01 6.669257165953e+00 1.168208868332e+01 1 1 1 0.0 0.0 0.0
Nb 1.604062260032e+01 4.937471774980e+00 1.168208868332e+01 1 1 1 0.0 0.0 0.0
Nb 1.042921176428e+00 3.205686384006e+00 1.168208868332e+01 1 1 1 0.0 0.0 0.0
Nb 7.042001745987e+00 1.359639872985e+01 1.168208868332e+01 1 1 1 0.0 0.0 0.0
Nb 1.004154203077e+01 1.186461333887e+01 1.168208868332e+01 1 1 1 0.0 0.0 0.0
Nb 1.304108231555e+01 1.013282794790e+01 1.168208868332e+01 1 1 1 0.0 0.0 0.0
Nb 1.604062260032e+01 8.401042556926e+00 1.168208868332e+01 1 1 1 0.0 0.0 0.0
Nb 1.904016288510e+01 6.669257165953e+00 1.168208868332e+01 1 1 1 0.0 0.0 0.0
Nb 7.042001745987e+00 1.705996951179e+01 1.168208868332e+01 1 1 1 0.0 0.0 0.0
Nb 1.004154203077e+01 1.532818412082e+01 1.168208868332e+01 1 1 1 0.0 0.0 0.0
Nb 1.304108231555e+01 1.359639872985e+01 1.168208868332e+01 1 1 1 0.0 0.0 0.0
Nb 1.604062260032e+01 1.186461333887e+01 1.168208868332e+01 1 1 1 0.0 0.0 0.0
Nb 1.904016288510e+01 1.013282794790e+01 1.168208868332e+01 1 1 1 0.0 0.0 0.0
Nb 7.042001745987e+00 2.052354029374e+01 1.168208868332e+01 1 1 1 0.0 0.0 0.0
Nb 1.004154203077e+01 1.879175490277e+01 1.168208868332e+01 1 1 1 0.0 0.0 0.0
Nb 1.304108231555e+01 1.705996951179e+01 1.168208868332e+01 1 1 1 0.0 0.0 0.0
Nb 1.604062260032e+01 1.532818412082e+01 1.168208868332e+01 1 1 1 0.0 0.0 0.0
Nb 1.904016288510e+01 1.359639872985e+01 1.168208868332e+01 1 1 1 0.0 0.0 0.0
Nb 7.042001745987e+00 2.398711107569e+01 1.168208868332e+01 1 1 1 0.0 0.0 0.0
Nb 1.004154203077e+01 2.225532568471e+01 1.168208868332e+01 1 1 1 0.0 0.0 0.0
Nb 1.304108231555e+01 2.052354029374e+01 1.168208868332e+01 1 1 1 0.0 0.0 0.0
Nb 1.604062260032e+01 1.879175490277e+01 1.168208868332e+01 1 1 1 0.0 0.0 0.0
Nb 1.904016288510e+01 1.705996951179e+01 1.168208868332e+01 1 1 1 0.0 0.0 0.0
Nb 4.042461461208e+00 1.532818412082e+01 1.168208868332e+01 1 1 1 0.0 0.0 0.0
Nb 7.042001745987e+00 2.745068185763e+01 1.168208868332e+01 1 1 1 0.0 0.0 0.0
Nb 1.004154203077e+01 2.571889646666e+01 1.168208868332e+01 1 1 1 0.0 0.0 0.0
Nb 1.304108231555e+01 2.398711107569e+01 1.168208868332e+01 1 1 1 0.0 0.0 0.0
Nb 1.604062260032e+01 2.225532568471e+01 1.168208868332e+01 1 1 1 0.0 0.0 0.0
Nb 1.904016288510e+01 2.052354029374e+01 1.168208868332e+01 1 1 1 0.0 0.0 0.0
Nb 4.042461461208e+00 1.879175490277e+01 1.168208868332e+01 1 1 1 0.0 0.0 0.0
Nb 1.004154203077e+01 2.918246724861e+01 1.168208868332e+01 1 1 1 0.0 0.0 0.0
Nb 1.304108231555e+01 2.745068185763e+01 1.168208868332e+01 1 1 1 0.0 0.0 0.0
Nb 1.604062260032e+01 2.571889646666e+01 1.168208868332e+01 1 1 1 0.0 0.0 0.0
Nb 1.904016288510e+01 2.398711107569e+01 1.168208868332e+01 1 1 1 0.0 0.0 0.0
Nb 2.203970316988e+01 2.225532568471e+01 1.168208868332e+01 1 1 1 0.0 0.0 0.0
Nb 1.004154203077e+01 3.264603803055e+01 1.168208868332e+01 1 1 1 0.0 0.0 0.0
Nb 1.304108231555e+01 3.091425263958e+01 1.168208868332e+01 1 1 1 0.0 0.0 0.0
Nb 1.604062260032e+01 2.918246724861e+01 1.168208868332e+01 1 1 1 0.0 0.0 0.0
Nb 1.904016288510e+01 2.745068185763e+01 1.168208868332e+01 1 1 1 0.0 0.0 0.0
Nb 2.203970316988e+01 2.571889646666e+01 1.168208868332e+01 1 1 1 0.0 0.0 0.0
Nb 1.004154203077e+01 3.610960881250e+01 1.168208868332e+01 1 1 1 0.0 0.0 0.0
Nb 1.304108231555e+01 3.437782342153e+01 1.168208868332e+01 1 1 1 0.0 0.0 0.0
Nb 1.604062260032e+01 3.264603803055e+01 1.168208868332e+01 1 1 1 0.0 0.0 0.0
Nb 1.904016288510e+01 3.091425263958e+01 1.168208868332e+01 1 1 1 0.0 0.0 0.0
Nb 2.203970316988e+01 2.918246724861e+01 1.168208868332e+01 1 1 1 0.0 0.0 0.0
Nb 1.004154203077e+01 3.957317959445e+01 1.168208868332e+01 1 1 1 0.0 0.0 0.0
Nb 1.304108231555e+01 3.784139420347e+01 1.168208868332e+01 1 1 1 0.0 0.0 0.0
Nb 1.604062260032e+01 3.610960881250e+01 1.168208868332e+01 1 1 1 0.0 0.0 0.0
Nb 1.904016288510e+01 3.437782342153e+01 1.168208868332e+01 1 1 1 0.0 0.0 0.0
Nb 2.203970316988e+01 3.264603803055e+01 1.168208868332e+01 1 1 1 0.0 0.0 0.0
Nb 7.042001745987e+00 3.091425263958e+01 1.168208868332e+01 1 1 1 0.0 0.0 0.0
Nb 1.304108231555e+01 4.130496498542e+01 1.168208868332e+01 1 1 1 0.0 0.0 0.0
Nb 1.604062260032e+01 3.957317959445e+01 1.168208868332e+01 1 1 1 0.0 0.0 0.0
Nb 1.904016288510e+01 3.784139420347e+01 1.168208868332e+01 1 1 1 0.0 0.0 0.0
Nb 2.203970316988e+01 3.610960881250e+01 1.168208868332e+01 1 1 1 0.0 0.0 0.0
Nb 2.503924345466e+01 3.437782342153e+01 1.168208868332e+01 1 1 1 0.0 0.0 0.0
Nb 1.904016288510e+01 4.130496498542e+01 1.168208868332e+01 1 1 1 0.0 0.0 0.0
Nb 2.203970316988e+01 3.957317959445e+01 1.168208868332e+01 1 1 1 0.0 0.0 0.0
Nb 2.503924345466e+01 3.784139420347e+01 1.168208868332e+01 1 1 1 0.0 0.0 0.0
Nb 2.503924345466e+01 4.130496498542e+01 1.168208868332e+01 1 1 1 0.0 0.0 0.0
Bi 1.817834370958e+00 7.302160260745e-01 3.834784015603e+01 1 1 1 0.0 0.0 0.0
Bi 5.624943193947e+00 2.395394286626e+00 3.834784015603e+01 1 1 1 0.0 0.0 0.0
Bi 6.144094397082e+00 6.558339938004e+00 3.834784015603e+01 1 1 1 0.0 0.0 0.0
Bi 6.663245600217e+00 1.072128558938e+01 3.834784015603e+01 1 1 1 0.0 0.0 0.0
Bi 7.182396803352e+00 1.488423124076e+01 3.834784015603e+01 1 1 1 0.0 0.0 0.0
Bi 7.701548006487e+00 1.904717689214e+01 3.834784015603e+01 1 1 1 0.0 0.0 0.0
Bi 8.220699209622e+00 2.321012254352e+01 3.834784015603e+01 1 1 1 0.0 0.0 0.0
Bi 8.739850412756e+00 2.737306819489e+01 3.834784015603e+01 1 1 1 0.0 0.0 0.0
Bi 9.259001615891e+00 3.153601384627e+01 3.834784015603e+01 1 1 1 0.0 0.0 0.0
Bi 9.778152819026e+00 3.569895949765e+01 3.834784015603e+01 1 1 1 0.0 0.0 0.0
Bi 1.029730402216e+01 3.986190514903e+01 3.834784015603e+01 1 1 1 0.0 0.0 0.0
Bi 9.432052016936e+00 4.060572547177e+00 3.834784015603e+01 1 1 1 0.0 0.0 0.0
Bi 9.951203220071e+00 8.223518198555e+00 3.834784015603e+01 1 1 1 0.0 0.0 0.0
Bi 1.047035442321e+01 1.238646384993e+01 3.834784015603e+01 1 1 1 0.0 0.0 0.0
Bi 1.098950562634e+01 1.654940950131e+01 3.834784015603e+01 1 1 1 0.0 0.0 0.0
Bi 1.150865682948e+01 2.071235515269e+01 3.834784015603e+01 1 1 1 0.0 0.0 0.0
Bi 1.202780803261e+01 2.487530080407e+01 3.834784015603e+01 1 1 1 0.0 0.0 0.0
Bi 1.254695923575e+01 2.903824645545e+01 3.834784015603e+01 1 1 1 0.0 0.0 0.0
Bi 1.306611043888e+01 3.320119210682e+01 3.834784015603e+01 1 1 1 0.0 0.0 0.0
Bi 1.358526164202e+01 3.736413775820e+01 3.834784015603e+01 1 1 1 0.0 0.0 0.0
Bi 1.410441284515e+01 4.152708340958e+01 3.834784015603e+01 1 1 1 0.0 0.0 0.0
Bi 1.272000963679e+01 1.562805156350e+00 3.834784015603e+01 1 1 1 0.0 0.0 0.0
Bi 1.323916083993e+01 5.725750807728e+00 3.834784015603e+01 1 1 1 0.0 0.0 0.0
Bi 1.375831204306e+01 9.888696459106e+00 3.834784015603e+01 1 1 1 0.0 0.0 0.0
Bi 1.427746324620e+01 1.405164211048e+01 3.834784015603e+01 1 1 1 0.0 0.0 0.0
Bi 1.479661444933e+01 1.821458776186e+01 3.834784015603e+01 1 1 1 0.0 0.0 0.0
Bi 1.531576565246e+01 2.237753341324e+01 3.834784015603e+01 1 1 1 0.0 0.0 0.0
Bi 1.583491685560e+01 2.654047906462e+01 3.834784015603e+01 1 1 1 0.0 0.0 0.0
Bi 1.635406805873e+01 3.070342471600e+01 3.834784015603e+01 1 1 1 0.0 0.0 0.0
Bi 1.687321926187e+01 3.486637036737e+01 3.834784015603e+01 1 1 1 0.0 0.0 0.0
Bi 1.739237046500e+01 3.902931601875e+01 3.834784015603e+01 1 1 1 0.0 0.0 0.0
Bi 1.791152166814e+01 4.319226167013e+01 3.834784015603e+01 1 1 1 0.0 0.0 0.0
Bi 1.652711845978e+01 3.227983416901e+00 3.834784015603e+01 1 1 1 0.0 0.0 0.0
Bi 1.704626966291e+01 7.390929068279e+00 3.834784015603e+01 1 1 1 0.0 0.0 0.0
Bi 1.756542086605e+01 1.155387471966e+01 3.834784015603e+01 1 1 1 0.0 0.0 0.0
Bi 1.808457206918e+01 1.571682037104e+01 3.834784015603e+01 1 1 1 0.0 0.0 0.0
Bi 1.860372327232e+01 1.987976602241e+01 3.834784015603e+01 1 1 1 0.0 0.0 0.0
Bi 1.912287447545e+01 2.404271167379e+01 3.834784015603e+01 1 1 1 0.0 0.0 0.0
Bi 1.964202567859e+01 2.820565732517e+01 3.834784015603e+01 1 1 1 0.0 0.0 0.0
Bi 2.016117688172e+01 3.236860297655e+01 3.834784015603e+01 1 1 1 0.0 0.0 0.0
Bi 2.068032808486e+01 3.653154862793e+01 3.834784015603e+01 1 1 1 0.0 0.0 0.0
Bi 2.119947928799e+01 4.069449427930e+01 3.834784015603e+01 1 1 1 0.0 0.0 0.0
Bi 2.336985574093e+00 4.893161677453e+00 3.834784015603e+01 1 1 1 0.0 0.0 0.0
Bi 2.856136777228e+00 9.056107328831e+00 3.834784015603e+01 1 1 1 0.0 0.0 0.0
Bi 3.375287980363e+00 1.321905298021e+01 3.834784015603e+01 1 1 1 0.0 0.0 0.0
Bi 3.894439183498e+00 1.738199863159e+01 3.834784015603e+01 1 1 1 0.0 0.0 0.0
Bi 2.241083209531e+01 2.154494428296e+01 3.834784015603e+01 1 1 1 0.0 0.0 0.0
Bi 2.292998329844e+01 2.570788993434e+01 3.834784015603e+01 1 1 1 0.0 0.0 0.0
Bi 2.344913450158e+01 2.987083558572e+01 3.834784015603e+01 1 1 1 0.0 0.0 0.0
Bi 2.396828570471e+01 3.403378123710e+01 3.834784015603e+01 1 1 1 0.0 0.0 0.0
Bi 2.448743690785e+01 3.819672688848e+01 3.834784015603e+01 1 1 1 0.0 0.0 0.0
Bi 2.500658811098e+01 4.235967253986e+01 3.834784015603e+01 1 1 1 0.0 0.0 0.0
Bi 1.741739130786e+01 1.021285264444e+00 3.436119714775e+01 1 1 1 0.0 0.0 0.0
Bi 3.227258422176e+00 2.686463524995e+00 3.436119714775e+01 1 1 1 0.0 0.0 0.0
Bi 3.746409625311e+00 6.849409176373e+00 3.436119714775e+01 1 1 1 0.0 0.0 0.0
Bi 4.265560828446e+00 1.101235482775e+01 3.436119714775e+01 1 1 1 0.0 0.0 0.0
Bi 4.784712031581e+00 1.517530047913e+01 3.436119714775e+01 1 1 1 0.0 0.0 0.0
Bi 5.303863234715e+00 1.933824613051e+01 3.436119714775e+01 1 1 1 0.0 0.0 0.0
Bi 5.823014437850e+00 2.350119178188e+01 3.436119714775e+01 1 1 1 0.0 0.0 0.0
Bi 6.342165640985e+00 2.766413743326e+01 3.436119714775e+01 1 1 1 0.0 0.0 0.0
Bi 6.861316844120e+00 3.182708308464e+01 3.436119714775e+01 1 1 1 0.0 0.0 0.0
Bi 2.537770975593e+01 3.599002873602e+01 3.436119714775e+01 1 1 1 0.0 0.0 0.0
Bi 2.589686095907e+01 4.015297438740e+01 3.436119714775e+01 1 1 1 0.0 0.0 0.0
Bi 7.034367245165e+00 4.351641785546e+00 3.436119714775e+01 1 1 1 0.0 0.0 0.0
Bi 7.553518448300e+00 8.514587436924e+00 3.436119714775e+01 1 1 1 0.0 0.0 0.0
Bi 8.072669651435e+00 1.267753308830e+01 3.436119714775e+01 1 1 1 0.0 0.0 0.0
Bi 8.591820854570e+00 1.684047873968e+01 3.436119714775e+01 1 1 1 0.0 0.0 0.0
Bi 9.110972057705e+00 2.100342439106e+01 3.436119714775e+01 1 1 1 0.0 0.0 0.0
Bi 9.630123260839e+00 2.516637004244e+01 3.436119714775e+01 1 1 1 0.0 0.0 0.0
Bi 1.014927446397e+01 2.932931569381e+01 3.436119714775e+01 1 1 1 0.0 0.0 0.0
Bi 1.066842566711e+01 3.349226134519e+01 3.436119714775e+01 1 1 1 0.0 0.0 0.0
Bi 1.118757687024e+01 3.765520699657e+01 3.436119714775e+01 1 1 1 0.0 0.0 0.0
Bi 1.170672807338e+01 4.181815264795e+01 3.436119714775e+01 1 1 1 0.0 0.0 0.0
Bi 1.032232486502e+01 1.853874394719e+00 3.436119714775e+01 1 1 1 0.0 0.0 0.0
Bi 1.084147606815e+01 6.016820046097e+00 3.436119714775e+01 1 1 1 0.0 0.0 0.0
Bi 1.136062727129e+01 1.017976569748e+01 3.436119714775e+01 1 1 1 0.0 0.0 0.0
Bi 1.187977847442e+01 1.434271134885e+01 3.436119714775e+01 1 1 1 0.0 0.0 0.0
Bi 1.239892967756e+01 1.850565700023e+01 3.436119714775e+01 1 1 1 0.0 0.0 0.0
Bi 1.291808088069e+01 2.266860265161e+01 3.436119714775e+01 1 1 1 0.0 0.0 0.0
Bi 1.343723208383e+01 2.683154830299e+01 3.436119714775e+01 1 1 1 0.0 0.0 0.0
Bi 1.395638328696e+01 3.099449395437e+01 3.436119714775e+01 1 1 1 0.0 0.0 0.0
Bi 1.447553449010e+01 3.515743960574e+01 3.436119714775e+01 1 1 1 0.0 0.0 0.0
Bi 1.499468569323e+01 3.932038525712e+01 3.436119714775e+01 1 1 1 0.0 0.0 0.0
Bi 6.515216042030e+00 1.886961341679e-01 3.436119714775e+01 1 1 1 0.0 0.0 0.0
Bi 1.412943368801e+01 3.519052655270e+00 3.436119714775e+01 1 1 1 0.0 0.0 0.0
Bi 1.464858489114e+01 7.681998306648e+00 3.436119714775e+01 1 1 1 0.0 0.0 0.0
Bi 1.516773609428e+01 1.184494395803e+01 3.436119714775e+01 1 1 1 0.0 0.0 0.0
Bi 1.568688729741e+01 1.600788960940e+01 3.436119714775e+01 1 1 1 0.0 0.0 0.0
Bi 1.620603850055e+01 2.017083526078e+01 3.436119714775e+01 1 1 1 0.0 0.0 0.0
Bi 1.672518970368e+01 2.433378091216e+01 3.436119714775e+01 1 1 1 0.0 0.0 0.0
Bi 1.724434090682e+01 2.849672656354e+01 3.436119714775e+01 1 1 1 0.0 0.0 0.0
Bi 1.776349210995e+01 3.265967221492e+01 3.436119714775e+01 1 1 1 0.0 0.0 0.0
Bi 1.828264331309e+01 3.682261786629e+01 3.436119714775e+01 1 1 1 0.0 0.0 0.0
Bi 1.880179451622e+01 4.098556351767e+01 3.436119714775e+01 1 1 1 0.0 0.0 0.0
Bi 1.793654251100e+01 5.184230915822e+00 3.436119714775e+01 1 1 1 0.0 0.0 0.0
Bi 1.845569371413e+01 9.347176567200e+00 3.436119714775e+01 1 1 1 0.0 0.0 0.0
Bi 1.897484491727e+01 1.351012221858e+01 3.436119714775e+01 1 1 1 0.0 0.0 0.0
Bi 1.949399612040e+01 1.767306786996e+01 3.436119714775e+01 1 1 1 0.0 0.0 0.0
Bi 2.001314732354e+01 2.183601352133e+01 3.436119714775e+01 1 1 1 0.0 0.0 0.0
Bi 2.053229852667e+01 2.599895917271e+01 3.436119714775e+01 1 1 1 0.0 0.0 0.0
Bi 2.105144972981e+01 3.016190482409e+01 3.436119714775e+01 1 1 1 0.0 0.0 0.0
Bi 2.157060093294e+01 3.432485047547e+01 3.436119714775e+01 1 1 1 0.0 0.0 0.0
Bi 2.208975213608e+01 3.848779612685e+01 3.436119714775e+01 1 1 1 0.0 0.0 0.0
Bi 2.260890333921e+01 4.265074177822e+01 3.436119714775e+01 1 1 1 0.0 0.0 0.0
Bi 1.736411510035e+01 9.790395654063e-01 2.831971850542e+01 1 1 1 0.0 0.0 0.0
Bi 3.173982214668e+00 2.644217825957e+00 2.831971850542e+01 1 1 1 0.0 0.0 0.0
Bi 3.693133417803e+00 6.807163477336e+00 2.831971850542e+01 1 1 1 0.0 0.0 0.0
Bi 4.212284620938e+00 1.097010912871e+01 2.831971850542e+01 1 1 1 0.0 0.0 0.0
Bi 4.731435824073e+00 1.513305478009e+01 2.831971850542e+01 1 1 1 0.0 0.0 0.0
Bi 5.250587027208e+00 1.929600043147e+01 2.831971850542e+01 1 1 1 0.0 0.0 0.0
Bi 5.769738230343e+00 2.345894608285e+01 2.831971850542e+01 1 1 1 0.0 0.0 0.0
Bi 6.288889433477e+00 2.762189173423e+01 2.831971850542e+01 1 1 1 0.0 0.0 0.0
Bi 6.808040636612e+00 3.178483738560e+01 2.831971850542e+01 1 1 1 0.0 0.0 0.0
Bi 2.532443354842e+01 3.594778303698e+01 2.831971850542e+01 1 1 1 0.0 0.0 0.0
Bi 2.584358475156e+01 4.011072868836e+01 2.831971850542e+01 1 1 1 0.0 0.0 0.0
Bi 6.981091037657e+00 4.309396086509e+00 2.831971850542e+01 1 1 1 0.0 0.0 0.0
Bi 7.500242240792e+00 8.472341737887e+00 2.831971850542e+01 1 1 1 0.0 0.0 0.0
Bi 8.019393443927e+00 1.263528738926e+01 2.831971850542e+01 1 1 1 0.0 0.0 0.0
Bi 8.538544647062e+00 1.679823304064e+01 2.831971850542e+01 1 1 1 0.0 0.0 0.0
Bi 9.057695850197e+00 2.096117869202e+01 2.831971850542e+01 1 1 1 0.0 0.0 0.0
Bi 9.576847053332e+00 2.512412434340e+01 2.831971850542e+01 1 1 1 0.0 0.0 0.0
Bi 1.009599825647e+01 2.928706999478e+01 2.831971850542e+01 1 1 1 0.0 0.0 0.0
Bi 1.061514945960e+01 3.345001564616e+01 2.831971850542e+01 1 1 1 0.0 0.0 0.0
Bi 1.113430066274e+01 3.761296129753e+01 2.831971850542e+01 1 1 1 0.0 0.0 0.0
Bi 1.165345186587e+01 4.177590694891e+01 2.831971850542e+01 1 1 1 0.0 0.0 0.0
Bi 1.026904865751e+01 1.811628695682e+00 2.831971850542e+01 1 1 1 0.0 0.0 0.0
Bi 1.078819986065e+01 5.974574347060e+00 2.831971850542e+01 1 1 1 0.0 0.0 0.0
Bi 1.130735106378e+01 1.013751999844e+01 2.831971850542e+01 1 1 1 0.0 0.0 0.0
Bi 1.182650226692e+01 1.430046564982e+01 2.831971850542e+01 1 1 1 0.0 0.0 0.0
Bi 1.234565347005e+01 1.846341130119e+01 2.831971850542e+01 1 1 1 0.0 0.0 0.0
Bi 1.286480467319e+01 2.262635695257e+01 2.831971850542e+01 1 1 1 0.0 0.0 0.0
Bi 1.338395587632e+01 2.678930260395e+01 2.831971850542e+01 1 1 1 0.0 0.0 0.0
Bi 1.390310707946e+01 3.095224825533e+01 2.831971850542e+01 1 1 1 0.0 0.0 0.0
Bi 1.442225828259e+01 3.511519390671e+01 2.831971850542e+01 1 1 1 0.0 0.0 0.0
Bi 1.494140948573e+01 3.927813955808e+01 2.831971850542e+01 1 1 1 0.0 0.0 0.0
Bi 6.461939834522e+00 1.464504351307e-01 2.831971850542e+01 1 1 1 0.0 0.0 0.0
Bi 1.407615748050e+01 3.476806956233e+00 2.831971850542e+01 1 1 1 0.0 0.0 0.0
Bi 1.459530868364e+01 7.639752607611e+00 2.831971850542e+01 1 1 1 0.0 0.0 0.0
Bi 1.511445988677e+01 1.180269825899e+01 2.831971850542e+01 1 1 1 0.0 0.0 0.0
Bi 1.563361108991e+01 1.596564391037e+01 2.831971850542e+01 1 1 1 0.0 0.0 0.0
Bi 1.615276229304e+01 2.012858956175e+01 2.831971850542e+01 1 1 1 0.0 0.0 0.0
Bi 1.667191349617e+01 2.429153521312e+01 2.831971850542e+01 1 1 1 0.0 0.0 0.0
Bi 1.719106469931e+01 2.845448086450e+01 2.831971850542e+01 1 1 1 0.0 0.0 0.0
Bi 1.771021590244e+01 3.261742651588e+01 2.831971850542e+01 1 1 1 0.0 0.0 0.0
Bi 1.822936710558e+01 3.678037216726e+01 2.831971850542e+01 1 1 1 0.0 0.0 0.0
Bi 1.874851830871e+01 4.094331781864e+01 2.831971850542e+01 1 1 1 0.0 0.0 0.0
Bi 1.788326630349e+01 5.141985216784e+00 2.831971850542e+01 1 1 1 0.0 0.0 0.0
Bi 1.840241750662e+01 9.304930868162e+00 2.831971850542e+01 1 1 1 0.0 0.0 0.0
Bi 1.892156870976e+01 1.346787651954e+01 2.831971850542e+01 1 1 1 0.0 0.0 0.0
Bi 1.944071991289e+01 1.763082217092e+01 2.831971850542e+01 1 1 1 0.0 0.0 0.0
Bi 1.995987111603e+01 2.179376782230e+01 2.831971850542e+01 1 1 1 0.0 0.0 0.0
Bi 2.047902231916e+01 2.595671347367e+01 2.831971850542e+01 1 1 1 0.0 0.0 0.0
Bi 2.099817352230e+01 3.011965912505e+01 2.831971850542e+01 1 1 1 0.0 0.0 0.0
Bi 2.151732472543e+01 3.428260477643e+01 2.831971850542e+01 1 1 1 0.0 0.0 0.0
Bi 2.203647592857e+01 3.844555042781e+01 2.831971850542e+01 1 1 1 0.0 0.0 0.0
Bi 2.255562713170e+01 4.260849607919e+01 2.831971850542e+01 1 1 1 0.0 0.0 0.0
Bi 9.278692206771e+00 4.207258141716e+01 2.434799808390e+01 1 1 1 0.0 0.0 0.0
Bi 4.087180175422e+00 4.431249033800e-01 2.434799808390e+01 1 1 1 0.0 0.0 0.0
Bi 4.606331378557e+00 4.606070554758e+00 2.434799808390e+01 1 1 1 0.0 0.0 0.0
Bi 5.125482581692e+00 8.769016206136e+00 2.434799808390e+01 1 1 1 0.0 0.0 0.0
Bi 5.644633784827e+00 1.293196185751e+01 2.434799808390e+01 1 1 1 0.0 0.0 0.0
Bi 6.163784987961e+00 1.709490750889e+01 2.434799808390e+01 1 1 1 0.0 0.0 0.0
Bi 6.682936191096e+00 2.125785316027e+01 2.434799808390e+01 1 1 1 0.0 0.0 0.0
Bi 7.202087394231e+00 2.542079881165e+01 2.434799808390e+01 1 1 1 0.0 0.0 0.0
Bi 7.721238597366e+00 2.958374446303e+01 2.434799808390e+01 1 1 1 0.0 0.0 0.0
Bi 8.240389800501e+00 3.374669011440e+01 2.434799808390e+01 1 1 1 0.0 0.0 0.0
Bi 8.759541003636e+00 3.790963576578e+01 2.434799808390e+01 1 1 1 0.0 0.0 0.0
Bi 7.894288998411e+00 2.108303163931e+00 2.434799808390e+01 1 1 1 0.0 0.0 0.0
Bi 8.413440201546e+00 6.271248815309e+00 2.434799808390e+01 1 1 1 0.0 0.0 0.0
Bi 8.932591404681e+00 1.043419446669e+01 2.434799808390e+01 1 1 1 0.0 0.0 0.0
Bi 9.451742607816e+00 1.459714011807e+01 2.434799808390e+01 1 1 1 0.0 0.0 0.0
Bi 9.970893810951e+00 1.876008576944e+01 2.434799808390e+01 1 1 1 0.0 0.0 0.0
Bi 1.049004501409e+01 2.292303142082e+01 2.434799808390e+01 1 1 1 0.0 0.0 0.0
Bi 1.100919621722e+01 2.708597707220e+01 2.434799808390e+01 1 1 1 0.0 0.0 0.0
Bi 1.152834742036e+01 3.124892272358e+01 2.434799808390e+01 1 1 1 0.0 0.0 0.0
Bi 1.204749862349e+01 3.541186837496e+01 2.434799808390e+01 1 1 1 0.0 0.0 0.0
Bi 1.256664982662e+01 3.957481402633e+01 2.434799808390e+01 1 1 1 0.0 0.0 0.0
Bi 2.018086747260e+01 4.290517054744e+01 2.434799808390e+01 1 1 1 0.0 0.0 0.0
Bi 1.170139782140e+01 3.773481424482e+00 2.434799808390e+01 1 1 1 0.0 0.0 0.0
Bi 1.222054902453e+01 7.936427075860e+00 2.434799808390e+01 1 1 1 0.0 0.0 0.0
Bi 1.273970022767e+01 1.209937272724e+01 2.434799808390e+01 1 1 1 0.0 0.0 0.0
Bi 1.325885143080e+01 1.626231837862e+01 2.434799808390e+01 1 1 1 0.0 0.0 0.0
Bi 1.377800263394e+01 2.042526402999e+01 2.434799808390e+01 1 1 1 0.0 0.0 0.0
Bi 1.429715383707e+01 2.458820968137e+01 2.434799808390e+01 1 1 1 0.0 0.0 0.0
Bi 1.481630504021e+01 2.875115533275e+01 2.434799808390e+01 1 1 1 0.0 0.0 0.0
Bi 1.533545624334e+01 3.291410098413e+01 2.434799808390e+01 1 1 1 0.0 0.0 0.0
Bi 1.585460744648e+01 3.707704663551e+01 2.434799808390e+01 1 1 1 0.0 0.0 0.0
Bi 1.637375864961e+01 4.123999228688e+01 2.434799808390e+01 1 1 1 0.0 0.0 0.0
Bi 1.498935544125e+01 1.275714033656e+00 2.434799808390e+01 1 1 1 0.0 0.0 0.0
Bi 1.550850664439e+01 5.438659685034e+00 2.434799808390e+01 1 1 1 0.0 0.0 0.0
Bi 1.602765784752e+01 9.601605336412e+00 2.434799808390e+01 1 1 1 0.0 0.0 0.0
Bi 1.654680905066e+01 1.376455098779e+01 2.434799808390e+01 1 1 1 0.0 0.0 0.0
Bi 1.706596025379e+01 1.792749663917e+01 2.434799808390e+01 1 1 1 0.0 0.0 0.0
Bi 1.758511145693e+01 2.209044229055e+01 2.434799808390e+01 1 1 1 0.0 0.0 0.0
Bi 1.810426266006e+01 2.625338794192e+01 2.434799808390e+01 1 1 1 0.0 0.0 0.0
Bi 1.862341386320e+01 3.041633359330e+01 2.434799808390e+01 1 1 1 0.0 0.0 0.0
Bi 1.914256506633e+01 3.457927924468e+01 2.434799808390e+01 1 1 1 0.0 0.0 0.0
Bi 1.966171626947e+01 3.874222489606e+01 2.434799808390e+01 1 1 1 0.0 0.0 0.0
Bi 7.992225555678e-01 2.940892294207e+00 2.434799808390e+01 1 1 1 0.0 0.0 0.0
Bi 1.931561546738e+01 7.103837945585e+00 2.434799808390e+01 1 1 1 0.0 0.0 0.0
Bi 1.983476667051e+01 1.126678359696e+01 2.434799808390e+01 1 1 1 0.0 0.0 0.0
Bi 2.035391787365e+01 1.542972924834e+01 2.434799808390e+01 1 1 1 0.0 0.0 0.0
Bi 2.087306907678e+01 1.959267489972e+01 2.434799808390e+01 1 1 1 0.0 0.0 0.0
Bi 2.139222027992e+01 2.375562055110e+01 2.434799808390e+01 1 1 1 0.0 0.0 0.0
Bi 2.191137148305e+01 2.791856620248e+01 2.434799808390e+01 1 1 1 0.0 0.0 0.0
Bi 2.243052268619e+01 3.208151185385e+01 2.434799808390e+01 1 1 1 0.0 0.0 0.0
Bi 2.294967388932e+01 3.624445750523e+01 2.434799808390e+01 1 1 1 0.0 0.0 0.0
Bi 2.346882509246e+01 4.040740315661e+01 2.434799808390e+01 1 1 1 0.0 0.0 0.0
Se 2.603888569983e+01 4.303727558481e+01 1.000000000000e+01 1 1 1 0.0 0.0 0.0
Se 2.042563421598e+00 1.474426201453e+00 1.000000000000e+01 1 1 1 0.0 0.0 0.0
Se 1.404072456072e+01 4.303727558481e+01 1.000000000000e+01 1 1 1 0.0 0.0 0.0
Se 2.042563421598e+00 4.937996983399e+00 1.000000000000e+01 1 1 1 0.0 0.0 0.0
Se 5.042103706377e+00 3.206211592426e+00 1.000000000000e+01 1 1 1 0.0 0.0 0.0
Se 8.041643991157e+00 1.474426201453e+00 1.000000000000e+01 1 1 1 0.0 0.0 0.0
Se 2.003980513027e+01 4.303727558481e+01 1.000000000000e+01 1 1 1 0.0 0.0 0.0
Se 2.042563421598e+00 8.401567765346e+00 1.000000000000e+01 1 1 1 0.0 0.0 0.0
Se 5.042103706377e+00 6.669782374373e+00 1.000000000000e+01 1 1 1 0.0 0.0 0.0
Se 8.041643991157e+00 4.937996983399e+00 1.000000000000e+01 1 1 1 0.0 0.0 0.0
Se 1.104118427594e+01 3.206211592426e+00 1.000000000000e+01 1 1 1 0.0 0.0 0.0
Se 1.404072456072e+01 1.474426201453e+00 1.000000000000e+01 1 1 1 0.0 0.0 0.0
Se 2.003980513027e+01 1.186513854729e+01 1.000000000000e+01 1 1 1 0.0 0.0 0.0
Se 5.042103706377e+00 1.013335315632e+01 1.000000000000e+01 1 1 1 0.0 0.0 0.0
Se 8.041643991157e+00 8.401567765346e+00 1.000000000000e+01 1 1 1 0.0 0.0 0.0
Se 1.104118427594e+01 6.669782374373e+00 1.000000000000e+01 1 1 1 0.0 0.0 0.0
Se 1.404072456072e+01 4.937996983399e+00 1.000000000000e+01 1 1 1 0.0 0.0 0.0
Se 1.704026484549e+01 3.206211592426e+00 1.000000000000e+01 1 1 1 0.0 0.0 0.0
Se 5.042103706377e+00 1.359692393827e+01 1.000000000000e+01 1 1 1 0.0 0.0 0.0
Se 8.041643991157e+00 1.186513854729e+01 1.000000000000e+01 1 1 1 0.0 0.0 0.0
Se 1.104118427594e+01 1.013335315632e+01 1.000000000000e+01 1 1 1 0.0 0.0 0.0
Se 1.404072456072e+01 8.401567765346e+00 1.000000000000e+01 1 1 1 0.0 0.0 0.0
Se 1.704026484549e+01 6.669782374373e+00 1.000000000000e+01 1 1 1 0.0 0.0 0.0
Se 5.042103706377e+00 1.706049472021e+01 1.000000000000e+01 1 1 1 0.0 0.0 0.0
Se 8.041643991157e+00 1.532870932924e+01 1.000000000000e+01 1 1 1 0.0 0.0 0.0
Se 1.104118427594e+01 1.359692393827e+01 1.000000000000e+01 1 1 1 0.0 0.0 0.0
Se 1.404072456072e+01 1.186513854729e+01 1.000000000000e+01 1 1 1 0.0 0.0 0.0
Se 1.704026484549e+01 1.013335315632e+01 1.000000000000e+01 1 1 1 0.0 0.0 0.0
Se 5.042103706377e+00 2.052406550216e+01 1.000000000000e+01 1 1 1 0.0 0.0 0.0
Se 8.041643991157e+00 1.879228011119e+01 1.000000000000e+01 1 1 1 0.0 0.0 0.0
Se 1.104118427594e+01 1.706049472021e+01 1.000000000000e+01 1 1 1 0.0 0.0 0.0
Se 1.404072456072e+01 1.532870932924e+01 1.000000000000e+01 1 1 1 0.0 0.0 0.0
Se 1.704026484549e+01 1.359692393827e+01 1.000000000000e+01 1 1 1 0.0 0.0 0.0
Se 5.042103706377e+00 2.398763628411e+01 1.000000000000e+01 1 1 1 0.0 0.0 0.0
Se 8.041643991157e+00 2.225585089313e+01 1.000000000000e+01 1 1 1 0.0 0.0 0.0
Se 1.104118427594e+01 2.052406550216e+01 1.000000000000e+01 1 1 1 0.0 0.0 0.0
Se 1.404072456072e+01 1.879228011119e+01 1.000000000000e+01 1 1 1 0.0 0.0 0.0
Se 1.704026484549e+01 1.706049472021e+01 1.000000000000e+01 1 1 1 0.0 0.0 0.0
Se 2.003980513027e+01 1.532870932924e+01 1.000000000000e+01 1 1 1 0.0 0.0 0.0
Se 2.303934541505e+01 2.745120706605e+01 1.000000000000e+01 1 1 1 0.0 0.0 0.0
Se 8.041643991157e+00 2.571942167508e+01 1.000000000000e+01 1 1 1 0.0 0.0 0.0
Se 1.104118427594e+01 2.398763628411e+01 1.000000000000e+01 1 1 1 0.0 0.0 0.0
Se 1.404072456072e+01 2.225585089313e+01 1.000000000000e+01 1 1 1 0.0 0.0 0.0
Se 1.704026484549e+01 2.052406550216e+01 1.000000000000e+01 1 1 1 0.0 0.0 0.0
Se 2.003980513027e+01 1.879228011119e+01 1.000000000000e+01 1 1 1 0.0 0.0 0.0
Se 8.041643991157e+00 2.918299245703e+01 1.000000000000e+01 1 1 1 0.0 0.0 0.0
Se 1.104118427594e+01 2.745120706605e+01 1.000000000000e+01 1 1 1 0.0 0.0 0.0
Se 1.404072456072e+01 2.571942167508e+01 1.000000000000e+01 1 1 1 0.0 0.0 0.0
Se 1.704026484549e+01 2.398763628411e+01 1.000000000000e+01 1 1 1 0.0 0.0 0.0
Se 2.003980513027e+01 2.225585089313e+01 1.000000000000e+01 1 1 1 0.0 0.0 0.0
Se 8.041643991157e+00 3.264656323897e+01 1.000000000000e+01 1 1 1 0.0 0.0 0.0
Se 1.104118427594e+01 3.091477784800e+01 1.000000000000e+01 1 1 1 0.0 0.0 0.0
Se 1.404072456072e+01 2.918299245703e+01 1.000000000000e+01 1 1 1 0.0 0.0 0.0
Se 1.704026484549e+01 2.745120706605e+01 1.000000000000e+01 1 1 1 0.0 0.0 0.0
Se 2.003980513027e+01 2.571942167508e+01 1.000000000000e+01 1 1 1 0.0 0.0 0.0
Se 8.041643991157e+00 3.611013402092e+01 1.000000000000e+01 1 1 1 0.0 0.0 0.0
Se 1.104118427594e+01 3.437834862994e+01 1.000000000000e+01 1 1 1 0.0 0.0 0.0
Se 1.404072456072e+01 3.264656323897e+01 1.000000000000e+01 1 1 1 0.0 0.0 0.0
Se 1.704026484549e+01 3.091477784800e+01 1.000000000000e+01 1 1 1 0.0 0.0 0.0
Se 2.003980513027e+01 2.918299245703e+01 1.000000000000e+01 1 1 1 0.0 0.0 0.0
Se 2.603888569983e+01 3.957370480286e+01 1.000000000000e+01 1 1 1 0.0 0.0 0.0
Se 1.104118427594e+01 3.784191941189e+01 1.000000000000e+01 1 1 1 0.0 0.0 0.0
Se 1.404072456072e+01 3.611013402092e+01 1.000000000000e+01 1 1 1 0.0 0.0 0.0
Se 1.704026484549e+01 3.437834862994e+01 1.000000000000e+01 1 1 1 0.0 0.0 0.0
Se 2.003980513027e+01 3.264656323897e+01 1.000000000000e+01 1 1 1 0.0 0.0 0.0
Se 2.303934541505e+01 3.091477784800e+01 1.000000000000e+01 1 1 1 0.0 0.0 0.0
Se 1.104118427594e+01 4.130549019384e+01 1.000000000000e+01 1 1 1 0.0 0.0 0.0
Se 1.404072456072e+01 3.957370480286e+01 1.000000000000e+01 1 1 1 0.0 0.0 0.0
Se 1.704026484549e+01 3.784191941189e+01 1.000000000000e+01 1 1 1 0.0 0.0 0.0
Se 2.003980513027e+01 3.611013402092e+01 1.000000000000e+01 1 1 1 0.0 0.0 0.0
Se 2.303934541505e+01 3.437834862994e+01 1.000000000000e+01 1 1 1 0.0 0.0 0.0
Se 1.704026484549e+01 4.130549019384e+01 1.000000000000e+01 1 1 1 0.0 0.0 0.0
Se 2.003980513027e+01 3.957370480286e+01 1.000000000000e+01 1 1 1 0.0 0.0 0.0
Se 2.303934541505e+01 3.784191941189e+01 1.000000000000e+01 1 1 1 0.0 0.0 0.0
Se 2.303934541505e+01 4.130549019384e+01 1.000000000000e+01 1 1 1 0.0 0.0 0.0
Se 9.035793096018e+00 4.129723860599e+01 1.614602824434e+01 1 1 1 0.0 0.0 0.0
Se 1.203533338080e+01 4.302902399697e+01 1.614602824434e+01 1 1 1 0.0 0.0 0.0
Se 1.503487366558e+01 4.129723860599e+01 1.614602824434e+01 1 1 1 0.0 0.0 0.0
Se 3.036712526460e+00 3.197960004580e+00 1.614602824434e+01 1 1 1 0.0 0.0 0.0
Se 6.036252811239e+00 1.466174613607e+00 1.614602824434e+01 1 1 1 0.0 0.0 0.0
Se 1.803441395036e+01 4.302902399697e+01 1.614602824434e+01 1 1 1 0.0 0.0 0.0
Se 2.103395423514e+01 4.129723860599e+01 1.614602824434e+01 1 1 1 0.0 0.0 0.0
Se 3.036712526460e+00 6.661530786526e+00 1.614602824434e+01 1 1 1 0.0 0.0 0.0
Se 6.036252811239e+00 4.929745395553e+00 1.614602824434e+01 1 1 1 0.0 0.0 0.0
Se 9.035793096018e+00 3.197960004580e+00 1.614602824434e+01 1 1 1 0.0 0.0 0.0
Se 1.203533338080e+01 1.466174613607e+00 1.614602824434e+01 1 1 1 0.0 0.0 0.0
Se 2.403349451991e+01 4.302902399697e+01 1.614602824434e+01 1 1 1 0.0 0.0 0.0
Se 3.036712526460e+00 1.012510156847e+01 1.614602824434e+01 1 1 1 0.0 0.0 0.0
Se 6.036252811239e+00 8.393316177500e+00 1.614602824434e+01 1 1 1 0.0 0.0 0.0
Se 9.035793096018e+00 6.661530786526e+00 1.614602824434e+01 1 1 1 0.0 0.0 0.0
Se 1.203533338080e+01 4.929745395553e+00 1.614602824434e+01 1 1 1 0.0 0.0 0.0
Se 1.503487366558e+01 3.197960004580e+00 1.614602824434e+01 1 1 1 0.0 0.0 0.0
Se 1.803441395036e+01 1.466174613607e+00 1.614602824434e+01 1 1 1 0.0 0.0 0.0
Se 6.036252811239e+00 1.185688695945e+01 1.614602824434e+01 1 1 1 0.0 0.0 0.0
Se 9.035793096018e+00 1.012510156847e+01 1.614602824434e+01 1 1 1 0.0 0.0 0.0
Se 1.203533338080e+01 8.393316177500e+00 1.614602824434e+01 1 1 1 0.0 0.0 0.0
Se 1.503487366558e+01 6.661530786526e+00 1.614602824434e+01 1 1 1 0.0 0.0 0.0
Se 1.803441395036e+01 4.929745395553e+00 1.614602824434e+01 1 1 1 0.0 0.0 0.0
Se 6.036252811239e+00 1.532045774139e+01 1.614602824434e+01 1 1 1 0.0 0.0 0.0
Se 9.035793096018e+00 1.358867235042e+01 1.614602824434e+01 1 1 1 0.0 0.0 0.0
Se 1.203533338080e+01 1.185688695945e+01 1.614602824434e+01 1 1 1 0.0 0.0 0.0
Se 1.503487366558e+01 1.012510156847e+01 1.614602824434e+01 1 1 1 0.0 0.0 0.0
Se 1.803441395036e+01 8.393316177500e+00 1.614602824434e+01 1 1 1 0.0 0.0 0.0
Se 6.036252811239e+00 1.878402852334e+01 1.614602824434e+01 1 1 1 0.0 0.0 0.0
Se 9.035793096018e+00 1.705224313237e+01 1.614602824434e+01 1 1 1 0.0 0.0 0.0
Se 1.203533338080e+01 1.532045774139e+01 1.614602824434e+01 1 1 1 0.0 0.0 0.0
Se 1.503487366558e+01 1.358867235042e+01 1.614602824434e+01 1 1 1 0.0 0.0 0.0
Se 1.803441395036e+01 1.185688695945e+01 1.614602824434e+01 1 1 1 0.0 0.0 0.0
Se 6.036252811239e+00 2.224759930529e+01 1.614602824434e+01 1 1 1 0.0 0.0 0.0
Se 9.035793096018e+00 2.051581391431e+01 1.614602824434e+01 1 1 1 0.0 0.0 0.0
Se 1.203533338080e+01 1.878402852334e+01 1.614602824434e+01 1 1 1 0.0 0.0 0.0
Se 1.503487366558e+01 1.705224313237e+01 1.614602824434e+01 1 1 1 0.0 0.0 0.0
Se 1.803441395036e+01 1.532045774139e+01 1.614602824434e+01 1 1 1 0.0 0.0 0.0
Se 3.036712526460e+00 1.358867235042e+01 1.614602824434e+01 1 1 1 0.0 0.0 0.0
Se 6.036252811239e+00 2.571117008723e+01 1.614602824434e+01 1 1 1 0.0 0.0 0.0
Se 9.035793096018e+00 2.397938469626e+01 1.614602824434e+01 1 1 1 0.0 0.0 0.0
Se 1.203533338080e+01 2.224759930529e+01 1.614602824434e+01 1 1 1 0.0 0.0 0.0
Se 1.503487366558e+01 2.051581391431e+01 1.614602824434e+01 1 1 1 0.0 0.0 0.0
Se 1.803441395036e+01 1.878402852334e+01 1.614602824434e+01 1 1 1 0.0 0.0 0.0
Se 2.103395423514e+01 1.705224313237e+01 1.614602824434e+01 1 1 1 0.0 0.0 0.0
Se 9.035793096018e+00 2.744295547821e+01 1.614602824434e+01 1 1 1 0.0 0.0 0.0
Se 1.203533338080e+01 2.571117008723e+01 1.614602824434e+01 1 1 1 0.0 0.0 0.0
Se 1.503487366558e+01 2.397938469626e+01 1.614602824434e+01 1 1 1 0.0 0.0 0.0
Se 1.803441395036e+01 2.224759930529e+01 1.614602824434e+01 1 1 1 0.0 0.0 0.0
Se 2.103395423514e+01 2.051581391431e+01 1.614602824434e+01 1 1 1 0.0 0.0 0.0
Se 9.035793096018e+00 3.090652626015e+01 1.614602824434e+01 1 1 1 0.0 0.0 0.0
Se 1.203533338080e+01 2.917474086918e+01 1.614602824434e+01 1 1 1 0.0 0.0 0.0
Se 1.503487366558e+01 2.744295547821e+01 1.614602824434e+01 1 1 1 0.0 0.0 0.0
Se 1.803441395036e+01 2.571117008723e+01 1.614602824434e+01 1 1 1 0.0 0.0 0.0
Se 2.103395423514e+01 2.397938469626e+01 1.614602824434e+01 1 1 1 0.0 0.0 0.0
Se 9.035793096018e+00 3.437009704210e+01 1.614602824434e+01 1 1 1 0.0 0.0 0.0
Se 1.203533338080e+01 3.263831165113e+01 1.614602824434e+01 1 1 1 0.0 0.0 0.0
Se 1.503487366558e+01 3.090652626015e+01 1.614602824434e+01 1 1 1 0.0 0.0 0.0
Se 1.803441395036e+01 2.917474086918e+01 1.614602824434e+01 1 1 1 0.0 0.0 0.0
Se 2.103395423514e+01 2.744295547821e+01 1.614602824434e+01 1 1 1 0.0 0.0 0.0
Se 9.035793096018e+00 3.783366782405e+01 1.614602824434e+01 1 1 1 0.0 0.0 0.0
Se 1.203533338080e+01 3.610188243307e+01 1.614602824434e+01 1 1 1 0.0 0.0 0.0
Se 1.503487366558e+01 3.437009704210e+01 1.614602824434e+01 1 1 1 0.0 0.0 0.0
Se 1.803441395036e+01 3.263831165113e+01 1.614602824434e+01 1 1 1 0.0 0.0 0.0
Se 2.103395423514e+01 3.090652626015e+01 1.614602824434e+01 1 1 1 0.0 0.0 0.0
Se 2.403349451991e+01 2.917474086918e+01 1.614602824434e+01 1 1 1 0.0 0.0 0.0
Se 1.203533338080e+01 3.956545321502e+01 1.614602824434e+01 1 1 1 0.0 0.0 0.0
Se 1.503487366558e+01 3.783366782405e+01 1.614602824434e+01 1 1 1 0.0 0.0 0.0
Se 1.803441395036e+01 3.610188243307e+01 1.614602824434e+01 1 1 1 0.0 0.0 0.0
Se 2.103395423514e+01 3.437009704210e+01 1.614602824434e+01 1 1 1 0.0 0.0 0.0
Se 2.403349451991e+01 3.263831165113e+01 1.614602824434e+01 1 1 1 0.0 0.0 0.0
Se 1.803441395036e+01 3.956545321502e+01 1.614602824434e+01 1 1 1 0.0 0.0 0.0
Se 2.103395423514e+01 3.783366782405e+01 1.614602824434e+01 1 1 1 0.0 0.0 0.0
Se 2.403349451991e+01 3.610188243307e+01 1.614602824434e+01 1 1 1 0.0 0.0 0.0
Se 2.403349451991e+01 3.956545321502e+01 1.614602824434e+01 1 1 1 0.0 0.0 0.0
Se 2.603863619276e+01 4.303622871346e+01 1.336443756309e+01 1 1 1 0.0 0.0 0.0
Se 2.042313914525e+00 1.473379330101e+00 1.336443756309e+01 1 1 1 0.0 0.0 0.0
Se 1.404047505364e+01 4.303622871346e+01 1.336443756309e+01 1 1 1 0.0 0.0 0.0
Se 2.042313914525e+00 4.936950112048e+00 1.336443756309e+01 1 1 1 0.0 0.0 0.0
Se 5.041854199305e+00 3.205164721074e+00 1.336443756309e+01 1 1 1 0.0 0.0 0.0
Se 8.041394484084e+00 1.473379330101e+00 1.336443756309e+01 1 1 1 0.0 0.0 0.0
Se 2.003955562320e+01 4.303622871346e+01 1.336443756309e+01 1 1 1 0.0 0.0 0.0
Se 2.042313914525e+00 8.400520893994e+00 1.336443756309e+01 1 1 1 0.0 0.0 0.0
Se 5.041854199305e+00 6.668735503021e+00 1.336443756309e+01 1 1 1 0.0 0.0 0.0
Se 8.041394484084e+00 4.936950112048e+00 1.336443756309e+01 1 1 1 0.0 0.0 0.0
Se 1.104093476886e+01 3.205164721074e+00 1.336443756309e+01 1 1 1 0.0 0.0 0.0
Se 1.404047505364e+01 1.473379330101e+00 1.336443756309e+01 1 1 1 0.0 0.0 0.0
Se 2.003955562320e+01 1.186409167594e+01 1.336443756309e+01 1 1 1 0.0 0.0 0.0
Se 5.041854199305e+00 1.013230628497e+01 1.336443756309e+01 1 1 1 0.0 0.0 0.0
Se 8.041394484084e+00 8.400520893994e+00 1.336443756309e+01 1 1 1 0.0 0.0 0.0
Se 1.104093476886e+01 6.668735503021e+00 1.336443756309e+01 1 1 1 0.0 0.0 0.0
Se 1.404047505364e+01 4.936950112048e+00 1.336443756309e+01 1 1 1 0.0 0.0 0.0
Se 1.704001533842e+01 3.205164721074e+00 1.336443756309e+01 1 1 1 0.0 0.0 0.0
Se 5.041854199305e+00 1.359587706691e+01 1.336443756309e+01 1 1 1 0.0 0.0 0.0
Se 8.041394484084e+00 1.186409167594e+01 1.336443756309e+01 1 1 1 0.0 0.0 0.0
Se 1.104093476886e+01 1.013230628497e+01 1.336443756309e+01 1 1 1 0.0 0.0 0.0
Se 1.404047505364e+01 8.400520893994e+00 1.336443756309e+01 1 1 1 0.0 0.0 0.0
Se 1.704001533842e+01 6.668735503021e+00 1.336443756309e+01 1 1 1 0.0 0.0 0.0
Se 5.041854199305e+00 1.705944784886e+01 1.336443756309e+01 1 1 1 0.0 0.0 0.0
Se 8.041394484084e+00 1.532766245789e+01 1.336443756309e+01 1 1 1 0.0 0.0 0.0
Se 1.104093476886e+01 1.359587706691e+01 1.336443756309e+01 1 1 1 0.0 0.0 0.0
Se 1.404047505364e+01 1.186409167594e+01 1.336443756309e+01 1 1 1 0.0 0.0 0.0
Se 1.704001533842e+01 1.013230628497e+01 1.336443756309e+01 1 1 1 0.0 0.0 0.0
Se 5.041854199305e+00 2.052301863081e+01 1.336443756309e+01 1 1 1 0.0 0.0 0.0
Se 8.041394484084e+00 1.879123323983e+01 1.336443756309e+01 1 1 1 0.0 0.0 0.0
Se 1.104093476886e+01 1.705944784886e+01 1.336443756309e+01 1 1 1 0.0 0.0 0.0
Se 1.404047505364e+01 1.532766245789e+01 1.336443756309e+01 1 1 1 0.0 0.0 0.0
Se 1.704001533842e+01 1.359587706691e+01 1.336443756309e+01 1 1 1 0.0 0.0 0.0
Se 5.041854199305e+00 2.398658941275e+01 1.336443756309e+01 1 1 1 0.0 0.0 0.0
Se 8.041394484084e+00 2.225480402178e+01 1.336443756309e+01 1 1 1 0.0 0.0 0.0
Se 1.104093476886e+01 2.052301863081e+01 1.336443756309e+01 1 1 1 0.0 0.0 0.0
Se 1.404047505364e+01 1.879123323983e+01 1.336443756309e+01 1 1 1 0.0 0.0 0.0
Se 1.704001533842e+01 1.705944784886e+01 1.336443756309e+01 1 1 1 0.0 0.0 0.0
Se 2.003955562320e+01 1.532766245789e+01 1.336443756309e+01 1 1 1 0.0 0.0 0.0
Se 2.303909590798e+01 2.745016019470e+01 1.336443756309e+01 1 1 1 0.0 0.0 0.0
Se 8.041394484084e+00 2.571837480373e+01 1.336443756309e+01 1 1 1 0.0 0.0 0.0
Se 1.104093476886e+01 2.398658941275e+01 1.336443756309e+01 1 1 1 0.0 0.0 0.0
Se 1.404047505364e+01 2.225480402178e+01 1.336443756309e+01 1 1 1 0.0 0.0 0.0
Se 1.704001533842e+01 2.052301863081e+01 1.336443756309e+01 1 1 1 0.0 0.0 0.0
Se 2.003955562320e+01 1.879123323983e+01 1.336443756309e+01 1 1 1 0.0 0.0 0.0
Se 8.041394484084e+00 2.918194558567e+01 1.336443756309e+01 1 1 1 0.0 0.0 0.0
Se 1.104093476886e+01 2.745016019470e+01 1.336443756309e+01 1 1 1 0.0 0.0 0.0
Se 1.404047505364e+01 2.571837480373e+01 1.336443756309e+01 1 1 1 0.0 0.0 0.0
Se 1.704001533842e+01 2.398658941275e+01 1.336443756309e+01 1 1 1 0.0 0.0 0.0
Se 2.003955562320e+01 2.225480402178e+01 1.336443756309e+01 1 1 1 0.0 0.0 0.0
Se 8.041394484084e+00 3.264551636762e+01 1.336443756309e+01 1 1 1 0.0 0.0 0.0
Se 1.104093476886e+01 3.091373097665e+01 1.336443756309e+01 1 1 1 0.0 0.0 0.0
Se 1.404047505364e+01 2.918194558567e+01 1.336443756309e+01 1 1 1 0.0 0.0 0.0
Se 1.704001533842e+01 2.745016019470e+01 1.336443756309e+01 1 1 1 0.0 0.0 0.0
Se 2.003955562320e+01 2.571837480373e+01 1.336443756309e+01 1 1 1 0.0 0.0 0.0
Se 8.041394484084e+00 3.610908714957e+01 1.336443756309e+01 1 1 1 0.0 0.0 0.0
Se 1.104093476886e+01 3.437730175859e+01 1.336443756309e+01 1 1 1 0.0 0.0 0.0
Se 1.404047505364e+01 3.264551636762e+01 1.336443756309e+01 1 1 1 0.0 0.0 0.0
Se 1.704001533842e+01 3.091373097665e+01 1.336443756309e+01 1 1 1 0.0 0.0 0.0
Se 2.003955562320e+01 2.918194558567e+01 1.336443756309e+01 1 1 1 0.0 0.0 0.0
Se 2.603863619276e+01 3.957265793151e+01 1.336443756309e+01 1 1 1 0.0 0.0 0.0
Se 1.104093476886e+01 3.784087254054e+01 1.336443756309e+01 1 1 1 0.0 0.0 0.0
Se 1.404047505364e+01 3.610908714957e+01 1.336443756309e+01 1 1 1 0.0 0.0 0.0
Se 1.704001533842e+01 3.437730175859e+01 1.336443756309e+01 1 1 1 0.0 0.0 0.0
Se 2.003955562320e+01 3.264551636762e+01 1.336443756309e+01 1 1 1 0.0 0.0 0.0
Se 2.303909590798e+01 3.091373097665e+01 1.336443756309e+01 1 1 1 0.0 0.0 0.0
Se 1.104093476886e+01 4.130444332249e+01 1.336443756309e+01 1 1 1 0.0 0.0 0.0
Se 1.404047505364e+01 3.957265793151e+01 1.336443756309e+01 1 1 1 0.0 0.0 0.0
Se 1.704001533842e+01 3.784087254054e+01 1.336443756309e+01 1 1 1 0.0 0.0 0.0
Se 2.003955562320e+01 3.610908714957e+01 1.336443756309e+01 1 1 1 0.0 0.0 0.0
Se 2.303909590798e+01 3.437730175859e+01 1.336443756309e+01 1 1 1 0.0 0.0 0.0
Se 1.704001533842e+01 4.130444332249e+01 1.336443756309e+01 1 1 1 0.0 0.0 0.0
Se 2.003955562320e+01 3.957265793151e+01 1.336443756309e+01 1 1 1 0.0 0.0 0.0
Se 2.303909590798e+01 3.784087254054e+01 1.336443756309e+01 1 1 1 0.0 0.0 0.0
Se 2.303909590798e+01 4.130444332249e+01 1.336443756309e+01 1 1 1 0.0 0.0 0.0
Se 9.035725731754e+00 4.129618279154e+01 1.951046802998e+01 1 1 1 0.0 0.0 0.0
Se 1.203526601653e+01 4.302796818252e+01 1.951046802998e+01 1 1 1 0.0 0.0 0.0
Se 1.503480630131e+01 4.129618279154e+01 1.951046802998e+01 1 1 1 0.0 0.0 0.0
Se 3.036645162196e+00 3.196904190133e+00 1.951046802998e+01 1 1 1 0.0 0.0 0.0
Se 6.036185446975e+00 1.465118799159e+00 1.951046802998e+01 1 1 1 0.0 0.0 0.0
Se 1.803434658609e+01 4.302796818252e+01 1.951046802998e+01 1 1 1 0.0 0.0 0.0
Se 2.103388687087e+01 4.129618279154e+01 1.951046802998e+01 1 1 1 0.0 0.0 0.0
Se 3.036645162196e+00 6.660474972079e+00 1.951046802998e+01 1 1 1 0.0 0.0 0.0
Se 6.036185446975e+00 4.928689581106e+00 1.951046802998e+01 1 1 1 0.0 0.0 0.0
Se 9.035725731754e+00 3.196904190133e+00 1.951046802998e+01 1 1 1 0.0 0.0 0.0
Se 1.203526601653e+01 1.465118799159e+00 1.951046802998e+01 1 1 1 0.0 0.0 0.0
Se 2.403342715565e+01 4.302796818252e+01 1.951046802998e+01 1 1 1 0.0 0.0 0.0
Se 3.036645162196e+00 1.012404575403e+01 1.951046802998e+01 1 1 1 0.0 0.0 0.0
Se 6.036185446975e+00 8.392260363052e+00 1.951046802998e+01 1 1 1 0.0 0.0 0.0
Se 9.035725731754e+00 6.660474972079e+00 1.951046802998e+01 1 1 1 0.0 0.0 0.0
Se 1.203526601653e+01 4.928689581106e+00 1.951046802998e+01 1 1 1 0.0 0.0 0.0
Se 1.503480630131e+01 3.196904190133e+00 1.951046802998e+01 1 1 1 0.0 0.0 0.0
Se 1.803434658609e+01 1.465118799159e+00 1.951046802998e+01 1 1 1 0.0 0.0 0.0
Se 6.036185446975e+00 1.185583114500e+01 1.951046802998e+01 1 1 1 0.0 0.0 0.0
Se 9.035725731754e+00 1.012404575403e+01 1.951046802998e+01 1 1 1 0.0 0.0 0.0
Se 1.203526601653e+01 8.392260363052e+00 1.951046802998e+01 1 1 1 0.0 0.0 0.0
Se 1.503480630131e+01 6.660474972079e+00 1.951046802998e+01 1 1 1 0.0 0.0 0.0
Se 1.803434658609e+01 4.928689581106e+00 1.951046802998e+01 1 1 1 0.0 0.0 0.0
Se 6.036185446975e+00 1.531940192695e+01 1.951046802998e+01 1 1 1 0.0 0.0 0.0
Se 9.035725731754e+00 1.358761653597e+01 1.951046802998e+01 1 1 1 0.0 0.0 0.0
Se 1.203526601653e+01 1.185583114500e+01 1.951046802998e+01 1 1 1 0.0 0.0 0.0
Se 1.503480630131e+01 1.012404575403e+01 1.951046802998e+01 1 1 1 0.0 0.0 0.0
Se 1.803434658609e+01 8.392260363052e+00 1.951046802998e+01 1 1 1 0.0 0.0 0.0
Se 6.036185446975e+00 1.878297270889e+01 1.951046802998e+01 1 1 1 0.0 0.0 0.0
Se 9.035725731754e+00 1.705118731792e+01 1.951046802998e+01 1 1 1 0.0 0.0 0.0
Se 1.203526601653e+01 1.531940192695e+01 1.951046802998e+01 1 1 1 0.0 0.0 0.0
Se 1.503480630131e+01 1.358761653597e+01 1.951046802998e+01 1 1 1 0.0 0.0 0.0
Se 1.803434658609e+01 1.185583114500e+01 1.951046802998e+01 1 1 1 0.0 0.0 0.0
Se 6.036185446975e+00 2.224654349084e+01 1.951046802998e+01 1 1 1 0.0 0.0 0.0
Se 9.035725731754e+00 2.051475809987e+01 1.951046802998e+01 1 1 1 0.0 0.0 0.0
Se 1.203526601653e+01 1.878297270889e+01 1.951046802998e+01 1 1 1 0.0 0.0 0.0
Se 1.503480630131e+01 1.705118731792e+01 1.951046802998e+01 1 1 1 0.0 0.0 0.0
Se 1.803434658609e+01 1.531940192695e+01 1.951046802998e+01 1 1 1 0.0 0.0 0.0
Se 3.036645162196e+00 1.358761653597e+01 1.951046802998e+01 1 1 1 0.0 0.0 0.0
Se 6.036185446975e+00 2.571011427279e+01 1.951046802998e+01 1 1 1 0.0 0.0 0.0
Se 9.035725731754e+00 2.397832888181e+01 1.951046802998e+01 1 1 1 0.0 0.0 0.0
Se 1.203526601653e+01 2.224654349084e+01 1.951046802998e+01 1 1 1 0.0 0.0 0.0
Se 1.503480630131e+01 2.051475809987e+01 1.951046802998e+01 1 1 1 0.0 0.0 0.0
Se 1.803434658609e+01 1.878297270889e+01 1.951046802998e+01 1 1 1 0.0 0.0 0.0
Se 2.103388687087e+01 1.705118731792e+01 1.951046802998e+01 1 1 1 0.0 0.0 0.0
Se 9.035725731754e+00 2.744189966376e+01 1.951046802998e+01 1 1 1 0.0 0.0 0.0
Se 1.203526601653e+01 2.571011427279e+01 1.951046802998e+01 1 1 1 0.0 0.0 0.0
Se 1.503480630131e+01 2.397832888181e+01 1.951046802998e+01 1 1 1 0.0 0.0 0.0
Se 1.803434658609e+01 2.224654349084e+01 1.951046802998e+01 1 1 1 0.0 0.0 0.0
Se 2.103388687087e+01 2.051475809987e+01 1.951046802998e+01 1 1 1 0.0 0.0 0.0
Se 9.035725731754e+00 3.090547044570e+01 1.951046802998e+01 1 1 1 0.0 0.0 0.0
Se 1.203526601653e+01 2.917368505473e+01 1.951046802998e+01 1 1 1 0.0 0.0 0.0
Se 1.503480630131e+01 2.744189966376e+01 1.951046802998e+01 1 1 1 0.0 0.0 0.0
Se 1.803434658609e+01 2.571011427279e+01 1.951046802998e+01 1 1 1 0.0 0.0 0.0
Se 2.103388687087e+01 2.397832888181e+01 1.951046802998e+01 1 1 1 0.0 0.0 0.0
Se 9.035725731754e+00 3.436904122765e+01 1.951046802998e+01 1 1 1 0.0 0.0 0.0
Se 1.203526601653e+01 3.263725583668e+01 1.951046802998e+01 1 1 1 0.0 0.0 0.0
Se 1.503480630131e+01 3.090547044570e+01 1.951046802998e+01 1 1 1 0.0 0.0 0.0
Se 1.803434658609e+01 2.917368505473e+01 1.951046802998e+01 1 1 1 0.0 0.0 0.0
Se 2.103388687087e+01 2.744189966376e+01 1.951046802998e+01 1 1 1 0.0 0.0 0.0
Se 9.035725731754e+00 3.783261200960e+01 1.951046802998e+01 1 1 1 0.0 0.0 0.0
Se 1.203526601653e+01 3.610082661862e+01 1.951046802998e+01 1 1 1 0.0 0.0 0.0
Se 1.503480630131e+01 3.436904122765e+01 1.951046802998e+01 1 1 1 0.0 0.0 0.0
Se 1.803434658609e+01 3.263725583668e+01 1.951046802998e+01 1 1 1 0.0 0.0 0.0
Se 2.103388687087e+01 3.090547044570e+01 1.951046802998e+01 1 1 1 0.0 0.0 0.0
Se 2.403342715565e+01 2.917368505473e+01 1.951046802998e+01 1 1 1 0.0 0.0 0.0
Se 1.203526601653e+01 3.956439740057e+01 1.951046802998e+01 1 1 1 0.0 0.0 0.0
Se 1.503480630131e+01 3.783261200960e+01 1.951046802998e+01 1 1 1 0.0 0.0 0.0
Se 1.803434658609e+01 3.610082661862e+01 1.951046802998e+01 1 1 1 0.0 0.0 0.0
Se 2.103388687087e+01 3.436904122765e+01 1.951046802998e+01 1 1 1 0.0 0.0 0.0
Se 2.403342715565e+01 3.263725583668e+01 1.951046802998e+01 1 1 1 0.0 0.0 0.0
Se 1.803434658609e+01 3.956439740057e+01 1.951046802998e+01 1 1 1 0.0 0.0 0.0
Se 2.103388687087e+01 3.783261200960e+01 1.951046802998e+01 1 1 1 0.0 0.0 0.0
Se 2.403342715565e+01 3.610082661862e+01 1.951046802998e+01 1 1 1 0.0 0.0 0.0
Se 2.403342715565e+01 3.956439740057e+01 1.951046802998e+01 1 1 1 0.0 0.0 0.0
Se 1.745423953430e+01 9.964127866988e-01 3.998930533072e+01 1 1 1 0.0 0.0 0.0
Se 3.264106648609e+00 2.661591047250e+00 3.998930533072e+01 1 1 1 0.0 0.0 0.0
Se 3.783257851744e+00 6.824536698628e+00 3.998930533072e+01 1 1 1 0.0 0.0 0.0
Se 4.302409054879e+00 1.098748235001e+01 3.998930533072e+01 1 1 1 0.0 0.0 0.0
Se 4.821560258014e+00 1.515042800138e+01 3.998930533072e+01 1 1 1 0.0 0.0 0.0
Se 5.340711461149e+00 1.931337365276e+01 3.998930533072e+01 1 1 1 0.0 0.0 0.0
Se 5.859862664284e+00 2.347631930414e+01 3.998930533072e+01 1 1 1 0.0 0.0 0.0
Se 6.379013867419e+00 2.763926495552e+01 3.998930533072e+01 1 1 1 0.0 0.0 0.0
Se 6.898165070553e+00 3.180221060690e+01 3.998930533072e+01 1 1 1 0.0 0.0 0.0
Se 2.541455798236e+01 3.596515625827e+01 3.998930533072e+01 1 1 1 0.0 0.0 0.0
Se 2.593370918550e+01 4.012810190965e+01 3.998930533072e+01 1 1 1 0.0 0.0 0.0
Se 7.071215471598e+00 4.326769307801e+00 3.998930533072e+01 1 1 1 0.0 0.0 0.0
Se 7.590366674733e+00 8.489714959179e+00 3.998930533072e+01 1 1 1 0.0 0.0 0.0
Se 8.109517877868e+00 1.265266061056e+01 3.998930533072e+01 1 1 1 0.0 0.0 0.0
Se 8.628669081003e+00 1.681560626194e+01 3.998930533072e+01 1 1 1 0.0 0.0 0.0
Se 9.147820284138e+00 2.097855191331e+01 3.998930533072e+01 1 1 1 0.0 0.0 0.0
Se 9.666971487273e+00 2.514149756469e+01 3.998930533072e+01 1 1 1 0.0 0.0 0.0
Se 1.018612269041e+01 2.930444321607e+01 3.998930533072e+01 1 1 1 0.0 0.0 0.0
Se 1.070527389354e+01 3.346738886745e+01 3.998930533072e+01 1 1 1 0.0 0.0 0.0
Se 1.122442509668e+01 3.763033451883e+01 3.998930533072e+01 1 1 1 0.0 0.0 0.0
Se 1.174357629981e+01 4.179328017020e+01 3.998930533072e+01 1 1 1 0.0 0.0 0.0
Se 1.035917309145e+01 1.829001916974e+00 3.998930533072e+01 1 1 1 0.0 0.0 0.0
Se 1.087832429459e+01 5.991947568352e+00 3.998930533072e+01 1 1 1 0.0 0.0 0.0
Se 1.139747549772e+01 1.015489321973e+01 3.998930533072e+01 1 1 1 0.0 0.0 0.0
Se 1.191662670086e+01 1.431783887111e+01 3.998930533072e+01 1 1 1 0.0 0.0 0.0
Se 1.243577790399e+01 1.848078452249e+01 3.998930533072e+01 1 1 1 0.0 0.0 0.0
Se 1.295492910713e+01 2.264373017386e+01 3.998930533072e+01 1 1 1 0.0 0.0 0.0
Se 1.347408031026e+01 2.680667582524e+01 3.998930533072e+01 1 1 1 0.0 0.0 0.0
Se 1.399323151340e+01 3.096962147662e+01 3.998930533072e+01 1 1 1 0.0 0.0 0.0
Se 1.451238271653e+01 3.513256712800e+01 3.998930533072e+01 1 1 1 0.0 0.0 0.0
Se 1.503153391967e+01 3.929551277938e+01 3.998930533072e+01 1 1 1 0.0 0.0 0.0
Se 6.552064268463e+00 1.638236564232e-01 3.998930533072e+01 1 1 1 0.0 0.0 0.0
Se 1.416628191444e+01 3.494180177526e+00 3.998930533072e+01 1 1 1 0.0 0.0 0.0
Se 1.468543311758e+01 7.657125828904e+00 3.998930533072e+01 1 1 1 0.0 0.0 0.0
Se 1.520458432071e+01 1.182007148028e+01 3.998930533072e+01 1 1 1 0.0 0.0 0.0
Se 1.572373552385e+01 1.598301713166e+01 3.998930533072e+01 1 1 1 0.0 0.0 0.0
Se 1.624288672698e+01 2.014596278304e+01 3.998930533072e+01 1 1 1 0.0 0.0 0.0
Se 1.676203793012e+01 2.430890843442e+01 3.998930533072e+01 1 1 1 0.0 0.0 0.0
Se 1.728118913325e+01 2.847185408579e+01 3.998930533072e+01 1 1 1 0.0 0.0 0.0
Se 1.780034033639e+01 3.263479973717e+01 3.998930533072e+01 1 1 1 0.0 0.0 0.0
Se 1.831949153952e+01 3.679774538855e+01 3.998930533072e+01 1 1 1 0.0 0.0 0.0
Se 1.883864274266e+01 4.096069103993e+01 3.998930533072e+01 1 1 1 0.0 0.0 0.0
Se 1.797339073743e+01 5.159358438077e+00 3.998930533072e+01 1 1 1 0.0 0.0 0.0
Se 1.849254194057e+01 9.322304089455e+00 3.998930533072e+01 1 1 1 0.0 0.0 0.0
Se 1.901169314370e+01 1.348524974083e+01 3.998930533072e+01 1 1 1 0.0 0.0 0.0
Se 1.953084434684e+01 1.764819539221e+01 3.998930533072e+01 1 1 1 0.0 0.0 0.0
Se 2.004999554997e+01 2.181114104359e+01 3.998930533072e+01 1 1 1 0.0 0.0 0.0
Se 2.056914675310e+01 2.597408669497e+01 3.998930533072e+01 1 1 1 0.0 0.0 0.0
Se 2.108829795624e+01 3.013703234635e+01 3.998930533072e+01 1 1 1 0.0 0.0 0.0
Se 2.160744915937e+01 3.429997799772e+01 3.998930533072e+01 1 1 1 0.0 0.0 0.0
Se 2.212660036251e+01 3.846292364910e+01 3.998930533072e+01 1 1 1 0.0 0.0 0.0
Se 2.264575156564e+01 4.262586930048e+01 3.998930533072e+01 1 1 1 0.0 0.0 0.0
Se 9.358989558779e+00 4.210247528548e+01 3.635172086532e+01 1 1 1 0.0 0.0 0.0
Se 4.167477527430e+00 4.730187716985e-01 3.635172086532e+01 1 1 1 0.0 0.0 0.0
Se 4.686628730565e+00 4.635964423077e+00 3.635172086532e+01 1 1 1 0.0 0.0 0.0
Se 5.205779933700e+00 8.798910074455e+00 3.635172086532e+01 1 1 1 0.0 0.0 0.0
Se 5.724931136834e+00 1.296185572583e+01 3.635172086532e+01 1 1 1 0.0 0.0 0.0
Se 6.244082339969e+00 1.712480137721e+01 3.635172086532e+01 1 1 1 0.0 0.0 0.0
Se 6.763233543104e+00 2.128774702859e+01 3.635172086532e+01 1 1 1 0.0 0.0 0.0
Se 7.282384746239e+00 2.545069267997e+01 3.635172086532e+01 1 1 1 0.0 0.0 0.0
Se 7.801535949374e+00 2.961363833134e+01 3.635172086532e+01 1 1 1 0.0 0.0 0.0
Se 8.320687152509e+00 3.377658398272e+01 3.635172086532e+01 1 1 1 0.0 0.0 0.0
Se 8.839838355644e+00 3.793952963410e+01 3.635172086532e+01 1 1 1 0.0 0.0 0.0
Se 7.974586350419e+00 2.138197032250e+00 3.635172086532e+01 1 1 1 0.0 0.0 0.0
Se 8.493737553554e+00 6.301142683628e+00 3.635172086532e+01 1 1 1 0.0 0.0 0.0
Se 9.012888756689e+00 1.046408833501e+01 3.635172086532e+01 1 1 1 0.0 0.0 0.0
Se 9.532039959823e+00 1.462703398638e+01 3.635172086532e+01 1 1 1 0.0 0.0 0.0
Se 1.005119116296e+01 1.878997963776e+01 3.635172086532e+01 1 1 1 0.0 0.0 0.0
Se 1.057034236609e+01 2.295292528914e+01 3.635172086532e+01 1 1 1 0.0 0.0 0.0
Se 1.108949356923e+01 2.711587094052e+01 3.635172086532e+01 1 1 1 0.0 0.0 0.0
Se 1.160864477236e+01 3.127881659190e+01 3.635172086532e+01 1 1 1 0.0 0.0 0.0
Se 1.212779597550e+01 3.544176224327e+01 3.635172086532e+01 1 1 1 0.0 0.0 0.0
Se 1.264694717863e+01 3.960470789465e+01 3.635172086532e+01 1 1 1 0.0 0.0 0.0
Se 2.026116482461e+01 4.293506441575e+01 3.635172086532e+01 1 1 1 0.0 0.0 0.0
Se 1.178169517341e+01 3.803375292801e+00 3.635172086532e+01 1 1 1 0.0 0.0 0.0
Se 1.230084637654e+01 7.966320944179e+00 3.635172086532e+01 1 1 1 0.0 0.0 0.0
Se 1.281999757968e+01 1.212926659556e+01 3.635172086532e+01 1 1 1 0.0 0.0 0.0
Se 1.333914878281e+01 1.629221224694e+01 3.635172086532e+01 1 1 1 0.0 0.0 0.0
Se 1.385829998595e+01 2.045515789831e+01 3.635172086532e+01 1 1 1 0.0 0.0 0.0
Se 1.437745118908e+01 2.461810354969e+01 3.635172086532e+01 1 1 1 0.0 0.0 0.0
Se 1.489660239222e+01 2.878104920107e+01 3.635172086532e+01 1 1 1 0.0 0.0 0.0
Se 1.541575359535e+01 3.294399485245e+01 3.635172086532e+01 1 1 1 0.0 0.0 0.0
Se 1.593490479849e+01 3.710694050383e+01 3.635172086532e+01 1 1 1 0.0 0.0 0.0
Se 1.645405600162e+01 4.126988615520e+01 3.635172086532e+01 1 1 1 0.0 0.0 0.0
Se 1.506965279326e+01 1.305607901974e+00 3.635172086532e+01 1 1 1 0.0 0.0 0.0
Se 1.558880399640e+01 5.468553553352e+00 3.635172086532e+01 1 1 1 0.0 0.0 0.0
Se 1.610795519953e+01 9.631499204730e+00 3.635172086532e+01 1 1 1 0.0 0.0 0.0
Se 1.662710640267e+01 1.379444485611e+01 3.635172086532e+01 1 1 1 0.0 0.0 0.0
Se 1.714625760580e+01 1.795739050749e+01 3.635172086532e+01 1 1 1 0.0 0.0 0.0
Se 1.766540880894e+01 2.212033615886e+01 3.635172086532e+01 1 1 1 0.0 0.0 0.0
Se 1.818456001207e+01 2.628328181024e+01 3.635172086532e+01 1 1 1 0.0 0.0 0.0
Se 1.870371121521e+01 3.044622746162e+01 3.635172086532e+01 1 1 1 0.0 0.0 0.0
Se 1.922286241834e+01 3.460917311300e+01 3.635172086532e+01 1 1 1 0.0 0.0 0.0
Se 1.974201362148e+01 3.877211876438e+01 3.635172086532e+01 1 1 1 0.0 0.0 0.0
Se 8.795199075757e-01 2.970786162525e+00 3.635172086532e+01 1 1 1 0.0 0.0 0.0
Se 1.939591281939e+01 7.133731813903e+00 3.635172086532e+01 1 1 1 0.0 0.0 0.0
Se 1.991506402252e+01 1.129667746528e+01 3.635172086532e+01 1 1 1 0.0 0.0 0.0
Se 2.043421522566e+01 1.545962311666e+01 3.635172086532e+01 1 1 1 0.0 0.0 0.0
Se 2.095336642879e+01 1.962256876804e+01 3.635172086532e+01 1 1 1 0.0 0.0 0.0
Se 2.147251763193e+01 2.378551441942e+01 3.635172086532e+01 1 1 1 0.0 0.0 0.0
Se 2.199166883506e+01 2.794846007079e+01 3.635172086532e+01 1 1 1 0.0 0.0 0.0
Se 2.251082003820e+01 3.211140572217e+01 3.635172086532e+01 1 1 1 0.0 0.0 0.0
Se 2.302997124133e+01 3.627435137355e+01 3.635172086532e+01 1 1 1 0.0 0.0 0.0
Se 2.354912244446e+01 4.043729702493e+01 3.635172086532e+01 1 1 1 0.0 0.0 0.0
Se 1.798050761684e+00 7.382142866873e-01 3.271820175121e+01 1 1 1 0.0 0.0 0.0
Se 5.605159584673e+00 2.403392547239e+00 3.271820175121e+01 1 1 1 0.0 0.0 0.0
Se 6.124310787808e+00 6.566338198617e+00 3.271820175121e+01 1 1 1 0.0 0.0 0.0
Se 6.643461990943e+00 1.072928384999e+01 3.271820175121e+01 1 1 1 0.0 0.0 0.0
Se 7.162613194077e+00 1.489222950137e+01 3.271820175121e+01 1 1 1 0.0 0.0 0.0
Se 7.681764397212e+00 1.905517515275e+01 3.271820175121e+01 1 1 1 0.0 0.0 0.0
Se 8.200915600347e+00 2.321812080413e+01 3.271820175121e+01 1 1 1 0.0 0.0 0.0
Se 8.720066803482e+00 2.738106645551e+01 3.271820175121e+01 1 1 1 0.0 0.0 0.0
Se 9.239218006617e+00 3.154401210688e+01 3.271820175121e+01 1 1 1 0.0 0.0 0.0
Se 9.758369209752e+00 3.570695775826e+01 3.271820175121e+01 1 1 1 0.0 0.0 0.0
Se 1.027752041289e+01 3.986990340964e+01 3.271820175121e+01 1 1 1 0.0 0.0 0.0
Se 9.412268407662e+00 4.068570807790e+00 3.271820175121e+01 1 1 1 0.0 0.0 0.0
Se 9.931419610797e+00 8.231516459168e+00 3.271820175121e+01 1 1 1 0.0 0.0 0.0
Se 1.045057081393e+01 1.239446211055e+01 3.271820175121e+01 1 1 1 0.0 0.0 0.0
Se 1.096972201707e+01 1.655740776192e+01 3.271820175121e+01 1 1 1 0.0 0.0 0.0
Se 1.148887322020e+01 2.072035341330e+01 3.271820175121e+01 1 1 1 0.0 0.0 0.0
Se 1.200802442334e+01 2.488329906468e+01 3.271820175121e+01 1 1 1 0.0 0.0 0.0
Se 1.252717562647e+01 2.904624471606e+01 3.271820175121e+01 1 1 1 0.0 0.0 0.0
Se 1.304632682961e+01 3.320919036744e+01 3.271820175121e+01 1 1 1 0.0 0.0 0.0
Se 1.356547803274e+01 3.737213601881e+01 3.271820175121e+01 1 1 1 0.0 0.0 0.0
Se 1.408462923588e+01 4.153508167019e+01 3.271820175121e+01 1 1 1 0.0 0.0 0.0
Se 1.270022602752e+01 1.570803416963e+00 3.271820175121e+01 1 1 1 0.0 0.0 0.0
Se 1.321937723065e+01 5.733749068341e+00 3.271820175121e+01 1 1 1 0.0 0.0 0.0
Se 1.373852843379e+01 9.896694719719e+00 3.271820175121e+01 1 1 1 0.0 0.0 0.0
Se 1.425767963692e+01 1.405964037110e+01 3.271820175121e+01 1 1 1 0.0 0.0 0.0
Se 1.477683084006e+01 1.822258602248e+01 3.271820175121e+01 1 1 1 0.0 0.0 0.0
Se 1.529598204319e+01 2.238553167385e+01 3.271820175121e+01 1 1 1 0.0 0.0 0.0
Se 1.581513324633e+01 2.654847732523e+01 3.271820175121e+01 1 1 1 0.0 0.0 0.0
Se 1.633428444946e+01 3.071142297661e+01 3.271820175121e+01 1 1 1 0.0 0.0 0.0
Se 1.685343565259e+01 3.487436862799e+01 3.271820175121e+01 1 1 1 0.0 0.0 0.0
Se 1.737258685573e+01 3.903731427937e+01 3.271820175121e+01 1 1 1 0.0 0.0 0.0
Se 1.789173805886e+01 4.320025993074e+01 3.271820175121e+01 1 1 1 0.0 0.0 0.0
Se 1.650733485051e+01 3.235981677514e+00 3.271820175121e+01 1 1 1 0.0 0.0 0.0
Se 1.702648605364e+01 7.398927328892e+00 3.271820175121e+01 1 1 1 0.0 0.0 0.0
Se 1.754563725677e+01 1.156187298027e+01 3.271820175121e+01 1 1 1 0.0 0.0 0.0
Se 1.806478845991e+01 1.572481863165e+01 3.271820175121e+01 1 1 1 0.0 0.0 0.0
Se 1.858393966304e+01 1.988776428303e+01 3.271820175121e+01 1 1 1 0.0 0.0 0.0
Se 1.910309086618e+01 2.405070993440e+01 3.271820175121e+01 1 1 1 0.0 0.0 0.0
Se 1.962224206931e+01 2.821365558578e+01 3.271820175121e+01 1 1 1 0.0 0.0 0.0
Se 2.014139327245e+01 3.237660123716e+01 3.271820175121e+01 1 1 1 0.0 0.0 0.0
Se 2.066054447558e+01 3.653954688854e+01 3.271820175121e+01 1 1 1 0.0 0.0 0.0
Se 2.117969567872e+01 4.070249253992e+01 3.271820175121e+01 1 1 1 0.0 0.0 0.0
Se 2.317201964819e+00 4.901159938065e+00 3.271820175121e+01 1 1 1 0.0 0.0 0.0
Se 2.836353167954e+00 9.064105589443e+00 3.271820175121e+01 1 1 1 0.0 0.0 0.0
Se 3.355504371088e+00 1.322705124082e+01 3.271820175121e+01 1 1 1 0.0 0.0 0.0
Se 3.874655574223e+00 1.738999689220e+01 3.271820175121e+01 1 1 1 0.0 0.0 0.0
Se 2.239104848603e+01 2.155294254358e+01 3.271820175121e+01 1 1 1 0.0 0.0 0.0
Se 2.291019968917e+01 2.571588819496e+01 3.271820175121e+01 1 1 1 0.0 0.0 0.0
Se 2.342935089230e+01 2.987883384633e+01 3.271820175121e+01 1 1 1 0.0 0.0 0.0
Se 2.394850209544e+01 3.404177949771e+01 3.271820175121e+01 1 1 1 0.0 0.0 0.0
Se 2.446765329857e+01 3.820472514909e+01 3.271820175121e+01 1 1 1 0.0 0.0 0.0
Se 2.498680450171e+01 4.236767080047e+01 3.271820175121e+01 1 1 1 0.0 0.0 0.0
Se 9.281835872975e+00 4.207531799488e+01 2.995146533993e+01 1 1 1 0.0 0.0 0.0
Se 4.090323841626e+00 4.458614811015e-01 2.995146533993e+01 1 1 1 0.0 0.0 0.0
Se 4.609475044761e+00 4.608807132480e+00 2.995146533993e+01 1 1 1 0.0 0.0 0.0
Se 5.128626247896e+00 8.771752783858e+00 2.995146533993e+01 1 1 1 0.0 0.0 0.0
Se 5.647777451031e+00 1.293469843524e+01 2.995146533993e+01 1 1 1 0.0 0.0 0.0
Se 6.166928654166e+00 1.709764408661e+01 2.995146533993e+01 1 1 1 0.0 0.0 0.0
Se 6.686079857301e+00 2.126058973799e+01 2.995146533993e+01 1 1 1 0.0 0.0 0.0
Se 7.205231060436e+00 2.542353538937e+01 2.995146533993e+01 1 1 1 0.0 0.0 0.0
Se 7.724382263570e+00 2.958648104075e+01 2.995146533993e+01 1 1 1 0.0 0.0 0.0
Se 8.243533466705e+00 3.374942669213e+01 2.995146533993e+01 1 1 1 0.0 0.0 0.0
Se 8.762684669840e+00 3.791237234350e+01 2.995146533993e+01 1 1 1 0.0 0.0 0.0
Se 7.897432664615e+00 2.111039741653e+00 2.995146533993e+01 1 1 1 0.0 0.0 0.0
Se 8.416583867750e+00 6.273985393031e+00 2.995146533993e+01 1 1 1 0.0 0.0 0.0
Se 8.935735070885e+00 1.043693104441e+01 2.995146533993e+01 1 1 1 0.0 0.0 0.0
Se 9.454886274020e+00 1.459987669579e+01 2.995146533993e+01 1 1 1 0.0 0.0 0.0
Se 9.974037477155e+00 1.876282234716e+01 2.995146533993e+01 1 1 1 0.0 0.0 0.0
Se 1.049318868029e+01 2.292576799854e+01 2.995146533993e+01 1 1 1 0.0 0.0 0.0
Se 1.101233988342e+01 2.708871364992e+01 2.995146533993e+01 1 1 1 0.0 0.0 0.0
Se 1.153149108656e+01 3.125165930130e+01 2.995146533993e+01 1 1 1 0.0 0.0 0.0
Se 1.205064228969e+01 3.541460495268e+01 2.995146533993e+01 1 1 1 0.0 0.0 0.0
Se 1.256979349283e+01 3.957755060406e+01 2.995146533993e+01 1 1 1 0.0 0.0 0.0
Se 2.018401113881e+01 4.290790712516e+01 2.995146533993e+01 1 1 1 0.0 0.0 0.0
Se 1.170454148760e+01 3.776218002204e+00 2.995146533993e+01 1 1 1 0.0 0.0 0.0
Se 1.222369269074e+01 7.939163653582e+00 2.995146533993e+01 1 1 1 0.0 0.0 0.0
Se 1.274284389387e+01 1.210210930496e+01 2.995146533993e+01 1 1 1 0.0 0.0 0.0
Se 1.326199509701e+01 1.626505495634e+01 2.995146533993e+01 1 1 1 0.0 0.0 0.0
Se 1.378114630014e+01 2.042800060772e+01 2.995146533993e+01 1 1 1 0.0 0.0 0.0
Se 1.430029750328e+01 2.459094625909e+01 2.995146533993e+01 1 1 1 0.0 0.0 0.0
Se 1.481944870641e+01 2.875389191047e+01 2.995146533993e+01 1 1 1 0.0 0.0 0.0
Se 1.533859990955e+01 3.291683756185e+01 2.995146533993e+01 1 1 1 0.0 0.0 0.0
Se 1.585775111268e+01 3.707978321323e+01 2.995146533993e+01 1 1 1 0.0 0.0 0.0
Se 1.637690231582e+01 4.124272886461e+01 2.995146533993e+01 1 1 1 0.0 0.0 0.0
Se 1.499249910746e+01 1.278450611377e+00 2.995146533993e+01 1 1 1 0.0 0.0 0.0
Se 1.551165031059e+01 5.441396262755e+00 2.995146533993e+01 1 1 1 0.0 0.0 0.0
Se 1.603080151373e+01 9.604341914133e+00 2.995146533993e+01 1 1 1 0.0 0.0 0.0
Se 1.654995271686e+01 1.376728756551e+01 2.995146533993e+01 1 1 1 0.0 0.0 0.0
Se 1.706910392000e+01 1.793023321689e+01 2.995146533993e+01 1 1 1 0.0 0.0 0.0
Se 1.758825512313e+01 2.209317886827e+01 2.995146533993e+01 1 1 1 0.0 0.0 0.0
Se 1.810740632627e+01 2.625612451965e+01 2.995146533993e+01 1 1 1 0.0 0.0 0.0
Se 1.862655752940e+01 3.041907017102e+01 2.995146533993e+01 1 1 1 0.0 0.0 0.0
Se 1.914570873254e+01 3.458201582240e+01 2.995146533993e+01 1 1 1 0.0 0.0 0.0
Se 1.966485993567e+01 3.874496147378e+01 2.995146533993e+01 1 1 1 0.0 0.0 0.0
Se 8.023662217722e-01 2.943628871928e+00 2.995146533993e+01 1 1 1 0.0 0.0 0.0
Se 1.931875913358e+01 7.106574523306e+00 2.995146533993e+01 1 1 1 0.0 0.0 0.0
Se 1.983791033672e+01 1.126952017468e+01 2.995146533993e+01 1 1 1 0.0 0.0 0.0
Se 2.035706153985e+01 1.543246582606e+01 2.995146533993e+01 1 1 1 0.0 0.0 0.0
Se 2.087621274299e+01 1.959541147744e+01 2.995146533993e+01 1 1 1 0.0 0.0 0.0
Se 2.139536394612e+01 2.375835712882e+01 2.995146533993e+01 1 1 1 0.0 0.0 0.0
Se 2.191451514926e+01 2.792130278020e+01 2.995146533993e+01 1 1 1 0.0 0.0 0.0
Se 2.243366635239e+01 3.208424843157e+01 2.995146533993e+01 1 1 1 0.0 0.0 0.0
Se 2.295281755553e+01 3.624719408295e+01 2.995146533993e+01 1 1 1 0.0 0.0 0.0
Se 2.347196875866e+01 4.041013973433e+01 2.995146533993e+01 1 1 1 0.0 0.0 0.0
Se 1.724199310821e+00 7.035690022922e-01 2.633360299309e+01 1 1 1 0.0 0.0 0.0
Se 5.531308133810e+00 2.368747262843e+00 2.633360299309e+01 1 1 1 0.0 0.0 0.0
Se 6.050459336945e+00 6.531692914221e+00 2.633360299309e+01 1 1 1 0.0 0.0 0.0
Se 6.569610540080e+00 1.069463856560e+01 2.633360299309e+01 1 1 1 0.0 0.0 0.0
Se 7.088761743215e+00 1.485758421698e+01 2.633360299309e+01 1 1 1 0.0 0.0 0.0
Se 7.607912946350e+00 1.902052986836e+01 2.633360299309e+01 1 1 1 0.0 0.0 0.0
Se 8.127064149485e+00 2.318347551973e+01 2.633360299309e+01 1 1 1 0.0 0.0 0.0
Se 8.646215352620e+00 2.734642117111e+01 2.633360299309e+01 1 1 1 0.0 0.0 0.0
Se 9.165366555755e+00 3.150936682249e+01 2.633360299309e+01 1 1 1 0.0 0.0 0.0
Se 9.684517758889e+00 3.567231247387e+01 2.633360299309e+01 1 1 1 0.0 0.0 0.0
Se 1.020366896202e+01 3.983525812525e+01 2.633360299309e+01 1 1 1 0.0 0.0 0.0
Se 9.338416956799e+00 4.033925523395e+00 2.633360299309e+01 1 1 1 0.0 0.0 0.0
Se 9.857568159934e+00 8.196871174773e+00 2.633360299309e+01 1 1 1 0.0 0.0 0.0
Se 1.037671936307e+01 1.235981682615e+01 2.633360299309e+01 1 1 1 0.0 0.0 0.0
Se 1.089587056620e+01 1.652276247753e+01 2.633360299309e+01 1 1 1 0.0 0.0 0.0
Se 1.141502176934e+01 2.068570812891e+01 2.633360299309e+01 1 1 1 0.0 0.0 0.0
Se 1.193417297247e+01 2.484865378028e+01 2.633360299309e+01 1 1 1 0.0 0.0 0.0
Se 1.245332417561e+01 2.901159943166e+01 2.633360299309e+01 1 1 1 0.0 0.0 0.0
Se 1.297247537874e+01 3.317454508304e+01 2.633360299309e+01 1 1 1 0.0 0.0 0.0
Se 1.349162658188e+01 3.733749073442e+01 2.633360299309e+01 1 1 1 0.0 0.0 0.0
Se 1.401077778501e+01 4.150043638580e+01 2.633360299309e+01 1 1 1 0.0 0.0 0.0
Se 1.262637457665e+01 1.536158132568e+00 2.633360299309e+01 1 1 1 0.0 0.0 0.0
Se 1.314552577979e+01 5.699103783946e+00 2.633360299309e+01 1 1 1 0.0 0.0 0.0
Se 1.366467698292e+01 9.862049435324e+00 2.633360299309e+01 1 1 1 0.0 0.0 0.0
Se 1.418382818606e+01 1.402499508670e+01 2.633360299309e+01 1 1 1 0.0 0.0 0.0
Se 1.470297938919e+01 1.818794073808e+01 2.633360299309e+01 1 1 1 0.0 0.0 0.0
Se 1.522213059233e+01 2.235088638946e+01 2.633360299309e+01 1 1 1 0.0 0.0 0.0
Se 1.574128179546e+01 2.651383204084e+01 2.633360299309e+01 1 1 1 0.0 0.0 0.0
Se 1.626043299860e+01 3.067677769221e+01 2.633360299309e+01 1 1 1 0.0 0.0 0.0
Se 1.677958420173e+01 3.483972334359e+01 2.633360299309e+01 1 1 1 0.0 0.0 0.0
Se 1.729873540487e+01 3.900266899497e+01 2.633360299309e+01 1 1 1 0.0 0.0 0.0
Se 1.781788660800e+01 4.316561464635e+01 2.633360299309e+01 1 1 1 0.0 0.0 0.0
Se 1.643348339964e+01 3.201336393119e+00 2.633360299309e+01 1 1 1 0.0 0.0 0.0
Se 1.695263460278e+01 7.364282044497e+00 2.633360299309e+01 1 1 1 0.0 0.0 0.0
Se 1.747178580591e+01 1.152722769588e+01 2.633360299309e+01 1 1 1 0.0 0.0 0.0
Se 1.799093700905e+01 1.569017334725e+01 2.633360299309e+01 1 1 1 0.0 0.0 0.0
Se 1.851008821218e+01 1.985311899863e+01 2.633360299309e+01 1 1 1 0.0 0.0 0.0
Se 1.902923941532e+01 2.401606465001e+01 2.633360299309e+01 1 1 1 0.0 0.0 0.0
Se 1.954839061845e+01 2.817901030139e+01 2.633360299309e+01 1 1 1 0.0 0.0 0.0
Se 2.006754182159e+01 3.234195595277e+01 2.633360299309e+01 1 1 1 0.0 0.0 0.0
Se 2.058669302472e+01 3.650490160414e+01 2.633360299309e+01 1 1 1 0.0 0.0 0.0
Se 2.110584422786e+01 4.066784725552e+01 2.633360299309e+01 1 1 1 0.0 0.0 0.0
Se 2.243350513956e+00 4.866514653670e+00 2.633360299309e+01 1 1 1 0.0 0.0 0.0
Se 2.762501717091e+00 9.029460305048e+00 2.633360299309e+01 1 1 1 0.0 0.0 0.0
Se 3.281652920226e+00 1.319240595643e+01 2.633360299309e+01 1 1 1 0.0 0.0 0.0
Se 3.800804123361e+00 1.735535160780e+01 2.633360299309e+01 1 1 1 0.0 0.0 0.0
Se 2.231719703517e+01 2.151829725918e+01 2.633360299309e+01 1 1 1 0.0 0.0 0.0
Se 2.283634823831e+01 2.568124291056e+01 2.633360299309e+01 1 1 1 0.0 0.0 0.0
Se 2.335549944144e+01 2.984418856194e+01 2.633360299309e+01 1 1 1 0.0 0.0 0.0
Se 2.387465064458e+01 3.400713421332e+01 2.633360299309e+01 1 1 1 0.0 0.0 0.0
Se 2.439380184771e+01 3.817007986469e+01 2.633360299309e+01 1 1 1 0.0 0.0 0.0
Se 2.491295305085e+01 4.233302551607e+01 2.633360299309e+01 1 1 1 0.0 0.0 0.0
Se 1.736657239343e+01 9.717360323488e-01 2.271046802998e+01 1 1 1 0.0 0.0 0.0
Se 3.176439507748e+00 2.636914292900e+00 2.271046802998e+01 1 1 1 0.0 0.0 0.0
Se 3.695590710883e+00 6.799859944278e+00 2.271046802998e+01 1 1 1 0.0 0.0 0.0
Se 4.214741914017e+00 1.096280559566e+01 2.271046802998e+01 1 1 1 0.0 0.0 0.0
Se 4.733893117152e+00 1.512575124703e+01 2.271046802998e+01 1 1 1 0.0 0.0 0.0
Se 5.253044320287e+00 1.928869689841e+01 2.271046802998e+01 1 1 1 0.0 0.0 0.0
Se 5.772195523422e+00 2.345164254979e+01 2.271046802998e+01 1 1 1 0.0 0.0 0.0
Se 6.291346726557e+00 2.761458820117e+01 2.271046802998e+01 1 1 1 0.0 0.0 0.0
Se 6.810497929692e+00 3.177753385255e+01 2.271046802998e+01 1 1 1 0.0 0.0 0.0
Se 2.532689084150e+01 3.594047950392e+01 2.271046802998e+01 1 1 1 0.0 0.0 0.0
Se 2.584604204464e+01 4.010342515530e+01 2.271046802998e+01 1 1 1 0.0 0.0 0.0
Se 6.983548330737e+00 4.302092553451e+00 2.271046802998e+01 1 1 1 0.0 0.0 0.0
Se 7.502699533872e+00 8.465038204829e+00 2.271046802998e+01 1 1 1 0.0 0.0 0.0
Se 8.021850737006e+00 1.262798385621e+01 2.271046802998e+01 1 1 1 0.0 0.0 0.0
Se 8.541001940141e+00 1.679092950759e+01 2.271046802998e+01 1 1 1 0.0 0.0 0.0
Se 9.060153143276e+00 2.095387515896e+01 2.271046802998e+01 1 1 1 0.0 0.0 0.0
Se 9.579304346411e+00 2.511682081034e+01 2.271046802998e+01 1 1 1 0.0 0.0 0.0
Se 1.009845554955e+01 2.927976646172e+01 2.271046802998e+01 1 1 1 0.0 0.0 0.0
Se 1.061760675268e+01 3.344271211310e+01 2.271046802998e+01 1 1 1 0.0 0.0 0.0
Se 1.113675795582e+01 3.760565776448e+01 2.271046802998e+01 1 1 1 0.0 0.0 0.0
Se 1.165590915895e+01 4.176860341585e+01 2.271046802998e+01 1 1 1 0.0 0.0 0.0
Se 1.027150595059e+01 1.804325162624e+00 2.271046802998e+01 1 1 1 0.0 0.0 0.0
Se 1.079065715373e+01 5.967270814003e+00 2.271046802998e+01 1 1 1 0.0 0.0 0.0
Se 1.130980835686e+01 1.013021646538e+01 2.271046802998e+01 1 1 1 0.0 0.0 0.0
Se 1.182895956000e+01 1.429316211676e+01 2.271046802998e+01 1 1 1 0.0 0.0 0.0
Se 1.234811076313e+01 1.845610776814e+01 2.271046802998e+01 1 1 1 0.0 0.0 0.0
Se 1.286726196627e+01 2.261905341951e+01 2.271046802998e+01 1 1 1 0.0 0.0 0.0
Se 1.338641316940e+01 2.678199907089e+01 2.271046802998e+01 1 1 1 0.0 0.0 0.0
Se 1.390556437254e+01 3.094494472227e+01 2.271046802998e+01 1 1 1 0.0 0.0 0.0
Se 1.442471557567e+01 3.510789037365e+01 2.271046802998e+01 1 1 1 0.0 0.0 0.0
Se 1.494386677880e+01 3.927083602503e+01 2.271046802998e+01 1 1 1 0.0 0.0 0.0
Se 6.464397127602e+00 1.391469020732e-01 2.271046802998e+01 1 1 1 0.0 0.0 0.0
Se 1.407861477358e+01 3.469503423176e+00 2.271046802998e+01 1 1 1 0.0 0.0 0.0
Se 1.459776597671e+01 7.632449074554e+00 2.271046802998e+01 1 1 1 0.0 0.0 0.0
Se 1.511691717985e+01 1.179539472593e+01 2.271046802998e+01 1 1 1 0.0 0.0 0.0
Se 1.563606838298e+01 1.595834037731e+01 2.271046802998e+01 1 1 1 0.0 0.0 0.0
Se 1.615521958612e+01 2.012128602869e+01 2.271046802998e+01 1 1 1 0.0 0.0 0.0
Se 1.667437078925e+01 2.428423168007e+01 2.271046802998e+01 1 1 1 0.0 0.0 0.0
Se 1.719352199239e+01 2.844717733144e+01 2.271046802998e+01 1 1 1 0.0 0.0 0.0
Se 1.771267319552e+01 3.261012298282e+01 2.271046802998e+01 1 1 1 0.0 0.0 0.0
Se 1.823182439866e+01 3.677306863420e+01 2.271046802998e+01 1 1 1 0.0 0.0 0.0
Se 1.875097560179e+01 4.093601428558e+01 2.271046802998e+01 1 1 1 0.0 0.0 0.0
Se 1.788572359657e+01 5.134681683727e+00 2.271046802998e+01 1 1 1 0.0 0.0 0.0
Se 1.840487479970e+01 9.297627335105e+00 2.271046802998e+01 1 1 1 0.0 0.0 0.0
Se 1.892402600284e+01 1.346057298648e+01 2.271046802998e+01 1 1 1 0.0 0.0 0.0
Se 1.944317720597e+01 1.762351863786e+01 2.271046802998e+01 1 1 1 0.0 0.0 0.0
Se 1.996232840911e+01 2.178646428924e+01 2.271046802998e+01 1 1 1 0.0 0.0 0.0
Se 2.048147961224e+01 2.594940994062e+01 2.271046802998e+01 1 1 1 0.0 0.0 0.0
Se 2.100063081538e+01 3.011235559200e+01 2.271046802998e+01 1 1 1 0.0 0.0 0.0
Se 2.151978201851e+01 3.427530124337e+01 2.271046802998e+01 1 1 1 0.0 0.0 0.0
Se 2.203893322165e+01 3.843824689475e+01 2.271046802998e+01 1 1 1 0.0 0.0 0.0
Se 2.255808442478e+01 4.260119254613e+01 2.271046802998e+01 1 1 1 0.0 0.0 0.0
"