calculation_mode = "Quench Electrons"
cell_relax = "False"
charge_density_mixing = "0.15"
charge_mixing_type = "Broyden"
description = "Example parameters for high-throughput bulk relaxation of a vdW material"
dipole_moment = "True"
dos_broading = "0.05"
dos_method = "Gaussian"
energy_convergence_criterion = "1e-08"
energy_output_units = "Hartrees"
kohn_sham_mucycles = "3"
kohn_sham_solver = "davidson"
kpoint_distribution = "1"
kpoint_mesh = "1 1 1"
localize_projectors = "False"
max_md_steps = "100"
max_scf_steps = "200"
non_local_block_size = "4000"
output_wave_function_file = "/dev/null"
potential_acceleration_constant_step = "1.5"
processor_grid = "6 10 16"
rms_convergence_criterion = "1e-08"
scalapack_block_factor = "64"
start_mode = "LCAO Start"
state_block_size = "64"
stress = "True"
subdiag_driver = "scalapack"
test_energy_tolerance = "1e-05"
use_async_allreduce = "False"
vdw_corr = "DFT-D3"
vdwdf_kernel_filepath = "/lustre/orion/world-shared/cph162/rjmorelock/rmgdft/XC/vdW_kernel_table"
wavefunction_grid = "164 284 426"
write_data_period = "50"

atomic_coordinate_type = "Absolute"
crds_units = "Angstrom"
lattice_units = "Angstrom"

lattice_vector = "
1.928434596711e+01 0.000000000000e+00 1.200000000000e-15
2.090311700000e-09 3.340146700623e+01 2.000000000000e-15
0.000000000000e+00 0.000000000000e+00 4.998930533072e+01
"
atoms = "
Nb 3.153189285293e+00 2.908045309390e+01 1.782833092694e+01 1 1 1 0.0 0.0 0.0
Nb 6.574605505231e+00 2.854171975509e+01 1.782833092694e+01 1 1 1 0.0 0.0 0.0
Nb 9.996021725170e+00 2.800298641628e+01 1.782833092694e+01 1 1 1 0.0 0.0 0.0
Nb 1.341743794511e+01 2.746425307747e+01 1.782833092694e+01 1 1 1 0.0 0.0 0.0
Nb 1.683885416505e+01 2.692551973866e+01 1.782833092694e+01 1 1 1 0.0 0.0 0.0
Nb 9.759244178696e-01 2.638678639985e+01 1.782833092694e+01 1 1 1 0.0 0.0 0.0
Nb 4.397340637808e+00 2.584805306104e+01 1.782833092694e+01 1 1 1 0.0 0.0 0.0
Nb 7.818756857746e+00 2.530931972223e+01 1.782833092694e+01 1 1 1 0.0 0.0 0.0
Nb 1.124017307768e+01 2.477058638342e+01 1.782833092694e+01 1 1 1 0.0 0.0 0.0
Nb 1.466158929762e+01 2.423185304461e+01 1.782833092694e+01 1 1 1 0.0 0.0 0.0
Nb 1.808300551756e+01 2.369311970580e+01 1.782833092694e+01 1 1 1 0.0 0.0 0.0
Nb 2.220075770384e+00 2.315438636699e+01 1.782833092694e+01 1 1 1 0.0 0.0 0.0
Nb 5.641491990323e+00 2.261565302818e+01 1.782833092694e+01 1 1 1 0.0 0.0 0.0
Nb 9.062908210261e+00 2.207691968937e+01 1.782833092694e+01 1 1 1 0.0 0.0 0.0
Nb 1.248432443020e+01 2.153818635056e+01 1.782833092694e+01 1 1 1 0.0 0.0 0.0
Nb 1.590574065014e+01 2.099945301175e+01 1.782833092694e+01 1 1 1 0.0 0.0 0.0
Nb 4.281090296092e-02 2.046071967294e+01 1.782833092694e+01 1 1 1 0.0 0.0 0.0
Nb 3.464227122899e+00 1.992198633413e+01 1.782833092694e+01 1 1 1 0.0 0.0 0.0
Nb 6.885643342837e+00 1.938325299532e+01 1.782833092694e+01 1 1 1 0.0 0.0 0.0
Nb 1.030705956278e+01 1.884451965651e+01 1.782833092694e+01 1 1 1 0.0 0.0 0.0
Nb 1.372847578271e+01 1.830578631770e+01 1.782833092694e+01 1 1 1 0.0 0.0 0.0
Nb 1.714989200265e+01 1.776705297889e+01 1.782833092694e+01 1 1 1 0.0 0.0 0.0
Nb 1.286962255476e+00 1.722831964008e+01 1.782833092694e+01 1 1 1 0.0 0.0 0.0
Nb 4.708378475414e+00 1.668958630127e+01 1.782833092694e+01 1 1 1 0.0 0.0 0.0
Nb 8.129794695352e+00 1.615085296246e+01 1.782833092694e+01 1 1 1 0.0 0.0 0.0
Nb 1.155121091529e+01 1.561211962365e+01 1.782833092694e+01 1 1 1 0.0 0.0 0.0
Nb 1.497262713523e+01 1.507338628484e+01 1.782833092694e+01 1 1 1 0.0 0.0 0.0
Nb 1.839404335517e+01 1.453465294603e+01 1.782833092694e+01 1 1 1 0.0 0.0 0.0
Nb 2.531113607990e+00 1.399591960722e+01 1.782833092694e+01 1 1 1 0.0 0.0 0.0
Nb 5.952529827929e+00 1.345718626841e+01 1.782833092694e+01 1 1 1 0.0 0.0 0.0
Nb 9.373946047867e+00 1.291845292960e+01 1.782833092694e+01 1 1 1 0.0 0.0 0.0
Nb 1.279536226781e+01 1.237971959079e+01 1.782833092694e+01 1 1 1 0.0 0.0 0.0
Nb 1.621677848774e+01 1.184098625198e+01 1.782833092694e+01 1 1 1 0.0 0.0 0.0
Nb 3.538487405670e-01 1.130225291317e+01 1.782833092694e+01 1 1 1 0.0 0.0 0.0
Nb 3.775264960505e+00 1.076351957436e+01 1.782833092694e+01 1 1 1 0.0 0.0 0.0
Nb 7.196681180444e+00 1.022478623555e+01 1.782833092694e+01 1 1 1 0.0 0.0 0.0
Nb 1.061809740038e+01 9.686052896741e+00 1.782833092694e+01 1 1 1 0.0 0.0 0.0
Nb 1.403951362032e+01 9.147319557930e+00 1.782833092694e+01 1 1 1 0.0 0.0 0.0
Nb 1.746092984026e+01 8.608586219120e+00 1.782833092694e+01 1 1 1 0.0 0.0 0.0
Nb 1.598000093082e+00 8.069852880310e+00 1.782833092694e+01 1 1 1 0.0 0.0 0.0
Nb 5.019416313020e+00 7.531119541500e+00 1.782833092694e+01 1 1 1 0.0 0.0 0.0
Nb 8.440832532958e+00 6.992386202690e+00 1.782833092694e+01 1 1 1 0.0 0.0 0.0
Nb 1.186224875290e+01 6.453652863880e+00 1.782833092694e+01 1 1 1 0.0 0.0 0.0
Nb 1.528366497283e+01 5.914919525070e+00 1.782833092694e+01 1 1 1 0.0 0.0 0.0
Nb 1.870508119277e+01 5.376186186260e+00 1.782833092694e+01 1 1 1 0.0 0.0 0.0
Nb 2.842151445597e+00 4.837452847450e+00 1.782833092694e+01 1 1 1 0.0 0.0 0.0
Nb 6.263567665535e+00 4.298719508639e+00 1.782833092694e+01 1 1 1 0.0 0.0 0.0
Nb 9.684983885473e+00 3.759986169829e+00 1.782833092694e+01 1 1 1 0.0 0.0 0.0
Nb 1.310640010541e+01 3.221252831019e+00 1.782833092694e+01 1 1 1 0.0 0.0 0.0
Nb 1.652781632535e+01 2.682519492209e+00 1.782833092694e+01 1 1 1 0.0 0.0 0.0
Nb 6.648865781732e-01 2.143786153399e+00 1.782833092694e+01 1 1 1 0.0 0.0 0.0
Nb 4.086302798111e+00 1.605052814589e+00 1.782833092694e+01 1 1 1 0.0 0.0 0.0
Nb 7.507719018050e+00 1.066319475779e+00 1.782833092694e+01 1 1 1 0.0 0.0 0.0
Nb 1.092913523799e+01 5.275861369687e-01 1.782833092694e+01 1 1 1 0.0 0.0 0.0
Nb 1.435055146002e+01 3.339031980439e+01 1.782833092694e+01 1 1 1 0.0 0.0 0.0
Nb 1.777196767995e+01 3.285158646558e+01 1.782833092694e+01 1 1 1 0.0 0.0 0.0
Nb 1.909037932778e+00 3.231285312677e+01 1.782833092694e+01 1 1 1 0.0 0.0 0.0
Nb 5.330454152717e+00 3.177411978796e+01 1.782833092694e+01 1 1 1 0.0 0.0 0.0
Nb 8.751870372655e+00 3.123538644915e+01 1.782833092694e+01 1 1 1 0.0 0.0 0.0
Nb 1.217328659259e+01 3.069665311033e+01 1.782833092694e+01 1 1 1 0.0 0.0 0.0
Nb 1.559470281253e+01 3.015791977152e+01 1.782833092694e+01 1 1 1 0.0 0.0 0.0
Nb 1.901611903247e+01 2.961918643271e+01 1.782833092694e+01 1 1 1 0.0 0.0 0.0
Nb 3.152642662947e+00 2.907066280220e+01 1.168208868332e+01 1 1 1 0.0 0.0 0.0
Nb 6.574058882885e+00 2.853192946339e+01 1.168208868332e+01 1 1 1 0.0 0.0 0.0
Nb 9.995475102823e+00 2.799319612458e+01 1.168208868332e+01 1 1 1 0.0 0.0 0.0
Nb 1.341689132276e+01 2.745446278577e+01 1.168208868332e+01 1 1 1 0.0 0.0 0.0
Nb 1.683830754270e+01 2.691572944696e+01 1.168208868332e+01 1 1 1 0.0 0.0 0.0
Nb 9.753777955235e-01 2.637699610815e+01 1.168208868332e+01 1 1 1 0.0 0.0 0.0
Nb 4.396794015462e+00 2.583826276934e+01 1.168208868332e+01 1 1 1 0.0 0.0 0.0
Nb 7.818210235400e+00 2.529952943052e+01 1.168208868332e+01 1 1 1 0.0 0.0 0.0
Nb 1.123962645534e+01 2.476079609171e+01 1.168208868332e+01 1 1 1 0.0 0.0 0.0
Nb 1.466104267528e+01 2.422206275290e+01 1.168208868332e+01 1 1 1 0.0 0.0 0.0
Nb 1.808245889521e+01 2.368332941409e+01 1.168208868332e+01 1 1 1 0.0 0.0 0.0
Nb 2.219529148038e+00 2.314459607528e+01 1.168208868332e+01 1 1 1 0.0 0.0 0.0
Nb 5.640945367976e+00 2.260586273647e+01 1.168208868332e+01 1 1 1 0.0 0.0 0.0
Nb 9.062361587915e+00 2.206712939766e+01 1.168208868332e+01 1 1 1 0.0 0.0 0.0
Nb 1.248377780785e+01 2.152839605885e+01 1.168208868332e+01 1 1 1 0.0 0.0 0.0
Nb 1.590519402779e+01 2.098966272004e+01 1.168208868332e+01 1 1 1 0.0 0.0 0.0
Nb 4.226428061479e-02 2.045092938123e+01 1.168208868332e+01 1 1 1 0.0 0.0 0.0
Nb 3.463680500553e+00 1.991219604242e+01 1.168208868332e+01 1 1 1 0.0 0.0 0.0
Nb 6.885096720491e+00 1.937346270361e+01 1.168208868332e+01 1 1 1 0.0 0.0 0.0
Nb 1.030651294043e+01 1.883472936480e+01 1.168208868332e+01 1 1 1 0.0 0.0 0.0
Nb 1.372792916037e+01 1.829599602599e+01 1.168208868332e+01 1 1 1 0.0 0.0 0.0
Nb 1.714934538031e+01 1.775726268718e+01 1.168208868332e+01 1 1 1 0.0 0.0 0.0
Nb 1.286415633130e+00 1.721852934837e+01 1.168208868332e+01 1 1 1 0.0 0.0 0.0
Nb 4.707831853068e+00 1.667979600956e+01 1.168208868332e+01 1 1 1 0.0 0.0 0.0
Nb 8.129248073006e+00 1.614106267075e+01 1.168208868332e+01 1 1 1 0.0 0.0 0.0
Nb 1.155066429294e+01 1.560232933194e+01 1.168208868332e+01 1 1 1 0.0 0.0 0.0
Nb 1.497208051288e+01 1.506359599313e+01 1.168208868332e+01 1 1 1 0.0 0.0 0.0
Nb 1.839349673282e+01 1.452486265432e+01 1.168208868332e+01 1 1 1 0.0 0.0 0.0
Nb 2.530566985644e+00 1.398612931551e+01 1.168208868332e+01 1 1 1 0.0 0.0 0.0
Nb 5.951983205583e+00 1.344739597670e+01 1.168208868332e+01 1 1 1 0.0 0.0 0.0
Nb 9.373399425521e+00 1.290866263789e+01 1.168208868332e+01 1 1 1 0.0 0.0 0.0
Nb 1.279481564546e+01 1.236992929908e+01 1.168208868332e+01 1 1 1 0.0 0.0 0.0
Nb 1.621623186540e+01 1.183119596027e+01 1.168208868332e+01 1 1 1 0.0 0.0 0.0
Nb 3.533021182209e-01 1.129246262146e+01 1.168208868332e+01 1 1 1 0.0 0.0 0.0
Nb 3.774718338159e+00 1.075372928265e+01 1.168208868332e+01 1 1 1 0.0 0.0 0.0
Nb 7.196134558097e+00 1.021499594384e+01 1.168208868332e+01 1 1 1 0.0 0.0 0.0
Nb 1.061755077804e+01 9.676262605032e+00 1.168208868332e+01 1 1 1 0.0 0.0 0.0
Nb 1.403896699797e+01 9.137529266222e+00 1.168208868332e+01 1 1 1 0.0 0.0 0.0
Nb 1.746038321791e+01 8.598795927411e+00 1.168208868332e+01 1 1 1 0.0 0.0 0.0
Nb 1.597453470736e+00 8.060062588601e+00 1.168208868332e+01 1 1 1 0.0 0.0 0.0
Nb 5.018869690674e+00 7.521329249791e+00 1.168208868332e+01 1 1 1 0.0 0.0 0.0
Nb 8.440285910612e+00 6.982595910981e+00 1.168208868332e+01 1 1 1 0.0 0.0 0.0
Nb 1.186170213055e+01 6.443862572171e+00 1.168208868332e+01 1 1 1 0.0 0.0 0.0
Nb 1.528311835049e+01 5.905129233361e+00 1.168208868332e+01 1 1 1 0.0 0.0 0.0
Nb 1.870453457043e+01 5.366395894551e+00 1.168208868332e+01 1 1 1 0.0 0.0 0.0
Nb 2.841604823250e+00 4.827662555741e+00 1.168208868332e+01 1 1 1 0.0 0.0 0.0
Nb 6.263021043189e+00 4.288929216931e+00 1.168208868332e+01 1 1 1 0.0 0.0 0.0
Nb 9.684437263127e+00 3.750195878120e+00 1.168208868332e+01 1 1 1 0.0 0.0 0.0
Nb 1.310585348307e+01 3.211462539310e+00 1.168208868332e+01 1 1 1 0.0 0.0 0.0
Nb 1.652726970300e+01 2.672729200500e+00 1.168208868332e+01 1 1 1 0.0 0.0 0.0
Nb 6.643399558270e-01 2.133995861690e+00 1.168208868332e+01 1 1 1 0.0 0.0 0.0
Nb 4.085756175765e+00 1.595262522880e+00 1.168208868332e+01 1 1 1 0.0 0.0 0.0
Nb 7.507172395704e+00 1.056529184070e+00 1.168208868332e+01 1 1 1 0.0 0.0 0.0
Nb 1.092858861564e+01 5.177958452598e-01 1.168208868332e+01 1 1 1 0.0 0.0 0.0
Nb 1.435000483767e+01 3.338052951268e+01 1.168208868332e+01 1 1 1 0.0 0.0 0.0
Nb 1.777142105761e+01 3.284179617387e+01 1.168208868332e+01 1 1 1 0.0 0.0 0.0
Nb 1.908491310432e+00 3.230306283506e+01 1.168208868332e+01 1 1 1 0.0 0.0 0.0
Nb 5.329907530370e+00 3.176432949625e+01 1.168208868332e+01 1 1 1 0.0 0.0 0.0
Nb 8.751323750309e+00 3.122559615744e+01 1.168208868332e+01 1 1 1 0.0 0.0 0.0
Nb 1.217273997025e+01 3.068686281863e+01 1.168208868332e+01 1 1 1 0.0 0.0 0.0
Nb 1.559415619019e+01 3.014812947982e+01 1.168208868332e+01 1 1 1 0.0 0.0 0.0
Nb 1.901557241012e+01 2.960939614101e+01 1.168208868332e+01 1 1 1 0.0 0.0 0.0
Bi 1.508667955698e+00 9.851927699109e-01 3.834784015603e+01 1 1 1 0.0 0.0 0.0
Bi 4.263574522627e+00 4.166284865742e+00 3.834784015603e+01 1 1 1 0.0 0.0 0.0
Bi 8.395934372674e+00 3.371011841784e+00 3.834784015603e+01 1 1 1 0.0 0.0 0.0
Bi 1.252829422272e+01 2.575738817826e+00 3.834784015603e+01 1 1 1 0.0 0.0 0.0
Bi 1.666065407277e+01 1.780465793869e+00 3.834784015603e+01 1 1 1 0.0 0.0 0.0
Bi 2.886121239511e+00 8.142649985531e+00 3.834784015603e+01 1 1 1 0.0 0.0 0.0
Bi 7.018481089557e+00 7.347376961573e+00 3.834784015603e+01 1 1 1 0.0 0.0 0.0
Bi 1.115084093960e+01 6.552103937615e+00 3.834784015603e+01 1 1 1 0.0 0.0 0.0
Bi 1.528320078965e+01 5.756830913658e+00 3.834784015603e+01 1 1 1 0.0 0.0 0.0
Bi 1.312146725811e-01 4.961557889700e+00 3.834784015603e+01 1 1 1 0.0 0.0 0.0
Bi 1.508667956394e+00 1.211901510532e+01 3.834784015603e+01 1 1 1 0.0 0.0 0.0
Bi 5.641027806441e+00 1.132374208136e+01 3.834784015603e+01 1 1 1 0.0 0.0 0.0
Bi 9.773387656487e+00 1.052846905740e+01 3.834784015603e+01 1 1 1 0.0 0.0 0.0
Bi 1.390574750653e+01 9.733196033447e+00 3.834784015603e+01 1 1 1 0.0 0.0 0.0
Bi 1.803810735658e+01 8.937923009489e+00 3.834784015603e+01 1 1 1 0.0 0.0 0.0
Bi 4.263574523324e+00 1.530010720115e+01 3.834784015603e+01 1 1 1 0.0 0.0 0.0
Bi 8.395934373370e+00 1.450483417719e+01 3.834784015603e+01 1 1 1 0.0 0.0 0.0
Bi 1.252829422342e+01 1.370956115324e+01 3.834784015603e+01 1 1 1 0.0 0.0 0.0
Bi 1.666065407346e+01 1.291428812928e+01 3.834784015603e+01 1 1 1 0.0 0.0 0.0
Bi 2.886121240208e+00 1.927647232094e+01 3.834784015603e+01 1 1 1 0.0 0.0 0.0
Bi 7.018481090254e+00 1.848119929698e+01 3.834784015603e+01 1 1 1 0.0 0.0 0.0
Bi 1.115084094030e+01 1.768592627302e+01 3.834784015603e+01 1 1 1 0.0 0.0 0.0
Bi 1.528320079035e+01 1.689065324907e+01 3.834784015603e+01 1 1 1 0.0 0.0 0.0
Bi 1.312146732778e-01 1.609538022511e+01 3.834784015603e+01 1 1 1 0.0 0.0 0.0
Bi 1.508667957091e+00 2.325283744073e+01 3.834784015603e+01 1 1 1 0.0 0.0 0.0
Bi 5.641027807137e+00 2.245756441677e+01 3.834784015603e+01 1 1 1 0.0 0.0 0.0
Bi 9.773387657184e+00 2.166229139281e+01 3.834784015603e+01 1 1 1 0.0 0.0 0.0
Bi 1.390574750723e+01 2.086701836886e+01 3.834784015603e+01 1 1 1 0.0 0.0 0.0
Bi 1.803810735728e+01 2.007174534490e+01 3.834784015603e+01 1 1 1 0.0 0.0 0.0
Bi 4.263574524021e+00 2.643392953656e+01 3.834784015603e+01 1 1 1 0.0 0.0 0.0
Bi 8.395934374067e+00 2.563865651260e+01 3.834784015603e+01 1 1 1 0.0 0.0 0.0
Bi 1.252829422411e+01 2.484338348864e+01 3.834784015603e+01 1 1 1 0.0 0.0 0.0
Bi 1.666065407416e+01 2.404811046469e+01 3.834784015603e+01 1 1 1 0.0 0.0 0.0
Bi 2.886121240904e+00 3.041029465635e+01 3.834784015603e+01 1 1 1 0.0 0.0 0.0
Bi 7.018481090951e+00 2.961502163239e+01 3.834784015603e+01 1 1 1 0.0 0.0 0.0
Bi 1.115084094100e+01 2.881974860843e+01 3.834784015603e+01 1 1 1 0.0 0.0 0.0
Bi 1.528320079104e+01 2.802447558448e+01 3.834784015603e+01 1 1 1 0.0 0.0 0.0
Bi 1.312146739746e-01 2.722920256052e+01 3.834784015603e+01 1 1 1 0.0 0.0 0.0
Bi 5.641027805744e+00 1.899197459531e-01 3.834784015603e+01 1 1 1 0.0 0.0 0.0
Bi 9.773387657880e+00 3.279611372822e+01 3.834784015603e+01 1 1 1 0.0 0.0 0.0
Bi 1.390574750793e+01 3.200084070426e+01 3.834784015603e+01 1 1 1 0.0 0.0 0.0
Bi 1.803810735797e+01 3.120556768031e+01 3.834784015603e+01 1 1 1 0.0 0.0 0.0
Bi 1.052440404008e+00 3.196485975940e+01 3.436119714775e+01 1 1 1 0.0 0.0 0.0
Bi 3.807346968847e+00 1.744484849008e+00 3.436119714775e+01 1 1 1 0.0 0.0 0.0
Bi 7.939706818893e+00 9.492118250498e-01 3.436119714775e+01 1 1 1 0.0 0.0 0.0
Bi 1.207206666894e+01 1.539388010920e-01 3.436119714775e+01 1 1 1 0.0 0.0 0.0
Bi 1.620442652108e+01 3.276013278336e+01 3.436119714775e+01 1 1 1 0.0 0.0 0.0
Bi 2.429893685731e+00 5.720849968797e+00 3.436119714775e+01 1 1 1 0.0 0.0 0.0
Bi 6.562253535777e+00 4.925576944839e+00 3.436119714775e+01 1 1 1 0.0 0.0 0.0
Bi 1.069461338582e+01 4.130303920881e+00 3.436119714775e+01 1 1 1 0.0 0.0 0.0
Bi 1.482697323587e+01 3.335030896923e+00 3.436119714775e+01 1 1 1 0.0 0.0 0.0
Bi 1.895933308592e+01 2.539757872965e+00 3.436119714775e+01 1 1 1 0.0 0.0 0.0
Bi 1.052440402614e+00 9.697215088585e+00 3.436119714775e+01 1 1 1 0.0 0.0 0.0
Bi 5.184800252660e+00 8.901942064628e+00 3.436119714775e+01 1 1 1 0.0 0.0 0.0
Bi 9.317160102707e+00 8.106669040670e+00 3.436119714775e+01 1 1 1 0.0 0.0 0.0
Bi 1.344951995275e+01 7.311396016712e+00 3.436119714775e+01 1 1 1 0.0 0.0 0.0
Bi 1.758187980280e+01 6.516122992754e+00 3.436119714775e+01 1 1 1 0.0 0.0 0.0
Bi 3.807346969544e+00 1.287830718442e+01 3.436119714775e+01 1 1 1 0.0 0.0 0.0
Bi 7.939706819590e+00 1.208303416046e+01 3.436119714775e+01 1 1 1 0.0 0.0 0.0
Bi 1.207206666964e+01 1.128776113650e+01 3.436119714775e+01 1 1 1 0.0 0.0 0.0
Bi 1.620442651968e+01 1.049248811254e+01 3.436119714775e+01 1 1 1 0.0 0.0 0.0
Bi 2.429893686427e+00 1.685467230421e+01 3.436119714775e+01 1 1 1 0.0 0.0 0.0
Bi 6.562253536474e+00 1.605939928025e+01 3.436119714775e+01 1 1 1 0.0 0.0 0.0
Bi 1.069461338652e+01 1.526412625629e+01 3.436119714775e+01 1 1 1 0.0 0.0 0.0
Bi 1.482697323657e+01 1.446885323233e+01 3.436119714775e+01 1 1 1 0.0 0.0 0.0
Bi 1.895933308661e+01 1.367358020837e+01 3.436119714775e+01 1 1 1 0.0 0.0 0.0
Bi 1.052440403311e+00 2.083103742399e+01 3.436119714775e+01 1 1 1 0.0 0.0 0.0
Bi 5.184800253357e+00 2.003576440004e+01 3.436119714775e+01 1 1 1 0.0 0.0 0.0
Bi 9.317160103403e+00 1.924049137608e+01 3.436119714775e+01 1 1 1 0.0 0.0 0.0
Bi 1.344951995345e+01 1.844521835212e+01 3.436119714775e+01 1 1 1 0.0 0.0 0.0
Bi 1.758187980350e+01 1.764994532816e+01 3.436119714775e+01 1 1 1 0.0 0.0 0.0
Bi 3.807346970241e+00 2.401212951983e+01 3.436119714775e+01 1 1 1 0.0 0.0 0.0
Bi 7.939706820287e+00 2.321685649587e+01 3.436119714775e+01 1 1 1 0.0 0.0 0.0
Bi 1.207206667033e+01 2.242158347191e+01 3.436119714775e+01 1 1 1 0.0 0.0 0.0
Bi 1.620442652038e+01 2.162631044795e+01 3.436119714775e+01 1 1 1 0.0 0.0 0.0
Bi 2.429893687124e+00 2.798849463961e+01 3.436119714775e+01 1 1 1 0.0 0.0 0.0
Bi 6.562253537170e+00 2.719322161566e+01 3.436119714775e+01 1 1 1 0.0 0.0 0.0
Bi 1.069461338722e+01 2.639794859170e+01 3.436119714775e+01 1 1 1 0.0 0.0 0.0
Bi 1.482697323726e+01 2.560267556774e+01 3.436119714775e+01 1 1 1 0.0 0.0 0.0
Bi 1.895933308731e+01 2.480740254378e+01 3.436119714775e+01 1 1 1 0.0 0.0 0.0
Bi 5.184800254054e+00 3.116958673545e+01 3.436119714775e+01 1 1 1 0.0 0.0 0.0
Bi 9.317160104100e+00 3.037431371149e+01 3.436119714775e+01 1 1 1 0.0 0.0 0.0
Bi 1.344951995415e+01 2.957904068753e+01 3.436119714775e+01 1 1 1 0.0 0.0 0.0
Bi 1.758187980419e+01 2.878376766357e+01 3.436119714775e+01 1 1 1 0.0 0.0 0.0
Bi 9.958076019106e-01 3.192625941942e+01 2.831971850542e+01 1 1 1 0.0 0.0 0.0
Bi 3.750714166750e+00 1.705884509021e+00 2.831971850542e+01 1 1 1 0.0 0.0 0.0
Bi 7.883074016796e+00 9.106114850636e-01 2.831971850542e+01 1 1 1 0.0 0.0 0.0
Bi 1.201543386684e+01 1.153384611058e-01 2.831971850542e+01 1 1 1 0.0 0.0 0.0
Bi 1.614779371898e+01 3.272153244337e+01 2.831971850542e+01 1 1 1 0.0 0.0 0.0
Bi 2.373260883634e+00 5.682249628810e+00 2.831971850542e+01 1 1 1 0.0 0.0 0.0
Bi 6.505620733680e+00 4.886976604853e+00 2.831971850542e+01 1 1 1 0.0 0.0 0.0
Bi 1.063798058373e+01 4.091703580895e+00 2.831971850542e+01 1 1 1 0.0 0.0 0.0
Bi 1.477034043377e+01 3.296430556937e+00 2.831971850542e+01 1 1 1 0.0 0.0 0.0
Bi 1.890270028382e+01 2.501157532979e+00 2.831971850542e+01 1 1 1 0.0 0.0 0.0
Bi 9.958076005171e-01 9.658614748599e+00 2.831971850542e+01 1 1 1 0.0 0.0 0.0
Bi 5.128167450563e+00 8.863341724641e+00 2.831971850542e+01 1 1 1 0.0 0.0 0.0
Bi 9.260527300610e+00 8.068068700684e+00 2.831971850542e+01 1 1 1 0.0 0.0 0.0
Bi 1.339288715066e+01 7.272795676726e+00 2.831971850542e+01 1 1 1 0.0 0.0 0.0
Bi 1.752524700070e+01 6.477522652768e+00 2.831971850542e+01 1 1 1 0.0 0.0 0.0
Bi 3.750714167447e+00 1.283970684443e+01 2.831971850542e+01 1 1 1 0.0 0.0 0.0
Bi 7.883074017493e+00 1.204443382047e+01 2.831971850542e+01 1 1 1 0.0 0.0 0.0
Bi 1.201543386754e+01 1.124916079651e+01 2.831971850542e+01 1 1 1 0.0 0.0 0.0
Bi 1.614779371759e+01 1.045388777256e+01 2.831971850542e+01 1 1 1 0.0 0.0 0.0
Bi 2.373260884330e+00 1.681607196422e+01 2.831971850542e+01 1 1 1 0.0 0.0 0.0
Bi 6.505620734377e+00 1.602079894026e+01 2.831971850542e+01 1 1 1 0.0 0.0 0.0
Bi 1.063798058442e+01 1.522552591630e+01 2.831971850542e+01 1 1 1 0.0 0.0 0.0
Bi 1.477034043447e+01 1.443025289235e+01 2.831971850542e+01 1 1 1 0.0 0.0 0.0
Bi 1.890270028452e+01 1.363497986839e+01 2.831971850542e+01 1 1 1 0.0 0.0 0.0
Bi 9.958076012139e-01 2.079243708401e+01 2.831971850542e+01 1 1 1 0.0 0.0 0.0
Bi 5.128167451260e+00 1.999716406005e+01 2.831971850542e+01 1 1 1 0.0 0.0 0.0
Bi 9.260527301306e+00 1.920189103609e+01 2.831971850542e+01 1 1 1 0.0 0.0 0.0
Bi 1.339288715135e+01 1.840661801213e+01 2.831971850542e+01 1 1 1 0.0 0.0 0.0
Bi 1.752524700140e+01 1.761134498818e+01 2.831971850542e+01 1 1 1 0.0 0.0 0.0
Bi 3.750714168144e+00 2.397352917984e+01 2.831971850542e+01 1 1 1 0.0 0.0 0.0
Bi 7.883074018190e+00 2.317825615588e+01 2.831971850542e+01 1 1 1 0.0 0.0 0.0
Bi 1.201543386824e+01 2.238298313192e+01 2.831971850542e+01 1 1 1 0.0 0.0 0.0
Bi 1.614779371828e+01 2.158771010797e+01 2.831971850542e+01 1 1 1 0.0 0.0 0.0
Bi 2.373260885027e+00 2.794989429963e+01 2.831971850542e+01 1 1 1 0.0 0.0 0.0
Bi 6.505620735073e+00 2.715462127567e+01 2.831971850542e+01 1 1 1 0.0 0.0 0.0
Bi 1.063798058512e+01 2.635934825171e+01 2.831971850542e+01 1 1 1 0.0 0.0 0.0
Bi 1.477034043517e+01 2.556407522775e+01 2.831971850542e+01 1 1 1 0.0 0.0 0.0
Bi 1.890270028521e+01 2.476880220380e+01 2.831971850542e+01 1 1 1 0.0 0.0 0.0
Bi 5.128167451957e+00 3.113098639546e+01 2.831971850542e+01 1 1 1 0.0 0.0 0.0
Bi 9.260527302003e+00 3.033571337150e+01 2.831971850542e+01 1 1 1 0.0 0.0 0.0
Bi 1.339288715205e+01 2.954044034754e+01 2.831971850542e+01 1 1 1 0.0 0.0 0.0
Bi 1.752524700210e+01 2.874516732359e+01 2.831971850542e+01 1 1 1 0.0 0.0 0.0
Bi 1.845884124483e+01 9.989380076605e-02 2.434799808390e+01 1 1 1 0.0 0.0 0.0
Bi 1.929401844642e+00 3.280985896597e+00 2.434799808390e+01 1 1 1 0.0 0.0 0.0
Bi 6.061761694688e+00 2.485712872639e+00 2.434799808390e+01 1 1 1 0.0 0.0 0.0
Bi 1.019412154473e+01 1.690439848682e+00 2.434799808390e+01 1 1 1 0.0 0.0 0.0
Bi 1.432648139478e+01 8.951668247238e-01 2.434799808390e+01 1 1 1 0.0 0.0 0.0
Bi 5.519485615252e-01 7.257351016386e+00 2.434799808390e+01 1 1 1 0.0 0.0 0.0
Bi 4.684308411571e+00 6.462077992428e+00 2.434799808390e+01 1 1 1 0.0 0.0 0.0
Bi 8.816668261618e+00 5.666804968471e+00 2.434799808390e+01 1 1 1 0.0 0.0 0.0
Bi 1.294902811166e+01 4.871531944513e+00 2.434799808390e+01 1 1 1 0.0 0.0 0.0
Bi 1.708138796171e+01 4.076258920555e+00 2.434799808390e+01 1 1 1 0.0 0.0 0.0
Bi 1.845884124552e+01 1.123371613618e+01 2.434799808390e+01 1 1 1 0.0 0.0 0.0
Bi 3.306855128455e+00 1.043844311222e+01 2.434799808390e+01 1 1 1 0.0 0.0 0.0
Bi 7.439214978501e+00 9.643170088259e+00 2.434799808390e+01 1 1 1 0.0 0.0 0.0
Bi 1.157157482855e+01 8.847897064302e+00 2.434799808390e+01 1 1 1 0.0 0.0 0.0
Bi 1.570393467859e+01 8.052624040344e+00 2.434799808390e+01 1 1 1 0.0 0.0 0.0
Bi 1.929401845338e+00 1.441480823201e+01 2.434799808390e+01 1 1 1 0.0 0.0 0.0
Bi 6.061761695385e+00 1.361953520805e+01 2.434799808390e+01 1 1 1 0.0 0.0 0.0
Bi 1.019412154543e+01 1.282426218409e+01 2.434799808390e+01 1 1 1 0.0 0.0 0.0
Bi 1.432648139548e+01 1.202898916013e+01 2.434799808390e+01 1 1 1 0.0 0.0 0.0
Bi 5.519485622219e-01 1.839117335180e+01 2.434799808390e+01 1 1 1 0.0 0.0 0.0
Bi 4.684308412268e+00 1.759590032784e+01 2.434799808390e+01 1 1 1 0.0 0.0 0.0
Bi 8.816668262314e+00 1.680062730388e+01 2.434799808390e+01 1 1 1 0.0 0.0 0.0
Bi 1.294902811236e+01 1.600535427992e+01 2.434799808390e+01 1 1 1 0.0 0.0 0.0
Bi 1.708138796241e+01 1.521008125596e+01 2.434799808390e+01 1 1 1 0.0 0.0 0.0
Bi 1.845884124622e+01 2.236753847158e+01 2.434799808390e+01 1 1 1 0.0 0.0 0.0
Bi 3.306855129152e+00 2.157226544763e+01 2.434799808390e+01 1 1 1 0.0 0.0 0.0
Bi 7.439214979198e+00 2.077699242367e+01 2.434799808390e+01 1 1 1 0.0 0.0 0.0
Bi 1.157157482924e+01 1.998171939971e+01 2.434799808390e+01 1 1 1 0.0 0.0 0.0
Bi 1.570393467929e+01 1.918644637575e+01 2.434799808390e+01 1 1 1 0.0 0.0 0.0
Bi 1.929401846035e+00 2.554863056742e+01 2.434799808390e+01 1 1 1 0.0 0.0 0.0
Bi 6.061761696081e+00 2.475335754346e+01 2.434799808390e+01 1 1 1 0.0 0.0 0.0
Bi 1.019412154613e+01 2.395808451950e+01 2.434799808390e+01 1 1 1 0.0 0.0 0.0
Bi 1.432648139617e+01 2.316281149554e+01 2.434799808390e+01 1 1 1 0.0 0.0 0.0
Bi 5.519485629187e-01 2.952499568720e+01 2.434799808390e+01 1 1 1 0.0 0.0 0.0
Bi 4.684308412965e+00 2.872972266325e+01 2.434799808390e+01 1 1 1 0.0 0.0 0.0
Bi 8.816668263011e+00 2.793444963929e+01 2.434799808390e+01 1 1 1 0.0 0.0 0.0
Bi 1.294902811306e+01 2.713917661533e+01 2.434799808390e+01 1 1 1 0.0 0.0 0.0
Bi 1.708138796310e+01 2.634390359137e+01 2.434799808390e+01 1 1 1 0.0 0.0 0.0
Bi 3.306855129848e+00 3.270608778304e+01 2.434799808390e+01 1 1 1 0.0 0.0 0.0
Bi 7.439214979895e+00 3.191081475908e+01 2.434799808390e+01 1 1 1 0.0 0.0 0.0
Bi 1.157157482994e+01 3.111554173512e+01 2.434799808390e+01 1 1 1 0.0 0.0 0.0
Bi 1.570393467999e+01 3.032026871116e+01 2.434799808390e+01 1 1 1 0.0 0.0 0.0
Se 1.596964261132e+00 3.032742736042e+01 1.000000000000e+01 1 1 1 0.0 0.0 0.0
Se 5.018380481070e+00 2.978869402161e+01 1.000000000000e+01 1 1 1 0.0 0.0 0.0
Se 8.439796701008e+00 2.924996068280e+01 1.000000000000e+01 1 1 1 0.0 0.0 0.0
Se 1.186121292095e+01 2.871122734399e+01 1.000000000000e+01 1 1 1 0.0 0.0 0.0
Se 1.528262914088e+01 2.817249400518e+01 1.000000000000e+01 1 1 1 0.0 0.0 0.0
Se 1.870404536082e+01 2.763376066637e+01 1.000000000000e+01 1 1 1 0.0 0.0 0.0
Se 2.841115613646e+00 2.709502732756e+01 1.000000000000e+01 1 1 1 0.0 0.0 0.0
Se 6.262531833585e+00 2.655629398875e+01 1.000000000000e+01 1 1 1 0.0 0.0 0.0
Se 9.683948053523e+00 2.601756064994e+01 1.000000000000e+01 1 1 1 0.0 0.0 0.0
Se 1.310536427346e+01 2.547882731113e+01 1.000000000000e+01 1 1 1 0.0 0.0 0.0
Se 1.652678049340e+01 2.494009397232e+01 1.000000000000e+01 1 1 1 0.0 0.0 0.0
Se 6.638507462229e-01 2.440136063351e+01 1.000000000000e+01 1 1 1 0.0 0.0 0.0
Se 4.085266966161e+00 2.386262729470e+01 1.000000000000e+01 1 1 1 0.0 0.0 0.0
Se 7.506683186099e+00 2.332389395589e+01 1.000000000000e+01 1 1 1 0.0 0.0 0.0
Se 1.092809940604e+01 2.278516061708e+01 1.000000000000e+01 1 1 1 0.0 0.0 0.0
Se 1.434951562598e+01 2.224642727827e+01 1.000000000000e+01 1 1 1 0.0 0.0 0.0
Se 1.777093184591e+01 2.170769393946e+01 1.000000000000e+01 1 1 1 0.0 0.0 0.0
Se 1.908002098738e+00 2.116896060065e+01 1.000000000000e+01 1 1 1 0.0 0.0 0.0
Se 5.329418318676e+00 2.063022726184e+01 1.000000000000e+01 1 1 1 0.0 0.0 0.0
Se 8.750834538614e+00 2.009149392303e+01 1.000000000000e+01 1 1 1 0.0 0.0 0.0
Se 1.217225075855e+01 1.955276058422e+01 1.000000000000e+01 1 1 1 0.0 0.0 0.0
Se 1.559366697849e+01 1.901402724541e+01 1.000000000000e+01 1 1 1 0.0 0.0 0.0
Se 1.901508319843e+01 1.847529390660e+01 1.000000000000e+01 1 1 1 0.0 0.0 0.0
Se 3.152153451252e+00 1.793656056778e+01 1.000000000000e+01 1 1 1 0.0 0.0 0.0
Se 6.573569671191e+00 1.739782722897e+01 1.000000000000e+01 1 1 1 0.0 0.0 0.0
Se 9.994985891129e+00 1.685909389016e+01 1.000000000000e+01 1 1 1 0.0 0.0 0.0
Se 1.341640211107e+01 1.632036055135e+01 1.000000000000e+01 1 1 1 0.0 0.0 0.0
Se 1.683781833101e+01 1.578162721254e+01 1.000000000000e+01 1 1 1 0.0 0.0 0.0
Se 9.748885838290e-01 1.524289387373e+01 1.000000000000e+01 1 1 1 0.0 0.0 0.0
Se 4.396304803767e+00 1.470416053492e+01 1.000000000000e+01 1 1 1 0.0 0.0 0.0
Se 7.817721023706e+00 1.416542719611e+01 1.000000000000e+01 1 1 1 0.0 0.0 0.0
Se 1.123913724364e+01 1.362669385730e+01 1.000000000000e+01 1 1 1 0.0 0.0 0.0
Se 1.466055346358e+01 1.308796051849e+01 1.000000000000e+01 1 1 1 0.0 0.0 0.0
Se 1.808196968352e+01 1.254922717968e+01 1.000000000000e+01 1 1 1 0.0 0.0 0.0
Se 2.219039936344e+00 1.201049384087e+01 1.000000000000e+01 1 1 1 0.0 0.0 0.0
Se 5.640456156282e+00 1.147176050206e+01 1.000000000000e+01 1 1 1 0.0 0.0 0.0
Se 9.061872376220e+00 1.093302716325e+01 1.000000000000e+01 1 1 1 0.0 0.0 0.0
Se 1.248328859616e+01 1.039429382444e+01 1.000000000000e+01 1 1 1 0.0 0.0 0.0
Se 1.590470481610e+01 9.855560485633e+00 1.000000000000e+01 1 1 1 0.0 0.0 0.0
Se 4.177506892037e-02 9.316827146823e+00 1.000000000000e+01 1 1 1 0.0 0.0 0.0
Se 3.463191288859e+00 8.778093808013e+00 1.000000000000e+01 1 1 1 0.0 0.0 0.0
Se 6.884607508797e+00 8.239360469203e+00 1.000000000000e+01 1 1 1 0.0 0.0 0.0
Se 1.030602372874e+01 7.700627130393e+00 1.000000000000e+01 1 1 1 0.0 0.0 0.0
Se 1.372743994867e+01 7.161893791583e+00 1.000000000000e+01 1 1 1 0.0 0.0 0.0
Se 1.714885616861e+01 6.623160452773e+00 1.000000000000e+01 1 1 1 0.0 0.0 0.0
Se 1.285926421435e+00 6.084427113963e+00 1.000000000000e+01 1 1 1 0.0 0.0 0.0
Se 4.707342641373e+00 5.545693775152e+00 1.000000000000e+01 1 1 1 0.0 0.0 0.0
Se 8.128758861312e+00 5.006960436342e+00 1.000000000000e+01 1 1 1 0.0 0.0 0.0
Se 1.155017508125e+01 4.468227097532e+00 1.000000000000e+01 1 1 1 0.0 0.0 0.0
Se 1.497159130119e+01 3.929493758722e+00 1.000000000000e+01 1 1 1 0.0 0.0 0.0
Se 1.839300752113e+01 3.390760419912e+00 1.000000000000e+01 1 1 1 0.0 0.0 0.0
Se 2.530077773950e+00 2.852027081102e+00 1.000000000000e+01 1 1 1 0.0 0.0 0.0
Se 5.951493993888e+00 2.313293742292e+00 1.000000000000e+01 1 1 1 0.0 0.0 0.0
Se 9.372910213826e+00 1.774560403482e+00 1.000000000000e+01 1 1 1 0.0 0.0 0.0
Se 1.279432643376e+01 1.235827064672e+00 1.000000000000e+01 1 1 1 0.0 0.0 0.0
Se 1.621574265370e+01 6.970937258614e-01 1.000000000000e+01 1 1 1 0.0 0.0 0.0
Se 3.528129065265e-01 1.583603870513e-01 1.000000000000e+01 1 1 1 0.0 0.0 0.0
Se 3.774229128555e+00 3.302109405447e+01 1.000000000000e+01 1 1 1 0.0 0.0 0.0
Se 7.195645348493e+00 3.248236071566e+01 1.000000000000e+01 1 1 1 0.0 0.0 0.0
Se 1.061706156843e+01 3.194362737685e+01 1.000000000000e+01 1 1 1 0.0 0.0 0.0
Se 1.403847778837e+01 3.140489403804e+01 1.000000000000e+01 1 1 1 0.0 0.0 0.0
Se 1.745989400831e+01 3.086616069923e+01 1.000000000000e+01 1 1 1 0.0 0.0 0.0
Se 3.463947245395e+00 3.105573750509e+01 1.614602824434e+01 1 1 1 0.0 0.0 0.0
Se 6.885363465333e+00 3.051700416628e+01 1.614602824434e+01 1 1 1 0.0 0.0 0.0
Se 1.030677968527e+01 2.997827082747e+01 1.614602824434e+01 1 1 1 0.0 0.0 0.0
Se 1.372819590521e+01 2.943953748866e+01 1.614602824434e+01 1 1 1 0.0 0.0 0.0
Se 1.714961212515e+01 2.890080414984e+01 1.614602824434e+01 1 1 1 0.0 0.0 0.0
Se 1.286682377972e+00 2.836207081103e+01 1.614602824434e+01 1 1 1 0.0 0.0 0.0
Se 4.708098597910e+00 2.782333747222e+01 1.614602824434e+01 1 1 1 0.0 0.0 0.0
Se 8.129514817848e+00 2.728460413341e+01 1.614602824434e+01 1 1 1 0.0 0.0 0.0
Se 1.155093103779e+01 2.674587079460e+01 1.614602824434e+01 1 1 1 0.0 0.0 0.0
Se 1.497234725772e+01 2.620713745579e+01 1.614602824434e+01 1 1 1 0.0 0.0 0.0
Se 1.839376347766e+01 2.566840411698e+01 1.614602824434e+01 1 1 1 0.0 0.0 0.0
Se 2.530833730486e+00 2.512967077817e+01 1.614602824434e+01 1 1 1 0.0 0.0 0.0
Se 5.952249950425e+00 2.459093743936e+01 1.614602824434e+01 1 1 1 0.0 0.0 0.0
Se 9.373666170363e+00 2.405220410055e+01 1.614602824434e+01 1 1 1 0.0 0.0 0.0
Se 1.279508239030e+01 2.351347076174e+01 1.614602824434e+01 1 1 1 0.0 0.0 0.0
Se 1.621649861024e+01 2.297473742293e+01 1.614602824434e+01 1 1 1 0.0 0.0 0.0
Se 3.535688630630e-01 2.243600408412e+01 1.614602824434e+01 1 1 1 0.0 0.0 0.0
Se 3.774985083001e+00 2.189727074531e+01 1.614602824434e+01 1 1 1 0.0 0.0 0.0
Se 7.196401302939e+00 2.135853740650e+01 1.614602824434e+01 1 1 1 0.0 0.0 0.0
Se 1.061781752288e+01 2.081980406769e+01 1.614602824434e+01 1 1 1 0.0 0.0 0.0
Se 1.403923374282e+01 2.028107072888e+01 1.614602824434e+01 1 1 1 0.0 0.0 0.0
Se 1.746064996275e+01 1.974233739007e+01 1.614602824434e+01 1 1 1 0.0 0.0 0.0
Se 1.597720215578e+00 1.920360405126e+01 1.614602824434e+01 1 1 1 0.0 0.0 0.0
Se 5.019136435516e+00 1.866487071245e+01 1.614602824434e+01 1 1 1 0.0 0.0 0.0
Se 8.440552655454e+00 1.812613737364e+01 1.614602824434e+01 1 1 1 0.0 0.0 0.0
Se 1.186196887539e+01 1.758740403483e+01 1.614602824434e+01 1 1 1 0.0 0.0 0.0
Se 1.528338509533e+01 1.704867069602e+01 1.614602824434e+01 1 1 1 0.0 0.0 0.0
Se 1.870480131527e+01 1.650993735721e+01 1.614602824434e+01 1 1 1 0.0 0.0 0.0
Se 2.841871568093e+00 1.597120401840e+01 1.614602824434e+01 1 1 1 0.0 0.0 0.0
Se 6.263287788031e+00 1.543247067959e+01 1.614602824434e+01 1 1 1 0.0 0.0 0.0
Se 9.684704007969e+00 1.489373734078e+01 1.614602824434e+01 1 1 1 0.0 0.0 0.0
Se 1.310612022791e+01 1.435500400197e+01 1.614602824434e+01 1 1 1 0.0 0.0 0.0
Se 1.652753644785e+01 1.381627066316e+01 1.614602824434e+01 1 1 1 0.0 0.0 0.0
Se 6.646067006691e-01 1.327753732435e+01 1.614602824434e+01 1 1 1 0.0 0.0 0.0
Se 4.086022920607e+00 1.273880398554e+01 1.614602824434e+01 1 1 1 0.0 0.0 0.0
Se 7.507439140546e+00 1.220007064673e+01 1.614602824434e+01 1 1 1 0.0 0.0 0.0
Se 1.092885536048e+01 1.166133730792e+01 1.614602824434e+01 1 1 1 0.0 0.0 0.0
Se 1.435027158042e+01 1.112260396911e+01 1.614602824434e+01 1 1 1 0.0 0.0 0.0
Se 1.777168780036e+01 1.058387063030e+01 1.614602824434e+01 1 1 1 0.0 0.0 0.0
Se 1.908758053184e+00 1.004513729149e+01 1.614602824434e+01 1 1 1 0.0 0.0 0.0
Se 5.330174273122e+00 9.506403952681e+00 1.614602824434e+01 1 1 1 0.0 0.0 0.0
Se 8.751590493060e+00 8.967670613871e+00 1.614602824434e+01 1 1 1 0.0 0.0 0.0
Se 1.217300671300e+01 8.428937275061e+00 1.614602824434e+01 1 1 1 0.0 0.0 0.0
Se 1.559442293294e+01 7.890203936251e+00 1.614602824434e+01 1 1 1 0.0 0.0 0.0
Se 1.901583915288e+01 7.351470597441e+00 1.614602824434e+01 1 1 1 0.0 0.0 0.0
Se 3.152909405699e+00 6.812737258630e+00 1.614602824434e+01 1 1 1 0.0 0.0 0.0
Se 6.574325625637e+00 6.274003919820e+00 1.614602824434e+01 1 1 1 0.0 0.0 0.0
Se 9.995741845575e+00 5.735270581010e+00 1.614602824434e+01 1 1 1 0.0 0.0 0.0
Se 1.341715806551e+01 5.196537242200e+00 1.614602824434e+01 1 1 1 0.0 0.0 0.0
Se 1.683857428545e+01 4.657803903390e+00 1.614602824434e+01 1 1 1 0.0 0.0 0.0
Se 9.756445382752e-01 4.119070564580e+00 1.614602824434e+01 1 1 1 0.0 0.0 0.0
Se 4.397060758213e+00 3.580337225770e+00 1.614602824434e+01 1 1 1 0.0 0.0 0.0
Se 7.818476978152e+00 3.041603886960e+00 1.614602824434e+01 1 1 1 0.0 0.0 0.0
Se 1.123989319809e+01 2.502870548150e+00 1.614602824434e+01 1 1 1 0.0 0.0 0.0
Se 1.466130941803e+01 1.964137209339e+00 1.614602824434e+01 1 1 1 0.0 0.0 0.0
Se 1.808272563797e+01 1.425403870529e+00 1.614602824434e+01 1 1 1 0.0 0.0 0.0
Se 2.219795890790e+00 8.866705317192e-01 1.614602824434e+01 1 1 1 0.0 0.0 0.0
Se 5.641212110728e+00 3.479371929091e-01 1.614602824434e+01 1 1 1 0.0 0.0 0.0
Se 9.062628332757e+00 3.321067086033e+01 1.614602824434e+01 1 1 1 0.0 0.0 0.0
Se 1.248404455270e+01 3.267193752152e+01 1.614602824434e+01 1 1 1 0.0 0.0 0.0
Se 1.590546077263e+01 3.213320418271e+01 1.614602824434e+01 1 1 1 0.0 0.0 0.0
Se 4.253102545683e-02 3.159447084390e+01 1.614602824434e+01 1 1 1 0.0 0.0 0.0
Se 1.597428298804e+00 3.032839837146e+01 1.336443756309e+01 1 1 1 0.0 0.0 0.0
Se 5.018844518742e+00 2.978966503265e+01 1.336443756309e+01 1 1 1 0.0 0.0 0.0
Se 8.440260738680e+00 2.925093169384e+01 1.336443756309e+01 1 1 1 0.0 0.0 0.0
Se 1.186167695862e+01 2.871219835503e+01 1.336443756309e+01 1 1 1 0.0 0.0 0.0
Se 1.528309317856e+01 2.817346501622e+01 1.336443756309e+01 1 1 1 0.0 0.0 0.0
Se 1.870450939849e+01 2.763473167741e+01 1.336443756309e+01 1 1 1 0.0 0.0 0.0
Se 2.841579651318e+00 2.709599833860e+01 1.336443756309e+01 1 1 1 0.0 0.0 0.0
Se 6.262995871257e+00 2.655726499979e+01 1.336443756309e+01 1 1 1 0.0 0.0 0.0
Se 9.684412091195e+00 2.601853166098e+01 1.336443756309e+01 1 1 1 0.0 0.0 0.0
Se 1.310582831113e+01 2.547979832217e+01 1.336443756309e+01 1 1 1 0.0 0.0 0.0
Se 1.652724453107e+01 2.494106498336e+01 1.336443756309e+01 1 1 1 0.0 0.0 0.0
Se 6.643147838949e-01 2.440233164455e+01 1.336443756309e+01 1 1 1 0.0 0.0 0.0
Se 4.085731003833e+00 2.386359830574e+01 1.336443756309e+01 1 1 1 0.0 0.0 0.0
Se 7.507147223771e+00 2.332486496693e+01 1.336443756309e+01 1 1 1 0.0 0.0 0.0
Se 1.092856344371e+01 2.278613162812e+01 1.336443756309e+01 1 1 1 0.0 0.0 0.0
Se 1.434997966365e+01 2.224739828931e+01 1.336443756309e+01 1 1 1 0.0 0.0 0.0
Se 1.777139588359e+01 2.170866495050e+01 1.336443756309e+01 1 1 1 0.0 0.0 0.0
Se 1.908466136410e+00 2.116993161169e+01 1.336443756309e+01 1 1 1 0.0 0.0 0.0
Se 5.329882356348e+00 2.063119827288e+01 1.336443756309e+01 1 1 1 0.0 0.0 0.0
Se 8.751298576286e+00 2.009246493407e+01 1.336443756309e+01 1 1 1 0.0 0.0 0.0
Se 1.217271479622e+01 1.955373159526e+01 1.336443756309e+01 1 1 1 0.0 0.0 0.0
Se 1.559413101616e+01 1.901499825645e+01 1.336443756309e+01 1 1 1 0.0 0.0 0.0
Se 1.901554723610e+01 1.847626491764e+01 1.336443756309e+01 1 1 1 0.0 0.0 0.0
Se 3.152617488925e+00 1.793753157883e+01 1.336443756309e+01 1 1 1 0.0 0.0 0.0
Se 6.574033708863e+00 1.739879824002e+01 1.336443756309e+01 1 1 1 0.0 0.0 0.0
Se 9.995449928801e+00 1.686006490121e+01 1.336443756309e+01 1 1 1 0.0 0.0 0.0
Se 1.341686614874e+01 1.632133156240e+01 1.336443756309e+01 1 1 1 0.0 0.0 0.0
Se 1.683828236868e+01 1.578259822359e+01 1.336443756309e+01 1 1 1 0.0 0.0 0.0
Se 9.753526215011e-01 1.524386488478e+01 1.336443756309e+01 1 1 1 0.0 0.0 0.0
Se 4.396768841439e+00 1.470513154597e+01 1.336443756309e+01 1 1 1 0.0 0.0 0.0
Se 7.818185061378e+00 1.416639820716e+01 1.336443756309e+01 1 1 1 0.0 0.0 0.0
Se 1.123960128132e+01 1.362766486835e+01 1.336443756309e+01 1 1 1 0.0 0.0 0.0
Se 1.466101750125e+01 1.308893152954e+01 1.336443756309e+01 1 1 1 0.0 0.0 0.0
Se 1.808243372119e+01 1.255019819073e+01 1.336443756309e+01 1 1 1 0.0 0.0 0.0
Se 2.219503974016e+00 1.201146485192e+01 1.336443756309e+01 1 1 1 0.0 0.0 0.0
Se 5.640920193954e+00 1.147273151311e+01 1.336443756309e+01 1 1 1 0.0 0.0 0.0
Se 9.062336413892e+00 1.093399817430e+01 1.336443756309e+01 1 1 1 0.0 0.0 0.0
Se 1.248375263383e+01 1.039526483549e+01 1.336443756309e+01 1 1 1 0.0 0.0 0.0
Se 1.590516885377e+01 9.856531496676e+00 1.336443756309e+01 1 1 1 0.0 0.0 0.0
Se 4.223910659239e-02 9.317798157866e+00 1.336443756309e+01 1 1 1 0.0 0.0 0.0
Se 3.463655326531e+00 8.779064819056e+00 1.336443756309e+01 1 1 1 0.0 0.0 0.0
Se 6.885071546469e+00 8.240331480246e+00 1.336443756309e+01 1 1 1 0.0 0.0 0.0
Se 1.030648776641e+01 7.701598141436e+00 1.336443756309e+01 1 1 1 0.0 0.0 0.0
Se 1.372790398635e+01 7.162864802626e+00 1.336443756309e+01 1 1 1 0.0 0.0 0.0
Se 1.714932020628e+01 6.624131463815e+00 1.336443756309e+01 1 1 1 0.0 0.0 0.0
Se 1.286390459107e+00 6.085398125005e+00 1.336443756309e+01 1 1 1 0.0 0.0 0.0
Se 4.707806679045e+00 5.546664786195e+00 1.336443756309e+01 1 1 1 0.0 0.0 0.0
Se 8.129222898984e+00 5.007931447385e+00 1.336443756309e+01 1 1 1 0.0 0.0 0.0
Se 1.155063911892e+01 4.469198108575e+00 1.336443756309e+01 1 1 1 0.0 0.0 0.0
Se 1.497205533886e+01 3.930464769765e+00 1.336443756309e+01 1 1 1 0.0 0.0 0.0
Se 1.839347155880e+01 3.391731430955e+00 1.336443756309e+01 1 1 1 0.0 0.0 0.0
Se 2.530541811622e+00 2.852998092145e+00 1.336443756309e+01 1 1 1 0.0 0.0 0.0
Se 5.951958031560e+00 2.314264753335e+00 1.336443756309e+01 1 1 1 0.0 0.0 0.0
Se 9.373374251498e+00 1.775531414524e+00 1.336443756309e+01 1 1 1 0.0 0.0 0.0
Se 1.279479047144e+01 1.236798075714e+00 1.336443756309e+01 1 1 1 0.0 0.0 0.0
Se 1.621620669137e+01 6.980647369043e-01 1.336443756309e+01 1 1 1 0.0 0.0 0.0
Se 3.532769441985e-01 1.593313980941e-01 1.336443756309e+01 1 1 1 0.0 0.0 0.0
Se 3.774693166227e+00 3.302206506551e+01 1.336443756309e+01 1 1 1 0.0 0.0 0.0
Se 7.196109386165e+00 3.248333172670e+01 1.336443756309e+01 1 1 1 0.0 0.0 0.0
Se 1.061752560610e+01 3.194459838789e+01 1.336443756309e+01 1 1 1 0.0 0.0 0.0
Se 1.403894182604e+01 3.140586504908e+01 1.336443756309e+01 1 1 1 0.0 0.0 0.0
Se 1.746035804598e+01 3.086713171027e+01 1.336443756309e+01 1 1 1 0.0 0.0 0.0
Se 3.464558559834e+00 3.105660097295e+01 1.951046802998e+01 1 1 1 0.0 0.0 0.0
Se 6.885974779772e+00 3.051786763414e+01 1.951046802998e+01 1 1 1 0.0 0.0 0.0
Se 1.030739099971e+01 2.997913429533e+01 1.951046802998e+01 1 1 1 0.0 0.0 0.0
Se 1.372880721965e+01 2.944040095652e+01 1.951046802998e+01 1 1 1 0.0 0.0 0.0
Se 1.715022343959e+01 2.890166761771e+01 1.951046802998e+01 1 1 1 0.0 0.0 0.0
Se 1.287293692410e+00 2.836293427890e+01 1.951046802998e+01 1 1 1 0.0 0.0 0.0
Se 4.708709912349e+00 2.782420094009e+01 1.951046802998e+01 1 1 1 0.0 0.0 0.0
Se 8.130126132287e+00 2.728546760128e+01 1.951046802998e+01 1 1 1 0.0 0.0 0.0
Se 1.155154235223e+01 2.674673426247e+01 1.951046802998e+01 1 1 1 0.0 0.0 0.0
Se 1.497295857216e+01 2.620800092366e+01 1.951046802998e+01 1 1 1 0.0 0.0 0.0
Se 1.839437479210e+01 2.566926758485e+01 1.951046802998e+01 1 1 1 0.0 0.0 0.0
Se 2.531445044925e+00 2.513053424604e+01 1.951046802998e+01 1 1 1 0.0 0.0 0.0
Se 5.952861264863e+00 2.459180090723e+01 1.951046802998e+01 1 1 1 0.0 0.0 0.0
Se 9.374277484802e+00 2.405306756842e+01 1.951046802998e+01 1 1 1 0.0 0.0 0.0
Se 1.279569370474e+01 2.351433422961e+01 1.951046802998e+01 1 1 1 0.0 0.0 0.0
Se 1.621710992468e+01 2.297560089080e+01 1.951046802998e+01 1 1 1 0.0 0.0 0.0
Se 3.541801775017e-01 2.243686755199e+01 1.951046802998e+01 1 1 1 0.0 0.0 0.0
Se 3.775596397440e+00 2.189813421318e+01 1.951046802998e+01 1 1 1 0.0 0.0 0.0
Se 7.197012617378e+00 2.135940087436e+01 1.951046802998e+01 1 1 1 0.0 0.0 0.0
Se 1.061842883732e+01 2.082066753555e+01 1.951046802998e+01 1 1 1 0.0 0.0 0.0
Se 1.403984505725e+01 2.028193419674e+01 1.951046802998e+01 1 1 1 0.0 0.0 0.0
Se 1.746126127719e+01 1.974320085793e+01 1.951046802998e+01 1 1 1 0.0 0.0 0.0
Se 1.598331530016e+00 1.920446751912e+01 1.951046802998e+01 1 1 1 0.0 0.0 0.0
Se 5.019747749955e+00 1.866573418031e+01 1.951046802998e+01 1 1 1 0.0 0.0 0.0
Se 8.441163969893e+00 1.812700084150e+01 1.951046802998e+01 1 1 1 0.0 0.0 0.0
Se 1.186258018983e+01 1.758826750269e+01 1.951046802998e+01 1 1 1 0.0 0.0 0.0
Se 1.528399640977e+01 1.704953416388e+01 1.951046802998e+01 1 1 1 0.0 0.0 0.0
Se 1.870541262971e+01 1.651080082507e+01 1.951046802998e+01 1 1 1 0.0 0.0 0.0
Se 2.842482882531e+00 1.597206748626e+01 1.951046802998e+01 1 1 1 0.0 0.0 0.0
Se 6.263899102470e+00 1.543333414745e+01 1.951046802998e+01 1 1 1 0.0 0.0 0.0
Se 9.685315322408e+00 1.489460080864e+01 1.951046802998e+01 1 1 1 0.0 0.0 0.0
Se 1.310673154235e+01 1.435586746983e+01 1.951046802998e+01 1 1 1 0.0 0.0 0.0
Se 1.652814776228e+01 1.381713413102e+01 1.951046802998e+01 1 1 1 0.0 0.0 0.0
Se 6.652180151078e-01 1.327840079221e+01 1.951046802998e+01 1 1 1 0.0 0.0 0.0
Se 4.086634235046e+00 1.273966745340e+01 1.951046802998e+01 1 1 1 0.0 0.0 0.0
Se 7.508050454984e+00 1.220093411459e+01 1.951046802998e+01 1 1 1 0.0 0.0 0.0
Se 1.092946667492e+01 1.166220077578e+01 1.951046802998e+01 1 1 1 0.0 0.0 0.0
Se 1.435088289486e+01 1.112346743697e+01 1.951046802998e+01 1 1 1 0.0 0.0 0.0
Se 1.777229911480e+01 1.058473409816e+01 1.951046802998e+01 1 1 1 0.0 0.0 0.0
Se 1.909369367623e+00 1.004600075935e+01 1.951046802998e+01 1 1 1 0.0 0.0 0.0
Se 5.330785587561e+00 9.507267420542e+00 1.951046802998e+01 1 1 1 0.0 0.0 0.0
Se 8.752201807499e+00 8.968534081732e+00 1.951046802998e+01 1 1 1 0.0 0.0 0.0
Se 1.217361802744e+01 8.429800742922e+00 1.951046802998e+01 1 1 1 0.0 0.0 0.0
Se 1.559503424738e+01 7.891067404112e+00 1.951046802998e+01 1 1 1 0.0 0.0 0.0
Se 1.901645046731e+01 7.352334065302e+00 1.951046802998e+01 1 1 1 0.0 0.0 0.0
Se 3.153520720137e+00 6.813600726492e+00 1.951046802998e+01 1 1 1 0.0 0.0 0.0
Se 6.574936940076e+00 6.274867387682e+00 1.951046802998e+01 1 1 1 0.0 0.0 0.0
Se 9.996353160014e+00 5.736134048872e+00 1.951046802998e+01 1 1 1 0.0 0.0 0.0
Se 1.341776937995e+01 5.197400710062e+00 1.951046802998e+01 1 1 1 0.0 0.0 0.0
Se 1.683918559989e+01 4.658667371251e+00 1.951046802998e+01 1 1 1 0.0 0.0 0.0
Se 9.762558527139e-01 4.119934032441e+00 1.951046802998e+01 1 1 1 0.0 0.0 0.0
Se 4.397672072652e+00 3.581200693631e+00 1.951046802998e+01 1 1 1 0.0 0.0 0.0
Se 7.819088292590e+00 3.042467354821e+00 1.951046802998e+01 1 1 1 0.0 0.0 0.0
Se 1.124050451253e+01 2.503734016011e+00 1.951046802998e+01 1 1 1 0.0 0.0 0.0
Se 1.466192073247e+01 1.965000677201e+00 1.951046802998e+01 1 1 1 0.0 0.0 0.0
Se 1.808333695241e+01 1.426267338391e+00 1.951046802998e+01 1 1 1 0.0 0.0 0.0
Se 2.220407205229e+00 8.875339995807e-01 1.951046802998e+01 1 1 1 0.0 0.0 0.0
Se 5.641823425167e+00 3.488006607706e-01 1.951046802998e+01 1 1 1 0.0 0.0 0.0
Se 9.063239647196e+00 3.321153432819e+01 1.951046802998e+01 1 1 1 0.0 0.0 0.0
Se 1.248465586713e+01 3.267280098938e+01 1.951046802998e+01 1 1 1 0.0 0.0 0.0
Se 1.590607208707e+01 3.213406765057e+01 1.951046802998e+01 1 1 1 0.0 0.0 0.0
Se 4.314233989558e-02 3.159533431176e+01 1.951046802998e+01 1 1 1 0.0 0.0 0.0
Se 1.039981271084e+00 3.200844868161e+01 3.998930533072e+01 1 1 1 0.0 0.0 0.0
Se 3.794887835924e+00 1.788073771216e+00 3.998930533072e+01 1 1 1 0.0 0.0 0.0
Se 7.927247685970e+00 9.928007472586e-01 3.998930533072e+01 1 1 1 0.0 0.0 0.0
Se 1.205960753602e+01 1.975277233008e-01 3.998930533072e+01 1 1 1 0.0 0.0 0.0
Se 1.619196738815e+01 3.280372170557e+01 3.998930533072e+01 1 1 1 0.0 0.0 0.0
Se 2.417434552807e+00 5.764438891005e+00 3.998930533072e+01 1 1 1 0.0 0.0 0.0
Se 6.549794402854e+00 4.969165867048e+00 3.998930533072e+01 1 1 1 0.0 0.0 0.0
Se 1.068215425290e+01 4.173892843090e+00 3.998930533072e+01 1 1 1 0.0 0.0 0.0
Se 1.481451410295e+01 3.378619819132e+00 3.998930533072e+01 1 1 1 0.0 0.0 0.0
Se 1.894687395299e+01 2.583346795174e+00 3.998930533072e+01 1 1 1 0.0 0.0 0.0
Se 1.039981269691e+00 9.740804010794e+00 3.998930533072e+01 1 1 1 0.0 0.0 0.0
Se 5.172341119737e+00 8.945530986836e+00 3.998930533072e+01 1 1 1 0.0 0.0 0.0
Se 9.304700969783e+00 8.150257962879e+00 3.998930533072e+01 1 1 1 0.0 0.0 0.0
Se 1.343706081983e+01 7.354984938921e+00 3.998930533072e+01 1 1 1 0.0 0.0 0.0
Se 1.756942066988e+01 6.559711914963e+00 3.998930533072e+01 1 1 1 0.0 0.0 0.0
Se 3.794887836621e+00 1.292189610663e+01 3.998930533072e+01 1 1 1 0.0 0.0 0.0
Se 7.927247686667e+00 1.212662308267e+01 3.998930533072e+01 1 1 1 0.0 0.0 0.0
Se 1.205960753671e+01 1.133135005871e+01 3.998930533072e+01 1 1 1 0.0 0.0 0.0
Se 1.619196738676e+01 1.053607703475e+01 3.998930533072e+01 1 1 1 0.0 0.0 0.0
Se 2.417434553504e+00 1.689826122641e+01 3.998930533072e+01 1 1 1 0.0 0.0 0.0
Se 6.549794403550e+00 1.610298820246e+01 3.998930533072e+01 1 1 1 0.0 0.0 0.0
Se 1.068215425360e+01 1.530771517850e+01 3.998930533072e+01 1 1 1 0.0 0.0 0.0
Se 1.481451410364e+01 1.451244215454e+01 3.998930533072e+01 1 1 1 0.0 0.0 0.0
Se 1.894687395369e+01 1.371716913058e+01 3.998930533072e+01 1 1 1 0.0 0.0 0.0
Se 1.039981270388e+00 2.087462634620e+01 3.998930533072e+01 1 1 1 0.0 0.0 0.0
Se 5.172341120434e+00 2.007935332225e+01 3.998930533072e+01 1 1 1 0.0 0.0 0.0
Se 9.304700970480e+00 1.928408029829e+01 3.998930533072e+01 1 1 1 0.0 0.0 0.0
Se 1.343706082053e+01 1.848880727433e+01 3.998930533072e+01 1 1 1 0.0 0.0 0.0
Se 1.756942067057e+01 1.769353425037e+01 3.998930533072e+01 1 1 1 0.0 0.0 0.0
Se 3.794887837317e+00 2.405571844203e+01 3.998930533072e+01 1 1 1 0.0 0.0 0.0
Se 7.927247687364e+00 2.326044541808e+01 3.998930533072e+01 1 1 1 0.0 0.0 0.0
Se 1.205960753741e+01 2.246517239412e+01 3.998930533072e+01 1 1 1 0.0 0.0 0.0
Se 1.619196738746e+01 2.166989937016e+01 3.998930533072e+01 1 1 1 0.0 0.0 0.0
Se 2.417434554201e+00 2.803208356182e+01 3.998930533072e+01 1 1 1 0.0 0.0 0.0
Se 6.549794404247e+00 2.723681053787e+01 3.998930533072e+01 1 1 1 0.0 0.0 0.0
Se 1.068215425429e+01 2.644153751391e+01 3.998930533072e+01 1 1 1 0.0 0.0 0.0
Se 1.481451410434e+01 2.564626448995e+01 3.998930533072e+01 1 1 1 0.0 0.0 0.0
Se 1.894687395439e+01 2.485099146599e+01 3.998930533072e+01 1 1 1 0.0 0.0 0.0
Se 5.172341121131e+00 3.121317565765e+01 3.998930533072e+01 1 1 1 0.0 0.0 0.0
Se 9.304700971177e+00 3.041790263370e+01 3.998930533072e+01 1 1 1 0.0 0.0 0.0
Se 1.343706082122e+01 2.962262960974e+01 3.998930533072e+01 1 1 1 0.0 0.0 0.0
Se 1.756942067127e+01 2.882735658578e+01 3.998930533072e+01 1 1 1 0.0 0.0 0.0
Se 1.851195700671e+01 1.686198419022e-01 3.635172086532e+01 1 1 1 0.0 0.0 0.0
Se 1.982517606523e+00 3.349711937733e+00 3.635172086532e+01 1 1 1 0.0 0.0 0.0
Se 6.114877456569e+00 2.554438913776e+00 3.635172086532e+01 1 1 1 0.0 0.0 0.0
Se 1.024723730662e+01 1.759165889818e+00 3.635172086532e+01 1 1 1 0.0 0.0 0.0
Se 1.437959715666e+01 9.638928658599e-01 3.635172086532e+01 1 1 1 0.0 0.0 0.0
Se 6.050643234061e-01 7.326077057522e+00 3.635172086532e+01 1 1 1 0.0 0.0 0.0
Se 4.737424173452e+00 6.530804033564e+00 3.635172086532e+01 1 1 1 0.0 0.0 0.0
Se 8.869784023499e+00 5.735531009607e+00 3.635172086532e+01 1 1 1 0.0 0.0 0.0
Se 1.300214387354e+01 4.940257985649e+00 3.635172086532e+01 1 1 1 0.0 0.0 0.0
Se 1.713450372359e+01 4.144984961691e+00 3.635172086532e+01 1 1 1 0.0 0.0 0.0
Se 1.851195700740e+01 1.130244217731e+01 3.635172086532e+01 1 1 1 0.0 0.0 0.0
Se 3.359970890336e+00 1.050716915335e+01 3.635172086532e+01 1 1 1 0.0 0.0 0.0
Se 7.492330740382e+00 9.711896129396e+00 3.635172086532e+01 1 1 1 0.0 0.0 0.0
Se 1.162469059043e+01 8.916623105438e+00 3.635172086532e+01 1 1 1 0.0 0.0 0.0
Se 1.575705044047e+01 8.121350081480e+00 3.635172086532e+01 1 1 1 0.0 0.0 0.0
Se 1.982517607219e+00 1.448353427314e+01 3.635172086532e+01 1 1 1 0.0 0.0 0.0
Se 6.114877457266e+00 1.368826124918e+01 3.635172086532e+01 1 1 1 0.0 0.0 0.0
Se 1.024723730731e+01 1.289298822523e+01 3.635172086532e+01 1 1 1 0.0 0.0 0.0
Se 1.437959715736e+01 1.209771520127e+01 3.635172086532e+01 1 1 1 0.0 0.0 0.0
Se 6.050643241029e-01 1.845989939293e+01 3.635172086532e+01 1 1 1 0.0 0.0 0.0
Se 4.737424174149e+00 1.766462636897e+01 3.635172086532e+01 1 1 1 0.0 0.0 0.0
Se 8.869784024195e+00 1.686935334502e+01 3.635172086532e+01 1 1 1 0.0 0.0 0.0
Se 1.300214387424e+01 1.607408032106e+01 3.635172086532e+01 1 1 1 0.0 0.0 0.0
Se 1.713450372429e+01 1.527880729710e+01 3.635172086532e+01 1 1 1 0.0 0.0 0.0
Se 1.851195700810e+01 2.243626451272e+01 3.635172086532e+01 1 1 1 0.0 0.0 0.0
Se 3.359970891033e+00 2.164099148876e+01 3.635172086532e+01 1 1 1 0.0 0.0 0.0
Se 7.492330741079e+00 2.084571846480e+01 3.635172086532e+01 1 1 1 0.0 0.0 0.0
Se 1.162469059113e+01 2.005044544085e+01 3.635172086532e+01 1 1 1 0.0 0.0 0.0
Se 1.575705044117e+01 1.925517241689e+01 3.635172086532e+01 1 1 1 0.0 0.0 0.0
Se 1.982517607916e+00 2.561735660855e+01 3.635172086532e+01 1 1 1 0.0 0.0 0.0
Se 6.114877457962e+00 2.482208358459e+01 3.635172086532e+01 1 1 1 0.0 0.0 0.0
Se 1.024723730801e+01 2.402681056064e+01 3.635172086532e+01 1 1 1 0.0 0.0 0.0
Se 1.437959715805e+01 2.323153753668e+01 3.635172086532e+01 1 1 1 0.0 0.0 0.0
Se 6.050643247996e-01 2.959372172834e+01 3.635172086532e+01 1 1 1 0.0 0.0 0.0
Se 4.737424174846e+00 2.879844870438e+01 3.635172086532e+01 1 1 1 0.0 0.0 0.0
Se 8.869784024892e+00 2.800317568042e+01 3.635172086532e+01 1 1 1 0.0 0.0 0.0
Se 1.300214387494e+01 2.720790265647e+01 3.635172086532e+01 1 1 1 0.0 0.0 0.0
Se 1.713450372498e+01 2.641262963251e+01 3.635172086532e+01 1 1 1 0.0 0.0 0.0
Se 3.359970891729e+00 3.277481382417e+01 3.635172086532e+01 1 1 1 0.0 0.0 0.0
Se 7.492330741776e+00 3.197954080021e+01 3.635172086532e+01 1 1 1 0.0 0.0 0.0
Se 1.162469059182e+01 3.118426777626e+01 3.635172086532e+01 1 1 1 0.0 0.0 0.0
Se 1.575705044187e+01 3.038899475230e+01 3.635172086532e+01 1 1 1 0.0 0.0 0.0
Se 1.510245381269e+00 9.634625257369e-01 3.271820175121e+01 1 1 1 0.0 0.0 0.0
Se 4.265151948199e+00 4.144554621568e+00 3.271820175121e+01 1 1 1 0.0 0.0 0.0
Se 8.397511798245e+00 3.349281597610e+00 3.271820175121e+01 1 1 1 0.0 0.0 0.0
Se 1.252987164829e+01 2.554008573652e+00 3.271820175121e+01 1 1 1 0.0 0.0 0.0
Se 1.666223149834e+01 1.758735549695e+00 3.271820175121e+01 1 1 1 0.0 0.0 0.0
Se 2.887698665082e+00 8.120919741357e+00 3.271820175121e+01 1 1 1 0.0 0.0 0.0
Se 7.020058515128e+00 7.325646717399e+00 3.271820175121e+01 1 1 1 0.0 0.0 0.0
Se 1.115241836517e+01 6.530373693441e+00 3.271820175121e+01 1 1 1 0.0 0.0 0.0
Se 1.528477821522e+01 5.735100669484e+00 3.271820175121e+01 1 1 1 0.0 0.0 0.0
Se 1.327920981523e-01 4.939827645526e+00 3.271820175121e+01 1 1 1 0.0 0.0 0.0
Se 1.510245381966e+00 1.209728486115e+01 3.271820175121e+01 1 1 1 0.0 0.0 0.0
Se 5.642605232012e+00 1.130201183719e+01 3.271820175121e+01 1 1 1 0.0 0.0 0.0
Se 9.774965082058e+00 1.050673881323e+01 3.271820175121e+01 1 1 1 0.0 0.0 0.0
Se 1.390732493210e+01 9.711465789273e+00 3.271820175121e+01 1 1 1 0.0 0.0 0.0
Se 1.803968478215e+01 8.916192765315e+00 3.271820175121e+01 1 1 1 0.0 0.0 0.0
Se 4.265151948895e+00 1.527837695698e+01 3.271820175121e+01 1 1 1 0.0 0.0 0.0
Se 8.397511798942e+00 1.448310393302e+01 3.271820175121e+01 1 1 1 0.0 0.0 0.0
Se 1.252987164899e+01 1.368783090906e+01 3.271820175121e+01 1 1 1 0.0 0.0 0.0
Se 1.666223149903e+01 1.289255788510e+01 3.271820175121e+01 1 1 1 0.0 0.0 0.0
Se 2.887698665779e+00 1.925474207677e+01 3.271820175121e+01 1 1 1 0.0 0.0 0.0
Se 7.020058515825e+00 1.845946905281e+01 3.271820175121e+01 1 1 1 0.0 0.0 0.0
Se 1.115241836587e+01 1.766419602885e+01 3.271820175121e+01 1 1 1 0.0 0.0 0.0
Se 1.528477821592e+01 1.686892300489e+01 3.271820175121e+01 1 1 1 0.0 0.0 0.0
Se 1.327920988490e-01 1.607364998093e+01 3.271820175121e+01 1 1 1 0.0 0.0 0.0
Se 1.510245382662e+00 2.323110719655e+01 3.271820175121e+01 1 1 1 0.0 0.0 0.0
Se 5.642605232709e+00 2.243583417260e+01 3.271820175121e+01 1 1 1 0.0 0.0 0.0
Se 9.774965082755e+00 2.164056114864e+01 3.271820175121e+01 1 1 1 0.0 0.0 0.0
Se 1.390732493280e+01 2.084528812468e+01 3.271820175121e+01 1 1 1 0.0 0.0 0.0
Se 1.803968478285e+01 2.005001510072e+01 3.271820175121e+01 1 1 1 0.0 0.0 0.0
Se 4.265151949592e+00 2.641219929239e+01 3.271820175121e+01 1 1 1 0.0 0.0 0.0
Se 8.397511799638e+00 2.561692626843e+01 3.271820175121e+01 1 1 1 0.0 0.0 0.0
Se 1.252987164968e+01 2.482165324447e+01 3.271820175121e+01 1 1 1 0.0 0.0 0.0
Se 1.666223149973e+01 2.402638022051e+01 3.271820175121e+01 1 1 1 0.0 0.0 0.0
Se 2.887698666476e+00 3.038856441217e+01 3.271820175121e+01 1 1 1 0.0 0.0 0.0
Se 7.020058516522e+00 2.959329138822e+01 3.271820175121e+01 1 1 1 0.0 0.0 0.0
Se 1.115241836657e+01 2.879801836426e+01 3.271820175121e+01 1 1 1 0.0 0.0 0.0
Se 1.528477821661e+01 2.800274534030e+01 3.271820175121e+01 1 1 1 0.0 0.0 0.0
Se 1.327920995458e-01 2.720747231634e+01 3.271820175121e+01 1 1 1 0.0 0.0 0.0
Se 5.642605231315e+00 1.681895017791e-01 3.271820175121e+01 1 1 1 0.0 0.0 0.0
Se 9.774965083452e+00 3.277438348405e+01 3.271820175121e+01 1 1 1 0.0 0.0 0.0
Se 1.390732493350e+01 3.197911046009e+01 3.271820175121e+01 1 1 1 0.0 0.0 0.0
Se 1.803968478354e+01 3.118383743613e+01 3.271820175121e+01 1 1 1 0.0 0.0 0.0
Se 1.846241566281e+01 1.020953610143e-01 2.995146533993e+01 1 1 1 0.0 0.0 0.0
Se 1.932976262626e+00 3.283187456845e+00 2.995146533993e+01 1 1 1 0.0 0.0 0.0
Se 6.065336112673e+00 2.487914432888e+00 2.995146533993e+01 1 1 1 0.0 0.0 0.0
Se 1.019769596272e+01 1.692641408930e+00 2.995146533993e+01 1 1 1 0.0 0.0 0.0
Se 1.433005581277e+01 8.973683849720e-01 2.995146533993e+01 1 1 1 0.0 0.0 0.0
Se 5.555229795099e-01 7.259552576634e+00 2.995146533993e+01 1 1 1 0.0 0.0 0.0
Se 4.687882829556e+00 6.464279552677e+00 2.995146533993e+01 1 1 1 0.0 0.0 0.0
Se 8.820242679602e+00 5.669006528719e+00 2.995146533993e+01 1 1 1 0.0 0.0 0.0
Se 1.295260252965e+01 4.873733504761e+00 2.995146533993e+01 1 1 1 0.0 0.0 0.0
Se 1.708496237969e+01 4.078460480803e+00 2.995146533993e+01 1 1 1 0.0 0.0 0.0
Se 1.846241566351e+01 1.123591769642e+01 2.995146533993e+01 1 1 1 0.0 0.0 0.0
Se 3.310429546440e+00 1.044064467247e+01 2.995146533993e+01 1 1 1 0.0 0.0 0.0
Se 7.442789396486e+00 9.645371648508e+00 2.995146533993e+01 1 1 1 0.0 0.0 0.0
Se 1.157514924653e+01 8.850098624550e+00 2.995146533993e+01 1 1 1 0.0 0.0 0.0
Se 1.570750909658e+01 8.054825600592e+00 2.995146533993e+01 1 1 1 0.0 0.0 0.0
Se 1.932976263323e+00 1.441700979225e+01 2.995146533993e+01 1 1 1 0.0 0.0 0.0
Se 6.065336113369e+00 1.362173676830e+01 2.995146533993e+01 1 1 1 0.0 0.0 0.0
Se 1.019769596342e+01 1.282646374434e+01 2.995146533993e+01 1 1 1 0.0 0.0 0.0
Se 1.433005581346e+01 1.203119072038e+01 2.995146533993e+01 1 1 1 0.0 0.0 0.0
Se 5.555229802067e-01 1.839337491204e+01 2.995146533993e+01 1 1 1 0.0 0.0 0.0
Se 4.687882830253e+00 1.759810188809e+01 2.995146533993e+01 1 1 1 0.0 0.0 0.0
Se 8.820242680299e+00 1.680282886413e+01 2.995146533993e+01 1 1 1 0.0 0.0 0.0
Se 1.295260253035e+01 1.600755584017e+01 2.995146533993e+01 1 1 1 0.0 0.0 0.0
Se 1.708496238039e+01 1.521228281621e+01 2.995146533993e+01 1 1 1 0.0 0.0 0.0
Se 1.846241566420e+01 2.236974003183e+01 2.995146533993e+01 1 1 1 0.0 0.0 0.0
Se 3.310429547136e+00 2.157446700787e+01 2.995146533993e+01 1 1 1 0.0 0.0 0.0
Se 7.442789397183e+00 2.077919398392e+01 2.995146533993e+01 1 1 1 0.0 0.0 0.0
Se 1.157514924723e+01 1.998392095996e+01 2.995146533993e+01 1 1 1 0.0 0.0 0.0
Se 1.570750909728e+01 1.918864793600e+01 2.995146533993e+01 1 1 1 0.0 0.0 0.0
Se 1.932976264020e+00 2.555083212766e+01 2.995146533993e+01 1 1 1 0.0 0.0 0.0
Se 6.065336114066e+00 2.475555910371e+01 2.995146533993e+01 1 1 1 0.0 0.0 0.0
Se 1.019769596411e+01 2.396028607975e+01 2.995146533993e+01 1 1 1 0.0 0.0 0.0
Se 1.433005581416e+01 2.316501305579e+01 2.995146533993e+01 1 1 1 0.0 0.0 0.0
Se 5.555229809035e-01 2.952719724745e+01 2.995146533993e+01 1 1 1 0.0 0.0 0.0
Se 4.687882830950e+00 2.873192422349e+01 2.995146533993e+01 1 1 1 0.0 0.0 0.0
Se 8.820242680996e+00 2.793665119954e+01 2.995146533993e+01 1 1 1 0.0 0.0 0.0
Se 1.295260253104e+01 2.714137817558e+01 2.995146533993e+01 1 1 1 0.0 0.0 0.0
Se 1.708496238109e+01 2.634610515162e+01 2.995146533993e+01 1 1 1 0.0 0.0 0.0
Se 3.310429547833e+00 3.270828934328e+01 2.995146533993e+01 1 1 1 0.0 0.0 0.0
Se 7.442789397879e+00 3.191301631933e+01 2.995146533993e+01 1 1 1 0.0 0.0 0.0
Se 1.157514924793e+01 3.111774329537e+01 2.995146533993e+01 1 1 1 0.0 0.0 0.0
Se 1.570750909797e+01 3.032247027141e+01 2.995146533993e+01 1 1 1 0.0 0.0 0.0
Se 1.454567914243e+00 9.024865906318e-01 2.633360299309e+01 1 1 1 0.0 0.0 0.0
Se 4.209474481173e+00 4.083578686463e+00 2.633360299309e+01 1 1 1 0.0 0.0 0.0
Se 8.341834331219e+00 3.288305662505e+00 2.633360299309e+01 1 1 1 0.0 0.0 0.0
Se 1.247419418127e+01 2.493032638547e+00 2.633360299309e+01 1 1 1 0.0 0.0 0.0
Se 1.660655403131e+01 1.697759614590e+00 2.633360299309e+01 1 1 1 0.0 0.0 0.0
Se 2.832021198057e+00 8.059943806252e+00 2.633360299309e+01 1 1 1 0.0 0.0 0.0
Se 6.964381048103e+00 7.264670782294e+00 2.633360299309e+01 1 1 1 0.0 0.0 0.0
Se 1.109674089815e+01 6.469397758336e+00 2.633360299309e+01 1 1 1 0.0 0.0 0.0
Se 1.522910074820e+01 5.674124734379e+00 2.633360299309e+01 1 1 1 0.0 0.0 0.0
Se 7.711463112678e-02 4.878851710421e+00 2.633360299309e+01 1 1 1 0.0 0.0 0.0
Se 1.454567914940e+00 1.203630892604e+01 2.633360299309e+01 1 1 1 0.0 0.0 0.0
Se 5.586927764986e+00 1.124103590208e+01 2.633360299309e+01 1 1 1 0.0 0.0 0.0
Se 9.719287615033e+00 1.044576287813e+01 2.633360299309e+01 1 1 1 0.0 0.0 0.0
Se 1.385164746508e+01 9.650489854167e+00 2.633360299309e+01 1 1 1 0.0 0.0 0.0
Se 1.798400731513e+01 8.855216830210e+00 2.633360299309e+01 1 1 1 0.0 0.0 0.0
Se 4.209474481870e+00 1.521740102187e+01 2.633360299309e+01 1 1 1 0.0 0.0 0.0
Se 8.341834331916e+00 1.442212799791e+01 2.633360299309e+01 1 1 1 0.0 0.0 0.0
Se 1.247419418196e+01 1.362685497396e+01 2.633360299309e+01 1 1 1 0.0 0.0 0.0
Se 1.660655403201e+01 1.283158195000e+01 2.633360299309e+01 1 1 1 0.0 0.0 0.0
Se 2.832021198753e+00 1.919376614166e+01 2.633360299309e+01 1 1 1 0.0 0.0 0.0
Se 6.964381048800e+00 1.839849311770e+01 2.633360299309e+01 1 1 1 0.0 0.0 0.0
Se 1.109674089885e+01 1.760322009375e+01 2.633360299309e+01 1 1 1 0.0 0.0 0.0
Se 1.522910074889e+01 1.680794706979e+01 2.633360299309e+01 1 1 1 0.0 0.0 0.0
Se 7.711463182356e-02 1.601267404583e+01 2.633360299309e+01 1 1 1 0.0 0.0 0.0
Se 1.454567915637e+00 2.317013126145e+01 2.633360299309e+01 1 1 1 0.0 0.0 0.0
Se 5.586927765683e+00 2.237485823749e+01 2.633360299309e+01 1 1 1 0.0 0.0 0.0
Se 9.719287615729e+00 2.157958521353e+01 2.633360299309e+01 1 1 1 0.0 0.0 0.0
Se 1.385164746578e+01 2.078431218958e+01 2.633360299309e+01 1 1 1 0.0 0.0 0.0
Se 1.798400731582e+01 1.998903916562e+01 2.633360299309e+01 1 1 1 0.0 0.0 0.0
Se 4.209474482567e+00 2.635122335728e+01 2.633360299309e+01 1 1 1 0.0 0.0 0.0
Se 8.341834332613e+00 2.555595033332e+01 2.633360299309e+01 1 1 1 0.0 0.0 0.0
Se 1.247419418266e+01 2.476067730937e+01 2.633360299309e+01 1 1 1 0.0 0.0 0.0
Se 1.660655403271e+01 2.396540428541e+01 2.633360299309e+01 1 1 1 0.0 0.0 0.0
Se 2.832021199450e+00 3.032758847707e+01 2.633360299309e+01 1 1 1 0.0 0.0 0.0
Se 6.964381049496e+00 2.953231545311e+01 2.633360299309e+01 1 1 1 0.0 0.0 0.0
Se 1.109674089954e+01 2.873704242915e+01 2.633360299309e+01 1 1 1 0.0 0.0 0.0
Se 1.522910074959e+01 2.794176940520e+01 2.633360299309e+01 1 1 1 0.0 0.0 0.0
Se 7.711463252032e-02 2.714649638124e+01 2.633360299309e+01 1 1 1 0.0 0.0 0.0
Se 5.586927764290e+00 1.072135666740e-01 2.633360299309e+01 1 1 1 0.0 0.0 0.0
Se 9.719287616426e+00 3.271340754894e+01 2.633360299309e+01 1 1 1 0.0 0.0 0.0
Se 1.385164746647e+01 3.191813452499e+01 2.633360299309e+01 1 1 1 0.0 0.0 0.0
Se 1.798400731652e+01 3.112286150103e+01 2.633360299309e+01 1 1 1 0.0 0.0 0.0
Se 9.895888647824e-01 3.193092895387e+01 2.271046802998e+01 1 1 1 0.0 0.0 0.0
Se 3.744495429622e+00 1.710554043471e+00 2.271046802998e+01 1 1 1 0.0 0.0 0.0
Se 7.876855279668e+00 9.152810195135e-01 2.271046802998e+01 1 1 1 0.0 0.0 0.0
Se 1.200921512971e+01 1.200079955557e-01 2.271046802998e+01 1 1 1 0.0 0.0 0.0
Se 1.614157498185e+01 3.272620197782e+01 2.271046802998e+01 1 1 1 0.0 0.0 0.0
Se 2.367042146505e+00 5.686919163260e+00 2.271046802998e+01 1 1 1 0.0 0.0 0.0
Se 6.499401996552e+00 4.891646139302e+00 2.271046802998e+01 1 1 1 0.0 0.0 0.0
Se 1.063176184660e+01 4.096373115345e+00 2.271046802998e+01 1 1 1 0.0 0.0 0.0
Se 1.476412169664e+01 3.301100091387e+00 2.271046802998e+01 1 1 1 0.0 0.0 0.0
Se 1.889648154669e+01 2.505827067429e+00 2.271046802998e+01 1 1 1 0.0 0.0 0.0
Se 9.895888633889e-01 9.663284283049e+00 2.271046802998e+01 1 1 1 0.0 0.0 0.0
Se 5.121948713435e+00 8.868011259091e+00 2.271046802998e+01 1 1 1 0.0 0.0 0.0
Se 9.254308563481e+00 8.072738235134e+00 2.271046802998e+01 1 1 1 0.0 0.0 0.0
Se 1.338666841353e+01 7.277465211176e+00 2.271046802998e+01 1 1 1 0.0 0.0 0.0
Se 1.751902826357e+01 6.482192187218e+00 2.271046802998e+01 1 1 1 0.0 0.0 0.0
Se 3.744495430319e+00 1.284437637888e+01 2.271046802998e+01 1 1 1 0.0 0.0 0.0
Se 7.876855280365e+00 1.204910335492e+01 2.271046802998e+01 1 1 1 0.0 0.0 0.0
Se 1.200921513041e+01 1.125383033096e+01 2.271046802998e+01 1 1 1 0.0 0.0 0.0
Se 1.614157498046e+01 1.045855730701e+01 2.271046802998e+01 1 1 1 0.0 0.0 0.0
Se 2.367042147202e+00 1.682074149867e+01 2.271046802998e+01 1 1 1 0.0 0.0 0.0
Se 6.499401997248e+00 1.602546847471e+01 2.271046802998e+01 1 1 1 0.0 0.0 0.0
Se 1.063176184729e+01 1.523019545075e+01 2.271046802998e+01 1 1 1 0.0 0.0 0.0
Se 1.476412169734e+01 1.443492242680e+01 2.271046802998e+01 1 1 1 0.0 0.0 0.0
Se 1.889648154739e+01 1.363964940284e+01 2.271046802998e+01 1 1 1 0.0 0.0 0.0
Se 9.895888640857e-01 2.079710661846e+01 2.271046802998e+01 1 1 1 0.0 0.0 0.0
Se 5.121948714132e+00 2.000183359450e+01 2.271046802998e+01 1 1 1 0.0 0.0 0.0
Se 9.254308564178e+00 1.920656057054e+01 2.271046802998e+01 1 1 1 0.0 0.0 0.0
Se 1.338666841422e+01 1.841128754658e+01 2.271046802998e+01 1 1 1 0.0 0.0 0.0
Se 1.751902826427e+01 1.761601452263e+01 2.271046802998e+01 1 1 1 0.0 0.0 0.0
Se 3.744495431015e+00 2.397819871429e+01 2.271046802998e+01 1 1 1 0.0 0.0 0.0
Se 7.876855281062e+00 2.318292569033e+01 2.271046802998e+01 1 1 1 0.0 0.0 0.0
Se 1.200921513111e+01 2.238765266637e+01 2.271046802998e+01 1 1 1 0.0 0.0 0.0
Se 1.614157498115e+01 2.159237964242e+01 2.271046802998e+01 1 1 1 0.0 0.0 0.0
Se 2.367042147899e+00 2.795456383408e+01 2.271046802998e+01 1 1 1 0.0 0.0 0.0
Se 6.499401997945e+00 2.715929081012e+01 2.271046802998e+01 1 1 1 0.0 0.0 0.0
Se 1.063176184799e+01 2.636401778616e+01 2.271046802998e+01 1 1 1 0.0 0.0 0.0
Se 1.476412169804e+01 2.556874476220e+01 2.271046802998e+01 1 1 1 0.0 0.0 0.0
Se 1.889648154808e+01 2.477347173825e+01 2.271046802998e+01 1 1 1 0.0 0.0 0.0
Se 5.121948714829e+00 3.113565592991e+01 2.271046802998e+01 1 1 1 0.0 0.0 0.0
Se 9.254308564875e+00 3.034038290595e+01 2.271046802998e+01 1 1 1 0.0 0.0 0.0
Se 1.338666841492e+01 2.954510988199e+01 2.271046802998e+01 1 1 1 0.0 0.0 0.0
Se 1.751902826497e+01 2.874983685804e+01 2.271046802998e+01 1 1 1 0.0 0.0 0.0
"