calculation_mode = "Quench Electrons"
cell_relax = "False"
charge_density_mixing = "0.15"
charge_mixing_type = "Broyden"
description = "Example parameters for high-throughput bulk relaxation of a vdW material"
dipole_moment = "True"
dos_broading = "0.05"
dos_method = "Gaussian"
energy_convergence_criterion = "1e-08"
energy_output_units = "Hartrees"
kohn_sham_mucycles = "3"
kohn_sham_solver = "davidson"
kpoint_distribution = "1"
kpoint_mesh = "1 1 1"
localize_projectors = "False"
max_md_steps = "100"
max_scf_steps = "200"
non_local_block_size = "4000"
output_wave_function_file = "/dev/null"
potential_acceleration_constant_step = "1.5"
processor_grid = "5 16 14"
rms_convergence_criterion = "1e-08"
scalapack_block_factor = "64"
start_mode = "LCAO Start"
state_block_size = "64"
stress = "True"
subdiag_driver = "scalapack"
test_energy_tolerance = "1e-05"
use_async_allreduce = "False"
vdw_corr = "DFT-D3"
vdwdf_kernel_filepath = "/lustre/orion/world-shared/cph162/rjmorelock/rmgdft/XC/vdW_kernel_table"
wavefunction_grid = "106 560 426"
write_data_period = "50"

atomic_coordinate_type = "Absolute"
crds_units = "Angstrom"
lattice_units = "Angstrom"

lattice_vector = "
1.248808204977e+01 0.000000000000e+00 8.000000000000e-16
3.362175938718e+00 6.572190059371e+01 4.000000000000e-15
0.000000000000e+00 0.000000000000e+00 4.998930533072e+01
"
atoms = "
Nb 6.348860753429e+00 6.012059917749e+01 1.782833092694e+01 1 1 1 0.0 0.0 0.0
Nb 9.711036689934e+00 6.095252196981e+01 1.782833092694e+01 1 1 1 0.0 0.0 0.0
Nb 1.307321262644e+01 6.178444476214e+01 1.782833092694e+01 1 1 1 0.0 0.0 0.0
Nb 5.388239057180e+00 5.679290800819e+01 1.782833092694e+01 1 1 1 0.0 0.0 0.0
Nb 8.750414993684e+00 5.762483080051e+01 1.782833092694e+01 1 1 1 0.0 0.0 0.0
Nb 1.211259093019e+01 5.845675359284e+01 1.782833092694e+01 1 1 1 0.0 0.0 0.0
Nb 1.547476686669e+01 5.928867638516e+01 1.782833092694e+01 1 1 1 0.0 0.0 0.0
Nb 4.427617360930e+00 5.346521683888e+01 1.782833092694e+01 1 1 1 0.0 0.0 0.0
Nb 7.789793297435e+00 5.429713963121e+01 1.782833092694e+01 1 1 1 0.0 0.0 0.0
Nb 1.115196923394e+01 5.512906242353e+01 1.782833092694e+01 1 1 1 0.0 0.0 0.0
Nb 1.451414517044e+01 5.596098521586e+01 1.782833092694e+01 1 1 1 0.0 0.0 0.0
Nb 3.466995664681e+00 5.013752566958e+01 1.782833092694e+01 1 1 1 0.0 0.0 0.0
Nb 6.829171601185e+00 5.096944846191e+01 1.782833092694e+01 1 1 1 0.0 0.0 0.0
Nb 1.019134753769e+01 5.180137125423e+01 1.782833092694e+01 1 1 1 0.0 0.0 0.0
Nb 1.355352347419e+01 5.263329404656e+01 1.782833092694e+01 1 1 1 0.0 0.0 0.0
Nb 5.868549904936e+00 4.764175729261e+01 1.782833092694e+01 1 1 1 0.0 0.0 0.0
Nb 9.230725841440e+00 4.847368008493e+01 1.782833092694e+01 1 1 1 0.0 0.0 0.0
Nb 1.259290177795e+01 4.930560287726e+01 1.782833092694e+01 1 1 1 0.0 0.0 0.0
Nb 4.907928208686e+00 4.431406612330e+01 1.782833092694e+01 1 1 1 0.0 0.0 0.0
Nb 8.270104145191e+00 4.514598891563e+01 1.782833092694e+01 1 1 1 0.0 0.0 0.0
Nb 1.163228008170e+01 4.597791170795e+01 1.782833092694e+01 1 1 1 0.0 0.0 0.0
Nb 2.506373968431e+00 4.680983450028e+01 1.782833092694e+01 1 1 1 0.0 0.0 0.0
Nb 3.947306512436e+00 4.098637495400e+01 1.782833092694e+01 1 1 1 0.0 0.0 0.0
Nb 7.309482448941e+00 4.181829774633e+01 1.782833092694e+01 1 1 1 0.0 0.0 0.0
Nb 1.067165838545e+01 4.265022053865e+01 1.782833092694e+01 1 1 1 0.0 0.0 0.0
Nb 1.403383432195e+01 4.348214333098e+01 1.782833092694e+01 1 1 1 0.0 0.0 0.0
Nb 2.986684816187e+00 3.765868378470e+01 1.782833092694e+01 1 1 1 0.0 0.0 0.0
Nb 6.348860752692e+00 3.849060657703e+01 1.782833092694e+01 1 1 1 0.0 0.0 0.0
Nb 9.711036689196e+00 3.932252936935e+01 1.782833092694e+01 1 1 1 0.0 0.0 0.0
Nb 1.307321262570e+01 4.015445216168e+01 1.782833092694e+01 1 1 1 0.0 0.0 0.0
Nb 5.388239056442e+00 3.516291540772e+01 1.782833092694e+01 1 1 1 0.0 0.0 0.0
Nb 8.750414992947e+00 3.599483820005e+01 1.782833092694e+01 1 1 1 0.0 0.0 0.0
Nb 1.211259092945e+01 3.682676099238e+01 1.782833092694e+01 1 1 1 0.0 0.0 0.0
Nb 4.427617360192e+00 3.183522423842e+01 1.782833092694e+01 1 1 1 0.0 0.0 0.0
Nb 7.789793296697e+00 3.266714703075e+01 1.782833092694e+01 1 1 1 0.0 0.0 0.0
Nb 1.115196923320e+01 3.349906982307e+01 1.782833092694e+01 1 1 1 0.0 0.0 0.0
Nb 2.026063119937e+00 3.433099261540e+01 1.782833092694e+01 1 1 1 0.0 0.0 0.0
Nb 3.466995663943e+00 2.850753306912e+01 1.782833092694e+01 1 1 1 0.0 0.0 0.0
Nb 6.829171600447e+00 2.933945586145e+01 1.782833092694e+01 1 1 1 0.0 0.0 0.0
Nb 1.019134753695e+01 3.017137865377e+01 1.782833092694e+01 1 1 1 0.0 0.0 0.0
Nb 1.355352347346e+01 3.100330144610e+01 1.782833092694e+01 1 1 1 0.0 0.0 0.0
Nb 2.506373967693e+00 2.517984189982e+01 1.782833092694e+01 1 1 1 0.0 0.0 0.0
Nb 5.868549904198e+00 2.601176469214e+01 1.782833092694e+01 1 1 1 0.0 0.0 0.0
Nb 9.230725840703e+00 2.684368748447e+01 1.782833092694e+01 1 1 1 0.0 0.0 0.0
Nb 1.259290177721e+01 2.767561027680e+01 1.782833092694e+01 1 1 1 0.0 0.0 0.0
Nb 4.907928207948e+00 2.268407352284e+01 1.782833092694e+01 1 1 1 0.0 0.0 0.0
Nb 8.270104144453e+00 2.351599631517e+01 1.782833092694e+01 1 1 1 0.0 0.0 0.0
Nb 1.163228008096e+01 2.434791910749e+01 1.782833092694e+01 1 1 1 0.0 0.0 0.0
Nb 3.947306511699e+00 1.935638235354e+01 1.782833092694e+01 1 1 1 0.0 0.0 0.0
Nb 7.309482448203e+00 2.018830514587e+01 1.782833092694e+01 1 1 1 0.0 0.0 0.0
Nb 1.067165838471e+01 2.102022793819e+01 1.782833092694e+01 1 1 1 0.0 0.0 0.0
Nb 1.545752271444e+00 2.185215073052e+01 1.782833092694e+01 1 1 1 0.0 0.0 0.0
Nb 2.986684815449e+00 1.602869118424e+01 1.782833092694e+01 1 1 1 0.0 0.0 0.0
Nb 6.348860751954e+00 1.686061397657e+01 1.782833092694e+01 1 1 1 0.0 0.0 0.0
Nb 9.711036688459e+00 1.769253676889e+01 1.782833092694e+01 1 1 1 0.0 0.0 0.0
Nb 1.307321262496e+01 1.852445956122e+01 1.782833092694e+01 1 1 1 0.0 0.0 0.0
Nb 2.026063119199e+00 1.270100001494e+01 1.782833092694e+01 1 1 1 0.0 0.0 0.0
Nb 5.388239055704e+00 1.353292280726e+01 1.782833092694e+01 1 1 1 0.0 0.0 0.0
Nb 8.750414992209e+00 1.436484559959e+01 1.782833092694e+01 1 1 1 0.0 0.0 0.0
Nb 1.211259092871e+01 1.519676839191e+01 1.782833092694e+01 1 1 1 0.0 0.0 0.0
Nb 4.427617359455e+00 1.020523163796e+01 1.782833092694e+01 1 1 1 0.0 0.0 0.0
Nb 7.789793295959e+00 1.103715443029e+01 1.782833092694e+01 1 1 1 0.0 0.0 0.0
Nb 1.115196923246e+01 1.186907722261e+01 1.782833092694e+01 1 1 1 0.0 0.0 0.0
Nb 3.466995663205e+00 6.877540468660e+00 1.782833092694e+01 1 1 1 0.0 0.0 0.0
Nb 6.829171599710e+00 7.709463260986e+00 1.782833092694e+01 1 1 1 0.0 0.0 0.0
Nb 1.019134753621e+01 8.541386053311e+00 1.782833092694e+01 1 1 1 0.0 0.0 0.0
Nb 1.065441422950e+00 9.373308845636e+00 1.782833092694e+01 1 1 1 0.0 0.0 0.0
Nb 2.506373966955e+00 3.549849299359e+00 1.782833092694e+01 1 1 1 0.0 0.0 0.0
Nb 5.868549903460e+00 4.381772091684e+00 1.782833092694e+01 1 1 1 0.0 0.0 0.0
Nb 9.230725839965e+00 5.213694884009e+00 1.782833092694e+01 1 1 1 0.0 0.0 0.0
Nb 1.259290177647e+01 6.045617676335e+00 1.782833092694e+01 1 1 1 0.0 0.0 0.0
Nb 1.545752270706e+00 2.221581300569e-01 1.782833092694e+01 1 1 1 0.0 0.0 0.0
Nb 4.907928207210e+00 1.054080922382e+00 1.782833092694e+01 1 1 1 0.0 0.0 0.0
Nb 8.270104143715e+00 1.886003714708e+00 1.782833092694e+01 1 1 1 0.0 0.0 0.0
Nb 1.163228008022e+01 2.717926507033e+00 1.782833092694e+01 1 1 1 0.0 0.0 0.0
Nb 3.947306513174e+00 6.261636755446e+01 1.782833092694e+01 1 1 1 0.0 0.0 0.0
Nb 7.309482449679e+00 6.344829034679e+01 1.782833092694e+01 1 1 1 0.0 0.0 0.0
Nb 1.067165838618e+01 6.428021313911e+01 1.782833092694e+01 1 1 1 0.0 0.0 0.0
Nb 1.403383432269e+01 6.511213593144e+01 1.782833092694e+01 1 1 1 0.0 0.0 0.0
Nb 6.352158174129e+00 6.011136469729e+01 1.168208868332e+01 1 1 1 0.0 0.0 0.0
Nb 9.714334110634e+00 6.094328748962e+01 1.168208868332e+01 1 1 1 0.0 0.0 0.0
Nb 1.307651004714e+01 6.177521028194e+01 1.168208868332e+01 1 1 1 0.0 0.0 0.0
Nb 5.391536477879e+00 5.678367352799e+01 1.168208868332e+01 1 1 1 0.0 0.0 0.0
Nb 8.753712414384e+00 5.761559632032e+01 1.168208868332e+01 1 1 1 0.0 0.0 0.0
Nb 1.211588835089e+01 5.844751911264e+01 1.168208868332e+01 1 1 1 0.0 0.0 0.0
Nb 1.547806428739e+01 5.927944190497e+01 1.168208868332e+01 1 1 1 0.0 0.0 0.0
Nb 4.430914781630e+00 5.345598235869e+01 1.168208868332e+01 1 1 1 0.0 0.0 0.0
Nb 7.793090718134e+00 5.428790515101e+01 1.168208868332e+01 1 1 1 0.0 0.0 0.0
Nb 1.115526665464e+01 5.511982794334e+01 1.168208868332e+01 1 1 1 0.0 0.0 0.0
Nb 1.451744259114e+01 5.595175073567e+01 1.168208868332e+01 1 1 1 0.0 0.0 0.0
Nb 3.470293085380e+00 5.012829118939e+01 1.168208868332e+01 1 1 1 0.0 0.0 0.0
Nb 6.832469021885e+00 5.096021398171e+01 1.168208868332e+01 1 1 1 0.0 0.0 0.0
Nb 1.019464495839e+01 5.179213677404e+01 1.168208868332e+01 1 1 1 0.0 0.0 0.0
Nb 1.355682089489e+01 5.262405956636e+01 1.168208868332e+01 1 1 1 0.0 0.0 0.0
Nb 5.871847325635e+00 4.763252281241e+01 1.168208868332e+01 1 1 1 0.0 0.0 0.0
Nb 9.234023262140e+00 4.846444560474e+01 1.168208868332e+01 1 1 1 0.0 0.0 0.0
Nb 1.259619919864e+01 4.929636839706e+01 1.168208868332e+01 1 1 1 0.0 0.0 0.0
Nb 4.911225629386e+00 4.430483164311e+01 1.168208868332e+01 1 1 1 0.0 0.0 0.0
Nb 8.273401565890e+00 4.513675443543e+01 1.168208868332e+01 1 1 1 0.0 0.0 0.0
Nb 1.163557750239e+01 4.596867722776e+01 1.168208868332e+01 1 1 1 0.0 0.0 0.0
Nb 2.509671389130e+00 4.680060002009e+01 1.168208868332e+01 1 1 1 0.0 0.0 0.0
Nb 3.950603933136e+00 4.097714047381e+01 1.168208868332e+01 1 1 1 0.0 0.0 0.0
Nb 7.312779869641e+00 4.180906326613e+01 1.168208868332e+01 1 1 1 0.0 0.0 0.0
Nb 1.067495580615e+01 4.264098605846e+01 1.168208868332e+01 1 1 1 0.0 0.0 0.0
Nb 1.403713174265e+01 4.347290885078e+01 1.168208868332e+01 1 1 1 0.0 0.0 0.0
Nb 2.989982236886e+00 3.764944930451e+01 1.168208868332e+01 1 1 1 0.0 0.0 0.0
Nb 6.352158173391e+00 3.848137209683e+01 1.168208868332e+01 1 1 1 0.0 0.0 0.0
Nb 9.714334109896e+00 3.931329488916e+01 1.168208868332e+01 1 1 1 0.0 0.0 0.0
Nb 1.307651004640e+01 4.014521768148e+01 1.168208868332e+01 1 1 1 0.0 0.0 0.0
Nb 5.391536477141e+00 3.515368092753e+01 1.168208868332e+01 1 1 1 0.0 0.0 0.0
Nb 8.753712413646e+00 3.598560371986e+01 1.168208868332e+01 1 1 1 0.0 0.0 0.0
Nb 1.211588835015e+01 3.681752651218e+01 1.168208868332e+01 1 1 1 0.0 0.0 0.0
Nb 4.430914780892e+00 3.182598975823e+01 1.168208868332e+01 1 1 1 0.0 0.0 0.0
Nb 7.793090717397e+00 3.265791255055e+01 1.168208868332e+01 1 1 1 0.0 0.0 0.0
Nb 1.115526665390e+01 3.348983534288e+01 1.168208868332e+01 1 1 1 0.0 0.0 0.0
Nb 2.029360540637e+00 3.432175813520e+01 1.168208868332e+01 1 1 1 0.0 0.0 0.0
Nb 3.470293084642e+00 2.849829858893e+01 1.168208868332e+01 1 1 1 0.0 0.0 0.0
Nb 6.832469021147e+00 2.933022138125e+01 1.168208868332e+01 1 1 1 0.0 0.0 0.0
Nb 1.019464495765e+01 3.016214417358e+01 1.168208868332e+01 1 1 1 0.0 0.0 0.0
Nb 1.355682089416e+01 3.099406696590e+01 1.168208868332e+01 1 1 1 0.0 0.0 0.0
Nb 2.509671388393e+00 2.517060741962e+01 1.168208868332e+01 1 1 1 0.0 0.0 0.0
Nb 5.871847324897e+00 2.600253021195e+01 1.168208868332e+01 1 1 1 0.0 0.0 0.0
Nb 9.234023261402e+00 2.683445300428e+01 1.168208868332e+01 1 1 1 0.0 0.0 0.0
Nb 1.259619919791e+01 2.766637579660e+01 1.168208868332e+01 1 1 1 0.0 0.0 0.0
Nb 4.911225628648e+00 2.267483904265e+01 1.168208868332e+01 1 1 1 0.0 0.0 0.0
Nb 8.273401565152e+00 2.350676183497e+01 1.168208868332e+01 1 1 1 0.0 0.0 0.0
Nb 1.163557750166e+01 2.433868462730e+01 1.168208868332e+01 1 1 1 0.0 0.0 0.0
Nb 3.950603932398e+00 1.934714787335e+01 1.168208868332e+01 1 1 1 0.0 0.0 0.0
Nb 7.312779868903e+00 2.017907066567e+01 1.168208868332e+01 1 1 1 0.0 0.0 0.0
Nb 1.067495580541e+01 2.101099345800e+01 1.168208868332e+01 1 1 1 0.0 0.0 0.0
Nb 1.549049692143e+00 2.184291625032e+01 1.168208868332e+01 1 1 1 0.0 0.0 0.0
Nb 2.989982236148e+00 1.601945670405e+01 1.168208868332e+01 1 1 1 0.0 0.0 0.0
Nb 6.352158172653e+00 1.685137949637e+01 1.168208868332e+01 1 1 1 0.0 0.0 0.0
Nb 9.714334109158e+00 1.768330228870e+01 1.168208868332e+01 1 1 1 0.0 0.0 0.0
Nb 1.307651004566e+01 1.851522508102e+01 1.168208868332e+01 1 1 1 0.0 0.0 0.0
Nb 2.029360539899e+00 1.269176553474e+01 1.168208868332e+01 1 1 1 0.0 0.0 0.0
Nb 5.391536476404e+00 1.352368832707e+01 1.168208868332e+01 1 1 1 0.0 0.0 0.0
Nb 8.753712412908e+00 1.435561111939e+01 1.168208868332e+01 1 1 1 0.0 0.0 0.0
Nb 1.211588834941e+01 1.518753391172e+01 1.168208868332e+01 1 1 1 0.0 0.0 0.0
Nb 4.430914780154e+00 1.019599715777e+01 1.168208868332e+01 1 1 1 0.0 0.0 0.0
Nb 7.793090716659e+00 1.102791995009e+01 1.168208868332e+01 1 1 1 0.0 0.0 0.0
Nb 1.115526665316e+01 1.185984274242e+01 1.168208868332e+01 1 1 1 0.0 0.0 0.0
Nb 3.470293083904e+00 6.868305988466e+00 1.168208868332e+01 1 1 1 0.0 0.0 0.0
Nb 6.832469020409e+00 7.700228780791e+00 1.168208868332e+01 1 1 1 0.0 0.0 0.0
Nb 1.019464495691e+01 8.532151573116e+00 1.168208868332e+01 1 1 1 0.0 0.0 0.0
Nb 1.068738843649e+00 9.364074365442e+00 1.168208868332e+01 1 1 1 0.0 0.0 0.0
Nb 2.509671387655e+00 3.540614819164e+00 1.168208868332e+01 1 1 1 0.0 0.0 0.0
Nb 5.871847324160e+00 4.372537611489e+00 1.168208868332e+01 1 1 1 0.0 0.0 0.0
Nb 9.234023260664e+00 5.204460403815e+00 1.168208868332e+01 1 1 1 0.0 0.0 0.0
Nb 1.259619919717e+01 6.036383196140e+00 1.168208868332e+01 1 1 1 0.0 0.0 0.0
Nb 1.549049691405e+00 2.129236498622e-01 1.168208868332e+01 1 1 1 0.0 0.0 0.0
Nb 4.911225627910e+00 1.044846442188e+00 1.168208868332e+01 1 1 1 0.0 0.0 0.0
Nb 8.273401564415e+00 1.876769234513e+00 1.168208868332e+01 1 1 1 0.0 0.0 0.0
Nb 1.163557750092e+01 2.708692026838e+00 1.168208868332e+01 1 1 1 0.0 0.0 0.0
Nb 3.950603933874e+00 6.260713307427e+01 1.168208868332e+01 1 1 1 0.0 0.0 0.0
Nb 7.312779870378e+00 6.343905586659e+01 1.168208868332e+01 1 1 1 0.0 0.0 0.0
Nb 1.067495580688e+01 6.427097865892e+01 1.168208868332e+01 1 1 1 0.0 0.0 0.0
Nb 1.403713174339e+01 6.510290145124e+01 1.168208868332e+01 1 1 1 0.0 0.0 0.0
Bi 1.113771169739e+01 5.707473783556e+01 3.834784015603e+01 1 1 1 0.0 0.0 0.0
Bi 6.975017680801e+00 5.707473783556e+01 3.834784015603e+01 1 1 1 0.0 0.0 0.0
Bi 9.100837915644e+00 5.342352113591e+01 3.834784015603e+01 1 1 1 0.0 0.0 0.0
Bi 1.122665815049e+01 4.977230443626e+01 3.834784015603e+01 1 1 1 0.0 0.0 0.0
Bi 1.530040571398e+01 5.707473783556e+01 3.834784015603e+01 1 1 1 0.0 0.0 0.0
Bi 4.938143899054e+00 5.342352113591e+01 3.834784015603e+01 1 1 1 0.0 0.0 0.0
Bi 7.063964133897e+00 4.977230443626e+01 3.834784015603e+01 1 1 1 0.0 0.0 0.0
Bi 9.189784368741e+00 4.612108773661e+01 3.834784015603e+01 1 1 1 0.0 0.0 0.0
Bi 1.131560460358e+01 4.246987103696e+01 3.834784015603e+01 1 1 1 0.0 0.0 0.0
Bi 1.326353193223e+01 5.342352113591e+01 3.834784015603e+01 1 1 1 0.0 0.0 0.0
Bi 2.901270117308e+00 4.977230443626e+01 3.834784015603e+01 1 1 1 0.0 0.0 0.0
Bi 5.027090352151e+00 4.612108773661e+01 3.834784015603e+01 1 1 1 0.0 0.0 0.0
Bi 7.152910586994e+00 4.246987103696e+01 3.834784015603e+01 1 1 1 0.0 0.0 0.0
Bi 9.278730821838e+00 3.881865433731e+01 3.834784015603e+01 1 1 1 0.0 0.0 0.0
Bi 1.140455105668e+01 3.516743763766e+01 3.834784015603e+01 1 1 1 0.0 0.0 0.0
Bi 1.335247838533e+01 4.612108773661e+01 3.834784015603e+01 1 1 1 0.0 0.0 0.0
Bi 2.990216570405e+00 4.246987103696e+01 3.834784015603e+01 1 1 1 0.0 0.0 0.0
Bi 5.116036805248e+00 3.881865433731e+01 3.834784015603e+01 1 1 1 0.0 0.0 0.0
Bi 7.241857040091e+00 3.516743763766e+01 3.834784015603e+01 1 1 1 0.0 0.0 0.0
Bi 9.367677274934e+00 3.151622093801e+01 3.834784015603e+01 1 1 1 0.0 0.0 0.0
Bi 1.344142483843e+01 3.881865433731e+01 3.834784015603e+01 1 1 1 0.0 0.0 0.0
Bi 3.079163023501e+00 3.516743763766e+01 3.834784015603e+01 1 1 1 0.0 0.0 0.0
Bi 5.204983258345e+00 3.151622093801e+01 3.834784015603e+01 1 1 1 0.0 0.0 0.0
Bi 7.330803493188e+00 2.786500423836e+01 3.834784015603e+01 1 1 1 0.0 0.0 0.0
Bi 9.456623728031e+00 2.421378753871e+01 3.834784015603e+01 1 1 1 0.0 0.0 0.0
Bi 1.353037129152e+01 3.151622093801e+01 3.834784015603e+01 1 1 1 0.0 0.0 0.0
Bi 3.168109476598e+00 2.786500423836e+01 3.834784015603e+01 1 1 1 0.0 0.0 0.0
Bi 5.293929711442e+00 2.421378753871e+01 3.834784015603e+01 1 1 1 0.0 0.0 0.0
Bi 7.419749946285e+00 2.056257083905e+01 3.834784015603e+01 1 1 1 0.0 0.0 0.0
Bi 9.545570181128e+00 1.691135413940e+01 3.834784015603e+01 1 1 1 0.0 0.0 0.0
Bi 1.149349750978e+01 2.786500423836e+01 3.834784015603e+01 1 1 1 0.0 0.0 0.0
Bi 1.361931774462e+01 2.421378753871e+01 3.834784015603e+01 1 1 1 0.0 0.0 0.0
Bi 3.257055929695e+00 2.056257083905e+01 3.834784015603e+01 1 1 1 0.0 0.0 0.0
Bi 5.382876164538e+00 1.691135413940e+01 3.834784015603e+01 1 1 1 0.0 0.0 0.0
Bi 7.508696399382e+00 1.326013743975e+01 3.834784015603e+01 1 1 1 0.0 0.0 0.0
Bi 9.634516634225e+00 9.608920740103e+00 3.834784015603e+01 1 1 1 0.0 0.0 0.0
Bi 1.158244396287e+01 2.056257083905e+01 3.834784015603e+01 1 1 1 0.0 0.0 0.0
Bi 1.220182147949e+00 1.691135413940e+01 3.834784015603e+01 1 1 1 0.0 0.0 0.0
Bi 3.346002382792e+00 1.326013743975e+01 3.834784015603e+01 1 1 1 0.0 0.0 0.0
Bi 5.471822617635e+00 9.608920740103e+00 3.834784015603e+01 1 1 1 0.0 0.0 0.0
Bi 7.597642852479e+00 5.957704040453e+00 3.834784015603e+01 1 1 1 0.0 0.0 0.0
Bi 9.723463087322e+00 2.306487340803e+00 3.834784015603e+01 1 1 1 0.0 0.0 0.0
Bi 1.167139041597e+01 1.326013743975e+01 3.834784015603e+01 1 1 1 0.0 0.0 0.0
Bi 1.309128601045e+00 9.608920740103e+00 3.834784015603e+01 1 1 1 0.0 0.0 0.0
Bi 3.434948835889e+00 5.957704040453e+00 3.834784015603e+01 1 1 1 0.0 0.0 0.0
Bi 5.560769070732e+00 2.306487340803e+00 3.834784015603e+01 1 1 1 0.0 0.0 0.0
Bi 1.104876524429e+01 6.437717123486e+01 3.834784015603e+01 1 1 1 0.0 0.0 0.0
Bi 1.176033686907e+01 5.957704040453e+00 3.834784015603e+01 1 1 1 0.0 0.0 0.0
Bi 1.398075054142e+00 2.306487340803e+00 3.834784015603e+01 1 1 1 0.0 0.0 0.0
Bi 6.886071227704e+00 6.437717123486e+01 3.834784015603e+01 1 1 1 0.0 0.0 0.0
Bi 9.011891462547e+00 6.072595453521e+01 3.834784015603e+01 1 1 1 0.0 0.0 0.0
Bi 1.521145926088e+01 6.437717123486e+01 3.834784015603e+01 1 1 1 0.0 0.0 0.0
Bi 4.849197445957e+00 6.072595453521e+01 3.834784015603e+01 1 1 1 0.0 0.0 0.0
Bi 1.317458547914e+01 6.072595453521e+01 3.834784015603e+01 1 1 1 0.0 0.0 0.0
Bi 1.323870212414e+01 5.830084197633e+01 3.436119714775e+01 1 1 1 0.0 0.0 0.0
Bi 9.076008107546e+00 5.830084197633e+01 3.436119714775e+01 1 1 1 0.0 0.0 0.0
Bi 1.120182834239e+01 5.464962527668e+01 3.436119714775e+01 1 1 1 0.0 0.0 0.0
Bi 1.332764857723e+01 5.099840857703e+01 3.436119714775e+01 1 1 1 0.0 0.0 0.0
Bi 4.913314090956e+00 5.830084197633e+01 3.436119714775e+01 1 1 1 0.0 0.0 0.0
Bi 7.039134325799e+00 5.464962527668e+01 3.436119714775e+01 1 1 1 0.0 0.0 0.0
Bi 9.164954560643e+00 5.099840857703e+01 3.436119714775e+01 1 1 1 0.0 0.0 0.0
Bi 1.129077479549e+01 4.734719187738e+01 3.436119714775e+01 1 1 1 0.0 0.0 0.0
Bi 1.341659503033e+01 4.369597517773e+01 3.436119714775e+01 1 1 1 0.0 0.0 0.0
Bi 2.876440309210e+00 5.464962527668e+01 3.436119714775e+01 1 1 1 0.0 0.0 0.0
Bi 5.002260544053e+00 5.099840857703e+01 3.436119714775e+01 1 1 1 0.0 0.0 0.0
Bi 7.128080778896e+00 4.734719187738e+01 3.436119714775e+01 1 1 1 0.0 0.0 0.0
Bi 9.253901013739e+00 4.369597517773e+01 3.436119714775e+01 1 1 1 0.0 0.0 0.0
Bi 1.137972124858e+01 4.004475847808e+01 3.436119714775e+01 1 1 1 0.0 0.0 0.0
Bi 1.350554148343e+01 3.639354177843e+01 3.436119714775e+01 1 1 1 0.0 0.0 0.0
Bi 2.965386762306e+00 4.734719187738e+01 3.436119714775e+01 1 1 1 0.0 0.0 0.0
Bi 5.091206997150e+00 4.369597517773e+01 3.436119714775e+01 1 1 1 0.0 0.0 0.0
Bi 7.217027231993e+00 4.004475847808e+01 3.436119714775e+01 1 1 1 0.0 0.0 0.0
Bi 9.342847466836e+00 3.639354177843e+01 3.436119714775e+01 1 1 1 0.0 0.0 0.0
Bi 1.146866770168e+01 3.274232507878e+01 3.436119714775e+01 1 1 1 0.0 0.0 0.0
Bi 3.054333215403e+00 4.004475847808e+01 3.436119714775e+01 1 1 1 0.0 0.0 0.0
Bi 5.180153450247e+00 3.639354177843e+01 3.436119714775e+01 1 1 1 0.0 0.0 0.0
Bi 7.305973685090e+00 3.274232507878e+01 3.436119714775e+01 1 1 1 0.0 0.0 0.0
Bi 9.431793919933e+00 2.909110837913e+01 3.436119714775e+01 1 1 1 0.0 0.0 0.0
Bi 1.155761415478e+01 2.543989167948e+01 3.436119714775e+01 1 1 1 0.0 0.0 0.0
Bi 3.143279668500e+00 3.274232507878e+01 3.436119714775e+01 1 1 1 0.0 0.0 0.0
Bi 5.269099903343e+00 2.909110837913e+01 3.436119714775e+01 1 1 1 0.0 0.0 0.0
Bi 7.394920138187e+00 2.543989167948e+01 3.436119714775e+01 1 1 1 0.0 0.0 0.0
Bi 9.520740373030e+00 2.178867497983e+01 3.436119714775e+01 1 1 1 0.0 0.0 0.0
Bi 1.164656060787e+01 1.813745828018e+01 3.436119714775e+01 1 1 1 0.0 0.0 0.0
Bi 1.359448793652e+01 2.909110837913e+01 3.436119714775e+01 1 1 1 0.0 0.0 0.0
Bi 3.232226121597e+00 2.543989167948e+01 3.436119714775e+01 1 1 1 0.0 0.0 0.0
Bi 5.358046356440e+00 2.178867497983e+01 3.436119714775e+01 1 1 1 0.0 0.0 0.0
Bi 7.483866591284e+00 1.813745828018e+01 3.436119714775e+01 1 1 1 0.0 0.0 0.0
Bi 9.609686826127e+00 1.448624158053e+01 3.436119714775e+01 1 1 1 0.0 0.0 0.0
Bi 1.173550706097e+01 1.083502488088e+01 3.436119714775e+01 1 1 1 0.0 0.0 0.0
Bi 1.195352339850e+00 2.178867497983e+01 3.436119714775e+01 1 1 1 0.0 0.0 0.0
Bi 3.321172574694e+00 1.813745828018e+01 3.436119714775e+01 1 1 1 0.0 0.0 0.0
Bi 5.446992809537e+00 1.448624158053e+01 3.436119714775e+01 1 1 1 0.0 0.0 0.0
Bi 7.572813044380e+00 1.083502488088e+01 3.436119714775e+01 1 1 1 0.0 0.0 0.0
Bi 9.698633279224e+00 7.183808181228e+00 3.436119714775e+01 1 1 1 0.0 0.0 0.0
Bi 1.182445351407e+01 3.532591481577e+00 3.436119714775e+01 1 1 1 0.0 0.0 0.0
Bi 1.284298792947e+00 1.448624158053e+01 3.436119714775e+01 1 1 1 0.0 0.0 0.0
Bi 3.410119027791e+00 1.083502488088e+01 3.436119714775e+01 1 1 1 0.0 0.0 0.0
Bi 5.535939262634e+00 7.183808181228e+00 3.436119714775e+01 1 1 1 0.0 0.0 0.0
Bi 7.661759497477e+00 3.532591481577e+00 3.436119714775e+01 1 1 1 0.0 0.0 0.0
Bi 1.314975567104e+01 6.560327537563e+01 3.436119714775e+01 1 1 1 0.0 0.0 0.0
Bi 1.373245246044e+00 7.183808181228e+00 3.436119714775e+01 1 1 1 0.0 0.0 0.0
Bi 3.499065480887e+00 3.532591481577e+00 3.436119714775e+01 1 1 1 0.0 0.0 0.0
Bi 8.987061654449e+00 6.560327537563e+01 3.436119714775e+01 1 1 1 0.0 0.0 0.0
Bi 1.111288188929e+01 6.195205867598e+01 3.436119714775e+01 1 1 1 0.0 0.0 0.0
Bi 4.824367637859e+00 6.560327537563e+01 3.436119714775e+01 1 1 1 0.0 0.0 0.0
Bi 6.950187872702e+00 6.195205867598e+01 3.436119714775e+01 1 1 1 0.0 0.0 0.0
Bi 1.527557590588e+01 6.195205867598e+01 3.436119714775e+01 1 1 1 0.0 0.0 0.0
Bi 1.325563745365e+01 5.836711361964e+01 2.831971850542e+01 1 1 1 0.0 0.0 0.0
Bi 9.092943437064e+00 5.836711361964e+01 2.831971850542e+01 1 1 1 0.0 0.0 0.0
Bi 1.121876367191e+01 5.471589691999e+01 2.831971850542e+01 1 1 1 0.0 0.0 0.0
Bi 1.334458390675e+01 5.106468022033e+01 2.831971850542e+01 1 1 1 0.0 0.0 0.0
Bi 4.930249420474e+00 5.836711361964e+01 2.831971850542e+01 1 1 1 0.0 0.0 0.0
Bi 7.056069655318e+00 5.471589691999e+01 2.831971850542e+01 1 1 1 0.0 0.0 0.0
Bi 9.181889890161e+00 5.106468022033e+01 2.831971850542e+01 1 1 1 0.0 0.0 0.0
Bi 1.130771012500e+01 4.741346352068e+01 2.831971850542e+01 1 1 1 0.0 0.0 0.0
Bi 1.343353035985e+01 4.376224682103e+01 2.831971850542e+01 1 1 1 0.0 0.0 0.0
Bi 2.893375638728e+00 5.471589691999e+01 2.831971850542e+01 1 1 1 0.0 0.0 0.0
Bi 5.019195873571e+00 5.106468022033e+01 2.831971850542e+01 1 1 1 0.0 0.0 0.0
Bi 7.145016108414e+00 4.741346352068e+01 2.831971850542e+01 1 1 1 0.0 0.0 0.0
Bi 9.270836343258e+00 4.376224682103e+01 2.831971850542e+01 1 1 1 0.0 0.0 0.0
Bi 1.139665657810e+01 4.011103012138e+01 2.831971850542e+01 1 1 1 0.0 0.0 0.0
Bi 1.352247681294e+01 3.645981342173e+01 2.831971850542e+01 1 1 1 0.0 0.0 0.0
Bi 2.982322091825e+00 4.741346352068e+01 2.831971850542e+01 1 1 1 0.0 0.0 0.0
Bi 5.108142326668e+00 4.376224682103e+01 2.831971850542e+01 1 1 1 0.0 0.0 0.0
Bi 7.233962561511e+00 4.011103012138e+01 2.831971850542e+01 1 1 1 0.0 0.0 0.0
Bi 9.359782796355e+00 3.645981342173e+01 2.831971850542e+01 1 1 1 0.0 0.0 0.0
Bi 1.148560303120e+01 3.280859672208e+01 2.831971850542e+01 1 1 1 0.0 0.0 0.0
Bi 3.071268544922e+00 4.011103012138e+01 2.831971850542e+01 1 1 1 0.0 0.0 0.0
Bi 5.197088779765e+00 3.645981342173e+01 2.831971850542e+01 1 1 1 0.0 0.0 0.0
Bi 7.322909014608e+00 3.280859672208e+01 2.831971850542e+01 1 1 1 0.0 0.0 0.0
Bi 9.448729249451e+00 2.915738002243e+01 2.831971850542e+01 1 1 1 0.0 0.0 0.0
Bi 1.157454948429e+01 2.550616332278e+01 2.831971850542e+01 1 1 1 0.0 0.0 0.0
Bi 3.160214998018e+00 3.280859672208e+01 2.831971850542e+01 1 1 1 0.0 0.0 0.0
Bi 5.286035232862e+00 2.915738002243e+01 2.831971850542e+01 1 1 1 0.0 0.0 0.0
Bi 7.411855467705e+00 2.550616332278e+01 2.831971850542e+01 1 1 1 0.0 0.0 0.0
Bi 9.537675702548e+00 2.185494662313e+01 2.831971850542e+01 1 1 1 0.0 0.0 0.0
Bi 1.166349593739e+01 1.820372992348e+01 2.831971850542e+01 1 1 1 0.0 0.0 0.0
Bi 1.361142326604e+01 2.915738002243e+01 2.831971850542e+01 1 1 1 0.0 0.0 0.0
Bi 3.249161451115e+00 2.550616332278e+01 2.831971850542e+01 1 1 1 0.0 0.0 0.0
Bi 5.374981685959e+00 2.185494662313e+01 2.831971850542e+01 1 1 1 0.0 0.0 0.0
Bi 7.500801920802e+00 1.820372992348e+01 2.831971850542e+01 1 1 1 0.0 0.0 0.0
Bi 9.626622155645e+00 1.455251322383e+01 2.831971850542e+01 1 1 1 0.0 0.0 0.0
Bi 1.175244239049e+01 1.090129652418e+01 2.831971850542e+01 1 1 1 0.0 0.0 0.0
Bi 1.212287669369e+00 2.185494662313e+01 2.831971850542e+01 1 1 1 0.0 0.0 0.0
Bi 3.338107904212e+00 1.820372992348e+01 2.831971850542e+01 1 1 1 0.0 0.0 0.0
Bi 5.463928139055e+00 1.455251322383e+01 2.831971850542e+01 1 1 1 0.0 0.0 0.0
Bi 7.589748373899e+00 1.090129652418e+01 2.831971850542e+01 1 1 1 0.0 0.0 0.0
Bi 9.715568608742e+00 7.250079824530e+00 2.831971850542e+01 1 1 1 0.0 0.0 0.0
Bi 1.184138884359e+01 3.598863124879e+00 2.831971850542e+01 1 1 1 0.0 0.0 0.0
Bi 1.301234122466e+00 1.455251322383e+01 2.831971850542e+01 1 1 1 0.0 0.0 0.0
Bi 3.427054357309e+00 1.090129652418e+01 2.831971850542e+01 1 1 1 0.0 0.0 0.0
Bi 5.552874592152e+00 7.250079824530e+00 2.831971850542e+01 1 1 1 0.0 0.0 0.0
Bi 7.678694826996e+00 3.598863124879e+00 2.831971850542e+01 1 1 1 0.0 0.0 0.0
Bi 1.316669100056e+01 6.566954701894e+01 2.831971850542e+01 1 1 1 0.0 0.0 0.0
Bi 1.390180575562e+00 7.250079824530e+00 2.831971850542e+01 1 1 1 0.0 0.0 0.0
Bi 3.516000810406e+00 3.598863124879e+00 2.831971850542e+01 1 1 1 0.0 0.0 0.0
Bi 9.003996983967e+00 6.566954701894e+01 2.831971850542e+01 1 1 1 0.0 0.0 0.0
Bi 1.112981721881e+01 6.201833031929e+01 2.831971850542e+01 1 1 1 0.0 0.0 0.0
Bi 4.841302967377e+00 6.566954701894e+01 2.831971850542e+01 1 1 1 0.0 0.0 0.0
Bi 6.967123202221e+00 6.201833031929e+01 2.831971850542e+01 1 1 1 0.0 0.0 0.0
Bi 1.529251123540e+01 6.201833031929e+01 2.831971850542e+01 1 1 1 0.0 0.0 0.0
Bi 1.117896811687e+01 5.957477409584e+01 2.434799808390e+01 1 1 1 0.0 0.0 0.0
Bi 7.016274100282e+00 5.957477409584e+01 2.434799808390e+01 1 1 1 0.0 0.0 0.0
Bi 9.142094335125e+00 5.592355739619e+01 2.434799808390e+01 1 1 1 0.0 0.0 0.0
Bi 1.126791456997e+01 5.227234069654e+01 2.434799808390e+01 1 1 1 0.0 0.0 0.0
Bi 1.534166213346e+01 5.957477409584e+01 2.434799808390e+01 1 1 1 0.0 0.0 0.0
Bi 4.979400318536e+00 5.592355739619e+01 2.434799808390e+01 1 1 1 0.0 0.0 0.0
Bi 7.105220553379e+00 5.227234069654e+01 2.434799808390e+01 1 1 1 0.0 0.0 0.0
Bi 9.231040788222e+00 4.862112399689e+01 2.434799808390e+01 1 1 1 0.0 0.0 0.0
Bi 1.135686102307e+01 4.496990729724e+01 2.434799808390e+01 1 1 1 0.0 0.0 0.0
Bi 1.330478835172e+01 5.592355739619e+01 2.434799808390e+01 1 1 1 0.0 0.0 0.0
Bi 2.942526536789e+00 5.227234069654e+01 2.434799808390e+01 1 1 1 0.0 0.0 0.0
Bi 5.068346771633e+00 4.862112399689e+01 2.434799808390e+01 1 1 1 0.0 0.0 0.0
Bi 7.194167006476e+00 4.496990729724e+01 2.434799808390e+01 1 1 1 0.0 0.0 0.0
Bi 9.319987241319e+00 4.131869059759e+01 2.434799808390e+01 1 1 1 0.0 0.0 0.0
Bi 1.144580747616e+01 3.766747389794e+01 2.434799808390e+01 1 1 1 0.0 0.0 0.0
Bi 1.339373480481e+01 4.862112399689e+01 2.434799808390e+01 1 1 1 0.0 0.0 0.0
Bi 3.031472989886e+00 4.496990729724e+01 2.434799808390e+01 1 1 1 0.0 0.0 0.0
Bi 5.157293224729e+00 4.131869059759e+01 2.434799808390e+01 1 1 1 0.0 0.0 0.0
Bi 7.283113459573e+00 3.766747389794e+01 2.434799808390e+01 1 1 1 0.0 0.0 0.0
Bi 9.408933694416e+00 3.401625719829e+01 2.434799808390e+01 1 1 1 0.0 0.0 0.0
Bi 1.348268125791e+01 4.131869059759e+01 2.434799808390e+01 1 1 1 0.0 0.0 0.0
Bi 3.120419442983e+00 3.766747389794e+01 2.434799808390e+01 1 1 1 0.0 0.0 0.0
Bi 5.246239677826e+00 3.401625719829e+01 2.434799808390e+01 1 1 1 0.0 0.0 0.0
Bi 7.372059912670e+00 3.036504049864e+01 2.434799808390e+01 1 1 1 0.0 0.0 0.0
Bi 9.497880147513e+00 2.671382379899e+01 2.434799808390e+01 1 1 1 0.0 0.0 0.0
Bi 1.357162771101e+01 3.401625719829e+01 2.434799808390e+01 1 1 1 0.0 0.0 0.0
Bi 3.209365896080e+00 3.036504049864e+01 2.434799808390e+01 1 1 1 0.0 0.0 0.0
Bi 5.335186130923e+00 2.671382379899e+01 2.434799808390e+01 1 1 1 0.0 0.0 0.0
Bi 7.461006365766e+00 2.306260709934e+01 2.434799808390e+01 1 1 1 0.0 0.0 0.0
Bi 9.586826600610e+00 1.941139039969e+01 2.434799808390e+01 1 1 1 0.0 0.0 0.0
Bi 1.153475392926e+01 3.036504049864e+01 2.434799808390e+01 1 1 1 0.0 0.0 0.0
Bi 1.366057416410e+01 2.671382379899e+01 2.434799808390e+01 1 1 1 0.0 0.0 0.0
Bi 3.298312349177e+00 2.306260709934e+01 2.434799808390e+01 1 1 1 0.0 0.0 0.0
Bi 5.424132584020e+00 1.941139039969e+01 2.434799808390e+01 1 1 1 0.0 0.0 0.0
Bi 7.549952818863e+00 1.576017370004e+01 2.434799808390e+01 1 1 1 0.0 0.0 0.0
Bi 9.675773053707e+00 1.210895700038e+01 2.434799808390e+01 1 1 1 0.0 0.0 0.0
Bi 1.162370038236e+01 2.306260709934e+01 2.434799808390e+01 1 1 1 0.0 0.0 0.0
Bi 1.261438567430e+00 1.941139039969e+01 2.434799808390e+01 1 1 1 0.0 0.0 0.0
Bi 3.387258802273e+00 1.576017370004e+01 2.434799808390e+01 1 1 1 0.0 0.0 0.0
Bi 5.513079037117e+00 1.210895700038e+01 2.434799808390e+01 1 1 1 0.0 0.0 0.0
Bi 7.638899271960e+00 8.457740300735e+00 2.434799808390e+01 1 1 1 0.0 0.0 0.0
Bi 9.764719506803e+00 4.806523601084e+00 2.434799808390e+01 1 1 1 0.0 0.0 0.0
Bi 1.171264683545e+01 1.576017370004e+01 2.434799808390e+01 1 1 1 0.0 0.0 0.0
Bi 1.350385020527e+00 1.210895700038e+01 2.434799808390e+01 1 1 1 0.0 0.0 0.0
Bi 3.476205255370e+00 8.457740300735e+00 2.434799808390e+01 1 1 1 0.0 0.0 0.0
Bi 5.602025490214e+00 4.806523601084e+00 2.434799808390e+01 1 1 1 0.0 0.0 0.0
Bi 7.727845725057e+00 1.155306901434e+00 2.434799808390e+01 1 1 1 0.0 0.0 0.0
Bi 1.180159328855e+01 8.457740300735e+00 2.434799808390e+01 1 1 1 0.0 0.0 0.0
Bi 1.439331473624e+00 4.806523601084e+00 2.434799808390e+01 1 1 1 0.0 0.0 0.0
Bi 3.565151708467e+00 1.155306901434e+00 2.434799808390e+01 1 1 1 0.0 0.0 0.0
Bi 9.053147882029e+00 6.322599079549e+01 2.434799808390e+01 1 1 1 0.0 0.0 0.0
Bi 1.189053974165e+01 1.155306901434e+00 2.434799808390e+01 1 1 1 0.0 0.0 0.0
Bi 4.890453865439e+00 6.322599079549e+01 2.434799808390e+01 1 1 1 0.0 0.0 0.0
Bi 1.321584189862e+01 6.322599079549e+01 2.434799808390e+01 1 1 1 0.0 0.0 0.0
Se 4.430572622245e+00 6.066553201090e+01 1.000000000000e+01 1 1 1 0.0 0.0 0.0
Se 7.792748558750e+00 6.149745480322e+01 1.000000000000e+01 1 1 1 0.0 0.0 0.0
Se 1.115492449525e+01 6.232937759555e+01 1.000000000000e+01 1 1 1 0.0 0.0 0.0
Se 3.469950925996e+00 5.733784084160e+01 1.000000000000e+01 1 1 1 0.0 0.0 0.0
Se 6.832126862500e+00 5.816976363392e+01 1.000000000000e+01 1 1 1 0.0 0.0 0.0
Se 1.019430279901e+01 5.900168642625e+01 1.000000000000e+01 1 1 1 0.0 0.0 0.0
Se 1.355647873551e+01 5.983360921857e+01 1.000000000000e+01 1 1 1 0.0 0.0 0.0
Se 1.499741127952e+01 5.401014967229e+01 1.000000000000e+01 1 1 1 0.0 0.0 0.0
Se 5.871505166251e+00 5.484207246462e+01 1.000000000000e+01 1 1 1 0.0 0.0 0.0
Se 9.233681102755e+00 5.567399525695e+01 1.000000000000e+01 1 1 1 0.0 0.0 0.0
Se 1.259585703926e+01 5.650591804927e+01 1.000000000000e+01 1 1 1 0.0 0.0 0.0
Se 1.403678958327e+01 5.068245850299e+01 1.000000000000e+01 1 1 1 0.0 0.0 0.0
Se 4.910883470001e+00 5.151438129532e+01 1.000000000000e+01 1 1 1 0.0 0.0 0.0
Se 8.273059406506e+00 5.234630408764e+01 1.000000000000e+01 1 1 1 0.0 0.0 0.0
Se 1.163523534301e+01 5.317822687997e+01 1.000000000000e+01 1 1 1 0.0 0.0 0.0
Se 3.950261773751e+00 4.818669012602e+01 1.000000000000e+01 1 1 1 0.0 0.0 0.0
Se 7.312437710256e+00 4.901861291834e+01 1.000000000000e+01 1 1 1 0.0 0.0 0.0
Se 1.067461364676e+01 4.985053571067e+01 1.000000000000e+01 1 1 1 0.0 0.0 0.0
Se 2.989640077502e+00 4.485899895672e+01 1.000000000000e+01 1 1 1 0.0 0.0 0.0
Se 6.351816014007e+00 4.569092174904e+01 1.000000000000e+01 1 1 1 0.0 0.0 0.0
Se 9.713991950511e+00 4.652284454137e+01 1.000000000000e+01 1 1 1 0.0 0.0 0.0
Se 1.307616788702e+01 4.735476733369e+01 1.000000000000e+01 1 1 1 0.0 0.0 0.0
Se 1.451710043102e+01 4.153130778741e+01 1.000000000000e+01 1 1 1 0.0 0.0 0.0
Se 5.391194317757e+00 4.236323057974e+01 1.000000000000e+01 1 1 1 0.0 0.0 0.0
Se 8.753370254262e+00 4.319515337206e+01 1.000000000000e+01 1 1 1 0.0 0.0 0.0
Se 1.211554619077e+01 4.402707616439e+01 1.000000000000e+01 1 1 1 0.0 0.0 0.0
Se 1.355647873477e+01 3.820361661811e+01 1.000000000000e+01 1 1 1 0.0 0.0 0.0
Se 4.430572621507e+00 3.903553941044e+01 1.000000000000e+01 1 1 1 0.0 0.0 0.0
Se 7.792748558012e+00 3.986746220276e+01 1.000000000000e+01 1 1 1 0.0 0.0 0.0
Se 1.115492449452e+01 4.069938499509e+01 1.000000000000e+01 1 1 1 0.0 0.0 0.0
Se 3.469950925258e+00 3.570784824114e+01 1.000000000000e+01 1 1 1 0.0 0.0 0.0
Se 6.832126861763e+00 3.653977103346e+01 1.000000000000e+01 1 1 1 0.0 0.0 0.0
Se 1.019430279827e+01 3.737169382579e+01 1.000000000000e+01 1 1 1 0.0 0.0 0.0
Se 2.509329229008e+00 3.238015707183e+01 1.000000000000e+01 1 1 1 0.0 0.0 0.0
Se 5.871505165513e+00 3.321207986416e+01 1.000000000000e+01 1 1 1 0.0 0.0 0.0
Se 9.233681102018e+00 3.404400265648e+01 1.000000000000e+01 1 1 1 0.0 0.0 0.0
Se 1.259585703852e+01 3.487592544881e+01 1.000000000000e+01 1 1 1 0.0 0.0 0.0
Se 1.548707532759e+00 2.905246590253e+01 1.000000000000e+01 1 1 1 0.0 0.0 0.0
Se 4.910883469263e+00 2.988438869486e+01 1.000000000000e+01 1 1 1 0.0 0.0 0.0
Se 8.273059405768e+00 3.071631148718e+01 1.000000000000e+01 1 1 1 0.0 0.0 0.0
Se 1.163523534227e+01 3.154823427951e+01 1.000000000000e+01 1 1 1 0.0 0.0 0.0
Se 1.307616788628e+01 2.572477473323e+01 1.000000000000e+01 1 1 1 0.0 0.0 0.0
Se 3.950261773014e+00 2.655669752556e+01 1.000000000000e+01 1 1 1 0.0 0.0 0.0
Se 7.312437709518e+00 2.738862031788e+01 1.000000000000e+01 1 1 1 0.0 0.0 0.0
Se 1.067461364602e+01 2.822054311021e+01 1.000000000000e+01 1 1 1 0.0 0.0 0.0
Se 2.989640076764e+00 2.322900635625e+01 1.000000000000e+01 1 1 1 0.0 0.0 0.0
Se 6.351816013269e+00 2.406092914858e+01 1.000000000000e+01 1 1 1 0.0 0.0 0.0
Se 9.713991949774e+00 2.489285194091e+01 1.000000000000e+01 1 1 1 0.0 0.0 0.0
Se 2.029018380514e+00 1.990131518695e+01 1.000000000000e+01 1 1 1 0.0 0.0 0.0
Se 5.391194317019e+00 2.073323797928e+01 1.000000000000e+01 1 1 1 0.0 0.0 0.0
Se 8.753370253524e+00 2.156516077160e+01 1.000000000000e+01 1 1 1 0.0 0.0 0.0
Se 1.211554619003e+01 2.239708356393e+01 1.000000000000e+01 1 1 1 0.0 0.0 0.0
Se 1.068396684265e+00 1.657362401765e+01 1.000000000000e+01 1 1 1 0.0 0.0 0.0
Se 4.430572620770e+00 1.740554680998e+01 1.000000000000e+01 1 1 1 0.0 0.0 0.0
Se 7.792748557274e+00 1.823746960230e+01 1.000000000000e+01 1 1 1 0.0 0.0 0.0
Se 1.115492449378e+01 1.906939239463e+01 1.000000000000e+01 1 1 1 0.0 0.0 0.0
Se 1.259585703778e+01 1.324593284835e+01 1.000000000000e+01 1 1 1 0.0 0.0 0.0
Se 3.469950924520e+00 1.407785564067e+01 1.000000000000e+01 1 1 1 0.0 0.0 0.0
Se 6.832126861025e+00 1.490977843300e+01 1.000000000000e+01 1 1 1 0.0 0.0 0.0
Se 1.019430279753e+01 1.574170122533e+01 1.000000000000e+01 1 1 1 0.0 0.0 0.0
Se 2.509329228270e+00 1.075016447137e+01 1.000000000000e+01 1 1 1 0.0 0.0 0.0
Se 5.871505164775e+00 1.158208726370e+01 1.000000000000e+01 1 1 1 0.0 0.0 0.0
Se 9.233681101280e+00 1.241401005602e+01 1.000000000000e+01 1 1 1 0.0 0.0 0.0
Se 1.548707532021e+00 7.422473302072e+00 1.000000000000e+01 1 1 1 0.0 0.0 0.0
Se 4.910883468526e+00 8.254396094397e+00 1.000000000000e+01 1 1 1 0.0 0.0 0.0
Se 8.273059405030e+00 9.086318886722e+00 1.000000000000e+01 1 1 1 0.0 0.0 0.0
Se 1.163523534153e+01 9.918241679048e+00 1.000000000000e+01 1 1 1 0.0 0.0 0.0
Se 5.880858357712e-01 4.094782132770e+00 1.000000000000e+01 1 1 1 0.0 0.0 0.0
Se 3.950261772276e+00 4.926704925095e+00 1.000000000000e+01 1 1 1 0.0 0.0 0.0
Se 7.312437708781e+00 5.758627717421e+00 1.000000000000e+01 1 1 1 0.0 0.0 0.0
Se 1.067461364529e+01 6.590550509746e+00 1.000000000000e+01 1 1 1 0.0 0.0 0.0
Se 1.211554618929e+01 7.670909634683e-01 1.000000000000e+01 1 1 1 0.0 0.0 0.0
Se 2.989640076026e+00 1.599013755794e+00 1.000000000000e+01 1 1 1 0.0 0.0 0.0
Se 6.351816012531e+00 2.430936548119e+00 1.000000000000e+01 1 1 1 0.0 0.0 0.0
Se 9.713991949036e+00 3.262859340445e+00 1.000000000000e+01 1 1 1 0.0 0.0 0.0
Se 1.451710043176e+01 6.316130038787e+01 1.000000000000e+01 1 1 1 0.0 0.0 0.0
Se 5.391194318495e+00 6.399322318020e+01 1.000000000000e+01 1 1 1 0.0 0.0 0.0
Se 8.753370255000e+00 6.482514597253e+01 1.000000000000e+01 1 1 1 0.0 0.0 0.0
Se 1.211554619150e+01 6.565706876485e+01 1.000000000000e+01 1 1 1 0.0 0.0 0.0
Se 5.868319613675e+00 6.206157811293e+01 1.614602824434e+01 1 1 1 0.0 0.0 0.0
Se 9.230495550179e+00 6.289350090525e+01 1.614602824434e+01 1 1 1 0.0 0.0 0.0
Se 1.259267148668e+01 6.372542369758e+01 1.614602824434e+01 1 1 1 0.0 0.0 0.0
Se 4.907697917425e+00 5.873388694363e+01 1.614602824434e+01 1 1 1 0.0 0.0 0.0
Se 8.269873853930e+00 5.956580973595e+01 1.614602824434e+01 1 1 1 0.0 0.0 0.0
Se 1.163204979043e+01 6.039773252828e+01 1.614602824434e+01 1 1 1 0.0 0.0 0.0
Se 1.499422572694e+01 6.122965532060e+01 1.614602824434e+01 1 1 1 0.0 0.0 0.0
Se 3.947076221176e+00 5.540619577432e+01 1.614602824434e+01 1 1 1 0.0 0.0 0.0
Se 7.309252157680e+00 5.623811856665e+01 1.614602824434e+01 1 1 1 0.0 0.0 0.0
Se 1.067142809419e+01 5.707004135897e+01 1.614602824434e+01 1 1 1 0.0 0.0 0.0
Se 1.403360403069e+01 5.790196415130e+01 1.614602824434e+01 1 1 1 0.0 0.0 0.0
Se 2.986454524926e+00 5.207850460502e+01 1.614602824434e+01 1 1 1 0.0 0.0 0.0
Se 6.348630461431e+00 5.291042739735e+01 1.614602824434e+01 1 1 1 0.0 0.0 0.0
Se 9.710806397935e+00 5.374235018967e+01 1.614602824434e+01 1 1 1 0.0 0.0 0.0
Se 1.307298233444e+01 5.457427298200e+01 1.614602824434e+01 1 1 1 0.0 0.0 0.0
Se 5.388008765181e+00 4.958273622805e+01 1.614602824434e+01 1 1 1 0.0 0.0 0.0
Se 8.750184701686e+00 5.041465902037e+01 1.614602824434e+01 1 1 1 0.0 0.0 0.0
Se 1.211236063819e+01 5.124658181270e+01 1.614602824434e+01 1 1 1 0.0 0.0 0.0
Se 4.427387068931e+00 4.625504505874e+01 1.614602824434e+01 1 1 1 0.0 0.0 0.0
Se 7.789563005436e+00 4.708696785107e+01 1.614602824434e+01 1 1 1 0.0 0.0 0.0
Se 1.115173894194e+01 4.791889064340e+01 1.614602824434e+01 1 1 1 0.0 0.0 0.0
Se 1.451391487845e+01 4.875081343572e+01 1.614602824434e+01 1 1 1 0.0 0.0 0.0
Se 3.466765372682e+00 4.292735388944e+01 1.614602824434e+01 1 1 1 0.0 0.0 0.0
Se 6.828941309187e+00 4.375927668177e+01 1.614602824434e+01 1 1 1 0.0 0.0 0.0
Se 1.019111724569e+01 4.459119947409e+01 1.614602824434e+01 1 1 1 0.0 0.0 0.0
Se 1.355329318220e+01 4.542312226642e+01 1.614602824434e+01 1 1 1 0.0 0.0 0.0
Se 2.506143676432e+00 3.959966272014e+01 1.614602824434e+01 1 1 1 0.0 0.0 0.0
Se 5.868319612937e+00 4.043158551247e+01 1.614602824434e+01 1 1 1 0.0 0.0 0.0
Se 9.230495549442e+00 4.126350830479e+01 1.614602824434e+01 1 1 1 0.0 0.0 0.0
Se 1.259267148595e+01 4.209543109712e+01 1.614602824434e+01 1 1 1 0.0 0.0 0.0
Se 4.907697916687e+00 3.710389434316e+01 1.614602824434e+01 1 1 1 0.0 0.0 0.0
Se 8.269873853192e+00 3.793581713549e+01 1.614602824434e+01 1 1 1 0.0 0.0 0.0
Se 1.163204978970e+01 3.876773992782e+01 1.614602824434e+01 1 1 1 0.0 0.0 0.0
Se 3.947076220438e+00 3.377620317386e+01 1.614602824434e+01 1 1 1 0.0 0.0 0.0
Se 7.309252156942e+00 3.460812596619e+01 1.614602824434e+01 1 1 1 0.0 0.0 0.0
Se 1.067142809345e+01 3.544004875851e+01 1.614602824434e+01 1 1 1 0.0 0.0 0.0
Se 1.403360402995e+01 3.627197155084e+01 1.614602824434e+01 1 1 1 0.0 0.0 0.0
Se 2.986454524188e+00 3.044851200456e+01 1.614602824434e+01 1 1 1 0.0 0.0 0.0
Se 6.348630460693e+00 3.128043479689e+01 1.614602824434e+01 1 1 1 0.0 0.0 0.0
Se 9.710806397198e+00 3.211235758921e+01 1.614602824434e+01 1 1 1 0.0 0.0 0.0
Se 1.307298233370e+01 3.294428038154e+01 1.614602824434e+01 1 1 1 0.0 0.0 0.0
Se 2.025832827939e+00 2.712082083526e+01 1.614602824434e+01 1 1 1 0.0 0.0 0.0
Se 5.388008764443e+00 2.795274362759e+01 1.614602824434e+01 1 1 1 0.0 0.0 0.0
Se 8.750184700948e+00 2.878466641991e+01 1.614602824434e+01 1 1 1 0.0 0.0 0.0
Se 1.211236063745e+01 2.961658921224e+01 1.614602824434e+01 1 1 1 0.0 0.0 0.0
Se 4.427387068194e+00 2.462505245828e+01 1.614602824434e+01 1 1 1 0.0 0.0 0.0
Se 7.789563004698e+00 2.545697525061e+01 1.614602824434e+01 1 1 1 0.0 0.0 0.0
Se 1.115173894120e+01 2.628889804293e+01 1.614602824434e+01 1 1 1 0.0 0.0 0.0
Se 3.466765371944e+00 2.129736128898e+01 1.614602824434e+01 1 1 1 0.0 0.0 0.0
Se 6.828941308449e+00 2.212928408131e+01 1.614602824434e+01 1 1 1 0.0 0.0 0.0
Se 1.019111724495e+01 2.296120687363e+01 1.614602824434e+01 1 1 1 0.0 0.0 0.0
Se 1.355329318146e+01 2.379312966596e+01 1.614602824434e+01 1 1 1 0.0 0.0 0.0
Se 2.506143675694e+00 1.796967011968e+01 1.614602824434e+01 1 1 1 0.0 0.0 0.0
Se 5.868319612199e+00 1.880159291201e+01 1.614602824434e+01 1 1 1 0.0 0.0 0.0
Se 9.230495548704e+00 1.963351570433e+01 1.614602824434e+01 1 1 1 0.0 0.0 0.0
Se 1.259267148521e+01 2.046543849666e+01 1.614602824434e+01 1 1 1 0.0 0.0 0.0
Se 1.545521979445e+00 1.464197895038e+01 1.614602824434e+01 1 1 1 0.0 0.0 0.0
Se 4.907697915950e+00 1.547390174270e+01 1.614602824434e+01 1 1 1 0.0 0.0 0.0
Se 8.269873852454e+00 1.630582453503e+01 1.614602824434e+01 1 1 1 0.0 0.0 0.0
Se 1.163204978896e+01 1.713774732735e+01 1.614602824434e+01 1 1 1 0.0 0.0 0.0
Se 3.947076219700e+00 1.214621057340e+01 1.614602824434e+01 1 1 1 0.0 0.0 0.0
Se 7.309252156205e+00 1.297813336573e+01 1.614602824434e+01 1 1 1 0.0 0.0 0.0
Se 1.067142809271e+01 1.381005615805e+01 1.614602824434e+01 1 1 1 0.0 0.0 0.0
Se 2.986454523450e+00 8.818519404101e+00 1.614602824434e+01 1 1 1 0.0 0.0 0.0
Se 6.348630459955e+00 9.650442196426e+00 1.614602824434e+01 1 1 1 0.0 0.0 0.0
Se 9.710806396460e+00 1.048236498875e+01 1.614602824434e+01 1 1 1 0.0 0.0 0.0
Se 5.849002831952e-01 1.131428778108e+01 1.614602824434e+01 1 1 1 0.0 0.0 0.0
Se 2.025832827201e+00 5.490828234799e+00 1.614602824434e+01 1 1 1 0.0 0.0 0.0
Se 5.388008763705e+00 6.322751027125e+00 1.614602824434e+01 1 1 1 0.0 0.0 0.0
Se 8.750184700210e+00 7.154673819450e+00 1.614602824434e+01 1 1 1 0.0 0.0 0.0
Se 1.211236063671e+01 7.986596611775e+00 1.614602824434e+01 1 1 1 0.0 0.0 0.0
Se 1.065211130951e+00 2.163137065497e+00 1.614602824434e+01 1 1 1 0.0 0.0 0.0
Se 4.427387067456e+00 2.995059857823e+00 1.614602824434e+01 1 1 1 0.0 0.0 0.0
Se 7.789563003961e+00 3.826982650148e+00 1.614602824434e+01 1 1 1 0.0 0.0 0.0
Se 1.115173894047e+01 4.658905442474e+00 1.614602824434e+01 1 1 1 0.0 0.0 0.0
Se 3.466765373420e+00 6.455734648990e+01 1.614602824434e+01 1 1 1 0.0 0.0 0.0
Se 6.828941309924e+00 6.538926928223e+01 1.614602824434e+01 1 1 1 0.0 0.0 0.0
Se 6.828941307711e+00 4.992914808466e-01 1.614602824434e+01 1 1 1 0.0 0.0 0.0
Se 1.019111724422e+01 1.331214273172e+00 1.614602824434e+01 1 1 1 0.0 0.0 0.0
Se 4.430623253476e+00 6.066660701317e+01 1.336443756309e+01 1 1 1 0.0 0.0 0.0
Se 7.792799189980e+00 6.149852980550e+01 1.336443756309e+01 1 1 1 0.0 0.0 0.0
Se 1.115497512649e+01 6.233045259782e+01 1.336443756309e+01 1 1 1 0.0 0.0 0.0
Se 3.470001557226e+00 5.733891584387e+01 1.336443756309e+01 1 1 1 0.0 0.0 0.0
Se 6.832177493731e+00 5.817083863619e+01 1.336443756309e+01 1 1 1 0.0 0.0 0.0
Se 1.019435343024e+01 5.900276142852e+01 1.336443756309e+01 1 1 1 0.0 0.0 0.0
Se 1.355652936674e+01 5.983468422084e+01 1.336443756309e+01 1 1 1 0.0 0.0 0.0
Se 1.499746191075e+01 5.401122467457e+01 1.336443756309e+01 1 1 1 0.0 0.0 0.0
Se 5.871555797481e+00 5.484314746689e+01 1.336443756309e+01 1 1 1 0.0 0.0 0.0
Se 9.233731733986e+00 5.567507025922e+01 1.336443756309e+01 1 1 1 0.0 0.0 0.0
Se 1.259590767049e+01 5.650699305154e+01 1.336443756309e+01 1 1 1 0.0 0.0 0.0
Se 1.403684021450e+01 5.068353350527e+01 1.336443756309e+01 1 1 1 0.0 0.0 0.0
Se 4.910934101232e+00 5.151545629759e+01 1.336443756309e+01 1 1 1 0.0 0.0 0.0
Se 8.273110037736e+00 5.234737908992e+01 1.336443756309e+01 1 1 1 0.0 0.0 0.0
Se 1.163528597424e+01 5.317930188224e+01 1.336443756309e+01 1 1 1 0.0 0.0 0.0
Se 3.950312404982e+00 4.818776512829e+01 1.336443756309e+01 1 1 1 0.0 0.0 0.0
Se 7.312488341487e+00 4.901968792061e+01 1.336443756309e+01 1 1 1 0.0 0.0 0.0
Se 1.067466427799e+01 4.985161071294e+01 1.336443756309e+01 1 1 1 0.0 0.0 0.0
Se 2.989690708732e+00 4.486007395899e+01 1.336443756309e+01 1 1 1 0.0 0.0 0.0
Se 6.351866645237e+00 4.569199675131e+01 1.336443756309e+01 1 1 1 0.0 0.0 0.0
Se 9.714042581742e+00 4.652391954364e+01 1.336443756309e+01 1 1 1 0.0 0.0 0.0
Se 1.307621851825e+01 4.735584233596e+01 1.336443756309e+01 1 1 1 0.0 0.0 0.0
Se 1.451715106225e+01 4.153238278969e+01 1.336443756309e+01 1 1 1 0.0 0.0 0.0
Se 5.391244948987e+00 4.236430558201e+01 1.336443756309e+01 1 1 1 0.0 0.0 0.0
Se 8.753420885492e+00 4.319622837434e+01 1.336443756309e+01 1 1 1 0.0 0.0 0.0
Se 1.211559682200e+01 4.402815116666e+01 1.336443756309e+01 1 1 1 0.0 0.0 0.0
Se 1.355652936600e+01 3.820469162038e+01 1.336443756309e+01 1 1 1 0.0 0.0 0.0
Se 4.430623252738e+00 3.903661441271e+01 1.336443756309e+01 1 1 1 0.0 0.0 0.0
Se 7.792799189243e+00 3.986853720503e+01 1.336443756309e+01 1 1 1 0.0 0.0 0.0
Se 1.115497512575e+01 4.070045999736e+01 1.336443756309e+01 1 1 1 0.0 0.0 0.0
Se 3.470001556488e+00 3.570892324341e+01 1.336443756309e+01 1 1 1 0.0 0.0 0.0
Se 6.832177492993e+00 3.654084603573e+01 1.336443756309e+01 1 1 1 0.0 0.0 0.0
Se 1.019435342950e+01 3.737276882806e+01 1.336443756309e+01 1 1 1 0.0 0.0 0.0
Se 2.509379860239e+00 3.238123207411e+01 1.336443756309e+01 1 1 1 0.0 0.0 0.0
Se 5.871555796743e+00 3.321315486643e+01 1.336443756309e+01 1 1 1 0.0 0.0 0.0
Se 9.233731733248e+00 3.404507765876e+01 1.336443756309e+01 1 1 1 0.0 0.0 0.0
Se 1.259590766975e+01 3.487700045108e+01 1.336443756309e+01 1 1 1 0.0 0.0 0.0
Se 1.548758163989e+00 2.905354090480e+01 1.336443756309e+01 1 1 1 0.0 0.0 0.0
Se 4.910934100494e+00 2.988546369713e+01 1.336443756309e+01 1 1 1 0.0 0.0 0.0
Se 8.273110036999e+00 3.071738648946e+01 1.336443756309e+01 1 1 1 0.0 0.0 0.0
Se 1.163528597350e+01 3.154930928178e+01 1.336443756309e+01 1 1 1 0.0 0.0 0.0
Se 1.307621851751e+01 2.572584973550e+01 1.336443756309e+01 1 1 1 0.0 0.0 0.0
Se 3.950312404244e+00 2.655777252783e+01 1.336443756309e+01 1 1 1 0.0 0.0 0.0
Se 7.312488340749e+00 2.738969532015e+01 1.336443756309e+01 1 1 1 0.0 0.0 0.0
Se 1.067466427725e+01 2.822161811248e+01 1.336443756309e+01 1 1 1 0.0 0.0 0.0
Se 2.989690707995e+00 2.323008135853e+01 1.336443756309e+01 1 1 1 0.0 0.0 0.0
Se 6.351866644499e+00 2.406200415085e+01 1.336443756309e+01 1 1 1 0.0 0.0 0.0
Se 9.714042581004e+00 2.489392694318e+01 1.336443756309e+01 1 1 1 0.0 0.0 0.0
Se 2.029069011745e+00 1.990239018922e+01 1.336443756309e+01 1 1 1 0.0 0.0 0.0
Se 5.391244948250e+00 2.073431298155e+01 1.336443756309e+01 1 1 1 0.0 0.0 0.0
Se 8.753420884754e+00 2.156623577388e+01 1.336443756309e+01 1 1 1 0.0 0.0 0.0
Se 1.211559682126e+01 2.239815856620e+01 1.336443756309e+01 1 1 1 0.0 0.0 0.0
Se 1.068447315495e+00 1.657469901992e+01 1.336443756309e+01 1 1 1 0.0 0.0 0.0
Se 4.430623252000e+00 1.740662181225e+01 1.336443756309e+01 1 1 1 0.0 0.0 0.0
Se 7.792799188505e+00 1.823854460457e+01 1.336443756309e+01 1 1 1 0.0 0.0 0.0
Se 1.115497512501e+01 1.907046739690e+01 1.336443756309e+01 1 1 1 0.0 0.0 0.0
Se 1.259590766902e+01 1.324700785062e+01 1.336443756309e+01 1 1 1 0.0 0.0 0.0
Se 3.470001555750e+00 1.407893064295e+01 1.336443756309e+01 1 1 1 0.0 0.0 0.0
Se 6.832177492255e+00 1.491085343527e+01 1.336443756309e+01 1 1 1 0.0 0.0 0.0
Se 1.019435342876e+01 1.574277622760e+01 1.336443756309e+01 1 1 1 0.0 0.0 0.0
Se 2.509379859501e+00 1.075123947365e+01 1.336443756309e+01 1 1 1 0.0 0.0 0.0
Se 5.871555796006e+00 1.158316226597e+01 1.336443756309e+01 1 1 1 0.0 0.0 0.0
Se 9.233731732510e+00 1.241508505830e+01 1.336443756309e+01 1 1 1 0.0 0.0 0.0
Se 1.548758163251e+00 7.423548304344e+00 1.336443756309e+01 1 1 1 0.0 0.0 0.0
Se 4.910934099756e+00 8.255471096669e+00 1.336443756309e+01 1 1 1 0.0 0.0 0.0
Se 8.273110036261e+00 9.087393888994e+00 1.336443756309e+01 1 1 1 0.0 0.0 0.0
Se 1.163528597277e+01 9.919316681320e+00 1.336443756309e+01 1 1 1 0.0 0.0 0.0
Se 5.881364670016e-01 4.095857135042e+00 1.336443756309e+01 1 1 1 0.0 0.0 0.0
Se 3.950312403506e+00 4.927779927367e+00 1.336443756309e+01 1 1 1 0.0 0.0 0.0
Se 7.312488340011e+00 5.759702719693e+00 1.336443756309e+01 1 1 1 0.0 0.0 0.0
Se 1.067466427652e+01 6.591625512018e+00 1.336443756309e+01 1 1 1 0.0 0.0 0.0
Se 1.211559682052e+01 7.681659657403e-01 1.336443756309e+01 1 1 1 0.0 0.0 0.0
Se 2.989690707257e+00 1.600088758066e+00 1.336443756309e+01 1 1 1 0.0 0.0 0.0
Se 6.351866643761e+00 2.432011550391e+00 1.336443756309e+01 1 1 1 0.0 0.0 0.0
Se 9.714042580266e+00 3.263934342717e+00 1.336443756309e+01 1 1 1 0.0 0.0 0.0
Se 1.451715106299e+01 6.316237539015e+01 1.336443756309e+01 1 1 1 0.0 0.0 0.0
Se 5.391244949725e+00 6.399429818247e+01 1.336443756309e+01 1 1 1 0.0 0.0 0.0
Se 8.753420886230e+00 6.482622097480e+01 1.336443756309e+01 1 1 1 0.0 0.0 0.0
Se 1.211559682273e+01 6.565814376712e+01 1.336443756309e+01 1 1 1 0.0 0.0 0.0
Se 5.868547722424e+00 6.206261119012e+01 1.951046802998e+01 1 1 1 0.0 0.0 0.0
Se 9.230723658929e+00 6.289453398245e+01 1.951046802998e+01 1 1 1 0.0 0.0 0.0
Se 1.259289959543e+01 6.372645677477e+01 1.951046802998e+01 1 1 1 0.0 0.0 0.0
Se 4.907926026175e+00 5.873492002082e+01 1.951046802998e+01 1 1 1 0.0 0.0 0.0
Se 8.270101962679e+00 5.956684281315e+01 1.951046802998e+01 1 1 1 0.0 0.0 0.0
Se 1.163227789918e+01 6.039876560547e+01 1.951046802998e+01 1 1 1 0.0 0.0 0.0
Se 1.499445383569e+01 6.123068839780e+01 1.951046802998e+01 1 1 1 0.0 0.0 0.0
Se 3.947304329925e+00 5.540722885152e+01 1.951046802998e+01 1 1 1 0.0 0.0 0.0
Se 7.309480266430e+00 5.623915164384e+01 1.951046802998e+01 1 1 1 0.0 0.0 0.0
Se 1.067165620293e+01 5.707107443617e+01 1.951046802998e+01 1 1 1 0.0 0.0 0.0
Se 1.403383213944e+01 5.790299722849e+01 1.951046802998e+01 1 1 1 0.0 0.0 0.0
Se 2.986682633675e+00 5.207953768222e+01 1.951046802998e+01 1 1 1 0.0 0.0 0.0
Se 6.348858570180e+00 5.291146047454e+01 1.951046802998e+01 1 1 1 0.0 0.0 0.0
Se 9.711034506685e+00 5.374338326687e+01 1.951046802998e+01 1 1 1 0.0 0.0 0.0
Se 1.307321044319e+01 5.457530605919e+01 1.951046802998e+01 1 1 1 0.0 0.0 0.0
Se 5.388236873930e+00 4.958376930524e+01 1.951046802998e+01 1 1 1 0.0 0.0 0.0
Se 8.750412810435e+00 5.041569209757e+01 1.951046802998e+01 1 1 1 0.0 0.0 0.0
Se 1.211258874694e+01 5.124761488989e+01 1.951046802998e+01 1 1 1 0.0 0.0 0.0
Se 4.427615177681e+00 4.625607813594e+01 1.951046802998e+01 1 1 1 0.0 0.0 0.0
Se 7.789791114186e+00 4.708800092826e+01 1.951046802998e+01 1 1 1 0.0 0.0 0.0
Se 1.115196705069e+01 4.791992372059e+01 1.951046802998e+01 1 1 1 0.0 0.0 0.0
Se 1.451414298720e+01 4.875184651292e+01 1.951046802998e+01 1 1 1 0.0 0.0 0.0
Se 3.466993481431e+00 4.292838696664e+01 1.951046802998e+01 1 1 1 0.0 0.0 0.0
Se 6.829169417936e+00 4.376030975896e+01 1.951046802998e+01 1 1 1 0.0 0.0 0.0
Se 1.019134535444e+01 4.459223255129e+01 1.951046802998e+01 1 1 1 0.0 0.0 0.0
Se 1.355352129095e+01 4.542415534361e+01 1.951046802998e+01 1 1 1 0.0 0.0 0.0
Se 2.506371785182e+00 3.960069579734e+01 1.951046802998e+01 1 1 1 0.0 0.0 0.0
Se 5.868547721686e+00 4.043261858966e+01 1.951046802998e+01 1 1 1 0.0 0.0 0.0
Se 9.230723658191e+00 4.126454138199e+01 1.951046802998e+01 1 1 1 0.0 0.0 0.0
Se 1.259289959470e+01 4.209646417431e+01 1.951046802998e+01 1 1 1 0.0 0.0 0.0
Se 4.907926025437e+00 3.710492742036e+01 1.951046802998e+01 1 1 1 0.0 0.0 0.0
Se 8.270101961941e+00 3.793685021268e+01 1.951046802998e+01 1 1 1 0.0 0.0 0.0
Se 1.163227789845e+01 3.876877300501e+01 1.951046802998e+01 1 1 1 0.0 0.0 0.0
Se 3.947304329187e+00 3.377723625106e+01 1.951046802998e+01 1 1 1 0.0 0.0 0.0
Se 7.309480265692e+00 3.460915904338e+01 1.951046802998e+01 1 1 1 0.0 0.0 0.0
Se 1.067165620220e+01 3.544108183571e+01 1.951046802998e+01 1 1 1 0.0 0.0 0.0
Se 1.403383213870e+01 3.627300462803e+01 1.951046802998e+01 1 1 1 0.0 0.0 0.0
Se 2.986682632937e+00 3.044954508176e+01 1.951046802998e+01 1 1 1 0.0 0.0 0.0
Se 6.348858569442e+00 3.128146787408e+01 1.951046802998e+01 1 1 1 0.0 0.0 0.0
Se 9.711034505947e+00 3.211339066641e+01 1.951046802998e+01 1 1 1 0.0 0.0 0.0
Se 1.307321044245e+01 3.294531345873e+01 1.951046802998e+01 1 1 1 0.0 0.0 0.0
Se 2.026060936688e+00 2.712185391245e+01 1.951046802998e+01 1 1 1 0.0 0.0 0.0
Se 5.388236873193e+00 2.795377670478e+01 1.951046802998e+01 1 1 1 0.0 0.0 0.0
Se 8.750412809697e+00 2.878569949711e+01 1.951046802998e+01 1 1 1 0.0 0.0 0.0
Se 1.211258874620e+01 2.961762228943e+01 1.951046802998e+01 1 1 1 0.0 0.0 0.0
Se 4.427615176943e+00 2.462608553548e+01 1.951046802998e+01 1 1 1 0.0 0.0 0.0
Se 7.789791113448e+00 2.545800832780e+01 1.951046802998e+01 1 1 1 0.0 0.0 0.0
Se 1.115196704995e+01 2.628993112013e+01 1.951046802998e+01 1 1 1 0.0 0.0 0.0
Se 3.466993480693e+00 2.129839436618e+01 1.951046802998e+01 1 1 1 0.0 0.0 0.0
Se 6.829169417198e+00 2.213031715850e+01 1.951046802998e+01 1 1 1 0.0 0.0 0.0
Se 1.019134535370e+01 2.296223995083e+01 1.951046802998e+01 1 1 1 0.0 0.0 0.0
Se 1.355352129021e+01 2.379416274315e+01 1.951046802998e+01 1 1 1 0.0 0.0 0.0
Se 2.506371784444e+00 1.797070319687e+01 1.951046802998e+01 1 1 1 0.0 0.0 0.0
Se 5.868547720949e+00 1.880262598920e+01 1.951046802998e+01 1 1 1 0.0 0.0 0.0
Se 9.230723657453e+00 1.963454878153e+01 1.951046802998e+01 1 1 1 0.0 0.0 0.0
Se 1.259289959396e+01 2.046647157385e+01 1.951046802998e+01 1 1 1 0.0 0.0 0.0
Se 1.545750088194e+00 1.464301202757e+01 1.951046802998e+01 1 1 1 0.0 0.0 0.0
Se 4.907926024699e+00 1.547493481990e+01 1.951046802998e+01 1 1 1 0.0 0.0 0.0
Se 8.270101961204e+00 1.630685761222e+01 1.951046802998e+01 1 1 1 0.0 0.0 0.0
Se 1.163227789771e+01 1.713878040455e+01 1.951046802998e+01 1 1 1 0.0 0.0 0.0
Se 3.947304328449e+00 1.214724365060e+01 1.951046802998e+01 1 1 1 0.0 0.0 0.0
Se 7.309480264954e+00 1.297916644292e+01 1.951046802998e+01 1 1 1 0.0 0.0 0.0
Se 1.067165620146e+01 1.381108923525e+01 1.951046802998e+01 1 1 1 0.0 0.0 0.0
Se 2.986682632200e+00 8.819552481295e+00 1.951046802998e+01 1 1 1 0.0 0.0 0.0
Se 6.348858568704e+00 9.651475273620e+00 1.951046802998e+01 1 1 1 0.0 0.0 0.0
Se 9.711034505209e+00 1.048339806595e+01 1.951046802998e+01 1 1 1 0.0 0.0 0.0
Se 5.851283919446e-01 1.131532085827e+01 1.951046802998e+01 1 1 1 0.0 0.0 0.0
Se 2.026060935950e+00 5.491861311993e+00 1.951046802998e+01 1 1 1 0.0 0.0 0.0
Se 5.388236872455e+00 6.323784104319e+00 1.951046802998e+01 1 1 1 0.0 0.0 0.0
Se 8.750412808960e+00 7.155706896644e+00 1.951046802998e+01 1 1 1 0.0 0.0 0.0
Se 1.211258874546e+01 7.987629688970e+00 1.951046802998e+01 1 1 1 0.0 0.0 0.0
Se 1.065439239700e+00 2.164170142692e+00 1.951046802998e+01 1 1 1 0.0 0.0 0.0
Se 4.427615176205e+00 2.996092935017e+00 1.951046802998e+01 1 1 1 0.0 0.0 0.0
Se 7.789791112710e+00 3.828015727343e+00 1.951046802998e+01 1 1 1 0.0 0.0 0.0
Se 1.115196704921e+01 4.659938519668e+00 1.951046802998e+01 1 1 1 0.0 0.0 0.0
Se 3.466993482169e+00 6.455837956710e+01 1.951046802998e+01 1 1 1 0.0 0.0 0.0
Se 6.829169418674e+00 6.539030235942e+01 1.951046802998e+01 1 1 1 0.0 0.0 0.0
Se 6.829169416460e+00 5.003245580409e-01 1.951046802998e+01 1 1 1 0.0 0.0 0.0
Se 1.019134535297e+01 1.332247350366e+00 1.951046802998e+01 1 1 1 0.0 0.0 0.0
Se 1.319395607820e+01 5.829834225871e+01 3.998930533072e+01 1 1 1 0.0 0.0 0.0
Se 9.031262061609e+00 5.829834225871e+01 3.998930533072e+01 1 1 1 0.0 0.0 0.0
Se 1.115708229645e+01 5.464712555906e+01 3.998930533072e+01 1 1 1 0.0 0.0 0.0
Se 1.328290253130e+01 5.099590885941e+01 3.998930533072e+01 1 1 1 0.0 0.0 0.0
Se 4.868568045019e+00 5.829834225871e+01 3.998930533072e+01 1 1 1 0.0 0.0 0.0
Se 6.994388279862e+00 5.464712555906e+01 3.998930533072e+01 1 1 1 0.0 0.0 0.0
Se 9.120208514705e+00 5.099590885941e+01 3.998930533072e+01 1 1 1 0.0 0.0 0.0
Se 1.124602874955e+01 4.734469215976e+01 3.998930533072e+01 1 1 1 0.0 0.0 0.0
Se 1.337184898439e+01 4.369347546011e+01 3.998930533072e+01 1 1 1 0.0 0.0 0.0
Se 2.831694263272e+00 5.464712555906e+01 3.998930533072e+01 1 1 1 0.0 0.0 0.0
Se 4.957514498116e+00 5.099590885941e+01 3.998930533072e+01 1 1 1 0.0 0.0 0.0
Se 7.083334732959e+00 4.734469215976e+01 3.998930533072e+01 1 1 1 0.0 0.0 0.0
Se 9.209154967802e+00 4.369347546011e+01 3.998930533072e+01 1 1 1 0.0 0.0 0.0
Se 1.133497520265e+01 4.004225876045e+01 3.998930533072e+01 1 1 1 0.0 0.0 0.0
Se 1.346079543749e+01 3.639104206080e+01 3.998930533072e+01 1 1 1 0.0 0.0 0.0
Se 2.920640716369e+00 4.734469215976e+01 3.998930533072e+01 1 1 1 0.0 0.0 0.0
Se 5.046460951212e+00 4.369347546011e+01 3.998930533072e+01 1 1 1 0.0 0.0 0.0
Se 7.172281186056e+00 4.004225876045e+01 3.998930533072e+01 1 1 1 0.0 0.0 0.0
Se 9.298101420899e+00 3.639104206080e+01 3.998930533072e+01 1 1 1 0.0 0.0 0.0
Se 1.142392165574e+01 3.273982536115e+01 3.998930533072e+01 1 1 1 0.0 0.0 0.0
Se 3.009587169466e+00 4.004225876045e+01 3.998930533072e+01 1 1 1 0.0 0.0 0.0
Se 5.135407404309e+00 3.639104206080e+01 3.998930533072e+01 1 1 1 0.0 0.0 0.0
Se 7.261227639153e+00 3.273982536115e+01 3.998930533072e+01 1 1 1 0.0 0.0 0.0
Se 9.387047873996e+00 2.908860866150e+01 3.998930533072e+01 1 1 1 0.0 0.0 0.0
Se 1.151286810884e+01 2.543739196185e+01 3.998930533072e+01 1 1 1 0.0 0.0 0.0
Se 3.098533622563e+00 3.273982536115e+01 3.998930533072e+01 1 1 1 0.0 0.0 0.0
Se 5.224353857406e+00 2.908860866150e+01 3.998930533072e+01 1 1 1 0.0 0.0 0.0
Se 7.350174092249e+00 2.543739196185e+01 3.998930533072e+01 1 1 1 0.0 0.0 0.0
Se 9.475994327093e+00 2.178617526220e+01 3.998930533072e+01 1 1 1 0.0 0.0 0.0
Se 1.160181456194e+01 1.813495856255e+01 3.998930533072e+01 1 1 1 0.0 0.0 0.0
Se 1.354974189059e+01 2.908860866150e+01 3.998930533072e+01 1 1 1 0.0 0.0 0.0
Se 3.187480075660e+00 2.543739196185e+01 3.998930533072e+01 1 1 1 0.0 0.0 0.0
Se 5.313300310503e+00 2.178617526220e+01 3.998930533072e+01 1 1 1 0.0 0.0 0.0
Se 7.439120545346e+00 1.813495856255e+01 3.998930533072e+01 1 1 1 0.0 0.0 0.0
Se 9.564940780190e+00 1.448374186290e+01 3.998930533072e+01 1 1 1 0.0 0.0 0.0
Se 1.169076101503e+01 1.083252516325e+01 3.998930533072e+01 1 1 1 0.0 0.0 0.0
Se 1.150606293913e+00 2.178617526220e+01 3.998930533072e+01 1 1 1 0.0 0.0 0.0
Se 3.276426528757e+00 1.813495856255e+01 3.998930533072e+01 1 1 1 0.0 0.0 0.0
Se 5.402246763600e+00 1.448374186290e+01 3.998930533072e+01 1 1 1 0.0 0.0 0.0
Se 7.528066998443e+00 1.083252516325e+01 3.998930533072e+01 1 1 1 0.0 0.0 0.0
Se 9.653887233286e+00 7.181308463601e+00 3.998930533072e+01 1 1 1 0.0 0.0 0.0
Se 1.177970746813e+01 3.530091763950e+00 3.998930533072e+01 1 1 1 0.0 0.0 0.0
Se 1.239552747010e+00 1.448374186290e+01 3.998930533072e+01 1 1 1 0.0 0.0 0.0
Se 3.365372981853e+00 1.083252516325e+01 3.998930533072e+01 1 1 1 0.0 0.0 0.0
Se 5.491193216697e+00 7.181308463601e+00 3.998930533072e+01 1 1 1 0.0 0.0 0.0
Se 7.617013451540e+00 3.530091763950e+00 3.998930533072e+01 1 1 1 0.0 0.0 0.0
Se 1.310500962510e+01 6.560077565801e+01 3.998930533072e+01 1 1 1 0.0 0.0 0.0
Se 1.328499200107e+00 7.181308463601e+00 3.998930533072e+01 1 1 1 0.0 0.0 0.0
Se 3.454319434950e+00 3.530091763950e+00 3.998930533072e+01 1 1 1 0.0 0.0 0.0
Se 8.942315608512e+00 6.560077565801e+01 3.998930533072e+01 1 1 1 0.0 0.0 0.0
Se 1.106813584335e+01 6.194955895836e+01 3.998930533072e+01 1 1 1 0.0 0.0 0.0
Se 4.779621591922e+00 6.560077565801e+01 3.998930533072e+01 1 1 1 0.0 0.0 0.0
Se 6.905441826765e+00 6.194955895836e+01 3.998930533072e+01 1 1 1 0.0 0.0 0.0
Se 1.523082985994e+01 6.194955895836e+01 3.998930533072e+01 1 1 1 0.0 0.0 0.0
Se 1.113281543080e+01 5.950195256223e+01 3.635172086532e+01 1 1 1 0.0 0.0 0.0
Se 6.970121414207e+00 5.950195256223e+01 3.635172086532e+01 1 1 1 0.0 0.0 0.0
Se 9.095941649051e+00 5.585073586257e+01 3.635172086532e+01 1 1 1 0.0 0.0 0.0
Se 1.122176188389e+01 5.219951916292e+01 3.635172086532e+01 1 1 1 0.0 0.0 0.0
Se 1.529550944739e+01 5.950195256223e+01 3.635172086532e+01 1 1 1 0.0 0.0 0.0
Se 4.933247632461e+00 5.585073586257e+01 3.635172086532e+01 1 1 1 0.0 0.0 0.0
Se 7.059067867304e+00 5.219951916292e+01 3.635172086532e+01 1 1 1 0.0 0.0 0.0
Se 9.184888102147e+00 4.854830246327e+01 3.635172086532e+01 1 1 1 0.0 0.0 0.0
Se 1.131070833699e+01 4.489708576362e+01 3.635172086532e+01 1 1 1 0.0 0.0 0.0
Se 1.325863566564e+01 5.585073586257e+01 3.635172086532e+01 1 1 1 0.0 0.0 0.0
Se 2.896373850714e+00 5.219951916292e+01 3.635172086532e+01 1 1 1 0.0 0.0 0.0
Se 5.022194085558e+00 4.854830246327e+01 3.635172086532e+01 1 1 1 0.0 0.0 0.0
Se 7.148014320401e+00 4.489708576362e+01 3.635172086532e+01 1 1 1 0.0 0.0 0.0
Se 9.273834555244e+00 4.124586906397e+01 3.635172086532e+01 1 1 1 0.0 0.0 0.0
Se 1.139965479009e+01 3.759465236432e+01 3.635172086532e+01 1 1 1 0.0 0.0 0.0
Se 1.334758211874e+01 4.854830246327e+01 3.635172086532e+01 1 1 1 0.0 0.0 0.0
Se 2.985320303811e+00 4.489708576362e+01 3.635172086532e+01 1 1 1 0.0 0.0 0.0
Se 5.111140538654e+00 4.124586906397e+01 3.635172086532e+01 1 1 1 0.0 0.0 0.0
Se 7.236960773498e+00 3.759465236432e+01 3.635172086532e+01 1 1 1 0.0 0.0 0.0
Se 9.362781008341e+00 3.394343566467e+01 3.635172086532e+01 1 1 1 0.0 0.0 0.0
Se 1.343652857183e+01 4.124586906397e+01 3.635172086532e+01 1 1 1 0.0 0.0 0.0
Se 3.074266756908e+00 3.759465236432e+01 3.635172086532e+01 1 1 1 0.0 0.0 0.0
Se 5.200086991751e+00 3.394343566467e+01 3.635172086532e+01 1 1 1 0.0 0.0 0.0
Se 7.325907226595e+00 3.029221896502e+01 3.635172086532e+01 1 1 1 0.0 0.0 0.0
Se 9.451727461438e+00 2.664100226537e+01 3.635172086532e+01 1 1 1 0.0 0.0 0.0
Se 1.352547502493e+01 3.394343566467e+01 3.635172086532e+01 1 1 1 0.0 0.0 0.0
Se 3.163213210005e+00 3.029221896502e+01 3.635172086532e+01 1 1 1 0.0 0.0 0.0
Se 5.289033444848e+00 2.664100226537e+01 3.635172086532e+01 1 1 1 0.0 0.0 0.0
Se 7.414853679692e+00 2.298978556572e+01 3.635172086532e+01 1 1 1 0.0 0.0 0.0
Se 9.540673914535e+00 1.933856886607e+01 3.635172086532e+01 1 1 1 0.0 0.0 0.0
Se 1.148860124318e+01 3.029221896502e+01 3.635172086532e+01 1 1 1 0.0 0.0 0.0
Se 1.361442147803e+01 2.664100226537e+01 3.635172086532e+01 1 1 1 0.0 0.0 0.0
Se 3.252159663102e+00 2.298978556572e+01 3.635172086532e+01 1 1 1 0.0 0.0 0.0
Se 5.377979897945e+00 1.933856886607e+01 3.635172086532e+01 1 1 1 0.0 0.0 0.0
Se 7.503800132788e+00 1.568735216642e+01 3.635172086532e+01 1 1 1 0.0 0.0 0.0
Se 9.629620367632e+00 1.203613546677e+01 3.635172086532e+01 1 1 1 0.0 0.0 0.0
Se 1.157754769628e+01 2.298978556572e+01 3.635172086532e+01 1 1 1 0.0 0.0 0.0
Se 1.215285881355e+00 1.933856886607e+01 3.635172086532e+01 1 1 1 0.0 0.0 0.0
Se 3.341106116199e+00 1.568735216642e+01 3.635172086532e+01 1 1 1 0.0 0.0 0.0
Se 5.466926351042e+00 1.203613546677e+01 3.635172086532e+01 1 1 1 0.0 0.0 0.0
Se 7.592746585885e+00 8.384918767119e+00 3.635172086532e+01 1 1 1 0.0 0.0 0.0
Se 9.718566820729e+00 4.733702067469e+00 3.635172086532e+01 1 1 1 0.0 0.0 0.0
Se 1.166649414938e+01 1.568735216642e+01 3.635172086532e+01 1 1 1 0.0 0.0 0.0
Se 1.304232334452e+00 1.203613546677e+01 3.635172086532e+01 1 1 1 0.0 0.0 0.0
Se 3.430052569295e+00 8.384918767119e+00 3.635172086532e+01 1 1 1 0.0 0.0 0.0
Se 5.555872804139e+00 4.733702067469e+00 3.635172086532e+01 1 1 1 0.0 0.0 0.0
Se 7.681693038982e+00 1.082485367818e+00 3.635172086532e+01 1 1 1 0.0 0.0 0.0
Se 1.175544060247e+01 8.384918767119e+00 3.635172086532e+01 1 1 1 0.0 0.0 0.0
Se 1.393178787549e+00 4.733702067469e+00 3.635172086532e+01 1 1 1 0.0 0.0 0.0
Se 3.518999022392e+00 1.082485367818e+00 3.635172086532e+01 1 1 1 0.0 0.0 0.0
Se 9.006995195954e+00 6.315316926188e+01 3.635172086532e+01 1 1 1 0.0 0.0 0.0
Se 1.184438705557e+01 1.082485367818e+00 3.635172086532e+01 1 1 1 0.0 0.0 0.0
Se 4.844301179364e+00 6.315316926188e+01 3.635172086532e+01 1 1 1 0.0 0.0 0.0
Se 1.316968921254e+01 6.315316926188e+01 3.635172086532e+01 1 1 1 0.0 0.0 0.0
Se 1.115846500246e+01 5.708037071876e+01 3.271820175121e+01 1 1 1 0.0 0.0 0.0
Se 6.995770985872e+00 5.708037071876e+01 3.271820175121e+01 1 1 1 0.0 0.0 0.0
Se 9.121591220715e+00 5.342915401911e+01 3.271820175121e+01 1 1 1 0.0 0.0 0.0
Se 1.124741145556e+01 4.977793731946e+01 3.271820175121e+01 1 1 1 0.0 0.0 0.0
Se 1.532115901905e+01 5.708037071876e+01 3.271820175121e+01 1 1 1 0.0 0.0 0.0
Se 4.958897204125e+00 5.342915401911e+01 3.271820175121e+01 1 1 1 0.0 0.0 0.0
Se 7.084717438969e+00 4.977793731946e+01 3.271820175121e+01 1 1 1 0.0 0.0 0.0
Se 9.210537673812e+00 4.612672061981e+01 3.271820175121e+01 1 1 1 0.0 0.0 0.0
Se 1.133635790866e+01 4.247550392016e+01 3.271820175121e+01 1 1 1 0.0 0.0 0.0
Se 1.328428523730e+01 5.342915401911e+01 3.271820175121e+01 1 1 1 0.0 0.0 0.0
Se 2.922023422379e+00 4.977793731946e+01 3.271820175121e+01 1 1 1 0.0 0.0 0.0
Se 5.047843657222e+00 4.612672061981e+01 3.271820175121e+01 1 1 1 0.0 0.0 0.0
Se 7.173663892066e+00 4.247550392016e+01 3.271820175121e+01 1 1 1 0.0 0.0 0.0
Se 9.299484126909e+00 3.882428722051e+01 3.271820175121e+01 1 1 1 0.0 0.0 0.0
Se 1.142530436175e+01 3.517307052086e+01 3.271820175121e+01 1 1 1 0.0 0.0 0.0
Se 1.337323169040e+01 4.612672061981e+01 3.271820175121e+01 1 1 1 0.0 0.0 0.0
Se 3.010969875476e+00 4.247550392016e+01 3.271820175121e+01 1 1 1 0.0 0.0 0.0
Se 5.136790110319e+00 3.882428722051e+01 3.271820175121e+01 1 1 1 0.0 0.0 0.0
Se 7.262610345162e+00 3.517307052086e+01 3.271820175121e+01 1 1 1 0.0 0.0 0.0
Se 9.388430580006e+00 3.152185382121e+01 3.271820175121e+01 1 1 1 0.0 0.0 0.0
Se 1.346217814350e+01 3.882428722051e+01 3.271820175121e+01 1 1 1 0.0 0.0 0.0
Se 3.099916328573e+00 3.517307052086e+01 3.271820175121e+01 1 1 1 0.0 0.0 0.0
Se 5.225736563416e+00 3.152185382121e+01 3.271820175121e+01 1 1 1 0.0 0.0 0.0
Se 7.351556798259e+00 2.787063712156e+01 3.271820175121e+01 1 1 1 0.0 0.0 0.0
Se 9.477377033103e+00 2.421942042191e+01 3.271820175121e+01 1 1 1 0.0 0.0 0.0
Se 1.355112459660e+01 3.152185382121e+01 3.271820175121e+01 1 1 1 0.0 0.0 0.0
Se 3.188862781669e+00 2.787063712156e+01 3.271820175121e+01 1 1 1 0.0 0.0 0.0
Se 5.314683016513e+00 2.421942042191e+01 3.271820175121e+01 1 1 1 0.0 0.0 0.0
Se 7.440503251356e+00 2.056820372226e+01 3.271820175121e+01 1 1 1 0.0 0.0 0.0
Se 9.566323486199e+00 1.691698702261e+01 3.271820175121e+01 1 1 1 0.0 0.0 0.0
Se 1.151425081485e+01 2.787063712156e+01 3.271820175121e+01 1 1 1 0.0 0.0 0.0
Se 1.364007104969e+01 2.421942042191e+01 3.271820175121e+01 1 1 1 0.0 0.0 0.0
Se 3.277809234766e+00 2.056820372226e+01 3.271820175121e+01 1 1 1 0.0 0.0 0.0
Se 5.403629469610e+00 1.691698702261e+01 3.271820175121e+01 1 1 1 0.0 0.0 0.0
Se 7.529449704453e+00 1.326577032296e+01 3.271820175121e+01 1 1 1 0.0 0.0 0.0
Se 9.655269939296e+00 9.614553623306e+00 3.271820175121e+01 1 1 1 0.0 0.0 0.0
Se 1.160319726795e+01 2.056820372226e+01 3.271820175121e+01 1 1 1 0.0 0.0 0.0
Se 1.240935453020e+00 1.691698702261e+01 3.271820175121e+01 1 1 1 0.0 0.0 0.0
Se 3.366755687863e+00 1.326577032296e+01 3.271820175121e+01 1 1 1 0.0 0.0 0.0
Se 5.492575922706e+00 9.614553623306e+00 3.271820175121e+01 1 1 1 0.0 0.0 0.0
Se 7.618396157550e+00 5.963336923656e+00 3.271820175121e+01 1 1 1 0.0 0.0 0.0
Se 9.744216392393e+00 2.312120224006e+00 3.271820175121e+01 1 1 1 0.0 0.0 0.0
Se 1.169214372104e+01 1.326577032296e+01 3.271820175121e+01 1 1 1 0.0 0.0 0.0
Se 1.329881906117e+00 9.614553623306e+00 3.271820175121e+01 1 1 1 0.0 0.0 0.0
Se 3.455702140960e+00 5.963336923656e+00 3.271820175121e+01 1 1 1 0.0 0.0 0.0
Se 5.581522375803e+00 2.312120224006e+00 3.271820175121e+01 1 1 1 0.0 0.0 0.0
Se 1.106951854936e+01 6.438280411806e+01 3.271820175121e+01 1 1 1 0.0 0.0 0.0
Se 1.178109017414e+01 5.963336923656e+00 3.271820175121e+01 1 1 1 0.0 0.0 0.0
Se 1.418828359213e+00 2.312120224006e+00 3.271820175121e+01 1 1 1 0.0 0.0 0.0
Se 6.906824532775e+00 6.438280411806e+01 3.271820175121e+01 1 1 1 0.0 0.0 0.0
Se 9.032644767618e+00 6.073158741841e+01 3.271820175121e+01 1 1 1 0.0 0.0 0.0
Se 1.523221256595e+01 6.438280411806e+01 3.271820175121e+01 1 1 1 0.0 0.0 0.0
Se 4.869950751028e+00 6.073158741841e+01 3.271820175121e+01 1 1 1 0.0 0.0 0.0
Se 1.319533878421e+01 6.073158741841e+01 3.271820175121e+01 1 1 1 0.0 0.0 0.0
Se 1.117811769229e+01 5.957066829185e+01 2.995146533993e+01 1 1 1 0.0 0.0 0.0
Se 7.015423675697e+00 5.957066829185e+01 2.995146533993e+01 1 1 1 0.0 0.0 0.0
Se 9.141243910540e+00 5.591945159220e+01 2.995146533993e+01 1 1 1 0.0 0.0 0.0
Se 1.126706414538e+01 5.226823489255e+01 2.995146533993e+01 1 1 1 0.0 0.0 0.0
Se 1.534081170888e+01 5.957066829185e+01 2.995146533993e+01 1 1 1 0.0 0.0 0.0
Se 4.978549893951e+00 5.591945159220e+01 2.995146533993e+01 1 1 1 0.0 0.0 0.0
Se 7.104370128794e+00 5.226823489255e+01 2.995146533993e+01 1 1 1 0.0 0.0 0.0
Se 9.230190363637e+00 4.861701819290e+01 2.995146533993e+01 1 1 1 0.0 0.0 0.0
Se 1.135601059848e+01 4.496580149325e+01 2.995146533993e+01 1 1 1 0.0 0.0 0.0
Se 1.330393792713e+01 5.591945159220e+01 2.995146533993e+01 1 1 1 0.0 0.0 0.0
Se 2.941676112204e+00 5.226823489255e+01 2.995146533993e+01 1 1 1 0.0 0.0 0.0
Se 5.067496347048e+00 4.861701819290e+01 2.995146533993e+01 1 1 1 0.0 0.0 0.0
Se 7.193316581891e+00 4.496580149325e+01 2.995146533993e+01 1 1 1 0.0 0.0 0.0
Se 9.319136816734e+00 4.131458479360e+01 2.995146533993e+01 1 1 1 0.0 0.0 0.0
Se 1.144495705158e+01 3.766336809395e+01 2.995146533993e+01 1 1 1 0.0 0.0 0.0
Se 1.339288438023e+01 4.861701819290e+01 2.995146533993e+01 1 1 1 0.0 0.0 0.0
Se 3.030622565301e+00 4.496580149325e+01 2.995146533993e+01 1 1 1 0.0 0.0 0.0
Se 5.156442800144e+00 4.131458479360e+01 2.995146533993e+01 1 1 1 0.0 0.0 0.0
Se 7.282263034988e+00 3.766336809395e+01 2.995146533993e+01 1 1 1 0.0 0.0 0.0
Se 9.408083269831e+00 3.401215139430e+01 2.995146533993e+01 1 1 1 0.0 0.0 0.0
Se 1.348183083332e+01 4.131458479360e+01 2.995146533993e+01 1 1 1 0.0 0.0 0.0
Se 3.119569018398e+00 3.766336809395e+01 2.995146533993e+01 1 1 1 0.0 0.0 0.0
Se 5.245389253241e+00 3.401215139430e+01 2.995146533993e+01 1 1 1 0.0 0.0 0.0
Se 7.371209488085e+00 3.036093469465e+01 2.995146533993e+01 1 1 1 0.0 0.0 0.0
Se 9.497029722928e+00 2.670971799500e+01 2.995146533993e+01 1 1 1 0.0 0.0 0.0
Se 1.357077728642e+01 3.401215139430e+01 2.995146533993e+01 1 1 1 0.0 0.0 0.0
Se 3.208515471495e+00 3.036093469465e+01 2.995146533993e+01 1 1 1 0.0 0.0 0.0
Se 5.334335706338e+00 2.670971799500e+01 2.995146533993e+01 1 1 1 0.0 0.0 0.0
Se 7.460155941181e+00 2.305850129535e+01 2.995146533993e+01 1 1 1 0.0 0.0 0.0
Se 9.585976176025e+00 1.940728459570e+01 2.995146533993e+01 1 1 1 0.0 0.0 0.0
Se 1.153390350467e+01 3.036093469465e+01 2.995146533993e+01 1 1 1 0.0 0.0 0.0
Se 1.365972373952e+01 2.670971799500e+01 2.995146533993e+01 1 1 1 0.0 0.0 0.0
Se 3.297461924592e+00 2.305850129535e+01 2.995146533993e+01 1 1 1 0.0 0.0 0.0
Se 5.423282159435e+00 1.940728459570e+01 2.995146533993e+01 1 1 1 0.0 0.0 0.0
Se 7.549102394278e+00 1.575606789605e+01 2.995146533993e+01 1 1 1 0.0 0.0 0.0
Se 9.674922629122e+00 1.210485119640e+01 2.995146533993e+01 1 1 1 0.0 0.0 0.0
Se 1.162284995777e+01 2.305850129535e+01 2.995146533993e+01 1 1 1 0.0 0.0 0.0
Se 1.260588142845e+00 1.940728459570e+01 2.995146533993e+01 1 1 1 0.0 0.0 0.0
Se 3.386408377688e+00 1.575606789605e+01 2.995146533993e+01 1 1 1 0.0 0.0 0.0
Se 5.512228612532e+00 1.210485119640e+01 2.995146533993e+01 1 1 1 0.0 0.0 0.0
Se 7.638048847375e+00 8.453634496747e+00 2.995146533993e+01 1 1 1 0.0 0.0 0.0
Se 9.763869082218e+00 4.802417797096e+00 2.995146533993e+01 1 1 1 0.0 0.0 0.0
Se 1.171179641087e+01 1.575606789605e+01 2.995146533993e+01 1 1 1 0.0 0.0 0.0
Se 1.349534595942e+00 1.210485119640e+01 2.995146533993e+01 1 1 1 0.0 0.0 0.0
Se 3.475354830785e+00 8.453634496747e+00 2.995146533993e+01 1 1 1 0.0 0.0 0.0
Se 5.601175065629e+00 4.802417797096e+00 2.995146533993e+01 1 1 1 0.0 0.0 0.0
Se 7.726995300472e+00 1.151201097446e+00 2.995146533993e+01 1 1 1 0.0 0.0 0.0
Se 1.180074286396e+01 8.453634496747e+00 2.995146533993e+01 1 1 1 0.0 0.0 0.0
Se 1.438481049039e+00 4.802417797096e+00 2.995146533993e+01 1 1 1 0.0 0.0 0.0
Se 3.564301283882e+00 1.151201097446e+00 2.995146533993e+01 1 1 1 0.0 0.0 0.0
Se 9.052297457444e+00 6.322188499150e+01 2.995146533993e+01 1 1 1 0.0 0.0 0.0
Se 1.188968931706e+01 1.151201097446e+00 2.995146533993e+01 1 1 1 0.0 0.0 0.0
Se 4.889603440854e+00 6.322188499150e+01 2.995146533993e+01 1 1 1 0.0 0.0 0.0
Se 1.321499147403e+01 6.322188499150e+01 2.995146533993e+01 1 1 1 0.0 0.0 0.0
Se 1.119654566720e+01 5.715307580109e+01 2.633360299309e+01 1 1 1 0.0 0.0 0.0
Se 7.033851650611e+00 5.715307580109e+01 2.633360299309e+01 1 1 1 0.0 0.0 0.0
Se 9.159671885454e+00 5.350185910144e+01 2.633360299309e+01 1 1 1 0.0 0.0 0.0
Se 1.128549212030e+01 4.985064240179e+01 2.633360299309e+01 1 1 1 0.0 0.0 0.0
Se 1.535923968379e+01 5.715307580109e+01 2.633360299309e+01 1 1 1 0.0 0.0 0.0
Se 4.996977868864e+00 5.350185910144e+01 2.633360299309e+01 1 1 1 0.0 0.0 0.0
Se 7.122798103708e+00 4.985064240179e+01 2.633360299309e+01 1 1 1 0.0 0.0 0.0
Se 9.248618338551e+00 4.619942570214e+01 2.633360299309e+01 1 1 1 0.0 0.0 0.0
Se 1.137443857339e+01 4.254820900248e+01 2.633360299309e+01 1 1 1 0.0 0.0 0.0
Se 1.332236590204e+01 5.350185910144e+01 2.633360299309e+01 1 1 1 0.0 0.0 0.0
Se 2.960104087118e+00 4.985064240179e+01 2.633360299309e+01 1 1 1 0.0 0.0 0.0
Se 5.085924321961e+00 4.619942570214e+01 2.633360299309e+01 1 1 1 0.0 0.0 0.0
Se 7.211744556804e+00 4.254820900248e+01 2.633360299309e+01 1 1 1 0.0 0.0 0.0
Se 9.337564791648e+00 3.889699230283e+01 2.633360299309e+01 1 1 1 0.0 0.0 0.0
Se 1.146338502649e+01 3.524577560318e+01 2.633360299309e+01 1 1 1 0.0 0.0 0.0
Se 1.341131235514e+01 4.619942570214e+01 2.633360299309e+01 1 1 1 0.0 0.0 0.0
Se 3.049050540215e+00 4.254820900248e+01 2.633360299309e+01 1 1 1 0.0 0.0 0.0
Se 5.174870775058e+00 3.889699230283e+01 2.633360299309e+01 1 1 1 0.0 0.0 0.0
Se 7.300691009901e+00 3.524577560318e+01 2.633360299309e+01 1 1 1 0.0 0.0 0.0
Se 9.426511244745e+00 3.159455890353e+01 2.633360299309e+01 1 1 1 0.0 0.0 0.0
Se 1.350025880824e+01 3.889699230283e+01 2.633360299309e+01 1 1 1 0.0 0.0 0.0
Se 3.137996993312e+00 3.524577560318e+01 2.633360299309e+01 1 1 1 0.0 0.0 0.0
Se 5.263817228155e+00 3.159455890353e+01 2.633360299309e+01 1 1 1 0.0 0.0 0.0
Se 7.389637462998e+00 2.794334220388e+01 2.633360299309e+01 1 1 1 0.0 0.0 0.0
Se 9.515457697841e+00 2.429212550423e+01 2.633360299309e+01 1 1 1 0.0 0.0 0.0
Se 1.358920526133e+01 3.159455890353e+01 2.633360299309e+01 1 1 1 0.0 0.0 0.0
Se 3.226943446408e+00 2.794334220388e+01 2.633360299309e+01 1 1 1 0.0 0.0 0.0
Se 5.352763681252e+00 2.429212550423e+01 2.633360299309e+01 1 1 1 0.0 0.0 0.0
Se 7.478583916095e+00 2.064090880458e+01 2.633360299309e+01 1 1 1 0.0 0.0 0.0
Se 9.604404150938e+00 1.698969210493e+01 2.633360299309e+01 1 1 1 0.0 0.0 0.0
Se 1.155233147959e+01 2.794334220388e+01 2.633360299309e+01 1 1 1 0.0 0.0 0.0
Se 1.367815171443e+01 2.429212550423e+01 2.633360299309e+01 1 1 1 0.0 0.0 0.0
Se 3.315889899505e+00 2.064090880458e+01 2.633360299309e+01 1 1 1 0.0 0.0 0.0
Se 5.441710134349e+00 1.698969210493e+01 2.633360299309e+01 1 1 1 0.0 0.0 0.0
Se 7.567530369192e+00 1.333847540528e+01 2.633360299309e+01 1 1 1 0.0 0.0 0.0
Se 9.693350604035e+00 9.687258705631e+00 2.633360299309e+01 1 1 1 0.0 0.0 0.0
Se 1.164127793268e+01 2.064090880458e+01 2.633360299309e+01 1 1 1 0.0 0.0 0.0
Se 1.279016117759e+00 1.698969210493e+01 2.633360299309e+01 1 1 1 0.0 0.0 0.0
Se 3.404836352602e+00 1.333847540528e+01 2.633360299309e+01 1 1 1 0.0 0.0 0.0
Se 5.530656587445e+00 9.687258705631e+00 2.633360299309e+01 1 1 1 0.0 0.0 0.0
Se 7.656476822289e+00 6.036042005980e+00 2.633360299309e+01 1 1 1 0.0 0.0 0.0
Se 9.782297057132e+00 2.384825306330e+00 2.633360299309e+01 1 1 1 0.0 0.0 0.0
Se 1.173022438578e+01 1.333847540528e+01 2.633360299309e+01 1 1 1 0.0 0.0 0.0
Se 1.367962570856e+00 9.687258705631e+00 2.633360299309e+01 1 1 1 0.0 0.0 0.0
Se 3.493782805699e+00 6.036042005980e+00 2.633360299309e+01 1 1 1 0.0 0.0 0.0
Se 5.619603040542e+00 2.384825306330e+00 2.633360299309e+01 1 1 1 0.0 0.0 0.0
Se 1.110759921410e+01 6.445550920039e+01 2.633360299309e+01 1 1 1 0.0 0.0 0.0
Se 1.181917083888e+01 6.036042005980e+00 2.633360299309e+01 1 1 1 0.0 0.0 0.0
Se 1.456909023952e+00 2.384825306330e+00 2.633360299309e+01 1 1 1 0.0 0.0 0.0
Se 6.944905197514e+00 6.445550920039e+01 2.633360299309e+01 1 1 1 0.0 0.0 0.0
Se 9.070725432357e+00 6.080429250074e+01 2.633360299309e+01 1 1 1 0.0 0.0 0.0
Se 1.527029323069e+01 6.445550920039e+01 2.633360299309e+01 1 1 1 0.0 0.0 0.0
Se 4.908031415767e+00 6.080429250074e+01 2.633360299309e+01 1 1 1 0.0 0.0 0.0
Se 1.323341944895e+01 6.080429250074e+01 2.633360299309e+01 1 1 1 0.0 0.0 0.0
Se 1.324920625176e+01 5.837146944353e+01 2.271046802998e+01 1 1 1 0.0 0.0 0.0
Se 9.086512235174e+00 5.837146944353e+01 2.271046802998e+01 1 1 1 0.0 0.0 0.0
Se 1.121233247002e+01 5.472025274388e+01 2.271046802998e+01 1 1 1 0.0 0.0 0.0
Se 1.333815270486e+01 5.106903604423e+01 2.271046802998e+01 1 1 1 0.0 0.0 0.0
Se 4.923818218585e+00 5.837146944353e+01 2.271046802998e+01 1 1 1 0.0 0.0 0.0
Se 7.049638453428e+00 5.472025274388e+01 2.271046802998e+01 1 1 1 0.0 0.0 0.0
Se 9.175458688271e+00 5.106903604423e+01 2.271046802998e+01 1 1 1 0.0 0.0 0.0
Se 1.130127892311e+01 4.741781934458e+01 2.271046802998e+01 1 1 1 0.0 0.0 0.0
Se 1.342709915796e+01 4.376660264493e+01 2.271046802998e+01 1 1 1 0.0 0.0 0.0
Se 2.886944436838e+00 5.472025274388e+01 2.271046802998e+01 1 1 1 0.0 0.0 0.0
Se 5.012764671682e+00 5.106903604423e+01 2.271046802998e+01 1 1 1 0.0 0.0 0.0
Se 7.138584906525e+00 4.741781934458e+01 2.271046802998e+01 1 1 1 0.0 0.0 0.0
Se 9.264405141368e+00 4.376660264493e+01 2.271046802998e+01 1 1 1 0.0 0.0 0.0
Se 1.139022537621e+01 4.011538594528e+01 2.271046802998e+01 1 1 1 0.0 0.0 0.0
Se 1.351604561105e+01 3.646416924563e+01 2.271046802998e+01 1 1 1 0.0 0.0 0.0
Se 2.975890889935e+00 4.741781934458e+01 2.271046802998e+01 1 1 1 0.0 0.0 0.0
Se 5.101711124778e+00 4.376660264493e+01 2.271046802998e+01 1 1 1 0.0 0.0 0.0
Se 7.227531359622e+00 4.011538594528e+01 2.271046802998e+01 1 1 1 0.0 0.0 0.0
Se 9.353351594465e+00 3.646416924563e+01 2.271046802998e+01 1 1 1 0.0 0.0 0.0
Se 1.147917182931e+01 3.281295254598e+01 2.271046802998e+01 1 1 1 0.0 0.0 0.0
Se 3.064837343032e+00 4.011538594528e+01 2.271046802998e+01 1 1 1 0.0 0.0 0.0
Se 5.190657577875e+00 3.646416924563e+01 2.271046802998e+01 1 1 1 0.0 0.0 0.0
Se 7.316477812719e+00 3.281295254598e+01 2.271046802998e+01 1 1 1 0.0 0.0 0.0
Se 9.442298047562e+00 2.916173584633e+01 2.271046802998e+01 1 1 1 0.0 0.0 0.0
Se 1.156811828241e+01 2.551051914667e+01 2.271046802998e+01 1 1 1 0.0 0.0 0.0
Se 3.153783796129e+00 3.281295254598e+01 2.271046802998e+01 1 1 1 0.0 0.0 0.0
Se 5.279604030972e+00 2.916173584633e+01 2.271046802998e+01 1 1 1 0.0 0.0 0.0
Se 7.405424265815e+00 2.551051914667e+01 2.271046802998e+01 1 1 1 0.0 0.0 0.0
Se 9.531244500659e+00 2.185930244702e+01 2.271046802998e+01 1 1 1 0.0 0.0 0.0
Se 1.165706473550e+01 1.820808574737e+01 2.271046802998e+01 1 1 1 0.0 0.0 0.0
Se 1.360499206415e+01 2.916173584633e+01 2.271046802998e+01 1 1 1 0.0 0.0 0.0
Se 3.242730249226e+00 2.551051914667e+01 2.271046802998e+01 1 1 1 0.0 0.0 0.0
Se 5.368550484069e+00 2.185930244702e+01 2.271046802998e+01 1 1 1 0.0 0.0 0.0
Se 7.494370718912e+00 1.820808574737e+01 2.271046802998e+01 1 1 1 0.0 0.0 0.0
Se 9.620190953756e+00 1.455686904772e+01 2.271046802998e+01 1 1 1 0.0 0.0 0.0
Se 1.174601118860e+01 1.090565234807e+01 2.271046802998e+01 1 1 1 0.0 0.0 0.0
Se 1.205856467479e+00 2.185930244702e+01 2.271046802998e+01 1 1 1 0.0 0.0 0.0
Se 3.331676702322e+00 1.820808574737e+01 2.271046802998e+01 1 1 1 0.0 0.0 0.0
Se 5.457496937166e+00 1.455686904772e+01 2.271046802998e+01 1 1 1 0.0 0.0 0.0
Se 7.583317172009e+00 1.090565234807e+01 2.271046802998e+01 1 1 1 0.0 0.0 0.0
Se 9.709137406852e+00 7.254435648422e+00 2.271046802998e+01 1 1 1 0.0 0.0 0.0
Se 1.183495764170e+01 3.603218948772e+00 2.271046802998e+01 1 1 1 0.0 0.0 0.0
Se 1.294802920576e+00 1.455686904772e+01 2.271046802998e+01 1 1 1 0.0 0.0 0.0
Se 3.420623155419e+00 1.090565234807e+01 2.271046802998e+01 1 1 1 0.0 0.0 0.0
Se 5.546443390263e+00 7.254435648422e+00 2.271046802998e+01 1 1 1 0.0 0.0 0.0
Se 7.672263625106e+00 3.603218948772e+00 2.271046802998e+01 1 1 1 0.0 0.0 0.0
Se 1.316025979867e+01 6.567390284283e+01 2.271046802998e+01 1 1 1 0.0 0.0 0.0
Se 1.383749373673e+00 7.254435648422e+00 2.271046802998e+01 1 1 1 0.0 0.0 0.0
Se 3.509569608516e+00 3.603218948772e+00 2.271046802998e+01 1 1 1 0.0 0.0 0.0
Se 8.997565782078e+00 6.567390284283e+01 2.271046802998e+01 1 1 1 0.0 0.0 0.0
Se 1.112338601692e+01 6.202268614318e+01 2.271046802998e+01 1 1 1 0.0 0.0 0.0
Se 4.834871765488e+00 6.567390284283e+01 2.271046802998e+01 1 1 1 0.0 0.0 0.0
Se 6.960692000331e+00 6.202268614318e+01 2.271046802998e+01 1 1 1 0.0 0.0 0.0
Se 1.528608003351e+01 6.202268614318e+01 2.271046802998e+01 1 1 1 0.0 0.0 0.0
"