calculation_mode = "Relax Structure"
cell_relax = "False"
charge_density_mixing = "0.15"
charge_mixing_type = "Broyden"
description = "Example parameters for high-throughput bulk relaxation of a vdW material"
dipole_moment = "True"
dos_broading = "0.05"
dos_method = "Gaussian"
energy_convergence_criterion = "1e-08"
energy_output_units = "Hartrees"
kohn_sham_mucycles = "3"
kohn_sham_solver = "davidson"
kpoint_distribution = "1"
kpoint_mesh = "1 1 1"
localize_projectors = "False"
max_md_steps = "100"
max_scf_steps = "200"
non_local_block_size = "4000"
potential_acceleration_constant_step = "1.5"
processor_grid = "5 5 16"
rms_convergence_criterion = "1e-08"
scalapack_block_factor = "64"
start_mode = "LCAO Start"
state_block_size = "64"
stress = "True"
subdiag_driver = "scalapack"
test_energy_tolerance = "1e-05"
use_async_allreduce = "False"
vdw_corr = "DFT-D3"
vdwdf_kernel_filepath = "/lustre/orion/world-shared/cph162/rjmorelock/rmgdft/XC/vdW_kernel_table"
wavefunction_grid = "156 156 426"
write_data_period = "50"

atomic_coordinate_type = "Absolute"
crds_units = "Angstrom"
lattice_units = "Angstrom"

lattice_vector = "
1.832749387347e+01 0.000000000000e+00 1.100000000000e-15
9.163746936357e+00 1.587207528307e+01 1.100000000000e-15
0.000000000000e+00 0.000000000000e+00 4.998930533072e+01
"
atoms = "
Nb 7.133784508489e-01 9.676429147405e-04 1.777440864225e+01 1 1 1 0.0 0.0 0.0
Nb 3.201403388921e+00 2.250393296770e+00 1.785453413038e+01 1 1 1 0.0 0.0 0.0
Nb 6.486062599588e+00 1.113083480368e+00 1.779574414362e+01 1 1 1 0.0 0.0 0.0
Nb 9.852713822766e+00 1.320829681515e-02 1.791943542622e+01 1 1 1 0.0 0.0 0.0
Nb 5.985937552150e+00 4.591510650683e+00 1.786621847928e+01 1 1 1 0.0 0.0 0.0
Nb 9.277597052970e+00 3.568092648079e+00 1.777270359137e+01 1 1 1 0.0 0.0 0.0
Nb 1.241641644047e+01 2.451806040916e+00 1.776665504890e+01 1 1 1 0.0 0.0 0.0
Nb 1.570154254316e+01 1.229149186079e+00 1.790098479236e+01 1 1 1 0.0 0.0 0.0
Nb 5.314880491336e+00 8.003670708043e+00 1.785870027651e+01 1 1 1 0.0 0.0 0.0
Nb 8.551686666229e+00 6.816896143712e+00 1.780660789337e+01 1 1 1 0.0 0.0 0.0
Nb 1.185942300440e+01 5.816195829129e+00 1.778536955748e+01 1 1 1 0.0 0.0 0.0
Nb 1.497827664600e+01 4.645429604294e+00 1.778127877608e+01 1 1 1 0.0 0.0 0.0
Nb 1.833046955111e+01 3.364451405370e+00 1.792425660328e+01 1 1 1 0.0 0.0 0.0
Nb 7.852014816902e+00 1.030490539624e+01 1.781522531543e+01 1 1 1 0.0 0.0 0.0
Nb 1.130512750433e+01 9.113452694353e+00 1.784403613176e+01 1 1 1 0.0 0.0 0.0
Nb 1.452230669478e+01 7.972316577456e+00 1.776224600994e+01 1 1 1 0.0 0.0 0.0
Nb 1.774112444880e+01 6.923990948573e+00 1.778777274025e+01 1 1 1 0.0 0.0 0.0
Nb 2.093037391691e+01 5.732021737177e+00 1.791843748438e+01 1 1 1 0.0 0.0 0.0
Nb 1.051841048183e+01 1.260729398967e+01 1.780463931157e+01 1 1 1 0.0 0.0 0.0
Nb 1.385023786034e+01 1.142040802965e+01 1.778220976409e+01 1 1 1 0.0 0.0 0.0
Nb 1.702928369978e+01 1.032960610161e+01 1.780568537061e+01 1 1 1 0.0 0.0 0.0
Nb 2.029335242535e+01 9.188448673665e+00 1.792655043049e+01 1 1 1 0.0 0.0 0.0
Nb 1.311753983762e+01 1.493925248357e+01 1.784198589582e+01 1 1 1 0.0 0.0 0.0
Nb 1.635944927537e+01 1.367021402635e+01 1.784528008786e+01 1 1 1 0.0 0.0 0.0
Nb 1.955141491864e+01 1.260157189568e+01 1.778769864952e+01 1 1 1 0.0 0.0 0.0
Nb 2.296871544442e+01 1.127507681014e+01 1.791050832189e+01 1 1 1 0.0 0.0 0.0
Nb 2.235355696336e+01 1.481745937959e+01 1.782331980982e+01 1 1 1 0.0 0.0 0.0
Nb 2.565290816921e+01 1.373097071614e+01 1.777389578908e+01 1 1 1 0.0 0.0 0.0
Nb 6.167898109271e-01 1.826772007745e-01 1.170527985728e+01 1 1 1 0.0 0.0 0.0
Nb 3.242408311476e+00 2.282422683249e+00 1.164557794417e+01 1 1 1 0.0 0.0 0.0
Nb 6.705661067193e+00 1.241378294223e+00 1.174085918158e+01 1 1 1 0.0 0.0 0.0
Nb 9.877433212249e+00 1.806774981623e-01 1.161959153379e+01 1 1 1 0.0 0.0 0.0
Nb 5.978422725424e+00 4.644497631391e+00 1.168886078551e+01 1 1 1 0.0 0.0 0.0
Nb 9.246488829474e+00 3.482131690966e+00 1.167386253881e+01 1 1 1 0.0 0.0 0.0
Nb 1.239776377582e+01 2.237234261791e+00 1.172313476212e+01 1 1 1 0.0 0.0 0.0
Nb 1.567281026131e+01 1.185896505590e+00 1.167875401154e+01 1 1 1 0.0 0.0 0.0
Nb 5.288236227318e+00 8.079922587532e+00 1.167604558166e+01 1 1 1 0.0 0.0 0.0
Nb 8.454570028111e+00 6.812811635696e+00 1.166773599385e+01 1 1 1 0.0 0.0 0.0
Nb 1.182749465722e+01 5.707161482740e+00 1.170762978815e+01 1 1 1 0.0 0.0 0.0
Nb 1.507445587876e+01 4.685784964363e+00 1.163106190387e+01 1 1 1 0.0 0.0 0.0
Nb 1.848937699357e+01 3.515695950018e+00 1.164549427026e+01 1 1 1 0.0 0.0 0.0
Nb 7.876496409047e+00 1.027780053112e+01 1.174115004428e+01 1 1 1 0.0 0.0 0.0
Nb 1.117196385935e+01 9.305548303011e+00 1.174152472533e+01 1 1 1 0.0 0.0 0.0
Nb 1.446108341832e+01 7.988265170042e+00 1.172899727786e+01 1 1 1 0.0 0.0 0.0
Nb 1.767758448546e+01 6.950399329226e+00 1.179688869392e+01 1 1 1 0.0 0.0 0.0
Nb 2.104797327729e+01 5.898363637050e+00 1.169887161825e+01 1 1 1 0.0 0.0 0.0
Nb 1.043881538186e+01 1.253993995279e+01 1.171356238461e+01 1 1 1 0.0 0.0 0.0
Nb 1.386808958197e+01 1.150737353091e+01 1.164102940554e+01 1 1 1 0.0 0.0 0.0
Nb 1.707311946605e+01 1.029433020300e+01 1.164866974547e+01 1 1 1 0.0 0.0 0.0
Nb 2.029306883756e+01 9.223448715183e+00 1.168963125149e+01 1 1 1 0.0 0.0 0.0
Nb 1.308532020290e+01 1.488642933470e+01 1.175789625971e+01 1 1 1 0.0 0.0 0.0
Nb 1.642126801432e+01 1.372152935931e+01 1.165466204857e+01 1 1 1 0.0 0.0 0.0
Nb 1.979781753945e+01 1.250472471508e+01 1.171007426189e+01 1 1 1 0.0 0.0 0.0
Nb 2.301051639030e+01 1.148838401037e+01 1.167448069364e+01 1 1 1 0.0 0.0 0.0
Nb 2.226788467478e+01 1.487000243539e+01 1.175091069847e+01 1 1 1 0.0 0.0 0.0
Nb 2.550242934285e+01 1.369914553708e+01 1.175769216047e+01 1 1 1 0.0 0.0 0.0
Bi 1.915749490525e+01 1.143217856498e+01 3.829535655375e+01 1 1 1 0.0 0.0 0.0
Bi 1.953071652445e+01 1.551270846649e+01 3.836276881047e+01 1 1 1 0.0 0.0 0.0
Bi 1.472369890046e+01 5.483629613009e+00 3.828712428584e+01 1 1 1 0.0 0.0 0.0
Bi 1.530054093351e+01 9.828339625472e+00 3.835589488589e+01 1 1 1 0.0 0.0 0.0
Bi 1.563456416341e+01 1.389836735465e+01 3.838800240068e+01 1 1 1 0.0 0.0 0.0
Bi 1.094842772247e+01 3.778565047858e+00 3.838500628616e+01 1 1 1 0.0 0.0 0.0
Bi 1.140126074557e+01 7.997170165662e+00 3.831574686133e+01 1 1 1 0.0 0.0 0.0
Bi 1.186139810890e+01 1.229648893680e+01 3.841585555825e+01 1 1 1 0.0 0.0 0.0
Bi 3.209423179991e+00 3.277702914398e-01 3.839400696567e+01 1 1 1 0.0 0.0 0.0
Bi 7.052391584603e+00 2.120314927728e+00 3.836789599402e+01 1 1 1 0.0 0.0 0.0
Bi 7.328522484718e+00 6.333644123367e+00 3.837994376430e+01 1 1 1 0.0 0.0 0.0
Bi 7.925864154149e+00 1.044484041825e+01 3.827856753443e+01 1 1 1 0.0 0.0 0.0
Bi 2.681471248086e+01 1.470352685854e+01 3.837537719540e+01 1 1 1 0.0 0.0 0.0
Bi 3.673546915003e+00 4.622431909950e+00 3.828899652595e+01 1 1 1 0.0 0.0 0.0
Bi 2.254808219280e+01 8.920332433918e+00 3.828212480576e+01 1 1 1 0.0 0.0 0.0
Bi 2.295034091446e+01 1.289831884306e+01 3.832750847928e+01 1 1 1 0.0 0.0 0.0
Bi 1.815261526382e+01 3.087827292538e+00 3.833896586124e+01 1 1 1 0.0 0.0 0.0
Bi 1.860598655519e+01 7.230465959466e+00 3.832871991757e+01 1 1 1 0.0 0.0 0.0
Bi 1.429681307339e+01 1.420970017610e+00 3.833858147354e+01 1 1 1 0.0 0.0 0.0
Bi 2.155146574713e+01 1.109832655162e+01 3.442174169582e+01 1 1 1 0.0 0.0 0.0
Bi 2.188800835175e+01 1.524880105941e+01 3.443610193955e+01 1 1 1 0.0 0.0 0.0
Bi 1.722838779384e+01 5.209127774296e+00 3.434254604915e+01 1 1 1 0.0 0.0 0.0
Bi 1.767794689494e+01 9.416033369663e+00 3.437155514562e+01 1 1 1 0.0 0.0 0.0
Bi 1.809340066666e+01 1.361764523695e+01 3.434810722691e+01 1 1 1 0.0 0.0 0.0
Bi 1.331844806349e+01 3.508690688697e+00 3.432704612938e+01 1 1 1 0.0 0.0 0.0
Bi 1.375285559527e+01 7.762126626032e+00 3.425297674835e+01 1 1 1 0.0 0.0 0.0
Bi 1.432777675763e+01 1.194738611056e+01 3.426341420040e+01 1 1 1 0.0 0.0 0.0
Bi 5.636775036108e+00 1.840997240387e-01 3.427790857473e+01 1 1 1 0.0 0.0 0.0
Bi 9.453379458171e+00 2.017383272884e+00 3.434626235824e+01 1 1 1 0.0 0.0 0.0
Bi 9.876661108670e+00 5.944578621127e+00 3.442775544765e+01 1 1 1 0.0 0.0 0.0
Bi 1.046295811600e+01 1.026904701692e+01 3.439022691877e+01 1 1 1 0.0 0.0 0.0
Bi 1.092582279219e+01 1.447788108827e+01 3.433446666832e+01 1 1 1 0.0 0.0 0.0
Bi 6.089168085468e+00 4.338005225589e+00 3.430932479273e+01 1 1 1 0.0 0.0 0.0
Bi 6.473225277239e+00 8.616715591695e+00 3.439200806623e+01 1 1 1 0.0 0.0 0.0
Bi 2.538521741402e+01 1.272662126044e+01 3.438485297591e+01 1 1 1 0.0 0.0 0.0
Bi 2.197416002910e+00 2.688945855409e+00 3.433540480001e+01 1 1 1 0.0 0.0 0.0
Bi 2.102006823184e+01 6.839931762649e+00 3.426470773421e+01 1 1 1 0.0 0.0 0.0
Bi 1.666378058749e+01 1.132218874431e+00 3.428721439316e+01 1 1 1 0.0 0.0 0.0
Bi 2.158811520563e+01 1.104968716044e+01 2.815984847194e+01 1 1 1 0.0 0.0 0.0
Bi 2.205780431798e+01 1.518684250414e+01 2.833963261463e+01 1 1 1 0.0 0.0 0.0
Bi 1.720922235169e+01 5.284924346450e+00 2.830805373661e+01 1 1 1 0.0 0.0 0.0
Bi 1.766972661771e+01 9.383884625493e+00 2.826770133030e+01 1 1 1 0.0 0.0 0.0
Bi 1.816806973213e+01 1.352798052065e+01 2.836320641808e+01 1 1 1 0.0 0.0 0.0
Bi 1.340831361691e+01 3.488368451953e+00 2.834469998260e+01 1 1 1 0.0 0.0 0.0
Bi 1.375695545458e+01 7.778633805062e+00 2.830969635651e+01 1 1 1 0.0 0.0 0.0
Bi 1.430067927885e+01 1.188749469130e+01 2.824705754364e+01 1 1 1 0.0 0.0 0.0
Bi 5.541181898713e+00 2.359204213614e-01 2.832010002154e+01 1 1 1 0.0 0.0 0.0
Bi 9.479842847546e+00 1.868469741238e+00 2.840070191947e+01 1 1 1 0.0 0.0 0.0
Bi 1.000587599966e+01 5.999330463392e+00 2.822156818266e+01 1 1 1 0.0 0.0 0.0
Bi 1.036326977905e+01 1.015368470744e+01 2.837919120601e+01 1 1 1 0.0 0.0 0.0
Bi 1.103151971348e+01 1.437770226596e+01 2.835236513081e+01 1 1 1 0.0 0.0 0.0
Bi 6.234587553685e+00 4.262500451151e+00 2.824041085992e+01 1 1 1 0.0 0.0 0.0
Bi 6.672537488301e+00 8.489402280821e+00 2.820446349100e+01 1 1 1 0.0 0.0 0.0
Bi 2.549388149321e+01 1.271519722392e+01 2.811170697797e+01 1 1 1 0.0 0.0 0.0
Bi 2.274810806044e+00 2.660317844164e+00 2.833062371121e+01 1 1 1 0.0 0.0 0.0
Bi 2.100068056556e+01 6.788439270160e+00 2.851356257205e+01 1 1 1 0.0 0.0 0.0
Bi 1.678895794207e+01 1.042276314874e+00 2.846556439952e+01 1 1 1 0.0 0.0 0.0
Bi 2.016492616210e+01 9.075273471145e+00 2.431392183137e+01 1 1 1 0.0 0.0 0.0
Bi 2.060079338602e+01 1.330690537708e+01 2.438015744321e+01 1 1 1 0.0 0.0 0.0
Bi 1.576102979782e+01 3.253377979201e+00 2.431448580117e+01 1 1 1 0.0 0.0 0.0
Bi 1.626849333997e+01 7.454747648946e+00 2.432268988590e+01 1 1 1 0.0 0.0 0.0
Bi 1.684486173859e+01 1.159053169121e+01 2.441416769842e+01 1 1 1 0.0 0.0 0.0
Bi 1.192078368103e+01 1.518492347870e+00 2.437860018776e+01 1 1 1 0.0 0.0 0.0
Bi 1.232454436793e+01 5.752274003662e+00 2.431857171694e+01 1 1 1 0.0 0.0 0.0
Bi 1.298235483141e+01 9.930400638523e+00 2.427283774869e+01 1 1 1 0.0 0.0 0.0
Bi 1.338465175235e+01 1.407393783273e+01 2.435487899080e+01 1 1 1 0.0 0.0 0.0
Bi 1.727336537893e+01 1.576924326409e+01 2.434815072964e+01 1 1 1 0.0 0.0 0.0
Bi 8.652834867953e+00 4.007802963111e+00 2.430102657896e+01 1 1 1 0.0 0.0 0.0
Bi 9.184833930223e+00 8.178896765130e+00 2.433107136981e+01 1 1 1 0.0 0.0 0.0
Bi 9.513732900133e+00 1.246316429316e+01 2.432974487564e+01 1 1 1 0.0 0.0 0.0
Bi 4.679664499581e+00 2.364278595331e+00 2.434372323920e+01 1 1 1 0.0 0.0 0.0
Bi 5.251242897411e+00 6.488275229716e+00 2.432058558263e+01 1 1 1 0.0 0.0 0.0
Bi 2.411899268431e+01 1.084701307961e+01 2.430752297403e+01 1 1 1 0.0 0.0 0.0
Bi 9.136292399155e-01 7.268934159113e-01 2.426660683651e+01 1 1 1 0.0 0.0 0.0
Bi 1.962939797422e+01 4.932638154197e+00 2.428069948525e+01 1 1 1 0.0 0.0 0.0
Bi 2.448422874782e+01 1.492942111482e+01 2.434523630518e+01 1 1 1 0.0 0.0 0.0
Se 2.618857680034e+01 1.558343846009e+01 1.004178195920e+01 1 1 1 0.0 0.0 0.0
Se 1.354889027669e+00 2.044349467093e+00 9.909670481391e+00 1 1 1 0.0 0.0 0.0
Se 4.533452577878e+00 8.060259256526e-01 9.948472284727e+00 1 1 1 0.0 0.0 0.0
Se 1.702202736423e+01 1.551247912695e+01 9.983544965721e+00 1 1 1 0.0 0.0 0.0
Se 4.020743812133e+00 4.192469539127e+00 9.931424727022e+00 1 1 1 0.0 0.0 0.0
Se 7.385365959186e+00 3.130002924098e+00 1.007002726181e+01 1 1 1 0.0 0.0 0.0
Se 1.050413647521e+01 2.003882195763e+00 1.012398849206e+01 1 1 1 0.0 0.0 0.0
Se 1.386996631924e+01 8.437726897461e-01 1.003292784523e+01 1 1 1 0.0 0.0 0.0
Se 2.171316062728e+01 7.637517988575e+00 9.963125530637e+00 1 1 1 0.0 0.0 0.0
Se 6.637477056851e+00 6.560916873809e+00 1.005992238385e+01 1 1 1 0.0 0.0 0.0
Se 9.922654669303e+00 5.397979596302e+00 9.980693852401e+00 1 1 1 0.0 0.0 0.0
Se 1.312729941657e+01 4.281643827213e+00 1.005901839916e+01 1 1 1 0.0 0.0 0.0
Se 1.646265020136e+01 3.053879177957e+00 1.010247995630e+01 1 1 1 0.0 0.0 0.0
Se 5.799194352233e+00 1.003164492298e+01 9.963304250804e+00 1 1 1 0.0 0.0 0.0
Se 9.275836535917e+00 8.736384610694e+00 1.003896402800e+01 1 1 1 0.0 0.0 0.0
Se 1.241945811325e+01 7.643687862631e+00 1.010667728887e+01 1 1 1 0.0 0.0 0.0
Se 1.569073465799e+01 6.440430765873e+00 9.969304713472e+00 1 1 1 0.0 0.0 0.0
Se 1.906748152621e+01 5.330662765710e+00 9.958010274461e+00 1 1 1 0.0 0.0 0.0
Se 8.565954763941e+00 1.221912913778e+01 1.006549942891e+01 1 1 1 0.0 0.0 0.0
Se 1.176580465582e+01 1.101394646286e+01 9.970788252959e+00 1 1 1 0.0 0.0 0.0
Se 1.506965795630e+01 9.917691643432e+00 9.956338967350e+00 1 1 1 0.0 0.0 0.0
Se 1.852201982485e+01 8.794958063597e+00 9.958031884264e+00 1 1 1 0.0 0.0 0.0
Se 1.105206113740e+01 1.443321378422e+01 1.009204429668e+01 1 1 1 0.0 0.0 0.0
Se 1.455827000775e+01 1.332260199582e+01 9.951525876097e+00 1 1 1 0.0 0.0 0.0
Se 1.770290187967e+01 1.226914777941e+01 1.007278071565e+01 1 1 1 0.0 0.0 0.0
Se 2.103364117146e+01 1.087151222418e+01 9.978627037031e+00 1 1 1 0.0 0.0 0.0
Se 2.037244405944e+01 1.433596878057e+01 1.001291318254e+01 1 1 1 0.0 0.0 0.0
Se 2.354788658333e+01 1.329672883561e+01 1.000563103425e+01 1 1 1 0.0 0.0 0.0
Se 9.184212102736e+00 1.406994499862e+01 1.614175422824e+01 1 1 1 0.0 0.0 0.0
Se 2.597177763191e+00 4.934147977135e-01 1.617346619304e+01 1 1 1 0.0 0.0 0.0
Se 1.512515113228e+01 1.510963167046e+01 1.622896969050e+01 1 1 1 0.0 0.0 0.0
Se 1.830764519136e+01 1.405542356133e+01 1.615750264169e+01 1 1 1 0.0 0.0 0.0
Se 5.248465313681e+00 2.639879225871e+00 1.625371482839e+01 1 1 1 0.0 0.0 0.0
Se 8.474183478472e+00 1.655740513817e+00 1.618055514752e+01 1 1 1 0.0 0.0 0.0
Se 1.185814224600e+01 4.752743478925e-01 1.621261495062e+01 1 1 1 0.0 0.0 0.0
Se 2.421160784344e+01 1.515521285704e+01 1.597579351609e+01 1 1 1 0.0 0.0 0.0
Se 4.662506928337e+00 6.133431308415e+00 1.613793237682e+01 1 1 1 0.0 0.0 0.0
Se 8.022895973561e+00 5.017122163488e+00 1.611772472492e+01 1 1 1 0.0 0.0 0.0
Se 1.118043489457e+01 3.834396910425e+00 1.599705514804e+01 1 1 1 0.0 0.0 0.0
Se 1.438912196084e+01 2.759343411842e+00 1.615183698115e+01 1 1 1 0.0 0.0 0.0
Se 1.776804978325e+01 1.651495743176e+00 1.620123026749e+01 1 1 1 0.0 0.0 0.0
Se 7.212103198599e+00 8.367882240620e+00 1.618220152511e+01 1 1 1 0.0 0.0 0.0
Se 1.052587386945e+01 7.280119035441e+00 1.618761013785e+01 1 1 1 0.0 0.0 0.0
Se 1.368772957388e+01 6.120774135943e+00 1.615656639668e+01 1 1 1 0.0 0.0 0.0
Se 1.710052538359e+01 5.089996659027e+00 1.624733480228e+01 1 1 1 0.0 0.0 0.0
Se 2.032848008144e+01 3.734465551146e+00 1.608441817653e+01 1 1 1 0.0 0.0 0.0
Se 9.896664562360e+00 1.065172817522e+01 1.609555660654e+01 1 1 1 0.0 0.0 0.0
Se 1.312637621882e+01 9.514229657391e+00 1.608805145561e+01 1 1 1 0.0 0.0 0.0
Se 1.645414898987e+01 8.340674448630e+00 1.613606915754e+01 1 1 1 0.0 0.0 0.0
Se 1.978134874339e+01 7.192725615474e+00 1.610923810362e+01 1 1 1 0.0 0.0 0.0
Se 1.251523668126e+01 1.304778135319e+01 1.617120066940e+01 1 1 1 0.0 0.0 0.0
Se 1.573271118542e+01 1.180050106853e+01 1.612127523533e+01 1 1 1 0.0 0.0 0.0
Se 1.905415523421e+01 1.066317630511e+01 1.609190740820e+01 1 1 1 0.0 0.0 0.0
Se 2.223473416337e+01 9.467927604282e+00 1.612820903285e+01 1 1 1 0.0 0.0 0.0
Se 2.161601159418e+01 1.288745815476e+01 1.616481171413e+01 1 1 1 0.0 0.0 0.0
Se 2.498030778246e+01 1.186110585215e+01 1.601867814051e+01 1 1 1 0.0 0.0 0.0
Se 2.624532404152e+01 1.562612427591e+01 1.319359601533e+01 1 1 1 0.0 0.0 0.0
Se 1.313367877113e+00 2.101061664765e+00 1.340924824207e+01 1 1 1 0.0 0.0 0.0
Se 4.519372491337e+00 7.330939431050e-01 1.353068348185e+01 1 1 1 0.0 0.0 0.0
Se 1.702278799900e+01 1.561438520893e+01 1.338762538043e+01 1 1 1 0.0 0.0 0.0
Se 3.964401318893e+00 4.310040046729e+00 1.348782015587e+01 1 1 1 0.0 0.0 0.0
Se 7.220974755228e+00 3.167517179823e+00 1.337308456388e+01 1 1 1 0.0 0.0 0.0
Se 1.054961325766e+01 1.957907687400e+00 1.341355812813e+01 1 1 1 0.0 0.0 0.0
Se 1.375294588936e+01 8.382217788530e-01 1.326321924930e+01 1 1 1 0.0 0.0 0.0
Se 2.168199212967e+01 7.564650579219e+00 1.326518838118e+01 1 1 1 0.0 0.0 0.0
Se 6.664439832254e+00 6.485668054621e+00 1.335612317339e+01 1 1 1 0.0 0.0 0.0
Se 9.889456808347e+00 5.416448407244e+00 1.340195151689e+01 1 1 1 0.0 0.0 0.0
Se 1.302471014544e+01 4.344132683478e+00 1.349200420602e+01 1 1 1 0.0 0.0 0.0
Se 1.644464658334e+01 3.242534335210e+00 1.341347424916e+01 1 1 1 0.0 0.0 0.0
Se 5.947990970102e+00 9.897005159320e+00 1.328228221908e+01 1 1 1 0.0 0.0 0.0
Se 9.155864338025e+00 8.771625222424e+00 1.339062219155e+01 1 1 1 0.0 0.0 0.0
Se 1.245168564618e+01 7.501716216439e+00 1.331054974821e+01 1 1 1 0.0 0.0 0.0
Se 1.571827553784e+01 6.435489967835e+00 1.338591289669e+01 1 1 1 0.0 0.0 0.0
Se 1.908687197426e+01 5.354564250553e+00 1.347687821813e+01 1 1 1 0.0 0.0 0.0
Se 8.430363651161e+00 1.237964316852e+01 1.331385711323e+01 1 1 1 0.0 0.0 0.0
Se 1.175020508163e+01 1.109233284324e+01 1.340785496901e+01 1 1 1 0.0 0.0 0.0
Se 1.517552936575e+01 9.970466962652e+00 1.337195712356e+01 1 1 1 0.0 0.0 0.0
Se 1.838689411279e+01 8.761077624542e+00 1.342222849560e+01 1 1 1 0.0 0.0 0.0
Se 1.123065219947e+01 1.434948716414e+01 1.335750162429e+01 1 1 1 0.0 0.0 0.0
Se 1.451938864637e+01 1.339452696702e+01 1.338517325045e+01 1 1 1 0.0 0.0 0.0
Se 1.767273302847e+01 1.208553962279e+01 1.334816833388e+01 1 1 1 0.0 0.0 0.0
Se 2.098051936767e+01 1.106355217215e+01 1.330819822042e+01 1 1 1 0.0 0.0 0.0
Se 2.035823789666e+01 1.441105561248e+01 1.327680000460e+01 1 1 1 0.0 0.0 0.0
Se 2.365437356032e+01 1.326298552521e+01 1.344475281943e+01 1 1 1 0.0 0.0 0.0
Se 9.225052376239e+00 1.411777579989e+01 1.947363448027e+01 1 1 1 0.0 0.0 0.0
Se 2.726394045722e+00 3.319062408818e-01 1.950062343743e+01 1 1 1 0.0 0.0 0.0
Se 1.513302722832e+01 1.526666691220e+01 1.956908368711e+01 1 1 1 0.0 0.0 0.0
Se 1.843754986307e+01 1.400540826776e+01 1.957292550738e+01 1 1 1 0.0 0.0 0.0
Se 5.257378867691e+00 2.810113030119e+00 1.950715230735e+01 1 1 1 0.0 0.0 0.0
Se 8.442275955331e+00 1.555753934013e+00 1.942960684134e+01 1 1 1 0.0 0.0 0.0
Se 1.175593792363e+01 6.353630974840e-01 1.958243535868e+01 1 1 1 0.0 0.0 0.0
Se 2.439279576222e+01 1.514259416183e+01 1.963377411999e+01 1 1 1 0.0 0.0 0.0
Se 4.573599980867e+00 6.175610783846e+00 1.956326191346e+01 1 1 1 0.0 0.0 0.0
Se 7.936454095371e+00 4.985334400635e+00 1.949970717046e+01 1 1 1 0.0 0.0 0.0
Se 1.120721147355e+01 3.852787722847e+00 1.945807866533e+01 1 1 1 0.0 0.0 0.0
Se 1.451018932220e+01 2.771107335399e+00 1.949484587184e+01 1 1 1 0.0 0.0 0.0
Se 1.769234167770e+01 1.514204595818e+00 1.966179086285e+01 1 1 1 0.0 0.0 0.0
Se 7.276394783823e+00 8.410905819440e+00 1.948285350843e+01 1 1 1 0.0 0.0 0.0
Se 1.052602169224e+01 7.245790571764e+00 1.947996178276e+01 1 1 1 0.0 0.0 0.0
Se 1.375118746873e+01 6.063903823185e+00 1.956596064832e+01 1 1 1 0.0 0.0 0.0
Se 1.707611944141e+01 5.079339873105e+00 1.958106829881e+01 1 1 1 0.0 0.0 0.0
Se 2.040411451187e+01 3.696177787411e+00 1.940391926953e+01 1 1 1 0.0 0.0 0.0
Se 9.846727156560e+00 1.056347904509e+01 1.965251234993e+01 1 1 1 0.0 0.0 0.0
Se 1.311322095666e+01 9.580147673470e+00 1.957194893403e+01 1 1 1 0.0 0.0 0.0
Se 1.635980999533e+01 8.261991605988e+00 1.945683989666e+01 1 1 1 0.0 0.0 0.0
Se 1.972404623727e+01 7.307040552605e+00 1.961527722864e+01 1 1 1 0.0 0.0 0.0
Se 1.259049630473e+01 1.282339122895e+01 1.953828262962e+01 1 1 1 0.0 0.0 0.0
Se 1.571386135825e+01 1.180927841052e+01 1.957122024141e+01 1 1 1 0.0 0.0 0.0
Se 1.895403606359e+01 1.075727234781e+01 1.956584745853e+01 1 1 1 0.0 0.0 0.0
Se 2.238186500347e+01 9.520270189052e+00 1.944391168599e+01 1 1 1 0.0 0.0 0.0
Se 2.152805757884e+01 1.282154702216e+01 1.950988151685e+01 1 1 1 0.0 0.0 0.0
Se 2.487856594520e+01 1.185935518243e+01 1.950911125963e+01 1 1 1 0.0 0.0 0.0
Se 2.148482364451e+01 1.108416219291e+01 3.997348670365e+01 1 1 1 0.0 0.0 0.0
Se 2.192890739053e+01 1.538555928315e+01 4.004696861082e+01 1 1 1 0.0 0.0 0.0
Se 1.706718052151e+01 5.278628181513e+00 4.000844316169e+01 1 1 1 0.0 0.0 0.0
Se 1.770405370181e+01 9.469399351938e+00 4.001377924085e+01 1 1 1 0.0 0.0 0.0
Se 1.804391962549e+01 1.369294271872e+01 4.013764164569e+01 1 1 1 0.0 0.0 0.0
Se 1.326032123168e+01 3.539963604907e+00 3.997777281567e+01 1 1 1 0.0 0.0 0.0
Se 1.370577980110e+01 7.795397051568e+00 4.004452903758e+01 1 1 1 0.0 0.0 0.0
Se 1.425265737727e+01 1.182780350396e+01 3.996315696300e+01 1 1 1 0.0 0.0 0.0
Se 5.512076471024e+00 1.880991018544e-01 3.994255944582e+01 1 1 1 0.0 0.0 0.0
Se 9.419054617604e+00 1.886475281783e+00 3.995886440395e+01 1 1 1 0.0 0.0 0.0
Se 9.880647359093e+00 6.087633047687e+00 3.995961242535e+01 1 1 1 0.0 0.0 0.0
Se 1.030644814826e+01 1.016571873322e+01 3.995894818411e+01 1 1 1 0.0 0.0 0.0
Se 1.096873661276e+01 1.449250620487e+01 4.001454660917e+01 1 1 1 0.0 0.0 0.0
Se 6.042637173111e+00 4.402248470578e+00 3.995050707594e+01 1 1 1 0.0 0.0 0.0
Se 6.570627911875e+00 8.568655522770e+00 3.995834047601e+01 1 1 1 0.0 0.0 0.0
Se 2.544144353847e+01 1.274855608337e+01 3.994543906217e+01 1 1 1 0.0 0.0 0.0
Se 2.125971588800e+00 2.734395542698e+00 3.998998060644e+01 1 1 1 0.0 0.0 0.0
Se 2.103930486556e+01 6.882541686924e+00 4.010817725413e+01 1 1 1 0.0 0.0 0.0
Se 1.672304264141e+01 9.948402370354e-01 4.002302500135e+01 1 1 1 0.0 0.0 0.0
Se 1.996706293117e+01 9.223857765123e+00 3.631841395594e+01 1 1 1 0.0 0.0 0.0
Se 2.057858137135e+01 1.332952487572e+01 3.636121541041e+01 1 1 1 0.0 0.0 0.0
Se 1.574058060128e+01 3.338074638309e+00 3.626159600152e+01 1 1 1 0.0 0.0 0.0
Se 1.615447481515e+01 7.525969222713e+00 3.641301594489e+01 1 1 1 0.0 0.0 0.0
Se 1.657816808625e+01 1.158143690624e+01 3.629300108832e+01 1 1 1 0.0 0.0 0.0
Se 1.190996573741e+01 1.630147094916e+00 3.632925666495e+01 1 1 1 0.0 0.0 0.0
Se 1.234147620195e+01 5.859391694659e+00 3.629661529779e+01 1 1 1 0.0 0.0 0.0
Se 1.284693700882e+01 9.971146787291e+00 3.639283206926e+01 1 1 1 0.0 0.0 0.0
Se 1.342511910012e+01 1.415251897685e+01 3.630603188953e+01 1 1 1 0.0 0.0 0.0
Se 1.720533130399e+01 1.575812670793e+01 3.636461480891e+01 1 1 1 0.0 0.0 0.0
Se 8.440365468523e+00 4.191722645912e+00 3.641010015333e+01 1 1 1 0.0 0.0 0.0
Se 8.928737333618e+00 8.375744372975e+00 3.631024949076e+01 1 1 1 0.0 0.0 0.0
Se 9.333359300059e+00 1.252892598408e+01 3.629307896536e+01 1 1 1 0.0 0.0 0.0
Se 4.654697429946e+00 2.578893317571e+00 3.635037366755e+01 1 1 1 0.0 0.0 0.0
Se 5.002213580961e+00 6.717140682546e+00 3.637519247744e+01 1 1 1 0.0 0.0 0.0
Se 2.378446469674e+01 1.081229609244e+01 3.638847944919e+01 1 1 1 0.0 0.0 0.0
Se 7.553386414060e-01 7.781584963627e-01 3.633532194810e+01 1 1 1 0.0 0.0 0.0
Se 1.957621991987e+01 4.856299384853e+00 3.633876548444e+01 1 1 1 0.0 0.0 0.0
Se 2.438165161535e+01 1.494404476238e+01 3.637008781950e+01 1 1 1 0.0 0.0 0.0
Se 1.902734183149e+01 1.147327608877e+01 3.268547853554e+01 1 1 1 0.0 0.0 0.0
Se 1.959951205136e+01 1.544574191829e+01 3.274839000198e+01 1 1 1 0.0 0.0 0.0
Se 1.475058548772e+01 5.576247925446e+00 3.260086431436e+01 1 1 1 0.0 0.0 0.0
Se 1.512404686580e+01 9.742145827293e+00 3.272528536057e+01 1 1 1 0.0 0.0 0.0
Se 1.564509032309e+01 1.385729564807e+01 3.283257430389e+01 1 1 1 0.0 0.0 0.0
Se 1.091911086816e+01 3.842870009904e+00 3.270106179138e+01 1 1 1 0.0 0.0 0.0
Se 1.134234597858e+01 7.980395937740e+00 3.282388629387e+01 1 1 1 0.0 0.0 0.0
Se 1.196188277827e+01 1.226360117445e+01 3.270995020528e+01 1 1 1 0.0 0.0 0.0
Se 3.230098684072e+00 3.371286404322e-01 3.275329829221e+01 1 1 1 0.0 0.0 0.0
Se 7.041178277169e+00 2.138014219883e+00 3.271758633919e+01 1 1 1 0.0 0.0 0.0
Se 7.484101621448e+00 6.325998711893e+00 3.271798504629e+01 1 1 1 0.0 0.0 0.0
Se 7.887225074672e+00 1.039172832528e+01 3.268019107848e+01 1 1 1 0.0 0.0 0.0
Se 8.537081738261e+00 1.464839020698e+01 3.273634399722e+01 1 1 1 0.0 0.0 0.0
Se 3.633842662515e+00 4.539748234116e+00 3.259125158458e+01 1 1 1 0.0 0.0 0.0
Se 2.250878661641e+01 8.856844408069e+00 3.267587117588e+01 1 1 1 0.0 0.0 0.0
Se 2.300073326669e+01 1.310426139221e+01 3.267085928056e+01 1 1 1 0.0 0.0 0.0
Se 1.810229176615e+01 2.916416362120e+00 3.275588850488e+01 1 1 1 0.0 0.0 0.0
Se 1.862218347104e+01 7.202320542364e+00 3.265344082141e+01 1 1 1 0.0 0.0 0.0
Se 1.429550600186e+01 1.384239912711e+00 3.274502955694e+01 1 1 1 0.0 0.0 0.0
Se 2.023157026963e+01 9.104722060416e+00 2.996860723666e+01 1 1 1 0.0 0.0 0.0
Se 2.063357621008e+01 1.329555171552e+01 2.989621945101e+01 1 1 1 0.0 0.0 0.0
Se 1.579283093173e+01 3.243266594966e+00 3.000060140780e+01 1 1 1 0.0 0.0 0.0
Se 1.623421037376e+01 7.341446690591e+00 2.996248278991e+01 1 1 1 0.0 0.0 0.0
Se 1.683360770490e+01 1.160205323167e+01 2.996770941085e+01 1 1 1 0.0 0.0 0.0
Se 1.192025659429e+01 1.567122372857e+00 2.997505872722e+01 1 1 1 0.0 0.0 0.0
Se 1.251693267301e+01 5.725818320838e+00 2.991908565606e+01 1 1 1 0.0 0.0 0.0
Se 1.274227935271e+01 1.000147669996e+01 2.994728194359e+01 1 1 1 0.0 0.0 0.0
Se 1.344022385142e+01 1.404565915971e+01 2.991790235788e+01 1 1 1 0.0 0.0 0.0
Se 1.718348880875e+01 1.586620585739e+01 2.986724120640e+01 1 1 1 0.0 0.0 0.0
Se 8.592454499525e+00 4.057826400543e+00 2.983776988603e+01 1 1 1 0.0 0.0 0.0
Se 9.047265546645e+00 8.117204165705e+00 2.986485860089e+01 1 1 1 0.0 0.0 0.0
Se 9.433596816559e+00 1.240836862898e+01 2.992941637023e+01 1 1 1 0.0 0.0 0.0
Se 4.684887842579e+00 2.534107518602e+00 2.997713323623e+01 1 1 1 0.0 0.0 0.0
Se 5.216859391438e+00 6.630165408692e+00 2.999293191478e+01 1 1 1 0.0 0.0 0.0
Se 2.391145053409e+01 1.077750594504e+01 3.001312708276e+01 1 1 1 0.0 0.0 0.0
Se 9.128487063127e-01 7.838469893370e-01 2.998678026597e+01 1 1 1 0.0 0.0 0.0
Se 1.967799264814e+01 4.911694074565e+00 2.986787023543e+01 1 1 1 0.0 0.0 0.0
Se 2.449770596866e+01 1.496982783894e+01 3.006442037289e+01 1 1 1 0.0 0.0 0.0
Se 1.910187772835e+01 1.132140033457e+01 2.629861488866e+01 1 1 1 0.0 0.0 0.0
Se 1.975738832416e+01 1.537406593279e+01 2.631585886864e+01 1 1 1 0.0 0.0 0.0
Se 1.488907589179e+01 5.458466928105e+00 2.623934054461e+01 1 1 1 0.0 0.0 0.0
Se 1.520319035125e+01 9.580209902401e+00 2.624284286646e+01 1 1 1 0.0 0.0 0.0
Se 1.573753361036e+01 1.381062421305e+01 2.637043432223e+01 1 1 1 0.0 0.0 0.0
Se 1.101612607180e+01 3.707024296143e+00 2.641889207706e+01 1 1 1 0.0 0.0 0.0
Se 1.148316306437e+01 8.047430588805e+00 2.634916185902e+01 1 1 1 0.0 0.0 0.0
Se 1.196379790683e+01 1.225274150588e+01 2.627162992885e+01 1 1 1 0.0 0.0 0.0
Se 3.218092382444e+00 4.714762106715e-01 2.636314460348e+01 1 1 1 0.0 0.0 0.0
Se 7.044470341187e+00 2.111199031062e+00 2.638165312382e+01 1 1 1 0.0 0.0 0.0
Se 7.562066337070e+00 6.322224803981e+00 2.632245233420e+01 1 1 1 0.0 0.0 0.0
Se 7.964137278490e+00 1.046669205702e+01 2.635193157568e+01 1 1 1 0.0 0.0 0.0
Se 8.596943733450e+00 1.460755811420e+01 2.628425679697e+01 1 1 1 0.0 0.0 0.0
Se 3.765625299071e+00 4.604541512608e+00 2.638029785013e+01 1 1 1 0.0 0.0 0.0
Se 2.259056095841e+01 8.786076547213e+00 2.636766835254e+01 1 1 1 0.0 0.0 0.0
Se 2.303729444197e+01 1.292557607364e+01 2.632718586409e+01 1 1 1 0.0 0.0 0.0
Se 1.823480389714e+01 3.005732882851e+00 2.628145318270e+01 1 1 1 0.0 0.0 0.0
Se 1.871277801177e+01 7.161943740245e+00 2.643988584237e+01 1 1 1 0.0 0.0 0.0
Se 1.435944133498e+01 1.243684782802e+00 2.626334201819e+01 1 1 1 0.0 0.0 0.0
Se 2.164582567590e+01 1.102306617064e+01 2.272265977260e+01 1 1 1 0.0 0.0 0.0
Se 2.208597715821e+01 1.525714811627e+01 2.267269611449e+01 1 1 1 0.0 0.0 0.0
Se 1.713972144086e+01 5.270231138229e+00 2.278901144969e+01 1 1 1 0.0 0.0 0.0
Se 1.779932171486e+01 9.297132448538e+00 2.267040944548e+01 1 1 1 0.0 0.0 0.0
Se 1.819832929745e+01 1.354895973703e+01 2.268170921849e+01 1 1 1 0.0 0.0 0.0
Se 1.329639065164e+01 3.597070523923e+00 2.274172567112e+01 1 1 1 0.0 0.0 0.0
Se 1.386316732213e+01 7.621428751335e+00 2.270183477984e+01 1 1 1 0.0 0.0 0.0
Se 1.446522098859e+01 1.191029525532e+01 2.272004511822e+01 1 1 1 0.0 0.0 0.0
Se 5.689628727107e+00 2.338911567156e-01 2.276252207018e+01 1 1 1 0.0 0.0 0.0
Se 9.436242150469e+00 1.944048197618e+00 2.266433738407e+01 1 1 1 0.0 0.0 0.0
Se 9.868588887806e+00 5.988176255289e+00 2.267870084048e+01 1 1 1 0.0 0.0 0.0
Se 1.045030242747e+01 1.022413353720e+01 2.254764929738e+01 1 1 1 0.0 0.0 0.0
Se 1.095576334287e+01 1.442510748889e+01 2.262353272137e+01 1 1 1 0.0 0.0 0.0
Se 6.275748749473e+00 4.322439521178e+00 2.265558325372e+01 1 1 1 0.0 0.0 0.0
Se 6.558732366984e+00 8.501673238675e+00 2.276330662597e+01 1 1 1 0.0 0.0 0.0
Se 2.546206633255e+01 1.282266206727e+01 2.262598516860e+01 1 1 1 0.0 0.0 0.0
Se 2.303294121154e+00 2.713406999637e+00 2.264929839092e+01 1 1 1 0.0 0.0 0.0
Se 2.103079007540e+01 6.849566818127e+00 2.264747264894e+01 1 1 1 0.0 0.0 0.0
Se 1.683137970485e+01 8.772143632963e-01 2.275836403771e+01 1 1 1 0.0 0.0 0.0
"