calculation_mode = "Quench Electrons"
cell_relax = "False"
charge_density_mixing = "0.15"
charge_mixing_type = "Broyden"
description = "Example parameters for high-throughput bulk relaxation of a vdW material"
dipole_moment = "True"
dos_broading = "0.05"
dos_method = "Gaussian"
energy_convergence_criterion = "1e-08"
energy_output_units = "Hartrees"
kohn_sham_mucycles = "3"
kohn_sham_solver = "davidson"
kpoint_distribution = "1"
kpoint_mesh = "1 1 1"
localize_projectors = "False"
max_md_steps = "100"
max_scf_steps = "200"
non_local_block_size = "4000"
output_wave_function_file = "/dev/null"
potential_acceleration_constant_step = "1.5"
processor_grid = "6 11 16"
rms_convergence_criterion = "1e-08"
scalapack_block_factor = "64"
start_mode = "LCAO Start"
state_block_size = "64"
stress = "True"
subdiag_driver = "scalapack"
test_energy_tolerance = "1e-05"
use_async_allreduce = "False"
vdw_corr = "DFT-D3"
vdwdf_kernel_filepath = "/lustre/orion/world-shared/cph162/rjmorelock/rmgdft/XC/vdW_kernel_table"
wavefunction_grid = "164 312 426"
write_data_period = "50"

atomic_coordinate_type = "Absolute"
crds_units = "Angstrom"
lattice_units = "Angstrom"

lattice_vector = "
1.928434596679e+01 0.000000000000e+00 1.200000000000e-15
1.244151354268e+00 3.663386703971e+01 2.200000000000e-15
0.000000000000e+00 0.000000000000e+00 4.998930533072e+01
"
atoms = "
Nb 3.898290155525e+00 3.071507990597e+01 1.782833092694e+01 1 1 1 0.0 0.0 0.0
Nb 7.319706375462e+00 3.125381324479e+01 1.782833092694e+01 1 1 1 0.0 0.0 0.0
Nb 1.074112259540e+01 3.179254658361e+01 1.782833092694e+01 1 1 1 0.0 0.0 0.0
Nb 1.416253881534e+01 3.233127992243e+01 1.782833092694e+01 1 1 1 0.0 0.0 0.0
Nb 1.758395503527e+01 3.287001326125e+01 1.782833092694e+01 1 1 1 0.0 0.0 0.0
Nb 2.654138802690e+00 2.748267987305e+01 1.782833092694e+01 1 1 1 0.0 0.0 0.0
Nb 6.075555022627e+00 2.802141321187e+01 1.782833092694e+01 1 1 1 0.0 0.0 0.0
Nb 9.496971242564e+00 2.856014655069e+01 1.782833092694e+01 1 1 1 0.0 0.0 0.0
Nb 1.291838746250e+01 2.909887988951e+01 1.782833092694e+01 1 1 1 0.0 0.0 0.0
Nb 1.633980368244e+01 2.963761322833e+01 1.782833092694e+01 1 1 1 0.0 0.0 0.0
Nb 1.976121990237e+01 3.017634656715e+01 1.782833092694e+01 1 1 1 0.0 0.0 0.0
Nb 1.409987449856e+00 2.425027984014e+01 1.782833092694e+01 1 1 1 0.0 0.0 0.0
Nb 4.831403669793e+00 2.478901317896e+01 1.782833092694e+01 1 1 1 0.0 0.0 0.0
Nb 8.252819889729e+00 2.532774651778e+01 1.782833092694e+01 1 1 1 0.0 0.0 0.0
Nb 1.167423610967e+01 2.586647985660e+01 1.782833092694e+01 1 1 1 0.0 0.0 0.0
Nb 1.509565232960e+01 2.640521319542e+01 1.782833092694e+01 1 1 1 0.0 0.0 0.0
Nb 1.851706854954e+01 2.694394653423e+01 1.782833092694e+01 1 1 1 0.0 0.0 0.0
Nb 3.587252316958e+00 2.155661314604e+01 1.782833092694e+01 1 1 1 0.0 0.0 0.0
Nb 7.008668536895e+00 2.209534648486e+01 1.782833092694e+01 1 1 1 0.0 0.0 0.0
Nb 1.043008475683e+01 2.263407982368e+01 1.782833092694e+01 1 1 1 0.0 0.0 0.0
Nb 1.385150097677e+01 2.317281316250e+01 1.782833092694e+01 1 1 1 0.0 0.0 0.0
Nb 1.727291719671e+01 2.371154650132e+01 1.782833092694e+01 1 1 1 0.0 0.0 0.0
Nb 2.343100964123e+00 1.832421311313e+01 1.782833092694e+01 1 1 1 0.0 0.0 0.0
Nb 5.764517184060e+00 1.886294645195e+01 1.782833092694e+01 1 1 1 0.0 0.0 0.0
Nb 9.185933403997e+00 1.940167979076e+01 1.782833092694e+01 1 1 1 0.0 0.0 0.0
Nb 1.260734962393e+01 1.994041312958e+01 1.782833092694e+01 1 1 1 0.0 0.0 0.0
Nb 1.602876584387e+01 2.047914646840e+01 1.782833092694e+01 1 1 1 0.0 0.0 0.0
Nb 1.945018206381e+01 2.101787980722e+01 1.782833092694e+01 1 1 1 0.0 0.0 0.0
Nb 1.098949611289e+00 1.509181308021e+01 1.782833092694e+01 1 1 1 0.0 0.0 0.0
Nb 4.520365831226e+00 1.563054641903e+01 1.782833092694e+01 1 1 1 0.0 0.0 0.0
Nb 7.941782051162e+00 1.616927975785e+01 1.782833092694e+01 1 1 1 0.0 0.0 0.0
Nb 1.136319827110e+01 1.670801309667e+01 1.782833092694e+01 1 1 1 0.0 0.0 0.0
Nb 1.478461449104e+01 1.724674643549e+01 1.782833092694e+01 1 1 1 0.0 0.0 0.0
Nb 1.820603071097e+01 1.778547977431e+01 1.782833092694e+01 1 1 1 0.0 0.0 0.0
Nb 3.276214478391e+00 1.239814638611e+01 1.782833092694e+01 1 1 1 0.0 0.0 0.0
Nb 6.697630698328e+00 1.293687972493e+01 1.782833092694e+01 1 1 1 0.0 0.0 0.0
Nb 1.011904691826e+01 1.347561306375e+01 1.782833092694e+01 1 1 1 0.0 0.0 0.0
Nb 1.354046313820e+01 1.401434640257e+01 1.782833092694e+01 1 1 1 0.0 0.0 0.0
Nb 1.696187935814e+01 1.455307974139e+01 1.782833092694e+01 1 1 1 0.0 0.0 0.0
Nb 2.032063125556e+00 9.165746353198e+00 1.782833092694e+01 1 1 1 0.0 0.0 0.0
Nb 5.453479345493e+00 9.704479692017e+00 1.782833092694e+01 1 1 1 0.0 0.0 0.0
Nb 8.874895565430e+00 1.024321303084e+01 1.782833092694e+01 1 1 1 0.0 0.0 0.0
Nb 1.229631178537e+01 1.078194636966e+01 1.782833092694e+01 1 1 1 0.0 0.0 0.0
Nb 1.571772800530e+01 1.132067970848e+01 1.782833092694e+01 1 1 1 0.0 0.0 0.0
Nb 1.913914422524e+01 1.185941304729e+01 1.782833092694e+01 1 1 1 0.0 0.0 0.0
Nb 7.879117727218e-01 5.933346320282e+00 1.782833092694e+01 1 1 1 0.0 0.0 0.0
Nb 4.209327992659e+00 6.472079659102e+00 1.782833092694e+01 1 1 1 0.0 0.0 0.0
Nb 7.630744212595e+00 7.010812997921e+00 1.782833092694e+01 1 1 1 0.0 0.0 0.0
Nb 1.105216043253e+01 7.549546336740e+00 1.782833092694e+01 1 1 1 0.0 0.0 0.0
Nb 1.447357665247e+01 8.088279675560e+00 1.782833092694e+01 1 1 1 0.0 0.0 0.0
Nb 1.789499287241e+01 8.627013014379e+00 1.782833092694e+01 1 1 1 0.0 0.0 0.0
Nb 2.965176639824e+00 3.239679626186e+00 1.782833092694e+01 1 1 1 0.0 0.0 0.0
Nb 6.386592859761e+00 3.778412965005e+00 1.782833092694e+01 1 1 1 0.0 0.0 0.0
Nb 9.808009079698e+00 4.317146303825e+00 1.782833092694e+01 1 1 1 0.0 0.0 0.0
Nb 1.322942529963e+01 4.855879642644e+00 1.782833092694e+01 1 1 1 0.0 0.0 0.0
Nb 1.665084151957e+01 5.394612981463e+00 1.782833092694e+01 1 1 1 0.0 0.0 0.0
Nb 1.721025286989e+00 7.279593270277e-03 1.782833092694e+01 1 1 1 0.0 0.0 0.0
Nb 5.142441506926e+00 5.460129320896e-01 1.782833092694e+01 1 1 1 0.0 0.0 0.0
Nb 8.563857726863e+00 1.084746270909e+00 1.782833092694e+01 1 1 1 0.0 0.0 0.0
Nb 1.198527394680e+01 1.623479609728e+00 1.782833092694e+01 1 1 1 0.0 0.0 0.0
Nb 1.540669016674e+01 2.162212948547e+00 1.782833092694e+01 1 1 1 0.0 0.0 0.0
Nb 1.882810638667e+01 2.700946287367e+00 1.782833092694e+01 1 1 1 0.0 0.0 0.0
Nb 1.721025288423e+00 3.340874660007e+01 1.782833092694e+01 1 1 1 0.0 0.0 0.0
Nb 5.142441508360e+00 3.394747993889e+01 1.782833092694e+01 1 1 1 0.0 0.0 0.0
Nb 8.563857728296e+00 3.448621327770e+01 1.782833092694e+01 1 1 1 0.0 0.0 0.0
Nb 1.198527394823e+01 3.502494661652e+01 1.782833092694e+01 1 1 1 0.0 0.0 0.0
Nb 1.540669016817e+01 3.556367995534e+01 1.782833092694e+01 1 1 1 0.0 0.0 0.0
Nb 1.882810638811e+01 3.610241329416e+01 1.782833092694e+01 1 1 1 0.0 0.0 0.0
Nb 3.900778532797e+00 3.070559536137e+01 1.168208868332e+01 1 1 1 0.0 0.0 0.0
Nb 7.322194752734e+00 3.124432870019e+01 1.168208868332e+01 1 1 1 0.0 0.0 0.0
Nb 1.074361097267e+01 3.178306203901e+01 1.168208868332e+01 1 1 1 0.0 0.0 0.0
Nb 1.416502719261e+01 3.232179537783e+01 1.168208868332e+01 1 1 1 0.0 0.0 0.0
Nb 1.758644341254e+01 3.286052871665e+01 1.168208868332e+01 1 1 1 0.0 0.0 0.0
Nb 2.656627179962e+00 2.747319532845e+01 1.168208868332e+01 1 1 1 0.0 0.0 0.0
Nb 6.078043399899e+00 2.801192866727e+01 1.168208868332e+01 1 1 1 0.0 0.0 0.0
Nb 9.499459619836e+00 2.855066200609e+01 1.168208868332e+01 1 1 1 0.0 0.0 0.0
Nb 1.292087583977e+01 2.908939534491e+01 1.168208868332e+01 1 1 1 0.0 0.0 0.0
Nb 1.634229205971e+01 2.962812868373e+01 1.168208868332e+01 1 1 1 0.0 0.0 0.0
Nb 1.976370827965e+01 3.016686202255e+01 1.168208868332e+01 1 1 1 0.0 0.0 0.0
Nb 1.412475827128e+00 2.424079529554e+01 1.168208868332e+01 1 1 1 0.0 0.0 0.0
Nb 4.833892047064e+00 2.477952863436e+01 1.168208868332e+01 1 1 1 0.0 0.0 0.0
Nb 8.255308267001e+00 2.531826197318e+01 1.168208868332e+01 1 1 1 0.0 0.0 0.0
Nb 1.167672448694e+01 2.585699531200e+01 1.168208868332e+01 1 1 1 0.0 0.0 0.0
Nb 1.509814070687e+01 2.639572865081e+01 1.168208868332e+01 1 1 1 0.0 0.0 0.0
Nb 1.851955692681e+01 2.693446198963e+01 1.168208868332e+01 1 1 1 0.0 0.0 0.0
Nb 3.589740694230e+00 2.154712860144e+01 1.168208868332e+01 1 1 1 0.0 0.0 0.0
Nb 7.011156914167e+00 2.208586194026e+01 1.168208868332e+01 1 1 1 0.0 0.0 0.0
Nb 1.043257313410e+01 2.262459527908e+01 1.168208868332e+01 1 1 1 0.0 0.0 0.0
Nb 1.385398935404e+01 2.316332861790e+01 1.168208868332e+01 1 1 1 0.0 0.0 0.0
Nb 1.727540557398e+01 2.370206195672e+01 1.168208868332e+01 1 1 1 0.0 0.0 0.0
Nb 2.345589341395e+00 1.831472856853e+01 1.168208868332e+01 1 1 1 0.0 0.0 0.0
Nb 5.767005561332e+00 1.885346190734e+01 1.168208868332e+01 1 1 1 0.0 0.0 0.0
Nb 9.188421781269e+00 1.939219524616e+01 1.168208868332e+01 1 1 1 0.0 0.0 0.0
Nb 1.260983800121e+01 1.993092858498e+01 1.168208868332e+01 1 1 1 0.0 0.0 0.0
Nb 1.603125422114e+01 2.046966192380e+01 1.168208868332e+01 1 1 1 0.0 0.0 0.0
Nb 1.945267044108e+01 2.100839526262e+01 1.168208868332e+01 1 1 1 0.0 0.0 0.0
Nb 1.101437988561e+00 1.508232853561e+01 1.168208868332e+01 1 1 1 0.0 0.0 0.0
Nb 4.522854208497e+00 1.562106187443e+01 1.168208868332e+01 1 1 1 0.0 0.0 0.0
Nb 7.944270428434e+00 1.615979521325e+01 1.168208868332e+01 1 1 1 0.0 0.0 0.0
Nb 1.136568664837e+01 1.669852855207e+01 1.168208868332e+01 1 1 1 0.0 0.0 0.0
Nb 1.478710286831e+01 1.723726189089e+01 1.168208868332e+01 1 1 1 0.0 0.0 0.0
Nb 1.820851908824e+01 1.777599522971e+01 1.168208868332e+01 1 1 1 0.0 0.0 0.0
Nb 3.278702855663e+00 1.238866184151e+01 1.168208868332e+01 1 1 1 0.0 0.0 0.0
Nb 6.700119075600e+00 1.292739518033e+01 1.168208868332e+01 1 1 1 0.0 0.0 0.0
Nb 1.012153529554e+01 1.346612851915e+01 1.168208868332e+01 1 1 1 0.0 0.0 0.0
Nb 1.354295151547e+01 1.400486185797e+01 1.168208868332e+01 1 1 1 0.0 0.0 0.0
Nb 1.696436773541e+01 1.454359519679e+01 1.168208868332e+01 1 1 1 0.0 0.0 0.0
Nb 2.034551502828e+00 9.156261808597e+00 1.168208868332e+01 1 1 1 0.0 0.0 0.0
Nb 5.455967722765e+00 9.694995147416e+00 1.168208868332e+01 1 1 1 0.0 0.0 0.0
Nb 8.877383942702e+00 1.023372848624e+01 1.168208868332e+01 1 1 1 0.0 0.0 0.0
Nb 1.229880016264e+01 1.077246182506e+01 1.168208868332e+01 1 1 1 0.0 0.0 0.0
Nb 1.572021638258e+01 1.131119516387e+01 1.168208868332e+01 1 1 1 0.0 0.0 0.0
Nb 1.914163260251e+01 1.184992850269e+01 1.168208868332e+01 1 1 1 0.0 0.0 0.0
Nb 7.904001499936e-01 5.923861775681e+00 1.168208868332e+01 1 1 1 0.0 0.0 0.0
Nb 4.211816369930e+00 6.462595114501e+00 1.168208868332e+01 1 1 1 0.0 0.0 0.0
Nb 7.633232589867e+00 7.001328453320e+00 1.168208868332e+01 1 1 1 0.0 0.0 0.0
Nb 1.105464880980e+01 7.540061792139e+00 1.168208868332e+01 1 1 1 0.0 0.0 0.0
Nb 1.447606502974e+01 8.078795130959e+00 1.168208868332e+01 1 1 1 0.0 0.0 0.0
Nb 1.789748124968e+01 8.617528469778e+00 1.168208868332e+01 1 1 1 0.0 0.0 0.0
Nb 2.967665017096e+00 3.230195081585e+00 1.168208868332e+01 1 1 1 0.0 0.0 0.0
Nb 6.389081237033e+00 3.768928420404e+00 1.168208868332e+01 1 1 1 0.0 0.0 0.0
Nb 9.810497456969e+00 4.307661759224e+00 1.168208868332e+01 1 1 1 0.0 0.0 0.0
Nb 1.323191367691e+01 4.846395098043e+00 1.168208868332e+01 1 1 1 0.0 0.0 0.0
Nb 1.665332989684e+01 5.385128436862e+00 1.168208868332e+01 1 1 1 0.0 0.0 0.0
Nb 2.967665018529e+00 3.663166208838e+01 1.168208868332e+01 1 1 1 0.0 0.0 0.0
Nb 5.144929884198e+00 5.365283874886e-01 1.168208868332e+01 1 1 1 0.0 0.0 0.0
Nb 8.566346104135e+00 1.075261726308e+00 1.168208868332e+01 1 1 1 0.0 0.0 0.0
Nb 1.198776232407e+01 1.613995065127e+00 1.168208868332e+01 1 1 1 0.0 0.0 0.0
Nb 1.540917854401e+01 2.152728403946e+00 1.168208868332e+01 1 1 1 0.0 0.0 0.0
Nb 1.883059476395e+01 2.691461742766e+00 1.168208868332e+01 1 1 1 0.0 0.0 0.0
Nb 1.723513665695e+00 3.339926205547e+01 1.168208868332e+01 1 1 1 0.0 0.0 0.0
Nb 5.144929885631e+00 3.393799539428e+01 1.168208868332e+01 1 1 1 0.0 0.0 0.0
Nb 8.566346105568e+00 3.447672873310e+01 1.168208868332e+01 1 1 1 0.0 0.0 0.0
Nb 1.198776232550e+01 3.501546207192e+01 1.168208868332e+01 1 1 1 0.0 0.0 0.0
Nb 1.540917854544e+01 3.555419541074e+01 1.168208868332e+01 1 1 1 0.0 0.0 0.0
Nb 1.883059476538e+01 3.609292874956e+01 1.168208868332e+01 1 1 1 0.0 0.0 0.0
Bi 5.610743816817e+00 2.977663988227e+01 3.834784015603e+01 1 1 1 0.0 0.0 0.0
Bi 9.740267455586e+00 3.055608386184e+01 3.834784015603e+01 1 1 1 0.0 0.0 0.0
Bi 1.386979109435e+01 3.133552784141e+01 3.834784015603e+01 1 1 1 0.0 0.0 0.0
Bi 1.799931473312e+01 3.211497182098e+01 3.834784015603e+01 1 1 1 0.0 0.0 0.0
Bi 4.247471589760e+00 2.587941998443e+01 3.834784015603e+01 1 1 1 0.0 0.0 0.0
Bi 8.376995228529e+00 2.665886396400e+01 3.834784015603e+01 1 1 1 0.0 0.0 0.0
Bi 1.250651886730e+01 2.743830794357e+01 3.834784015603e+01 1 1 1 0.0 0.0 0.0
Bi 1.663604250607e+01 2.821775192314e+01 3.834784015603e+01 1 1 1 0.0 0.0 0.0
Bi 1.481220178049e+00 2.899719590271e+01 3.834784015603e+01 1 1 1 0.0 0.0 0.0
Bi 2.884199362702e+00 2.198220008659e+01 3.834784015603e+01 1 1 1 0.0 0.0 0.0
Bi 7.013723001471e+00 2.276164406616e+01 3.834784015603e+01 1 1 1 0.0 0.0 0.0
Bi 1.114324664024e+01 2.354108804573e+01 3.834784015603e+01 1 1 1 0.0 0.0 0.0
Bi 1.527277027901e+01 2.432053202530e+01 3.834784015603e+01 1 1 1 0.0 0.0 0.0
Bi 1.940229391778e+01 2.509997600486e+01 3.834784015603e+01 1 1 1 0.0 0.0 0.0
Bi 5.650450774414e+00 1.886442416832e+01 3.834784015603e+01 1 1 1 0.0 0.0 0.0
Bi 9.779974413182e+00 1.964386814789e+01 3.834784015603e+01 1 1 1 0.0 0.0 0.0
Bi 1.390949805195e+01 2.042331212745e+01 3.834784015603e+01 1 1 1 0.0 0.0 0.0
Bi 1.803902169072e+01 2.120275610702e+01 3.834784015603e+01 1 1 1 0.0 0.0 0.0
Bi 4.287178547356e+00 1.496720427048e+01 3.834784015603e+01 1 1 1 0.0 0.0 0.0
Bi 8.416702186125e+00 1.574664825004e+01 3.834784015603e+01 1 1 1 0.0 0.0 0.0
Bi 1.254622582489e+01 1.652609222961e+01 3.834784015603e+01 1 1 1 0.0 0.0 0.0
Bi 1.667574946366e+01 1.730553620918e+01 3.834784015603e+01 1 1 1 0.0 0.0 0.0
Bi 1.520927135645e+00 1.808498018875e+01 3.834784015603e+01 1 1 1 0.0 0.0 0.0
Bi 2.923906320299e+00 1.106998437263e+01 3.834784015603e+01 1 1 1 0.0 0.0 0.0
Bi 7.053429959068e+00 1.184942835220e+01 3.834784015603e+01 1 1 1 0.0 0.0 0.0
Bi 1.118295359784e+01 1.262887233177e+01 3.834784015603e+01 1 1 1 0.0 0.0 0.0
Bi 1.531247723661e+01 1.340831631134e+01 3.834784015603e+01 1 1 1 0.0 0.0 0.0
Bi 1.944200087537e+01 1.418776029091e+01 3.834784015603e+01 1 1 1 0.0 0.0 0.0
Bi 5.690157732010e+00 7.952208454360e+00 3.834784015603e+01 1 1 1 0.0 0.0 0.0
Bi 9.819681370779e+00 8.731652433928e+00 3.834784015603e+01 1 1 1 0.0 0.0 0.0
Bi 1.394920500955e+01 9.511096413497e+00 3.834784015603e+01 1 1 1 0.0 0.0 0.0
Bi 1.807872864832e+01 1.029054039307e+01 3.834784015603e+01 1 1 1 0.0 0.0 0.0
Bi 4.326885504953e+00 4.054988556518e+00 3.834784015603e+01 1 1 1 0.0 0.0 0.0
Bi 8.456409143722e+00 4.834432536087e+00 3.834784015603e+01 1 1 1 0.0 0.0 0.0
Bi 1.258593278249e+01 5.613876515655e+00 3.834784015603e+01 1 1 1 0.0 0.0 0.0
Bi 1.671545642126e+01 6.393320495223e+00 3.834784015603e+01 1 1 1 0.0 0.0 0.0
Bi 1.560634093242e+00 7.172764474792e+00 3.834784015603e+01 1 1 1 0.0 0.0 0.0
Bi 2.963613277895e+00 1.577686586768e-01 3.834784015603e+01 1 1 1 0.0 0.0 0.0
Bi 7.093136916664e+00 9.372126382451e-01 3.834784015603e+01 1 1 1 0.0 0.0 0.0
Bi 1.122266055543e+01 1.716656617813e+00 3.834784015603e+01 1 1 1 0.0 0.0 0.0
Bi 1.535218419420e+01 2.496100597382e+00 3.834784015603e+01 1 1 1 0.0 0.0 0.0
Bi 1.973618661841e-01 3.275544576950e+00 3.834784015603e+01 1 1 1 0.0 0.0 0.0
Bi 2.844492405106e+00 3.289441580055e+01 3.834784015603e+01 1 1 1 0.0 0.0 0.0
Bi 6.974016043875e+00 3.367385978012e+01 3.834784015603e+01 1 1 1 0.0 0.0 0.0
Bi 1.110353968264e+01 3.445330375968e+01 3.834784015603e+01 1 1 1 0.0 0.0 0.0
Bi 1.523306332141e+01 3.523274773925e+01 3.834784015603e+01 1 1 1 0.0 0.0 0.0
Bi 1.936258696018e+01 3.601219171882e+01 3.834784015603e+01 1 1 1 0.0 0.0 0.0
Bi 5.145879309267e+00 3.215023660427e+01 3.436119714775e+01 1 1 1 0.0 0.0 0.0
Bi 9.275402948036e+00 3.292968058384e+01 3.436119714775e+01 1 1 1 0.0 0.0 0.0
Bi 1.340492658680e+01 3.370912456341e+01 3.436119714775e+01 1 1 1 0.0 0.0 0.0
Bi 1.753445022557e+01 3.448856854298e+01 3.436119714775e+01 1 1 1 0.0 0.0 0.0
Bi 3.782607082209e+00 2.825301670643e+01 3.436119714775e+01 1 1 1 0.0 0.0 0.0
Bi 7.912130720978e+00 2.903246068600e+01 3.436119714775e+01 1 1 1 0.0 0.0 0.0
Bi 1.204165435975e+01 2.981190466557e+01 3.436119714775e+01 1 1 1 0.0 0.0 0.0
Bi 1.617117799852e+01 3.059134864514e+01 3.436119714775e+01 1 1 1 0.0 0.0 0.0
Bi 2.030070163728e+01 3.137079262471e+01 3.436119714775e+01 1 1 1 0.0 0.0 0.0
Bi 2.419334855152e+00 2.435579680859e+01 3.436119714775e+01 1 1 1 0.0 0.0 0.0
Bi 6.548858493921e+00 2.513524078816e+01 3.436119714775e+01 1 1 1 0.0 0.0 0.0
Bi 1.067838213269e+01 2.591468476773e+01 3.436119714775e+01 1 1 1 0.0 0.0 0.0
Bi 1.480790577146e+01 2.669412874730e+01 3.436119714775e+01 1 1 1 0.0 0.0 0.0
Bi 1.893742941023e+01 2.747357272686e+01 3.436119714775e+01 1 1 1 0.0 0.0 0.0
Bi 5.185586266863e+00 2.123802089032e+01 3.436119714775e+01 1 1 1 0.0 0.0 0.0
Bi 9.315109905632e+00 2.201746486989e+01 3.436119714775e+01 1 1 1 0.0 0.0 0.0
Bi 1.344463354440e+01 2.279690884945e+01 3.436119714775e+01 1 1 1 0.0 0.0 0.0
Bi 1.757415718317e+01 2.357635282902e+01 3.436119714775e+01 1 1 1 0.0 0.0 0.0
Bi 3.822314039806e+00 1.734080099248e+01 3.436119714775e+01 1 1 1 0.0 0.0 0.0
Bi 7.951837678575e+00 1.812024497204e+01 3.436119714775e+01 1 1 1 0.0 0.0 0.0
Bi 1.208136131734e+01 1.889968895161e+01 3.436119714775e+01 1 1 1 0.0 0.0 0.0
Bi 1.621088495611e+01 1.967913293118e+01 3.436119714775e+01 1 1 1 0.0 0.0 0.0
Bi 1.056062628095e+00 2.045857691075e+01 3.436119714775e+01 1 1 1 0.0 0.0 0.0
Bi 2.459041812749e+00 1.344358109463e+01 3.436119714775e+01 1 1 1 0.0 0.0 0.0
Bi 6.588565451517e+00 1.422302507420e+01 3.436119714775e+01 1 1 1 0.0 0.0 0.0
Bi 1.071808909029e+01 1.500246905377e+01 3.436119714775e+01 1 1 1 0.0 0.0 0.0
Bi 1.484761272905e+01 1.578191303334e+01 3.436119714775e+01 1 1 1 0.0 0.0 0.0
Bi 1.897713636782e+01 1.656135701291e+01 3.436119714775e+01 1 1 1 0.0 0.0 0.0
Bi 5.225293224460e+00 1.032580517636e+01 3.436119714775e+01 1 1 1 0.0 0.0 0.0
Bi 9.354816863229e+00 1.110524915593e+01 3.436119714775e+01 1 1 1 0.0 0.0 0.0
Bi 1.348434050200e+01 1.188469313550e+01 3.436119714775e+01 1 1 1 0.0 0.0 0.0
Bi 1.761386414077e+01 1.266413711507e+01 3.436119714775e+01 1 1 1 0.0 0.0 0.0
Bi 3.862020997402e+00 6.428585278520e+00 3.436119714775e+01 1 1 1 0.0 0.0 0.0
Bi 7.991544636171e+00 7.208029258088e+00 3.436119714775e+01 1 1 1 0.0 0.0 0.0
Bi 1.212106827494e+01 7.987473237656e+00 3.436119714775e+01 1 1 1 0.0 0.0 0.0
Bi 1.625059191371e+01 8.766917217225e+00 3.436119714775e+01 1 1 1 0.0 0.0 0.0
Bi 1.095769585691e+00 9.546361196793e+00 3.436119714775e+01 1 1 1 0.0 0.0 0.0
Bi 2.498748770345e+00 2.531365380678e+00 3.436119714775e+01 1 1 1 0.0 0.0 0.0
Bi 6.628272409114e+00 3.310809360246e+00 3.436119714775e+01 1 1 1 0.0 0.0 0.0
Bi 1.075779604788e+01 4.090253339815e+00 3.436119714775e+01 1 1 1 0.0 0.0 0.0
Bi 1.488731968665e+01 4.869697319383e+00 3.436119714775e+01 1 1 1 0.0 0.0 0.0
Bi 1.901684332542e+01 5.649141298951e+00 3.436119714775e+01 1 1 1 0.0 0.0 0.0
Bi 2.379627897556e+00 3.526801252255e+01 3.436119714775e+01 1 1 1 0.0 0.0 0.0
Bi 6.509151536324e+00 3.604745650212e+01 3.436119714775e+01 1 1 1 0.0 0.0 0.0
Bi 9.394523820825e+00 1.930334419729e-01 3.436119714775e+01 1 1 1 0.0 0.0 0.0
Bi 1.352404745959e+01 9.724774215413e-01 3.436119714775e+01 1 1 1 0.0 0.0 0.0
Bi 1.765357109836e+01 1.751921401110e+00 3.436119714775e+01 1 1 1 0.0 0.0 0.0
Bi 5.089108845370e+00 3.218806864649e+01 2.831971850542e+01 1 1 1 0.0 0.0 0.0
Bi 9.218632484138e+00 3.296751262605e+01 2.831971850542e+01 1 1 1 0.0 0.0 0.0
Bi 1.334815612291e+01 3.374695660562e+01 2.831971850542e+01 1 1 1 0.0 0.0 0.0
Bi 1.747767976168e+01 3.452640058519e+01 2.831971850542e+01 1 1 1 0.0 0.0 0.0
Bi 3.725836618312e+00 2.829084874864e+01 2.831971850542e+01 1 1 1 0.0 0.0 0.0
Bi 7.855360257081e+00 2.907029272821e+01 2.831971850542e+01 1 1 1 0.0 0.0 0.0
Bi 1.198488389585e+01 2.984973670778e+01 2.831971850542e+01 1 1 1 0.0 0.0 0.0
Bi 1.611440753462e+01 3.062918068735e+01 2.831971850542e+01 1 1 1 0.0 0.0 0.0
Bi 2.024393117339e+01 3.140862466692e+01 2.831971850542e+01 1 1 1 0.0 0.0 0.0
Bi 2.362564391255e+00 2.439362885080e+01 2.831971850542e+01 1 1 1 0.0 0.0 0.0
Bi 6.492088030023e+00 2.517307283037e+01 2.831971850542e+01 1 1 1 0.0 0.0 0.0
Bi 1.062161166879e+01 2.595251680994e+01 2.831971850542e+01 1 1 1 0.0 0.0 0.0
Bi 1.475113530756e+01 2.673196078951e+01 2.831971850542e+01 1 1 1 0.0 0.0 0.0
Bi 1.888065894633e+01 2.751140476908e+01 2.831971850542e+01 1 1 1 0.0 0.0 0.0
Bi 5.128815802966e+00 2.127585293253e+01 2.831971850542e+01 1 1 1 0.0 0.0 0.0
Bi 9.258339441735e+00 2.205529691210e+01 2.831971850542e+01 1 1 1 0.0 0.0 0.0
Bi 1.338786308050e+01 2.283474089167e+01 2.831971850542e+01 1 1 1 0.0 0.0 0.0
Bi 1.751738671927e+01 2.361418487123e+01 2.831971850542e+01 1 1 1 0.0 0.0 0.0
Bi 3.765543575909e+00 1.737863303469e+01 2.831971850542e+01 1 1 1 0.0 0.0 0.0
Bi 7.895067214677e+00 1.815807701426e+01 2.831971850542e+01 1 1 1 0.0 0.0 0.0
Bi 1.202459085345e+01 1.893752099382e+01 2.831971850542e+01 1 1 1 0.0 0.0 0.0
Bi 1.615411449221e+01 1.971696497339e+01 2.831971850542e+01 1 1 1 0.0 0.0 0.0
Bi 9.992921641973e-01 2.049640895296e+01 2.831971850542e+01 1 1 1 0.0 0.0 0.0
Bi 2.402271348851e+00 1.348141313685e+01 2.831971850542e+01 1 1 1 0.0 0.0 0.0
Bi 6.531794987620e+00 1.426085711641e+01 2.831971850542e+01 1 1 1 0.0 0.0 0.0
Bi 1.066131862639e+01 1.504030109598e+01 2.831971850542e+01 1 1 1 0.0 0.0 0.0
Bi 1.479084226516e+01 1.581974507555e+01 2.831971850542e+01 1 1 1 0.0 0.0 0.0
Bi 1.892036590393e+01 1.659918905512e+01 2.831971850542e+01 1 1 1 0.0 0.0 0.0
Bi 5.168522760563e+00 1.036363721857e+01 2.831971850542e+01 1 1 1 0.0 0.0 0.0
Bi 9.298046399331e+00 1.114308119814e+01 2.831971850542e+01 1 1 1 0.0 0.0 0.0
Bi 1.342757003810e+01 1.192252517771e+01 2.831971850542e+01 1 1 1 0.0 0.0 0.0
Bi 1.755709367687e+01 1.270196915728e+01 2.831971850542e+01 1 1 1 0.0 0.0 0.0
Bi 3.805250533505e+00 6.466417320730e+00 2.831971850542e+01 1 1 1 0.0 0.0 0.0
Bi 7.934774172274e+00 7.245861300299e+00 2.831971850542e+01 1 1 1 0.0 0.0 0.0
Bi 1.206429781104e+01 8.025305279867e+00 2.831971850542e+01 1 1 1 0.0 0.0 0.0
Bi 1.619382144981e+01 8.804749259435e+00 2.831971850542e+01 1 1 1 0.0 0.0 0.0
Bi 1.038999121794e+00 9.584193239004e+00 2.831971850542e+01 1 1 1 0.0 0.0 0.0
Bi 2.441978306448e+00 2.569197422889e+00 2.831971850542e+01 1 1 1 0.0 0.0 0.0
Bi 6.571501945216e+00 3.348641402457e+00 2.831971850542e+01 1 1 1 0.0 0.0 0.0
Bi 1.070102558399e+01 4.128085382025e+00 2.831971850542e+01 1 1 1 0.0 0.0 0.0
Bi 1.483054922275e+01 4.907529361594e+00 2.831971850542e+01 1 1 1 0.0 0.0 0.0
Bi 1.896007286152e+01 5.686973341162e+00 2.831971850542e+01 1 1 1 0.0 0.0 0.0
Bi 2.322857433658e+00 3.530584456476e+01 2.831971850542e+01 1 1 1 0.0 0.0 0.0
Bi 6.452381072427e+00 3.608528854433e+01 2.831971850542e+01 1 1 1 0.0 0.0 0.0
Bi 9.337753356928e+00 2.308654841838e-01 2.831971850542e+01 1 1 1 0.0 0.0 0.0
Bi 1.346727699570e+01 1.010309463752e+00 2.831971850542e+01 1 1 1 0.0 0.0 0.0
Bi 1.759680063447e+01 1.789753443320e+00 2.831971850542e+01 1 1 1 0.0 0.0 0.0
Bi 3.273413864851e+00 3.064431793853e+01 2.434799808390e+01 1 1 1 0.0 0.0 0.0
Bi 7.402937503619e+00 3.142376191809e+01 2.434799808390e+01 1 1 1 0.0 0.0 0.0
Bi 1.153246114239e+01 3.220320589766e+01 2.434799808390e+01 1 1 1 0.0 0.0 0.0
Bi 1.566198478116e+01 3.298264987723e+01 2.434799808390e+01 1 1 1 0.0 0.0 0.0
Bi 1.910141637793e+00 2.674709804068e+01 2.434799808390e+01 1 1 1 0.0 0.0 0.0
Bi 6.039665276562e+00 2.752654202025e+01 2.434799808390e+01 1 1 1 0.0 0.0 0.0
Bi 1.016918891533e+01 2.830598599982e+01 2.434799808390e+01 1 1 1 0.0 0.0 0.0
Bi 1.429871255410e+01 2.908542997939e+01 2.434799808390e+01 1 1 1 0.0 0.0 0.0
Bi 1.842823619287e+01 2.986487395896e+01 2.434799808390e+01 1 1 1 0.0 0.0 0.0
Bi 1.983121537752e+01 2.284987814284e+01 2.434799808390e+01 1 1 1 0.0 0.0 0.0
Bi 4.676393049505e+00 2.362932212241e+01 2.434799808390e+01 1 1 1 0.0 0.0 0.0
Bi 8.805916688273e+00 2.440876610198e+01 2.434799808390e+01 1 1 1 0.0 0.0 0.0
Bi 1.293544032704e+01 2.518821008155e+01 2.434799808390e+01 1 1 1 0.0 0.0 0.0
Bi 1.706496396581e+01 2.596765406112e+01 2.434799808390e+01 1 1 1 0.0 0.0 0.0
Bi 3.313120822447e+00 1.973210222457e+01 2.434799808390e+01 1 1 1 0.0 0.0 0.0
Bi 7.442644461216e+00 2.051154620414e+01 2.434799808390e+01 1 1 1 0.0 0.0 0.0
Bi 1.157216809998e+01 2.129099018371e+01 2.434799808390e+01 1 1 1 0.0 0.0 0.0
Bi 1.570169173875e+01 2.207043416327e+01 2.434799808390e+01 1 1 1 0.0 0.0 0.0
Bi 1.949848595390e+00 1.583488232673e+01 2.434799808390e+01 1 1 1 0.0 0.0 0.0
Bi 6.079372234158e+00 1.661432630630e+01 2.434799808390e+01 1 1 1 0.0 0.0 0.0
Bi 1.020889587293e+01 1.739377028586e+01 2.434799808390e+01 1 1 1 0.0 0.0 0.0
Bi 1.433841951170e+01 1.817321426543e+01 2.434799808390e+01 1 1 1 0.0 0.0 0.0
Bi 1.846794315046e+01 1.895265824500e+01 2.434799808390e+01 1 1 1 0.0 0.0 0.0
Bi 5.865763683323e-01 1.193766242889e+01 2.434799808390e+01 1 1 1 0.0 0.0 0.0
Bi 4.716100007101e+00 1.271710640845e+01 2.434799808390e+01 1 1 1 0.0 0.0 0.0
Bi 8.845623645870e+00 1.349655038802e+01 2.434799808390e+01 1 1 1 0.0 0.0 0.0
Bi 1.297514728464e+01 1.427599436759e+01 2.434799808390e+01 1 1 1 0.0 0.0 0.0
Bi 1.710467092341e+01 1.505543834716e+01 2.434799808390e+01 1 1 1 0.0 0.0 0.0
Bi 3.352827780044e+00 8.819886510613e+00 2.434799808390e+01 1 1 1 0.0 0.0 0.0
Bi 7.482351418812e+00 9.599330490181e+00 2.434799808390e+01 1 1 1 0.0 0.0 0.0
Bi 1.161187505758e+01 1.037877446975e+01 2.434799808390e+01 1 1 1 0.0 0.0 0.0
Bi 1.574139869635e+01 1.115821844932e+01 2.434799808390e+01 1 1 1 0.0 0.0 0.0
Bi 1.989555552986e+00 4.922666612771e+00 2.434799808390e+01 1 1 1 0.0 0.0 0.0
Bi 6.119079191755e+00 5.702110592340e+00 2.434799808390e+01 1 1 1 0.0 0.0 0.0
Bi 1.024860283052e+01 6.481554571908e+00 2.434799808390e+01 1 1 1 0.0 0.0 0.0
Bi 1.437812646929e+01 7.260998551476e+00 2.434799808390e+01 1 1 1 0.0 0.0 0.0
Bi 1.850765010806e+01 8.040442531045e+00 2.434799808390e+01 1 1 1 0.0 0.0 0.0
Bi 6.262833259288e-01 1.025446714930e+00 2.434799808390e+01 1 1 1 0.0 0.0 0.0
Bi 4.755806964698e+00 1.804890694498e+00 2.434799808390e+01 1 1 1 0.0 0.0 0.0
Bi 8.885330603466e+00 2.584334674066e+00 2.434799808390e+01 1 1 1 0.0 0.0 0.0
Bi 1.301485424223e+01 3.363778653635e+00 2.434799808390e+01 1 1 1 0.0 0.0 0.0
Bi 1.714437788100e+01 4.143222633203e+00 2.434799808390e+01 1 1 1 0.0 0.0 0.0
Bi 1.979150841993e+01 3.376209385680e+01 2.434799808390e+01 1 1 1 0.0 0.0 0.0
Bi 4.636686091908e+00 3.454153783637e+01 2.434799808390e+01 1 1 1 0.0 0.0 0.0
Bi 8.766209730677e+00 3.532098181594e+01 2.434799808390e+01 1 1 1 0.0 0.0 0.0
Bi 1.289573336945e+01 3.610042579550e+01 2.434799808390e+01 1 1 1 0.0 0.0 0.0
Bi 1.578110565395e+01 2.460027353613e-01 2.434799808390e+01 1 1 1 0.0 0.0 0.0
Se 2.034171977064e+00 3.142348979008e+01 1.000000000000e+01 1 1 1 0.0 0.0 0.0
Se 5.455588197000e+00 3.196222312890e+01 1.000000000000e+01 1 1 1 0.0 0.0 0.0
Se 8.877004416937e+00 3.250095646772e+01 1.000000000000e+01 1 1 1 0.0 0.0 0.0
Se 1.229842063687e+01 3.303968980654e+01 1.000000000000e+01 1 1 1 0.0 0.0 0.0
Se 1.571983685681e+01 3.357842314535e+01 1.000000000000e+01 1 1 1 0.0 0.0 0.0
Se 2.007436659102e+01 2.819108975716e+01 1.000000000000e+01 1 1 1 0.0 0.0 0.0
Se 4.211436844166e+00 2.872982309598e+01 1.000000000000e+01 1 1 1 0.0 0.0 0.0
Se 7.632853064103e+00 2.926855643480e+01 1.000000000000e+01 1 1 1 0.0 0.0 0.0
Se 1.105426928404e+01 2.980728977362e+01 1.000000000000e+01 1 1 1 0.0 0.0 0.0
Se 1.447568550398e+01 3.034602311244e+01 1.000000000000e+01 1 1 1 0.0 0.0 0.0
Se 1.789710172391e+01 3.088475645126e+01 1.000000000000e+01 1 1 1 0.0 0.0 0.0
Se 1.883021523818e+01 2.495868972425e+01 1.000000000000e+01 1 1 1 0.0 0.0 0.0
Se 2.967285491331e+00 2.549742306307e+01 1.000000000000e+01 1 1 1 0.0 0.0 0.0
Se 6.388701711268e+00 2.603615640188e+01 1.000000000000e+01 1 1 1 0.0 0.0 0.0
Se 9.810117931205e+00 2.657488974070e+01 1.000000000000e+01 1 1 1 0.0 0.0 0.0
Se 1.323153415114e+01 2.711362307952e+01 1.000000000000e+01 1 1 1 0.0 0.0 0.0
Se 1.665295037108e+01 2.765235641834e+01 1.000000000000e+01 1 1 1 0.0 0.0 0.0
Se 1.723134138497e+00 2.226502303015e+01 1.000000000000e+01 1 1 1 0.0 0.0 0.0
Se 5.144550358433e+00 2.280375636897e+01 1.000000000000e+01 1 1 1 0.0 0.0 0.0
Se 8.565966578370e+00 2.334248970779e+01 1.000000000000e+01 1 1 1 0.0 0.0 0.0
Se 1.198738279831e+01 2.388122304661e+01 1.000000000000e+01 1 1 1 0.0 0.0 0.0
Se 1.540879901824e+01 2.441995638543e+01 1.000000000000e+01 1 1 1 0.0 0.0 0.0
Se 1.976332875245e+01 1.903262299723e+01 1.000000000000e+01 1 1 1 0.0 0.0 0.0
Se 3.900399005599e+00 1.957135633605e+01 1.000000000000e+01 1 1 1 0.0 0.0 0.0
Se 7.321815225536e+00 2.011008967487e+01 1.000000000000e+01 1 1 1 0.0 0.0 0.0
Se 1.074323144547e+01 2.064882301369e+01 1.000000000000e+01 1 1 1 0.0 0.0 0.0
Se 1.416464766541e+01 2.118755635251e+01 1.000000000000e+01 1 1 1 0.0 0.0 0.0
Se 1.758606388535e+01 2.172628969133e+01 1.000000000000e+01 1 1 1 0.0 0.0 0.0
Se 1.851917739961e+01 1.580022296432e+01 1.000000000000e+01 1 1 1 0.0 0.0 0.0
Se 2.656247652764e+00 1.633895630314e+01 1.000000000000e+01 1 1 1 0.0 0.0 0.0
Se 6.077663872701e+00 1.687768964196e+01 1.000000000000e+01 1 1 1 0.0 0.0 0.0
Se 9.499080092638e+00 1.741642298078e+01 1.000000000000e+01 1 1 1 0.0 0.0 0.0
Se 1.292049631257e+01 1.795515631960e+01 1.000000000000e+01 1 1 1 0.0 0.0 0.0
Se 1.634191253251e+01 1.849388965841e+01 1.000000000000e+01 1 1 1 0.0 0.0 0.0
Se 1.412096299930e+00 1.310655627022e+01 1.000000000000e+01 1 1 1 0.0 0.0 0.0
Se 4.833512519866e+00 1.364528960904e+01 1.000000000000e+01 1 1 1 0.0 0.0 0.0
Se 8.254928739803e+00 1.418402294786e+01 1.000000000000e+01 1 1 1 0.0 0.0 0.0
Se 1.167634495974e+01 1.472275628668e+01 1.000000000000e+01 1 1 1 0.0 0.0 0.0
Se 1.509776117968e+01 1.526148962550e+01 1.000000000000e+01 1 1 1 0.0 0.0 0.0
Se 1.945229091388e+01 9.874156237306e+00 1.000000000000e+01 1 1 1 0.0 0.0 0.0
Se 3.589361167032e+00 1.041288957613e+01 1.000000000000e+01 1 1 1 0.0 0.0 0.0
Se 7.010777386969e+00 1.095162291494e+01 1.000000000000e+01 1 1 1 0.0 0.0 0.0
Se 1.043219360691e+01 1.149035625376e+01 1.000000000000e+01 1 1 1 0.0 0.0 0.0
Se 1.385360982684e+01 1.202908959258e+01 1.000000000000e+01 1 1 1 0.0 0.0 0.0
Se 1.727502604678e+01 1.256782293140e+01 1.000000000000e+01 1 1 1 0.0 0.0 0.0
Se 1.820813956105e+01 6.641756204390e+00 1.000000000000e+01 1 1 1 0.0 0.0 0.0
Se 2.345209814197e+00 7.180489543210e+00 1.000000000000e+01 1 1 1 0.0 0.0 0.0
Se 5.766626034134e+00 7.719222882029e+00 1.000000000000e+01 1 1 1 0.0 0.0 0.0
Se 9.188042254071e+00 8.257956220848e+00 1.000000000000e+01 1 1 1 0.0 0.0 0.0
Se 1.260945847401e+01 8.796689559668e+00 1.000000000000e+01 1 1 1 0.0 0.0 0.0
Se 1.603087469394e+01 9.335422898487e+00 1.000000000000e+01 1 1 1 0.0 0.0 0.0
Se 1.101058461363e+00 3.948089510294e+00 1.000000000000e+01 1 1 1 0.0 0.0 0.0
Se 4.522474681299e+00 4.486822849113e+00 1.000000000000e+01 1 1 1 0.0 0.0 0.0
Se 7.943890901236e+00 5.025556187932e+00 1.000000000000e+01 1 1 1 0.0 0.0 0.0
Se 1.136530712117e+01 5.564289526752e+00 1.000000000000e+01 1 1 1 0.0 0.0 0.0
Se 1.478672334111e+01 6.103022865571e+00 1.000000000000e+01 1 1 1 0.0 0.0 0.0
Se 1.914125307531e+01 7.156894773782e-01 1.000000000000e+01 1 1 1 0.0 0.0 0.0
Se 3.278323328465e+00 1.254422816197e+00 1.000000000000e+01 1 1 1 0.0 0.0 0.0
Se 6.699739548402e+00 1.793156155017e+00 1.000000000000e+01 1 1 1 0.0 0.0 0.0
Se 1.012115576834e+01 2.331889493836e+00 1.000000000000e+01 1 1 1 0.0 0.0 0.0
Se 1.354257198828e+01 2.870622832655e+00 1.000000000000e+01 1 1 1 0.0 0.0 0.0
Se 1.696398820821e+01 3.409356171475e+00 1.000000000000e+01 1 1 1 0.0 0.0 0.0
Se 1.914125307675e+01 3.411715648417e+01 1.000000000000e+01 1 1 1 0.0 0.0 0.0
Se 3.278323329898e+00 3.465588982299e+01 1.000000000000e+01 1 1 1 0.0 0.0 0.0
Se 6.699739549835e+00 3.519462316181e+01 1.000000000000e+01 1 1 1 0.0 0.0 0.0
Se 1.012115576977e+01 3.573335650063e+01 1.000000000000e+01 1 1 1 0.0 0.0 0.0
Se 1.354257198971e+01 3.627208983945e+01 1.000000000000e+01 1 1 1 0.0 0.0 0.0
Se 1.571983685538e+01 1.769561385589e-01 1.000000000000e+01 1 1 1 0.0 0.0 0.0
Se 3.587007850519e+00 3.269028175424e+01 1.614602824434e+01 1 1 1 0.0 0.0 0.0
Se 7.008424070456e+00 3.322901509306e+01 1.614602824434e+01 1 1 1 0.0 0.0 0.0
Se 1.042984029039e+01 3.376774843188e+01 1.614602824434e+01 1 1 1 0.0 0.0 0.0
Se 1.385125651033e+01 3.430648177070e+01 1.614602824434e+01 1 1 1 0.0 0.0 0.0
Se 1.727267273027e+01 3.484521510952e+01 1.614602824434e+01 1 1 1 0.0 0.0 0.0
Se 2.342856497684e+00 2.945788172132e+01 1.614602824434e+01 1 1 1 0.0 0.0 0.0
Se 5.764272717621e+00 2.999661506014e+01 1.614602824434e+01 1 1 1 0.0 0.0 0.0
Se 9.185688937558e+00 3.053534839896e+01 1.614602824434e+01 1 1 1 0.0 0.0 0.0
Se 1.260710515749e+01 3.107408173778e+01 1.614602824434e+01 1 1 1 0.0 0.0 0.0
Se 1.602852137743e+01 3.161281507660e+01 1.614602824434e+01 1 1 1 0.0 0.0 0.0
Se 1.944993759737e+01 3.215154841542e+01 1.614602824434e+01 1 1 1 0.0 0.0 0.0
Se 1.098705144850e+00 2.622548168841e+01 1.614602824434e+01 1 1 1 0.0 0.0 0.0
Se 4.520121364786e+00 2.676421502723e+01 1.614602824434e+01 1 1 1 0.0 0.0 0.0
Se 7.941537584723e+00 2.730294836605e+01 1.614602824434e+01 1 1 1 0.0 0.0 0.0
Se 1.136295380466e+01 2.784168170487e+01 1.614602824434e+01 1 1 1 0.0 0.0 0.0
Se 1.478437002460e+01 2.838041504369e+01 1.614602824434e+01 1 1 1 0.0 0.0 0.0
Se 1.820578624453e+01 2.891914838251e+01 1.614602824434e+01 1 1 1 0.0 0.0 0.0
Se 3.275970011952e+00 2.353181499431e+01 1.614602824434e+01 1 1 1 0.0 0.0 0.0
Se 6.697386231889e+00 2.407054833313e+01 1.614602824434e+01 1 1 1 0.0 0.0 0.0
Se 1.011880245183e+01 2.460928167195e+01 1.614602824434e+01 1 1 1 0.0 0.0 0.0
Se 1.354021867176e+01 2.514801501077e+01 1.614602824434e+01 1 1 1 0.0 0.0 0.0
Se 1.696163489170e+01 2.568674834959e+01 1.614602824434e+01 1 1 1 0.0 0.0 0.0
Se 2.031818659117e+00 2.029941496140e+01 1.614602824434e+01 1 1 1 0.0 0.0 0.0
Se 5.453234879054e+00 2.083814830022e+01 1.614602824434e+01 1 1 1 0.0 0.0 0.0
Se 8.874651098991e+00 2.137688163904e+01 1.614602824434e+01 1 1 1 0.0 0.0 0.0
Se 1.229606731893e+01 2.191561497785e+01 1.614602824434e+01 1 1 1 0.0 0.0 0.0
Se 1.571748353886e+01 2.245434831667e+01 1.614602824434e+01 1 1 1 0.0 0.0 0.0
Se 1.913889975880e+01 2.299308165549e+01 1.614602824434e+01 1 1 1 0.0 0.0 0.0
Se 7.876673062825e-01 1.706701492848e+01 1.614602824434e+01 1 1 1 0.0 0.0 0.0
Se 4.209083526219e+00 1.760574826730e+01 1.614602824434e+01 1 1 1 0.0 0.0 0.0
Se 7.630499746156e+00 1.814448160612e+01 1.614602824434e+01 1 1 1 0.0 0.0 0.0
Se 1.105191596609e+01 1.868321494494e+01 1.614602824434e+01 1 1 1 0.0 0.0 0.0
Se 1.447333218603e+01 1.922194828376e+01 1.614602824434e+01 1 1 1 0.0 0.0 0.0
Se 1.789474840597e+01 1.976068162258e+01 1.614602824434e+01 1 1 1 0.0 0.0 0.0
Se 2.964932173385e+00 1.437334823438e+01 1.614602824434e+01 1 1 1 0.0 0.0 0.0
Se 6.386348393322e+00 1.491208157320e+01 1.614602824434e+01 1 1 1 0.0 0.0 0.0
Se 9.807764613258e+00 1.545081491202e+01 1.614602824434e+01 1 1 1 0.0 0.0 0.0
Se 1.322918083320e+01 1.598954825084e+01 1.614602824434e+01 1 1 1 0.0 0.0 0.0
Se 1.665059705313e+01 1.652828158966e+01 1.614602824434e+01 1 1 1 0.0 0.0 0.0
Se 1.720780820550e+00 1.114094820147e+01 1.614602824434e+01 1 1 1 0.0 0.0 0.0
Se 5.142197040487e+00 1.167968154029e+01 1.614602824434e+01 1 1 1 0.0 0.0 0.0
Se 8.563613260424e+00 1.221841487911e+01 1.614602824434e+01 1 1 1 0.0 0.0 0.0
Se 1.198502948036e+01 1.275714821793e+01 1.614602824434e+01 1 1 1 0.0 0.0 0.0
Se 1.540644570030e+01 1.329588155675e+01 1.614602824434e+01 1 1 1 0.0 0.0 0.0
Se 1.882786192023e+01 1.383461489556e+01 1.614602824434e+01 1 1 1 0.0 0.0 0.0
Se 4.766294677155e-01 7.908548168553e+00 1.614602824434e+01 1 1 1 0.0 0.0 0.0
Se 3.898045687652e+00 8.447281507372e+00 1.614602824434e+01 1 1 1 0.0 0.0 0.0
Se 7.319461907589e+00 8.986014846191e+00 1.614602824434e+01 1 1 1 0.0 0.0 0.0
Se 1.074087812753e+01 9.524748185011e+00 1.614602824434e+01 1 1 1 0.0 0.0 0.0
Se 1.416229434746e+01 1.006348152383e+01 1.614602824434e+01 1 1 1 0.0 0.0 0.0
Se 1.758371056740e+01 1.060221486265e+01 1.614602824434e+01 1 1 1 0.0 0.0 0.0
Se 2.653894334818e+00 5.214881474456e+00 1.614602824434e+01 1 1 1 0.0 0.0 0.0
Se 6.075310554755e+00 5.753614813276e+00 1.614602824434e+01 1 1 1 0.0 0.0 0.0
Se 9.496726774691e+00 6.292348152095e+00 1.614602824434e+01 1 1 1 0.0 0.0 0.0
Se 1.291814299463e+01 6.831081490914e+00 1.614602824434e+01 1 1 1 0.0 0.0 0.0
Se 1.633955921456e+01 7.369814829734e+00 1.614602824434e+01 1 1 1 0.0 0.0 0.0
Se 1.409742981983e+00 1.982481441541e+00 1.614602824434e+01 1 1 1 0.0 0.0 0.0
Se 4.831159201920e+00 2.521214780360e+00 1.614602824434e+01 1 1 1 0.0 0.0 0.0
Se 8.252575421857e+00 3.059948119179e+00 1.614602824434e+01 1 1 1 0.0 0.0 0.0
Se 1.167399164179e+01 3.598681457999e+00 1.614602824434e+01 1 1 1 0.0 0.0 0.0
Se 1.509540786173e+01 4.137414796818e+00 1.614602824434e+01 1 1 1 0.0 0.0 0.0
Se 1.851682408167e+01 4.676148135637e+00 1.614602824434e+01 1 1 1 0.0 0.0 0.0
Se 1.409742983417e+00 3.538394844834e+01 1.614602824434e+01 1 1 1 0.0 0.0 0.0
Se 4.831159203353e+00 3.592268178716e+01 1.614602824434e+01 1 1 1 0.0 0.0 0.0
Se 8.252575423290e+00 3.646141512598e+01 1.614602824434e+01 1 1 1 0.0 0.0 0.0
Se 1.042984028896e+01 3.662814250828e-01 1.614602824434e+01 1 1 1 0.0 0.0 0.0
Se 1.385125650890e+01 9.050147639021e-01 1.614602824434e+01 1 1 1 0.0 0.0 0.0
Se 1.727267272883e+01 1.443748102721e+00 1.614602824434e+01 1 1 1 0.0 0.0 0.0
Se 2.034315170250e+00 3.142455641518e+01 1.336443756309e+01 1 1 1 0.0 0.0 0.0
Se 5.455731390187e+00 3.196328975400e+01 1.336443756309e+01 1 1 1 0.0 0.0 0.0
Se 8.877147610124e+00 3.250202309282e+01 1.336443756309e+01 1 1 1 0.0 0.0 0.0
Se 1.229856383006e+01 3.304075643164e+01 1.336443756309e+01 1 1 1 0.0 0.0 0.0
Se 1.571998005000e+01 3.357948977046e+01 1.336443756309e+01 1 1 1 0.0 0.0 0.0
Se 2.007450978420e+01 2.819215638227e+01 1.336443756309e+01 1 1 1 0.0 0.0 0.0
Se 4.211580037353e+00 2.873088972109e+01 1.336443756309e+01 1 1 1 0.0 0.0 0.0
Se 7.632996257289e+00 2.926962305991e+01 1.336443756309e+01 1 1 1 0.0 0.0 0.0
Se 1.105441247723e+01 2.980835639873e+01 1.336443756309e+01 1 1 1 0.0 0.0 0.0
Se 1.447582869716e+01 3.034708973755e+01 1.336443756309e+01 1 1 1 0.0 0.0 0.0
Se 1.789724491710e+01 3.088582307636e+01 1.336443756309e+01 1 1 1 0.0 0.0 0.0
Se 1.883035843137e+01 2.495975634935e+01 1.336443756309e+01 1 1 1 0.0 0.0 0.0
Se 2.967428684518e+00 2.549848968817e+01 1.336443756309e+01 1 1 1 0.0 0.0 0.0
Se 6.388844904455e+00 2.603722302699e+01 1.336443756309e+01 1 1 1 0.0 0.0 0.0
Se 9.810261124392e+00 2.657595636581e+01 1.336443756309e+01 1 1 1 0.0 0.0 0.0
Se 1.323167734433e+01 2.711468970463e+01 1.336443756309e+01 1 1 1 0.0 0.0 0.0
Se 1.665309356427e+01 2.765342304345e+01 1.336443756309e+01 1 1 1 0.0 0.0 0.0
Se 1.723277331683e+00 2.226608965526e+01 1.336443756309e+01 1 1 1 0.0 0.0 0.0
Se 5.144693551620e+00 2.280482299408e+01 1.336443756309e+01 1 1 1 0.0 0.0 0.0
Se 8.566109771557e+00 2.334355633289e+01 1.336443756309e+01 1 1 1 0.0 0.0 0.0
Se 1.198752599149e+01 2.388228967171e+01 1.336443756309e+01 1 1 1 0.0 0.0 0.0
Se 1.540894221143e+01 2.442102301053e+01 1.336443756309e+01 1 1 1 0.0 0.0 0.0
Se 1.976347194564e+01 1.903368962234e+01 1.336443756309e+01 1 1 1 0.0 0.0 0.0
Se 3.900542198786e+00 1.957242296116e+01 1.336443756309e+01 1 1 1 0.0 0.0 0.0
Se 7.321958418722e+00 2.011115629998e+01 1.336443756309e+01 1 1 1 0.0 0.0 0.0
Se 1.074337463866e+01 2.064988963880e+01 1.336443756309e+01 1 1 1 0.0 0.0 0.0
Se 1.416479085860e+01 2.118862297762e+01 1.336443756309e+01 1 1 1 0.0 0.0 0.0
Se 1.758620707853e+01 2.172735631644e+01 1.336443756309e+01 1 1 1 0.0 0.0 0.0
Se 1.851932059280e+01 1.580128958942e+01 1.336443756309e+01 1 1 1 0.0 0.0 0.0
Se 2.656390845951e+00 1.634002292824e+01 1.336443756309e+01 1 1 1 0.0 0.0 0.0
Se 6.077807065888e+00 1.687875626706e+01 1.336443756309e+01 1 1 1 0.0 0.0 0.0
Se 9.499223285825e+00 1.741748960588e+01 1.336443756309e+01 1 1 1 0.0 0.0 0.0
Se 1.292063950576e+01 1.795622294470e+01 1.336443756309e+01 1 1 1 0.0 0.0 0.0
Se 1.634205572570e+01 1.849495628352e+01 1.336443756309e+01 1 1 1 0.0 0.0 0.0
Se 1.412239493116e+00 1.310762289533e+01 1.336443756309e+01 1 1 1 0.0 0.0 0.0
Se 4.833655713053e+00 1.364635623415e+01 1.336443756309e+01 1 1 1 0.0 0.0 0.0
Se 8.255071932990e+00 1.418508957297e+01 1.336443756309e+01 1 1 1 0.0 0.0 0.0
Se 1.167648815293e+01 1.472382291179e+01 1.336443756309e+01 1 1 1 0.0 0.0 0.0
Se 1.509790437286e+01 1.526255625061e+01 1.336443756309e+01 1 1 1 0.0 0.0 0.0
Se 1.945243410707e+01 9.875222862413e+00 1.336443756309e+01 1 1 1 0.0 0.0 0.0
Se 3.589504360219e+00 1.041395620123e+01 1.336443756309e+01 1 1 1 0.0 0.0 0.0
Se 7.010920580155e+00 1.095268954005e+01 1.336443756309e+01 1 1 1 0.0 0.0 0.0
Se 1.043233680009e+01 1.149142287887e+01 1.336443756309e+01 1 1 1 0.0 0.0 0.0
Se 1.385375302003e+01 1.203015621769e+01 1.336443756309e+01 1 1 1 0.0 0.0 0.0
Se 1.727516923997e+01 1.256888955651e+01 1.336443756309e+01 1 1 1 0.0 0.0 0.0
Se 1.820828275423e+01 6.642822829497e+00 1.336443756309e+01 1 1 1 0.0 0.0 0.0
Se 2.345353007384e+00 7.181556168316e+00 1.336443756309e+01 1 1 1 0.0 0.0 0.0
Se 5.766769227321e+00 7.720289507135e+00 1.336443756309e+01 1 1 1 0.0 0.0 0.0
Se 9.188185447258e+00 8.259022845955e+00 1.336443756309e+01 1 1 1 0.0 0.0 0.0
Se 1.260960166719e+01 8.797756184774e+00 1.336443756309e+01 1 1 1 0.0 0.0 0.0
Se 1.603101788713e+01 9.336489523593e+00 1.336443756309e+01 1 1 1 0.0 0.0 0.0
Se 1.101201654549e+00 3.949156135400e+00 1.336443756309e+01 1 1 1 0.0 0.0 0.0
Se 4.522617874486e+00 4.487889474220e+00 1.336443756309e+01 1 1 1 0.0 0.0 0.0
Se 7.944034094423e+00 5.026622813039e+00 1.336443756309e+01 1 1 1 0.0 0.0 0.0
Se 1.136545031436e+01 5.565356151858e+00 1.336443756309e+01 1 1 1 0.0 0.0 0.0
Se 1.478686653430e+01 6.104089490678e+00 1.336443756309e+01 1 1 1 0.0 0.0 0.0
Se 1.914139626850e+01 7.167561024846e-01 1.336443756309e+01 1 1 1 0.0 0.0 0.0
Se 3.278466521652e+00 1.255489441304e+00 1.336443756309e+01 1 1 1 0.0 0.0 0.0
Se 6.699882741588e+00 1.794222780123e+00 1.336443756309e+01 1 1 1 0.0 0.0 0.0
Se 1.012129896153e+01 2.332956118942e+00 1.336443756309e+01 1 1 1 0.0 0.0 0.0
Se 1.354271518146e+01 2.871689457762e+00 1.336443756309e+01 1 1 1 0.0 0.0 0.0
Se 1.696413140140e+01 3.410422796581e+00 1.336443756309e+01 1 1 1 0.0 0.0 0.0
Se 1.914139626993e+01 3.411822310928e+01 1.336443756309e+01 1 1 1 0.0 0.0 0.0
Se 3.278466523085e+00 3.465695644810e+01 1.336443756309e+01 1 1 1 0.0 0.0 0.0
Se 6.699882743022e+00 3.519568978692e+01 1.336443756309e+01 1 1 1 0.0 0.0 0.0
Se 1.012129896296e+01 3.573442312574e+01 1.336443756309e+01 1 1 1 0.0 0.0 0.0
Se 1.354271518290e+01 3.627315646456e+01 1.336443756309e+01 1 1 1 0.0 0.0 0.0
Se 1.571998004856e+01 1.780227636653e-01 1.336443756309e+01 1 1 1 0.0 0.0 0.0
Se 3.587324242125e+00 3.269129129792e+01 1.951046802998e+01 1 1 1 0.0 0.0 0.0
Se 7.008740462062e+00 3.323002463674e+01 1.951046802998e+01 1 1 1 0.0 0.0 0.0
Se 1.043015668200e+01 3.376875797556e+01 1.951046802998e+01 1 1 1 0.0 0.0 0.0
Se 1.385157290194e+01 3.430749131438e+01 1.951046802998e+01 1 1 1 0.0 0.0 0.0
Se 1.727298912187e+01 3.484622465320e+01 1.951046802998e+01 1 1 1 0.0 0.0 0.0
Se 2.343172889291e+00 2.945889126500e+01 1.951046802998e+01 1 1 1 0.0 0.0 0.0
Se 5.764589109228e+00 2.999762460382e+01 1.951046802998e+01 1 1 1 0.0 0.0 0.0
Se 9.186005329164e+00 3.053635794264e+01 1.951046802998e+01 1 1 1 0.0 0.0 0.0
Se 1.260742154910e+01 3.107509128146e+01 1.951046802998e+01 1 1 1 0.0 0.0 0.0
Se 1.602883776904e+01 3.161382462028e+01 1.951046802998e+01 1 1 1 0.0 0.0 0.0
Se 1.945025398897e+01 3.215255795910e+01 1.951046802998e+01 1 1 1 0.0 0.0 0.0
Se 1.099021536456e+00 2.622649123209e+01 1.951046802998e+01 1 1 1 0.0 0.0 0.0
Se 4.520437756393e+00 2.676522457091e+01 1.951046802998e+01 1 1 1 0.0 0.0 0.0
Se 7.941853976330e+00 2.730395790973e+01 1.951046802998e+01 1 1 1 0.0 0.0 0.0
Se 1.136327019627e+01 2.784269124855e+01 1.951046802998e+01 1 1 1 0.0 0.0 0.0
Se 1.478468641620e+01 2.838142458737e+01 1.951046802998e+01 1 1 1 0.0 0.0 0.0
Se 1.820610263614e+01 2.892015792619e+01 1.951046802998e+01 1 1 1 0.0 0.0 0.0
Se 3.276286403558e+00 2.353282453799e+01 1.951046802998e+01 1 1 1 0.0 0.0 0.0
Se 6.697702623495e+00 2.407155787681e+01 1.951046802998e+01 1 1 1 0.0 0.0 0.0
Se 1.011911884343e+01 2.461029121563e+01 1.951046802998e+01 1 1 1 0.0 0.0 0.0
Se 1.354053506337e+01 2.514902455445e+01 1.951046802998e+01 1 1 1 0.0 0.0 0.0
Se 1.696195128331e+01 2.568775789327e+01 1.951046802998e+01 1 1 1 0.0 0.0 0.0
Se 2.032135050724e+00 2.030042450508e+01 1.951046802998e+01 1 1 1 0.0 0.0 0.0
Se 5.453551270661e+00 2.083915784390e+01 1.951046802998e+01 1 1 1 0.0 0.0 0.0
Se 8.874967490597e+00 2.137789118272e+01 1.951046802998e+01 1 1 1 0.0 0.0 0.0
Se 1.229638371053e+01 2.191662452153e+01 1.951046802998e+01 1 1 1 0.0 0.0 0.0
Se 1.571779993047e+01 2.245535786035e+01 1.951046802998e+01 1 1 1 0.0 0.0 0.0
Se 1.913921615041e+01 2.299409119917e+01 1.951046802998e+01 1 1 1 0.0 0.0 0.0
Se 7.879836978891e-01 1.706802447216e+01 1.951046802998e+01 1 1 1 0.0 0.0 0.0
Se 4.209399917826e+00 1.760675781098e+01 1.951046802998e+01 1 1 1 0.0 0.0 0.0
Se 7.630816137763e+00 1.814549114980e+01 1.951046802998e+01 1 1 1 0.0 0.0 0.0
Se 1.105223235770e+01 1.868422448862e+01 1.951046802998e+01 1 1 1 0.0 0.0 0.0
Se 1.447364857764e+01 1.922295782744e+01 1.951046802998e+01 1 1 1 0.0 0.0 0.0
Se 1.789506479757e+01 1.976169116626e+01 1.951046802998e+01 1 1 1 0.0 0.0 0.0
Se 2.965248564991e+00 1.437435777806e+01 1.951046802998e+01 1 1 1 0.0 0.0 0.0
Se 6.386664784928e+00 1.491309111688e+01 1.951046802998e+01 1 1 1 0.0 0.0 0.0
Se 9.808081004865e+00 1.545182445570e+01 1.951046802998e+01 1 1 1 0.0 0.0 0.0
Se 1.322949722480e+01 1.599055779452e+01 1.951046802998e+01 1 1 1 0.0 0.0 0.0
Se 1.665091344474e+01 1.652929113334e+01 1.951046802998e+01 1 1 1 0.0 0.0 0.0
Se 1.721097212157e+00 1.114195774515e+01 1.951046802998e+01 1 1 1 0.0 0.0 0.0
Se 5.142513432094e+00 1.168069108397e+01 1.951046802998e+01 1 1 1 0.0 0.0 0.0
Se 8.563929652030e+00 1.221942442279e+01 1.951046802998e+01 1 1 1 0.0 0.0 0.0
Se 1.198534587197e+01 1.275815776161e+01 1.951046802998e+01 1 1 1 0.0 0.0 0.0
Se 1.540676209190e+01 1.329689110043e+01 1.951046802998e+01 1 1 1 0.0 0.0 0.0
Se 1.882817831184e+01 1.383562443925e+01 1.951046802998e+01 1 1 1 0.0 0.0 0.0
Se 4.769458593222e-01 7.909557712233e+00 1.951046802998e+01 1 1 1 0.0 0.0 0.0
Se 3.898362079259e+00 8.448291051052e+00 1.951046802998e+01 1 1 1 0.0 0.0 0.0
Se 7.319778299196e+00 8.987024389872e+00 1.951046802998e+01 1 1 1 0.0 0.0 0.0
Se 1.074119451913e+01 9.525757728691e+00 1.951046802998e+01 1 1 1 0.0 0.0 0.0
Se 1.416261073907e+01 1.006449106751e+01 1.951046802998e+01 1 1 1 0.0 0.0 0.0
Se 1.758402695901e+01 1.060322440633e+01 1.951046802998e+01 1 1 1 0.0 0.0 0.0
Se 2.654210726424e+00 5.215891018137e+00 1.951046802998e+01 1 1 1 0.0 0.0 0.0
Se 6.075626946361e+00 5.754624356956e+00 1.951046802998e+01 1 1 1 0.0 0.0 0.0
Se 9.497043166298e+00 6.293357695775e+00 1.951046802998e+01 1 1 1 0.0 0.0 0.0
Se 1.291845938623e+01 6.832091034594e+00 1.951046802998e+01 1 1 1 0.0 0.0 0.0
Se 1.633987560617e+01 7.370824373414e+00 1.951046802998e+01 1 1 1 0.0 0.0 0.0
Se 1.410059373590e+00 1.983490985221e+00 1.951046802998e+01 1 1 1 0.0 0.0 0.0
Se 4.831475593527e+00 2.522224324040e+00 1.951046802998e+01 1 1 1 0.0 0.0 0.0
Se 8.252891813463e+00 3.060957662859e+00 1.951046802998e+01 1 1 1 0.0 0.0 0.0
Se 1.167430803340e+01 3.599691001679e+00 1.951046802998e+01 1 1 1 0.0 0.0 0.0
Se 1.509572425334e+01 4.138424340498e+00 1.951046802998e+01 1 1 1 0.0 0.0 0.0
Se 1.851714047327e+01 4.677157679317e+00 1.951046802998e+01 1 1 1 0.0 0.0 0.0
Se 1.410059375023e+00 3.538495799202e+01 1.951046802998e+01 1 1 1 0.0 0.0 0.0
Se 4.831475594960e+00 3.592369133084e+01 1.951046802998e+01 1 1 1 0.0 0.0 0.0
Se 8.252891814897e+00 3.646242466966e+01 1.951046802998e+01 1 1 1 0.0 0.0 0.0
Se 1.043015668057e+01 3.672909687630e-01 1.951046802998e+01 1 1 1 0.0 0.0 0.0
Se 1.385157290050e+01 9.060243075823e-01 1.951046802998e+01 1 1 1 0.0 0.0 0.0
Se 1.727298912044e+01 1.444757646402e+00 1.951046802998e+01 1 1 1 0.0 0.0 0.0
Se 5.133575629108e+00 3.210751527214e+01 3.998930533072e+01 1 1 1 0.0 0.0 0.0
Se 9.263099267876e+00 3.288695925171e+01 3.998930533072e+01 1 1 1 0.0 0.0 0.0
Se 1.339262290665e+01 3.366640323128e+01 3.998930533072e+01 1 1 1 0.0 0.0 0.0
Se 1.752214654541e+01 3.444584721085e+01 3.998930533072e+01 1 1 1 0.0 0.0 0.0
Se 3.770303402050e+00 2.821029537430e+01 3.998930533072e+01 1 1 1 0.0 0.0 0.0
Se 7.899827040819e+00 2.898973935387e+01 3.998930533072e+01 1 1 1 0.0 0.0 0.0
Se 1.202935067959e+01 2.976918333344e+01 3.998930533072e+01 1 1 1 0.0 0.0 0.0
Se 1.615887431836e+01 3.054862731301e+01 3.998930533072e+01 1 1 1 0.0 0.0 0.0
Se 2.028839795713e+01 3.132807129258e+01 3.998930533072e+01 1 1 1 0.0 0.0 0.0
Se 2.407031174993e+00 2.431307547646e+01 3.998930533072e+01 1 1 1 0.0 0.0 0.0
Se 6.536554813762e+00 2.509251945603e+01 3.998930533072e+01 1 1 1 0.0 0.0 0.0
Se 1.066607845253e+01 2.587196343560e+01 3.998930533072e+01 1 1 1 0.0 0.0 0.0
Se 1.479560209130e+01 2.665140741517e+01 3.998930533072e+01 1 1 1 0.0 0.0 0.0
Se 1.892512573007e+01 2.743085139473e+01 3.998930533072e+01 1 1 1 0.0 0.0 0.0
Se 5.173282586704e+00 2.119529955819e+01 3.998930533072e+01 1 1 1 0.0 0.0 0.0
Se 9.302806225473e+00 2.197474353776e+01 3.998930533072e+01 1 1 1 0.0 0.0 0.0
Se 1.343232986424e+01 2.275418751732e+01 3.998930533072e+01 1 1 1 0.0 0.0 0.0
Se 1.756185350301e+01 2.353363149689e+01 3.998930533072e+01 1 1 1 0.0 0.0 0.0
Se 3.810010359647e+00 1.729807966035e+01 3.998930533072e+01 1 1 1 0.0 0.0 0.0
Se 7.939533998416e+00 1.807752363991e+01 3.998930533072e+01 1 1 1 0.0 0.0 0.0
Se 1.206905763718e+01 1.885696761948e+01 3.998930533072e+01 1 1 1 0.0 0.0 0.0
Se 1.619858127595e+01 1.963641159905e+01 3.998930533072e+01 1 1 1 0.0 0.0 0.0
Se 1.043758947936e+00 2.041585557862e+01 3.998930533072e+01 1 1 1 0.0 0.0 0.0
Se 2.446738132589e+00 1.340085976250e+01 3.998930533072e+01 1 1 1 0.0 0.0 0.0
Se 6.576261771358e+00 1.418030374207e+01 3.998930533072e+01 1 1 1 0.0 0.0 0.0
Se 1.070578541013e+01 1.495974772164e+01 3.998930533072e+01 1 1 1 0.0 0.0 0.0
Se 1.483530904890e+01 1.573919170121e+01 3.998930533072e+01 1 1 1 0.0 0.0 0.0
Se 1.896483268766e+01 1.651863568078e+01 3.998930533072e+01 1 1 1 0.0 0.0 0.0
Se 5.212989544301e+00 1.028308384423e+01 3.998930533072e+01 1 1 1 0.0 0.0 0.0
Se 9.342513183069e+00 1.106252782380e+01 3.998930533072e+01 1 1 1 0.0 0.0 0.0
Se 1.347203682184e+01 1.184197180337e+01 3.998930533072e+01 1 1 1 0.0 0.0 0.0
Se 1.760156046061e+01 1.262141578294e+01 3.998930533072e+01 1 1 1 0.0 0.0 0.0
Se 3.849717317243e+00 6.385863946388e+00 3.998930533072e+01 1 1 1 0.0 0.0 0.0
Se 7.979240956012e+00 7.165307925957e+00 3.998930533072e+01 1 1 1 0.0 0.0 0.0
Se 1.210876459478e+01 7.944751905525e+00 3.998930533072e+01 1 1 1 0.0 0.0 0.0
Se 1.623828823355e+01 8.724195885093e+00 3.998930533072e+01 1 1 1 0.0 0.0 0.0
Se 1.083465905532e+00 9.503639864662e+00 3.998930533072e+01 1 1 1 0.0 0.0 0.0
Se 2.486445090186e+00 2.488644048547e+00 3.998930533072e+01 1 1 1 0.0 0.0 0.0
Se 6.615968728955e+00 3.268088028115e+00 3.998930533072e+01 1 1 1 0.0 0.0 0.0
Se 1.074549236772e+01 4.047532007683e+00 3.998930533072e+01 1 1 1 0.0 0.0 0.0
Se 1.487501600649e+01 4.826975987252e+00 3.998930533072e+01 1 1 1 0.0 0.0 0.0
Se 1.900453964526e+01 5.606419966820e+00 3.998930533072e+01 1 1 1 0.0 0.0 0.0
Se 2.367324217396e+00 3.522529119042e+01 3.998930533072e+01 1 1 1 0.0 0.0 0.0
Se 6.496847856165e+00 3.600473516998e+01 3.998930533072e+01 1 1 1 0.0 0.0 0.0
Se 9.382220140666e+00 1.503121098417e-01 3.998930533072e+01 1 1 1 0.0 0.0 0.0
Se 1.351174377943e+01 9.297560894101e-01 3.998930533072e+01 1 1 1 0.0 0.0 0.0
Se 1.764126741820e+01 1.709200068978e+00 3.998930533072e+01 1 1 1 0.0 0.0 0.0
Se 3.326774726919e+00 3.057695981447e+01 3.635172086532e+01 1 1 1 0.0 0.0 0.0
Se 7.456298365688e+00 3.135640379404e+01 3.635172086532e+01 1 1 1 0.0 0.0 0.0
Se 1.158582200446e+01 3.213584777361e+01 3.635172086532e+01 1 1 1 0.0 0.0 0.0
Se 1.571534564323e+01 3.291529175318e+01 3.635172086532e+01 1 1 1 0.0 0.0 0.0
Se 1.963502499862e+00 2.667973991663e+01 3.635172086532e+01 1 1 1 0.0 0.0 0.0
Se 6.093026138631e+00 2.745918389620e+01 3.635172086532e+01 1 1 1 0.0 0.0 0.0
Se 1.022254977740e+01 2.823862787577e+01 3.635172086532e+01 1 1 1 0.0 0.0 0.0
Se 1.435207341617e+01 2.901807185534e+01 3.635172086532e+01 1 1 1 0.0 0.0 0.0
Se 1.848159705494e+01 2.979751583491e+01 3.635172086532e+01 1 1 1 0.0 0.0 0.0
Se 1.988457623959e+01 2.278252001879e+01 3.635172086532e+01 1 1 1 0.0 0.0 0.0
Se 4.729753911573e+00 2.356196399836e+01 3.635172086532e+01 1 1 1 0.0 0.0 0.0
Se 8.859277550342e+00 2.434140797793e+01 3.635172086532e+01 1 1 1 0.0 0.0 0.0
Se 1.298880118911e+01 2.512085195750e+01 3.635172086532e+01 1 1 1 0.0 0.0 0.0
Se 1.711832482788e+01 2.590029593706e+01 3.635172086532e+01 1 1 1 0.0 0.0 0.0
Se 3.366481684516e+00 1.966474410052e+01 3.635172086532e+01 1 1 1 0.0 0.0 0.0
Se 7.496005323284e+00 2.044418808009e+01 3.635172086532e+01 1 1 1 0.0 0.0 0.0
Se 1.162552896205e+01 2.122363205965e+01 3.635172086532e+01 1 1 1 0.0 0.0 0.0
Se 1.575505260082e+01 2.200307603922e+01 3.635172086532e+01 1 1 1 0.0 0.0 0.0
Se 2.003209457458e+00 1.576752420268e+01 3.635172086532e+01 1 1 1 0.0 0.0 0.0
Se 6.132733096227e+00 1.654696818224e+01 3.635172086532e+01 1 1 1 0.0 0.0 0.0
Se 1.026225673500e+01 1.732641216181e+01 3.635172086532e+01 1 1 1 0.0 0.0 0.0
Se 1.439178037376e+01 1.810585614138e+01 3.635172086532e+01 1 1 1 0.0 0.0 0.0
Se 1.852130401253e+01 1.888530012095e+01 3.635172086532e+01 1 1 1 0.0 0.0 0.0
Se 6.399372304009e-01 1.187030430483e+01 3.635172086532e+01 1 1 1 0.0 0.0 0.0
Se 4.769460869170e+00 1.264974828440e+01 3.635172086532e+01 1 1 1 0.0 0.0 0.0
Se 8.898984507938e+00 1.342919226397e+01 3.635172086532e+01 1 1 1 0.0 0.0 0.0
Se 1.302850814671e+01 1.420863624354e+01 3.635172086532e+01 1 1 1 0.0 0.0 0.0
Se 1.715803178548e+01 1.498808022311e+01 3.635172086532e+01 1 1 1 0.0 0.0 0.0
Se 3.406188642112e+00 8.752528386561e+00 3.635172086532e+01 1 1 1 0.0 0.0 0.0
Se 7.535712280881e+00 9.531972366129e+00 3.635172086532e+01 1 1 1 0.0 0.0 0.0
Se 1.166523591965e+01 1.031141634570e+01 3.635172086532e+01 1 1 1 0.0 0.0 0.0
Se 1.579475955842e+01 1.109086032527e+01 3.635172086532e+01 1 1 1 0.0 0.0 0.0
Se 2.042916415055e+00 4.855308488719e+00 3.635172086532e+01 1 1 1 0.0 0.0 0.0
Se 6.172440053823e+00 5.634752468287e+00 3.635172086532e+01 1 1 1 0.0 0.0 0.0
Se 1.030196369259e+01 6.414196447856e+00 3.635172086532e+01 1 1 1 0.0 0.0 0.0
Se 1.443148733136e+01 7.193640427424e+00 3.635172086532e+01 1 1 1 0.0 0.0 0.0
Se 1.856101097013e+01 7.973084406992e+00 3.635172086532e+01 1 1 1 0.0 0.0 0.0
Se 6.796441879973e-01 9.580885908774e-01 3.635172086532e+01 1 1 1 0.0 0.0 0.0
Se 4.809167826766e+00 1.737532570446e+00 3.635172086532e+01 1 1 1 0.0 0.0 0.0
Se 8.938691465535e+00 2.516976550014e+00 3.635172086532e+01 1 1 1 0.0 0.0 0.0
Se 1.306821510430e+01 3.296420529582e+00 3.635172086532e+01 1 1 1 0.0 0.0 0.0
Se 1.719773874307e+01 4.075864509151e+00 3.635172086532e+01 1 1 1 0.0 0.0 0.0
Se 1.984486928199e+01 3.369473573275e+01 3.635172086532e+01 1 1 1 0.0 0.0 0.0
Se 4.690046953977e+00 3.447417971232e+01 3.635172086532e+01 1 1 1 0.0 0.0 0.0
Se 8.819570592745e+00 3.525362369188e+01 3.635172086532e+01 1 1 1 0.0 0.0 0.0
Se 1.294909423151e+01 3.603306767145e+01 3.635172086532e+01 1 1 1 0.0 0.0 0.0
Se 1.583446651601e+01 1.786446113091e-01 3.635172086532e+01 1 1 1 0.0 0.0 0.0
Se 5.612243745026e+00 2.979793760958e+01 3.271820175121e+01 1 1 1 0.0 0.0 0.0
Se 9.741767383794e+00 3.057738158915e+01 3.271820175121e+01 1 1 1 0.0 0.0 0.0
Se 1.387129102256e+01 3.135682556871e+01 3.271820175121e+01 1 1 1 0.0 0.0 0.0
Se 1.800081466133e+01 3.213626954828e+01 3.271820175121e+01 1 1 1 0.0 0.0 0.0
Se 4.248971517968e+00 2.590071771174e+01 3.271820175121e+01 1 1 1 0.0 0.0 0.0
Se 8.378495156737e+00 2.668016169130e+01 3.271820175121e+01 1 1 1 0.0 0.0 0.0
Se 1.250801879551e+01 2.745960567087e+01 3.271820175121e+01 1 1 1 0.0 0.0 0.0
Se 1.663754243427e+01 2.823904965044e+01 3.271820175121e+01 1 1 1 0.0 0.0 0.0
Se 1.482720106257e+00 2.901849363001e+01 3.271820175121e+01 1 1 1 0.0 0.0 0.0
Se 2.885699290911e+00 2.200349781389e+01 3.271820175121e+01 1 1 1 0.0 0.0 0.0
Se 7.015222929680e+00 2.278294179346e+01 3.271820175121e+01 1 1 1 0.0 0.0 0.0
Se 1.114474656845e+01 2.356238577303e+01 3.271820175121e+01 1 1 1 0.0 0.0 0.0
Se 1.527427020722e+01 2.434182975260e+01 3.271820175121e+01 1 1 1 0.0 0.0 0.0
Se 1.940379384599e+01 2.512127373217e+01 3.271820175121e+01 1 1 1 0.0 0.0 0.0
Se 5.651950702622e+00 1.888572189562e+01 3.271820175121e+01 1 1 1 0.0 0.0 0.0
Se 9.781474341391e+00 1.966516587519e+01 3.271820175121e+01 1 1 1 0.0 0.0 0.0
Se 1.391099798016e+01 2.044460985476e+01 3.271820175121e+01 1 1 1 0.0 0.0 0.0
Se 1.804052161893e+01 2.122405383433e+01 3.271820175121e+01 1 1 1 0.0 0.0 0.0
Se 4.288678475565e+00 1.498850199778e+01 3.271820175121e+01 1 1 1 0.0 0.0 0.0
Se 8.418202114333e+00 1.576794597735e+01 3.271820175121e+01 1 1 1 0.0 0.0 0.0
Se 1.254772575310e+01 1.654738995692e+01 3.271820175121e+01 1 1 1 0.0 0.0 0.0
Se 1.667724939187e+01 1.732683393648e+01 3.271820175121e+01 1 1 1 0.0 0.0 0.0
Se 1.522427063853e+00 1.810627791605e+01 3.271820175121e+01 1 1 1 0.0 0.0 0.0
Se 2.925406248507e+00 1.109128209994e+01 3.271820175121e+01 1 1 1 0.0 0.0 0.0
Se 7.054929887276e+00 1.187072607951e+01 3.271820175121e+01 1 1 1 0.0 0.0 0.0
Se 1.118445352604e+01 1.265017005907e+01 3.271820175121e+01 1 1 1 0.0 0.0 0.0
Se 1.531397716481e+01 1.342961403864e+01 3.271820175121e+01 1 1 1 0.0 0.0 0.0
Se 1.944350080358e+01 1.420905801821e+01 3.271820175121e+01 1 1 1 0.0 0.0 0.0
Se 5.691657660219e+00 7.973506181663e+00 3.271820175121e+01 1 1 1 0.0 0.0 0.0
Se 9.821181298987e+00 8.752950161232e+00 3.271820175121e+01 1 1 1 0.0 0.0 0.0
Se 1.395070493776e+01 9.532394140800e+00 3.271820175121e+01 1 1 1 0.0 0.0 0.0
Se 1.808022857652e+01 1.031183812037e+01 3.271820175121e+01 1 1 1 0.0 0.0 0.0
Se 4.328385433161e+00 4.076286283822e+00 3.271820175121e+01 1 1 1 0.0 0.0 0.0
Se 8.457909071930e+00 4.855730263390e+00 3.271820175121e+01 1 1 1 0.0 0.0 0.0
Se 1.258743271070e+01 5.635174242958e+00 3.271820175121e+01 1 1 1 0.0 0.0 0.0
Se 1.671695634947e+01 6.414618222527e+00 3.271820175121e+01 1 1 1 0.0 0.0 0.0
Se 1.562134021450e+00 7.194062202095e+00 3.271820175121e+01 1 1 1 0.0 0.0 0.0
Se 2.965113206104e+00 1.790663859801e-01 3.271820175121e+01 1 1 1 0.0 0.0 0.0
Se 7.094636844873e+00 9.585103655485e-01 3.271820175121e+01 1 1 1 0.0 0.0 0.0
Se 1.122416048364e+01 1.737954345117e+00 3.271820175121e+01 1 1 1 0.0 0.0 0.0
Se 1.535368412241e+01 2.517398324685e+00 3.271820175121e+01 1 1 1 0.0 0.0 0.0
Se 1.988617943925e-01 3.296842304253e+00 3.271820175121e+01 1 1 1 0.0 0.0 0.0
Se 2.845992333314e+00 3.291571352785e+01 3.271820175121e+01 1 1 1 0.0 0.0 0.0
Se 6.975515972083e+00 3.369515750742e+01 3.271820175121e+01 1 1 1 0.0 0.0 0.0
Se 1.110503961085e+01 3.447460148699e+01 3.271820175121e+01 1 1 1 0.0 0.0 0.0
Se 1.523456324962e+01 3.525404546656e+01 3.271820175121e+01 1 1 1 0.0 0.0 0.0
Se 1.936408688839e+01 3.603348944612e+01 3.271820175121e+01 1 1 1 0.0 0.0 0.0
Se 3.276996134340e+00 3.064216019794e+01 2.995146533993e+01 1 1 1 0.0 0.0 0.0
Se 7.406519773109e+00 3.142160417751e+01 2.995146533993e+01 1 1 1 0.0 0.0 0.0
Se 1.153604341188e+01 3.220104815708e+01 2.995146533993e+01 1 1 1 0.0 0.0 0.0
Se 1.566556705065e+01 3.298049213664e+01 2.995146533993e+01 1 1 1 0.0 0.0 0.0
Se 1.913723907283e+00 2.674494030010e+01 2.995146533993e+01 1 1 1 0.0 0.0 0.0
Se 6.043247546051e+00 2.752438427967e+01 2.995146533993e+01 1 1 1 0.0 0.0 0.0
Se 1.017277118482e+01 2.830382825923e+01 2.995146533993e+01 1 1 1 0.0 0.0 0.0
Se 1.430229482359e+01 2.908327223880e+01 2.995146533993e+01 1 1 1 0.0 0.0 0.0
Se 1.843181846236e+01 2.986271621837e+01 2.995146533993e+01 1 1 1 0.0 0.0 0.0
Se 1.983479764701e+01 2.284772040226e+01 2.995146533993e+01 1 1 1 0.0 0.0 0.0
Se 4.679975318994e+00 2.362716438182e+01 2.995146533993e+01 1 1 1 0.0 0.0 0.0
Se 8.809498957763e+00 2.440660836139e+01 2.995146533993e+01 1 1 1 0.0 0.0 0.0
Se 1.293902259653e+01 2.518605234096e+01 2.995146533993e+01 1 1 1 0.0 0.0 0.0
Se 1.706854623530e+01 2.596549632053e+01 2.995146533993e+01 1 1 1 0.0 0.0 0.0
Se 3.316703091937e+00 1.972994448398e+01 2.995146533993e+01 1 1 1 0.0 0.0 0.0
Se 7.446226730705e+00 2.050938846355e+01 2.995146533993e+01 1 1 1 0.0 0.0 0.0
Se 1.157575036947e+01 2.128883244312e+01 2.995146533993e+01 1 1 1 0.0 0.0 0.0
Se 1.570527400824e+01 2.206827642269e+01 2.995146533993e+01 1 1 1 0.0 0.0 0.0
Se 1.953430864879e+00 1.583272458614e+01 2.995146533993e+01 1 1 1 0.0 0.0 0.0
Se 6.082954503648e+00 1.661216856571e+01 2.995146533993e+01 1 1 1 0.0 0.0 0.0
Se 1.021247814242e+01 1.739161254528e+01 2.995146533993e+01 1 1 1 0.0 0.0 0.0
Se 1.434200178119e+01 1.817105652485e+01 2.995146533993e+01 1 1 1 0.0 0.0 0.0
Se 1.847152541995e+01 1.895050050441e+01 2.995146533993e+01 1 1 1 0.0 0.0 0.0
Se 5.901586378217e-01 1.193550468830e+01 2.995146533993e+01 1 1 1 0.0 0.0 0.0
Se 4.719682276590e+00 1.271494866787e+01 2.995146533993e+01 1 1 1 0.0 0.0 0.0
Se 8.849205915359e+00 1.349439264744e+01 2.995146533993e+01 1 1 1 0.0 0.0 0.0
Se 1.297872955413e+01 1.427383662700e+01 2.995146533993e+01 1 1 1 0.0 0.0 0.0
Se 1.710825319290e+01 1.505328060657e+01 2.995146533993e+01 1 1 1 0.0 0.0 0.0
Se 3.356410049533e+00 8.817728770026e+00 2.995146533993e+01 1 1 1 0.0 0.0 0.0
Se 7.485933688302e+00 9.597172749595e+00 2.995146533993e+01 1 1 1 0.0 0.0 0.0
Se 1.161545732707e+01 1.037661672916e+01 2.995146533993e+01 1 1 1 0.0 0.0 0.0
Se 1.574498096584e+01 1.115606070873e+01 2.995146533993e+01 1 1 1 0.0 0.0 0.0
Se 1.993137822476e+00 4.920508872185e+00 2.995146533993e+01 1 1 1 0.0 0.0 0.0
Se 6.122661461244e+00 5.699952851753e+00 2.995146533993e+01 1 1 1 0.0 0.0 0.0
Se 1.025218510001e+01 6.479396831321e+00 2.995146533993e+01 1 1 1 0.0 0.0 0.0
Se 1.438170873878e+01 7.258840810890e+00 2.995146533993e+01 1 1 1 0.0 0.0 0.0
Se 1.851123237755e+01 8.038284790458e+00 2.995146533993e+01 1 1 1 0.0 0.0 0.0
Se 6.298655954182e-01 1.023288974343e+00 2.995146533993e+01 1 1 1 0.0 0.0 0.0
Se 4.759389234187e+00 1.802732953911e+00 2.995146533993e+01 1 1 1 0.0 0.0 0.0
Se 8.888912872956e+00 2.582176933480e+00 2.995146533993e+01 1 1 1 0.0 0.0 0.0
Se 1.301843651172e+01 3.361620913048e+00 2.995146533993e+01 1 1 1 0.0 0.0 0.0
Se 1.714796015049e+01 4.141064892616e+00 2.995146533993e+01 1 1 1 0.0 0.0 0.0
Se 1.979509068941e+01 3.375993611621e+01 2.995146533993e+01 1 1 1 0.0 0.0 0.0
Se 4.640268361397e+00 3.453938009578e+01 2.995146533993e+01 1 1 1 0.0 0.0 0.0
Se 8.769792000166e+00 3.531882407535e+01 2.995146533993e+01 1 1 1 0.0 0.0 0.0
Se 1.289931563893e+01 3.609826805492e+01 2.995146533993e+01 1 1 1 0.0 0.0 0.0
Se 1.578468792344e+01 2.438449947748e-01 2.995146533993e+01 1 1 1 0.0 0.0 0.0
Se 5.556348817299e+00 2.985769988503e+01 2.633360299309e+01 1 1 1 0.0 0.0 0.0
Se 9.685872456067e+00 3.063714386460e+01 2.633360299309e+01 1 1 1 0.0 0.0 0.0
Se 1.381539609484e+01 3.141658784416e+01 2.633360299309e+01 1 1 1 0.0 0.0 0.0
Se 1.794491973360e+01 3.219603182373e+01 2.633360299309e+01 1 1 1 0.0 0.0 0.0
Se 4.193076590241e+00 2.596047998719e+01 2.633360299309e+01 1 1 1 0.0 0.0 0.0
Se 8.322600229010e+00 2.673992396675e+01 2.633360299309e+01 1 1 1 0.0 0.0 0.0
Se 1.245212386778e+01 2.751936794632e+01 2.633360299309e+01 1 1 1 0.0 0.0 0.0
Se 1.658164750655e+01 2.829881192589e+01 2.633360299309e+01 1 1 1 0.0 0.0 0.0
Se 1.426825178530e+00 2.907825590546e+01 2.633360299309e+01 1 1 1 0.0 0.0 0.0
Se 2.829804363184e+00 2.206326008934e+01 2.633360299309e+01 1 1 1 0.0 0.0 0.0
Se 6.959328001952e+00 2.284270406891e+01 2.633360299309e+01 1 1 1 0.0 0.0 0.0
Se 1.108885164072e+01 2.362214804848e+01 2.633360299309e+01 1 1 1 0.0 0.0 0.0
Se 1.521837527949e+01 2.440159202805e+01 2.633360299309e+01 1 1 1 0.0 0.0 0.0
Se 1.934789891826e+01 2.518103600762e+01 2.633360299309e+01 1 1 1 0.0 0.0 0.0
Se 5.596055774895e+00 1.894548417107e+01 2.633360299309e+01 1 1 1 0.0 0.0 0.0
Se 9.725579413664e+00 1.972492815064e+01 2.633360299309e+01 1 1 1 0.0 0.0 0.0
Se 1.385510305243e+01 2.050437213021e+01 2.633360299309e+01 1 1 1 0.0 0.0 0.0
Se 1.798462669120e+01 2.128381610978e+01 2.633360299309e+01 1 1 1 0.0 0.0 0.0
Se 4.232783547838e+00 1.504826427323e+01 2.633360299309e+01 1 1 1 0.0 0.0 0.0
Se 8.362307186606e+00 1.582770825280e+01 2.633360299309e+01 1 1 1 0.0 0.0 0.0
Se 1.249183082538e+01 1.660715223237e+01 2.633360299309e+01 1 1 1 0.0 0.0 0.0
Se 1.662135446414e+01 1.738659621193e+01 2.633360299309e+01 1 1 1 0.0 0.0 0.0
Se 1.466532136126e+00 1.816604019150e+01 2.633360299309e+01 1 1 1 0.0 0.0 0.0
Se 2.869511320780e+00 1.115104437539e+01 2.633360299309e+01 1 1 1 0.0 0.0 0.0
Se 6.999034959549e+00 1.193048835496e+01 2.633360299309e+01 1 1 1 0.0 0.0 0.0
Se 1.112855859832e+01 1.270993233452e+01 2.633360299309e+01 1 1 1 0.0 0.0 0.0
Se 1.525808223709e+01 1.348937631409e+01 2.633360299309e+01 1 1 1 0.0 0.0 0.0
Se 1.938760587586e+01 1.426882029366e+01 2.633360299309e+01 1 1 1 0.0 0.0 0.0
Se 5.635762732492e+00 8.033268457114e+00 2.633360299309e+01 1 1 1 0.0 0.0 0.0
Se 9.765286371260e+00 8.812712436682e+00 2.633360299309e+01 1 1 1 0.0 0.0 0.0
Se 1.389481001003e+01 9.592156416251e+00 2.633360299309e+01 1 1 1 0.0 0.0 0.0
Se 1.802433364880e+01 1.037160039582e+01 2.633360299309e+01 1 1 1 0.0 0.0 0.0
Se 4.272490505434e+00 4.136048559272e+00 2.633360299309e+01 1 1 1 0.0 0.0 0.0
Se 8.402014144203e+00 4.915492538841e+00 2.633360299309e+01 1 1 1 0.0 0.0 0.0
Se 1.253153778297e+01 5.694936518409e+00 2.633360299309e+01 1 1 1 0.0 0.0 0.0
Se 1.666106142174e+01 6.474380497977e+00 2.633360299309e+01 1 1 1 0.0 0.0 0.0
Se 1.506239093723e+00 7.253824477546e+00 2.633360299309e+01 1 1 1 0.0 0.0 0.0
Se 2.909218278377e+00 2.388286614308e-01 2.633360299309e+01 1 1 1 0.0 0.0 0.0
Se 7.038741917145e+00 1.018272640999e+00 2.633360299309e+01 1 1 1 0.0 0.0 0.0
Se 1.116826555591e+01 1.797716620567e+00 2.633360299309e+01 1 1 1 0.0 0.0 0.0
Se 1.529778919468e+01 2.577160600136e+00 2.633360299309e+01 1 1 1 0.0 0.0 0.0
Se 1.429668666654e-01 3.356604579704e+00 2.633360299309e+01 1 1 1 0.0 0.0 0.0
Se 2.790097405587e+00 3.297547580330e+01 2.633360299309e+01 1 1 1 0.0 0.0 0.0
Se 6.919621044356e+00 3.375491978287e+01 2.633360299309e+01 1 1 1 0.0 0.0 0.0
Se 1.104914468312e+01 3.453436376244e+01 2.633360299309e+01 1 1 1 0.0 0.0 0.0
Se 1.517866832189e+01 3.531380774201e+01 2.633360299309e+01 1 1 1 0.0 0.0 0.0
Se 1.930819196066e+01 3.609325172157e+01 2.633360299309e+01 1 1 1 0.0 0.0 0.0
Se 5.082906761373e+00 3.218349205404e+01 2.271046802998e+01 1 1 1 0.0 0.0 0.0
Se 9.212430400141e+00 3.296293603361e+01 2.271046802998e+01 1 1 1 0.0 0.0 0.0
Se 1.334195403891e+01 3.374238001318e+01 2.271046802998e+01 1 1 1 0.0 0.0 0.0
Se 1.747147767768e+01 3.452182399274e+01 2.271046802998e+01 1 1 1 0.0 0.0 0.0
Se 3.719634534315e+00 2.828627215620e+01 2.271046802998e+01 1 1 1 0.0 0.0 0.0
Se 7.849158173084e+00 2.906571613577e+01 2.271046802998e+01 1 1 1 0.0 0.0 0.0
Se 1.197868181185e+01 2.984516011533e+01 2.271046802998e+01 1 1 1 0.0 0.0 0.0
Se 1.610820545062e+01 3.062460409490e+01 2.271046802998e+01 1 1 1 0.0 0.0 0.0
Se 2.023772908939e+01 3.140404807447e+01 2.271046802998e+01 1 1 1 0.0 0.0 0.0
Se 2.356362307258e+00 2.438905225836e+01 2.271046802998e+01 1 1 1 0.0 0.0 0.0
Se 6.485885946027e+00 2.516849623792e+01 2.271046802998e+01 1 1 1 0.0 0.0 0.0
Se 1.061540958480e+01 2.594794021749e+01 2.271046802998e+01 1 1 1 0.0 0.0 0.0
Se 1.474493322356e+01 2.672738419706e+01 2.271046802998e+01 1 1 1 0.0 0.0 0.0
Se 1.887445686233e+01 2.750682817663e+01 2.271046802998e+01 1 1 1 0.0 0.0 0.0
Se 5.122613718969e+00 2.127127634008e+01 2.271046802998e+01 1 1 1 0.0 0.0 0.0
Se 9.252137357738e+00 2.205072031965e+01 2.271046802998e+01 1 1 1 0.0 0.0 0.0
Se 1.338166099651e+01 2.283016429922e+01 2.271046802998e+01 1 1 1 0.0 0.0 0.0
Se 1.751118463528e+01 2.360960827879e+01 2.271046802998e+01 1 1 1 0.0 0.0 0.0
Se 3.759341491912e+00 1.737405644224e+01 2.271046802998e+01 1 1 1 0.0 0.0 0.0
Se 7.888865130680e+00 1.815350042181e+01 2.271046802998e+01 1 1 1 0.0 0.0 0.0
Se 1.201838876945e+01 1.893294440138e+01 2.271046802998e+01 1 1 1 0.0 0.0 0.0
Se 1.614791240822e+01 1.971238838095e+01 2.271046802998e+01 1 1 1 0.0 0.0 0.0
Se 9.930900802004e-01 2.049183236051e+01 2.271046802998e+01 1 1 1 0.0 0.0 0.0
Se 2.396069264854e+00 1.347683654440e+01 2.271046802998e+01 1 1 1 0.0 0.0 0.0
Se 6.525592903623e+00 1.425628052397e+01 2.271046802998e+01 1 1 1 0.0 0.0 0.0
Se 1.065511654239e+01 1.503572450354e+01 2.271046802998e+01 1 1 1 0.0 0.0 0.0
Se 1.478464018116e+01 1.581516848310e+01 2.271046802998e+01 1 1 1 0.0 0.0 0.0
Se 1.891416381993e+01 1.659461246267e+01 2.271046802998e+01 1 1 1 0.0 0.0 0.0
Se 5.162320676566e+00 1.035906062613e+01 2.271046802998e+01 1 1 1 0.0 0.0 0.0
Se 9.291844315334e+00 1.113850460569e+01 2.271046802998e+01 1 1 1 0.0 0.0 0.0
Se 1.342136795410e+01 1.191794858526e+01 2.271046802998e+01 1 1 1 0.0 0.0 0.0
Se 1.755089159287e+01 1.269739256483e+01 2.271046802998e+01 1 1 1 0.0 0.0 0.0
Se 3.799048449508e+00 6.461840728284e+00 2.271046802998e+01 1 1 1 0.0 0.0 0.0
Se 7.928572088277e+00 7.241284707852e+00 2.271046802998e+01 1 1 1 0.0 0.0 0.0
Se 1.205809572705e+01 8.020728687421e+00 2.271046802998e+01 1 1 1 0.0 0.0 0.0
Se 1.618761936581e+01 8.800172666989e+00 2.271046802998e+01 1 1 1 0.0 0.0 0.0
Se 1.032797037797e+00 9.579616646557e+00 2.271046802998e+01 1 1 1 0.0 0.0 0.0
Se 2.435776222451e+00 2.564620830442e+00 2.271046802998e+01 1 1 1 0.0 0.0 0.0
Se 6.565299861219e+00 3.344064810011e+00 2.271046802998e+01 1 1 1 0.0 0.0 0.0
Se 1.069482349999e+01 4.123508789579e+00 2.271046802998e+01 1 1 1 0.0 0.0 0.0
Se 1.482434713876e+01 4.902952769147e+00 2.271046802998e+01 1 1 1 0.0 0.0 0.0
Se 1.895387077753e+01 5.682396748716e+00 2.271046802998e+01 1 1 1 0.0 0.0 0.0
Se 2.316655349661e+00 3.530126797231e+01 2.271046802998e+01 1 1 1 0.0 0.0 0.0
Se 6.446178988430e+00 3.608071195188e+01 2.271046802998e+01 1 1 1 0.0 0.0 0.0
Se 9.331551272931e+00 2.262888917373e-01 2.271046802998e+01 1 1 1 0.0 0.0 0.0
Se 1.346107491170e+01 1.005732871306e+00 2.271046802998e+01 1 1 1 0.0 0.0 0.0
Se 1.759059855047e+01 1.785176850874e+00 2.271046802998e+01 1 1 1 0.0 0.0 0.0
"