calculation_mode = "Quench Electrons"
cell_relax = "False"
charge_density_mixing = "0.1"
charge_mixing_type = "Broyden"
description = "Example parameters for high-throughput bulk relaxation of a vdW material"
dos_broading = "0.05"
dos_method = "Gaussian"
energy_convergence_criterion = "1e-10"
energy_output_units = "Hartrees"
kohn_sham_mucycles = "3"
kohn_sham_solver = "davidson"
kpoint_mesh = "1 1 1"
localize_projectors = "False"
max_md_steps = "100"
max_scf_steps = "200"
non_local_block_size = "4000"
potential_acceleration_constant_step = "1.5"
processor_grid = "7 8 17"
rms_convergence_criterion = "1e-08"
scalapack_block_factor = "64"
start_mode = "LCAO Start"
state_block_size = "64"
stress = "True"
subdiag_driver = "scalapack"
use_async_allreduce = "False"
vdw_corr = "DFT-D3"
vdwdf_kernel_filepath = "/lustre/orion/world-shared/cph162/rjmorelock/rmgdft/XC/vdW_kernel_table"
wavefunction_grid = "154 156 378"
write_data_period = "50"

atomic_coordinate_type = "Absolute"
crds_units = "Angstrom"
lattice_units = "Angstrom"

lattice_vector = "
1.799724170954e+01 0.000000000000e+00 1.100000000000e-15
5.999080570806e+00 1.731785390890e+01 1.100000000000e-15
0.000000000000e+00 0.000000000000e+00 4.446241589303e+01
"
atoms = "
Nb 2.011018101410e+01 1.183840151378e+01 1.532833092694e+01 1 1 1 0.0 0.0 0.0
Nb 1.411110044426e+01 1.183840151378e+01 1.532833092694e+01 1 1 1 0.0 0.0 0.0
Nb 1.711064072908e+01 1.010661612289e+01 1.532833092694e+01 1 1 1 0.0 0.0 0.0
Nb 2.011018101391e+01 8.374830732000e+00 1.532833092694e+01 1 1 1 0.0 0.0 0.0
Nb 8.112019874409e+00 1.183840151378e+01 1.532833092694e+01 1 1 1 0.0 0.0 0.0
Nb 1.111156015924e+01 1.010661612289e+01 1.532833092694e+01 1 1 1 0.0 0.0 0.0
Nb 1.411110044406e+01 8.374830732000e+00 1.532833092694e+01 1 1 1 0.0 0.0 0.0
Nb 1.711064072889e+01 6.643045341110e+00 1.532833092694e+01 1 1 1 0.0 0.0 0.0
Nb 5.112479589390e+00 1.010661612289e+01 1.532833092694e+01 1 1 1 0.0 0.0 0.0
Nb 8.112019874218e+00 8.374830732000e+00 1.532833092694e+01 1 1 1 0.0 0.0 0.0
Nb 1.111156015904e+01 6.643045341110e+00 1.532833092694e+01 1 1 1 0.0 0.0 0.0
Nb 1.411110044387e+01 4.911259950220e+00 1.532833092694e+01 1 1 1 0.0 0.0 0.0
Nb 1.711064072870e+01 3.179474559330e+00 1.532833092694e+01 1 1 1 0.0 0.0 0.0
Nb 5.112479589198e+00 6.643045341110e+00 1.532833092694e+01 1 1 1 0.0 0.0 0.0
Nb 8.112019874026e+00 4.911259950220e+00 1.532833092694e+01 1 1 1 0.0 0.0 0.0
Nb 1.111156015885e+01 3.179474559330e+00 1.532833092694e+01 1 1 1 0.0 0.0 0.0
Nb 1.411110044368e+01 1.447689168439e+00 1.532833092694e+01 1 1 1 0.0 0.0 0.0
Nb 2.310972129931e+01 1.703375768645e+01 1.532833092694e+01 1 1 1 0.0 0.0 0.0
Nb 2.112939304179e+00 4.911259950220e+00 1.532833092694e+01 1 1 1 0.0 0.0 0.0
Nb 5.112479589006e+00 3.179474559330e+00 1.532833092694e+01 1 1 1 0.0 0.0 0.0
Nb 8.112019873834e+00 1.447689168439e+00 1.532833092694e+01 1 1 1 0.0 0.0 0.0
Nb 1.711064072947e+01 1.703375768645e+01 1.532833092694e+01 1 1 1 0.0 0.0 0.0
Nb 2.011018101429e+01 1.530197229556e+01 1.532833092694e+01 1 1 1 0.0 0.0 0.0
Nb 2.112939303987e+00 1.447689168439e+00 1.532833092694e+01 1 1 1 0.0 0.0 0.0
Nb 1.111156015962e+01 1.703375768645e+01 1.532833092694e+01 1 1 1 0.0 0.0 0.0
Nb 1.411110044445e+01 1.530197229556e+01 1.532833092694e+01 1 1 1 0.0 0.0 0.0
Nb 1.711064072928e+01 1.357018690467e+01 1.532833092694e+01 1 1 1 0.0 0.0 0.0
Nb 8.112019874601e+00 1.530197229556e+01 1.532833092694e+01 1 1 1 0.0 0.0 0.0
Nb 1.111156015943e+01 1.357018690467e+01 1.532833092694e+01 1 1 1 0.0 0.0 0.0
Nb 5.112479589582e+00 1.357018690467e+01 1.532833092694e+01 1 1 1 0.0 0.0 0.0
Nb 2.010615409863e+01 1.182946101270e+01 9.182088683320e+00 1 1 1 0.0 0.0 0.0
Nb 1.410707352879e+01 1.182946101270e+01 9.182088683320e+00 1 1 1 0.0 0.0 0.0
Nb 1.710661381361e+01 1.009767562181e+01 9.182088683320e+00 1 1 1 0.0 0.0 0.0
Nb 2.010615409844e+01 8.365890230922e+00 9.182088683320e+00 1 1 1 0.0 0.0 0.0
Nb 8.107992958940e+00 1.182946101270e+01 9.182088683320e+00 1 1 1 0.0 0.0 0.0
Nb 1.110753324377e+01 1.009767562181e+01 9.182088683320e+00 1 1 1 0.0 0.0 0.0
Nb 1.410707352859e+01 8.365890230922e+00 9.182088683320e+00 1 1 1 0.0 0.0 0.0
Nb 1.710661381342e+01 6.634104840031e+00 9.182088683320e+00 1 1 1 0.0 0.0 0.0
Nb 5.108452673920e+00 1.009767562181e+01 9.182088683320e+00 1 1 1 0.0 0.0 0.0
Nb 8.107992958748e+00 8.365890230922e+00 9.182088683320e+00 1 1 1 0.0 0.0 0.0
Nb 1.110753324357e+01 6.634104840031e+00 9.182088683320e+00 1 1 1 0.0 0.0 0.0
Nb 1.410707352840e+01 4.902319449141e+00 9.182088683320e+00 1 1 1 0.0 0.0 0.0
Nb 1.710661381323e+01 3.170534058251e+00 9.182088683320e+00 1 1 1 0.0 0.0 0.0
Nb 5.108452673728e+00 6.634104840031e+00 9.182088683320e+00 1 1 1 0.0 0.0 0.0
Nb 8.107992958556e+00 4.902319449141e+00 9.182088683320e+00 1 1 1 0.0 0.0 0.0
Nb 1.110753324338e+01 3.170534058251e+00 9.182088683320e+00 1 1 1 0.0 0.0 0.0
Nb 1.410707352821e+01 1.438748667361e+00 9.182088683320e+00 1 1 1 0.0 0.0 0.0
Nb 2.310569438384e+01 1.702481718537e+01 9.182088683320e+00 1 1 1 0.0 0.0 0.0
Nb 2.108912388709e+00 4.902319449141e+00 9.182088683320e+00 1 1 1 0.0 0.0 0.0
Nb 5.108452673536e+00 3.170534058251e+00 9.182088683320e+00 1 1 1 0.0 0.0 0.0
Nb 8.107992958364e+00 1.438748667361e+00 9.182088683320e+00 1 1 1 0.0 0.0 0.0
Nb 1.710661381400e+01 1.702481718537e+01 9.182088683320e+00 1 1 1 0.0 0.0 0.0
Nb 2.010615409882e+01 1.529303179448e+01 9.182088683320e+00 1 1 1 0.0 0.0 0.0
Nb 2.108912388517e+00 1.438748667361e+00 9.182088683320e+00 1 1 1 0.0 0.0 0.0
Nb 1.110753324415e+01 1.702481718537e+01 9.182088683320e+00 1 1 1 0.0 0.0 0.0
Nb 1.410707352898e+01 1.529303179448e+01 9.182088683320e+00 1 1 1 0.0 0.0 0.0
Nb 1.710661381381e+01 1.356124640359e+01 9.182088683320e+00 1 1 1 0.0 0.0 0.0
Nb 8.107992959132e+00 1.529303179448e+01 9.182088683320e+00 1 1 1 0.0 0.0 0.0
Nb 1.110753324396e+01 1.356124640359e+01 9.182088683320e+00 1 1 1 0.0 0.0 0.0
Nb 5.108452674112e+00 1.356124640359e+01 9.182088683320e+00 1 1 1 0.0 0.0 0.0
Bi 1.003554163839e+01 1.344811141112e+00 3.532095071834e+01 1 1 1 0.0 0.0 0.0
Bi 1.385313836474e+01 2.919161496466e+00 3.532095071834e+01 1 1 1 0.0 0.0 0.0
Bi 1.767073509109e+01 4.493511851821e+00 3.532095071834e+01 1 1 1 0.0 0.0 0.0
Bi 1.712536412998e+01 5.576359634345e-01 3.532095071834e+01 1 1 1 0.0 0.0 0.0
Bi 2.945719146792e+00 2.131986318789e+00 3.532095071834e+01 1 1 1 0.0 0.0 0.0
Bi 6.763315873145e+00 3.706336674144e+00 3.532095071834e+01 1 1 1 0.0 0.0 0.0
Bi 1.058091259950e+01 5.280687029498e+00 3.532095071834e+01 1 1 1 0.0 0.0 0.0
Bi 1.439850932585e+01 6.855037384853e+00 3.532095071834e+01 1 1 1 0.0 0.0 0.0
Bi 1.821610605220e+01 8.429387740208e+00 3.532095071834e+01 1 1 1 0.0 0.0 0.0
Bi 3.491090107905e+00 6.067862207176e+00 3.532095071834e+01 1 1 1 0.0 0.0 0.0
Bi 7.308686834259e+00 7.642212562530e+00 3.532095071834e+01 1 1 1 0.0 0.0 0.0
Bi 1.112628356061e+01 9.216562917885e+00 3.532095071834e+01 1 1 1 0.0 0.0 0.0
Bi 1.494388028696e+01 1.079091327324e+01 3.532095071834e+01 1 1 1 0.0 0.0 0.0
Bi 1.876147701332e+01 1.236526362859e+01 3.532095071834e+01 1 1 1 0.0 0.0 0.0
Bi 4.036461069019e+00 1.000373809556e+01 3.532095071834e+01 1 1 1 0.0 0.0 0.0
Bi 7.854057795372e+00 1.157808845092e+01 3.532095071834e+01 1 1 1 0.0 0.0 0.0
Bi 1.167165452173e+01 1.315243880627e+01 3.532095071834e+01 1 1 1 0.0 0.0 0.0
Bi 1.548925124808e+01 1.472678916163e+01 3.532095071834e+01 1 1 1 0.0 0.0 0.0
Bi 1.930684797443e+01 1.630113951698e+01 3.532095071834e+01 1 1 1 0.0 0.0 0.0
Bi 2.257907373967e+01 1.393961398395e+01 3.532095071834e+01 1 1 1 0.0 0.0 0.0
Bi 8.399428756485e+00 1.551396433930e+01 3.532095071834e+01 1 1 1 0.0 0.0 0.0
Bi 1.221702548284e+01 1.708831469466e+01 3.532095071834e+01 1 1 1 0.0 0.0 0.0
Bi 7.694052276685e+00 1.580771373562e+00 3.133430771007e+01 1 1 1 0.0 0.0 0.0
Bi 1.151164900304e+01 3.155121728916e+00 3.133430771007e+01 1 1 1 0.0 0.0 0.0
Bi 1.532924572939e+01 4.729472084271e+00 3.133430771007e+01 1 1 1 0.0 0.0 0.0
Bi 1.478387476828e+01 7.935961958844e-01 3.133430771007e+01 1 1 1 0.0 0.0 0.0
Bi 1.860147149463e+01 2.367946551239e+00 3.133430771007e+01 1 1 1 0.0 0.0 0.0
Bi 4.421826511446e+00 3.942296906594e+00 3.133430771007e+01 1 1 1 0.0 0.0 0.0
Bi 8.239423237799e+00 5.516647261948e+00 3.133430771007e+01 1 1 1 0.0 0.0 0.0
Bi 1.205701996415e+01 7.090997617303e+00 3.133430771007e+01 1 1 1 0.0 0.0 0.0
Bi 1.587461669051e+01 8.665347972658e+00 3.133430771007e+01 1 1 1 0.0 0.0 0.0
Bi 1.914684245575e+01 6.303822439626e+00 3.133430771007e+01 1 1 1 0.0 0.0 0.0
Bi 4.967197472559e+00 7.878172794980e+00 3.133430771007e+01 1 1 1 0.0 0.0 0.0
Bi 8.784794198912e+00 9.452523150335e+00 3.133430771007e+01 1 1 1 0.0 0.0 0.0
Bi 1.260239092527e+01 1.102687350569e+01 3.133430771007e+01 1 1 1 0.0 0.0 0.0
Bi 1.641998765162e+01 1.260122386104e+01 3.133430771007e+01 1 1 1 0.0 0.0 0.0
Bi 1.969221341686e+01 1.023969832801e+01 3.133430771007e+01 1 1 1 0.0 0.0 0.0
Bi 5.512568433672e+00 1.181404868337e+01 3.133430771007e+01 1 1 1 0.0 0.0 0.0
Bi 9.330165160025e+00 1.338839903872e+01 3.133430771007e+01 1 1 1 0.0 0.0 0.0
Bi 1.314776188638e+01 1.496274939408e+01 3.133430771007e+01 1 1 1 0.0 0.0 0.0
Bi 1.696535861273e+01 1.653709974943e+01 3.133430771007e+01 1 1 1 0.0 0.0 0.0
Bi 2.023758437797e+01 1.417557421640e+01 3.133430771007e+01 1 1 1 0.0 0.0 0.0
Bi 6.057939394785e+00 1.574992457175e+01 3.133430771007e+01 1 1 1 0.0 0.0 0.0
Bi 3.876455550332e+00 6.421018207061e-03 3.133430771007e+01 1 1 1 0.0 0.0 0.0
Bi 7.668404237759e+00 1.520699046265e+00 2.529282906773e+01 1 1 1 0.0 0.0 0.0
Bi 1.148600096411e+01 3.095049401620e+00 2.529282906773e+01 1 1 1 0.0 0.0 0.0
Bi 1.530359769047e+01 4.669399756974e+00 2.529282906773e+01 1 1 1 0.0 0.0 0.0
Bi 1.475822672935e+01 7.335238685876e-01 2.529282906773e+01 1 1 1 0.0 0.0 0.0
Bi 1.857582345571e+01 2.307874223942e+00 2.529282906773e+01 1 1 1 0.0 0.0 0.0
Bi 4.396178472519e+00 3.882224579297e+00 2.529282906773e+01 1 1 1 0.0 0.0 0.0
Bi 8.213775198873e+00 5.456574934652e+00 2.529282906773e+01 1 1 1 0.0 0.0 0.0
Bi 1.203137192523e+01 7.030925290006e+00 2.529282906773e+01 1 1 1 0.0 0.0 0.0
Bi 1.584896865158e+01 8.605275645361e+00 2.529282906773e+01 1 1 1 0.0 0.0 0.0
Bi 1.912119441682e+01 6.243750112329e+00 2.529282906773e+01 1 1 1 0.0 0.0 0.0
Bi 4.941549433633e+00 7.818100467684e+00 2.529282906773e+01 1 1 1 0.0 0.0 0.0
Bi 8.759146159986e+00 9.392450823038e+00 2.529282906773e+01 1 1 1 0.0 0.0 0.0
Bi 1.257674288634e+01 1.096680117839e+01 2.529282906773e+01 1 1 1 0.0 0.0 0.0
Bi 1.639433961269e+01 1.254115153375e+01 2.529282906773e+01 1 1 1 0.0 0.0 0.0
Bi 1.966656537793e+01 1.017962600072e+01 2.529282906773e+01 1 1 1 0.0 0.0 0.0
Bi 5.486920394746e+00 1.175397635607e+01 2.529282906773e+01 1 1 1 0.0 0.0 0.0
Bi 9.304517121099e+00 1.332832671142e+01 2.529282906773e+01 1 1 1 0.0 0.0 0.0
Bi 1.312211384745e+01 1.490267706678e+01 2.529282906773e+01 1 1 1 0.0 0.0 0.0
Bi 1.693971057381e+01 1.647702742213e+01 2.529282906773e+01 1 1 1 0.0 0.0 0.0
Bi 2.021193633905e+01 1.411550188910e+01 2.529282906773e+01 1 1 1 0.0 0.0 0.0
Bi 6.032291355859e+00 1.568985224446e+01 2.529282906773e+01 1 1 1 0.0 0.0 0.0
Bi 9.849888082213e+00 1.726420259981e+01 2.529282906773e+01 1 1 1 0.0 0.0 0.0
Bi 1.241581593687e+01 9.920188297793e-01 2.132110864621e+01 1 1 1 0.0 0.0 0.0
Bi 1.623341266322e+01 2.566369185134e+00 2.132110864621e+01 1 1 1 0.0 0.0 0.0
Bi 2.053767680034e+00 4.140719540489e+00 2.132110864621e+01 1 1 1 0.0 0.0 0.0
Bi 1.508396718921e+00 2.048436521020e-01 2.132110864621e+01 1 1 1 0.0 0.0 0.0
Bi 5.325993445274e+00 1.779194007457e+00 2.132110864621e+01 1 1 1 0.0 0.0 0.0
Bi 9.143590171627e+00 3.353544362811e+00 2.132110864621e+01 1 1 1 0.0 0.0 0.0
Bi 1.296118689798e+01 4.927894718166e+00 2.132110864621e+01 1 1 1 0.0 0.0 0.0
Bi 1.677878362433e+01 6.502245073521e+00 2.132110864621e+01 1 1 1 0.0 0.0 0.0
Bi 2.059638035069e+01 8.076595428875e+00 2.132110864621e+01 1 1 1 0.0 0.0 0.0
Bi 5.871364406387e+00 5.715069895843e+00 2.132110864621e+01 1 1 1 0.0 0.0 0.0
Bi 9.688961132741e+00 7.289420251198e+00 2.132110864621e+01 1 1 1 0.0 0.0 0.0
Bi 1.350655785909e+01 8.863770606553e+00 2.132110864621e+01 1 1 1 0.0 0.0 0.0
Bi 1.732415458545e+01 1.043812096191e+01 2.132110864621e+01 1 1 1 0.0 0.0 0.0
Bi 2.114175131180e+01 1.201247131726e+01 2.132110864621e+01 1 1 1 0.0 0.0 0.0
Bi 6.416735367501e+00 9.650945784230e+00 2.132110864621e+01 1 1 1 0.0 0.0 0.0
Bi 1.023433209385e+01 1.122529613958e+01 2.132110864621e+01 1 1 1 0.0 0.0 0.0
Bi 1.405192882021e+01 1.279964649494e+01 2.132110864621e+01 1 1 1 0.0 0.0 0.0
Bi 1.786952554656e+01 1.437399685029e+01 2.132110864621e+01 1 1 1 0.0 0.0 0.0
Bi 2.168712227291e+01 1.594834720565e+01 2.132110864621e+01 1 1 1 0.0 0.0 0.0
Bi 6.962106328614e+00 1.358682167262e+01 2.132110864621e+01 1 1 1 0.0 0.0 0.0
Bi 1.077970305497e+01 1.516117202797e+01 2.132110864621e+01 1 1 1 0.0 0.0 0.0
Bi 1.459729978132e+01 1.673552238333e+01 2.132110864621e+01 1 1 1 0.0 0.0 0.0
Se 1.910575023504e+01 1.356116091580e+01 7.500000000000e+00 1 1 1 0.0 0.0 0.0
Se 1.310666966520e+01 1.356116091580e+01 7.500000000000e+00 1 1 1 0.0 0.0 0.0
Se 1.610620995002e+01 1.182937552491e+01 7.500000000000e+00 1 1 1 0.0 0.0 0.0
Se 1.910575023485e+01 1.009759013402e+01 7.500000000000e+00 1 1 1 0.0 0.0 0.0
Se 7.107589095349e+00 1.356116091580e+01 7.500000000000e+00 1 1 1 0.0 0.0 0.0
Se 1.010712938018e+01 1.182937552491e+01 7.500000000000e+00 1 1 1 0.0 0.0 0.0
Se 1.310666966500e+01 1.009759013402e+01 7.500000000000e+00 1 1 1 0.0 0.0 0.0
Se 1.610620994983e+01 8.365804743130e+00 7.500000000000e+00 1 1 1 0.0 0.0 0.0
Se 4.108048810330e+00 1.182937552491e+01 7.500000000000e+00 1 1 1 0.0 0.0 0.0
Se 7.107589095157e+00 1.009759013402e+01 7.500000000000e+00 1 1 1 0.0 0.0 0.0
Se 1.010712937998e+01 8.365804743130e+00 7.500000000000e+00 1 1 1 0.0 0.0 0.0
Se 1.310666966481e+01 6.634019352240e+00 7.500000000000e+00 1 1 1 0.0 0.0 0.0
Se 1.610620994964e+01 4.902233961349e+00 7.500000000000e+00 1 1 1 0.0 0.0 0.0
Se 4.108048810138e+00 8.365804743130e+00 7.500000000000e+00 1 1 1 0.0 0.0 0.0
Se 7.107589094965e+00 6.634019352240e+00 7.500000000000e+00 1 1 1 0.0 0.0 0.0
Se 1.010712937979e+01 4.902233961349e+00 7.500000000000e+00 1 1 1 0.0 0.0 0.0
Se 1.310666966462e+01 3.170448570459e+00 7.500000000000e+00 1 1 1 0.0 0.0 0.0
Se 1.610620994945e+01 1.438663179569e+00 7.500000000000e+00 1 1 1 0.0 0.0 0.0
Se 1.910575023466e+01 6.634019352240e+00 7.500000000000e+00 1 1 1 0.0 0.0 0.0
Se 4.108048809946e+00 4.902233961349e+00 7.500000000000e+00 1 1 1 0.0 0.0 0.0
Se 7.107589094773e+00 3.170448570459e+00 7.500000000000e+00 1 1 1 0.0 0.0 0.0
Se 1.010712937960e+01 1.438663179569e+00 7.500000000000e+00 1 1 1 0.0 0.0 0.0
Se 1.910575023523e+01 1.702473169758e+01 7.500000000000e+00 1 1 1 0.0 0.0 0.0
Se 1.108508524927e+00 3.170448570459e+00 7.500000000000e+00 1 1 1 0.0 0.0 0.0
Se 4.108048809754e+00 1.438663179569e+00 7.500000000000e+00 1 1 1 0.0 0.0 0.0
Se 1.310666966539e+01 1.702473169758e+01 7.500000000000e+00 1 1 1 0.0 0.0 0.0
Se 1.610620995021e+01 1.529294630669e+01 7.500000000000e+00 1 1 1 0.0 0.0 0.0
Se 7.107589095541e+00 1.702473169758e+01 7.500000000000e+00 1 1 1 0.0 0.0 0.0
Se 1.010712938037e+01 1.529294630669e+01 7.500000000000e+00 1 1 1 0.0 0.0 0.0
Se 2.210529052006e+01 1.529294630669e+01 7.500000000000e+00 1 1 1 0.0 0.0 0.0
Se 2.110974101465e+01 1.357022102519e+01 1.364602824434e+01 1 1 1 0.0 0.0 0.0
Se 1.511066044481e+01 1.357022102519e+01 1.364602824434e+01 1 1 1 0.0 0.0 0.0
Se 1.811020072964e+01 1.183843563430e+01 1.364602824434e+01 1 1 1 0.0 0.0 0.0
Se 2.110974101446e+01 1.010665024341e+01 1.364602824434e+01 1 1 1 0.0 0.0 0.0
Se 9.111579874962e+00 1.357022102519e+01 1.364602824434e+01 1 1 1 0.0 0.0 0.0
Se 1.211112015979e+01 1.183843563430e+01 1.364602824434e+01 1 1 1 0.0 0.0 0.0
Se 1.511066044462e+01 1.010665024341e+01 1.364602824434e+01 1 1 1 0.0 0.0 0.0
Se 1.811020072944e+01 8.374864852524e+00 1.364602824434e+01 1 1 1 0.0 0.0 0.0
Se 6.112039589943e+00 1.183843563430e+01 1.364602824434e+01 1 1 1 0.0 0.0 0.0
Se 9.111579874770e+00 1.010665024341e+01 1.364602824434e+01 1 1 1 0.0 0.0 0.0
Se 1.211112015960e+01 8.374864852524e+00 1.364602824434e+01 1 1 1 0.0 0.0 0.0
Se 1.511066044442e+01 6.643079461634e+00 1.364602824434e+01 1 1 1 0.0 0.0 0.0
Se 1.811020072925e+01 4.911294070744e+00 1.364602824434e+01 1 1 1 0.0 0.0 0.0
Se 6.112039589751e+00 8.374864852524e+00 1.364602824434e+01 1 1 1 0.0 0.0 0.0
Se 9.111579874578e+00 6.643079461634e+00 1.364602824434e+01 1 1 1 0.0 0.0 0.0
Se 1.211112015941e+01 4.911294070744e+00 1.364602824434e+01 1 1 1 0.0 0.0 0.0
Se 1.511066044423e+01 3.179508679854e+00 1.364602824434e+01 1 1 1 0.0 0.0 0.0
Se 1.811020072906e+01 1.447723288964e+00 1.364602824434e+01 1 1 1 0.0 0.0 0.0
Se 3.112499304732e+00 6.643079461634e+00 1.364602824434e+01 1 1 1 0.0 0.0 0.0
Se 6.112039589559e+00 4.911294070744e+00 1.364602824434e+01 1 1 1 0.0 0.0 0.0
Se 9.111579874386e+00 3.179508679854e+00 1.364602824434e+01 1 1 1 0.0 0.0 0.0
Se 1.211112015921e+01 1.447723288964e+00 1.364602824434e+01 1 1 1 0.0 0.0 0.0
Se 2.110974101485e+01 1.703379180698e+01 1.364602824434e+01 1 1 1 0.0 0.0 0.0
Se 3.112499304540e+00 3.179508679854e+00 1.364602824434e+01 1 1 1 0.0 0.0 0.0
Se 6.112039589367e+00 1.447723288964e+00 1.364602824434e+01 1 1 1 0.0 0.0 0.0
Se 1.511066044500e+01 1.703379180698e+01 1.364602824434e+01 1 1 1 0.0 0.0 0.0
Se 1.811020072983e+01 1.530200641608e+01 1.364602824434e+01 1 1 1 0.0 0.0 0.0
Se 9.111579875154e+00 1.703379180698e+01 1.364602824434e+01 1 1 1 0.0 0.0 0.0
Se 1.211112015998e+01 1.530200641608e+01 1.364602824434e+01 1 1 1 0.0 0.0 0.0
Se 6.112039590135e+00 1.530200641608e+01 1.364602824434e+01 1 1 1 0.0 0.0 0.0
Se 1.910653209869e+01 1.356190043094e+01 1.086443756309e+01 1 1 1 0.0 0.0 0.0
Se 1.310745152884e+01 1.356190043094e+01 1.086443756309e+01 1 1 1 0.0 0.0 0.0
Se 1.610699181367e+01 1.183011504005e+01 1.086443756309e+01 1 1 1 0.0 0.0 0.0
Se 1.910653209850e+01 1.009832964916e+01 1.086443756309e+01 1 1 1 0.0 0.0 0.0
Se 7.108370958998e+00 1.356190043094e+01 1.086443756309e+01 1 1 1 0.0 0.0 0.0
Se 1.010791124383e+01 1.183011504005e+01 1.086443756309e+01 1 1 1 0.0 0.0 0.0
Se 1.310745152865e+01 1.009832964916e+01 1.086443756309e+01 1 1 1 0.0 0.0 0.0
Se 1.610699181348e+01 8.366544258269e+00 1.086443756309e+01 1 1 1 0.0 0.0 0.0
Se 4.108830673979e+00 1.183011504005e+01 1.086443756309e+01 1 1 1 0.0 0.0 0.0
Se 7.108370958806e+00 1.009832964916e+01 1.086443756309e+01 1 1 1 0.0 0.0 0.0
Se 1.010791124363e+01 8.366544258269e+00 1.086443756309e+01 1 1 1 0.0 0.0 0.0
Se 1.310745152846e+01 6.634758867379e+00 1.086443756309e+01 1 1 1 0.0 0.0 0.0
Se 1.610699181329e+01 4.902973476489e+00 1.086443756309e+01 1 1 1 0.0 0.0 0.0
Se 4.108830673787e+00 8.366544258269e+00 1.086443756309e+01 1 1 1 0.0 0.0 0.0
Se 7.108370958614e+00 6.634758867379e+00 1.086443756309e+01 1 1 1 0.0 0.0 0.0
Se 1.010791124344e+01 4.902973476489e+00 1.086443756309e+01 1 1 1 0.0 0.0 0.0
Se 1.310745152827e+01 3.171188085599e+00 1.086443756309e+01 1 1 1 0.0 0.0 0.0
Se 1.610699181310e+01 1.439402694709e+00 1.086443756309e+01 1 1 1 0.0 0.0 0.0
Se 1.910653209831e+01 6.634758867379e+00 1.086443756309e+01 1 1 1 0.0 0.0 0.0
Se 4.108830673595e+00 4.902973476489e+00 1.086443756309e+01 1 1 1 0.0 0.0 0.0
Se 7.108370958422e+00 3.171188085599e+00 1.086443756309e+01 1 1 1 0.0 0.0 0.0
Se 1.010791124325e+01 1.439402694709e+00 1.086443756309e+01 1 1 1 0.0 0.0 0.0
Se 1.910653209888e+01 1.702547121272e+01 1.086443756309e+01 1 1 1 0.0 0.0 0.0
Se 1.109290388575e+00 3.171188085599e+00 1.086443756309e+01 1 1 1 0.0 0.0 0.0
Se 4.108830673403e+00 1.439402694709e+00 1.086443756309e+01 1 1 1 0.0 0.0 0.0
Se 1.310745152904e+01 1.702547121272e+01 1.086443756309e+01 1 1 1 0.0 0.0 0.0
Se 1.610699181386e+01 1.529368582183e+01 1.086443756309e+01 1 1 1 0.0 0.0 0.0
Se 7.108370959190e+00 1.702547121272e+01 1.086443756309e+01 1 1 1 0.0 0.0 0.0
Se 1.010791124402e+01 1.529368582183e+01 1.086443756309e+01 1 1 1 0.0 0.0 0.0
Se 2.210607238371e+01 1.529368582183e+01 1.086443756309e+01 1 1 1 0.0 0.0 0.0
Se 2.111062169466e+01 1.357080727158e+01 1.701046802998e+01 1 1 1 0.0 0.0 0.0
Se 1.511154112481e+01 1.357080727158e+01 1.701046802998e+01 1 1 1 0.0 0.0 0.0
Se 1.811108140964e+01 1.183902188069e+01 1.701046802998e+01 1 1 1 0.0 0.0 0.0
Se 2.111062169446e+01 1.010723648980e+01 1.701046802998e+01 1 1 1 0.0 0.0 0.0
Se 9.112460554963e+00 1.357080727158e+01 1.701046802998e+01 1 1 1 0.0 0.0 0.0
Se 1.211200083979e+01 1.183902188069e+01 1.701046802998e+01 1 1 1 0.0 0.0 0.0
Se 1.511154112462e+01 1.010723648980e+01 1.701046802998e+01 1 1 1 0.0 0.0 0.0
Se 1.811108140944e+01 8.375451098912e+00 1.701046802998e+01 1 1 1 0.0 0.0 0.0
Se 6.112920269944e+00 1.183902188069e+01 1.701046802998e+01 1 1 1 0.0 0.0 0.0
Se 9.112460554771e+00 1.010723648980e+01 1.701046802998e+01 1 1 1 0.0 0.0 0.0
Se 1.211200083960e+01 8.375451098912e+00 1.701046802998e+01 1 1 1 0.0 0.0 0.0
Se 1.511154112443e+01 6.643665708022e+00 1.701046802998e+01 1 1 1 0.0 0.0 0.0
Se 1.811108140925e+01 4.911880317131e+00 1.701046802998e+01 1 1 1 0.0 0.0 0.0
Se 6.112920269752e+00 8.375451098912e+00 1.701046802998e+01 1 1 1 0.0 0.0 0.0
Se 9.112460554579e+00 6.643665708022e+00 1.701046802998e+01 1 1 1 0.0 0.0 0.0
Se 1.211200083941e+01 4.911880317131e+00 1.701046802998e+01 1 1 1 0.0 0.0 0.0
Se 1.511154112423e+01 3.180094926241e+00 1.701046802998e+01 1 1 1 0.0 0.0 0.0
Se 1.811108140906e+01 1.448309535351e+00 1.701046802998e+01 1 1 1 0.0 0.0 0.0
Se 3.113379984733e+00 6.643665708022e+00 1.701046802998e+01 1 1 1 0.0 0.0 0.0
Se 6.112920269560e+00 4.911880317131e+00 1.701046802998e+01 1 1 1 0.0 0.0 0.0
Se 9.112460554387e+00 3.180094926241e+00 1.701046802998e+01 1 1 1 0.0 0.0 0.0
Se 1.211200083921e+01 1.448309535351e+00 1.701046802998e+01 1 1 1 0.0 0.0 0.0
Se 2.111062169485e+01 1.703437805336e+01 1.701046802998e+01 1 1 1 0.0 0.0 0.0
Se 3.113379984541e+00 3.180094926241e+00 1.701046802998e+01 1 1 1 0.0 0.0 0.0
Se 6.112920269368e+00 1.448309535351e+00 1.701046802998e+01 1 1 1 0.0 0.0 0.0
Se 1.511154112500e+01 1.703437805336e+01 1.701046802998e+01 1 1 1 0.0 0.0 0.0
Se 1.811108140983e+01 1.530259266247e+01 1.701046802998e+01 1 1 1 0.0 0.0 0.0
Se 9.112460555155e+00 1.703437805336e+01 1.701046802998e+01 1 1 1 0.0 0.0 0.0
Se 1.211200083998e+01 1.530259266247e+01 1.701046802998e+01 1 1 1 0.0 0.0 0.0
Se 6.112920270136e+00 1.530259266247e+01 1.701046802998e+01 1 1 1 0.0 0.0 0.0
Se 7.660347707042e+00 1.608059614465e+00 3.696241589303e+01 1 1 1 0.0 0.0 0.0
Se 1.147794443340e+01 3.182409969819e+00 3.696241589303e+01 1 1 1 0.0 0.0 0.0
Se 1.529554115975e+01 4.756760325174e+00 3.696241589303e+01 1 1 1 0.0 0.0 0.0
Se 1.475017019864e+01 8.208844367874e-01 3.696241589303e+01 1 1 1 0.0 0.0 0.0
Se 1.856776692499e+01 2.395234792142e+00 3.696241589303e+01 1 1 1 0.0 0.0 0.0
Se 4.388121941802e+00 3.969585147497e+00 3.696241589303e+01 1 1 1 0.0 0.0 0.0
Se 8.205718668156e+00 5.543935502851e+00 3.696241589303e+01 1 1 1 0.0 0.0 0.0
Se 1.202331539451e+01 7.118285858206e+00 3.696241589303e+01 1 1 1 0.0 0.0 0.0
Se 1.584091212086e+01 8.692636213561e+00 3.696241589303e+01 1 1 1 0.0 0.0 0.0
Se 1.911313788610e+01 6.331110680529e+00 3.696241589303e+01 1 1 1 0.0 0.0 0.0
Se 4.933492902916e+00 7.905461035883e+00 3.696241589303e+01 1 1 1 0.0 0.0 0.0
Se 8.751089629269e+00 9.479811391238e+00 3.696241589303e+01 1 1 1 0.0 0.0 0.0
Se 1.256868635562e+01 1.105416174659e+01 3.696241589303e+01 1 1 1 0.0 0.0 0.0
Se 1.638628308198e+01 1.262851210195e+01 3.696241589303e+01 1 1 1 0.0 0.0 0.0
Se 1.965850884722e+01 1.026698656892e+01 3.696241589303e+01 1 1 1 0.0 0.0 0.0
Se 5.478863864029e+00 1.184133692427e+01 3.696241589303e+01 1 1 1 0.0 0.0 0.0
Se 9.296460590382e+00 1.341568727962e+01 3.696241589303e+01 1 1 1 0.0 0.0 0.0
Se 1.311405731674e+01 1.499003763498e+01 3.696241589303e+01 1 1 1 0.0 0.0 0.0
Se 1.693165404309e+01 1.656438799033e+01 3.696241589303e+01 1 1 1 0.0 0.0 0.0
Se 2.020387980833e+01 1.420286245730e+01 3.696241589303e+01 1 1 1 0.0 0.0 0.0
Se 6.024234825142e+00 1.577721281266e+01 3.696241589303e+01 1 1 1 0.0 0.0 0.0
Se 3.842750980689e+00 3.370925911002e-02 3.696241589303e+01 1 1 1 0.0 0.0 0.0
Se 1.242234732273e+01 1.073654005196e+00 3.332483142763e+01 1 1 1 0.0 0.0 0.0
Se 1.623994404909e+01 2.648004360550e+00 3.332483142763e+01 1 1 1 0.0 0.0 0.0
Se 2.060299065901e+00 4.222354715905e+00 3.332483142763e+01 1 1 1 0.0 0.0 0.0
Se 1.514928104788e+00 2.864788275183e-01 3.332483142763e+01 1 1 1 0.0 0.0 0.0
Se 5.332524831141e+00 1.860829182873e+00 3.332483142763e+01 1 1 1 0.0 0.0 0.0
Se 9.150121557494e+00 3.435179538228e+00 3.332483142763e+01 1 1 1 0.0 0.0 0.0
Se 1.296771828385e+01 5.009529893582e+00 3.332483142763e+01 1 1 1 0.0 0.0 0.0
Se 1.678531501020e+01 6.583880248937e+00 3.332483142763e+01 1 1 1 0.0 0.0 0.0
Se 2.060291173655e+01 8.158230604292e+00 3.332483142763e+01 1 1 1 0.0 0.0 0.0
Se 5.877895792254e+00 5.796705071260e+00 3.332483142763e+01 1 1 1 0.0 0.0 0.0
Se 9.695492518608e+00 7.371055426614e+00 3.332483142763e+01 1 1 1 0.0 0.0 0.0
Se 1.351308924496e+01 8.945405781969e+00 3.332483142763e+01 1 1 1 0.0 0.0 0.0
Se 1.733068597131e+01 1.051975613732e+01 3.332483142763e+01 1 1 1 0.0 0.0 0.0
Se 2.114828269767e+01 1.209410649268e+01 3.332483142763e+01 1 1 1 0.0 0.0 0.0
Se 6.423266753368e+00 9.732580959646e+00 3.332483142763e+01 1 1 1 0.0 0.0 0.0
Se 1.024086347972e+01 1.130693131500e+01 3.332483142763e+01 1 1 1 0.0 0.0 0.0
Se 1.405846020607e+01 1.288128167036e+01 3.332483142763e+01 1 1 1 0.0 0.0 0.0
Se 1.787605693243e+01 1.445563202571e+01 3.332483142763e+01 1 1 1 0.0 0.0 0.0
Se 2.169365365878e+01 1.602998238106e+01 3.332483142763e+01 1 1 1 0.0 0.0 0.0
Se 6.968637714481e+00 1.366845684803e+01 3.332483142763e+01 1 1 1 0.0 0.0 0.0
Se 1.078623444083e+01 1.524280720339e+01 3.332483142763e+01 1 1 1 0.0 0.0 0.0
Se 1.460383116719e+01 1.681715755874e+01 3.332483142763e+01 1 1 1 0.0 0.0 0.0
Se 1.004854394076e+01 1.328748295050e+00 2.969131231352e+01 1 1 1 0.0 0.0 0.0
Se 1.386614066711e+01 2.903098650405e+00 2.969131231352e+01 1 1 1 0.0 0.0 0.0
Se 1.768373739346e+01 4.477449005759e+00 2.969131231352e+01 1 1 1 0.0 0.0 0.0
Se 1.713836643235e+01 5.415731173727e-01 2.969131231352e+01 1 1 1 0.0 0.0 0.0
Se 2.958721449164e+00 2.115923472727e+00 2.969131231352e+01 1 1 1 0.0 0.0 0.0
Se 6.776318175517e+00 3.690273828082e+00 2.969131231352e+01 1 1 1 0.0 0.0 0.0
Se 1.059391490187e+01 5.264624183437e+00 2.969131231352e+01 1 1 1 0.0 0.0 0.0
Se 1.441151162822e+01 6.838974538791e+00 2.969131231352e+01 1 1 1 0.0 0.0 0.0
Se 1.822910835458e+01 8.413324894146e+00 2.969131231352e+01 1 1 1 0.0 0.0 0.0
Se 3.504092410277e+00 6.051799361114e+00 2.969131231352e+01 1 1 1 0.0 0.0 0.0
Se 7.321689136630e+00 7.626149716469e+00 2.969131231352e+01 1 1 1 0.0 0.0 0.0
Se 1.113928586298e+01 9.200500071823e+00 2.969131231352e+01 1 1 1 0.0 0.0 0.0
Se 1.495688258934e+01 1.077485042718e+01 2.969131231352e+01 1 1 1 0.0 0.0 0.0
Se 1.877447931569e+01 1.234920078253e+01 2.969131231352e+01 1 1 1 0.0 0.0 0.0
Se 4.049463371390e+00 9.987675249501e+00 2.969131231352e+01 1 1 1 0.0 0.0 0.0
Se 7.867060097743e+00 1.156202560486e+01 2.969131231352e+01 1 1 1 0.0 0.0 0.0
Se 1.168465682410e+01 1.313637596021e+01 2.969131231352e+01 1 1 1 0.0 0.0 0.0
Se 1.550225355045e+01 1.471072631556e+01 2.969131231352e+01 1 1 1 0.0 0.0 0.0
Se 1.931985027680e+01 1.628507667092e+01 2.969131231352e+01 1 1 1 0.0 0.0 0.0
Se 2.259207604204e+01 1.392355113789e+01 2.969131231352e+01 1 1 1 0.0 0.0 0.0
Se 8.412431058857e+00 1.549790149324e+01 2.969131231352e+01 1 1 1 0.0 0.0 0.0
Se 1.223002778521e+01 1.707225184860e+01 2.969131231352e+01 1 1 1 0.0 0.0 0.0
Se 1.241756120477e+01 9.956277856571e-01 2.692457590224e+01 1 1 1 0.0 0.0 0.0
Se 1.623515793113e+01 2.569978141012e+00 2.692457590224e+01 1 1 1 0.0 0.0 0.0
Se 2.055512947941e+00 4.144328496366e+00 2.692457590224e+01 1 1 1 0.0 0.0 0.0
Se 1.510141986827e+00 2.084526079798e-01 2.692457590224e+01 1 1 1 0.0 0.0 0.0
Se 5.327738713180e+00 1.782802963334e+00 2.692457590224e+01 1 1 1 0.0 0.0 0.0
Se 9.145335439534e+00 3.357153318689e+00 2.692457590224e+01 1 1 1 0.0 0.0 0.0
Se 1.296293216589e+01 4.931503674044e+00 2.692457590224e+01 1 1 1 0.0 0.0 0.0
Se 1.678052889224e+01 6.505854029398e+00 2.692457590224e+01 1 1 1 0.0 0.0 0.0
Se 2.059812561859e+01 8.080204384753e+00 2.692457590224e+01 1 1 1 0.0 0.0 0.0
Se 5.873109674294e+00 5.718678851721e+00 2.692457590224e+01 1 1 1 0.0 0.0 0.0
Se 9.690706400647e+00 7.293029207076e+00 2.692457590224e+01 1 1 1 0.0 0.0 0.0
Se 1.350830312700e+01 8.867379562430e+00 2.692457590224e+01 1 1 1 0.0 0.0 0.0
Se 1.732589985335e+01 1.044172991779e+01 2.692457590224e+01 1 1 1 0.0 0.0 0.0
Se 2.114349657971e+01 1.201608027314e+01 2.692457590224e+01 1 1 1 0.0 0.0 0.0
Se 6.418480635407e+00 9.654554740108e+00 2.692457590224e+01 1 1 1 0.0 0.0 0.0
Se 1.023607736176e+01 1.122890509546e+01 2.692457590224e+01 1 1 1 0.0 0.0 0.0
Se 1.405367408811e+01 1.280325545082e+01 2.692457590224e+01 1 1 1 0.0 0.0 0.0
Se 1.787127081447e+01 1.437760580617e+01 2.692457590224e+01 1 1 1 0.0 0.0 0.0
Se 2.168886754082e+01 1.595195616153e+01 2.692457590224e+01 1 1 1 0.0 0.0 0.0
Se 6.963851596520e+00 1.359043062849e+01 2.692457590224e+01 1 1 1 0.0 0.0 0.0
Se 1.078144832287e+01 1.516478098385e+01 2.692457590224e+01 1 1 1 0.0 0.0 0.0
Se 1.459904504923e+01 1.673913133920e+01 2.692457590224e+01 1 1 1 0.0 0.0 0.0
Se 1.003573573166e+01 1.251781109789e+00 2.330671355540e+01 1 1 1 0.0 0.0 0.0
Se 1.385333245801e+01 2.826131465144e+00 2.330671355540e+01 1 1 1 0.0 0.0 0.0
Se 1.767092918437e+01 4.400481820498e+00 2.330671355540e+01 1 1 1 0.0 0.0 0.0
Se 1.712555822325e+01 4.646059321115e-01 2.330671355540e+01 1 1 1 0.0 0.0 0.0
Se 2.945913240068e+00 2.038956287466e+00 2.330671355540e+01 1 1 1 0.0 0.0 0.0
Se 6.763509966422e+00 3.613306642821e+00 2.330671355540e+01 1 1 1 0.0 0.0 0.0
Se 1.058110669277e+01 5.187656998176e+00 2.330671355540e+01 1 1 1 0.0 0.0 0.0
Se 1.439870341913e+01 6.762007353530e+00 2.330671355540e+01 1 1 1 0.0 0.0 0.0
Se 1.821630014548e+01 8.336357708885e+00 2.330671355540e+01 1 1 1 0.0 0.0 0.0
Se 3.491284201182e+00 5.974832175853e+00 2.330671355540e+01 1 1 1 0.0 0.0 0.0
Se 7.308880927535e+00 7.549182531208e+00 2.330671355540e+01 1 1 1 0.0 0.0 0.0
Se 1.112647765389e+01 9.123532886562e+00 2.330671355540e+01 1 1 1 0.0 0.0 0.0
Se 1.494407438024e+01 1.069788324192e+01 2.330671355540e+01 1 1 1 0.0 0.0 0.0
Se 1.876167110659e+01 1.227223359727e+01 2.330671355540e+01 1 1 1 0.0 0.0 0.0
Se 4.036655162295e+00 9.910708064240e+00 2.330671355540e+01 1 1 1 0.0 0.0 0.0
Se 7.854251888648e+00 1.148505841959e+01 2.330671355540e+01 1 1 1 0.0 0.0 0.0
Se 1.167184861500e+01 1.305940877495e+01 2.330671355540e+01 1 1 1 0.0 0.0 0.0
Se 1.548944534135e+01 1.463375913030e+01 2.330671355540e+01 1 1 1 0.0 0.0 0.0
Se 1.930704206771e+01 1.620810948566e+01 2.330671355540e+01 1 1 1 0.0 0.0 0.0
Se 2.257926783295e+01 1.384658395263e+01 2.330671355540e+01 1 1 1 0.0 0.0 0.0
Se 8.399622849761e+00 1.542093430798e+01 2.330671355540e+01 1 1 1 0.0 0.0 0.0
Se 1.221721957611e+01 1.699528466334e+01 2.330671355540e+01 1 1 1 0.0 0.0 0.0
Se 7.660788017320e+00 1.521030622038e+00 1.968357859229e+01 1 1 1 0.0 0.0 0.0
Se 1.147838474367e+01 3.095380977392e+00 1.968357859229e+01 1 1 1 0.0 0.0 0.0
Se 1.529598147003e+01 4.669731332747e+00 1.968357859229e+01 1 1 1 0.0 0.0 0.0
Se 1.475061050891e+01 7.338554443603e-01 1.968357859229e+01 1 1 1 0.0 0.0 0.0
Se 1.856820723527e+01 2.308205799715e+00 1.968357859229e+01 1 1 1 0.0 0.0 0.0
Se 4.388562252080e+00 3.882556155070e+00 1.968357859229e+01 1 1 1 0.0 0.0 0.0
Se 8.206158978433e+00 5.456906510424e+00 1.968357859229e+01 1 1 1 0.0 0.0 0.0
Se 1.202375570479e+01 7.031256865779e+00 1.968357859229e+01 1 1 1 0.0 0.0 0.0
Se 1.584135243114e+01 8.605607221134e+00 1.968357859229e+01 1 1 1 0.0 0.0 0.0
Se 1.911357819638e+01 6.244081688102e+00 1.968357859229e+01 1 1 1 0.0 0.0 0.0
Se 4.933933213194e+00 7.818432043456e+00 1.968357859229e+01 1 1 1 0.0 0.0 0.0
Se 8.751529939547e+00 9.392782398811e+00 1.968357859229e+01 1 1 1 0.0 0.0 0.0
Se 1.256912666590e+01 1.096713275417e+01 1.968357859229e+01 1 1 1 0.0 0.0 0.0
Se 1.638672339225e+01 1.254148310952e+01 1.968357859229e+01 1 1 1 0.0 0.0 0.0
Se 1.965894915749e+01 1.017995757649e+01 1.968357859229e+01 1 1 1 0.0 0.0 0.0
Se 5.479304174307e+00 1.175430793184e+01 1.968357859229e+01 1 1 1 0.0 0.0 0.0
Se 9.296900900660e+00 1.332865828720e+01 1.968357859229e+01 1 1 1 0.0 0.0 0.0
Se 1.311449762701e+01 1.490300864255e+01 1.968357859229e+01 1 1 1 0.0 0.0 0.0
Se 1.693209435337e+01 1.647735899791e+01 1.968357859229e+01 1 1 1 0.0 0.0 0.0
Se 2.020432011861e+01 1.411583346488e+01 1.968357859229e+01 1 1 1 0.0 0.0 0.0
Se 6.024675135420e+00 1.569018382023e+01 1.968357859229e+01 1 1 1 0.0 0.0 0.0
Se 9.842271861773e+00 1.726453417558e+01 1.968357859229e+01 1 1 1 0.0 0.0 0.0
"