calculation_mode = "Quench Electrons"
cell_relax = "False"
charge_density_mixing = "0.1"
charge_mixing_type = "Broyden"
description = "Example parameters for high-throughput bulk relaxation of a vdW material"
dos_broading = "0.05"
dos_method = "Gaussian"
energy_convergence_criterion = "1e-10"
energy_output_units = "Hartrees"
kohn_sham_mucycles = "3"
kohn_sham_solver = "davidson"
kpoint_mesh = "1 1 1"
localize_projectors = "False"
max_md_steps = "100"
max_scf_steps = "200"
non_local_block_size = "4000"
potential_acceleration_constant_step = "1.5"
processor_grid = "7 8 18"
rms_convergence_criterion = "1e-08"
scalapack_block_factor = "64"
start_mode = "LCAO Start"
state_block_size = "64"
stress = "True"
subdiag_driver = "scalapack"
use_async_allreduce = "False"
vdw_corr = "DFT-D3"
vdwdf_kernel_filepath = "/lustre/orion/world-shared/cph162/rjmorelock/rmgdft/XC/vdW_kernel_table"
wavefunction_grid = "148 164 378"
write_data_period = "50"

atomic_coordinate_type = "Absolute"
crds_units = "Angstrom"
lattice_units = "Angstrom"

lattice_vector = "
1.731785390890e+01 0.000000000000e+00 1.100000000000e-15
6.927141564558e+00 1.799724170954e+01 1.200000000000e-15
0.000000000000e+00 0.000000000000e+00 4.446241589303e+01
"
atoms = "
Nb 1.080731163300e+01 6.055062289479e-01 1.532833092694e+01 1 1 1 0.0 0.0 0.0
Nb 7.343740851218e+00 6.055062289479e-01 1.532833092694e+01 1 1 1 0.0 0.0 0.0
Nb 3.880170069437e+00 6.055062289479e-01 1.532833092694e+01 1 1 1 0.0 0.0 0.0
Nb 4.165992876570e-01 6.055062289479e-01 1.532833092694e+01 1 1 1 0.0 0.0 0.0
Nb 1.427088241478e+01 6.055062289479e-01 1.532833092694e+01 1 1 1 0.0 0.0 0.0
Nb 1.253909702405e+01 3.605046513871e+00 1.532833092694e+01 1 1 1 0.0 0.0 0.0
Nb 9.075526242274e+00 3.605046513871e+00 1.532833092694e+01 1 1 1 0.0 0.0 0.0
Nb 5.611955460494e+00 3.605046513871e+00 1.532833092694e+01 1 1 1 0.0 0.0 0.0
Nb 2.148384678713e+00 3.605046513871e+00 1.532833092694e+01 1 1 1 0.0 0.0 0.0
Nb 1.600266780583e+01 3.605046513871e+00 1.532833092694e+01 1 1 1 0.0 0.0 0.0
Nb 1.427088241511e+01 6.604586798794e+00 1.532833092694e+01 1 1 1 0.0 0.0 0.0
Nb 1.080731163333e+01 6.604586798794e+00 1.532833092694e+01 1 1 1 0.0 0.0 0.0
Nb 7.343740851550e+00 6.604586798794e+00 1.532833092694e+01 1 1 1 0.0 0.0 0.0
Nb 3.880170069770e+00 6.604586798794e+00 1.532833092694e+01 1 1 1 0.0 0.0 0.0
Nb 1.773445319689e+01 6.604586798794e+00 1.532833092694e+01 1 1 1 0.0 0.0 0.0
Nb 1.600266780617e+01 9.604127083718e+00 1.532833092694e+01 1 1 1 0.0 0.0 0.0
Nb 1.253909702439e+01 9.604127083718e+00 1.532833092694e+01 1 1 1 0.0 0.0 0.0
Nb 9.075526242606e+00 9.604127083718e+00 1.532833092694e+01 1 1 1 0.0 0.0 0.0
Nb 5.611955460826e+00 9.604127083718e+00 1.532833092694e+01 1 1 1 0.0 0.0 0.0
Nb 1.946623858795e+01 9.604127083718e+00 1.532833092694e+01 1 1 1 0.0 0.0 0.0
Nb 1.773445319722e+01 1.260366736864e+01 1.532833092694e+01 1 1 1 0.0 0.0 0.0
Nb 1.427088241544e+01 1.260366736864e+01 1.532833092694e+01 1 1 1 0.0 0.0 0.0
Nb 1.080731163366e+01 1.260366736864e+01 1.532833092694e+01 1 1 1 0.0 0.0 0.0
Nb 7.343740851883e+00 1.260366736864e+01 1.532833092694e+01 1 1 1 0.0 0.0 0.0
Nb 2.119802397900e+01 1.260366736864e+01 1.532833092694e+01 1 1 1 0.0 0.0 0.0
Nb 1.946623858828e+01 1.560320765356e+01 1.532833092694e+01 1 1 1 0.0 0.0 0.0
Nb 1.600266780650e+01 1.560320765356e+01 1.532833092694e+01 1 1 1 0.0 0.0 0.0
Nb 1.253909702472e+01 1.560320765356e+01 1.532833092694e+01 1 1 1 0.0 0.0 0.0
Nb 9.075526242939e+00 1.560320765356e+01 1.532833092694e+01 1 1 1 0.0 0.0 0.0
Nb 2.292980937006e+01 1.560320765356e+01 1.532833092694e+01 1 1 1 0.0 0.0 0.0
Nb 1.080632879355e+01 6.152623877393e-01 9.182088683320e+00 1 1 1 0.0 0.0 0.0
Nb 7.342758011774e+00 6.152623877393e-01 9.182088683320e+00 1 1 1 0.0 0.0 0.0
Nb 3.879187229994e+00 6.152623877393e-01 9.182088683320e+00 1 1 1 0.0 0.0 0.0
Nb 4.156164482137e-01 6.152623877393e-01 9.182088683320e+00 1 1 1 0.0 0.0 0.0
Nb 1.426989957533e+01 6.152623877393e-01 9.182088683320e+00 1 1 1 0.0 0.0 0.0
Nb 1.253811418461e+01 3.614802672663e+00 9.182088683320e+00 1 1 1 0.0 0.0 0.0
Nb 9.074543402831e+00 3.614802672663e+00 9.182088683320e+00 1 1 1 0.0 0.0 0.0
Nb 5.610972621050e+00 3.614802672663e+00 9.182088683320e+00 1 1 1 0.0 0.0 0.0
Nb 2.147401839270e+00 3.614802672663e+00 9.182088683320e+00 1 1 1 0.0 0.0 0.0
Nb 1.600168496639e+01 3.614802672663e+00 9.182088683320e+00 1 1 1 0.0 0.0 0.0
Nb 1.426989957567e+01 6.614342957586e+00 9.182088683320e+00 1 1 1 0.0 0.0 0.0
Nb 1.080632879389e+01 6.614342957586e+00 9.182088683320e+00 1 1 1 0.0 0.0 0.0
Nb 7.342758012107e+00 6.614342957586e+00 9.182088683320e+00 1 1 1 0.0 0.0 0.0
Nb 3.879187230326e+00 6.614342957586e+00 9.182088683320e+00 1 1 1 0.0 0.0 0.0
Nb 1.773347035745e+01 6.614342957586e+00 9.182088683320e+00 1 1 1 0.0 0.0 0.0
Nb 1.600168496672e+01 9.613883242509e+00 9.182088683320e+00 1 1 1 0.0 0.0 0.0
Nb 1.253811418494e+01 9.613883242509e+00 9.182088683320e+00 1 1 1 0.0 0.0 0.0
Nb 9.074543403163e+00 9.613883242509e+00 9.182088683320e+00 1 1 1 0.0 0.0 0.0
Nb 5.610972621383e+00 9.613883242509e+00 9.182088683320e+00 1 1 1 0.0 0.0 0.0
Nb 1.946525574850e+01 9.613883242509e+00 9.182088683320e+00 1 1 1 0.0 0.0 0.0
Nb 1.773347035778e+01 1.261342352743e+01 9.182088683320e+00 1 1 1 0.0 0.0 0.0
Nb 1.426989957600e+01 1.261342352743e+01 9.182088683320e+00 1 1 1 0.0 0.0 0.0
Nb 1.080632879422e+01 1.261342352743e+01 9.182088683320e+00 1 1 1 0.0 0.0 0.0
Nb 7.342758012439e+00 1.261342352743e+01 9.182088683320e+00 1 1 1 0.0 0.0 0.0
Nb 2.119704113956e+01 1.261342352743e+01 9.182088683320e+00 1 1 1 0.0 0.0 0.0
Nb 1.946525574884e+01 1.561296381236e+01 9.182088683320e+00 1 1 1 0.0 0.0 0.0
Nb 1.600168496706e+01 1.561296381236e+01 9.182088683320e+00 1 1 1 0.0 0.0 0.0
Nb 1.253811418528e+01 1.561296381236e+01 9.182088683320e+00 1 1 1 0.0 0.0 0.0
Nb 9.074543403496e+00 1.561296381236e+01 9.182088683320e+00 1 1 1 0.0 0.0 0.0
Nb 2.292882653062e+01 1.561296381236e+01 9.182088683320e+00 1 1 1 0.0 0.0 0.0
Bi 1.053397453490e+01 1.794009092210e-02 3.532095071834e+01 1 1 1 0.0 0.0 0.0
Bi 6.204511057675e+00 1.794009092210e-02 3.532095071834e+01 1 1 1 0.0 0.0 0.0
Bi 1.875047580449e+00 1.794009092210e-02 3.532095071834e+01 1 1 1 0.0 0.0 0.0
Bi 1.486343801213e+01 1.794009092210e-02 3.532095071834e+01 1 1 1 0.0 0.0 0.0
Bi 1.278529554326e+01 3.617388432830e+00 3.532095071834e+01 1 1 1 0.0 0.0 0.0
Bi 8.455832066031e+00 3.617388432830e+00 3.532095071834e+01 1 1 1 0.0 0.0 0.0
Bi 4.126368588806e+00 3.617388432830e+00 3.532095071834e+01 1 1 1 0.0 0.0 0.0
Bi 1.711475902048e+01 3.617388432830e+00 3.532095071834e+01 1 1 1 0.0 0.0 0.0
Bi 1.503661655161e+01 7.216836774738e+00 3.532095071834e+01 1 1 1 0.0 0.0 0.0
Bi 1.070715307439e+01 7.216836774738e+00 3.532095071834e+01 1 1 1 0.0 0.0 0.0
Bi 6.377689597163e+00 7.216836774738e+00 3.532095071834e+01 1 1 1 0.0 0.0 0.0
Bi 1.936608002884e+01 7.216836774738e+00 3.532095071834e+01 1 1 1 0.0 0.0 0.0
Bi 1.728793755997e+01 1.081628511665e+01 3.532095071834e+01 1 1 1 0.0 0.0 0.0
Bi 1.295847408274e+01 1.081628511665e+01 3.532095071834e+01 1 1 1 0.0 0.0 0.0
Bi 8.629010605519e+00 1.081628511665e+01 3.532095071834e+01 1 1 1 0.0 0.0 0.0
Bi 4.299547128294e+00 1.081628511665e+01 3.532095071834e+01 1 1 1 0.0 0.0 0.0
Bi 1.953925856833e+01 1.441573345855e+01 3.532095071834e+01 1 1 1 0.0 0.0 0.0
Bi 1.520979509110e+01 1.441573345855e+01 3.532095071834e+01 1 1 1 0.0 0.0 0.0
Bi 1.088033161388e+01 1.441573345855e+01 3.532095071834e+01 1 1 1 0.0 0.0 0.0
Bi 6.550868136651e+00 1.441573345855e+01 3.532095071834e+01 1 1 1 0.0 0.0 0.0
Bi 1.271679369083e+01 1.183405097869e+00 3.133430771007e+01 1 1 1 0.0 0.0 0.0
Bi 8.387330213607e+00 1.183405097869e+00 3.133430771007e+01 1 1 1 0.0 0.0 0.0
Bi 4.057866736382e+00 1.183405097869e+00 3.133430771007e+01 1 1 1 0.0 0.0 0.0
Bi 1.704625716806e+01 1.183405097869e+00 3.133430771007e+01 1 1 1 0.0 0.0 0.0
Bi 1.496811469919e+01 4.782853439777e+00 3.133430771007e+01 1 1 1 0.0 0.0 0.0
Bi 1.063865122196e+01 4.782853439777e+00 3.133430771007e+01 1 1 1 0.0 0.0 0.0
Bi 6.309187744738e+00 4.782853439777e+00 3.133430771007e+01 1 1 1 0.0 0.0 0.0
Bi 1.979724267513e+00 4.782853439777e+00 3.133430771007e+01 1 1 1 0.0 0.0 0.0
Bi 1.721943570755e+01 8.382301781685e+00 3.133430771007e+01 1 1 1 0.0 0.0 0.0
Bi 1.288997223032e+01 8.382301781685e+00 3.133430771007e+01 1 1 1 0.0 0.0 0.0
Bi 8.560508753095e+00 8.382301781685e+00 3.133430771007e+01 1 1 1 0.0 0.0 0.0
Bi 4.231045275870e+00 8.382301781685e+00 3.133430771007e+01 1 1 1 0.0 0.0 0.0
Bi 1.947075671590e+01 1.198175012359e+01 3.133430771007e+01 1 1 1 0.0 0.0 0.0
Bi 1.514129323868e+01 1.198175012359e+01 3.133430771007e+01 1 1 1 0.0 0.0 0.0
Bi 1.081182976145e+01 1.198175012359e+01 3.133430771007e+01 1 1 1 0.0 0.0 0.0
Bi 6.482366284226e+00 1.198175012359e+01 3.133430771007e+01 1 1 1 0.0 0.0 0.0
Bi 2.172207772426e+01 1.558119846550e+01 3.133430771007e+01 1 1 1 0.0 0.0 0.0
Bi 1.739261424703e+01 1.558119846550e+01 3.133430771007e+01 1 1 1 0.0 0.0 0.0
Bi 1.306315076981e+01 1.558119846550e+01 3.133430771007e+01 1 1 1 0.0 0.0 0.0
Bi 8.733687292583e+00 1.558119846550e+01 3.133430771007e+01 1 1 1 0.0 0.0 0.0
Bi 1.276534877490e+01 1.135397252553e+00 2.529282906773e+01 1 1 1 0.0 0.0 0.0
Bi 8.435885297670e+00 1.135397252553e+00 2.529282906773e+01 1 1 1 0.0 0.0 0.0
Bi 4.106421820445e+00 1.135397252553e+00 2.529282906773e+01 1 1 1 0.0 0.0 0.0
Bi 1.709481225212e+01 1.135397252553e+00 2.529282906773e+01 1 1 1 0.0 0.0 0.0
Bi 1.501666978325e+01 4.734845594460e+00 2.529282906773e+01 1 1 1 0.0 0.0 0.0
Bi 1.068720630603e+01 4.734845594460e+00 2.529282906773e+01 1 1 1 0.0 0.0 0.0
Bi 6.357742828801e+00 4.734845594460e+00 2.529282906773e+01 1 1 1 0.0 0.0 0.0
Bi 2.028279351576e+00 4.734845594460e+00 2.529282906773e+01 1 1 1 0.0 0.0 0.0
Bi 1.726799079161e+01 8.334293936368e+00 2.529282906773e+01 1 1 1 0.0 0.0 0.0
Bi 1.293852731438e+01 8.334293936368e+00 2.529282906773e+01 1 1 1 0.0 0.0 0.0
Bi 8.609063837158e+00 8.334293936368e+00 2.529282906773e+01 1 1 1 0.0 0.0 0.0
Bi 4.279600359933e+00 8.334293936368e+00 2.529282906773e+01 1 1 1 0.0 0.0 0.0
Bi 1.951931179997e+01 1.193374227828e+01 2.529282906773e+01 1 1 1 0.0 0.0 0.0
Bi 1.518984832274e+01 1.193374227828e+01 2.529282906773e+01 1 1 1 0.0 0.0 0.0
Bi 1.086038484551e+01 1.193374227828e+01 2.529282906773e+01 1 1 1 0.0 0.0 0.0
Bi 6.530921368290e+00 1.193374227828e+01 2.529282906773e+01 1 1 1 0.0 0.0 0.0
Bi 2.177063280832e+01 1.553319062018e+01 2.529282906773e+01 1 1 1 0.0 0.0 0.0
Bi 1.744116933110e+01 1.553319062018e+01 2.529282906773e+01 1 1 1 0.0 0.0 0.0
Bi 1.311170585387e+01 1.553319062018e+01 2.529282906773e+01 1 1 1 0.0 0.0 0.0
Bi 8.782242376646e+00 1.553319062018e+01 2.529282906773e+01 1 1 1 0.0 0.0 0.0
Bi 1.528655686349e+01 1.672088172471e+01 2.132110864621e+01 1 1 1 0.0 0.0 0.0
Bi 1.095709338627e+01 1.672088172471e+01 2.132110864621e+01 1 1 1 0.0 0.0 0.0
Bi 6.627629909042e+00 1.672088172471e+01 2.132110864621e+01 1 1 1 0.0 0.0 0.0
Bi 1.961602034072e+01 1.672088172471e+01 2.132110864621e+01 1 1 1 0.0 0.0 0.0
Bi 1.061073630729e+01 2.323088357080e+00 2.132110864621e+01 1 1 1 0.0 0.0 0.0
Bi 6.281272830066e+00 2.323088357080e+00 2.132110864621e+01 1 1 1 0.0 0.0 0.0
Bi 1.951809352841e+00 2.323088357080e+00 2.132110864621e+01 1 1 1 0.0 0.0 0.0
Bi 1.494019978452e+01 2.323088357080e+00 2.132110864621e+01 1 1 1 0.0 0.0 0.0
Bi 1.286205731565e+01 5.922536698988e+00 2.132110864621e+01 1 1 1 0.0 0.0 0.0
Bi 8.532593838423e+00 5.922536698988e+00 2.132110864621e+01 1 1 1 0.0 0.0 0.0
Bi 4.203130361198e+00 5.922536698988e+00 2.132110864621e+01 1 1 1 0.0 0.0 0.0
Bi 1.719152079287e+01 5.922536698988e+00 2.132110864621e+01 1 1 1 0.0 0.0 0.0
Bi 1.511337832400e+01 9.521985040896e+00 2.132110864621e+01 1 1 1 0.0 0.0 0.0
Bi 1.078391484678e+01 9.521985040896e+00 2.132110864621e+01 1 1 1 0.0 0.0 0.0
Bi 6.454451369554e+00 9.521985040896e+00 2.132110864621e+01 1 1 1 0.0 0.0 0.0
Bi 1.944284180123e+01 9.521985040896e+00 2.132110864621e+01 1 1 1 0.0 0.0 0.0
Bi 1.736469933236e+01 1.312143338280e+01 2.132110864621e+01 1 1 1 0.0 0.0 0.0
Bi 1.303523585514e+01 1.312143338280e+01 2.132110864621e+01 1 1 1 0.0 0.0 0.0
Bi 8.705772377911e+00 1.312143338280e+01 2.132110864621e+01 1 1 1 0.0 0.0 0.0
Bi 2.169416280959e+01 1.312143338280e+01 2.132110864621e+01 1 1 1 0.0 0.0 0.0
Se 1.946569546958e+01 1.761300992126e+01 7.500000000000e+00 1 1 1 0.0 0.0 0.0
Se 1.600212468779e+01 1.761300992126e+01 7.500000000000e+00 1 1 1 0.0 0.0 0.0
Se 1.253855390601e+01 1.761300992126e+01 7.500000000000e+00 1 1 1 0.0 0.0 0.0
Se 9.074983124234e+00 1.761300992126e+01 7.500000000000e+00 1 1 1 0.0 0.0 0.0
Se 2.292926625136e+01 1.761300992126e+01 7.500000000000e+00 1 1 1 0.0 0.0 0.0
Se 1.427033929607e+01 2.615308496644e+00 7.500000000000e+00 1 1 1 0.0 0.0 0.0
Se 1.080676851429e+01 2.615308496644e+00 7.500000000000e+00 1 1 1 0.0 0.0 0.0
Se 7.343197732513e+00 2.615308496644e+00 7.500000000000e+00 1 1 1 0.0 0.0 0.0
Se 3.879626950733e+00 2.615308496644e+00 7.500000000000e+00 1 1 1 0.0 0.0 0.0
Se 1.773391007785e+01 2.615308496644e+00 7.500000000000e+00 1 1 1 0.0 0.0 0.0
Se 1.600212468713e+01 5.614848781567e+00 7.500000000000e+00 1 1 1 0.0 0.0 0.0
Se 1.253855390535e+01 5.614848781567e+00 7.500000000000e+00 1 1 1 0.0 0.0 0.0
Se 9.074983123569e+00 5.614848781567e+00 7.500000000000e+00 1 1 1 0.0 0.0 0.0
Se 5.611412341789e+00 5.614848781567e+00 7.500000000000e+00 1 1 1 0.0 0.0 0.0
Se 1.946569546891e+01 5.614848781567e+00 7.500000000000e+00 1 1 1 0.0 0.0 0.0
Se 1.773391007819e+01 8.614389066490e+00 7.500000000000e+00 1 1 1 0.0 0.0 0.0
Se 1.427033929641e+01 8.614389066490e+00 7.500000000000e+00 1 1 1 0.0 0.0 0.0
Se 1.080676851463e+01 8.614389066490e+00 7.500000000000e+00 1 1 1 0.0 0.0 0.0
Se 7.343197732845e+00 8.614389066490e+00 7.500000000000e+00 1 1 1 0.0 0.0 0.0
Se 3.879626951065e+00 8.614389066490e+00 7.500000000000e+00 1 1 1 0.0 0.0 0.0
Se 1.946569546924e+01 1.161392935141e+01 7.500000000000e+00 1 1 1 0.0 0.0 0.0
Se 1.600212468746e+01 1.161392935141e+01 7.500000000000e+00 1 1 1 0.0 0.0 0.0
Se 1.253855390568e+01 1.161392935141e+01 7.500000000000e+00 1 1 1 0.0 0.0 0.0
Se 9.074983123902e+00 1.161392935141e+01 7.500000000000e+00 1 1 1 0.0 0.0 0.0
Se 5.611412342122e+00 1.161392935141e+01 7.500000000000e+00 1 1 1 0.0 0.0 0.0
Se 2.119748086030e+01 1.461346963634e+01 7.500000000000e+00 1 1 1 0.0 0.0 0.0
Se 1.773391007852e+01 1.461346963634e+01 7.500000000000e+00 1 1 1 0.0 0.0 0.0
Se 1.427033929674e+01 1.461346963634e+01 7.500000000000e+00 1 1 1 0.0 0.0 0.0
Se 1.080676851496e+01 1.461346963634e+01 7.500000000000e+00 1 1 1 0.0 0.0 0.0
Se 7.343197733178e+00 1.461346963634e+01 7.500000000000e+00 1 1 1 0.0 0.0 0.0
Se 1.773471860018e+01 1.660316824656e+01 1.364602824434e+01 1 1 1 0.0 0.0 0.0
Se 1.427114781840e+01 1.660316824656e+01 1.364602824434e+01 1 1 1 0.0 0.0 0.0
Se 1.080757703662e+01 1.660316824656e+01 1.364602824434e+01 1 1 1 0.0 0.0 0.0
Se 7.344006254837e+00 1.660316824656e+01 1.364602824434e+01 1 1 1 0.0 0.0 0.0
Se 2.119828938196e+01 1.660316824656e+01 1.364602824434e+01 1 1 1 0.0 0.0 0.0
Se 1.253936242668e+01 1.605466821940e+00 1.364602824434e+01 1 1 1 0.0 0.0 0.0
Se 9.075791644896e+00 1.605466821940e+00 1.364602824434e+01 1 1 1 0.0 0.0 0.0
Se 5.612220863116e+00 1.605466821940e+00 1.364602824434e+01 1 1 1 0.0 0.0 0.0
Se 2.148650081335e+00 1.605466821940e+00 1.364602824434e+01 1 1 1 0.0 0.0 0.0
Se 1.600293320846e+01 1.605466821940e+00 1.364602824434e+01 1 1 1 0.0 0.0 0.0
Se 1.427114781773e+01 4.605007106864e+00 1.364602824434e+01 1 1 1 0.0 0.0 0.0
Se 1.080757703595e+01 4.605007106864e+00 1.364602824434e+01 1 1 1 0.0 0.0 0.0
Se 7.344006254172e+00 4.605007106864e+00 1.364602824434e+01 1 1 1 0.0 0.0 0.0
Se 3.880435472392e+00 4.605007106864e+00 1.364602824434e+01 1 1 1 0.0 0.0 0.0
Se 1.773471859951e+01 4.605007106864e+00 1.364602824434e+01 1 1 1 0.0 0.0 0.0
Se 1.600293320879e+01 7.604547391787e+00 1.364602824434e+01 1 1 1 0.0 0.0 0.0
Se 1.253936242701e+01 7.604547391787e+00 1.364602824434e+01 1 1 1 0.0 0.0 0.0
Se 9.075791645228e+00 7.604547391787e+00 1.364602824434e+01 1 1 1 0.0 0.0 0.0
Se 5.612220863448e+00 7.604547391787e+00 1.364602824434e+01 1 1 1 0.0 0.0 0.0
Se 1.946650399057e+01 7.604547391787e+00 1.364602824434e+01 1 1 1 0.0 0.0 0.0
Se 1.773471859985e+01 1.060408767671e+01 1.364602824434e+01 1 1 1 0.0 0.0 0.0
Se 1.427114781807e+01 1.060408767671e+01 1.364602824434e+01 1 1 1 0.0 0.0 0.0
Se 1.080757703628e+01 1.060408767671e+01 1.364602824434e+01 1 1 1 0.0 0.0 0.0
Se 7.344006254505e+00 1.060408767671e+01 1.364602824434e+01 1 1 1 0.0 0.0 0.0
Se 2.119828938163e+01 1.060408767671e+01 1.364602824434e+01 1 1 1 0.0 0.0 0.0
Se 1.946650399090e+01 1.360362796163e+01 1.364602824434e+01 1 1 1 0.0 0.0 0.0
Se 1.600293320912e+01 1.360362796163e+01 1.364602824434e+01 1 1 1 0.0 0.0 0.0
Se 1.253936242734e+01 1.360362796163e+01 1.364602824434e+01 1 1 1 0.0 0.0 0.0
Se 9.075791645561e+00 1.360362796163e+01 1.364602824434e+01 1 1 1 0.0 0.0 0.0
Se 5.612220863781e+00 1.360362796163e+01 1.364602824434e+01 1 1 1 0.0 0.0 0.0
Se 1.946538811336e+01 1.761197855054e+01 1.086443756309e+01 1 1 1 0.0 0.0 0.0
Se 1.600181733158e+01 1.761197855054e+01 1.086443756309e+01 1 1 1 0.0 0.0 0.0
Se 1.253824654980e+01 1.761197855054e+01 1.086443756309e+01 1 1 1 0.0 0.0 0.0
Se 9.074675768022e+00 1.761197855054e+01 1.086443756309e+01 1 1 1 0.0 0.0 0.0
Se 2.292895889514e+01 1.761197855054e+01 1.086443756309e+01 1 1 1 0.0 0.0 0.0
Se 1.427003193986e+01 2.614277125922e+00 1.086443756309e+01 1 1 1 0.0 0.0 0.0
Se 1.080646115808e+01 2.614277125922e+00 1.086443756309e+01 1 1 1 0.0 0.0 0.0
Se 7.342890376301e+00 2.614277125922e+00 1.086443756309e+01 1 1 1 0.0 0.0 0.0
Se 3.879319594520e+00 2.614277125922e+00 1.086443756309e+01 1 1 1 0.0 0.0 0.0
Se 1.773360272164e+01 2.614277125922e+00 1.086443756309e+01 1 1 1 0.0 0.0 0.0
Se 1.600181733092e+01 5.613817410845e+00 1.086443756309e+01 1 1 1 0.0 0.0 0.0
Se 1.253824654914e+01 5.613817410845e+00 1.086443756309e+01 1 1 1 0.0 0.0 0.0
Se 9.074675767357e+00 5.613817410845e+00 1.086443756309e+01 1 1 1 0.0 0.0 0.0
Se 5.611104985577e+00 5.613817410845e+00 1.086443756309e+01 1 1 1 0.0 0.0 0.0
Se 1.946538811270e+01 5.613817410845e+00 1.086443756309e+01 1 1 1 0.0 0.0 0.0
Se 1.773360272197e+01 8.613357695769e+00 1.086443756309e+01 1 1 1 0.0 0.0 0.0
Se 1.427003194019e+01 8.613357695769e+00 1.086443756309e+01 1 1 1 0.0 0.0 0.0
Se 1.080646115841e+01 8.613357695769e+00 1.086443756309e+01 1 1 1 0.0 0.0 0.0
Se 7.342890376633e+00 8.613357695769e+00 1.086443756309e+01 1 1 1 0.0 0.0 0.0
Se 3.879319594853e+00 8.613357695769e+00 1.086443756309e+01 1 1 1 0.0 0.0 0.0
Se 1.946538811303e+01 1.161289798069e+01 1.086443756309e+01 1 1 1 0.0 0.0 0.0
Se 1.600181733125e+01 1.161289798069e+01 1.086443756309e+01 1 1 1 0.0 0.0 0.0
Se 1.253824654947e+01 1.161289798069e+01 1.086443756309e+01 1 1 1 0.0 0.0 0.0
Se 9.074675767689e+00 1.161289798069e+01 1.086443756309e+01 1 1 1 0.0 0.0 0.0
Se 5.611104985909e+00 1.161289798069e+01 1.086443756309e+01 1 1 1 0.0 0.0 0.0
Se 2.119717350409e+01 1.461243826562e+01 1.086443756309e+01 1 1 1 0.0 0.0 0.0
Se 1.773360272231e+01 1.461243826562e+01 1.086443756309e+01 1 1 1 0.0 0.0 0.0
Se 1.427003194053e+01 1.461243826562e+01 1.086443756309e+01 1 1 1 0.0 0.0 0.0
Se 1.080646115875e+01 1.461243826562e+01 1.086443756309e+01 1 1 1 0.0 0.0 0.0
Se 7.342890376966e+00 1.461243826562e+01 1.086443756309e+01 1 1 1 0.0 0.0 0.0
Se 1.773424903212e+01 1.660222020229e+01 1.701046802998e+01 1 1 1 0.0 0.0 0.0
Se 1.427067825034e+01 1.660222020229e+01 1.701046802998e+01 1 1 1 0.0 0.0 0.0
Se 1.080710746856e+01 1.660222020229e+01 1.701046802998e+01 1 1 1 0.0 0.0 0.0
Se 7.343536686777e+00 1.660222020229e+01 1.701046802998e+01 1 1 1 0.0 0.0 0.0
Se 2.119781981390e+01 1.660222020229e+01 1.701046802998e+01 1 1 1 0.0 0.0 0.0
Se 1.253889285862e+01 1.604518777675e+00 1.701046802998e+01 1 1 1 0.0 0.0 0.0
Se 9.075322076836e+00 1.604518777675e+00 1.701046802998e+01 1 1 1 0.0 0.0 0.0
Se 5.611751295056e+00 1.604518777675e+00 1.701046802998e+01 1 1 1 0.0 0.0 0.0
Se 2.148180513276e+00 1.604518777675e+00 1.701046802998e+01 1 1 1 0.0 0.0 0.0
Se 1.600246364040e+01 1.604518777675e+00 1.701046802998e+01 1 1 1 0.0 0.0 0.0
Se 1.427067824967e+01 4.604059062599e+00 1.701046802998e+01 1 1 1 0.0 0.0 0.0
Se 1.080710746789e+01 4.604059062599e+00 1.701046802998e+01 1 1 1 0.0 0.0 0.0
Se 7.343536686112e+00 4.604059062599e+00 1.701046802998e+01 1 1 1 0.0 0.0 0.0
Se 3.879965904332e+00 4.604059062599e+00 1.701046802998e+01 1 1 1 0.0 0.0 0.0
Se 1.773424903145e+01 4.604059062599e+00 1.701046802998e+01 1 1 1 0.0 0.0 0.0
Se 1.600246364073e+01 7.603599347522e+00 1.701046802998e+01 1 1 1 0.0 0.0 0.0
Se 1.253889285895e+01 7.603599347522e+00 1.701046802998e+01 1 1 1 0.0 0.0 0.0
Se 9.075322077169e+00 7.603599347522e+00 1.701046802998e+01 1 1 1 0.0 0.0 0.0
Se 5.611751295388e+00 7.603599347522e+00 1.701046802998e+01 1 1 1 0.0 0.0 0.0
Se 1.946603442251e+01 7.603599347522e+00 1.701046802998e+01 1 1 1 0.0 0.0 0.0
Se 1.773424903179e+01 1.060313963245e+01 1.701046802998e+01 1 1 1 0.0 0.0 0.0
Se 1.427067825001e+01 1.060313963245e+01 1.701046802998e+01 1 1 1 0.0 0.0 0.0
Se 1.080710746822e+01 1.060313963245e+01 1.701046802998e+01 1 1 1 0.0 0.0 0.0
Se 7.343536686445e+00 1.060313963245e+01 1.701046802998e+01 1 1 1 0.0 0.0 0.0
Se 2.119781981357e+01 1.060313963245e+01 1.701046802998e+01 1 1 1 0.0 0.0 0.0
Se 1.946603442284e+01 1.360267991737e+01 1.701046802998e+01 1 1 1 0.0 0.0 0.0
Se 1.600246364106e+01 1.360267991737e+01 1.701046802998e+01 1 1 1 0.0 0.0 0.0
Se 1.253889285928e+01 1.360267991737e+01 1.701046802998e+01 1 1 1 0.0 0.0 0.0
Se 9.075322077501e+00 1.360267991737e+01 1.701046802998e+01 1 1 1 0.0 0.0 0.0
Se 5.611751295721e+00 1.360267991737e+01 1.701046802998e+01 1 1 1 0.0 0.0 0.0
Se 1.273881687571e+01 1.223355112756e+00 3.696241589303e+01 1 1 1 0.0 0.0 0.0
Se 8.409353398488e+00 1.223355112756e+00 3.696241589303e+01 1 1 1 0.0 0.0 0.0
Se 4.079889921262e+00 1.223355112756e+00 3.696241589303e+01 1 1 1 0.0 0.0 0.0
Se 1.706828035294e+01 1.223355112756e+00 3.696241589303e+01 1 1 1 0.0 0.0 0.0
Se 1.499013788407e+01 4.822803454664e+00 3.696241589303e+01 1 1 1 0.0 0.0 0.0
Se 1.066067440684e+01 4.822803454664e+00 3.696241589303e+01 1 1 1 0.0 0.0 0.0
Se 6.331210929619e+00 4.822803454664e+00 3.696241589303e+01 1 1 1 0.0 0.0 0.0
Se 2.001747452394e+00 4.822803454664e+00 3.696241589303e+01 1 1 1 0.0 0.0 0.0
Se 1.724145889243e+01 8.422251796572e+00 3.696241589303e+01 1 1 1 0.0 0.0 0.0
Se 1.291199541520e+01 8.422251796572e+00 3.696241589303e+01 1 1 1 0.0 0.0 0.0
Se 8.582531937976e+00 8.422251796572e+00 3.696241589303e+01 1 1 1 0.0 0.0 0.0
Se 4.253068460750e+00 8.422251796572e+00 3.696241589303e+01 1 1 1 0.0 0.0 0.0
Se 1.949277990078e+01 1.202170013848e+01 3.696241589303e+01 1 1 1 0.0 0.0 0.0
Se 1.516331642356e+01 1.202170013848e+01 3.696241589303e+01 1 1 1 0.0 0.0 0.0
Se 1.083385294633e+01 1.202170013848e+01 3.696241589303e+01 1 1 1 0.0 0.0 0.0
Se 6.504389469107e+00 1.202170013848e+01 3.696241589303e+01 1 1 1 0.0 0.0 0.0
Se 2.174410090914e+01 1.562114848039e+01 3.696241589303e+01 1 1 1 0.0 0.0 0.0
Se 1.741463743191e+01 1.562114848039e+01 3.696241589303e+01 1 1 1 0.0 0.0 0.0
Se 1.308517395469e+01 1.562114848039e+01 3.696241589303e+01 1 1 1 0.0 0.0 0.0
Se 8.755710477464e+00 1.562114848039e+01 3.696241589303e+01 1 1 1 0.0 0.0 0.0
Se 1.524809935057e+01 1.679745108241e+01 3.332483142763e+01 1 1 1 0.0 0.0 0.0
Se 1.091863587334e+01 1.679745108241e+01 3.332483142763e+01 1 1 1 0.0 0.0 0.0
Se 6.589172396117e+00 1.679745108241e+01 3.332483142763e+01 1 1 1 0.0 0.0 0.0
Se 1.957756282779e+01 1.679745108241e+01 3.332483142763e+01 1 1 1 0.0 0.0 0.0
Se 1.057227879437e+01 2.399657714781e+00 3.332483142763e+01 1 1 1 0.0 0.0 0.0
Se 6.242815317141e+00 2.399657714781e+00 3.332483142763e+01 1 1 1 0.0 0.0 0.0
Se 1.913351839915e+00 2.399657714781e+00 3.332483142763e+01 1 1 1 0.0 0.0 0.0
Se 1.490174227159e+01 2.399657714781e+00 3.332483142763e+01 1 1 1 0.0 0.0 0.0
Se 1.282359980272e+01 5.999106056688e+00 3.332483142763e+01 1 1 1 0.0 0.0 0.0
Se 8.494136325497e+00 5.999106056688e+00 3.332483142763e+01 1 1 1 0.0 0.0 0.0
Se 4.164672848272e+00 5.999106056688e+00 3.332483142763e+01 1 1 1 0.0 0.0 0.0
Se 1.715306327995e+01 5.999106056688e+00 3.332483142763e+01 1 1 1 0.0 0.0 0.0
Se 1.507492081108e+01 9.598554398596e+00 3.332483142763e+01 1 1 1 0.0 0.0 0.0
Se 1.074545733385e+01 9.598554398596e+00 3.332483142763e+01 1 1 1 0.0 0.0 0.0
Se 6.415993856629e+00 9.598554398596e+00 3.332483142763e+01 1 1 1 0.0 0.0 0.0
Se 1.940438428830e+01 9.598554398596e+00 3.332483142763e+01 1 1 1 0.0 0.0 0.0
Se 1.732624181944e+01 1.319800274050e+01 3.332483142763e+01 1 1 1 0.0 0.0 0.0
Se 1.299677834221e+01 1.319800274050e+01 3.332483142763e+01 1 1 1 0.0 0.0 0.0
Se 8.667314864986e+00 1.319800274050e+01 3.332483142763e+01 1 1 1 0.0 0.0 0.0
Se 2.165570529666e+01 1.319800274050e+01 3.332483142763e+01 1 1 1 0.0 0.0 0.0
Se 1.745479756624e+01 1.799440074684e+01 2.969131231352e+01 1 1 1 0.0 0.0 0.0
Se 1.312533408901e+01 1.799440074684e+01 2.969131231352e+01 1 1 1 0.0 0.0 0.0
Se 8.795870611787e+00 1.799440074684e+01 2.969131231352e+01 1 1 1 0.0 0.0 0.0
Se 2.178426104346e+01 1.799440074684e+01 2.969131231352e+01 1 1 1 0.0 0.0 0.0
Se 1.277897701004e+01 3.596607379204e+00 2.969131231352e+01 1 1 1 0.0 0.0 0.0
Se 8.449513532811e+00 3.596607379204e+00 2.969131231352e+01 1 1 1 0.0 0.0 0.0
Se 4.120050055585e+00 3.596607379204e+00 2.969131231352e+01 1 1 1 0.0 0.0 0.0
Se 1.710844048726e+01 3.596607379204e+00 2.969131231352e+01 1 1 1 0.0 0.0 0.0
Se 1.503029801839e+01 7.196055721112e+00 2.969131231352e+01 1 1 1 0.0 0.0 0.0
Se 1.070083454117e+01 7.196055721112e+00 2.969131231352e+01 1 1 1 0.0 0.0 0.0
Se 6.371371063942e+00 7.196055721112e+00 2.969131231352e+01 1 1 1 0.0 0.0 0.0
Se 1.935976149562e+01 7.196055721112e+00 2.969131231352e+01 1 1 1 0.0 0.0 0.0
Se 1.728161902675e+01 1.079550406302e+01 2.969131231352e+01 1 1 1 0.0 0.0 0.0
Se 1.295215554952e+01 1.079550406302e+01 2.969131231352e+01 1 1 1 0.0 0.0 0.0
Se 8.622692072299e+00 1.079550406302e+01 2.969131231352e+01 1 1 1 0.0 0.0 0.0
Se 4.293228595073e+00 1.079550406302e+01 2.969131231352e+01 1 1 1 0.0 0.0 0.0
Se 1.953294003511e+01 1.439495240493e+01 2.969131231352e+01 1 1 1 0.0 0.0 0.0
Se 1.520347655788e+01 1.439495240493e+01 2.969131231352e+01 1 1 1 0.0 0.0 0.0
Se 1.087401308066e+01 1.439495240493e+01 2.969131231352e+01 1 1 1 0.0 0.0 0.0
Se 6.544549603430e+00 1.439495240493e+01 2.969131231352e+01 1 1 1 0.0 0.0 0.0
Se 1.528344116217e+01 1.672368411872e+01 2.692457590224e+01 1 1 1 0.0 0.0 0.0
Se 1.095397768495e+01 1.672368411872e+01 2.692457590224e+01 1 1 1 0.0 0.0 0.0
Se 6.624514207723e+00 1.672368411872e+01 2.692457590224e+01 1 1 1 0.0 0.0 0.0
Se 1.961290463940e+01 1.672368411872e+01 2.692457590224e+01 1 1 1 0.0 0.0 0.0
Se 1.060762060597e+01 2.325890751085e+00 2.692457590224e+01 1 1 1 0.0 0.0 0.0
Se 6.278157128747e+00 2.325890751085e+00 2.692457590224e+01 1 1 1 0.0 0.0 0.0
Se 1.948693651522e+00 2.325890751085e+00 2.692457590224e+01 1 1 1 0.0 0.0 0.0
Se 1.493708408320e+01 2.325890751085e+00 2.692457590224e+01 1 1 1 0.0 0.0 0.0
Se 1.285894161433e+01 5.925339092993e+00 2.692457590224e+01 1 1 1 0.0 0.0 0.0
Se 8.529478137104e+00 5.925339092993e+00 2.692457590224e+01 1 1 1 0.0 0.0 0.0
Se 4.200014659879e+00 5.925339092993e+00 2.692457590224e+01 1 1 1 0.0 0.0 0.0
Se 1.718840509155e+01 5.925339092993e+00 2.692457590224e+01 1 1 1 0.0 0.0 0.0
Se 1.511026262269e+01 9.524787434901e+00 2.692457590224e+01 1 1 1 0.0 0.0 0.0
Se 1.078079914546e+01 9.524787434901e+00 2.692457590224e+01 1 1 1 0.0 0.0 0.0
Se 6.451335668235e+00 9.524787434901e+00 2.692457590224e+01 1 1 1 0.0 0.0 0.0
Se 1.943972609991e+01 9.524787434901e+00 2.692457590224e+01 1 1 1 0.0 0.0 0.0
Se 1.736158363104e+01 1.312423577681e+01 2.692457590224e+01 1 1 1 0.0 0.0 0.0
Se 1.303212015382e+01 1.312423577681e+01 2.692457590224e+01 1 1 1 0.0 0.0 0.0
Se 8.702656676592e+00 1.312423577681e+01 2.692457590224e+01 1 1 1 0.0 0.0 0.0
Se 2.169104710827e+01 1.312423577681e+01 2.692457590224e+01 1 1 1 0.0 0.0 0.0
Se 1.749751927776e+01 1.792486982825e+01 2.330671355540e+01 1 1 1 0.0 0.0 0.0
Se 1.316805580054e+01 1.792486982825e+01 2.330671355540e+01 1 1 1 0.0 0.0 0.0
Se 8.838592323312e+00 1.792486982825e+01 2.330671355540e+01 1 1 1 0.0 0.0 0.0
Se 2.182698275499e+01 1.792486982825e+01 2.330671355540e+01 1 1 1 0.0 0.0 0.0
Se 1.282169872156e+01 3.527076460621e+00 2.330671355540e+01 1 1 1 0.0 0.0 0.0
Se 8.492235244336e+00 3.527076460621e+00 2.330671355540e+01 1 1 1 0.0 0.0 0.0
Se 4.162771767111e+00 3.527076460621e+00 2.330671355540e+01 1 1 1 0.0 0.0 0.0
Se 1.715116219879e+01 3.527076460621e+00 2.330671355540e+01 1 1 1 0.0 0.0 0.0
Se 1.507301972992e+01 7.126524802529e+00 2.330671355540e+01 1 1 1 0.0 0.0 0.0
Se 1.074355625269e+01 7.126524802529e+00 2.330671355540e+01 1 1 1 0.0 0.0 0.0
Se 6.414092775467e+00 7.126524802529e+00 2.330671355540e+01 1 1 1 0.0 0.0 0.0
Se 1.940248320714e+01 7.126524802529e+00 2.330671355540e+01 1 1 1 0.0 0.0 0.0
Se 1.732434073827e+01 1.072597314444e+01 2.330671355540e+01 1 1 1 0.0 0.0 0.0
Se 1.299487726105e+01 1.072597314444e+01 2.330671355540e+01 1 1 1 0.0 0.0 0.0
Se 8.665413783824e+00 1.072597314444e+01 2.330671355540e+01 1 1 1 0.0 0.0 0.0
Se 4.335950306599e+00 1.072597314444e+01 2.330671355540e+01 1 1 1 0.0 0.0 0.0
Se 1.957566174663e+01 1.432542148634e+01 2.330671355540e+01 1 1 1 0.0 0.0 0.0
Se 1.524619826941e+01 1.432542148634e+01 2.330671355540e+01 1 1 1 0.0 0.0 0.0
Se 1.091673479218e+01 1.432542148634e+01 2.330671355540e+01 1 1 1 0.0 0.0 0.0
Se 6.587271314955e+00 1.432542148634e+01 2.330671355540e+01 1 1 1 0.0 0.0 0.0
Se 1.277262035374e+01 1.138765352136e+00 1.968357859229e+01 1 1 1 0.0 0.0 0.0
Se 8.443156876516e+00 1.138765352136e+00 1.968357859229e+01 1 1 1 0.0 0.0 0.0
Se 4.113693399291e+00 1.138765352136e+00 1.968357859229e+01 1 1 1 0.0 0.0 0.0
Se 1.710208383097e+01 1.138765352136e+00 1.968357859229e+01 1 1 1 0.0 0.0 0.0
Se 1.502394136210e+01 4.738213694044e+00 1.968357859229e+01 1 1 1 0.0 0.0 0.0
Se 1.069447788487e+01 4.738213694044e+00 1.968357859229e+01 1 1 1 0.0 0.0 0.0
Se 6.365014407648e+00 4.738213694044e+00 1.968357859229e+01 1 1 1 0.0 0.0 0.0
Se 2.035550930422e+00 4.738213694044e+00 1.968357859229e+01 1 1 1 0.0 0.0 0.0
Se 1.727526237045e+01 8.337662035952e+00 1.968357859229e+01 1 1 1 0.0 0.0 0.0
Se 1.294579889323e+01 8.337662035952e+00 1.968357859229e+01 1 1 1 0.0 0.0 0.0
Se 8.616335416004e+00 8.337662035952e+00 1.968357859229e+01 1 1 1 0.0 0.0 0.0
Se 4.286871938779e+00 8.337662035952e+00 1.968357859229e+01 1 1 1 0.0 0.0 0.0
Se 1.952658337881e+01 1.193711037786e+01 1.968357859229e+01 1 1 1 0.0 0.0 0.0
Se 1.519711990159e+01 1.193711037786e+01 1.968357859229e+01 1 1 1 0.0 0.0 0.0
Se 1.086765642436e+01 1.193711037786e+01 1.968357859229e+01 1 1 1 0.0 0.0 0.0
Se 6.538192947136e+00 1.193711037786e+01 1.968357859229e+01 1 1 1 0.0 0.0 0.0
Se 2.177790438717e+01 1.553655871977e+01 1.968357859229e+01 1 1 1 0.0 0.0 0.0
Se 1.744844090994e+01 1.553655871977e+01 1.968357859229e+01 1 1 1 0.0 0.0 0.0
Se 1.311897743272e+01 1.553655871977e+01 1.968357859229e+01 1 1 1 0.0 0.0 0.0
Se 8.789513955492e+00 1.553655871977e+01 1.968357859229e+01 1 1 1 0.0 0.0 0.0
"