calculation_mode = "Quench Electrons"
cell_relax = "False"
charge_density_mixing = "0.15"
charge_mixing_type = "Broyden"
description = "Example parameters for high-throughput bulk relaxation of a vdW material"
dipole_moment = "True"
dos_broading = "0.05"
dos_method = "Gaussian"
energy_convergence_criterion = "1e-08"
energy_output_units = "Hartrees"
kohn_sham_mucycles = "3"
kohn_sham_solver = "davidson"
kpoint_distribution = "1"
kpoint_mesh = "1 1 1"
localize_projectors = "False"
max_md_steps = "100"
max_scf_steps = "200"
non_local_block_size = "4000"
output_wave_function_file = "/dev/null"
potential_acceleration_constant_step = "1.5"
processor_grid = "5 16 14"
rms_convergence_criterion = "1e-08"
scalapack_block_factor = "64"
start_mode = "LCAO Start"
state_block_size = "64"
stress = "True"
subdiag_driver = "scalapack"
test_energy_tolerance = "1e-05"
use_async_allreduce = "False"
vdw_corr = "DFT-D3"
vdwdf_kernel_filepath = "/lustre/orion/world-shared/cph162/rjmorelock/rmgdft/XC/vdW_kernel_table"
wavefunction_grid = "106 524 426"
write_data_period = "50"

atomic_coordinate_type = "Absolute"
crds_units = "Angstrom"
lattice_units = "Angstrom"

lattice_vector = "
1.248808204977e+01 0.000000000000e+00 8.000000000000e-16
9.606216940362e-01 6.156228663208e+01 3.800000000000e-15
0.000000000000e+00 0.000000000000e+00 4.998930533072e+01
"
atoms = "
Nb 6.190830117869e-01 3.282450479205e-01 1.782833092694e+01 1 1 1 0.0 0.0 0.0
Nb 3.020637252042e+00 2.824013424897e+00 1.782833092694e+01 1 1 1 0.0 0.0 0.0
Nb 6.382813188547e+00 1.992090632571e+00 1.782833092694e+01 1 1 1 0.0 0.0 0.0
Nb 9.744989125051e+00 1.160167840246e+00 1.782833092694e+01 1 1 1 0.0 0.0 0.0
Nb 2.060015555792e+00 6.151704594198e+00 1.782833092694e+01 1 1 1 0.0 0.0 0.0
Nb 5.422191492297e+00 5.319781801873e+00 1.782833092694e+01 1 1 1 0.0 0.0 0.0
Nb 8.784367428802e+00 4.487859009548e+00 1.782833092694e+01 1 1 1 0.0 0.0 0.0
Nb 1.214654336531e+01 3.655936217222e+00 1.782833092694e+01 1 1 1 0.0 0.0 0.0
Nb 1.099393859543e+00 9.479395763500e+00 1.782833092694e+01 1 1 1 0.0 0.0 0.0
Nb 4.461569796047e+00 8.647472971175e+00 1.782833092694e+01 1 1 1 0.0 0.0 0.0
Nb 7.823745732552e+00 7.815550178849e+00 1.782833092694e+01 1 1 1 0.0 0.0 0.0
Nb 1.118592166906e+01 6.983627386524e+00 1.782833092694e+01 1 1 1 0.0 0.0 0.0
Nb 3.500948099798e+00 1.197516414048e+01 1.782833092694e+01 1 1 1 0.0 0.0 0.0
Nb 6.863124036303e+00 1.114324134815e+01 1.782833092694e+01 1 1 1 0.0 0.0 0.0
Nb 1.022529997281e+01 1.031131855583e+01 1.782833092694e+01 1 1 1 0.0 0.0 0.0
Nb 2.540326403548e+00 1.530285530978e+01 1.782833092694e+01 1 1 1 0.0 0.0 0.0
Nb 5.902502340053e+00 1.447093251745e+01 1.782833092694e+01 1 1 1 0.0 0.0 0.0
Nb 9.264678276558e+00 1.363900972513e+01 1.782833092694e+01 1 1 1 0.0 0.0 0.0
Nb 1.262685421306e+01 1.280708693280e+01 1.782833092694e+01 1 1 1 0.0 0.0 0.0
Nb 1.579704707299e+00 1.863054647908e+01 1.782833092694e+01 1 1 1 0.0 0.0 0.0
Nb 4.941880643803e+00 1.779862368675e+01 1.782833092694e+01 1 1 1 0.0 0.0 0.0
Nb 8.304056580308e+00 1.696670089443e+01 1.782833092694e+01 1 1 1 0.0 0.0 0.0
Nb 1.166623251681e+01 1.613477810210e+01 1.782833092694e+01 1 1 1 0.0 0.0 0.0
Nb 3.981258947554e+00 2.112631485606e+01 1.782833092694e+01 1 1 1 0.0 0.0 0.0
Nb 7.343434884059e+00 2.029439206373e+01 1.782833092694e+01 1 1 1 0.0 0.0 0.0
Nb 1.070561082056e+01 1.946246927141e+01 1.782833092694e+01 1 1 1 0.0 0.0 0.0
Nb 3.020637251304e+00 2.445400602536e+01 1.782833092694e+01 1 1 1 0.0 0.0 0.0
Nb 6.382813187809e+00 2.362208323303e+01 1.782833092694e+01 1 1 1 0.0 0.0 0.0
Nb 9.744989124314e+00 2.279016044071e+01 1.782833092694e+01 1 1 1 0.0 0.0 0.0
Nb 6.190830110490e-01 2.195823764838e+01 1.782833092694e+01 1 1 1 0.0 0.0 0.0
Nb 2.060015555055e+00 2.778169719466e+01 1.782833092694e+01 1 1 1 0.0 0.0 0.0
Nb 5.422191491559e+00 2.694977440233e+01 1.782833092694e+01 1 1 1 0.0 0.0 0.0
Nb 8.784367428064e+00 2.611785161001e+01 1.782833092694e+01 1 1 1 0.0 0.0 0.0
Nb 1.214654336457e+01 2.528592881768e+01 1.782833092694e+01 1 1 1 0.0 0.0 0.0
Nb 1.099393858805e+00 3.110938836396e+01 1.782833092694e+01 1 1 1 0.0 0.0 0.0
Nb 4.461569795310e+00 3.027746557164e+01 1.782833092694e+01 1 1 1 0.0 0.0 0.0
Nb 7.823745731814e+00 2.944554277931e+01 1.782833092694e+01 1 1 1 0.0 0.0 0.0
Nb 1.118592166832e+01 2.861361998698e+01 1.782833092694e+01 1 1 1 0.0 0.0 0.0
Nb 3.500948099060e+00 3.360515674094e+01 1.782833092694e+01 1 1 1 0.0 0.0 0.0
Nb 6.863124035565e+00 3.277323394861e+01 1.782833092694e+01 1 1 1 0.0 0.0 0.0
Nb 1.022529997207e+01 3.194131115629e+01 1.782833092694e+01 1 1 1 0.0 0.0 0.0
Nb 2.540326402810e+00 3.693284791024e+01 1.782833092694e+01 1 1 1 0.0 0.0 0.0
Nb 5.902502339315e+00 3.610092511791e+01 1.782833092694e+01 1 1 1 0.0 0.0 0.0
Nb 9.264678275820e+00 3.526900232559e+01 1.782833092694e+01 1 1 1 0.0 0.0 0.0
Nb 1.262685421232e+01 3.443707953326e+01 1.782833092694e+01 1 1 1 0.0 0.0 0.0
Nb 1.579704706561e+00 4.026053907954e+01 1.782833092694e+01 1 1 1 0.0 0.0 0.0
Nb 4.941880643066e+00 3.942861628722e+01 1.782833092694e+01 1 1 1 0.0 0.0 0.0
Nb 8.304056579570e+00 3.859669349489e+01 1.782833092694e+01 1 1 1 0.0 0.0 0.0
Nb 1.166623251608e+01 3.776477070256e+01 1.782833092694e+01 1 1 1 0.0 0.0 0.0
Nb 3.981258946816e+00 4.275630745652e+01 1.782833092694e+01 1 1 1 0.0 0.0 0.0
Nb 7.343434883321e+00 4.192438466419e+01 1.782833092694e+01 1 1 1 0.0 0.0 0.0
Nb 1.070561081983e+01 4.109246187187e+01 1.782833092694e+01 1 1 1 0.0 0.0 0.0
Nb 3.020637250566e+00 4.608399862582e+01 1.782833092694e+01 1 1 1 0.0 0.0 0.0
Nb 6.382813187071e+00 4.525207583349e+01 1.782833092694e+01 1 1 1 0.0 0.0 0.0
Nb 9.744989123576e+00 4.442015304117e+01 1.782833092694e+01 1 1 1 0.0 0.0 0.0
Nb 1.310716506008e+01 4.358823024884e+01 1.782833092694e+01 1 1 1 0.0 0.0 0.0
Nb 2.060015554317e+00 4.941168979512e+01 1.782833092694e+01 1 1 1 0.0 0.0 0.0
Nb 5.422191490821e+00 4.857976700279e+01 1.782833092694e+01 1 1 1 0.0 0.0 0.0
Nb 8.784367427326e+00 4.774784421047e+01 1.782833092694e+01 1 1 1 0.0 0.0 0.0
Nb 1.214654336383e+01 4.691592141814e+01 1.782833092694e+01 1 1 1 0.0 0.0 0.0
Nb 4.461569794572e+00 5.190745817210e+01 1.782833092694e+01 1 1 1 0.0 0.0 0.0
Nb 7.823745731077e+00 5.107553537977e+01 1.782833092694e+01 1 1 1 0.0 0.0 0.0
Nb 1.118592166758e+01 5.024361258745e+01 1.782833092694e+01 1 1 1 0.0 0.0 0.0
Nb 3.500948098322e+00 5.523514934140e+01 1.782833092694e+01 1 1 1 0.0 0.0 0.0
Nb 6.863124034827e+00 5.440322654907e+01 1.782833092694e+01 1 1 1 0.0 0.0 0.0
Nb 1.022529997133e+01 5.357130375675e+01 1.782833092694e+01 1 1 1 0.0 0.0 0.0
Nb 1.099393858067e+00 5.273938096442e+01 1.782833092694e+01 1 1 1 0.0 0.0 0.0
Nb 2.540326402073e+00 5.856284051070e+01 1.782833092694e+01 1 1 1 0.0 0.0 0.0
Nb 5.902502338577e+00 5.773091771837e+01 1.782833092694e+01 1 1 1 0.0 0.0 0.0
Nb 9.264678275082e+00 5.689899492605e+01 1.782833092694e+01 1 1 1 0.0 0.0 0.0
Nb 1.262685421159e+01 5.606707213372e+01 1.782833092694e+01 1 1 1 0.0 0.0 0.0
Nb 4.941880642328e+00 6.105860888768e+01 1.782833092694e+01 1 1 1 0.0 0.0 0.0
Nb 8.304056578833e+00 6.022668609535e+01 1.782833092694e+01 1 1 1 0.0 0.0 0.0
Nb 1.166623251534e+01 5.939476330303e+01 1.782833092694e+01 1 1 1 0.0 0.0 0.0
Nb 6.223804324863e-01 3.374795281152e-01 1.168208868332e+01 1 1 1 0.0 0.0 0.0
Nb 3.023934672741e+00 2.833247905091e+00 1.168208868332e+01 1 1 1 0.0 0.0 0.0
Nb 6.386110609246e+00 2.001325112766e+00 1.168208868332e+01 1 1 1 0.0 0.0 0.0
Nb 9.748286545751e+00 1.169402320441e+00 1.168208868332e+01 1 1 1 0.0 0.0 0.0
Nb 2.063312976492e+00 6.160939074393e+00 1.168208868332e+01 1 1 1 0.0 0.0 0.0
Nb 5.425488912997e+00 5.329016282068e+00 1.168208868332e+01 1 1 1 0.0 0.0 0.0
Nb 8.787664849501e+00 4.497093489742e+00 1.168208868332e+01 1 1 1 0.0 0.0 0.0
Nb 1.214984078601e+01 3.665170697417e+00 1.168208868332e+01 1 1 1 0.0 0.0 0.0
Nb 1.102691280242e+00 9.488630243695e+00 1.168208868332e+01 1 1 1 0.0 0.0 0.0
Nb 4.464867216747e+00 8.656707451369e+00 1.168208868332e+01 1 1 1 0.0 0.0 0.0
Nb 7.827043153252e+00 7.824784659044e+00 1.168208868332e+01 1 1 1 0.0 0.0 0.0
Nb 1.118921908976e+01 6.992861866719e+00 1.168208868332e+01 1 1 1 0.0 0.0 0.0
Nb 3.504245520497e+00 1.198439862067e+01 1.168208868332e+01 1 1 1 0.0 0.0 0.0
Nb 6.866421457002e+00 1.115247582835e+01 1.168208868332e+01 1 1 1 0.0 0.0 0.0
Nb 1.022859739351e+01 1.032055303602e+01 1.168208868332e+01 1 1 1 0.0 0.0 0.0
Nb 2.543623824248e+00 1.531208978997e+01 1.168208868332e+01 1 1 1 0.0 0.0 0.0
Nb 5.905799760752e+00 1.448016699765e+01 1.168208868332e+01 1 1 1 0.0 0.0 0.0
Nb 9.267975697257e+00 1.364824420532e+01 1.168208868332e+01 1 1 1 0.0 0.0 0.0
Nb 1.263015163376e+01 1.281632141300e+01 1.168208868332e+01 1 1 1 0.0 0.0 0.0
Nb 1.583002127998e+00 1.863978095927e+01 1.168208868332e+01 1 1 1 0.0 0.0 0.0
Nb 4.945178064503e+00 1.780785816695e+01 1.168208868332e+01 1 1 1 0.0 0.0 0.0
Nb 8.307354001008e+00 1.697593537462e+01 1.168208868332e+01 1 1 1 0.0 0.0 0.0
Nb 1.166952993751e+01 1.614401258230e+01 1.168208868332e+01 1 1 1 0.0 0.0 0.0
Nb 3.984556368253e+00 2.113554933625e+01 1.168208868332e+01 1 1 1 0.0 0.0 0.0
Nb 7.346732304758e+00 2.030362654393e+01 1.168208868332e+01 1 1 1 0.0 0.0 0.0
Nb 1.070890824126e+01 1.947170375160e+01 1.168208868332e+01 1 1 1 0.0 0.0 0.0
Nb 3.023934672004e+00 2.446324050555e+01 1.168208868332e+01 1 1 1 0.0 0.0 0.0
Nb 6.386110608508e+00 2.363131771323e+01 1.168208868332e+01 1 1 1 0.0 0.0 0.0
Nb 9.748286545013e+00 2.279939492090e+01 1.168208868332e+01 1 1 1 0.0 0.0 0.0
Nb 6.223804317485e-01 2.196747212858e+01 1.168208868332e+01 1 1 1 0.0 0.0 0.0
Nb 2.063312975754e+00 2.779093167485e+01 1.168208868332e+01 1 1 1 0.0 0.0 0.0
Nb 5.425488912259e+00 2.695900888253e+01 1.168208868332e+01 1 1 1 0.0 0.0 0.0
Nb 8.787664848764e+00 2.612708609020e+01 1.168208868332e+01 1 1 1 0.0 0.0 0.0
Nb 1.214984078527e+01 2.529516329788e+01 1.168208868332e+01 1 1 1 0.0 0.0 0.0
Nb 1.102691279504e+00 3.111862284416e+01 1.168208868332e+01 1 1 1 0.0 0.0 0.0
Nb 4.464867216009e+00 3.028670005183e+01 1.168208868332e+01 1 1 1 0.0 0.0 0.0
Nb 7.827043152514e+00 2.945477725950e+01 1.168208868332e+01 1 1 1 0.0 0.0 0.0
Nb 1.118921908902e+01 2.862285446718e+01 1.168208868332e+01 1 1 1 0.0 0.0 0.0
Nb 3.504245519760e+00 3.361439122113e+01 1.168208868332e+01 1 1 1 0.0 0.0 0.0
Nb 6.866421456264e+00 3.278246842881e+01 1.168208868332e+01 1 1 1 0.0 0.0 0.0
Nb 1.022859739277e+01 3.195054563648e+01 1.168208868332e+01 1 1 1 0.0 0.0 0.0
Nb 2.543623823510e+00 3.694208239043e+01 1.168208868332e+01 1 1 1 0.0 0.0 0.0
Nb 5.905799760015e+00 3.611015959811e+01 1.168208868332e+01 1 1 1 0.0 0.0 0.0
Nb 9.267975696519e+00 3.527823680578e+01 1.168208868332e+01 1 1 1 0.0 0.0 0.0
Nb 1.263015163302e+01 3.444631401346e+01 1.168208868332e+01 1 1 1 0.0 0.0 0.0
Nb 1.583002127260e+00 4.026977355974e+01 1.168208868332e+01 1 1 1 0.0 0.0 0.0
Nb 4.945178063765e+00 3.943785076741e+01 1.168208868332e+01 1 1 1 0.0 0.0 0.0
Nb 8.307354000270e+00 3.860592797508e+01 1.168208868332e+01 1 1 1 0.0 0.0 0.0
Nb 1.166952993677e+01 3.777400518276e+01 1.168208868332e+01 1 1 1 0.0 0.0 0.0
Nb 3.984556367515e+00 4.276554193671e+01 1.168208868332e+01 1 1 1 0.0 0.0 0.0
Nb 7.346732304020e+00 4.193361914439e+01 1.168208868332e+01 1 1 1 0.0 0.0 0.0
Nb 1.070890824052e+01 4.110169635206e+01 1.168208868332e+01 1 1 1 0.0 0.0 0.0
Nb 3.023934671266e+00 4.609323310601e+01 1.168208868332e+01 1 1 1 0.0 0.0 0.0
Nb 6.386110607771e+00 4.526131031369e+01 1.168208868332e+01 1 1 1 0.0 0.0 0.0
Nb 9.748286544275e+00 4.442938752136e+01 1.168208868332e+01 1 1 1 0.0 0.0 0.0
Nb 1.311046248078e+01 4.359746472904e+01 1.168208868332e+01 1 1 1 0.0 0.0 0.0
Nb 2.063312975016e+00 4.942092427531e+01 1.168208868332e+01 1 1 1 0.0 0.0 0.0
Nb 5.425488911521e+00 4.858900148299e+01 1.168208868332e+01 1 1 1 0.0 0.0 0.0
Nb 8.787664848026e+00 4.775707869066e+01 1.168208868332e+01 1 1 1 0.0 0.0 0.0
Nb 1.214984078453e+01 4.692515589834e+01 1.168208868332e+01 1 1 1 0.0 0.0 0.0
Nb 4.464867215271e+00 5.191669265229e+01 1.168208868332e+01 1 1 1 0.0 0.0 0.0
Nb 7.827043151776e+00 5.108476985997e+01 1.168208868332e+01 1 1 1 0.0 0.0 0.0
Nb 1.118921908828e+01 5.025284706764e+01 1.168208868332e+01 1 1 1 0.0 0.0 0.0
Nb 3.504245519022e+00 5.524438382159e+01 1.168208868332e+01 1 1 1 0.0 0.0 0.0
Nb 6.866421455526e+00 5.441246102927e+01 1.168208868332e+01 1 1 1 0.0 0.0 0.0
Nb 1.022859739203e+01 5.358053823694e+01 1.168208868332e+01 1 1 1 0.0 0.0 0.0
Nb 1.102691278767e+00 5.274861544462e+01 1.168208868332e+01 1 1 1 0.0 0.0 0.0
Nb 2.543623822772e+00 5.857207499089e+01 1.168208868332e+01 1 1 1 0.0 0.0 0.0
Nb 5.905799759277e+00 5.774015219857e+01 1.168208868332e+01 1 1 1 0.0 0.0 0.0
Nb 9.267975695782e+00 5.690822940624e+01 1.168208868332e+01 1 1 1 0.0 0.0 0.0
Nb 1.263015163229e+01 5.607630661392e+01 1.168208868332e+01 1 1 1 0.0 0.0 0.0
Nb 4.945178063027e+00 6.106784336787e+01 1.168208868332e+01 1 1 1 0.0 0.0 0.0
Nb 8.307353999532e+00 6.023592057555e+01 1.168208868332e+01 1 1 1 0.0 0.0 0.0
Nb 1.166952993604e+01 5.940399778322e+01 1.168208868332e+01 1 1 1 0.0 0.0 0.0
Bi 3.436044602877e+00 5.358553785822e+01 3.834784015603e+01 1 1 1 0.0 0.0 0.0
Bi 5.451466592686e+00 5.720684883658e+01 3.834784015603e+01 1 1 1 0.0 0.0 0.0
Bi 3.567894639848e+00 4.634291590151e+01 3.834784015603e+01 1 1 1 0.0 0.0 0.0
Bi 5.583316629657e+00 4.996422687986e+01 3.834784015603e+01 1 1 1 0.0 0.0 0.0
Bi 7.598738619466e+00 5.358553785822e+01 3.834784015603e+01 1 1 1 0.0 0.0 0.0
Bi 9.614160609276e+00 5.720684883658e+01 3.834784015603e+01 1 1 1 0.0 0.0 0.0
Bi 3.699744676820e+00 3.910029394479e+01 3.834784015603e+01 1 1 1 0.0 0.0 0.0
Bi 5.715166666629e+00 4.272160492315e+01 3.834784015603e+01 1 1 1 0.0 0.0 0.0
Bi 7.730588656438e+00 4.634291590151e+01 3.834784015603e+01 1 1 1 0.0 0.0 0.0
Bi 9.746010646247e+00 4.996422687986e+01 3.834784015603e+01 1 1 1 0.0 0.0 0.0
Bi 1.176143263606e+01 5.358553785822e+01 3.834784015603e+01 1 1 1 0.0 0.0 0.0
Bi 1.288772576096e+00 5.720684883658e+01 3.834784015603e+01 1 1 1 0.0 0.0 0.0
Bi 3.831594713791e+00 3.185767198808e+01 3.834784015603e+01 1 1 1 0.0 0.0 0.0
Bi 5.847016703601e+00 3.547898296643e+01 3.834784015603e+01 1 1 1 0.0 0.0 0.0
Bi 7.862438693410e+00 3.910029394479e+01 3.834784015603e+01 1 1 1 0.0 0.0 0.0
Bi 9.877860683219e+00 4.272160492315e+01 3.834784015603e+01 1 1 1 0.0 0.0 0.0
Bi 1.189328267303e+01 4.634291590151e+01 3.834784015603e+01 1 1 1 0.0 0.0 0.0
Bi 1.420622613068e+00 4.996422687986e+01 3.834784015603e+01 1 1 1 0.0 0.0 0.0
Bi 3.963444750763e+00 2.461505003136e+01 3.834784015603e+01 1 1 1 0.0 0.0 0.0
Bi 5.978866740572e+00 2.823636100972e+01 3.834784015603e+01 1 1 1 0.0 0.0 0.0
Bi 7.994288730381e+00 3.185767198808e+01 3.834784015603e+01 1 1 1 0.0 0.0 0.0
Bi 1.000971072019e+01 3.547898296643e+01 3.834784015603e+01 1 1 1 0.0 0.0 0.0
Bi 1.202513271000e+01 3.910029394479e+01 3.834784015603e+01 1 1 1 0.0 0.0 0.0
Bi 1.552472650039e+00 4.272160492315e+01 3.834784015603e+01 1 1 1 0.0 0.0 0.0
Bi 4.095294787735e+00 1.737242807465e+01 3.834784015603e+01 1 1 1 0.0 0.0 0.0
Bi 6.110716777544e+00 2.099373905300e+01 3.834784015603e+01 1 1 1 0.0 0.0 0.0
Bi 8.126138767353e+00 2.461505003136e+01 3.834784015603e+01 1 1 1 0.0 0.0 0.0
Bi 1.014156075716e+01 2.823636100972e+01 3.834784015603e+01 1 1 1 0.0 0.0 0.0
Bi 1.215698274697e+01 3.185767198808e+01 3.834784015603e+01 1 1 1 0.0 0.0 0.0
Bi 1.684322687011e+00 3.547898296643e+01 3.834784015603e+01 1 1 1 0.0 0.0 0.0
Bi 4.227144824706e+00 1.012980611793e+01 3.834784015603e+01 1 1 1 0.0 0.0 0.0
Bi 6.242566814515e+00 1.375111709629e+01 3.834784015603e+01 1 1 1 0.0 0.0 0.0
Bi 8.257988804325e+00 1.737242807465e+01 3.834784015603e+01 1 1 1 0.0 0.0 0.0
Bi 1.027341079413e+01 2.099373905300e+01 3.834784015603e+01 1 1 1 0.0 0.0 0.0
Bi 1.228883278394e+01 2.461505003136e+01 3.834784015603e+01 1 1 1 0.0 0.0 0.0
Bi 1.816172723982e+00 2.823636100972e+01 3.834784015603e+01 1 1 1 0.0 0.0 0.0
Bi 3.304194565905e+00 6.082815981494e+01 3.834784015603e+01 1 1 1 0.0 0.0 0.0
Bi 4.358994861678e+00 2.887184161214e+00 3.834784015603e+01 1 1 1 0.0 0.0 0.0
Bi 6.374416851487e+00 6.508495139572e+00 3.834784015603e+01 1 1 1 0.0 0.0 0.0
Bi 8.389838841296e+00 1.012980611793e+01 3.834784015603e+01 1 1 1 0.0 0.0 0.0
Bi 1.040526083111e+01 1.375111709629e+01 3.834784015603e+01 1 1 1 0.0 0.0 0.0
Bi 1.242068282091e+01 1.737242807465e+01 3.834784015603e+01 1 1 1 0.0 0.0 0.0
Bi 1.948022760954e+00 2.099373905300e+01 3.834784015603e+01 1 1 1 0.0 0.0 0.0
Bi 7.466888582495e+00 6.082815981494e+01 3.834784015603e+01 1 1 1 0.0 0.0 0.0
Bi 8.521688878268e+00 2.887184161214e+00 3.834784015603e+01 1 1 1 0.0 0.0 0.0
Bi 1.053711086808e+01 6.508495139572e+00 3.834784015603e+01 1 1 1 0.0 0.0 0.0
Bi 1.255253285789e+01 1.012980611793e+01 3.834784015603e+01 1 1 1 0.0 0.0 0.0
Bi 2.079872797926e+00 1.375111709629e+01 3.834784015603e+01 1 1 1 0.0 0.0 0.0
Bi 1.162958259908e+01 6.082815981494e+01 3.834784015603e+01 1 1 1 0.0 0.0 0.0
Bi 1.963008450882e-01 2.887184161214e+00 3.834784015603e+01 1 1 1 0.0 0.0 0.0
Bi 2.211722834897e+00 6.508495139572e+00 3.834784015603e+01 1 1 1 0.0 0.0 0.0
Bi 1.307244743776e+00 5.481824333873e+01 3.436119714775e+01 1 1 1 0.0 0.0 0.0
Bi 3.322666733585e+00 5.843955431709e+01 3.436119714775e+01 1 1 1 0.0 0.0 0.0
Bi 1.439094780748e+00 4.757562138201e+01 3.436119714775e+01 1 1 1 0.0 0.0 0.0
Bi 3.454516770557e+00 5.119693236037e+01 3.436119714775e+01 1 1 1 0.0 0.0 0.0
Bi 5.469938760366e+00 5.481824333873e+01 3.436119714775e+01 1 1 1 0.0 0.0 0.0
Bi 7.485360750175e+00 5.843955431709e+01 3.436119714775e+01 1 1 1 0.0 0.0 0.0
Bi 1.570944817719e+00 4.033299942530e+01 3.436119714775e+01 1 1 1 0.0 0.0 0.0
Bi 3.586366807528e+00 4.395431040366e+01 3.436119714775e+01 1 1 1 0.0 0.0 0.0
Bi 5.601788797337e+00 4.757562138201e+01 3.436119714775e+01 1 1 1 0.0 0.0 0.0
Bi 7.617210787146e+00 5.119693236037e+01 3.436119714775e+01 1 1 1 0.0 0.0 0.0
Bi 9.632632776956e+00 5.481824333873e+01 3.436119714775e+01 1 1 1 0.0 0.0 0.0
Bi 1.164805476676e+01 5.843955431709e+01 3.436119714775e+01 1 1 1 0.0 0.0 0.0
Bi 1.702794854691e+00 3.309037746858e+01 3.436119714775e+01 1 1 1 0.0 0.0 0.0
Bi 3.718216844500e+00 3.671168844694e+01 3.436119714775e+01 1 1 1 0.0 0.0 0.0
Bi 5.733638834309e+00 4.033299942530e+01 3.436119714775e+01 1 1 1 0.0 0.0 0.0
Bi 7.749060824118e+00 4.395431040366e+01 3.436119714775e+01 1 1 1 0.0 0.0 0.0
Bi 9.764482813927e+00 4.757562138201e+01 3.436119714775e+01 1 1 1 0.0 0.0 0.0
Bi 1.177990480374e+01 5.119693236037e+01 3.436119714775e+01 1 1 1 0.0 0.0 0.0
Bi 1.834644891662e+00 2.584775551187e+01 3.436119714775e+01 1 1 1 0.0 0.0 0.0
Bi 3.850066881471e+00 2.946906649022e+01 3.436119714775e+01 1 1 1 0.0 0.0 0.0
Bi 5.865488871281e+00 3.309037746858e+01 3.436119714775e+01 1 1 1 0.0 0.0 0.0
Bi 7.880910861090e+00 3.671168844694e+01 3.436119714775e+01 1 1 1 0.0 0.0 0.0
Bi 9.896332850899e+00 4.033299942530e+01 3.436119714775e+01 1 1 1 0.0 0.0 0.0
Bi 1.191175484071e+01 4.395431040366e+01 3.436119714775e+01 1 1 1 0.0 0.0 0.0
Bi 1.966494928634e+00 1.860513355515e+01 3.436119714775e+01 1 1 1 0.0 0.0 0.0
Bi 3.981916918443e+00 2.222644453351e+01 3.436119714775e+01 1 1 1 0.0 0.0 0.0
Bi 5.997338908252e+00 2.584775551187e+01 3.436119714775e+01 1 1 1 0.0 0.0 0.0
Bi 8.012760898061e+00 2.946906649022e+01 3.436119714775e+01 1 1 1 0.0 0.0 0.0
Bi 1.002818288787e+01 3.309037746858e+01 3.436119714775e+01 1 1 1 0.0 0.0 0.0
Bi 1.204360487768e+01 3.671168844694e+01 3.436119714775e+01 1 1 1 0.0 0.0 0.0
Bi 2.098344965606e+00 1.136251159844e+01 3.436119714775e+01 1 1 1 0.0 0.0 0.0
Bi 4.113766955415e+00 1.498382257679e+01 3.436119714775e+01 1 1 1 0.0 0.0 0.0
Bi 6.129188945224e+00 1.860513355515e+01 3.436119714775e+01 1 1 1 0.0 0.0 0.0
Bi 8.144610935033e+00 2.222644453351e+01 3.436119714775e+01 1 1 1 0.0 0.0 0.0
Bi 1.016003292484e+01 2.584775551187e+01 3.436119714775e+01 1 1 1 0.0 0.0 0.0
Bi 1.217545491465e+01 2.946906649022e+01 3.436119714775e+01 1 1 1 0.0 0.0 0.0
Bi 2.147730127681e-01 4.985786633631e-01 3.436119714775e+01 1 1 1 0.0 0.0 0.0
Bi 2.230195002577e+00 4.119889641721e+00 3.436119714775e+01 1 1 1 0.0 0.0 0.0
Bi 4.245616992386e+00 7.741200620079e+00 3.436119714775e+01 1 1 1 0.0 0.0 0.0
Bi 6.261038982195e+00 1.136251159844e+01 3.436119714775e+01 1 1 1 0.0 0.0 0.0
Bi 8.276460972004e+00 1.498382257679e+01 3.436119714775e+01 1 1 1 0.0 0.0 0.0
Bi 1.029188296181e+01 1.860513355515e+01 3.436119714775e+01 1 1 1 0.0 0.0 0.0
Bi 1.230730495162e+01 2.222644453351e+01 3.436119714775e+01 1 1 1 0.0 0.0 0.0
Bi 4.377467029358e+00 4.985786633631e-01 3.436119714775e+01 1 1 1 0.0 0.0 0.0
Bi 6.392889019167e+00 4.119889641721e+00 3.436119714775e+01 1 1 1 0.0 0.0 0.0
Bi 8.408311008976e+00 7.741200620079e+00 3.436119714775e+01 1 1 1 0.0 0.0 0.0
Bi 1.042373299879e+01 1.136251159844e+01 3.436119714775e+01 1 1 1 0.0 0.0 0.0
Bi 1.243915498859e+01 1.498382257679e+01 3.436119714775e+01 1 1 1 0.0 0.0 0.0
Bi 8.540161045948e+00 4.985786633631e-01 3.436119714775e+01 1 1 1 0.0 0.0 0.0
Bi 1.055558303576e+01 4.119889641721e+00 3.436119714775e+01 1 1 1 0.0 0.0 0.0
Bi 1.257100502557e+01 7.741200620079e+00 3.436119714775e+01 1 1 1 0.0 0.0 0.0
Bi 1.242024335665e+00 5.480081394061e+01 2.831971850542e+01 1 1 1 0.0 0.0 0.0
Bi 3.257446325474e+00 5.842212491896e+01 2.831971850542e+01 1 1 1 0.0 0.0 0.0
Bi 1.373874372637e+00 4.755819198389e+01 2.831971850542e+01 1 1 1 0.0 0.0 0.0
Bi 3.389296362446e+00 5.117950296225e+01 2.831971850542e+01 1 1 1 0.0 0.0 0.0
Bi 5.404718352255e+00 5.480081394061e+01 2.831971850542e+01 1 1 1 0.0 0.0 0.0
Bi 7.420140342064e+00 5.842212491896e+01 2.831971850542e+01 1 1 1 0.0 0.0 0.0
Bi 1.505724409608e+00 4.031557002718e+01 2.831971850542e+01 1 1 1 0.0 0.0 0.0
Bi 3.521146399417e+00 4.393688100553e+01 2.831971850542e+01 1 1 1 0.0 0.0 0.0
Bi 5.536568389226e+00 4.755819198389e+01 2.831971850542e+01 1 1 1 0.0 0.0 0.0
Bi 7.551990379035e+00 5.117950296225e+01 2.831971850542e+01 1 1 1 0.0 0.0 0.0
Bi 9.567412368845e+00 5.480081394061e+01 2.831971850542e+01 1 1 1 0.0 0.0 0.0
Bi 1.158283435865e+01 5.842212491896e+01 2.831971850542e+01 1 1 1 0.0 0.0 0.0
Bi 1.637574446580e+00 3.307294807046e+01 2.831971850542e+01 1 1 1 0.0 0.0 0.0
Bi 3.652996436389e+00 3.669425904882e+01 2.831971850542e+01 1 1 1 0.0 0.0 0.0
Bi 5.668418426198e+00 4.031557002718e+01 2.831971850542e+01 1 1 1 0.0 0.0 0.0
Bi 7.683840416007e+00 4.393688100553e+01 2.831971850542e+01 1 1 1 0.0 0.0 0.0
Bi 9.699262405816e+00 4.755819198389e+01 2.831971850542e+01 1 1 1 0.0 0.0 0.0
Bi 1.171468439563e+01 5.117950296225e+01 2.831971850542e+01 1 1 1 0.0 0.0 0.0
Bi 1.769424483551e+00 2.583032611374e+01 2.831971850542e+01 1 1 1 0.0 0.0 0.0
Bi 3.784846473360e+00 2.945163709210e+01 2.831971850542e+01 1 1 1 0.0 0.0 0.0
Bi 5.800268463170e+00 3.307294807046e+01 2.831971850542e+01 1 1 1 0.0 0.0 0.0
Bi 7.815690452979e+00 3.669425904882e+01 2.831971850542e+01 1 1 1 0.0 0.0 0.0
Bi 9.831112442788e+00 4.031557002718e+01 2.831971850542e+01 1 1 1 0.0 0.0 0.0
Bi 1.184653443260e+01 4.393688100553e+01 2.831971850542e+01 1 1 1 0.0 0.0 0.0
Bi 1.901274520523e+00 1.858770415703e+01 2.831971850542e+01 1 1 1 0.0 0.0 0.0
Bi 3.916696510332e+00 2.220901513539e+01 2.831971850542e+01 1 1 1 0.0 0.0 0.0
Bi 5.932118500141e+00 2.583032611374e+01 2.831971850542e+01 1 1 1 0.0 0.0 0.0
Bi 7.947540489950e+00 2.945163709210e+01 2.831971850542e+01 1 1 1 0.0 0.0 0.0
Bi 9.962962479759e+00 3.307294807046e+01 2.831971850542e+01 1 1 1 0.0 0.0 0.0
Bi 1.197838446957e+01 3.669425904882e+01 2.831971850542e+01 1 1 1 0.0 0.0 0.0
Bi 2.033124557495e+00 1.134508220031e+01 2.831971850542e+01 1 1 1 0.0 0.0 0.0
Bi 4.048546547304e+00 1.496639317867e+01 2.831971850542e+01 1 1 1 0.0 0.0 0.0
Bi 6.063968537113e+00 1.858770415703e+01 2.831971850542e+01 1 1 1 0.0 0.0 0.0
Bi 8.079390526922e+00 2.220901513539e+01 2.831971850542e+01 1 1 1 0.0 0.0 0.0
Bi 1.009481251673e+01 2.583032611374e+01 2.831971850542e+01 1 1 1 0.0 0.0 0.0
Bi 1.211023450654e+01 2.945163709210e+01 2.831971850542e+01 1 1 1 0.0 0.0 0.0
Bi 1.495526046571e-01 4.811492652406e-01 2.831971850542e+01 1 1 1 0.0 0.0 0.0
Bi 2.164974594466e+00 4.102460243598e+00 2.831971850542e+01 1 1 1 0.0 0.0 0.0
Bi 4.180396584275e+00 7.723771221956e+00 2.831971850542e+01 1 1 1 0.0 0.0 0.0
Bi 6.195818574084e+00 1.134508220031e+01 2.831971850542e+01 1 1 1 0.0 0.0 0.0
Bi 8.211240563893e+00 1.496639317867e+01 2.831971850542e+01 1 1 1 0.0 0.0 0.0
Bi 1.022666255370e+01 1.858770415703e+01 2.831971850542e+01 1 1 1 0.0 0.0 0.0
Bi 1.224208454351e+01 2.220901513539e+01 2.831971850542e+01 1 1 1 0.0 0.0 0.0
Bi 4.312246621247e+00 4.811492652406e-01 2.831971850542e+01 1 1 1 0.0 0.0 0.0
Bi 6.327668611056e+00 4.102460243598e+00 2.831971850542e+01 1 1 1 0.0 0.0 0.0
Bi 8.343090600865e+00 7.723771221956e+00 2.831971850542e+01 1 1 1 0.0 0.0 0.0
Bi 1.035851259067e+01 1.134508220031e+01 2.831971850542e+01 1 1 1 0.0 0.0 0.0
Bi 1.237393458048e+01 1.496639317867e+01 2.831971850542e+01 1 1 1 0.0 0.0 0.0
Bi 8.474940637837e+00 4.811492652406e-01 2.831971850542e+01 1 1 1 0.0 0.0 0.0
Bi 1.049036262765e+01 4.102460243598e+00 2.831971850542e+01 1 1 1 0.0 0.0 0.0
Bi 1.250578461745e+01 7.723771221956e+00 2.831971850542e+01 1 1 1 0.0 0.0 0.0
Bi 1.283936264410e+00 5.240813994597e+01 2.434799808390e+01 1 1 1 0.0 0.0 0.0
Bi 3.299358254219e+00 5.602945092432e+01 2.434799808390e+01 1 1 1 0.0 0.0 0.0
Bi 1.415786301382e+00 4.516551798925e+01 2.434799808390e+01 1 1 1 0.0 0.0 0.0
Bi 3.431208291191e+00 4.878682896761e+01 2.434799808390e+01 1 1 1 0.0 0.0 0.0
Bi 5.446630281000e+00 5.240813994597e+01 2.434799808390e+01 1 1 1 0.0 0.0 0.0
Bi 7.462052270809e+00 5.602945092432e+01 2.434799808390e+01 1 1 1 0.0 0.0 0.0
Bi 1.547636338354e+00 3.792289603253e+01 2.434799808390e+01 1 1 1 0.0 0.0 0.0
Bi 3.563058328163e+00 4.154420701089e+01 2.434799808390e+01 1 1 1 0.0 0.0 0.0
Bi 5.578480317972e+00 4.516551798925e+01 2.434799808390e+01 1 1 1 0.0 0.0 0.0
Bi 7.593902307781e+00 4.878682896761e+01 2.434799808390e+01 1 1 1 0.0 0.0 0.0
Bi 9.609324297590e+00 5.240813994597e+01 2.434799808390e+01 1 1 1 0.0 0.0 0.0
Bi 1.162474628740e+01 5.602945092432e+01 2.434799808390e+01 1 1 1 0.0 0.0 0.0
Bi 1.679486375325e+00 3.068027407582e+01 2.434799808390e+01 1 1 1 0.0 0.0 0.0
Bi 3.694908365134e+00 3.430158505418e+01 2.434799808390e+01 1 1 1 0.0 0.0 0.0
Bi 5.710330354943e+00 3.792289603253e+01 2.434799808390e+01 1 1 1 0.0 0.0 0.0
Bi 7.725752344752e+00 4.154420701089e+01 2.434799808390e+01 1 1 1 0.0 0.0 0.0
Bi 9.741174334562e+00 4.516551798925e+01 2.434799808390e+01 1 1 1 0.0 0.0 0.0
Bi 1.175659632437e+01 4.878682896761e+01 2.434799808390e+01 1 1 1 0.0 0.0 0.0
Bi 1.811336412297e+00 2.343765211910e+01 2.434799808390e+01 1 1 1 0.0 0.0 0.0
Bi 3.826758402106e+00 2.705896309746e+01 2.434799808390e+01 1 1 1 0.0 0.0 0.0
Bi 5.842180391915e+00 3.068027407582e+01 2.434799808390e+01 1 1 1 0.0 0.0 0.0
Bi 7.857602381724e+00 3.430158505418e+01 2.434799808390e+01 1 1 1 0.0 0.0 0.0
Bi 9.873024371533e+00 3.792289603253e+01 2.434799808390e+01 1 1 1 0.0 0.0 0.0
Bi 1.188844636134e+01 4.154420701089e+01 2.434799808390e+01 1 1 1 0.0 0.0 0.0
Bi 1.943186449268e+00 1.619503016239e+01 2.434799808390e+01 1 1 1 0.0 0.0 0.0
Bi 3.958608439078e+00 1.981634114075e+01 2.434799808390e+01 1 1 1 0.0 0.0 0.0
Bi 5.974030428887e+00 2.343765211910e+01 2.434799808390e+01 1 1 1 0.0 0.0 0.0
Bi 7.989452418696e+00 2.705896309746e+01 2.434799808390e+01 1 1 1 0.0 0.0 0.0
Bi 1.000487440850e+01 3.068027407582e+01 2.434799808390e+01 1 1 1 0.0 0.0 0.0
Bi 1.202029639831e+01 3.430158505418e+01 2.434799808390e+01 1 1 1 0.0 0.0 0.0
Bi 2.075036486240e+00 8.952408205673e+00 2.434799808390e+01 1 1 1 0.0 0.0 0.0
Bi 4.090458476049e+00 1.257371918403e+01 2.434799808390e+01 1 1 1 0.0 0.0 0.0
Bi 6.105880465858e+00 1.619503016239e+01 2.434799808390e+01 1 1 1 0.0 0.0 0.0
Bi 8.121302455667e+00 1.981634114075e+01 2.434799808390e+01 1 1 1 0.0 0.0 0.0
Bi 1.013672444548e+01 2.343765211910e+01 2.434799808390e+01 1 1 1 0.0 0.0 0.0
Bi 1.215214643529e+01 2.705896309746e+01 2.434799808390e+01 1 1 1 0.0 0.0 0.0
Bi 1.152086227439e+00 5.965076190268e+01 2.434799808390e+01 1 1 1 0.0 0.0 0.0
Bi 2.206886523212e+00 1.709786248957e+00 2.434799808390e+01 1 1 1 0.0 0.0 0.0
Bi 4.222308513021e+00 5.331097227315e+00 2.434799808390e+01 1 1 1 0.0 0.0 0.0
Bi 6.237730502830e+00 8.952408205673e+00 2.434799808390e+01 1 1 1 0.0 0.0 0.0
Bi 8.253152492639e+00 1.257371918403e+01 2.434799808390e+01 1 1 1 0.0 0.0 0.0
Bi 1.026857448245e+01 1.619503016239e+01 2.434799808390e+01 1 1 1 0.0 0.0 0.0
Bi 1.228399647226e+01 1.981634114075e+01 2.434799808390e+01 1 1 1 0.0 0.0 0.0
Bi 5.314780244029e+00 5.965076190268e+01 2.434799808390e+01 1 1 1 0.0 0.0 0.0
Bi 6.369580539801e+00 1.709786248957e+00 2.434799808390e+01 1 1 1 0.0 0.0 0.0
Bi 8.385002529611e+00 5.331097227315e+00 2.434799808390e+01 1 1 1 0.0 0.0 0.0
Bi 1.040042451942e+01 8.952408205673e+00 2.434799808390e+01 1 1 1 0.0 0.0 0.0
Bi 1.241584650923e+01 1.257371918403e+01 2.434799808390e+01 1 1 1 0.0 0.0 0.0
Bi 9.477474260618e+00 5.965076190268e+01 2.434799808390e+01 1 1 1 0.0 0.0 0.0
Bi 1.053227455639e+01 1.709786248957e+00 2.434799808390e+01 1 1 1 0.0 0.0 0.0
Bi 1.254769654620e+01 5.331097227315e+00 2.434799808390e+01 1 1 1 0.0 0.0 0.0
Se 1.214949862441e+01 6.134559884659e+01 1.000000000000e+01 1 1 1 0.0 0.0 0.0
Se 1.102349120858e+00 2.279080591485e+00 1.000000000000e+01 1 1 1 0.0 0.0 0.0
Se 4.464525057363e+00 1.447157799160e+00 1.000000000000e+01 1 1 1 0.0 0.0 0.0
Se 7.826700993867e+00 6.152350068345e-01 1.000000000000e+01 1 1 1 0.0 0.0 0.0
Se 1.417274246082e-01 5.606771760787e+00 1.000000000000e+01 1 1 1 0.0 0.0 0.0
Se 3.503903361113e+00 4.774848968462e+00 1.000000000000e+01 1 1 1 0.0 0.0 0.0
Se 6.866079297618e+00 3.942926176136e+00 1.000000000000e+01 1 1 1 0.0 0.0 0.0
Se 1.022825523412e+01 3.111003383811e+00 1.000000000000e+01 1 1 1 0.0 0.0 0.0
Se 1.166918777813e+01 8.934462930089e+00 1.000000000000e+01 1 1 1 0.0 0.0 0.0
Se 2.543281664863e+00 8.102540137763e+00 1.000000000000e+01 1 1 1 0.0 0.0 0.0
Se 5.905457601368e+00 7.270617345438e+00 1.000000000000e+01 1 1 1 0.0 0.0 0.0
Se 9.267633537873e+00 6.438694553112e+00 1.000000000000e+01 1 1 1 0.0 0.0 0.0
Se 1.582659968614e+00 1.143023130706e+01 1.000000000000e+01 1 1 1 0.0 0.0 0.0
Se 4.944835905118e+00 1.059830851474e+01 1.000000000000e+01 1 1 1 0.0 0.0 0.0
Se 8.307011841623e+00 9.766385722414e+00 1.000000000000e+01 1 1 1 0.0 0.0 0.0
Se 6.220382723641e-01 1.475792247637e+01 1.000000000000e+01 1 1 1 0.0 0.0 0.0
Se 3.984214208869e+00 1.392599968404e+01 1.000000000000e+01 1 1 1 0.0 0.0 0.0
Se 7.346390145374e+00 1.309407689172e+01 1.000000000000e+01 1 1 1 0.0 0.0 0.0
Se 1.070856608188e+01 1.226215409939e+01 1.000000000000e+01 1 1 1 0.0 0.0 0.0
Se 1.214949862588e+01 1.808561364567e+01 1.000000000000e+01 1 1 1 0.0 0.0 0.0
Se 3.023592512619e+00 1.725369085334e+01 1.000000000000e+01 1 1 1 0.0 0.0 0.0
Se 6.385768449124e+00 1.642176806102e+01 1.000000000000e+01 1 1 1 0.0 0.0 0.0
Se 9.747944385629e+00 1.558984526869e+01 1.000000000000e+01 1 1 1 0.0 0.0 0.0
Se 2.062970816370e+00 2.058138202264e+01 1.000000000000e+01 1 1 1 0.0 0.0 0.0
Se 5.425146752874e+00 1.974945923032e+01 1.000000000000e+01 1 1 1 0.0 0.0 0.0
Se 8.787322689379e+00 1.891753643799e+01 1.000000000000e+01 1 1 1 0.0 0.0 0.0
Se 1.102349120120e+00 2.390907319195e+01 1.000000000000e+01 1 1 1 0.0 0.0 0.0
Se 4.464525056625e+00 2.307715039962e+01 1.000000000000e+01 1 1 1 0.0 0.0 0.0
Se 7.826700993129e+00 2.224522760730e+01 1.000000000000e+01 1 1 1 0.0 0.0 0.0
Se 1.118887692963e+01 2.141330481497e+01 1.000000000000e+01 1 1 1 0.0 0.0 0.0
Se 1.262980947364e+01 2.723676436125e+01 1.000000000000e+01 1 1 1 0.0 0.0 0.0
Se 3.503903360375e+00 2.640484156892e+01 1.000000000000e+01 1 1 1 0.0 0.0 0.0
Se 6.866079296880e+00 2.557291877660e+01 1.000000000000e+01 1 1 1 0.0 0.0 0.0
Se 1.022825523338e+01 2.474099598427e+01 1.000000000000e+01 1 1 1 0.0 0.0 0.0
Se 1.166918777739e+01 3.056445553055e+01 1.000000000000e+01 1 1 1 0.0 0.0 0.0
Se 2.543281664126e+00 2.973253273822e+01 1.000000000000e+01 1 1 1 0.0 0.0 0.0
Se 5.905457600630e+00 2.890060994590e+01 1.000000000000e+01 1 1 1 0.0 0.0 0.0
Se 9.267633537135e+00 2.806868715357e+01 1.000000000000e+01 1 1 1 0.0 0.0 0.0
Se 1.582659967876e+00 3.306022390753e+01 1.000000000000e+01 1 1 1 0.0 0.0 0.0
Se 4.944835904381e+00 3.222830111520e+01 1.000000000000e+01 1 1 1 0.0 0.0 0.0
Se 8.307011840885e+00 3.139637832287e+01 1.000000000000e+01 1 1 1 0.0 0.0 0.0
Se 6.220382716263e-01 3.638791507683e+01 1.000000000000e+01 1 1 1 0.0 0.0 0.0
Se 3.984214208131e+00 3.555599228450e+01 1.000000000000e+01 1 1 1 0.0 0.0 0.0
Se 7.346390144636e+00 3.472406949218e+01 1.000000000000e+01 1 1 1 0.0 0.0 0.0
Se 1.070856608114e+01 3.389214669985e+01 1.000000000000e+01 1 1 1 0.0 0.0 0.0
Se 1.214949862515e+01 3.971560624613e+01 1.000000000000e+01 1 1 1 0.0 0.0 0.0
Se 3.023592511881e+00 3.888368345380e+01 1.000000000000e+01 1 1 1 0.0 0.0 0.0
Se 6.385768448386e+00 3.805176066148e+01 1.000000000000e+01 1 1 1 0.0 0.0 0.0
Se 9.747944384891e+00 3.721983786915e+01 1.000000000000e+01 1 1 1 0.0 0.0 0.0
Se 2.062970815632e+00 4.221137462311e+01 1.000000000000e+01 1 1 1 0.0 0.0 0.0
Se 5.425146752137e+00 4.137945183078e+01 1.000000000000e+01 1 1 1 0.0 0.0 0.0
Se 8.787322688641e+00 4.054752903845e+01 1.000000000000e+01 1 1 1 0.0 0.0 0.0
Se 1.102349119382e+00 4.553906579241e+01 1.000000000000e+01 1 1 1 0.0 0.0 0.0
Se 4.464525055887e+00 4.470714300008e+01 1.000000000000e+01 1 1 1 0.0 0.0 0.0
Se 7.826700992392e+00 4.387522020776e+01 1.000000000000e+01 1 1 1 0.0 0.0 0.0
Se 1.118887692890e+01 4.304329741543e+01 1.000000000000e+01 1 1 1 0.0 0.0 0.0
Se 1.262980947290e+01 4.886675696171e+01 1.000000000000e+01 1 1 1 0.0 0.0 0.0
Se 3.503903359637e+00 4.803483416938e+01 1.000000000000e+01 1 1 1 0.0 0.0 0.0
Se 6.866079296142e+00 4.720291137706e+01 1.000000000000e+01 1 1 1 0.0 0.0 0.0
Se 1.022825523265e+01 4.637098858473e+01 1.000000000000e+01 1 1 1 0.0 0.0 0.0
Se 2.543281663388e+00 5.136252533868e+01 1.000000000000e+01 1 1 1 0.0 0.0 0.0
Se 5.905457599892e+00 5.053060254636e+01 1.000000000000e+01 1 1 1 0.0 0.0 0.0
Se 9.267633536397e+00 4.969867975403e+01 1.000000000000e+01 1 1 1 0.0 0.0 0.0
Se 1.582659967138e+00 5.469021650799e+01 1.000000000000e+01 1 1 1 0.0 0.0 0.0
Se 4.944835903643e+00 5.385829371566e+01 1.000000000000e+01 1 1 1 0.0 0.0 0.0
Se 8.307011840148e+00 5.302637092334e+01 1.000000000000e+01 1 1 1 0.0 0.0 0.0
Se 1.166918777665e+01 5.219444813101e+01 1.000000000000e+01 1 1 1 0.0 0.0 0.0
Se 1.311012032066e+01 5.801790767729e+01 1.000000000000e+01 1 1 1 0.0 0.0 0.0
Se 3.984214207393e+00 5.718598488496e+01 1.000000000000e+01 1 1 1 0.0 0.0 0.0
Se 7.346390143898e+00 5.635406209264e+01 1.000000000000e+01 1 1 1 0.0 0.0 0.0
Se 1.070856608040e+01 5.552213930031e+01 1.000000000000e+01 1 1 1 0.0 0.0 0.0
Se 3.023592511144e+00 6.051367605426e+01 1.000000000000e+01 1 1 1 0.0 0.0 0.0
Se 6.385768447648e+00 5.968175326194e+01 1.000000000000e+01 1 1 1 0.0 0.0 0.0
Se 9.747944384153e+00 5.884983046961e+01 1.000000000000e+01 1 1 1 0.0 0.0 0.0
Se 1.099163566068e+00 5.994955274456e+01 1.614602824434e+01 1 1 1 0.0 0.0 0.0
Se 2.540096112287e+00 8.830344894562e-01 1.614602824434e+01 1 1 1 0.0 0.0 0.0
Se 5.902272048792e+00 5.111169713078e-02 1.614602824434e+01 1 1 1 0.0 0.0 0.0
Se 1.022506967933e+01 6.078147553689e+01 1.614602824434e+01 1 1 1 0.0 0.0 0.0
Se 1.579474416038e+00 4.210725658758e+00 1.614602824434e+01 1 1 1 0.0 0.0 0.0
Se 4.941650352542e+00 3.378802866432e+00 1.614602824434e+01 1 1 1 0.0 0.0 0.0
Se 8.303826289047e+00 2.546880074107e+00 1.614602824434e+01 1 1 1 0.0 0.0 0.0
Se 1.166600222555e+01 1.714957281782e+00 1.614602824434e+01 1 1 1 0.0 0.0 0.0
Se 6.188527197881e-01 7.538416828060e+00 1.614602824434e+01 1 1 1 0.0 0.0 0.0
Se 3.981028656293e+00 6.706494035734e+00 1.614602824434e+01 1 1 1 0.0 0.0 0.0
Se 7.343204592798e+00 5.874571243409e+00 1.614602824434e+01 1 1 1 0.0 0.0 0.0
Se 1.070538052930e+01 5.042648451083e+00 1.614602824434e+01 1 1 1 0.0 0.0 0.0
Se 3.020406960043e+00 1.003418520504e+01 1.614602824434e+01 1 1 1 0.0 0.0 0.0
Se 6.382582896548e+00 9.202262412710e+00 1.614602824434e+01 1 1 1 0.0 0.0 0.0
Se 9.744758833053e+00 8.370339620385e+00 1.614602824434e+01 1 1 1 0.0 0.0 0.0
Se 2.059785263794e+00 1.336187637434e+01 1.614602824434e+01 1 1 1 0.0 0.0 0.0
Se 5.421961200298e+00 1.252995358201e+01 1.614602824434e+01 1 1 1 0.0 0.0 0.0
Se 8.784137136803e+00 1.169803078969e+01 1.614602824434e+01 1 1 1 0.0 0.0 0.0
Se 1.214631307331e+01 1.086610799736e+01 1.614602824434e+01 1 1 1 0.0 0.0 0.0
Se 1.099163567544e+00 1.668956754364e+01 1.614602824434e+01 1 1 1 0.0 0.0 0.0
Se 4.461339504049e+00 1.585764475131e+01 1.614602824434e+01 1 1 1 0.0 0.0 0.0
Se 7.823515440554e+00 1.502572195899e+01 1.614602824434e+01 1 1 1 0.0 0.0 0.0
Se 1.118569137706e+01 1.419379916666e+01 1.614602824434e+01 1 1 1 0.0 0.0 0.0
Se 3.500717807799e+00 1.918533592062e+01 1.614602824434e+01 1 1 1 0.0 0.0 0.0
Se 6.862893744304e+00 1.835341312829e+01 1.614602824434e+01 1 1 1 0.0 0.0 0.0
Se 1.022506968081e+01 1.752149033596e+01 1.614602824434e+01 1 1 1 0.0 0.0 0.0
Se 2.540096111550e+00 2.251302708992e+01 1.614602824434e+01 1 1 1 0.0 0.0 0.0
Se 5.902272048054e+00 2.168110429759e+01 1.614602824434e+01 1 1 1 0.0 0.0 0.0
Se 9.264447984559e+00 2.084918150527e+01 1.614602824434e+01 1 1 1 0.0 0.0 0.0
Se 1.262662392106e+01 2.001725871294e+01 1.614602824434e+01 1 1 1 0.0 0.0 0.0
Se 1.579474415300e+00 2.584071825922e+01 1.614602824434e+01 1 1 1 0.0 0.0 0.0
Se 4.941650351805e+00 2.500879546689e+01 1.614602824434e+01 1 1 1 0.0 0.0 0.0
Se 8.303826288309e+00 2.417687267457e+01 1.614602824434e+01 1 1 1 0.0 0.0 0.0
Se 1.166600222481e+01 2.334494988224e+01 1.614602824434e+01 1 1 1 0.0 0.0 0.0
Se 6.188527190503e-01 2.916840942852e+01 1.614602824434e+01 1 1 1 0.0 0.0 0.0
Se 3.981028655555e+00 2.833648663619e+01 1.614602824434e+01 1 1 1 0.0 0.0 0.0
Se 7.343204592060e+00 2.750456384387e+01 1.614602824434e+01 1 1 1 0.0 0.0 0.0
Se 1.070538052856e+01 2.667264105154e+01 1.614602824434e+01 1 1 1 0.0 0.0 0.0
Se 3.020406959305e+00 3.166417780550e+01 1.614602824434e+01 1 1 1 0.0 0.0 0.0
Se 6.382582895810e+00 3.083225501317e+01 1.614602824434e+01 1 1 1 0.0 0.0 0.0
Se 9.744758832315e+00 3.000033222085e+01 1.614602824434e+01 1 1 1 0.0 0.0 0.0
Se 2.059785263056e+00 3.499186897480e+01 1.614602824434e+01 1 1 1 0.0 0.0 0.0
Se 5.421961199561e+00 3.415994618247e+01 1.614602824434e+01 1 1 1 0.0 0.0 0.0
Se 8.784137136065e+00 3.332802339015e+01 1.614602824434e+01 1 1 1 0.0 0.0 0.0
Se 1.214631307257e+01 3.249610059782e+01 1.614602824434e+01 1 1 1 0.0 0.0 0.0
Se 1.099163566806e+00 3.831956014410e+01 1.614602824434e+01 1 1 1 0.0 0.0 0.0
Se 4.461339503311e+00 3.748763735177e+01 1.614602824434e+01 1 1 1 0.0 0.0 0.0
Se 7.823515439816e+00 3.665571455945e+01 1.614602824434e+01 1 1 1 0.0 0.0 0.0
Se 1.118569137632e+01 3.582379176712e+01 1.614602824434e+01 1 1 1 0.0 0.0 0.0
Se 3.500717807061e+00 4.081532852108e+01 1.614602824434e+01 1 1 1 0.0 0.0 0.0
Se 6.862893743566e+00 3.998340572875e+01 1.614602824434e+01 1 1 1 0.0 0.0 0.0
Se 1.022506968007e+01 3.915148293643e+01 1.614602824434e+01 1 1 1 0.0 0.0 0.0
Se 2.540096110812e+00 4.414301969038e+01 1.614602824434e+01 1 1 1 0.0 0.0 0.0
Se 5.902272047317e+00 4.331109689805e+01 1.614602824434e+01 1 1 1 0.0 0.0 0.0
Se 9.264447983821e+00 4.247917410573e+01 1.614602824434e+01 1 1 1 0.0 0.0 0.0
Se 1.262662392033e+01 4.164725131340e+01 1.614602824434e+01 1 1 1 0.0 0.0 0.0
Se 1.579474414562e+00 4.747071085968e+01 1.614602824434e+01 1 1 1 0.0 0.0 0.0
Se 4.941650351067e+00 4.663878806735e+01 1.614602824434e+01 1 1 1 0.0 0.0 0.0
Se 8.303826287572e+00 4.580686527503e+01 1.614602824434e+01 1 1 1 0.0 0.0 0.0
Se 1.166600222408e+01 4.497494248270e+01 1.614602824434e+01 1 1 1 0.0 0.0 0.0
Se 3.981028654817e+00 4.996647923666e+01 1.614602824434e+01 1 1 1 0.0 0.0 0.0
Se 7.343204591322e+00 4.913455644433e+01 1.614602824434e+01 1 1 1 0.0 0.0 0.0
Se 1.070538052783e+01 4.830263365200e+01 1.614602824434e+01 1 1 1 0.0 0.0 0.0
Se 3.020406958568e+00 5.329417040596e+01 1.614602824434e+01 1 1 1 0.0 0.0 0.0
Se 6.382582895072e+00 5.246224761363e+01 1.614602824434e+01 1 1 1 0.0 0.0 0.0
Se 9.744758831577e+00 5.163032482131e+01 1.614602824434e+01 1 1 1 0.0 0.0 0.0
Se 1.310693476808e+01 5.079840202898e+01 1.614602824434e+01 1 1 1 0.0 0.0 0.0
Se 2.059785262318e+00 5.662186157526e+01 1.614602824434e+01 1 1 1 0.0 0.0 0.0
Se 5.421961198823e+00 5.578993878293e+01 1.614602824434e+01 1 1 1 0.0 0.0 0.0
Se 8.784137135328e+00 5.495801599061e+01 1.614602824434e+01 1 1 1 0.0 0.0 0.0
Se 1.214631307183e+01 5.412609319828e+01 1.614602824434e+01 1 1 1 0.0 0.0 0.0
Se 4.461339502573e+00 5.911762995224e+01 1.614602824434e+01 1 1 1 0.0 0.0 0.0
Se 7.823515439078e+00 5.828570715991e+01 1.614602824434e+01 1 1 1 0.0 0.0 0.0
Se 1.118569137558e+01 5.745378436758e+01 1.614602824434e+01 1 1 1 0.0 0.0 0.0
Se 1.214954925564e+01 6.134452384432e+01 1.336443756309e+01 1 1 1 0.0 0.0 0.0
Se 1.102399752088e+00 2.278005589213e+00 1.336443756309e+01 1 1 1 0.0 0.0 0.0
Se 4.464575688593e+00 1.446082796888e+00 1.336443756309e+01 1 1 1 0.0 0.0 0.0
Se 7.826751625098e+00 6.141600045625e-01 1.336443756309e+01 1 1 1 0.0 0.0 0.0
Se 1.417780558387e-01 5.605696758515e+00 1.336443756309e+01 1 1 1 0.0 0.0 0.0
Se 3.503953992343e+00 4.773773966190e+00 1.336443756309e+01 1 1 1 0.0 0.0 0.0
Se 6.866129928848e+00 3.941851173864e+00 1.336443756309e+01 1 1 1 0.0 0.0 0.0
Se 1.022830586535e+01 3.109928381539e+00 1.336443756309e+01 1 1 1 0.0 0.0 0.0
Se 1.166923840936e+01 8.933387927817e+00 1.336443756309e+01 1 1 1 0.0 0.0 0.0
Se 2.543332296094e+00 8.101465135491e+00 1.336443756309e+01 1 1 1 0.0 0.0 0.0
Se 5.905508232599e+00 7.269542343166e+00 1.336443756309e+01 1 1 1 0.0 0.0 0.0
Se 9.267684169103e+00 6.437619550840e+00 1.336443756309e+01 1 1 1 0.0 0.0 0.0
Se 1.582710599844e+00 1.142915630479e+01 1.336443756309e+01 1 1 1 0.0 0.0 0.0
Se 4.944886536349e+00 1.059723351247e+01 1.336443756309e+01 1 1 1 0.0 0.0 0.0
Se 8.307062472854e+00 9.765310720142e+00 1.336443756309e+01 1 1 1 0.0 0.0 0.0
Se 6.220889035946e-01 1.475684747409e+01 1.336443756309e+01 1 1 1 0.0 0.0 0.0
Se 3.984264840099e+00 1.392492468177e+01 1.336443756309e+01 1 1 1 0.0 0.0 0.0
Se 7.346440776604e+00 1.309300188944e+01 1.336443756309e+01 1 1 1 0.0 0.0 0.0
Se 1.070861671311e+01 1.226107909712e+01 1.336443756309e+01 1 1 1 0.0 0.0 0.0
Se 1.214954925711e+01 1.808453864340e+01 1.336443756309e+01 1 1 1 0.0 0.0 0.0
Se 3.023643143850e+00 1.725261585107e+01 1.336443756309e+01 1 1 1 0.0 0.0 0.0
Se 6.385819080354e+00 1.642069305875e+01 1.336443756309e+01 1 1 1 0.0 0.0 0.0
Se 9.747995016859e+00 1.558877026642e+01 1.336443756309e+01 1 1 1 0.0 0.0 0.0
Se 2.063021447600e+00 2.058030702037e+01 1.336443756309e+01 1 1 1 0.0 0.0 0.0
Se 5.425197384105e+00 1.974838422805e+01 1.336443756309e+01 1 1 1 0.0 0.0 0.0
Se 8.787373320610e+00 1.891646143572e+01 1.336443756309e+01 1 1 1 0.0 0.0 0.0
Se 1.102399751350e+00 2.390799818967e+01 1.336443756309e+01 1 1 1 0.0 0.0 0.0
Se 4.464575687855e+00 2.307607539735e+01 1.336443756309e+01 1 1 1 0.0 0.0 0.0
Se 7.826751624360e+00 2.224415260502e+01 1.336443756309e+01 1 1 1 0.0 0.0 0.0
Se 1.118892756086e+01 2.141222981270e+01 1.336443756309e+01 1 1 1 0.0 0.0 0.0
Se 1.262986010487e+01 2.723568935898e+01 1.336443756309e+01 1 1 1 0.0 0.0 0.0
Se 3.503953991606e+00 2.640376656665e+01 1.336443756309e+01 1 1 1 0.0 0.0 0.0
Se 6.866129928110e+00 2.557184377432e+01 1.336443756309e+01 1 1 1 0.0 0.0 0.0
Se 1.022830586462e+01 2.473992098200e+01 1.336443756309e+01 1 1 1 0.0 0.0 0.0
Se 1.166923840862e+01 3.056338052828e+01 1.336443756309e+01 1 1 1 0.0 0.0 0.0
Se 2.543332295356e+00 2.973145773595e+01 1.336443756309e+01 1 1 1 0.0 0.0 0.0
Se 5.905508231861e+00 2.889953494363e+01 1.336443756309e+01 1 1 1 0.0 0.0 0.0
Se 9.267684168365e+00 2.806761215130e+01 1.336443756309e+01 1 1 1 0.0 0.0 0.0
Se 1.582710599106e+00 3.305914890525e+01 1.336443756309e+01 1 1 1 0.0 0.0 0.0
Se 4.944886535611e+00 3.222722611293e+01 1.336443756309e+01 1 1 1 0.0 0.0 0.0
Se 8.307062472116e+00 3.139530332060e+01 1.336443756309e+01 1 1 1 0.0 0.0 0.0
Se 6.220889028568e-01 3.638684007456e+01 1.336443756309e+01 1 1 1 0.0 0.0 0.0
Se 3.984264839361e+00 3.555491728223e+01 1.336443756309e+01 1 1 1 0.0 0.0 0.0
Se 7.346440775866e+00 3.472299448990e+01 1.336443756309e+01 1 1 1 0.0 0.0 0.0
Se 1.070861671237e+01 3.389107169758e+01 1.336443756309e+01 1 1 1 0.0 0.0 0.0
Se 1.214954925638e+01 3.971453124386e+01 1.336443756309e+01 1 1 1 0.0 0.0 0.0
Se 3.023643143112e+00 3.888260845153e+01 1.336443756309e+01 1 1 1 0.0 0.0 0.0
Se 6.385819079617e+00 3.805068565921e+01 1.336443756309e+01 1 1 1 0.0 0.0 0.0
Se 9.747995016121e+00 3.721876286688e+01 1.336443756309e+01 1 1 1 0.0 0.0 0.0
Se 2.063021446862e+00 4.221029962083e+01 1.336443756309e+01 1 1 1 0.0 0.0 0.0
Se 5.425197383367e+00 4.137837682851e+01 1.336443756309e+01 1 1 1 0.0 0.0 0.0
Se 8.787373319872e+00 4.054645403618e+01 1.336443756309e+01 1 1 1 0.0 0.0 0.0
Se 1.102399750613e+00 4.553799079013e+01 1.336443756309e+01 1 1 1 0.0 0.0 0.0
Se 4.464575687117e+00 4.470606799781e+01 1.336443756309e+01 1 1 1 0.0 0.0 0.0
Se 7.826751623622e+00 4.387414520548e+01 1.336443756309e+01 1 1 1 0.0 0.0 0.0
Se 1.118892756013e+01 4.304222241316e+01 1.336443756309e+01 1 1 1 0.0 0.0 0.0
Se 1.262986010413e+01 4.886568195944e+01 1.336443756309e+01 1 1 1 0.0 0.0 0.0
Se 3.503953990868e+00 4.803375916711e+01 1.336443756309e+01 1 1 1 0.0 0.0 0.0
Se 6.866129927373e+00 4.720183637479e+01 1.336443756309e+01 1 1 1 0.0 0.0 0.0
Se 1.022830586388e+01 4.636991358246e+01 1.336443756309e+01 1 1 1 0.0 0.0 0.0
Se 2.543332294618e+00 5.136145033641e+01 1.336443756309e+01 1 1 1 0.0 0.0 0.0
Se 5.905508231123e+00 5.052952754409e+01 1.336443756309e+01 1 1 1 0.0 0.0 0.0
Se 9.267684167628e+00 4.969760475176e+01 1.336443756309e+01 1 1 1 0.0 0.0 0.0
Se 1.582710598369e+00 5.468914150571e+01 1.336443756309e+01 1 1 1 0.0 0.0 0.0
Se 4.944886534873e+00 5.385721871339e+01 1.336443756309e+01 1 1 1 0.0 0.0 0.0
Se 8.307062471378e+00 5.302529592106e+01 1.336443756309e+01 1 1 1 0.0 0.0 0.0
Se 1.166923840788e+01 5.219337312874e+01 1.336443756309e+01 1 1 1 0.0 0.0 0.0
Se 1.311017095189e+01 5.801683267502e+01 1.336443756309e+01 1 1 1 0.0 0.0 0.0
Se 3.984264838624e+00 5.718490988269e+01 1.336443756309e+01 1 1 1 0.0 0.0 0.0
Se 7.346440775128e+00 5.635298709037e+01 1.336443756309e+01 1 1 1 0.0 0.0 0.0
Se 1.070861671163e+01 5.552106429804e+01 1.336443756309e+01 1 1 1 0.0 0.0 0.0
Se 3.023643142374e+00 6.051260105199e+01 1.336443756309e+01 1 1 1 0.0 0.0 0.0
Se 6.385819078879e+00 5.968067825967e+01 1.336443756309e+01 1 1 1 0.0 0.0 0.0
Se 9.747995015384e+00 5.884875546734e+01 1.336443756309e+01 1 1 1 0.0 0.0 0.0
Se 1.099391674818e+00 5.994851966737e+01 1.951046802998e+01 1 1 1 0.0 0.0 0.0
Se 2.540324221037e+00 8.820014122619e-01 1.951046802998e+01 1 1 1 0.0 0.0 0.0
Se 5.902500157541e+00 5.007861993647e-02 1.951046802998e+01 1 1 1 0.0 0.0 0.0
Se 1.022529778808e+01 6.078044245969e+01 1.951046802998e+01 1 1 1 0.0 0.0 0.0
Se 1.579702524787e+00 4.209692581564e+00 1.951046802998e+01 1 1 1 0.0 0.0 0.0
Se 4.941878461292e+00 3.377769789238e+00 1.951046802998e+01 1 1 1 0.0 0.0 0.0
Se 8.304054397797e+00 2.545846996913e+00 1.951046802998e+01 1 1 1 0.0 0.0 0.0
Se 1.166623033430e+01 1.713924204587e+00 1.951046802998e+01 1 1 1 0.0 0.0 0.0
Se 6.190808285375e-01 7.537383750865e+00 1.951046802998e+01 1 1 1 0.0 0.0 0.0
Se 3.981256765042e+00 6.705460958540e+00 1.951046802998e+01 1 1 1 0.0 0.0 0.0
Se 7.343432701547e+00 5.873538166214e+00 1.951046802998e+01 1 1 1 0.0 0.0 0.0
Se 1.070560863805e+01 5.041615373889e+00 1.951046802998e+01 1 1 1 0.0 0.0 0.0
Se 3.020635068793e+00 1.003315212784e+01 1.951046802998e+01 1 1 1 0.0 0.0 0.0
Se 6.382811005297e+00 9.201229335516e+00 1.951046802998e+01 1 1 1 0.0 0.0 0.0
Se 9.744986941802e+00 8.369306543191e+00 1.951046802998e+01 1 1 1 0.0 0.0 0.0
Se 2.060013372543e+00 1.336084329714e+01 1.951046802998e+01 1 1 1 0.0 0.0 0.0
Se 5.422189309048e+00 1.252892050482e+01 1.951046802998e+01 1 1 1 0.0 0.0 0.0
Se 8.784365245553e+00 1.169699771249e+01 1.951046802998e+01 1 1 1 0.0 0.0 0.0
Se 1.214654118206e+01 1.086507492017e+01 1.951046802998e+01 1 1 1 0.0 0.0 0.0
Se 1.099391676293e+00 1.668853446644e+01 1.951046802998e+01 1 1 1 0.0 0.0 0.0
Se 4.461567612798e+00 1.585661167412e+01 1.951046802998e+01 1 1 1 0.0 0.0 0.0
Se 7.823743549303e+00 1.502468888179e+01 1.951046802998e+01 1 1 1 0.0 0.0 0.0
Se 1.118591948581e+01 1.419276608947e+01 1.951046802998e+01 1 1 1 0.0 0.0 0.0
Se 3.500945916549e+00 1.918430284342e+01 1.951046802998e+01 1 1 1 0.0 0.0 0.0
Se 6.863121853053e+00 1.835238005110e+01 1.951046802998e+01 1 1 1 0.0 0.0 0.0
Se 1.022529778956e+01 1.752045725877e+01 1.951046802998e+01 1 1 1 0.0 0.0 0.0
Se 2.540324220299e+00 2.251199401272e+01 1.951046802998e+01 1 1 1 0.0 0.0 0.0
Se 5.902500156804e+00 2.168007122040e+01 1.951046802998e+01 1 1 1 0.0 0.0 0.0
Se 9.264676093308e+00 2.084814842807e+01 1.951046802998e+01 1 1 1 0.0 0.0 0.0
Se 1.262685202981e+01 2.001622563575e+01 1.951046802998e+01 1 1 1 0.0 0.0 0.0
Se 1.579702524049e+00 2.583968518202e+01 1.951046802998e+01 1 1 1 0.0 0.0 0.0
Se 4.941878460554e+00 2.500776238970e+01 1.951046802998e+01 1 1 1 0.0 0.0 0.0
Se 8.304054397059e+00 2.417583959737e+01 1.951046802998e+01 1 1 1 0.0 0.0 0.0
Se 1.166623033356e+01 2.334391680505e+01 1.951046802998e+01 1 1 1 0.0 0.0 0.0
Se 6.190808277997e-01 2.916737635133e+01 1.951046802998e+01 1 1 1 0.0 0.0 0.0
Se 3.981256764304e+00 2.833545355900e+01 1.951046802998e+01 1 1 1 0.0 0.0 0.0
Se 7.343432700809e+00 2.750353076668e+01 1.951046802998e+01 1 1 1 0.0 0.0 0.0
Se 1.070560863731e+01 2.667160797435e+01 1.951046802998e+01 1 1 1 0.0 0.0 0.0
Se 3.020635068055e+00 3.166314472830e+01 1.951046802998e+01 1 1 1 0.0 0.0 0.0
Se 6.382811004560e+00 3.083122193598e+01 1.951046802998e+01 1 1 1 0.0 0.0 0.0
Se 9.744986941064e+00 2.999929914365e+01 1.951046802998e+01 1 1 1 0.0 0.0 0.0
Se 2.060013371805e+00 3.499083589760e+01 1.951046802998e+01 1 1 1 0.0 0.0 0.0
Se 5.422189308310e+00 3.415891310528e+01 1.951046802998e+01 1 1 1 0.0 0.0 0.0
Se 8.784365244815e+00 3.332699031295e+01 1.951046802998e+01 1 1 1 0.0 0.0 0.0
Se 1.214654118132e+01 3.249506752063e+01 1.951046802998e+01 1 1 1 0.0 0.0 0.0
Se 1.099391675556e+00 3.831852706691e+01 1.951046802998e+01 1 1 1 0.0 0.0 0.0
Se 4.461567612060e+00 3.748660427458e+01 1.951046802998e+01 1 1 1 0.0 0.0 0.0
Se 7.823743548565e+00 3.665468148225e+01 1.951046802998e+01 1 1 1 0.0 0.0 0.0
Se 1.118591948507e+01 3.582275868993e+01 1.951046802998e+01 1 1 1 0.0 0.0 0.0
Se 3.500945915811e+00 4.081429544388e+01 1.951046802998e+01 1 1 1 0.0 0.0 0.0
Se 6.863121852315e+00 3.998237265156e+01 1.951046802998e+01 1 1 1 0.0 0.0 0.0
Se 1.022529778882e+01 3.915044985923e+01 1.951046802998e+01 1 1 1 0.0 0.0 0.0
Se 2.540324219561e+00 4.414198661318e+01 1.951046802998e+01 1 1 1 0.0 0.0 0.0
Se 5.902500156066e+00 4.331006382086e+01 1.951046802998e+01 1 1 1 0.0 0.0 0.0
Se 9.264676092571e+00 4.247814102853e+01 1.951046802998e+01 1 1 1 0.0 0.0 0.0
Se 1.262685202908e+01 4.164621823621e+01 1.951046802998e+01 1 1 1 0.0 0.0 0.0
Se 1.579702523312e+00 4.746967778249e+01 1.951046802998e+01 1 1 1 0.0 0.0 0.0
Se 4.941878459816e+00 4.663775499016e+01 1.951046802998e+01 1 1 1 0.0 0.0 0.0
Se 8.304054396321e+00 4.580583219783e+01 1.951046802998e+01 1 1 1 0.0 0.0 0.0
Se 1.166623033283e+01 4.497390940551e+01 1.951046802998e+01 1 1 1 0.0 0.0 0.0
Se 3.981256763567e+00 4.996544615946e+01 1.951046802998e+01 1 1 1 0.0 0.0 0.0
Se 7.343432700071e+00 4.913352336714e+01 1.951046802998e+01 1 1 1 0.0 0.0 0.0
Se 1.070560863658e+01 4.830160057481e+01 1.951046802998e+01 1 1 1 0.0 0.0 0.0
Se 3.020635067317e+00 5.329313732876e+01 1.951046802998e+01 1 1 1 0.0 0.0 0.0
Se 6.382811003822e+00 5.246121453644e+01 1.951046802998e+01 1 1 1 0.0 0.0 0.0
Se 9.744986940327e+00 5.162929174411e+01 1.951046802998e+01 1 1 1 0.0 0.0 0.0
Se 1.310716287683e+01 5.079736895179e+01 1.951046802998e+01 1 1 1 0.0 0.0 0.0
Se 2.060013371067e+00 5.662082849806e+01 1.951046802998e+01 1 1 1 0.0 0.0 0.0
Se 5.422189307572e+00 5.578890570574e+01 1.951046802998e+01 1 1 1 0.0 0.0 0.0
Se 8.784365244077e+00 5.495698291341e+01 1.951046802998e+01 1 1 1 0.0 0.0 0.0
Se 1.214654118058e+01 5.412506012109e+01 1.951046802998e+01 1 1 1 0.0 0.0 0.0
Se 4.461567611323e+00 5.911659687504e+01 1.951046802998e+01 1 1 1 0.0 0.0 0.0
Se 7.823743547827e+00 5.828467408272e+01 1.951046802998e+01 1 1 1 0.0 0.0 0.0
Se 1.118591948433e+01 5.745275129039e+01 1.951046802998e+01 1 1 1 0.0 0.0 0.0
Se 1.332456969701e+00 5.478052991543e+01 3.998930533072e+01 1 1 1 0.0 0.0 0.0
Se 3.347878959511e+00 5.840184089378e+01 3.998930533072e+01 1 1 1 0.0 0.0 0.0
Se 1.464307006673e+00 4.753790795871e+01 3.998930533072e+01 1 1 1 0.0 0.0 0.0
Se 3.479728996482e+00 5.115921893707e+01 3.998930533072e+01 1 1 1 0.0 0.0 0.0
Se 5.495150986291e+00 5.478052991543e+01 3.998930533072e+01 1 1 1 0.0 0.0 0.0
Se 7.510572976100e+00 5.840184089378e+01 3.998930533072e+01 1 1 1 0.0 0.0 0.0
Se 1.596157043645e+00 4.029528600200e+01 3.998930533072e+01 1 1 1 0.0 0.0 0.0
Se 3.611579033454e+00 4.391659698035e+01 3.998930533072e+01 1 1 1 0.0 0.0 0.0
Se 5.627001023263e+00 4.753790795871e+01 3.998930533072e+01 1 1 1 0.0 0.0 0.0
Se 7.642423013072e+00 5.115921893707e+01 3.998930533072e+01 1 1 1 0.0 0.0 0.0
Se 9.657845002881e+00 5.478052991543e+01 3.998930533072e+01 1 1 1 0.0 0.0 0.0
Se 1.167326699269e+01 5.840184089378e+01 3.998930533072e+01 1 1 1 0.0 0.0 0.0
Se 1.728007080616e+00 3.305266404528e+01 3.998930533072e+01 1 1 1 0.0 0.0 0.0
Se 3.743429070425e+00 3.667397502364e+01 3.998930533072e+01 1 1 1 0.0 0.0 0.0
Se 5.758851060234e+00 4.029528600200e+01 3.998930533072e+01 1 1 1 0.0 0.0 0.0
Se 7.774273050044e+00 4.391659698035e+01 3.998930533072e+01 1 1 1 0.0 0.0 0.0
Se 9.789695039853e+00 4.753790795871e+01 3.998930533072e+01 1 1 1 0.0 0.0 0.0
Se 1.180511702966e+01 5.115921893707e+01 3.998930533072e+01 1 1 1 0.0 0.0 0.0
Se 1.859857117588e+00 2.581004208857e+01 3.998930533072e+01 1 1 1 0.0 0.0 0.0
Se 3.875279107397e+00 2.943135306692e+01 3.998930533072e+01 1 1 1 0.0 0.0 0.0
Se 5.890701097206e+00 3.305266404528e+01 3.998930533072e+01 1 1 1 0.0 0.0 0.0
Se 7.906123087015e+00 3.667397502364e+01 3.998930533072e+01 1 1 1 0.0 0.0 0.0
Se 9.921545076824e+00 4.029528600200e+01 3.998930533072e+01 1 1 1 0.0 0.0 0.0
Se 1.193696706663e+01 4.391659698035e+01 3.998930533072e+01 1 1 1 0.0 0.0 0.0
Se 1.991707154560e+00 1.856742013185e+01 3.998930533072e+01 1 1 1 0.0 0.0 0.0
Se 4.007129144369e+00 2.218873111021e+01 3.998930533072e+01 1 1 1 0.0 0.0 0.0
Se 6.022551134178e+00 2.581004208857e+01 3.998930533072e+01 1 1 1 0.0 0.0 0.0
Se 8.037973123987e+00 2.943135306692e+01 3.998930533072e+01 1 1 1 0.0 0.0 0.0
Se 1.005339511380e+01 3.305266404528e+01 3.998930533072e+01 1 1 1 0.0 0.0 0.0
Se 1.206881710360e+01 3.667397502364e+01 3.998930533072e+01 1 1 1 0.0 0.0 0.0
Se 2.123557191531e+00 1.132479817513e+01 3.998930533072e+01 1 1 1 0.0 0.0 0.0
Se 4.138979181340e+00 1.494610915349e+01 3.998930533072e+01 1 1 1 0.0 0.0 0.0
Se 6.154401171149e+00 1.856742013185e+01 3.998930533072e+01 1 1 1 0.0 0.0 0.0
Se 8.169823160958e+00 2.218873111021e+01 3.998930533072e+01 1 1 1 0.0 0.0 0.0
Se 1.018524515077e+01 2.581004208857e+01 3.998930533072e+01 1 1 1 0.0 0.0 0.0
Se 1.220066714058e+01 2.943135306692e+01 3.998930533072e+01 1 1 1 0.0 0.0 0.0
Se 2.399852386937e-01 4.608652400617e-01 3.998930533072e+01 1 1 1 0.0 0.0 0.0
Se 2.255407228503e+00 4.082176218419e+00 3.998930533072e+01 1 1 1 0.0 0.0 0.0
Se 4.270829218312e+00 7.703487196777e+00 3.998930533072e+01 1 1 1 0.0 0.0 0.0
Se 6.286251208121e+00 1.132479817513e+01 3.998930533072e+01 1 1 1 0.0 0.0 0.0
Se 8.301673197930e+00 1.494610915349e+01 3.998930533072e+01 1 1 1 0.0 0.0 0.0
Se 1.031709518774e+01 1.856742013185e+01 3.998930533072e+01 1 1 1 0.0 0.0 0.0
Se 1.233251717755e+01 2.218873111021e+01 3.998930533072e+01 1 1 1 0.0 0.0 0.0
Se 4.402679255283e+00 4.608652400617e-01 3.998930533072e+01 1 1 1 0.0 0.0 0.0
Se 6.418101245093e+00 4.082176218419e+00 3.998930533072e+01 1 1 1 0.0 0.0 0.0
Se 8.433523234902e+00 7.703487196777e+00 3.998930533072e+01 1 1 1 0.0 0.0 0.0
Se 1.044894522471e+01 1.132479817513e+01 3.998930533072e+01 1 1 1 0.0 0.0 0.0
Se 1.246436721452e+01 1.494610915349e+01 3.998930533072e+01 1 1 1 0.0 0.0 0.0
Se 8.565373271873e+00 4.608652400617e-01 3.998930533072e+01 1 1 1 0.0 0.0 0.0
Se 1.058079526168e+01 4.082176218419e+00 3.998930533072e+01 1 1 1 0.0 0.0 0.0
Se 1.259621725149e+01 7.703487196777e+00 3.998930533072e+01 1 1 1 0.0 0.0 0.0
Se 1.369810660733e+00 5.240333059502e+01 3.635172086532e+01 1 1 1 0.0 0.0 0.0
Se 3.385232650542e+00 5.602464157337e+01 3.635172086532e+01 1 1 1 0.0 0.0 0.0
Se 1.501660697705e+00 4.516070863830e+01 3.635172086532e+01 1 1 1 0.0 0.0 0.0
Se 3.517082687514e+00 4.878201961666e+01 3.635172086532e+01 1 1 1 0.0 0.0 0.0
Se 5.532504677323e+00 5.240333059502e+01 3.635172086532e+01 1 1 1 0.0 0.0 0.0
Se 7.547926667132e+00 5.602464157337e+01 3.635172086532e+01 1 1 1 0.0 0.0 0.0
Se 1.633510734676e+00 3.791808668159e+01 3.635172086532e+01 1 1 1 0.0 0.0 0.0
Se 3.648932724485e+00 4.153939765994e+01 3.635172086532e+01 1 1 1 0.0 0.0 0.0
Se 5.664354714294e+00 4.516070863830e+01 3.635172086532e+01 1 1 1 0.0 0.0 0.0
Se 7.679776704104e+00 4.878201961666e+01 3.635172086532e+01 1 1 1 0.0 0.0 0.0
Se 9.695198693913e+00 5.240333059502e+01 3.635172086532e+01 1 1 1 0.0 0.0 0.0
Se 1.171062068372e+01 5.602464157337e+01 3.635172086532e+01 1 1 1 0.0 0.0 0.0
Se 1.765360771648e+00 3.067546472487e+01 3.635172086532e+01 1 1 1 0.0 0.0 0.0
Se 3.780782761457e+00 3.429677570323e+01 3.635172086532e+01 1 1 1 0.0 0.0 0.0
Se 5.796204751266e+00 3.791808668159e+01 3.635172086532e+01 1 1 1 0.0 0.0 0.0
Se 7.811626741075e+00 4.153939765994e+01 3.635172086532e+01 1 1 1 0.0 0.0 0.0
Se 9.827048730884e+00 4.516070863830e+01 3.635172086532e+01 1 1 1 0.0 0.0 0.0
Se 1.184247072069e+01 4.878201961666e+01 3.635172086532e+01 1 1 1 0.0 0.0 0.0
Se 1.897210808620e+00 2.343284276815e+01 3.635172086532e+01 1 1 1 0.0 0.0 0.0
Se 3.912632798429e+00 2.705415374651e+01 3.635172086532e+01 1 1 1 0.0 0.0 0.0
Se 5.928054788238e+00 3.067546472487e+01 3.635172086532e+01 1 1 1 0.0 0.0 0.0
Se 7.943476778047e+00 3.429677570323e+01 3.635172086532e+01 1 1 1 0.0 0.0 0.0
Se 9.958898767856e+00 3.791808668159e+01 3.635172086532e+01 1 1 1 0.0 0.0 0.0
Se 1.197432075766e+01 4.153939765994e+01 3.635172086532e+01 1 1 1 0.0 0.0 0.0
Se 2.029060845591e+00 1.619022081144e+01 3.635172086532e+01 1 1 1 0.0 0.0 0.0
Se 4.044482835400e+00 1.981153178980e+01 3.635172086532e+01 1 1 1 0.0 0.0 0.0
Se 6.059904825209e+00 2.343284276815e+01 3.635172086532e+01 1 1 1 0.0 0.0 0.0
Se 8.075326815018e+00 2.705415374651e+01 3.635172086532e+01 1 1 1 0.0 0.0 0.0
Se 1.009074880483e+01 3.067546472487e+01 3.635172086532e+01 1 1 1 0.0 0.0 0.0
Se 1.210617079464e+01 3.429677570323e+01 3.635172086532e+01 1 1 1 0.0 0.0 0.0
Se 2.160910882563e+00 8.947598854724e+00 3.635172086532e+01 1 1 1 0.0 0.0 0.0
Se 4.176332872372e+00 1.256890983308e+01 3.635172086532e+01 1 1 1 0.0 0.0 0.0
Se 6.191754862181e+00 1.619022081144e+01 3.635172086532e+01 1 1 1 0.0 0.0 0.0
Se 8.207176851990e+00 1.981153178980e+01 3.635172086532e+01 1 1 1 0.0 0.0 0.0
Se 1.022259884180e+01 2.343284276815e+01 3.635172086532e+01 1 1 1 0.0 0.0 0.0
Se 1.223802083161e+01 2.705415374651e+01 3.635172086532e+01 1 1 1 0.0 0.0 0.0
Se 1.237960623761e+00 5.964595255173e+01 3.635172086532e+01 1 1 1 0.0 0.0 0.0
Se 2.292760919534e+00 1.704976898009e+00 3.635172086532e+01 1 1 1 0.0 0.0 0.0
Se 4.308182909343e+00 5.326287876366e+00 3.635172086532e+01 1 1 1 0.0 0.0 0.0
Se 6.323604899153e+00 8.947598854724e+00 3.635172086532e+01 1 1 1 0.0 0.0 0.0
Se 8.339026888962e+00 1.256890983308e+01 3.635172086532e+01 1 1 1 0.0 0.0 0.0
Se 1.035444887877e+01 1.619022081144e+01 3.635172086532e+01 1 1 1 0.0 0.0 0.0
Se 1.236987086858e+01 1.981153178980e+01 3.635172086532e+01 1 1 1 0.0 0.0 0.0
Se 5.400654640351e+00 5.964595255173e+01 3.635172086532e+01 1 1 1 0.0 0.0 0.0
Se 6.455454936124e+00 1.704976898009e+00 3.635172086532e+01 1 1 1 0.0 0.0 0.0
Se 8.470876925933e+00 5.326287876366e+00 3.635172086532e+01 1 1 1 0.0 0.0 0.0
Se 1.048629891574e+01 8.947598854724e+00 3.635172086532e+01 1 1 1 0.0 0.0 0.0
Se 1.250172090555e+01 1.256890983308e+01 3.635172086532e+01 1 1 1 0.0 0.0 0.0
Se 9.563348656941e+00 5.964595255173e+01 3.635172086532e+01 1 1 1 0.0 0.0 0.0
Se 1.061814895271e+01 1.704976898009e+00 3.635172086532e+01 1 1 1 0.0 0.0 0.0
Se 1.454888927536e-01 5.326287876366e+00 3.635172086532e+01 1 1 1 0.0 0.0 0.0
Se 3.420538268447e+00 5.360085838718e+01 3.271820175121e+01 1 1 1 0.0 0.0 0.0
Se 5.435960258256e+00 5.722216936553e+01 3.271820175121e+01 1 1 1 0.0 0.0 0.0
Se 3.552388305419e+00 4.635823643046e+01 3.271820175121e+01 1 1 1 0.0 0.0 0.0
Se 5.567810295228e+00 4.997954740882e+01 3.271820175121e+01 1 1 1 0.0 0.0 0.0
Se 7.583232285037e+00 5.360085838718e+01 3.271820175121e+01 1 1 1 0.0 0.0 0.0
Se 9.598654274846e+00 5.722216936553e+01 3.271820175121e+01 1 1 1 0.0 0.0 0.0
Se 3.684238342390e+00 3.911561447375e+01 3.271820175121e+01 1 1 1 0.0 0.0 0.0
Se 5.699660332199e+00 4.273692545210e+01 3.271820175121e+01 1 1 1 0.0 0.0 0.0
Se 7.715082322008e+00 4.635823643046e+01 3.271820175121e+01 1 1 1 0.0 0.0 0.0
Se 9.730504311818e+00 4.997954740882e+01 3.271820175121e+01 1 1 1 0.0 0.0 0.0
Se 1.174592630163e+01 5.360085838718e+01 3.271820175121e+01 1 1 1 0.0 0.0 0.0
Se 1.273266241666e+00 5.722216936553e+01 3.271820175121e+01 1 1 1 0.0 0.0 0.0
Se 3.816088379362e+00 3.187299251703e+01 3.271820175121e+01 1 1 1 0.0 0.0 0.0
Se 5.831510369171e+00 3.549430349539e+01 3.271820175121e+01 1 1 1 0.0 0.0 0.0
Se 7.846932358980e+00 3.911561447375e+01 3.271820175121e+01 1 1 1 0.0 0.0 0.0
Se 9.862354348789e+00 4.273692545210e+01 3.271820175121e+01 1 1 1 0.0 0.0 0.0
Se 1.187777633860e+01 4.635823643046e+01 3.271820175121e+01 1 1 1 0.0 0.0 0.0
Se 1.405116278638e+00 4.997954740882e+01 3.271820175121e+01 1 1 1 0.0 0.0 0.0
Se 3.947938416333e+00 2.463037056031e+01 3.271820175121e+01 1 1 1 0.0 0.0 0.0
Se 5.963360406143e+00 2.825168153867e+01 3.271820175121e+01 1 1 1 0.0 0.0 0.0
Se 7.978782395952e+00 3.187299251703e+01 3.271820175121e+01 1 1 1 0.0 0.0 0.0
Se 9.994204385761e+00 3.549430349539e+01 3.271820175121e+01 1 1 1 0.0 0.0 0.0
Se 1.200962637557e+01 3.911561447375e+01 3.271820175121e+01 1 1 1 0.0 0.0 0.0
Se 1.536966315610e+00 4.273692545210e+01 3.271820175121e+01 1 1 1 0.0 0.0 0.0
Se 4.079788453305e+00 1.738774860360e+01 3.271820175121e+01 1 1 1 0.0 0.0 0.0
Se 6.095210443114e+00 2.100905958196e+01 3.271820175121e+01 1 1 1 0.0 0.0 0.0
Se 8.110632432923e+00 2.463037056031e+01 3.271820175121e+01 1 1 1 0.0 0.0 0.0
Se 1.012605442273e+01 2.825168153867e+01 3.271820175121e+01 1 1 1 0.0 0.0 0.0
Se 1.214147641254e+01 3.187299251703e+01 3.271820175121e+01 1 1 1 0.0 0.0 0.0
Se 1.668816352581e+00 3.549430349539e+01 3.271820175121e+01 1 1 1 0.0 0.0 0.0
Se 4.211638490277e+00 1.014512664688e+01 3.271820175121e+01 1 1 1 0.0 0.0 0.0
Se 6.227060480086e+00 1.376643762524e+01 3.271820175121e+01 1 1 1 0.0 0.0 0.0
Se 8.242482469895e+00 1.738774860360e+01 3.271820175121e+01 1 1 1 0.0 0.0 0.0
Se 1.025790445970e+01 2.100905958196e+01 3.271820175121e+01 1 1 1 0.0 0.0 0.0
Se 1.227332644951e+01 2.463037056031e+01 3.271820175121e+01 1 1 1 0.0 0.0 0.0
Se 1.800666389553e+00 2.825168153867e+01 3.271820175121e+01 1 1 1 0.0 0.0 0.0
Se 3.288688231475e+00 6.084348034389e+01 3.271820175121e+01 1 1 1 0.0 0.0 0.0
Se 4.343488527248e+00 2.902504690168e+00 3.271820175121e+01 1 1 1 0.0 0.0 0.0
Se 6.358910517057e+00 6.523815668526e+00 3.271820175121e+01 1 1 1 0.0 0.0 0.0
Se 8.374332506866e+00 1.014512664688e+01 3.271820175121e+01 1 1 1 0.0 0.0 0.0
Se 1.038975449668e+01 1.376643762524e+01 3.271820175121e+01 1 1 1 0.0 0.0 0.0
Se 1.240517648648e+01 1.738774860360e+01 3.271820175121e+01 1 1 1 0.0 0.0 0.0
Se 1.932516426524e+00 2.100905958196e+01 3.271820175121e+01 1 1 1 0.0 0.0 0.0
Se 7.451382248065e+00 6.084348034389e+01 3.271820175121e+01 1 1 1 0.0 0.0 0.0
Se 8.506182543838e+00 2.902504690168e+00 3.271820175121e+01 1 1 1 0.0 0.0 0.0
Se 1.052160453365e+01 6.523815668526e+00 3.271820175121e+01 1 1 1 0.0 0.0 0.0
Se 1.253702652346e+01 1.014512664688e+01 3.271820175121e+01 1 1 1 0.0 0.0 0.0
Se 2.064366463496e+00 1.376643762524e+01 3.271820175121e+01 1 1 1 0.0 0.0 0.0
Se 1.161407626465e+01 6.084348034389e+01 3.271820175121e+01 1 1 1 0.0 0.0 0.0
Se 1.807945106585e-01 2.902504690168e+00 3.271820175121e+01 1 1 1 0.0 0.0 0.0
Se 2.196216500468e+00 6.523815668526e+00 3.271820175121e+01 1 1 1 0.0 0.0 0.0
Se 1.287874396990e+00 5.240939270546e+01 2.995146533993e+01 1 1 1 0.0 0.0 0.0
Se 3.303296386799e+00 5.603070368381e+01 2.995146533993e+01 1 1 1 0.0 0.0 0.0
Se 1.419724433962e+00 4.516677074874e+01 2.995146533993e+01 1 1 1 0.0 0.0 0.0
Se 3.435146423771e+00 4.878808172710e+01 2.995146533993e+01 1 1 1 0.0 0.0 0.0
Se 5.450568413580e+00 5.240939270546e+01 2.995146533993e+01 1 1 1 0.0 0.0 0.0
Se 7.465990403389e+00 5.603070368381e+01 2.995146533993e+01 1 1 1 0.0 0.0 0.0
Se 1.551574470934e+00 3.792414879202e+01 2.995146533993e+01 1 1 1 0.0 0.0 0.0
Se 3.566996460743e+00 4.154545977038e+01 2.995146533993e+01 1 1 1 0.0 0.0 0.0
Se 5.582418450552e+00 4.516677074874e+01 2.995146533993e+01 1 1 1 0.0 0.0 0.0
Se 7.597840440361e+00 4.878808172710e+01 2.995146533993e+01 1 1 1 0.0 0.0 0.0
Se 9.613262430170e+00 5.240939270546e+01 2.995146533993e+01 1 1 1 0.0 0.0 0.0
Se 1.162868441998e+01 5.603070368381e+01 2.995146533993e+01 1 1 1 0.0 0.0 0.0
Se 1.683424507905e+00 3.068152683531e+01 2.995146533993e+01 1 1 1 0.0 0.0 0.0
Se 3.698846497714e+00 3.430283781367e+01 2.995146533993e+01 1 1 1 0.0 0.0 0.0
Se 5.714268487523e+00 3.792414879202e+01 2.995146533993e+01 1 1 1 0.0 0.0 0.0
Se 7.729690477332e+00 4.154545977038e+01 2.995146533993e+01 1 1 1 0.0 0.0 0.0
Se 9.745112467142e+00 4.516677074874e+01 2.995146533993e+01 1 1 1 0.0 0.0 0.0
Se 1.176053445695e+01 4.878808172710e+01 2.995146533993e+01 1 1 1 0.0 0.0 0.0
Se 1.815274544877e+00 2.343890487859e+01 2.995146533993e+01 1 1 1 0.0 0.0 0.0
Se 3.830696534686e+00 2.706021585695e+01 2.995146533993e+01 1 1 1 0.0 0.0 0.0
Se 5.846118524495e+00 3.068152683531e+01 2.995146533993e+01 1 1 1 0.0 0.0 0.0
Se 7.861540514304e+00 3.430283781367e+01 2.995146533993e+01 1 1 1 0.0 0.0 0.0
Se 9.876962504113e+00 3.792414879202e+01 2.995146533993e+01 1 1 1 0.0 0.0 0.0
Se 1.189238449392e+01 4.154545977038e+01 2.995146533993e+01 1 1 1 0.0 0.0 0.0
Se 1.947124581848e+00 1.619628292188e+01 2.995146533993e+01 1 1 1 0.0 0.0 0.0
Se 3.962546571657e+00 1.981759390024e+01 2.995146533993e+01 1 1 1 0.0 0.0 0.0
Se 5.977968561467e+00 2.343890487859e+01 2.995146533993e+01 1 1 1 0.0 0.0 0.0
Se 7.993390551276e+00 2.706021585695e+01 2.995146533993e+01 1 1 1 0.0 0.0 0.0
Se 1.000881254108e+01 3.068152683531e+01 2.995146533993e+01 1 1 1 0.0 0.0 0.0
Se 1.202423453089e+01 3.430283781367e+01 2.995146533993e+01 1 1 1 0.0 0.0 0.0
Se 2.078974618820e+00 8.953660965163e+00 2.995146533993e+01 1 1 1 0.0 0.0 0.0
Se 4.094396608629e+00 1.257497194352e+01 2.995146533993e+01 1 1 1 0.0 0.0 0.0
Se 6.109818598438e+00 1.619628292188e+01 2.995146533993e+01 1 1 1 0.0 0.0 0.0
Se 8.125240588247e+00 1.981759390024e+01 2.995146533993e+01 1 1 1 0.0 0.0 0.0
Se 1.014066257806e+01 2.343890487859e+01 2.995146533993e+01 1 1 1 0.0 0.0 0.0
Se 1.215608456787e+01 2.706021585695e+01 2.995146533993e+01 1 1 1 0.0 0.0 0.0
Se 1.156024360019e+00 5.965201466217e+01 2.995146533993e+01 1 1 1 0.0 0.0 0.0
Se 2.210824655792e+00 1.711039008448e+00 2.995146533993e+01 1 1 1 0.0 0.0 0.0
Se 4.226246645601e+00 5.332349986805e+00 2.995146533993e+01 1 1 1 0.0 0.0 0.0
Se 6.241668635410e+00 8.953660965163e+00 2.995146533993e+01 1 1 1 0.0 0.0 0.0
Se 8.257090625219e+00 1.257497194352e+01 2.995146533993e+01 1 1 1 0.0 0.0 0.0
Se 1.027251261503e+01 1.619628292188e+01 2.995146533993e+01 1 1 1 0.0 0.0 0.0
Se 1.228793460484e+01 1.981759390024e+01 2.995146533993e+01 1 1 1 0.0 0.0 0.0
Se 5.318718376609e+00 5.965201466217e+01 2.995146533993e+01 1 1 1 0.0 0.0 0.0
Se 6.373518672381e+00 1.711039008448e+00 2.995146533993e+01 1 1 1 0.0 0.0 0.0
Se 8.388940662190e+00 5.332349986805e+00 2.995146533993e+01 1 1 1 0.0 0.0 0.0
Se 1.040436265200e+01 8.953660965163e+00 2.995146533993e+01 1 1 1 0.0 0.0 0.0
Se 1.241978464181e+01 1.257497194352e+01 2.995146533993e+01 1 1 1 0.0 0.0 0.0
Se 9.481412393198e+00 5.965201466217e+01 2.995146533993e+01 1 1 1 0.0 0.0 0.0
Se 1.053621268897e+01 1.711039008448e+00 2.995146533993e+01 1 1 1 0.0 0.0 0.0
Se 1.255163467878e+01 5.332349986805e+00 2.995146533993e+01 1 1 1 0.0 0.0 0.0
Se 3.338926973805e+00 5.359870204582e+01 2.633360299309e+01 1 1 1 0.0 0.0 0.0
Se 5.354348963614e+00 5.722001302418e+01 2.633360299309e+01 1 1 1 0.0 0.0 0.0
Se 3.470777010777e+00 4.635608008910e+01 2.633360299309e+01 1 1 1 0.0 0.0 0.0
Se 5.486199000586e+00 4.997739106746e+01 2.633360299309e+01 1 1 1 0.0 0.0 0.0
Se 7.501620990395e+00 5.359870204582e+01 2.633360299309e+01 1 1 1 0.0 0.0 0.0
Se 9.517042980204e+00 5.722001302418e+01 2.633360299309e+01 1 1 1 0.0 0.0 0.0
Se 3.602627047748e+00 3.911345813239e+01 2.633360299309e+01 1 1 1 0.0 0.0 0.0
Se 5.618049037557e+00 4.273476911074e+01 2.633360299309e+01 1 1 1 0.0 0.0 0.0
Se 7.633471027366e+00 4.635608008910e+01 2.633360299309e+01 1 1 1 0.0 0.0 0.0
Se 9.648893017176e+00 4.997739106746e+01 2.633360299309e+01 1 1 1 0.0 0.0 0.0
Se 1.166431500698e+01 5.359870204582e+01 2.633360299309e+01 1 1 1 0.0 0.0 0.0
Se 1.191654947024e+00 5.722001302418e+01 2.633360299309e+01 1 1 1 0.0 0.0 0.0
Se 3.734477084720e+00 3.187083617567e+01 2.633360299309e+01 1 1 1 0.0 0.0 0.0
Se 5.749899074529e+00 3.549214715403e+01 2.633360299309e+01 1 1 1 0.0 0.0 0.0
Se 7.765321064338e+00 3.911345813239e+01 2.633360299309e+01 1 1 1 0.0 0.0 0.0
Se 9.780743054147e+00 4.273476911074e+01 2.633360299309e+01 1 1 1 0.0 0.0 0.0
Se 1.179616504396e+01 4.635608008910e+01 2.633360299309e+01 1 1 1 0.0 0.0 0.0
Se 1.323504983996e+00 4.997739106746e+01 2.633360299309e+01 1 1 1 0.0 0.0 0.0
Se 3.866327121691e+00 2.462821421896e+01 2.633360299309e+01 1 1 1 0.0 0.0 0.0
Se 5.881749111501e+00 2.824952519731e+01 2.633360299309e+01 1 1 1 0.0 0.0 0.0
Se 7.897171101310e+00 3.187083617567e+01 2.633360299309e+01 1 1 1 0.0 0.0 0.0
Se 9.912593091119e+00 3.549214715403e+01 2.633360299309e+01 1 1 1 0.0 0.0 0.0
Se 1.192801508093e+01 3.911345813239e+01 2.633360299309e+01 1 1 1 0.0 0.0 0.0
Se 1.455355020968e+00 4.273476911074e+01 2.633360299309e+01 1 1 1 0.0 0.0 0.0
Se 3.998177158663e+00 1.738559226224e+01 2.633360299309e+01 1 1 1 0.0 0.0 0.0
Se 6.013599148472e+00 2.100690324060e+01 2.633360299309e+01 1 1 1 0.0 0.0 0.0
Se 8.029021138281e+00 2.462821421896e+01 2.633360299309e+01 1 1 1 0.0 0.0 0.0
Se 1.004444312809e+01 2.824952519731e+01 2.633360299309e+01 1 1 1 0.0 0.0 0.0
Se 1.205986511790e+01 3.187083617567e+01 2.633360299309e+01 1 1 1 0.0 0.0 0.0
Se 1.587205057939e+00 3.549214715403e+01 2.633360299309e+01 1 1 1 0.0 0.0 0.0
Se 4.130027195635e+00 1.014297030553e+01 2.633360299309e+01 1 1 1 0.0 0.0 0.0
Se 6.145449185444e+00 1.376428128388e+01 2.633360299309e+01 1 1 1 0.0 0.0 0.0
Se 8.160871175253e+00 1.738559226224e+01 2.633360299309e+01 1 1 1 0.0 0.0 0.0
Se 1.017629316506e+01 2.100690324060e+01 2.633360299309e+01 1 1 1 0.0 0.0 0.0
Se 1.219171515487e+01 2.462821421896e+01 2.633360299309e+01 1 1 1 0.0 0.0 0.0
Se 1.719055094911e+00 2.824952519731e+01 2.633360299309e+01 1 1 1 0.0 0.0 0.0
Se 3.207076936833e+00 6.084132400253e+01 2.633360299309e+01 1 1 1 0.0 0.0 0.0
Se 4.261877232606e+00 2.900348348810e+00 2.633360299309e+01 1 1 1 0.0 0.0 0.0
Se 6.277299222415e+00 6.521659327168e+00 2.633360299309e+01 1 1 1 0.0 0.0 0.0
Se 8.292721212224e+00 1.014297030553e+01 2.633360299309e+01 1 1 1 0.0 0.0 0.0
Se 1.030814320203e+01 1.376428128388e+01 2.633360299309e+01 1 1 1 0.0 0.0 0.0
Se 1.232356519184e+01 1.738559226224e+01 2.633360299309e+01 1 1 1 0.0 0.0 0.0
Se 1.850905131882e+00 2.100690324060e+01 2.633360299309e+01 1 1 1 0.0 0.0 0.0
Se 7.369770953423e+00 6.084132400253e+01 2.633360299309e+01 1 1 1 0.0 0.0 0.0
Se 8.424571249196e+00 2.900348348810e+00 2.633360299309e+01 1 1 1 0.0 0.0 0.0
Se 1.043999323901e+01 6.521659327168e+00 2.633360299309e+01 1 1 1 0.0 0.0 0.0
Se 1.245541522881e+01 1.014297030553e+01 2.633360299309e+01 1 1 1 0.0 0.0 0.0
Se 1.982755168854e+00 1.376428128388e+01 2.633360299309e+01 1 1 1 0.0 0.0 0.0
Se 1.153246497001e+01 6.084132400253e+01 2.633360299309e+01 1 1 1 0.0 0.0 0.0
Se 9.918321601653e-02 2.900348348810e+00 2.633360299309e+01 1 1 1 0.0 0.0 0.0
Se 2.114605205826e+00 6.521659327168e+00 2.633360299309e+01 1 1 1 0.0 0.0 0.0
Se 1.241629239649e+00 5.479310523657e+01 2.271046802998e+01 1 1 1 0.0 0.0 0.0
Se 3.257051229458e+00 5.841441621493e+01 2.271046802998e+01 1 1 1 0.0 0.0 0.0
Se 1.373479276621e+00 4.755048327985e+01 2.271046802998e+01 1 1 1 0.0 0.0 0.0
Se 3.388901266430e+00 5.117179425821e+01 2.271046802998e+01 1 1 1 0.0 0.0 0.0
Se 5.404323256239e+00 5.479310523657e+01 2.271046802998e+01 1 1 1 0.0 0.0 0.0
Se 7.419745246048e+00 5.841441621493e+01 2.271046802998e+01 1 1 1 0.0 0.0 0.0
Se 1.505329313592e+00 4.030786132314e+01 2.271046802998e+01 1 1 1 0.0 0.0 0.0
Se 3.520751303401e+00 4.392917230150e+01 2.271046802998e+01 1 1 1 0.0 0.0 0.0
Se 5.536173293211e+00 4.755048327985e+01 2.271046802998e+01 1 1 1 0.0 0.0 0.0
Se 7.551595283020e+00 5.117179425821e+01 2.271046802998e+01 1 1 1 0.0 0.0 0.0
Se 9.567017272829e+00 5.479310523657e+01 2.271046802998e+01 1 1 1 0.0 0.0 0.0
Se 1.158243926264e+01 5.841441621493e+01 2.271046802998e+01 1 1 1 0.0 0.0 0.0
Se 1.637179350564e+00 3.306523936642e+01 2.271046802998e+01 1 1 1 0.0 0.0 0.0
Se 3.652601340373e+00 3.668655034478e+01 2.271046802998e+01 1 1 1 0.0 0.0 0.0
Se 5.668023330182e+00 4.030786132314e+01 2.271046802998e+01 1 1 1 0.0 0.0 0.0
Se 7.683445319991e+00 4.392917230150e+01 2.271046802998e+01 1 1 1 0.0 0.0 0.0
Se 9.698867309800e+00 4.755048327985e+01 2.271046802998e+01 1 1 1 0.0 0.0 0.0
Se 1.171428929961e+01 5.117179425821e+01 2.271046802998e+01 1 1 1 0.0 0.0 0.0
Se 1.769029387536e+00 2.582261740971e+01 2.271046802998e+01 1 1 1 0.0 0.0 0.0
Se 3.784451377345e+00 2.944392838807e+01 2.271046802998e+01 1 1 1 0.0 0.0 0.0
Se 5.799873367154e+00 3.306523936642e+01 2.271046802998e+01 1 1 1 0.0 0.0 0.0
Se 7.815295356963e+00 3.668655034478e+01 2.271046802998e+01 1 1 1 0.0 0.0 0.0
Se 9.830717346772e+00 4.030786132314e+01 2.271046802998e+01 1 1 1 0.0 0.0 0.0
Se 1.184613933658e+01 4.392917230150e+01 2.271046802998e+01 1 1 1 0.0 0.0 0.0
Se 1.900879424507e+00 1.857999545299e+01 2.271046802998e+01 1 1 1 0.0 0.0 0.0
Se 3.916301414316e+00 2.220130643135e+01 2.271046802998e+01 1 1 1 0.0 0.0 0.0
Se 5.931723404125e+00 2.582261740971e+01 2.271046802998e+01 1 1 1 0.0 0.0 0.0
Se 7.947145393934e+00 2.944392838807e+01 2.271046802998e+01 1 1 1 0.0 0.0 0.0
Se 9.962567383744e+00 3.306523936642e+01 2.271046802998e+01 1 1 1 0.0 0.0 0.0
Se 1.197798937355e+01 3.668655034478e+01 2.271046802998e+01 1 1 1 0.0 0.0 0.0
Se 2.032729461479e+00 1.133737349628e+01 2.271046802998e+01 1 1 1 0.0 0.0 0.0
Se 4.048151451288e+00 1.495868447463e+01 2.271046802998e+01 1 1 1 0.0 0.0 0.0
Se 6.063573441097e+00 1.857999545299e+01 2.271046802998e+01 1 1 1 0.0 0.0 0.0
Se 8.078995430906e+00 2.220130643135e+01 2.271046802998e+01 1 1 1 0.0 0.0 0.0
Se 1.009441742072e+01 2.582261740971e+01 2.271046802998e+01 1 1 1 0.0 0.0 0.0
Se 1.210983941052e+01 2.944392838807e+01 2.271046802998e+01 1 1 1 0.0 0.0 0.0
Se 1.491575086414e-01 4.734405612035e-01 2.271046802998e+01 1 1 1 0.0 0.0 0.0
Se 2.164579498450e+00 4.094751539561e+00 2.271046802998e+01 1 1 1 0.0 0.0 0.0
Se 4.180001488260e+00 7.716062517919e+00 2.271046802998e+01 1 1 1 0.0 0.0 0.0
Se 6.195423478069e+00 1.133737349628e+01 2.271046802998e+01 1 1 1 0.0 0.0 0.0
Se 8.210845467878e+00 1.495868447463e+01 2.271046802998e+01 1 1 1 0.0 0.0 0.0
Se 1.022626745769e+01 1.857999545299e+01 2.271046802998e+01 1 1 1 0.0 0.0 0.0
Se 1.224168944750e+01 2.220130643135e+01 2.271046802998e+01 1 1 1 0.0 0.0 0.0
Se 4.311851525231e+00 4.734405612035e-01 2.271046802998e+01 1 1 1 0.0 0.0 0.0
Se 6.327273515040e+00 4.094751539561e+00 2.271046802998e+01 1 1 1 0.0 0.0 0.0
Se 8.342695504849e+00 7.716062517919e+00 2.271046802998e+01 1 1 1 0.0 0.0 0.0
Se 1.035811749466e+01 1.133737349628e+01 2.271046802998e+01 1 1 1 0.0 0.0 0.0
Se 1.237353948447e+01 1.495868447463e+01 2.271046802998e+01 1 1 1 0.0 0.0 0.0
Se 8.474545541821e+00 4.734405612035e-01 2.271046802998e+01 1 1 1 0.0 0.0 0.0
Se 1.048996753163e+01 4.094751539561e+00 2.271046802998e+01 1 1 1 0.0 0.0 0.0
Se 1.250538952144e+01 7.716062517919e+00 2.271046802998e+01 1 1 1 0.0 0.0 0.0
"