calculation_mode = "Quench Electrons"
cell_relax = "False"
charge_density_mixing = "0.1"
charge_mixing_type = "Broyden"
description = "Example parameters for high-throughput bulk relaxation of a vdW material"
dos_broading = "0.05"
dos_method = "Gaussian"
energy_convergence_criterion = "1e-10"
energy_output_units = "Hartrees"
kohn_sham_mucycles = "3"
kohn_sham_solver = "davidson"
kpoint_mesh = "1 1 1"
localize_projectors = "False"
max_md_steps = "100"
max_scf_steps = "200"
non_local_block_size = "4000"
potential_acceleration_constant_step = "1.5"
processor_grid = "5 8 15"
rms_convergence_criterion = "1e-08"
scalapack_block_factor = "64"
start_mode = "LCAO Start"
state_block_size = "64"
stress = "True"
subdiag_driver = "scalapack"
use_async_allreduce = "False"
vdw_corr = "DFT-D3"
vdwdf_kernel_filepath = "/lustre/orion/world-shared/cph162/rjmorelock/rmgdft/XC/vdW_kernel_table"
wavefunction_grid = "128 194 378"
write_data_period = "50"

atomic_coordinate_type = "Absolute"
crds_units = "Angstrom"
lattice_units = "Angstrom"

lattice_vector = "
1.509735502215e+01 0.000000000000e+00 9.000000000000e-16
3.972988153125e-01 2.270867727856e+01 1.400000000000e-15
0.000000000000e+00 0.000000000000e+00 4.446241589303e+01
"
atoms = "
Nb 1.035143876226e+01 2.470880204825e+00 1.532833092694e+01 1 1 1 0.0 0.0 0.0
Nb 1.313253047677e+01 4.535305411967e+00 1.532833092694e+01 1 1 1 0.0 0.0 0.0
Nb 4.391956516705e+00 1.782738469112e+00 1.532833092694e+01 1 1 1 0.0 0.0 0.0
Nb 7.173048231215e+00 3.847163676253e+00 1.532833092694e+01 1 1 1 0.0 0.0 0.0
Nb 9.954139945726e+00 5.911588883395e+00 1.532833092694e+01 1 1 1 0.0 0.0 0.0
Nb 1.273523166024e+01 7.976014090537e+00 1.532833092694e+01 1 1 1 0.0 0.0 0.0
Nb 1.352982929330e+01 1.094596733398e+00 1.532833092694e+01 1 1 1 0.0 0.0 0.0
Nb 1.213565985661e+00 3.159021940539e+00 1.532833092694e+01 1 1 1 0.0 0.0 0.0
Nb 3.994657700171e+00 5.223447147681e+00 1.532833092694e+01 1 1 1 0.0 0.0 0.0
Nb 6.775749414682e+00 7.287872354823e+00 1.532833092694e+01 1 1 1 0.0 0.0 0.0
Nb 9.556841129193e+00 9.352297561964e+00 1.532833092694e+01 1 1 1 0.0 0.0 0.0
Nb 1.233793284370e+01 1.141672276911e+01 1.532833092694e+01 1 1 1 0.0 0.0 0.0
Nb 8.162671691278e-01 6.599730619109e+00 1.532833092694e+01 1 1 1 0.0 0.0 0.0
Nb 3.597358883638e+00 8.664155826251e+00 1.532833092694e+01 1 1 1 0.0 0.0 0.0
Nb 6.378450598149e+00 1.072858103339e+01 1.532833092694e+01 1 1 1 0.0 0.0 0.0
Nb 9.159542312660e+00 1.279300624053e+01 1.532833092694e+01 1 1 1 0.0 0.0 0.0
Nb 1.194063402717e+01 1.485743144768e+01 1.532833092694e+01 1 1 1 0.0 0.0 0.0
Nb 4.189683525947e-01 1.004043929768e+01 1.532833092694e+01 1 1 1 0.0 0.0 0.0
Nb 3.200060067105e+00 1.210486450482e+01 1.532833092694e+01 1 1 1 0.0 0.0 0.0
Nb 5.981151781616e+00 1.416928971196e+01 1.532833092694e+01 1 1 1 0.0 0.0 0.0
Nb 8.762243496127e+00 1.623371491910e+01 1.532833092694e+01 1 1 1 0.0 0.0 0.0
Nb 1.154333521064e+01 1.829814012625e+01 1.532833092694e+01 1 1 1 0.0 0.0 0.0
Nb 1.511902455821e+01 1.348114797625e+01 1.532833092694e+01 1 1 1 0.0 0.0 0.0
Nb 2.802761250572e+00 1.554557318339e+01 1.532833092694e+01 1 1 1 0.0 0.0 0.0
Nb 5.583852965083e+00 1.760999839053e+01 1.532833092694e+01 1 1 1 0.0 0.0 0.0
Nb 8.364944679594e+00 1.967442359767e+01 1.532833092694e+01 1 1 1 0.0 0.0 0.0
Nb 1.114603639410e+01 2.173884880481e+01 1.532833092694e+01 1 1 1 0.0 0.0 0.0
Nb 1.472172574168e+01 1.692185665482e+01 1.532833092694e+01 1 1 1 0.0 0.0 0.0
Nb 2.405462434039e+00 1.898628186196e+01 1.532833092694e+01 1 1 1 0.0 0.0 0.0
Nb 5.186554148550e+00 2.105070706910e+01 1.532833092694e+01 1 1 1 0.0 0.0 0.0
Nb 7.570347047748e+00 4.064549976837e-01 1.532833092694e+01 1 1 1 0.0 0.0 0.0
Nb 1.432442692515e+01 2.036256533339e+01 1.532833092694e+01 1 1 1 0.0 0.0 0.0
Nb 2.008163617506e+00 2.242699054053e+01 1.532833092694e+01 1 1 1 0.0 0.0 0.0
Nb 1.034641288157e+01 2.479299773167e+00 9.182088683320e+00 1 1 1 0.0 0.0 0.0
Nb 1.312750459608e+01 4.543724980308e+00 9.182088683320e+00 1 1 1 0.0 0.0 0.0
Nb 4.386930636017e+00 1.791158037453e+00 9.182088683320e+00 1 1 1 0.0 0.0 0.0
Nb 7.168022350528e+00 3.855583244594e+00 9.182088683320e+00 1 1 1 0.0 0.0 0.0
Nb 9.949114065039e+00 5.920008451736e+00 9.182088683320e+00 1 1 1 0.0 0.0 0.0
Nb 1.273020577955e+01 7.984433658878e+00 9.182088683320e+00 1 1 1 0.0 0.0 0.0
Nb 1.352480341262e+01 1.103016301739e+00 9.182088683320e+00 1 1 1 0.0 0.0 0.0
Nb 1.208540104973e+00 3.167441508881e+00 9.182088683320e+00 1 1 1 0.0 0.0 0.0
Nb 3.989631819484e+00 5.231866716022e+00 9.182088683320e+00 1 1 1 0.0 0.0 0.0
Nb 6.770723533995e+00 7.296291923164e+00 9.182088683320e+00 1 1 1 0.0 0.0 0.0
Nb 9.551815248505e+00 9.360717130306e+00 9.182088683320e+00 1 1 1 0.0 0.0 0.0
Nb 1.233290696302e+01 1.142514233745e+01 9.182088683320e+00 1 1 1 0.0 0.0 0.0
Nb 8.112412884404e-01 6.608150187450e+00 9.182088683320e+00 1 1 1 0.0 0.0 0.0
Nb 3.592333002951e+00 8.672575394592e+00 9.182088683320e+00 1 1 1 0.0 0.0 0.0
Nb 6.373424717462e+00 1.073700060173e+01 9.182088683320e+00 1 1 1 0.0 0.0 0.0
Nb 9.154516431972e+00 1.280142580888e+01 9.182088683320e+00 1 1 1 0.0 0.0 0.0
Nb 1.193560814648e+01 1.486585101602e+01 9.182088683320e+00 1 1 1 0.0 0.0 0.0
Nb 4.139424719074e-01 1.004885886602e+01 9.182088683320e+00 1 1 1 0.0 0.0 0.0
Nb 3.195034186418e+00 1.211328407316e+01 9.182088683320e+00 1 1 1 0.0 0.0 0.0
Nb 5.976125900929e+00 1.417770928030e+01 9.182088683320e+00 1 1 1 0.0 0.0 0.0
Nb 8.757217615439e+00 1.624213448744e+01 9.182088683320e+00 1 1 1 0.0 0.0 0.0
Nb 1.153830932995e+01 1.830655969459e+01 9.182088683320e+00 1 1 1 0.0 0.0 0.0
Nb 1.511399867753e+01 1.348956754459e+01 9.182088683320e+00 1 1 1 0.0 0.0 0.0
Nb 2.797735369885e+00 1.555399275173e+01 9.182088683320e+00 1 1 1 0.0 0.0 0.0
Nb 5.578827084396e+00 1.761841795887e+01 9.182088683320e+00 1 1 1 0.0 0.0 0.0
Nb 8.359918798906e+00 1.968284316601e+01 9.182088683320e+00 1 1 1 0.0 0.0 0.0
Nb 1.114101051342e+01 2.174726837316e+01 9.182088683320e+00 1 1 1 0.0 0.0 0.0
Nb 1.471669986099e+01 1.693027622316e+01 9.182088683320e+00 1 1 1 0.0 0.0 0.0
Nb 2.400436553352e+00 1.899470143030e+01 9.182088683320e+00 1 1 1 0.0 0.0 0.0
Nb 5.181528267863e+00 2.105912663744e+01 9.182088683320e+00 1 1 1 0.0 0.0 0.0
Nb 7.565321167061e+00 4.148745660249e-01 9.182088683320e+00 1 1 1 0.0 0.0 0.0
Nb 1.431940104446e+01 2.037098490173e+01 9.182088683320e+00 1 1 1 0.0 0.0 0.0
Nb 2.003137736819e+00 2.243541010887e+01 9.182088683320e+00 1 1 1 0.0 0.0 0.0
Bi 1.070556630039e+01 1.444233510071e+01 3.532095071834e+01 1 1 1 0.0 0.0 0.0
Bi 9.405315628430e+00 1.857118551499e+01 3.532095071834e+01 1 1 1 0.0 0.0 0.0
Bi 1.050691689273e+01 3.087996461428e+00 3.532095071834e+01 1 1 1 0.0 0.0 0.0
Bi 9.206666220774e+00 7.216846875711e+00 3.532095071834e+01 1 1 1 0.0 0.0 0.0
Bi 7.906415548817e+00 1.134569728999e+01 3.532095071834e+01 1 1 1 0.0 0.0 0.0
Bi 6.606164876860e+00 1.547454770428e+01 3.532095071834e+01 1 1 1 0.0 0.0 0.0
Bi 5.305914204903e+00 1.960339811856e+01 3.532095071834e+01 1 1 1 0.0 0.0 0.0
Bi 8.105064956473e+00 2.270003592927e+01 3.532095071834e+01 1 1 1 0.0 0.0 0.0
Bi 6.407515469204e+00 4.120209064999e+00 3.532095071834e+01 1 1 1 0.0 0.0 0.0
Bi 5.107264797247e+00 8.249059479282e+00 3.532095071834e+01 1 1 1 0.0 0.0 0.0
Bi 3.807014125289e+00 1.237790989357e+01 3.532095071834e+01 1 1 1 0.0 0.0 0.0
Bi 2.506763453332e+00 1.650676030785e+01 3.532095071834e+01 1 1 1 0.0 0.0 0.0
Bi 1.206512781375e+00 2.063561072213e+01 3.532095071834e+01 1 1 1 0.0 0.0 0.0
Bi 3.608364717633e+00 1.023571254286e+00 3.532095071834e+01 1 1 1 0.0 0.0 0.0
Bi 2.308114045676e+00 5.152421668570e+00 3.532095071834e+01 1 1 1 0.0 0.0 0.0
Bi 1.007863373719e+00 9.281272082853e+00 3.532095071834e+01 1 1 1 0.0 0.0 0.0
Bi 1.480496772391e+01 1.341012249714e+01 3.532095071834e+01 1 1 1 0.0 0.0 0.0
Bi 1.350471705196e+01 1.753897291142e+01 3.532095071834e+01 1 1 1 0.0 0.0 0.0
Bi 1.460631831626e+01 2.055783857857e+00 3.532095071834e+01 1 1 1 0.0 0.0 0.0
Bi 1.330606764430e+01 6.184634272140e+00 3.532095071834e+01 1 1 1 0.0 0.0 0.0
Bi 1.200581697234e+01 1.031348468642e+01 3.532095071834e+01 1 1 1 0.0 0.0 0.0
Bi 1.220446638000e+01 2.166782332570e+01 3.532095071834e+01 1 1 1 0.0 0.0 0.0
Bi 1.023586285014e+01 1.205317817625e+01 3.133430771007e+01 1 1 1 0.0 0.0 0.0
Bi 8.935612178187e+00 1.618202859054e+01 3.133430771007e+01 1 1 1 0.0 0.0 0.0
Bi 1.003721344249e+01 6.988395369732e-01 3.133430771007e+01 1 1 1 0.0 0.0 0.0
Bi 8.736962770530e+00 4.827689951257e+00 3.133430771007e+01 1 1 1 0.0 0.0 0.0
Bi 7.436712098573e+00 8.956540365540e+00 3.133430771007e+01 1 1 1 0.0 0.0 0.0
Bi 6.136461426616e+00 1.308539077982e+01 3.133430771007e+01 1 1 1 0.0 0.0 0.0
Bi 4.836210754659e+00 1.721424119411e+01 3.133430771007e+01 1 1 1 0.0 0.0 0.0
Bi 7.635361506229e+00 2.031087900482e+01 3.133430771007e+01 1 1 1 0.0 0.0 0.0
Bi 5.937812018960e+00 1.731052140544e+00 3.133430771007e+01 1 1 1 0.0 0.0 0.0
Bi 4.637561347003e+00 5.859902554827e+00 3.133430771007e+01 1 1 1 0.0 0.0 0.0
Bi 3.337310675046e+00 9.988752969111e+00 3.133430771007e+01 1 1 1 0.0 0.0 0.0
Bi 2.037060003089e+00 1.411760338339e+01 3.133430771007e+01 1 1 1 0.0 0.0 0.0
Bi 7.368093311317e-01 1.824645379768e+01 3.133430771007e+01 1 1 1 0.0 0.0 0.0
Bi 3.535960082702e+00 2.134309160839e+01 3.133430771007e+01 1 1 1 0.0 0.0 0.0
Bi 1.838410595433e+00 2.763264744115e+00 3.133430771007e+01 1 1 1 0.0 0.0 0.0
Bi 5.381599234755e-01 6.892115158398e+00 3.133430771007e+01 1 1 1 0.0 0.0 0.0
Bi 1.433526427367e+01 1.102096557268e+01 3.133430771007e+01 1 1 1 0.0 0.0 0.0
Bi 1.303501360171e+01 1.514981598697e+01 3.133430771007e+01 1 1 1 0.0 0.0 0.0
Bi 1.453391368133e+01 2.237530421196e+01 3.133430771007e+01 1 1 1 0.0 0.0 0.0
Bi 1.283636419406e+01 3.795477347686e+00 3.133430771007e+01 1 1 1 0.0 0.0 0.0
Bi 1.153611352210e+01 7.924327761969e+00 3.133430771007e+01 1 1 1 0.0 0.0 0.0
Bi 1.173476292976e+01 1.927866640125e+01 3.133430771007e+01 1 1 1 0.0 0.0 0.0
Bi 1.029679696457e+01 1.201953879302e+01 2.529282906773e+01 1 1 1 0.0 0.0 0.0
Bi 8.996546292609e+00 1.614838920730e+01 2.529282906773e+01 1 1 1 0.0 0.0 0.0
Bi 1.009814755691e+01 6.652001537369e-01 2.529282906773e+01 1 1 1 0.0 0.0 0.0
Bi 8.797896884953e+00 4.794050568020e+00 2.529282906773e+01 1 1 1 0.0 0.0 0.0
Bi 7.497646212995e+00 8.922900982304e+00 2.529282906773e+01 1 1 1 0.0 0.0 0.0
Bi 6.197395541038e+00 1.305175139659e+01 2.529282906773e+01 1 1 1 0.0 0.0 0.0
Bi 4.897144869081e+00 1.718060181087e+01 2.529282906773e+01 1 1 1 0.0 0.0 0.0
Bi 7.696295620652e+00 2.027723962158e+01 2.529282906773e+01 1 1 1 0.0 0.0 0.0
Bi 5.998746133382e+00 1.697412757308e+00 2.529282906773e+01 1 1 1 0.0 0.0 0.0
Bi 4.698495461425e+00 5.826263171591e+00 2.529282906773e+01 1 1 1 0.0 0.0 0.0
Bi 3.398244789468e+00 9.955113585875e+00 2.529282906773e+01 1 1 1 0.0 0.0 0.0
Bi 2.097994117511e+00 1.408396400016e+01 2.529282906773e+01 1 1 1 0.0 0.0 0.0
Bi 7.977434455539e-01 1.821281441444e+01 2.529282906773e+01 1 1 1 0.0 0.0 0.0
Bi 3.596894197124e+00 2.130945222515e+01 2.529282906773e+01 1 1 1 0.0 0.0 0.0
Bi 1.899344709855e+00 2.729625360879e+00 2.529282906773e+01 1 1 1 0.0 0.0 0.0
Bi 5.990940378977e-01 6.858475775162e+00 2.529282906773e+01 1 1 1 0.0 0.0 0.0
Bi 1.439619838809e+01 1.098732618945e+01 2.529282906773e+01 1 1 1 0.0 0.0 0.0
Bi 1.309594771614e+01 1.511617660373e+01 2.529282906773e+01 1 1 1 0.0 0.0 0.0
Bi 1.459484779575e+01 2.234166482872e+01 2.529282906773e+01 1 1 1 0.0 0.0 0.0
Bi 1.289729830848e+01 3.761837964449e+00 2.529282906773e+01 1 1 1 0.0 0.0 0.0
Bi 1.159704763652e+01 7.890688378733e+00 2.529282906773e+01 1 1 1 0.0 0.0 0.0
Bi 1.179569704418e+01 1.924502701801e+01 2.529282906773e+01 1 1 1 0.0 0.0 0.0
Bi 1.130214117004e+01 1.685760515328e+01 2.132110864621e+01 1 1 1 0.0 0.0 0.0
Bi 1.000189049808e+01 2.098645556756e+01 2.132110864621e+01 1 1 1 0.0 0.0 0.0
Bi 1.110349176238e+01 5.503266514001e+00 2.132110864621e+01 1 1 1 0.0 0.0 0.0
Bi 9.803241090426e+00 9.632116928285e+00 2.132110864621e+01 1 1 1 0.0 0.0 0.0
Bi 8.502990418469e+00 1.376096734257e+01 2.132110864621e+01 1 1 1 0.0 0.0 0.0
Bi 7.202739746512e+00 1.788981775685e+01 2.132110864621e+01 1 1 1 0.0 0.0 0.0
Bi 5.902489074555e+00 2.201866817114e+01 2.132110864621e+01 1 1 1 0.0 0.0 0.0
Bi 8.304341010813e+00 2.406628703289e+00 2.132110864621e+01 1 1 1 0.0 0.0 0.0
Bi 7.004090338856e+00 6.535479117572e+00 2.132110864621e+01 1 1 1 0.0 0.0 0.0
Bi 5.703839666899e+00 1.066432953186e+01 2.132110864621e+01 1 1 1 0.0 0.0 0.0
Bi 4.403588994942e+00 1.479317994614e+01 2.132110864621e+01 1 1 1 0.0 0.0 0.0
Bi 3.103338322984e+00 1.892203036042e+01 2.132110864621e+01 1 1 1 0.0 0.0 0.0
Bi 1.405788835715e+00 3.422034961472e-01 2.132110864621e+01 1 1 1 0.0 0.0 0.0
Bi 4.204939587285e+00 3.438841306860e+00 2.132110864621e+01 1 1 1 0.0 0.0 0.0
Bi 2.904688915328e+00 7.567691721143e+00 2.132110864621e+01 1 1 1 0.0 0.0 0.0
Bi 1.604438243371e+00 1.169654213543e+01 2.132110864621e+01 1 1 1 0.0 0.0 0.0
Bi 3.041875714141e-01 1.582539254971e+01 2.132110864621e+01 1 1 1 0.0 0.0 0.0
Bi 1.410129192161e+01 1.995424296399e+01 2.132110864621e+01 1 1 1 0.0 0.0 0.0
Bi 1.055381637579e-01 4.471053910431e+00 2.132110864621e+01 1 1 1 0.0 0.0 0.0
Bi 1.390264251395e+01 8.599904324714e+00 2.132110864621e+01 1 1 1 0.0 0.0 0.0
Bi 1.260239184200e+01 1.272875473900e+01 2.132110864621e+01 1 1 1 0.0 0.0 0.0
Bi 1.240374243434e+01 1.374416099718e+00 2.132110864621e+01 1 1 1 0.0 0.0 0.0
Se 9.551252018026e+00 6.442761641187e-01 7.500000000000e+00 1 1 1 0.0 0.0 0.0
Se 1.233234373254e+01 2.708701371260e+00 7.500000000000e+00 1 1 1 0.0 0.0 0.0
Se 3.989068587784e+00 2.266481170696e+01 7.500000000000e+00 1 1 1 0.0 0.0 0.0
Se 6.372861486983e+00 2.020559635547e+00 7.500000000000e+00 1 1 1 0.0 0.0 0.0
Se 9.153953201493e+00 4.084984842688e+00 7.500000000000e+00 1 1 1 0.0 0.0 0.0
Se 1.193504491600e+01 6.149410049830e+00 7.500000000000e+00 1 1 1 0.0 0.0 0.0
Se 1.312694136438e+01 2.197666997125e+01 7.500000000000e+00 1 1 1 0.0 0.0 0.0
Se 4.133792414281e-01 1.332417899833e+00 7.500000000000e+00 1 1 1 0.0 0.0 0.0
Se 3.194470955939e+00 3.396843106974e+00 7.500000000000e+00 1 1 1 0.0 0.0 0.0
Se 5.975562670449e+00 5.461268314116e+00 7.500000000000e+00 1 1 1 0.0 0.0 0.0
Se 8.756654384960e+00 7.525693521258e+00 7.500000000000e+00 1 1 1 0.0 0.0 0.0
Se 1.153774609947e+01 9.590118728399e+00 7.500000000000e+00 1 1 1 0.0 0.0 0.0
Se 1.511343544705e+01 4.773126578402e+00 7.500000000000e+00 1 1 1 0.0 0.0 0.0
Se 2.797172139406e+00 6.837551785544e+00 7.500000000000e+00 1 1 1 0.0 0.0 0.0
Se 5.578263853916e+00 8.901976992686e+00 7.500000000000e+00 1 1 1 0.0 0.0 0.0
Se 8.359355568427e+00 1.096640219983e+01 7.500000000000e+00 1 1 1 0.0 0.0 0.0
Se 1.114044728294e+01 1.303082740697e+01 7.500000000000e+00 1 1 1 0.0 0.0 0.0
Se 1.471613663051e+01 8.213835256972e+00 7.500000000000e+00 1 1 1 0.0 0.0 0.0
Se 2.399873322873e+00 1.027826046411e+01 7.500000000000e+00 1 1 1 0.0 0.0 0.0
Se 5.180965037383e+00 1.234268567126e+01 7.500000000000e+00 1 1 1 0.0 0.0 0.0
Se 7.962056751894e+00 1.440711087840e+01 7.500000000000e+00 1 1 1 0.0 0.0 0.0
Se 1.074314846640e+01 1.647153608554e+01 7.500000000000e+00 1 1 1 0.0 0.0 0.0
Se 1.431883781398e+01 1.165454393554e+01 7.500000000000e+00 1 1 1 0.0 0.0 0.0
Se 2.002574506340e+00 1.371896914268e+01 7.500000000000e+00 1 1 1 0.0 0.0 0.0
Se 4.783666220850e+00 1.578339434982e+01 7.500000000000e+00 1 1 1 0.0 0.0 0.0
Se 7.564757935361e+00 1.784781955697e+01 7.500000000000e+00 1 1 1 0.0 0.0 0.0
Se 1.034584964987e+01 1.991224476411e+01 7.500000000000e+00 1 1 1 0.0 0.0 0.0
Se 1.392153899745e+01 1.509525261411e+01 7.500000000000e+00 1 1 1 0.0 0.0 0.0
Se 1.605275689807e+00 1.715967782125e+01 7.500000000000e+00 1 1 1 0.0 0.0 0.0
Se 4.386367404317e+00 1.922410302839e+01 7.500000000000e+00 1 1 1 0.0 0.0 0.0
Se 7.167459118828e+00 2.128852823554e+01 7.500000000000e+00 1 1 1 0.0 0.0 0.0
Se 1.352424018092e+01 1.853596129268e+01 7.500000000000e+00 1 1 1 0.0 0.0 0.0
Se 1.207976873274e+00 2.060038649982e+01 7.500000000000e+00 1 1 1 0.0 0.0 0.0
Se 1.154305425699e+01 8.651493657586e-01 1.364602824434e+01 1 1 1 0.0 0.0 0.0
Se 1.432414597150e+01 2.929574572900e+00 1.364602824434e+01 1 1 1 0.0 0.0 0.0
Se 5.583572011439e+00 1.770076300447e-01 1.364602824434e+01 1 1 1 0.0 0.0 0.0
Se 8.364663725949e+00 2.241432837186e+00 1.364602824434e+01 1 1 1 0.0 0.0 0.0
Se 1.114575544046e+01 4.305858044328e+00 1.364602824434e+01 1 1 1 0.0 0.0 0.0
Se 1.392684715497e+01 6.370283251470e+00 1.364602824434e+01 1 1 1 0.0 0.0 0.0
Se 1.511874360335e+01 2.219754317289e+01 1.364602824434e+01 1 1 1 0.0 0.0 0.0
Se 2.405181480395e+00 1.553291101472e+00 1.364602824434e+01 1 1 1 0.0 0.0 0.0
Se 5.186273194906e+00 3.617716308614e+00 1.364602824434e+01 1 1 1 0.0 0.0 0.0
Se 7.967364909416e+00 5.682141515756e+00 1.364602824434e+01 1 1 1 0.0 0.0 0.0
Se 1.074845662393e+01 7.746566722898e+00 1.364602824434e+01 1 1 1 0.0 0.0 0.0
Se 1.352954833844e+01 9.810991930039e+00 1.364602824434e+01 1 1 1 0.0 0.0 0.0
Se 2.007882663862e+00 4.993999780042e+00 1.364602824434e+01 1 1 1 0.0 0.0 0.0
Se 4.788974378372e+00 7.058424987184e+00 1.364602824434e+01 1 1 1 0.0 0.0 0.0
Se 7.570066092883e+00 9.122850194325e+00 1.364602824434e+01 1 1 1 0.0 0.0 0.0
Se 1.035115780739e+01 1.118727540147e+01 1.364602824434e+01 1 1 1 0.0 0.0 0.0
Se 1.313224952190e+01 1.325170060861e+01 1.364602824434e+01 1 1 1 0.0 0.0 0.0
Se 1.610583847329e+00 8.434708458611e+00 1.364602824434e+01 1 1 1 0.0 0.0 0.0
Se 4.391675561839e+00 1.049913366575e+01 1.364602824434e+01 1 1 1 0.0 0.0 0.0
Se 7.172767276350e+00 1.256355887289e+01 1.364602824434e+01 1 1 1 0.0 0.0 0.0
Se 9.953858990861e+00 1.462798408004e+01 1.364602824434e+01 1 1 1 0.0 0.0 0.0
Se 1.273495070537e+01 1.669240928718e+01 1.364602824434e+01 1 1 1 0.0 0.0 0.0
Se 1.213285030796e+00 1.187541713718e+01 1.364602824434e+01 1 1 1 0.0 0.0 0.0
Se 3.994376745306e+00 1.393984234432e+01 1.364602824434e+01 1 1 1 0.0 0.0 0.0
Se 6.775468459817e+00 1.600426755146e+01 1.364602824434e+01 1 1 1 0.0 0.0 0.0
Se 9.556560174328e+00 1.806869275861e+01 1.364602824434e+01 1 1 1 0.0 0.0 0.0
Se 1.233765188884e+01 2.013311796575e+01 1.364602824434e+01 1 1 1 0.0 0.0 0.0
Se 8.159862142627e-01 1.531612581575e+01 1.364602824434e+01 1 1 1 0.0 0.0 0.0
Se 3.597077928773e+00 1.738055102289e+01 1.364602824434e+01 1 1 1 0.0 0.0 0.0
Se 6.378169643284e+00 1.944497623003e+01 1.364602824434e+01 1 1 1 0.0 0.0 0.0
Se 9.159261357795e+00 2.150940143718e+01 1.364602824434e+01 1 1 1 0.0 0.0 0.0
Se 4.186873977297e-01 1.875683449432e+01 1.364602824434e+01 1 1 1 0.0 0.0 0.0
Se 3.199779112240e+00 2.082125970146e+01 1.364602824434e+01 1 1 1 0.0 0.0 0.0
Se 9.552113549007e+00 6.436312162321e-01 1.086443756309e+01 1 1 1 0.0 0.0 0.0
Se 1.233320526352e+01 2.708056423374e+00 1.086443756309e+01 1 1 1 0.0 0.0 0.0
Se 3.989930118765e+00 2.266416675908e+01 1.086443756309e+01 1 1 1 0.0 0.0 0.0
Se 6.373723017963e+00 2.019914687660e+00 1.086443756309e+01 1 1 1 0.0 0.0 0.0
Se 9.154814732473e+00 4.084339894802e+00 1.086443756309e+01 1 1 1 0.0 0.0 0.0
Se 1.193590644698e+01 6.148765101943e+00 1.086443756309e+01 1 1 1 0.0 0.0 0.0
Se 1.312780289536e+01 2.197602502336e+01 1.086443756309e+01 1 1 1 0.0 0.0 0.0
Se 4.142407724084e-01 1.331772951946e+00 1.086443756309e+01 1 1 1 0.0 0.0 0.0
Se 3.195332486919e+00 3.396198159088e+00 1.086443756309e+01 1 1 1 0.0 0.0 0.0
Se 5.976424201430e+00 5.460623366229e+00 1.086443756309e+01 1 1 1 0.0 0.0 0.0
Se 8.757515915940e+00 7.525048573371e+00 1.086443756309e+01 1 1 1 0.0 0.0 0.0
Se 1.153860763045e+01 9.589473780513e+00 1.086443756309e+01 1 1 1 0.0 0.0 0.0
Se 1.511429697803e+01 4.772481630516e+00 1.086443756309e+01 1 1 1 0.0 0.0 0.0
Se 2.798033670386e+00 6.836906837657e+00 1.086443756309e+01 1 1 1 0.0 0.0 0.0
Se 5.579125384897e+00 8.901332044799e+00 1.086443756309e+01 1 1 1 0.0 0.0 0.0
Se 8.360217099407e+00 1.096575725194e+01 1.086443756309e+01 1 1 1 0.0 0.0 0.0
Se 1.114130881392e+01 1.303018245908e+01 1.086443756309e+01 1 1 1 0.0 0.0 0.0
Se 1.471699816149e+01 8.213190309085e+00 1.086443756309e+01 1 1 1 0.0 0.0 0.0
Se 2.400734853853e+00 1.027761551623e+01 1.086443756309e+01 1 1 1 0.0 0.0 0.0
Se 5.181826568364e+00 1.234204072337e+01 1.086443756309e+01 1 1 1 0.0 0.0 0.0
Se 7.962918282874e+00 1.440646593051e+01 1.086443756309e+01 1 1 1 0.0 0.0 0.0
Se 1.074400999739e+01 1.647089113765e+01 1.086443756309e+01 1 1 1 0.0 0.0 0.0
Se 1.431969934496e+01 1.165389898765e+01 1.086443756309e+01 1 1 1 0.0 0.0 0.0
Se 2.003436037320e+00 1.371832419480e+01 1.086443756309e+01 1 1 1 0.0 0.0 0.0
Se 4.784527751831e+00 1.578274940194e+01 1.086443756309e+01 1 1 1 0.0 0.0 0.0
Se 7.565619466341e+00 1.784717460908e+01 1.086443756309e+01 1 1 1 0.0 0.0 0.0
Se 1.034671118085e+01 1.991159981622e+01 1.086443756309e+01 1 1 1 0.0 0.0 0.0
Se 1.392240052843e+01 1.509460766622e+01 1.086443756309e+01 1 1 1 0.0 0.0 0.0
Se 1.606137220787e+00 1.715903287337e+01 1.086443756309e+01 1 1 1 0.0 0.0 0.0
Se 4.387228935298e+00 1.922345808051e+01 1.086443756309e+01 1 1 1 0.0 0.0 0.0
Se 7.168320649808e+00 2.128788328765e+01 1.086443756309e+01 1 1 1 0.0 0.0 0.0
Se 1.352510171190e+01 1.853531634479e+01 1.086443756309e+01 1 1 1 0.0 0.0 0.0
Se 1.208838404254e+00 2.059974155194e+01 1.086443756309e+01 1 1 1 0.0 0.0 0.0
Se 1.154399637093e+01 8.646680099510e-01 1.701046802998e+01 1 1 1 0.0 0.0 0.0
Se 1.432508808544e+01 2.929093217093e+00 1.701046802998e+01 1 1 1 0.0 0.0 0.0
Se 5.584514125379e+00 1.765262742371e-01 1.701046802998e+01 1 1 1 0.0 0.0 0.0
Se 8.365605839890e+00 2.240951481379e+00 1.701046802998e+01 1 1 1 0.0 0.0 0.0
Se 1.114669755440e+01 4.305376688521e+00 1.701046802998e+01 1 1 1 0.0 0.0 0.0
Se 1.392778926891e+01 6.369801895662e+00 1.701046802998e+01 1 1 1 0.0 0.0 0.0
Se 1.511968571729e+01 2.219706181708e+01 1.701046802998e+01 1 1 1 0.0 0.0 0.0
Se 2.406123594336e+00 1.552809745665e+00 1.701046802998e+01 1 1 1 0.0 0.0 0.0
Se 5.187215308846e+00 3.617234952807e+00 1.701046802998e+01 1 1 1 0.0 0.0 0.0
Se 7.968307023357e+00 5.681660159948e+00 1.701046802998e+01 1 1 1 0.0 0.0 0.0
Se 1.074939873787e+01 7.746085367090e+00 1.701046802998e+01 1 1 1 0.0 0.0 0.0
Se 1.353049045238e+01 9.810510574232e+00 1.701046802998e+01 1 1 1 0.0 0.0 0.0
Se 2.008824777803e+00 4.993518424234e+00 1.701046802998e+01 1 1 1 0.0 0.0 0.0
Se 4.789916492313e+00 7.057943631376e+00 1.701046802998e+01 1 1 1 0.0 0.0 0.0
Se 7.571008206824e+00 9.122368838518e+00 1.701046802998e+01 1 1 1 0.0 0.0 0.0
Se 1.035209992133e+01 1.118679404566e+01 1.701046802998e+01 1 1 1 0.0 0.0 0.0
Se 1.313319163585e+01 1.325121925280e+01 1.701046802998e+01 1 1 1 0.0 0.0 0.0
Se 1.611525961270e+00 8.434227102804e+00 1.701046802998e+01 1 1 1 0.0 0.0 0.0
Se 4.392617675780e+00 1.049865230995e+01 1.701046802998e+01 1 1 1 0.0 0.0 0.0
Se 7.173709390291e+00 1.256307751709e+01 1.701046802998e+01 1 1 1 0.0 0.0 0.0
Se 9.954801104802e+00 1.462750272423e+01 1.701046802998e+01 1 1 1 0.0 0.0 0.0
Se 1.273589281931e+01 1.669192793137e+01 1.701046802998e+01 1 1 1 0.0 0.0 0.0
Se 1.214227144737e+00 1.187493578137e+01 1.701046802998e+01 1 1 1 0.0 0.0 0.0
Se 3.995318859247e+00 1.393936098852e+01 1.701046802998e+01 1 1 1 0.0 0.0 0.0
Se 6.776410573758e+00 1.600378619566e+01 1.701046802998e+01 1 1 1 0.0 0.0 0.0
Se 9.557502288269e+00 1.806821140280e+01 1.701046802998e+01 1 1 1 0.0 0.0 0.0
Se 1.233859400278e+01 2.013263660994e+01 1.701046802998e+01 1 1 1 0.0 0.0 0.0
Se 8.169283282035e-01 1.531564445994e+01 1.701046802998e+01 1 1 1 0.0 0.0 0.0
Se 3.598020042714e+00 1.738006966708e+01 1.701046802998e+01 1 1 1 0.0 0.0 0.0
Se 6.379111757225e+00 1.944449487423e+01 1.701046802998e+01 1 1 1 0.0 0.0 0.0
Se 9.160203471736e+00 2.150892008137e+01 1.701046802998e+01 1 1 1 0.0 0.0 0.0
Se 4.196295116705e-01 1.875635313851e+01 1.701046802998e+01 1 1 1 0.0 0.0 0.0
Se 3.200721226181e+00 2.082077834565e+01 1.701046802998e+01 1 1 1 0.0 0.0 0.0
Se 1.020390509458e+01 1.202163553687e+01 3.696241589303e+01 1 1 1 0.0 0.0 0.0
Se 8.903654422619e+00 1.615048595115e+01 3.696241589303e+01 1 1 1 0.0 0.0 0.0
Se 1.000525568692e+01 6.672968975892e-01 3.696241589303e+01 1 1 1 0.0 0.0 0.0
Se 8.705005014963e+00 4.796147311873e+00 3.696241589303e+01 1 1 1 0.0 0.0 0.0
Se 7.404754343006e+00 8.924997726156e+00 3.696241589303e+01 1 1 1 0.0 0.0 0.0
Se 6.104503671049e+00 1.305384814044e+01 3.696241589303e+01 1 1 1 0.0 0.0 0.0
Se 4.804252999092e+00 1.718269855472e+01 3.696241589303e+01 1 1 1 0.0 0.0 0.0
Se 7.603403750662e+00 2.027933636544e+01 3.696241589303e+01 1 1 1 0.0 0.0 0.0
Se 5.905854263393e+00 1.699509501160e+00 3.696241589303e+01 1 1 1 0.0 0.0 0.0
Se 4.605603591436e+00 5.828359915443e+00 3.696241589303e+01 1 1 1 0.0 0.0 0.0
Se 3.305352919479e+00 9.957210329727e+00 3.696241589303e+01 1 1 1 0.0 0.0 0.0
Se 2.005102247522e+00 1.408606074401e+01 3.696241589303e+01 1 1 1 0.0 0.0 0.0
Se 7.048515755646e-01 1.821491115829e+01 3.696241589303e+01 1 1 1 0.0 0.0 0.0
Se 3.504002327135e+00 2.131154896901e+01 3.696241589303e+01 1 1 1 0.0 0.0 0.0
Se 1.806452839865e+00 2.731722104731e+00 3.696241589303e+01 1 1 1 0.0 0.0 0.0
Se 5.062021679084e-01 6.860572519014e+00 3.696241589303e+01 1 1 1 0.0 0.0 0.0
Se 1.430330651810e+01 1.098942293330e+01 3.696241589303e+01 1 1 1 0.0 0.0 0.0
Se 1.300305584615e+01 1.511827334758e+01 3.696241589303e+01 1 1 1 0.0 0.0 0.0
Se 1.450195592576e+01 2.234376157258e+01 3.696241589303e+01 1 1 1 0.0 0.0 0.0
Se 1.280440643849e+01 3.763934708302e+00 3.696241589303e+01 1 1 1 0.0 0.0 0.0
Se 1.150415576653e+01 7.892785122585e+00 3.696241589303e+01 1 1 1 0.0 0.0 0.0
Se 1.170280517419e+01 1.924712376186e+01 3.696241589303e+01 1 1 1 0.0 0.0 0.0
Se 1.121666337016e+01 1.687407952416e+01 3.332483142763e+01 1 1 1 0.0 0.0 0.0
Se 9.916412698202e+00 2.100292993845e+01 3.332483142763e+01 1 1 1 0.0 0.0 0.0
Se 1.101801396250e+01 5.519740884883e+00 3.332483142763e+01 1 1 1 0.0 0.0 0.0
Se 9.717763290545e+00 9.648591299166e+00 3.332483142763e+01 1 1 1 0.0 0.0 0.0
Se 8.417512618588e+00 1.377744171345e+01 3.332483142763e+01 1 1 1 0.0 0.0 0.0
Se 7.117261946631e+00 1.790629212773e+01 3.332483142763e+01 1 1 1 0.0 0.0 0.0
Se 5.817011274674e+00 2.203514254202e+01 3.332483142763e+01 1 1 1 0.0 0.0 0.0
Se 8.218863210932e+00 2.423103074170e+00 3.332483142763e+01 1 1 1 0.0 0.0 0.0
Se 6.918612538975e+00 6.551953488454e+00 3.332483142763e+01 1 1 1 0.0 0.0 0.0
Se 5.618361867018e+00 1.068080390274e+01 3.332483142763e+01 1 1 1 0.0 0.0 0.0
Se 4.318111195061e+00 1.480965431702e+01 3.332483142763e+01 1 1 1 0.0 0.0 0.0
Se 3.017860523104e+00 1.893850473130e+01 3.332483142763e+01 1 1 1 0.0 0.0 0.0
Se 1.320311035834e+00 3.586778670287e-01 3.332483142763e+01 1 1 1 0.0 0.0 0.0
Se 4.119461787405e+00 3.455315677741e+00 3.332483142763e+01 1 1 1 0.0 0.0 0.0
Se 2.819211115448e+00 7.584166092025e+00 3.332483142763e+01 1 1 1 0.0 0.0 0.0
Se 1.518960443491e+00 1.171301650631e+01 3.332483142763e+01 1 1 1 0.0 0.0 0.0
Se 1.531606479369e+01 1.584186692059e+01 3.332483142763e+01 1 1 1 0.0 0.0 0.0
Se 1.401581412173e+01 1.997071733487e+01 3.332483142763e+01 1 1 1 0.0 0.0 0.0
Se 1.511741538603e+01 4.487528281312e+00 3.332483142763e+01 1 1 1 0.0 0.0 0.0
Se 1.381716471407e+01 8.616378695595e+00 3.332483142763e+01 1 1 1 0.0 0.0 0.0
Se 1.251691404212e+01 1.274522910988e+01 3.332483142763e+01 1 1 1 0.0 0.0 0.0
Se 1.231826463446e+01 1.390890470600e+00 3.332483142763e+01 1 1 1 0.0 0.0 0.0
Se 1.072373286678e+01 1.445384347970e+01 2.969131231352e+01 1 1 1 0.0 0.0 0.0
Se 9.423482194822e+00 1.858269389398e+01 2.969131231352e+01 1 1 1 0.0 0.0 0.0
Se 1.052508345912e+01 3.099504840419e+00 2.969131231352e+01 1 1 1 0.0 0.0 0.0
Se 9.224832787166e+00 7.228355254702e+00 2.969131231352e+01 1 1 1 0.0 0.0 0.0
Se 7.924582115209e+00 1.135720566899e+01 2.969131231352e+01 1 1 1 0.0 0.0 0.0
Se 6.624331443252e+00 1.548605608327e+01 2.969131231352e+01 1 1 1 0.0 0.0 0.0
Se 5.324080771295e+00 1.961490649755e+01 2.969131231352e+01 1 1 1 0.0 0.0 0.0
Se 7.725932707553e+00 2.867029706252e-03 2.969131231352e+01 1 1 1 0.0 0.0 0.0
Se 6.425682035596e+00 4.131717443990e+00 2.969131231352e+01 1 1 1 0.0 0.0 0.0
Se 5.125431363639e+00 8.260567858273e+00 2.969131231352e+01 1 1 1 0.0 0.0 0.0
Se 3.825180691682e+00 1.238941827256e+01 2.969131231352e+01 1 1 1 0.0 0.0 0.0
Se 2.524930019724e+00 1.651826868684e+01 2.969131231352e+01 1 1 1 0.0 0.0 0.0
Se 1.224679347767e+00 2.064711910112e+01 2.969131231352e+01 1 1 1 0.0 0.0 0.0
Se 3.626531284025e+00 1.035079633277e+00 2.969131231352e+01 1 1 1 0.0 0.0 0.0
Se 2.326280612068e+00 5.163930047561e+00 2.969131231352e+01 1 1 1 0.0 0.0 0.0
Se 1.026029940111e+00 9.292780461844e+00 2.969131231352e+01 1 1 1 0.0 0.0 0.0
Se 1.482313429031e+01 1.342163087613e+01 2.969131231352e+01 1 1 1 0.0 0.0 0.0
Se 1.352288361835e+01 1.755048129041e+01 2.969131231352e+01 1 1 1 0.0 0.0 0.0
Se 1.462448488265e+01 2.067292236848e+00 2.969131231352e+01 1 1 1 0.0 0.0 0.0
Se 1.332423421069e+01 6.196142651131e+00 2.969131231352e+01 1 1 1 0.0 0.0 0.0
Se 1.202398353874e+01 1.032499306541e+01 2.969131231352e+01 1 1 1 0.0 0.0 0.0
Se 1.222263294639e+01 2.167933170469e+01 2.969131231352e+01 1 1 1 0.0 0.0 0.0
Se 1.129849972166e+01 1.685983713300e+01 2.692457590224e+01 1 1 1 0.0 0.0 0.0
Se 9.998249049707e+00 2.098868754729e+01 2.692457590224e+01 1 1 1 0.0 0.0 0.0
Se 1.109985031401e+01 5.505498493725e+00 2.692457590224e+01 1 1 1 0.0 0.0 0.0
Se 9.799599642051e+00 9.634348908009e+00 2.692457590224e+01 1 1 1 0.0 0.0 0.0
Se 8.499348970094e+00 1.376319932229e+01 2.692457590224e+01 1 1 1 0.0 0.0 0.0
Se 7.199098298137e+00 1.789204973658e+01 2.692457590224e+01 1 1 1 0.0 0.0 0.0
Se 5.898847626180e+00 2.202090015086e+01 2.692457590224e+01 1 1 1 0.0 0.0 0.0
Se 8.300699562438e+00 2.408860683013e+00 2.692457590224e+01 1 1 1 0.0 0.0 0.0
Se 7.000448890481e+00 6.537711097296e+00 2.692457590224e+01 1 1 1 0.0 0.0 0.0
Se 5.700198218524e+00 1.066656151158e+01 2.692457590224e+01 1 1 1 0.0 0.0 0.0
Se 4.399947546567e+00 1.479541192586e+01 2.692457590224e+01 1 1 1 0.0 0.0 0.0
Se 3.099696874610e+00 1.892426234015e+01 2.692457590224e+01 1 1 1 0.0 0.0 0.0
Se 1.402147387340e+00 3.444354758709e-01 2.692457590224e+01 1 1 1 0.0 0.0 0.0
Se 4.201298138910e+00 3.441073286583e+00 2.692457590224e+01 1 1 1 0.0 0.0 0.0
Se 2.901047466953e+00 7.569923700867e+00 2.692457590224e+01 1 1 1 0.0 0.0 0.0
Se 1.600796794996e+00 1.169877411515e+01 2.692457590224e+01 1 1 1 0.0 0.0 0.0
Se 3.005461230392e-01 1.582762452943e+01 2.692457590224e+01 1 1 1 0.0 0.0 0.0
Se 1.409765047323e+01 1.995647494372e+01 2.692457590224e+01 1 1 1 0.0 0.0 0.0
Se 1.018967153830e-01 4.473285890154e+00 2.692457590224e+01 1 1 1 0.0 0.0 0.0
Se 1.389900106558e+01 8.602136304438e+00 2.692457590224e+01 1 1 1 0.0 0.0 0.0
Se 1.259875039362e+01 1.273098671872e+01 2.692457590224e+01 1 1 1 0.0 0.0 0.0
Se 1.240010098597e+01 1.376648079442e+00 2.692457590224e+01 1 1 1 0.0 0.0 0.0
Se 1.080369567678e+01 1.443144556114e+01 2.330671355540e+01 1 1 1 0.0 0.0 0.0
Se 9.503445004822e+00 1.856029597543e+01 2.330671355540e+01 1 1 1 0.0 0.0 0.0
Se 1.060504626912e+01 3.077106921865e+00 2.330671355540e+01 1 1 1 0.0 0.0 0.0
Se 9.304795597166e+00 7.205957336148e+00 2.330671355540e+01 1 1 1 0.0 0.0 0.0
Se 8.004544925209e+00 1.133480775043e+01 2.330671355540e+01 1 1 1 0.0 0.0 0.0
Se 6.704294253252e+00 1.546365816471e+01 2.330671355540e+01 1 1 1 0.0 0.0 0.0
Se 5.404043581295e+00 1.959250857900e+01 2.330671355540e+01 1 1 1 0.0 0.0 0.0
Se 8.203194332865e+00 2.268914638971e+01 2.330671355540e+01 1 1 1 0.0 0.0 0.0
Se 6.505644845595e+00 4.109319525436e+00 2.330671355540e+01 1 1 1 0.0 0.0 0.0
Se 5.205394173638e+00 8.238169939719e+00 2.330671355540e+01 1 1 1 0.0 0.0 0.0
Se 3.905143501681e+00 1.236702035400e+01 2.330671355540e+01 1 1 1 0.0 0.0 0.0
Se 2.604892829724e+00 1.649587076829e+01 2.330671355540e+01 1 1 1 0.0 0.0 0.0
Se 1.304642157767e+00 2.062472118257e+01 2.330671355540e+01 1 1 1 0.0 0.0 0.0
Se 3.706494094025e+00 1.012681714723e+00 2.330671355540e+01 1 1 1 0.0 0.0 0.0
Se 2.406243422068e+00 5.141532129006e+00 2.330671355540e+01 1 1 1 0.0 0.0 0.0
Se 1.105992750111e+00 9.270382543290e+00 2.330671355540e+01 1 1 1 0.0 0.0 0.0
Se 1.490309710031e+01 1.339923295757e+01 2.330671355540e+01 1 1 1 0.0 0.0 0.0
Se 1.360284642835e+01 1.752808337186e+01 2.330671355540e+01 1 1 1 0.0 0.0 0.0
Se 1.470444769265e+01 2.044894318294e+00 2.330671355540e+01 1 1 1 0.0 0.0 0.0
Se 1.340419702069e+01 6.173744732577e+00 2.330671355540e+01 1 1 1 0.0 0.0 0.0
Se 1.210394634874e+01 1.030259514686e+01 2.330671355540e+01 1 1 1 0.0 0.0 0.0
Se 1.230259575639e+01 2.165693378614e+01 2.330671355540e+01 1 1 1 0.0 0.0 0.0
Se 1.029572889614e+01 1.201171555587e+01 1.968357859229e+01 1 1 1 0.0 0.0 0.0
Se 8.995478224181e+00 1.614056597015e+01 1.968357859229e+01 1 1 1 0.0 0.0 0.0
Se 1.009707948848e+01 6.573769165865e-01 1.968357859229e+01 1 1 1 0.0 0.0 0.0
Se 8.796828816524e+00 4.786227330870e+00 1.968357859229e+01 1 1 1 0.0 0.0 0.0
Se 7.496578144567e+00 8.915077745153e+00 1.968357859229e+01 1 1 1 0.0 0.0 0.0
Se 6.196327472610e+00 1.304392815944e+01 1.968357859229e+01 1 1 1 0.0 0.0 0.0
Se 4.896076800653e+00 1.717277857372e+01 1.968357859229e+01 1 1 1 0.0 0.0 0.0
Se 7.695227552224e+00 2.026941638443e+01 1.968357859229e+01 1 1 1 0.0 0.0 0.0
Se 5.997678064954e+00 1.689589520157e+00 1.968357859229e+01 1 1 1 0.0 0.0 0.0
Se 4.697427392997e+00 5.818439934441e+00 1.968357859229e+01 1 1 1 0.0 0.0 0.0
Se 3.397176721040e+00 9.947290348724e+00 1.968357859229e+01 1 1 1 0.0 0.0 0.0
Se 2.096926049083e+00 1.407614076301e+01 1.968357859229e+01 1 1 1 0.0 0.0 0.0
Se 7.966753771258e-01 1.820499117729e+01 1.968357859229e+01 1 1 1 0.0 0.0 0.0
Se 3.595826128696e+00 2.130162898800e+01 1.968357859229e+01 1 1 1 0.0 0.0 0.0
Se 1.898276641427e+00 2.721802123728e+00 1.968357859229e+01 1 1 1 0.0 0.0 0.0
Se 5.980259694696e-01 6.850652538012e+00 1.968357859229e+01 1 1 1 0.0 0.0 0.0
Se 1.439513031967e+01 1.097950295230e+01 1.968357859229e+01 1 1 1 0.0 0.0 0.0
Se 1.309487964771e+01 1.510835336658e+01 1.968357859229e+01 1 1 1 0.0 0.0 0.0
Se 1.459377972732e+01 2.233384159157e+01 1.968357859229e+01 1 1 1 0.0 0.0 0.0
Se 1.289623024005e+01 3.754014727299e+00 1.968357859229e+01 1 1 1 0.0 0.0 0.0
Se 1.159597956809e+01 7.882865141582e+00 1.968357859229e+01 1 1 1 0.0 0.0 0.0
Se 1.179462897575e+01 1.923720378086e+01 1.968357859229e+01 1 1 1 0.0 0.0 0.0
"