calculation_mode = "Quench Electrons"
cell_relax = "False"
charge_density_mixing = "0.1"
charge_mixing_type = "Broyden"
description = "Example parameters for high-throughput bulk relaxation of a vdW material"
dos_broading = "0.05"
dos_method = "Gaussian"
energy_convergence_criterion = "1e-10"
energy_output_units = "Hartrees"
kohn_sham_mucycles = "3"
kohn_sham_solver = "davidson"
kpoint_mesh = "1 1 1"
localize_projectors = "False"
max_md_steps = "100"
max_scf_steps = "200"
non_local_block_size = "4000"
potential_acceleration_constant_step = "1.5"
processor_grid = "6 8 17"
rms_convergence_criterion = "1e-08"
scalapack_block_factor = "64"
start_mode = "LCAO Start"
state_block_size = "64"
stress = "True"
subdiag_driver = "scalapack"
use_async_allreduce = "False"
vdw_corr = "DFT-D3"
vdwdf_kernel_filepath = "/lustre/orion/world-shared/cph162/rjmorelock/rmgdft/XC/vdW_kernel_table"
wavefunction_grid = "128 180 378"
write_data_period = "50"

atomic_coordinate_type = "Absolute"
crds_units = "Angstrom"
lattice_units = "Angstrom"

lattice_vector = "
1.509735502196e+01 0.000000000000e+00 9.000000000000e-16
6.754079879469e+00 1.995611033596e+01 1.300000000000e-15
0.000000000000e+00 0.000000000000e+00 4.446241589303e+01
"
atoms = "
Nb 1.505772585601e+01 1.532206122918e+01 1.532833092694e+01 1 1 1 0.0 0.0 0.0
Nb 1.823611638686e+01 1.394577775774e+01 1.532833092694e+01 1 1 1 0.0 0.0 0.0
Nb 9.098243610454e+00 1.463391949346e+01 1.532833092694e+01 1 1 1 0.0 0.0 0.0
Nb 1.227663414131e+01 1.325763602201e+01 1.532833092694e+01 1 1 1 0.0 0.0 0.0
Nb 1.545502467216e+01 1.188135255057e+01 1.532833092694e+01 1 1 1 0.0 0.0 0.0
Nb 1.863341520302e+01 1.050506907912e+01 1.532833092694e+01 1 1 1 0.0 0.0 0.0
Nb 6.317151895755e+00 1.256949428629e+01 1.532833092694e+01 1 1 1 0.0 0.0 0.0
Nb 9.495542426610e+00 1.119321081485e+01 1.532833092694e+01 1 1 1 0.0 0.0 0.0
Nb 1.267393295747e+01 9.816927343400e+00 1.532833092694e+01 1 1 1 0.0 0.0 0.0
Nb 1.585232348832e+01 8.440643871955e+00 1.532833092694e+01 1 1 1 0.0 0.0 0.0
Nb 6.714450711912e+00 9.128785607678e+00 1.532833092694e+01 1 1 1 0.0 0.0 0.0
Nb 9.892841242767e+00 7.752502136232e+00 1.532833092694e+01 1 1 1 0.0 0.0 0.0
Nb 1.307123177362e+01 6.376218664787e+00 1.532833092694e+01 1 1 1 0.0 0.0 0.0
Nb 1.624962230448e+01 4.999935193342e+00 1.532833092694e+01 1 1 1 0.0 0.0 0.0
Nb 3.933358997214e+00 7.064360400510e+00 1.532833092694e+01 1 1 1 0.0 0.0 0.0
Nb 7.111749528069e+00 5.688076929065e+00 1.532833092694e+01 1 1 1 0.0 0.0 0.0
Nb 1.029014005892e+01 4.311793457620e+00 1.532833092694e+01 1 1 1 0.0 0.0 0.0
Nb 1.346853058978e+01 2.935509986174e+00 1.532833092694e+01 1 1 1 0.0 0.0 0.0
Nb 4.330657813370e+00 3.623651721897e+00 1.532833092694e+01 1 1 1 0.0 0.0 0.0
Nb 7.509048344225e+00 2.247368250452e+00 1.532833092694e+01 1 1 1 0.0 0.0 0.0
Nb 1.068743887508e+01 8.710847790066e-01 1.532833092694e+01 1 1 1 0.0 0.0 0.0
Nb 2.061990928540e+01 1.945091164352e+01 1.532833092694e+01 1 1 1 0.0 0.0 0.0
Nb 1.549566098672e+00 1.559226514729e+00 1.532833092694e+01 1 1 1 0.0 0.0 0.0
Nb 4.727956629527e+00 1.829430432840e-01 1.532833092694e+01 1 1 1 0.0 0.0 0.0
Nb 1.466042703985e+01 1.876276990779e+01 1.532833092694e+01 1 1 1 0.0 0.0 0.0
Nb 1.783881757071e+01 1.738648643635e+01 1.532833092694e+01 1 1 1 0.0 0.0 0.0
Nb 8.700944794297e+00 1.807462817207e+01 1.532833092694e+01 1 1 1 0.0 0.0 0.0
Nb 1.187933532515e+01 1.669834470063e+01 1.532833092694e+01 1 1 1 0.0 0.0 0.0
Nb 5.919853079599e+00 1.601020296490e+01 1.532833092694e+01 1 1 1 0.0 0.0 0.0
Nb 1.505475106694e+01 1.531271782307e+01 9.182088683320e+00 1 1 1 0.0 0.0 0.0
Nb 1.823314159779e+01 1.393643435163e+01 9.182088683320e+00 1 1 1 0.0 0.0 0.0
Nb 9.095268821382e+00 1.462457608735e+01 9.182088683320e+00 1 1 1 0.0 0.0 0.0
Nb 1.227365935224e+01 1.324829261590e+01 9.182088683320e+00 1 1 1 0.0 0.0 0.0
Nb 1.545204988309e+01 1.187200914446e+01 9.182088683320e+00 1 1 1 0.0 0.0 0.0
Nb 1.863044041395e+01 1.049572567301e+01 9.182088683320e+00 1 1 1 0.0 0.0 0.0
Nb 6.314177106684e+00 1.256015088018e+01 9.182088683320e+00 1 1 1 0.0 0.0 0.0
Nb 9.492567637539e+00 1.118386740874e+01 9.182088683320e+00 1 1 1 0.0 0.0 0.0
Nb 1.267095816839e+01 9.807583937291e+00 9.182088683320e+00 1 1 1 0.0 0.0 0.0
Nb 1.584934869925e+01 8.431300465846e+00 9.182088683320e+00 1 1 1 0.0 0.0 0.0
Nb 6.711475922841e+00 9.119442201569e+00 9.182088683320e+00 1 1 1 0.0 0.0 0.0
Nb 9.889866453696e+00 7.743158730124e+00 9.182088683320e+00 1 1 1 0.0 0.0 0.0
Nb 1.306825698455e+01 6.366875258678e+00 9.182088683320e+00 1 1 1 0.0 0.0 0.0
Nb 1.624664751541e+01 4.990591787233e+00 9.182088683320e+00 1 1 1 0.0 0.0 0.0
Nb 3.930384208142e+00 7.055016994401e+00 9.182088683320e+00 1 1 1 0.0 0.0 0.0
Nb 7.108774738997e+00 5.678733522956e+00 9.182088683320e+00 1 1 1 0.0 0.0 0.0
Nb 1.028716526985e+01 4.302450051511e+00 9.182088683320e+00 1 1 1 0.0 0.0 0.0
Nb 1.346555580071e+01 2.926166580065e+00 9.182088683320e+00 1 1 1 0.0 0.0 0.0
Nb 4.327683024299e+00 3.614308315788e+00 9.182088683320e+00 1 1 1 0.0 0.0 0.0
Nb 7.506073555154e+00 2.238024844343e+00 9.182088683320e+00 1 1 1 0.0 0.0 0.0
Nb 1.068446408601e+01 8.617413728976e-01 9.182088683320e+00 1 1 1 0.0 0.0 0.0
Nb 2.061693449633e+01 1.944156823741e+01 9.182088683320e+00 1 1 1 0.0 0.0 0.0
Nb 1.546591309600e+00 1.549883108620e+00 9.182088683320e+00 1 1 1 0.0 0.0 0.0
Nb 4.724981840455e+00 1.735996371751e-01 9.182088683320e+00 1 1 1 0.0 0.0 0.0
Nb 1.465745225078e+01 1.875342650169e+01 9.182088683320e+00 1 1 1 0.0 0.0 0.0
Nb 1.783584278163e+01 1.737714303024e+01 9.182088683320e+00 1 1 1 0.0 0.0 0.0
Nb 8.697970005226e+00 1.806528476596e+01 9.182088683320e+00 1 1 1 0.0 0.0 0.0
Nb 1.187636053608e+01 1.668900129452e+01 9.182088683320e+00 1 1 1 0.0 0.0 0.0
Nb 5.916878290527e+00 1.600085955879e+01 9.182088683320e+00 1 1 1 0.0 0.0 0.0
Bi 7.140171968292e+00 1.903480381425e+01 3.532095071834e+01 1 1 1 0.0 0.0 0.0
Bi 1.736908064717e+00 3.069915545483e+00 3.532095071834e+01 1 1 1 0.0 0.0 0.0
Bi 3.087724040611e+00 7.061137612674e+00 3.532095071834e+01 1 1 1 0.0 0.0 0.0
Bi 4.438540016504e+00 1.105235967986e+01 3.532095071834e+01 1 1 1 0.0 0.0 0.0
Bi 5.789355992398e+00 1.504358174706e+01 3.532095071834e+01 1 1 1 0.0 0.0 0.0
Bi 4.498134838287e+00 7.649899508961e-02 3.532095071834e+01 1 1 1 0.0 0.0 0.0
Bi 5.848950814181e+00 4.067721062281e+00 3.532095071834e+01 1 1 1 0.0 0.0 0.0
Bi 7.199766790074e+00 8.058943129472e+00 3.532095071834e+01 1 1 1 0.0 0.0 0.0
Bi 8.550582765968e+00 1.205016519666e+01 3.532095071834e+01 1 1 1 0.0 0.0 0.0
Bi 9.901398741862e+00 1.604138726385e+01 3.532095071834e+01 1 1 1 0.0 0.0 0.0
Bi 8.610177587751e+00 1.074304511887e+00 3.532095071834e+01 1 1 1 0.0 0.0 0.0
Bi 9.960993563645e+00 5.065526579078e+00 3.532095071834e+01 1 1 1 0.0 0.0 0.0
Bi 1.131180953954e+01 9.056748646269e+00 3.532095071834e+01 1 1 1 0.0 0.0 0.0
Bi 1.266262551543e+01 1.304797071346e+01 3.532095071834e+01 1 1 1 0.0 0.0 0.0
Bi 1.401344149133e+01 1.703919278065e+01 3.532095071834e+01 1 1 1 0.0 0.0 0.0
Bi 1.272222033721e+01 2.072110028685e+00 3.532095071834e+01 1 1 1 0.0 0.0 0.0
Bi 1.407303631311e+01 6.063332095876e+00 3.532095071834e+01 1 1 1 0.0 0.0 0.0
Bi 1.542385228900e+01 1.005455416307e+01 3.532095071834e+01 1 1 1 0.0 0.0 0.0
Bi 1.677466826490e+01 1.404577623026e+01 3.532095071834e+01 1 1 1 0.0 0.0 0.0
Bi 1.812548424079e+01 1.803699829745e+01 3.532095071834e+01 1 1 1 0.0 0.0 0.0
Bi 7.580615834395e+00 1.672528545391e+01 3.133430771007e+01 1 1 1 0.0 0.0 0.0
Bi 2.177351930820e+00 7.603971851475e-01 3.133430771007e+01 1 1 1 0.0 0.0 0.0
Bi 3.528167906713e+00 4.751619252339e+00 3.133430771007e+01 1 1 1 0.0 0.0 0.0
Bi 4.878983882607e+00 8.742841319530e+00 3.133430771007e+01 1 1 1 0.0 0.0 0.0
Bi 6.229799858501e+00 1.273406338672e+01 3.133430771007e+01 1 1 1 0.0 0.0 0.0
Bi 1.169265858386e+01 1.772309097071e+01 3.133430771007e+01 1 1 1 0.0 0.0 0.0
Bi 6.289394680284e+00 1.758202701945e+00 3.133430771007e+01 1 1 1 0.0 0.0 0.0
Bi 7.640210656177e+00 5.749424769136e+00 3.133430771007e+01 1 1 1 0.0 0.0 0.0
Bi 8.991026632071e+00 9.740646836327e+00 3.133430771007e+01 1 1 1 0.0 0.0 0.0
Bi 1.034184260796e+01 1.373186890352e+01 3.133430771007e+01 1 1 1 0.0 0.0 0.0
Bi 1.580470133332e+01 1.872089648751e+01 3.133430771007e+01 1 1 1 0.0 0.0 0.0
Bi 1.040143742975e+01 2.756008218743e+00 3.133430771007e+01 1 1 1 0.0 0.0 0.0
Bi 1.175225340564e+01 6.747230285934e+00 3.133430771007e+01 1 1 1 0.0 0.0 0.0
Bi 1.310306938153e+01 1.073845235313e+01 3.133430771007e+01 1 1 1 0.0 0.0 0.0
Bi 1.445388535743e+01 1.472967442032e+01 3.133430771007e+01 1 1 1 0.0 0.0 0.0
Bi 1.991674408279e+01 1.971870200430e+01 3.133430771007e+01 1 1 1 0.0 0.0 0.0
Bi 1.451348017921e+01 3.753813735541e+00 3.133430771007e+01 1 1 1 0.0 0.0 0.0
Bi 1.586429615511e+01 7.745035802732e+00 3.133430771007e+01 1 1 1 0.0 0.0 0.0
Bi 1.721511213100e+01 1.173625786992e+01 3.133430771007e+01 1 1 1 0.0 0.0 0.0
Bi 1.856592810689e+01 1.572747993711e+01 3.133430771007e+01 1 1 1 0.0 0.0 0.0
Bi 7.519269744370e+00 1.669276738345e+01 2.529282906773e+01 1 1 1 0.0 0.0 0.0
Bi 2.116005840796e+00 7.278791146854e-01 2.529282906773e+01 1 1 1 0.0 0.0 0.0
Bi 3.466821816689e+00 4.719101181876e+00 2.529282906773e+01 1 1 1 0.0 0.0 0.0
Bi 4.817637792583e+00 8.710323249067e+00 2.529282906773e+01 1 1 1 0.0 0.0 0.0
Bi 6.168453768477e+00 1.270154531626e+01 2.529282906773e+01 1 1 1 0.0 0.0 0.0
Bi 1.163131249383e+01 1.769057290025e+01 2.529282906773e+01 1 1 1 0.0 0.0 0.0
Bi 6.228048590259e+00 1.725684631483e+00 2.529282906773e+01 1 1 1 0.0 0.0 0.0
Bi 7.578864566153e+00 5.716906698674e+00 2.529282906773e+01 1 1 1 0.0 0.0 0.0
Bi 8.929680542047e+00 9.708128765865e+00 2.529282906773e+01 1 1 1 0.0 0.0 0.0
Bi 1.028049651794e+01 1.369935083306e+01 2.529282906773e+01 1 1 1 0.0 0.0 0.0
Bi 1.574335524330e+01 1.868837841705e+01 2.529282906773e+01 1 1 1 0.0 0.0 0.0
Bi 1.034009133972e+01 2.723490148281e+00 2.529282906773e+01 1 1 1 0.0 0.0 0.0
Bi 1.169090731562e+01 6.714712215472e+00 2.529282906773e+01 1 1 1 0.0 0.0 0.0
Bi 1.304172329151e+01 1.070593428266e+01 2.529282906773e+01 1 1 1 0.0 0.0 0.0
Bi 1.439253926740e+01 1.469715634985e+01 2.529282906773e+01 1 1 1 0.0 0.0 0.0
Bi 1.985539799276e+01 1.968618393384e+01 2.529282906773e+01 1 1 1 0.0 0.0 0.0
Bi 1.445213408919e+01 3.721295665079e+00 2.529282906773e+01 1 1 1 0.0 0.0 0.0
Bi 1.580295006508e+01 7.712517732270e+00 2.529282906773e+01 1 1 1 0.0 0.0 0.0
Bi 1.715376604097e+01 1.170373979946e+01 2.529282906773e+01 1 1 1 0.0 0.0 0.0
Bi 1.850458201687e+01 1.569496186665e+01 2.529282906773e+01 1 1 1 0.0 0.0 0.0
Bi 1.491645162816e+01 1.413454529142e+00 2.132110864621e+01 1 1 1 0.0 0.0 0.0
Bi 1.626726760405e+01 5.404676596334e+00 2.132110864621e+01 1 1 1 0.0 0.0 0.0
Bi 1.761808357994e+01 9.395898663525e+00 2.132110864621e+01 1 1 1 0.0 0.0 0.0
Bi 1.896889955584e+01 1.338712073072e+01 2.132110864621e+01 1 1 1 0.0 0.0 0.0
Bi 2.031971553173e+01 1.737834279791e+01 2.132110864621e+01 1 1 1 0.0 0.0 0.0
Bi 3.931139355659e+00 2.411260045940e+00 2.132110864621e+01 1 1 1 0.0 0.0 0.0
Bi 5.281955331553e+00 6.402482113131e+00 2.132110864621e+01 1 1 1 0.0 0.0 0.0
Bi 6.632771307446e+00 1.039370418032e+01 2.132110864621e+01 1 1 1 0.0 0.0 0.0
Bi 7.983587283340e+00 1.438492624751e+01 2.132110864621e+01 1 1 1 0.0 0.0 0.0
Bi 9.334403259234e+00 1.837614831470e+01 2.132110864621e+01 1 1 1 0.0 0.0 0.0
Bi 8.043182105123e+00 3.409065562738e+00 2.132110864621e+01 1 1 1 0.0 0.0 0.0
Bi 9.393998081017e+00 7.400287629929e+00 2.132110864621e+01 1 1 1 0.0 0.0 0.0
Bi 1.074481405691e+01 1.139150969712e+01 2.132110864621e+01 1 1 1 0.0 0.0 0.0
Bi 1.209563003280e+01 1.538273176431e+01 2.132110864621e+01 1 1 1 0.0 0.0 0.0
Bi 1.344644600870e+01 1.937395383150e+01 2.132110864621e+01 1 1 1 0.0 0.0 0.0
Bi 1.215522485459e+01 4.406871079536e+00 2.132110864621e+01 1 1 1 0.0 0.0 0.0
Bi 1.350604083048e+01 8.398093146727e+00 2.132110864621e+01 1 1 1 0.0 0.0 0.0
Bi 1.485685680637e+01 1.238931521392e+01 2.132110864621e+01 1 1 1 0.0 0.0 0.0
Bi 1.620767278227e+01 1.638053728111e+01 2.132110864621e+01 1 1 1 0.0 0.0 0.0
Bi 1.080440887869e+01 4.156490123447e-01 2.132110864621e+01 1 1 1 0.0 0.0 0.0
Se 1.386231099929e+01 1.691823304559e+01 7.500000000000e+00 1 1 1 0.0 0.0 0.0
Se 1.704070153015e+01 1.554194957415e+01 7.500000000000e+00 1 1 1 0.0 0.0 0.0
Se 7.902828753737e+00 1.623009130987e+01 7.500000000000e+00 1 1 1 0.0 0.0 0.0
Se 1.108121928459e+01 1.485380783843e+01 7.500000000000e+00 1 1 1 0.0 0.0 0.0
Se 1.425960981545e+01 1.347752436698e+01 7.500000000000e+00 1 1 1 0.0 0.0 0.0
Se 1.743800034630e+01 1.210124089554e+01 7.500000000000e+00 1 1 1 0.0 0.0 0.0
Se 5.121737039038e+00 1.416566610270e+01 7.500000000000e+00 1 1 1 0.0 0.0 0.0
Se 8.300127569893e+00 1.278938263126e+01 7.500000000000e+00 1 1 1 0.0 0.0 0.0
Se 1.147851810075e+01 1.141309915981e+01 7.500000000000e+00 1 1 1 0.0 0.0 0.0
Se 1.465690863160e+01 1.003681568837e+01 7.500000000000e+00 1 1 1 0.0 0.0 0.0
Se 5.519035855195e+00 1.072495742409e+01 7.500000000000e+00 1 1 1 0.0 0.0 0.0
Se 8.697426386050e+00 9.348673952646e+00 7.500000000000e+00 1 1 1 0.0 0.0 0.0
Se 1.187581691691e+01 7.972390481201e+00 7.500000000000e+00 1 1 1 0.0 0.0 0.0
Se 1.505420744776e+01 6.596107009756e+00 7.500000000000e+00 1 1 1 0.0 0.0 0.0
Se 1.783529916246e+01 8.660532216923e+00 7.500000000000e+00 1 1 1 0.0 0.0 0.0
Se 5.916334671352e+00 7.284248745478e+00 7.500000000000e+00 1 1 1 0.0 0.0 0.0
Se 9.094725202207e+00 5.907965274033e+00 7.500000000000e+00 1 1 1 0.0 0.0 0.0
Se 1.227311573306e+01 4.531681802588e+00 7.500000000000e+00 1 1 1 0.0 0.0 0.0
Se 3.135242956653e+00 5.219823538310e+00 7.500000000000e+00 1 1 1 0.0 0.0 0.0
Se 6.313633487508e+00 3.843540066865e+00 7.500000000000e+00 1 1 1 0.0 0.0 0.0
Se 9.492024018363e+00 2.467256595420e+00 7.500000000000e+00 1 1 1 0.0 0.0 0.0
Se 1.267041454922e+01 1.090973123975e+00 7.500000000000e+00 1 1 1 0.0 0.0 0.0
Se 1.545150626392e+01 3.155398331143e+00 7.500000000000e+00 1 1 1 0.0 0.0 0.0
Se 3.532541772810e+00 1.779114859697e+00 7.500000000000e+00 1 1 1 0.0 0.0 0.0
Se 6.710932303665e+00 4.028313882522e-01 7.500000000000e+00 1 1 1 0.0 0.0 0.0
Se 1.664340271399e+01 1.898265825276e+01 7.500000000000e+00 1 1 1 0.0 0.0 0.0
Se 7.505529937580e+00 1.967079998848e+01 7.500000000000e+00 1 1 1 0.0 0.0 0.0
Se 1.068392046844e+01 1.829451651704e+01 7.500000000000e+00 1 1 1 0.0 0.0 0.0
Se 1.982179324484e+01 1.760637478132e+01 7.500000000000e+00 1 1 1 0.0 0.0 0.0
Se 1.585203470661e+01 1.715710685931e+01 1.364602824434e+01 1 1 1 0.0 0.0 0.0
Se 1.903042523747e+01 1.578082338787e+01 1.364602824434e+01 1 1 1 0.0 0.0 0.0
Se 9.892552461058e+00 1.646896512359e+01 1.364602824434e+01 1 1 1 0.0 0.0 0.0
Se 1.307094299191e+01 1.509268165215e+01 1.364602824434e+01 1 1 1 0.0 0.0 0.0
Se 1.624933352277e+01 1.371639818070e+01 1.364602824434e+01 1 1 1 0.0 0.0 0.0
Se 4.330369031661e+00 1.234011470926e+01 1.364602824434e+01 1 1 1 0.0 0.0 0.0
Se 7.111460746359e+00 1.440453991642e+01 1.364602824434e+01 1 1 1 0.0 0.0 0.0
Se 1.028985127721e+01 1.302825644498e+01 1.364602824434e+01 1 1 1 0.0 0.0 0.0
Se 1.346824180807e+01 1.165197297353e+01 1.364602824434e+01 1 1 1 0.0 0.0 0.0
Se 1.664663233892e+01 1.027568950209e+01 1.364602824434e+01 1 1 1 0.0 0.0 0.0
Se 7.508759562516e+00 1.096383123781e+01 1.364602824434e+01 1 1 1 0.0 0.0 0.0
Se 1.068715009337e+01 9.587547766366e+00 1.364602824434e+01 1 1 1 0.0 0.0 0.0
Se 1.386554062423e+01 8.211264294921e+00 1.364602824434e+01 1 1 1 0.0 0.0 0.0
Se 1.704393115508e+01 6.834980823476e+00 1.364602824434e+01 1 1 1 0.0 0.0 0.0
Se 4.727667847817e+00 8.899406030644e+00 1.364602824434e+01 1 1 1 0.0 0.0 0.0
Se 7.906058378672e+00 7.523122559198e+00 1.364602824434e+01 1 1 1 0.0 0.0 0.0
Se 1.108444890953e+01 6.146839087753e+00 1.364602824434e+01 1 1 1 0.0 0.0 0.0
Se 1.426283944038e+01 4.770555616308e+00 1.364602824434e+01 1 1 1 0.0 0.0 0.0
Se 5.124966663974e+00 5.458697352031e+00 1.364602824434e+01 1 1 1 0.0 0.0 0.0
Se 8.303357194829e+00 4.082413880585e+00 1.364602824434e+01 1 1 1 0.0 0.0 0.0
Se 1.148174772568e+01 2.706130409140e+00 1.364602824434e+01 1 1 1 0.0 0.0 0.0
Se 1.466013825654e+01 1.329846937695e+00 1.364602824434e+01 1 1 1 0.0 0.0 0.0
Se 2.343874949276e+00 3.394272144863e+00 1.364602824434e+01 1 1 1 0.0 0.0 0.0
Se 5.522265480131e+00 2.017988673418e+00 1.364602824434e+01 1 1 1 0.0 0.0 0.0
Se 8.700656010986e+00 6.417052019725e-01 1.364602824434e+01 1 1 1 0.0 0.0 0.0
Se 1.863312642131e+01 1.922153206648e+01 1.364602824434e+01 1 1 1 0.0 0.0 0.0
Se 9.495253644901e+00 1.990967380221e+01 1.364602824434e+01 1 1 1 0.0 0.0 0.0
Se 1.267364417576e+01 1.853339033076e+01 1.364602824434e+01 1 1 1 0.0 0.0 0.0
Se 6.714161930203e+00 1.784524859504e+01 1.364602824434e+01 1 1 1 0.0 0.0 0.0
Se 1.386300287386e+01 1.691905736530e+01 1.086443756309e+01 1 1 1 0.0 0.0 0.0
Se 1.704139340472e+01 1.554277389386e+01 1.086443756309e+01 1 1 1 0.0 0.0 0.0
Se 7.903520628309e+00 1.623091562958e+01 1.086443756309e+01 1 1 1 0.0 0.0 0.0
Se 1.108191115916e+01 1.485463215814e+01 1.086443756309e+01 1 1 1 0.0 0.0 0.0
Se 1.426030169002e+01 1.347834868669e+01 1.086443756309e+01 1 1 1 0.0 0.0 0.0
Se 1.743869222087e+01 1.210206521525e+01 1.086443756309e+01 1 1 1 0.0 0.0 0.0
Se 5.122428913610e+00 1.416649042241e+01 1.086443756309e+01 1 1 1 0.0 0.0 0.0
Se 8.300819444465e+00 1.279020695097e+01 1.086443756309e+01 1 1 1 0.0 0.0 0.0
Se 1.147920997532e+01 1.141392347952e+01 1.086443756309e+01 1 1 1 0.0 0.0 0.0
Se 1.465760050618e+01 1.003764000808e+01 1.086443756309e+01 1 1 1 0.0 0.0 0.0
Se 5.519727729767e+00 1.072578174380e+01 1.086443756309e+01 1 1 1 0.0 0.0 0.0
Se 8.698118260622e+00 9.349498272355e+00 1.086443756309e+01 1 1 1 0.0 0.0 0.0
Se 1.187650879148e+01 7.973214800910e+00 1.086443756309e+01 1 1 1 0.0 0.0 0.0
Se 1.505489932233e+01 6.596931329465e+00 1.086443756309e+01 1 1 1 0.0 0.0 0.0
Se 1.783599103703e+01 8.661356536633e+00 1.086443756309e+01 1 1 1 0.0 0.0 0.0
Se 5.917026545924e+00 7.285073065187e+00 1.086443756309e+01 1 1 1 0.0 0.0 0.0
Se 9.095417076779e+00 5.908789593742e+00 1.086443756309e+01 1 1 1 0.0 0.0 0.0
Se 1.227380760763e+01 4.532506122297e+00 1.086443756309e+01 1 1 1 0.0 0.0 0.0
Se 3.135934831225e+00 5.220647858020e+00 1.086443756309e+01 1 1 1 0.0 0.0 0.0
Se 6.314325362080e+00 3.844364386574e+00 1.086443756309e+01 1 1 1 0.0 0.0 0.0
Se 9.492715892935e+00 2.468080915129e+00 1.086443756309e+01 1 1 1 0.0 0.0 0.0
Se 1.267110642379e+01 1.091797443684e+00 1.086443756309e+01 1 1 1 0.0 0.0 0.0
Se 1.545219813849e+01 3.156222650852e+00 1.086443756309e+01 1 1 1 0.0 0.0 0.0
Se 3.533233647382e+00 1.779939179407e+00 1.086443756309e+01 1 1 1 0.0 0.0 0.0
Se 6.711624178237e+00 4.036557079615e-01 1.086443756309e+01 1 1 1 0.0 0.0 0.0
Se 1.664409458856e+01 1.898348257247e+01 1.086443756309e+01 1 1 1 0.0 0.0 0.0
Se 7.506221812152e+00 1.967162430819e+01 1.086443756309e+01 1 1 1 0.0 0.0 0.0
Se 1.068461234301e+01 1.829534083675e+01 1.086443756309e+01 1 1 1 0.0 0.0 0.0
Se 1.982248511942e+01 1.760719910103e+01 1.086443756309e+01 1 1 1 0.0 0.0 0.0
Se 1.585284232641e+01 1.715779025697e+01 1.701046802998e+01 1 1 1 0.0 0.0 0.0
Se 1.903123285726e+01 1.578150678553e+01 1.701046802998e+01 1 1 1 0.0 0.0 0.0
Se 9.893360080853e+00 1.646964852125e+01 1.701046802998e+01 1 1 1 0.0 0.0 0.0
Se 1.307175061171e+01 1.509336504980e+01 1.701046802998e+01 1 1 1 0.0 0.0 0.0
Se 1.625014114256e+01 1.371708157836e+01 1.701046802998e+01 1 1 1 0.0 0.0 0.0
Se 4.331176651456e+00 1.234079810691e+01 1.701046802998e+01 1 1 1 0.0 0.0 0.0
Se 7.112268366155e+00 1.440522331408e+01 1.701046802998e+01 1 1 1 0.0 0.0 0.0
Se 1.029065889701e+01 1.302893984264e+01 1.701046802998e+01 1 1 1 0.0 0.0 0.0
Se 1.346904942786e+01 1.165265637119e+01 1.701046802998e+01 1 1 1 0.0 0.0 0.0
Se 1.664743995872e+01 1.027637289975e+01 1.701046802998e+01 1 1 1 0.0 0.0 0.0
Se 7.509567182311e+00 1.096451463547e+01 1.701046802998e+01 1 1 1 0.0 0.0 0.0
Se 1.068795771317e+01 9.588231164023e+00 1.701046802998e+01 1 1 1 0.0 0.0 0.0
Se 1.386634824402e+01 8.211947692577e+00 1.701046802998e+01 1 1 1 0.0 0.0 0.0
Se 1.704473877488e+01 6.835664221132e+00 1.701046802998e+01 1 1 1 0.0 0.0 0.0
Se 4.728475467613e+00 8.900089428300e+00 1.701046802998e+01 1 1 1 0.0 0.0 0.0
Se 7.906865998468e+00 7.523805956855e+00 1.701046802998e+01 1 1 1 0.0 0.0 0.0
Se 1.108525652932e+01 6.147522485410e+00 1.701046802998e+01 1 1 1 0.0 0.0 0.0
Se 1.426364706018e+01 4.771239013964e+00 1.701046802998e+01 1 1 1 0.0 0.0 0.0
Se 5.125774283770e+00 5.459380749687e+00 1.701046802998e+01 1 1 1 0.0 0.0 0.0
Se 8.304164814625e+00 4.083097278242e+00 1.701046802998e+01 1 1 1 0.0 0.0 0.0
Se 1.148255534548e+01 2.706813806797e+00 1.701046802998e+01 1 1 1 0.0 0.0 0.0
Se 1.466094587633e+01 1.330530335351e+00 1.701046802998e+01 1 1 1 0.0 0.0 0.0
Se 2.344682569071e+00 3.394955542519e+00 1.701046802998e+01 1 1 1 0.0 0.0 0.0
Se 5.523073099926e+00 2.018672071074e+00 1.701046802998e+01 1 1 1 0.0 0.0 0.0
Se 8.701463630781e+00 6.423885996288e-01 1.701046802998e+01 1 1 1 0.0 0.0 0.0
Se 1.863393404111e+01 1.922221546414e+01 1.701046802998e+01 1 1 1 0.0 0.0 0.0
Se 9.496061264697e+00 1.991035719986e+01 1.701046802998e+01 1 1 1 0.0 0.0 0.0
Se 1.267445179555e+01 1.853407372842e+01 1.701046802998e+01 1 1 1 0.0 0.0 0.0
Se 6.714969549998e+00 1.784593199269e+01 1.701046802998e+01 1 1 1 0.0 0.0 0.0
Se 7.612187292811e+00 1.669479423584e+01 3.696241589303e+01 1 1 1 0.0 0.0 0.0
Se 2.208923389236e+00 7.299059670759e-01 3.696241589303e+01 1 1 1 0.0 0.0 0.0
Se 3.559739365130e+00 4.721128034267e+00 3.696241589303e+01 1 1 1 0.0 0.0 0.0
Se 4.910555341024e+00 8.712350101458e+00 3.696241589303e+01 1 1 1 0.0 0.0 0.0
Se 6.261371316918e+00 1.270357216865e+01 3.696241589303e+01 1 1 1 0.0 0.0 0.0
Se 1.172423004228e+01 1.769259975264e+01 3.696241589303e+01 1 1 1 0.0 0.0 0.0
Se 6.320966138700e+00 1.727711483874e+00 3.696241589303e+01 1 1 1 0.0 0.0 0.0
Se 7.671782114594e+00 5.718933551065e+00 3.696241589303e+01 1 1 1 0.0 0.0 0.0
Se 9.022598090488e+00 9.710155618256e+00 3.696241589303e+01 1 1 1 0.0 0.0 0.0
Se 1.037341406638e+01 1.370137768545e+01 3.696241589303e+01 1 1 1 0.0 0.0 0.0
Se 1.583627279174e+01 1.869040526944e+01 3.696241589303e+01 1 1 1 0.0 0.0 0.0
Se 1.043300888816e+01 2.725517000671e+00 3.696241589303e+01 1 1 1 0.0 0.0 0.0
Se 1.178382486406e+01 6.716739067863e+00 3.696241589303e+01 1 1 1 0.0 0.0 0.0
Se 1.313464083995e+01 1.070796113505e+01 3.696241589303e+01 1 1 1 0.0 0.0 0.0
Se 1.448545681585e+01 1.469918320224e+01 3.696241589303e+01 1 1 1 0.0 0.0 0.0
Se 1.994831554120e+01 1.968821078623e+01 3.696241589303e+01 1 1 1 0.0 0.0 0.0
Se 1.454505163763e+01 3.723322517469e+00 3.696241589303e+01 1 1 1 0.0 0.0 0.0
Se 1.589586761352e+01 7.714544584660e+00 3.696241589303e+01 1 1 1 0.0 0.0 0.0
Se 1.724668358942e+01 1.170576665185e+01 3.696241589303e+01 1 1 1 0.0 0.0 0.0
Se 1.859749956531e+01 1.569698871904e+01 3.696241589303e+01 1 1 1 0.0 0.0 0.0
Se 1.500213118676e+01 1.429379754328e+00 3.332483142763e+01 1 1 1 0.0 0.0 0.0
Se 1.635294716265e+01 5.420601821519e+00 3.332483142763e+01 1 1 1 0.0 0.0 0.0
Se 1.770376313854e+01 9.411823888710e+00 3.332483142763e+01 1 1 1 0.0 0.0 0.0
Se 1.905457911444e+01 1.340304595590e+01 3.332483142763e+01 1 1 1 0.0 0.0 0.0
Se 2.040539509033e+01 1.739426802309e+01 3.332483142763e+01 1 1 1 0.0 0.0 0.0
Se 4.016818914258e+00 2.427185271126e+00 3.332483142763e+01 1 1 1 0.0 0.0 0.0
Se 5.367634890151e+00 6.418407338317e+00 3.332483142763e+01 1 1 1 0.0 0.0 0.0
Se 6.718450866045e+00 1.040962940551e+01 3.332483142763e+01 1 1 1 0.0 0.0 0.0
Se 8.069266841939e+00 1.440085147270e+01 3.332483142763e+01 1 1 1 0.0 0.0 0.0
Se 9.420082817833e+00 1.839207353989e+01 3.332483142763e+01 1 1 1 0.0 0.0 0.0
Se 8.128861663721e+00 3.424990787924e+00 3.332483142763e+01 1 1 1 0.0 0.0 0.0
Se 9.479677639615e+00 7.416212855115e+00 3.332483142763e+01 1 1 1 0.0 0.0 0.0
Se 1.083049361551e+01 1.140743492231e+01 3.332483142763e+01 1 1 1 0.0 0.0 0.0
Se 1.218130959140e+01 1.539865698950e+01 3.332483142763e+01 1 1 1 0.0 0.0 0.0
Se 1.353212556730e+01 1.938987905669e+01 3.332483142763e+01 1 1 1 0.0 0.0 0.0
Se 1.224090441319e+01 4.422796304721e+00 3.332483142763e+01 1 1 1 0.0 0.0 0.0
Se 1.359172038908e+01 8.414018371912e+00 3.332483142763e+01 1 1 1 0.0 0.0 0.0
Se 1.494253636497e+01 1.240524043910e+01 3.332483142763e+01 1 1 1 0.0 0.0 0.0
Se 1.629335234087e+01 1.639646250629e+01 3.332483142763e+01 1 1 1 0.0 0.0 0.0
Se 1.089008843729e+01 4.315742375304e-01 3.332483142763e+01 1 1 1 0.0 0.0 0.0
Se 7.122146342991e+00 1.904592858061e+01 2.969131231352e+01 1 1 1 0.0 0.0 0.0
Se 1.718882439416e+00 3.081040311841e+00 2.969131231352e+01 1 1 1 0.0 0.0 0.0
Se 3.069698415310e+00 7.072262379032e+00 2.969131231352e+01 1 1 1 0.0 0.0 0.0
Se 4.420514391203e+00 1.106348444622e+01 2.969131231352e+01 1 1 1 0.0 0.0 0.0
Se 5.771330367097e+00 1.505470651341e+01 2.969131231352e+01 1 1 1 0.0 0.0 0.0
Se 4.480109212986e+00 8.762376144769e-02 2.969131231352e+01 1 1 1 0.0 0.0 0.0
Se 5.830925188880e+00 4.078845828639e+00 2.969131231352e+01 1 1 1 0.0 0.0 0.0
Se 7.181741164774e+00 8.070067895830e+00 2.969131231352e+01 1 1 1 0.0 0.0 0.0
Se 8.532557140667e+00 1.206128996302e+01 2.969131231352e+01 1 1 1 0.0 0.0 0.0
Se 9.883373116561e+00 1.605251203021e+01 2.969131231352e+01 1 1 1 0.0 0.0 0.0
Se 8.592151962450e+00 1.085429278245e+00 2.969131231352e+01 1 1 1 0.0 0.0 0.0
Se 9.942967938344e+00 5.076651345436e+00 2.969131231352e+01 1 1 1 0.0 0.0 0.0
Se 1.129378391424e+01 9.067873412628e+00 2.969131231352e+01 1 1 1 0.0 0.0 0.0
Se 1.264459989013e+01 1.305909547982e+01 2.969131231352e+01 1 1 1 0.0 0.0 0.0
Se 1.399541586602e+01 1.705031754701e+01 2.969131231352e+01 1 1 1 0.0 0.0 0.0
Se 1.270419471191e+01 2.083234795043e+00 2.969131231352e+01 1 1 1 0.0 0.0 0.0
Se 1.405501068781e+01 6.074456862234e+00 2.969131231352e+01 1 1 1 0.0 0.0 0.0
Se 1.540582666370e+01 1.006567892943e+01 2.969131231352e+01 1 1 1 0.0 0.0 0.0
Se 1.675664263960e+01 1.405690099662e+01 2.969131231352e+01 1 1 1 0.0 0.0 0.0
Se 1.810745861549e+01 1.804812306381e+01 2.969131231352e+01 1 1 1 0.0 0.0 0.0
Se 1.492012041119e+01 1.415612109542e+00 2.692457590224e+01 1 1 1 0.0 0.0 0.0
Se 1.627093638709e+01 5.406834176733e+00 2.692457590224e+01 1 1 1 0.0 0.0 0.0
Se 1.762175236298e+01 9.398056243924e+00 2.692457590224e+01 1 1 1 0.0 0.0 0.0
Se 1.897256833888e+01 1.338927831112e+01 2.692457590224e+01 1 1 1 0.0 0.0 0.0
Se 2.032338431477e+01 1.738050037831e+01 2.692457590224e+01 1 1 1 0.0 0.0 0.0
Se 3.934808138696e+00 2.413417626340e+00 2.692457590224e+01 1 1 1 0.0 0.0 0.0
Se 5.285624114590e+00 6.404639693531e+00 2.692457590224e+01 1 1 1 0.0 0.0 0.0
Se 6.636440090484e+00 1.039586176072e+01 2.692457590224e+01 1 1 1 0.0 0.0 0.0
Se 7.987256066378e+00 1.438708382791e+01 2.692457590224e+01 1 1 1 0.0 0.0 0.0
Se 9.338072042271e+00 1.837830589510e+01 2.692457590224e+01 1 1 1 0.0 0.0 0.0
Se 8.046850888160e+00 3.411223143138e+00 2.692457590224e+01 1 1 1 0.0 0.0 0.0
Se 9.397666864054e+00 7.402445210329e+00 2.692457590224e+01 1 1 1 0.0 0.0 0.0
Se 1.074848283995e+01 1.139366727752e+01 2.692457590224e+01 1 1 1 0.0 0.0 0.0
Se 1.209929881584e+01 1.538488934471e+01 2.692457590224e+01 1 1 1 0.0 0.0 0.0
Se 1.345011479174e+01 1.937611141190e+01 2.692457590224e+01 1 1 1 0.0 0.0 0.0
Se 1.215889363762e+01 4.409028659935e+00 2.692457590224e+01 1 1 1 0.0 0.0 0.0
Se 1.350970961352e+01 8.400250727126e+00 2.692457590224e+01 1 1 1 0.0 0.0 0.0
Se 1.486052558941e+01 1.239147279432e+01 2.692457590224e+01 1 1 1 0.0 0.0 0.0
Se 1.621134156531e+01 1.638269486151e+01 2.692457590224e+01 1 1 1 0.0 0.0 0.0
Se 1.080807766173e+01 4.178065927444e-01 2.692457590224e+01 1 1 1 0.0 0.0 0.0
Se 7.041909229628e+00 1.902427725934e+01 2.330671355540e+01 1 1 1 0.0 0.0 0.0
Se 1.638645326053e+00 3.059388990572e+00 2.330671355540e+01 1 1 1 0.0 0.0 0.0
Se 2.989461301947e+00 7.050611057763e+00 2.330671355540e+01 1 1 1 0.0 0.0 0.0
Se 4.340277277840e+00 1.104183312495e+01 2.330671355540e+01 1 1 1 0.0 0.0 0.0
Se 5.691093253734e+00 1.503305519214e+01 2.330671355540e+01 1 1 1 0.0 0.0 0.0
Se 4.399872099623e+00 6.597244017846e-02 2.330671355540e+01 1 1 1 0.0 0.0 0.0
Se 5.750688075517e+00 4.057194507370e+00 2.330671355540e+01 1 1 1 0.0 0.0 0.0
Se 7.101504051410e+00 8.048416574561e+00 2.330671355540e+01 1 1 1 0.0 0.0 0.0
Se 8.452320027304e+00 1.203963864175e+01 2.330671355540e+01 1 1 1 0.0 0.0 0.0
Se 9.803136003198e+00 1.603086070894e+01 2.330671355540e+01 1 1 1 0.0 0.0 0.0
Se 8.511914849087e+00 1.063777956976e+00 2.330671355540e+01 1 1 1 0.0 0.0 0.0
Se 9.862730824981e+00 5.055000024167e+00 2.330671355540e+01 1 1 1 0.0 0.0 0.0
Se 1.121354680087e+01 9.046222091358e+00 2.330671355540e+01 1 1 1 0.0 0.0 0.0
Se 1.256436277677e+01 1.303744415855e+01 2.330671355540e+01 1 1 1 0.0 0.0 0.0
Se 1.391517875266e+01 1.702866622574e+01 2.330671355540e+01 1 1 1 0.0 0.0 0.0
Se 1.262395759855e+01 2.061583473774e+00 2.330671355540e+01 1 1 1 0.0 0.0 0.0
Se 1.397477357444e+01 6.052805540965e+00 2.330671355540e+01 1 1 1 0.0 0.0 0.0
Se 1.532558955034e+01 1.004402760816e+01 2.330671355540e+01 1 1 1 0.0 0.0 0.0
Se 1.667640552623e+01 1.403524967535e+01 2.330671355540e+01 1 1 1 0.0 0.0 0.0
Se 1.802722150213e+01 1.802647174254e+01 2.330671355540e+01 1 1 1 0.0 0.0 0.0
Se 7.520242002991e+00 1.668520492087e+01 1.968357859229e+01 1 1 1 0.0 0.0 0.0
Se 2.116978099416e+00 7.203166521066e-01 1.968357859229e+01 1 1 1 0.0 0.0 0.0
Se 3.467794075310e+00 4.711538719298e+00 1.968357859229e+01 1 1 1 0.0 0.0 0.0
Se 4.818610051203e+00 8.702760786489e+00 1.968357859229e+01 1 1 1 0.0 0.0 0.0
Se 6.169426027097e+00 1.269398285368e+01 1.968357859229e+01 1 1 1 0.0 0.0 0.0
Se 1.163228475245e+01 1.768301043767e+01 1.968357859229e+01 1 1 1 0.0 0.0 0.0
Se 6.229020848880e+00 1.718122168904e+00 1.968357859229e+01 1 1 1 0.0 0.0 0.0
Se 7.579836824773e+00 5.709344236095e+00 1.968357859229e+01 1 1 1 0.0 0.0 0.0
Se 8.930652800667e+00 9.700566303286e+00 1.968357859229e+01 1 1 1 0.0 0.0 0.0
Se 1.028146877656e+01 1.369178837048e+01 1.968357859229e+01 1 1 1 0.0 0.0 0.0
Se 1.574432750192e+01 1.868081595447e+01 1.968357859229e+01 1 1 1 0.0 0.0 0.0
Se 1.034106359834e+01 2.715927685702e+00 1.968357859229e+01 1 1 1 0.0 0.0 0.0
Se 1.169187957424e+01 6.707149752893e+00 1.968357859229e+01 1 1 1 0.0 0.0 0.0
Se 1.304269555013e+01 1.069837182008e+01 1.968357859229e+01 1 1 1 0.0 0.0 0.0
Se 1.439351152602e+01 1.468959388728e+01 1.968357859229e+01 1 1 1 0.0 0.0 0.0
Se 1.985637025138e+01 1.967862147126e+01 1.968357859229e+01 1 1 1 0.0 0.0 0.0
Se 1.445310634781e+01 3.713733202500e+00 1.968357859229e+01 1 1 1 0.0 0.0 0.0
Se 1.580392232370e+01 7.704955269691e+00 1.968357859229e+01 1 1 1 0.0 0.0 0.0
Se 1.715473829960e+01 1.169617733688e+01 1.968357859229e+01 1 1 1 0.0 0.0 0.0
Se 1.850555427549e+01 1.568739940407e+01 1.968357859229e+01 1 1 1 0.0 0.0 0.0
"