calculation_mode = "Quench Electrons"
cell_relax = "False"
charge_density_mixing = "0.1"
charge_mixing_type = "Broyden"
description = "Example parameters for high-throughput bulk relaxation of a vdW material"
dos_broading = "0.05"
dos_method = "Gaussian"
energy_convergence_criterion = "1e-10"
energy_output_units = "Hartrees"
kohn_sham_mucycles = "3"
kohn_sham_solver = "davidson"
kpoint_mesh = "1 1 1"
localize_projectors = "False"
max_md_steps = "100"
max_scf_steps = "200"
non_local_block_size = "4000"
potential_acceleration_constant_step = "1.5"
processor_grid = "7 7 16"
rms_convergence_criterion = "1e-08"
scalapack_block_factor = "64"
start_mode = "LCAO Start"
state_block_size = "64"
stress = "True"
subdiag_driver = "scalapack"
use_async_allreduce = "False"
vdw_corr = "DFT-D3"
vdwdf_kernel_filepath = "/lustre/orion/world-shared/cph162/rjmorelock/rmgdft/XC/vdW_kernel_table"
wavefunction_grid = "148 148 378"
write_data_period = "50"

atomic_coordinate_type = "Absolute"
crds_units = "Angstrom"
lattice_units = "Angstrom"

lattice_vector = "
1.731785390890e+01 0.000000000000e+00 1.100000000000e-15
8.658926953619e+00 1.499770142462e+01 1.100000000000e-15
0.000000000000e+00 0.000000000000e+00 4.446241589303e+01
"
atoms = "
Nb 1.825656120358e+01 8.869152709402e+00 1.532833092694e+01 1 1 1 0.0 0.0 0.0
Nb 1.479299042180e+01 8.869152709402e+00 1.532833092694e+01 1 1 1 0.0 0.0 0.0
Nb 1.132941964002e+01 8.869152709402e+00 1.532833092694e+01 1 1 1 0.0 0.0 0.0
Nb 7.865848858244e+00 8.869152709402e+00 1.532833092694e+01 1 1 1 0.0 0.0 0.0
Nb 2.172013198537e+01 8.869152709402e+00 1.532833092694e+01 1 1 1 0.0 0.0 0.0
Nb 1.652477581286e+01 5.869612424479e+00 1.532833092694e+01 1 1 1 0.0 0.0 0.0
Nb 1.306120503108e+01 5.869612424479e+00 1.532833092694e+01 1 1 1 0.0 0.0 0.0
Nb 9.597634249300e+00 5.869612424479e+00 1.532833092694e+01 1 1 1 0.0 0.0 0.0
Nb 6.134063467520e+00 5.869612424479e+00 1.532833092694e+01 1 1 1 0.0 0.0 0.0
Nb 1.998834659464e+01 5.869612424479e+00 1.532833092694e+01 1 1 1 0.0 0.0 0.0
Nb 1.479299042214e+01 2.870072139556e+00 1.532833092694e+01 1 1 1 0.0 0.0 0.0
Nb 1.132941964036e+01 2.870072139556e+00 1.532833092694e+01 1 1 1 0.0 0.0 0.0
Nb 7.865848858576e+00 2.870072139556e+00 1.532833092694e+01 1 1 1 0.0 0.0 0.0
Nb 4.402278076796e+00 2.870072139556e+00 1.532833092694e+01 1 1 1 0.0 0.0 0.0
Nb 1.825656120392e+01 2.870072139556e+00 1.532833092694e+01 1 1 1 0.0 0.0 0.0
Nb 2.172013198503e+01 1.486823327925e+01 1.532833092694e+01 1 1 1 0.0 0.0 0.0
Nb 1.825656120325e+01 1.486823327925e+01 1.532833092694e+01 1 1 1 0.0 0.0 0.0
Nb 1.479299042147e+01 1.486823327925e+01 1.532833092694e+01 1 1 1 0.0 0.0 0.0
Nb 1.132941963969e+01 1.486823327925e+01 1.532833092694e+01 1 1 1 0.0 0.0 0.0
Nb 2.518370276681e+01 1.486823327925e+01 1.532833092694e+01 1 1 1 0.0 0.0 0.0
Nb 1.998834659431e+01 1.186869299433e+01 1.532833092694e+01 1 1 1 0.0 0.0 0.0
Nb 1.652477581253e+01 1.186869299433e+01 1.532833092694e+01 1 1 1 0.0 0.0 0.0
Nb 1.306120503075e+01 1.186869299433e+01 1.532833092694e+01 1 1 1 0.0 0.0 0.0
Nb 9.597634248968e+00 1.186869299433e+01 1.532833092694e+01 1 1 1 0.0 0.0 0.0
Nb 2.345191737609e+01 1.186869299433e+01 1.532833092694e+01 1 1 1 0.0 0.0 0.0
Nb 1.825557836414e+01 8.859396550611e+00 9.182088683320e+00 1 1 1 0.0 0.0 0.0
Nb 1.479200758236e+01 8.859396550611e+00 9.182088683320e+00 1 1 1 0.0 0.0 0.0
Nb 1.132843680058e+01 8.859396550611e+00 9.182088683320e+00 1 1 1 0.0 0.0 0.0
Nb 7.864866018801e+00 8.859396550611e+00 9.182088683320e+00 1 1 1 0.0 0.0 0.0
Nb 2.171914914592e+01 8.859396550611e+00 9.182088683320e+00 1 1 1 0.0 0.0 0.0
Nb 1.652379297342e+01 5.859856265687e+00 9.182088683320e+00 1 1 1 0.0 0.0 0.0
Nb 1.306022219164e+01 5.859856265687e+00 9.182088683320e+00 1 1 1 0.0 0.0 0.0
Nb 9.596651409857e+00 5.859856265687e+00 9.182088683320e+00 1 1 1 0.0 0.0 0.0
Nb 6.133080628077e+00 5.859856265687e+00 9.182088683320e+00 1 1 1 0.0 0.0 0.0
Nb 1.998736375520e+01 5.859856265687e+00 9.182088683320e+00 1 1 1 0.0 0.0 0.0
Nb 1.479200758269e+01 2.860315980764e+00 9.182088683320e+00 1 1 1 0.0 0.0 0.0
Nb 1.132843680091e+01 2.860315980764e+00 9.182088683320e+00 1 1 1 0.0 0.0 0.0
Nb 7.864866019133e+00 2.860315980764e+00 9.182088683320e+00 1 1 1 0.0 0.0 0.0
Nb 4.401295237353e+00 2.860315980764e+00 9.182088683320e+00 1 1 1 0.0 0.0 0.0
Nb 1.825557836447e+01 2.860315980764e+00 9.182088683320e+00 1 1 1 0.0 0.0 0.0
Nb 2.171914914559e+01 1.485847712046e+01 9.182088683320e+00 1 1 1 0.0 0.0 0.0
Nb 1.825557836381e+01 1.485847712046e+01 9.182088683320e+00 1 1 1 0.0 0.0 0.0
Nb 1.479200758203e+01 1.485847712046e+01 9.182088683320e+00 1 1 1 0.0 0.0 0.0
Nb 1.132843680025e+01 1.485847712046e+01 9.182088683320e+00 1 1 1 0.0 0.0 0.0
Nb 2.518271992737e+01 1.485847712046e+01 9.182088683320e+00 1 1 1 0.0 0.0 0.0
Nb 1.998736375487e+01 1.185893683553e+01 9.182088683320e+00 1 1 1 0.0 0.0 0.0
Nb 1.652379297309e+01 1.185893683553e+01 9.182088683320e+00 1 1 1 0.0 0.0 0.0
Nb 1.306022219130e+01 1.185893683553e+01 9.182088683320e+00 1 1 1 0.0 0.0 0.0
Nb 9.596651409525e+00 1.185893683553e+01 9.182088683320e+00 1 1 1 0.0 0.0 0.0
Nb 2.345093453665e+01 1.185893683553e+01 9.182088683320e+00 1 1 1 0.0 0.0 0.0
Bi 1.951337752733e+01 9.523526710369e+00 3.532095071834e+01 1 1 1 0.0 0.0 0.0
Bi 1.996911052472e+01 1.347029024316e+01 3.532095071834e+01 1 1 1 0.0 0.0 0.0
Bi 1.541178054922e+01 3.998057764458e+00 3.532095071834e+01 1 1 1 0.0 0.0 0.0
Bi 1.586751354660e+01 7.944821297252e+00 3.532095071834e+01 1 1 1 0.0 0.0 0.0
Bi 1.632324654398e+01 1.189158483005e+01 3.532095071834e+01 1 1 1 0.0 0.0 0.0
Bi 1.176591656848e+01 2.419352351341e+00 3.532095071834e+01 1 1 1 0.0 0.0 0.0
Bi 1.222164956587e+01 6.366115884134e+00 3.532095071834e+01 1 1 1 0.0 0.0 0.0
Bi 1.267738256325e+01 1.031287941693e+01 3.532095071834e+01 1 1 1 0.0 0.0 0.0
Bi 1.313311556063e+01 1.425964294972e+01 3.532095071834e+01 1 1 1 0.0 0.0 0.0
Bi 8.120052587749e+00 8.406469382230e-01 3.532095071834e+01 1 1 1 0.0 0.0 0.0
Bi 8.575785585133e+00 4.787410471017e+00 3.532095071834e+01 1 1 1 0.0 0.0 0.0
Bi 9.031518582517e+00 8.734174003811e+00 3.532095071834e+01 1 1 1 0.0 0.0 0.0
Bi 9.487251579901e+00 1.268093753660e+01 3.532095071834e+01 1 1 1 0.0 0.0 0.0
Bi 4.929921604399e+00 3.208705057899e+00 3.532095071834e+01 1 1 1 0.0 0.0 0.0
Bi 5.385654601783e+00 7.155468590693e+00 3.532095071834e+01 1 1 1 0.0 0.0 0.0
Bi 2.315924150807e+01 1.110223212349e+01 3.532095071834e+01 1 1 1 0.0 0.0 0.0
Bi 1.284057623665e+00 1.629999644782e+00 3.532095071834e+01 1 1 1 0.0 0.0 0.0
Bi 1.905764452995e+01 5.576763177576e+00 3.532095071834e+01 1 1 1 0.0 0.0 0.0
Bi 1.495604755183e+01 5.129423166429e-02 3.532095071834e+01 1 1 1 0.0 0.0 0.0
Bi 1.817984527302e+01 7.687007010326e+00 3.133430771007e+01 1 1 1 0.0 0.0 0.0
Bi 1.863557827040e+01 1.163377054312e+01 3.133430771007e+01 1 1 1 0.0 0.0 0.0
Bi 1.407824829490e+01 2.161538064415e+00 3.133430771007e+01 1 1 1 0.0 0.0 0.0
Bi 1.453398129229e+01 6.108301597209e+00 3.133430771007e+01 1 1 1 0.0 0.0 0.0
Bi 1.498971428967e+01 1.005506513000e+01 3.133430771007e+01 1 1 1 0.0 0.0 0.0
Bi 1.043238431417e+01 5.828326512976e-01 3.133430771007e+01 1 1 1 0.0 0.0 0.0
Bi 1.088811731155e+01 4.529596184091e+00 3.133430771007e+01 1 1 1 0.0 0.0 0.0
Bi 1.134385030894e+01 8.476359716885e+00 3.133430771007e+01 1 1 1 0.0 0.0 0.0
Bi 1.179958330632e+01 1.242312324968e+01 3.133430771007e+01 1 1 1 0.0 0.0 0.0
Bi 1.544544728705e+01 1.400182866280e+01 3.133430771007e+01 1 1 1 0.0 0.0 0.0
Bi 7.242253330819e+00 2.950890770974e+00 3.133430771007e+01 1 1 1 0.0 0.0 0.0
Bi 7.697986328203e+00 6.897654303768e+00 3.133430771007e+01 1 1 1 0.0 0.0 0.0
Bi 8.153719325587e+00 1.084441783656e+01 3.133430771007e+01 1 1 1 0.0 0.0 0.0
Bi 3.596389350085e+00 1.372185357856e+00 3.133430771007e+01 1 1 1 0.0 0.0 0.0
Bi 4.052122347469e+00 5.318948890650e+00 3.133430771007e+01 1 1 1 0.0 0.0 0.0
Bi 2.182570925375e+01 9.265712423444e+00 3.133430771007e+01 1 1 1 0.0 0.0 0.0
Bi 8.609452322971e+00 1.479118136936e+01 3.133430771007e+01 1 1 1 0.0 0.0 0.0
Bi 1.772411227564e+01 3.740243477533e+00 3.133430771007e+01 1 1 1 0.0 0.0 0.0
Bi 2.228144225114e+01 1.321247595624e+01 3.133430771007e+01 1 1 1 0.0 0.0 0.0
Bi 1.822020037849e+01 7.636427097748e+00 2.529282906773e+01 1 1 1 0.0 0.0 0.0
Bi 1.867593337587e+01 1.158319063054e+01 2.529282906773e+01 1 1 1 0.0 0.0 0.0
Bi 1.411860340037e+01 2.110958151836e+00 2.529282906773e+01 1 1 1 0.0 0.0 0.0
Bi 1.457433639775e+01 6.057721684630e+00 2.529282906773e+01 1 1 1 0.0 0.0 0.0
Bi 1.503006939514e+01 1.000448521742e+01 2.529282906773e+01 1 1 1 0.0 0.0 0.0
Bi 1.047273941964e+01 5.322527387188e-01 2.529282906773e+01 1 1 1 0.0 0.0 0.0
Bi 1.092847241702e+01 4.479016271513e+00 2.529282906773e+01 1 1 1 0.0 0.0 0.0
Bi 1.138420541440e+01 8.425779804306e+00 2.529282906773e+01 1 1 1 0.0 0.0 0.0
Bi 1.183993841179e+01 1.237254333710e+01 2.529282906773e+01 1 1 1 0.0 0.0 0.0
Bi 1.548580239252e+01 1.395124875022e+01 2.529282906773e+01 1 1 1 0.0 0.0 0.0
Bi 7.282608436287e+00 2.900310858395e+00 2.529282906773e+01 1 1 1 0.0 0.0 0.0
Bi 7.738341433671e+00 6.847074391189e+00 2.529282906773e+01 1 1 1 0.0 0.0 0.0
Bi 8.194074431054e+00 1.079383792398e+01 2.529282906773e+01 1 1 1 0.0 0.0 0.0
Bi 3.636744455553e+00 1.321605445278e+00 2.529282906773e+01 1 1 1 0.0 0.0 0.0
Bi 4.092477452937e+00 5.268368978071e+00 2.529282906773e+01 1 1 1 0.0 0.0 0.0
Bi 2.186606435922e+01 9.215132510865e+00 2.529282906773e+01 1 1 1 0.0 0.0 0.0
Bi 8.649807428438e+00 1.474060145678e+01 2.529282906773e+01 1 1 1 0.0 0.0 0.0
Bi 1.776446738110e+01 3.689663564954e+00 2.529282906773e+01 1 1 1 0.0 0.0 0.0
Bi 2.232179735661e+01 1.316189604366e+01 2.529282906773e+01 1 1 1 0.0 0.0 0.0
Bi 2.096805447278e+01 1.133556463764e+01 2.132110864621e+01 1 1 1 0.0 0.0 0.0
Bi 1.276486051655e+01 2.846267458197e-01 2.132110864621e+01 1 1 1 0.0 0.0 0.0
Bi 1.686645749467e+01 5.810095691731e+00 2.132110864621e+01 1 1 1 0.0 0.0 0.0
Bi 1.732219049205e+01 9.756859224525e+00 2.132110864621e+01 1 1 1 0.0 0.0 0.0
Bi 1.777792348943e+01 1.370362275732e+01 2.132110864621e+01 1 1 1 0.0 0.0 0.0
Bi 1.322059351393e+01 4.231390278613e+00 2.132110864621e+01 1 1 1 0.0 0.0 0.0
Bi 1.367632651132e+01 8.178153811407e+00 2.132110864621e+01 1 1 1 0.0 0.0 0.0
Bi 1.413205950870e+01 1.212491734420e+01 2.132110864621e+01 1 1 1 0.0 0.0 0.0
Bi 5.928865552464e+00 1.073979452378e+00 2.132110864621e+01 1 1 1 0.0 0.0 0.0
Bi 9.574729533198e+00 2.652684865496e+00 2.132110864621e+01 1 1 1 0.0 0.0 0.0
Bi 1.003046253058e+01 6.599448398290e+00 2.132110864621e+01 1 1 1 0.0 0.0 0.0
Bi 1.048619552797e+01 1.054621193108e+01 2.132110864621e+01 1 1 1 0.0 0.0 0.0
Bi 1.094192852535e+01 1.449297546388e+01 2.132110864621e+01 1 1 1 0.0 0.0 0.0
Bi 6.384598549848e+00 5.020742985172e+00 2.132110864621e+01 1 1 1 0.0 0.0 0.0
Bi 6.840331547232e+00 8.967506517966e+00 2.132110864621e+01 1 1 1 0.0 0.0 0.0
Bi 2.461391845352e+01 1.291427005076e+01 2.132110864621e+01 1 1 1 0.0 0.0 0.0
Bi 2.738734569114e+00 3.442037572055e+00 2.132110864621e+01 1 1 1 0.0 0.0 0.0
Bi 2.051232147540e+01 7.388801104848e+00 2.132110864621e+01 1 1 1 0.0 0.0 0.0
Bi 1.641072449728e+01 1.863332158937e+00 2.132110864621e+01 1 1 1 0.0 0.0 0.0
Se 1.998780347560e+01 9.858890726630e+00 7.500000000000e+00 1 1 1 0.0 0.0 0.0
Se 1.652423269382e+01 9.858890726630e+00 7.500000000000e+00 1 1 1 0.0 0.0 0.0
Se 1.306066191204e+01 9.858890726630e+00 7.500000000000e+00 1 1 1 0.0 0.0 0.0
Se 9.597091130263e+00 9.858890726630e+00 7.500000000000e+00 1 1 1 0.0 0.0 0.0
Se 6.133520348483e+00 9.858890726630e+00 7.500000000000e+00 1 1 1 0.0 0.0 0.0
Se 1.825601808488e+01 6.859350441706e+00 7.500000000000e+00 1 1 1 0.0 0.0 0.0
Se 1.479244730310e+01 6.859350441706e+00 7.500000000000e+00 1 1 1 0.0 0.0 0.0
Se 1.132887652132e+01 6.859350441706e+00 7.500000000000e+00 1 1 1 0.0 0.0 0.0
Se 7.865305739539e+00 6.859350441706e+00 7.500000000000e+00 1 1 1 0.0 0.0 0.0
Se 4.401734957759e+00 6.859350441706e+00 7.500000000000e+00 1 1 1 0.0 0.0 0.0
Se 1.652423269416e+01 3.859810156783e+00 7.500000000000e+00 1 1 1 0.0 0.0 0.0
Se 1.306066191238e+01 3.859810156783e+00 7.500000000000e+00 1 1 1 0.0 0.0 0.0
Se 9.597091130596e+00 3.859810156783e+00 7.500000000000e+00 1 1 1 0.0 0.0 0.0
Se 6.133520348815e+00 3.859810156783e+00 7.500000000000e+00 1 1 1 0.0 0.0 0.0
Se 2.669949567035e+00 3.859810156783e+00 7.500000000000e+00 1 1 1 0.0 0.0 0.0
Se 1.479244730343e+01 8.602698718599e-01 7.500000000000e+00 1 1 1 0.0 0.0 0.0
Se 1.132887652165e+01 8.602698718599e-01 7.500000000000e+00 1 1 1 0.0 0.0 0.0
Se 7.865305739872e+00 8.602698718599e-01 7.500000000000e+00 1 1 1 0.0 0.0 0.0
Se 4.401734958092e+00 8.602698718599e-01 7.500000000000e+00 1 1 1 0.0 0.0 0.0
Se 9.381641763112e-01 8.602698718599e-01 7.500000000000e+00 1 1 1 0.0 0.0 0.0
Se 2.171958886633e+01 1.285843101155e+01 7.500000000000e+00 1 1 1 0.0 0.0 0.0
Se 1.825601808455e+01 1.285843101155e+01 7.500000000000e+00 1 1 1 0.0 0.0 0.0
Se 1.479244730277e+01 1.285843101155e+01 7.500000000000e+00 1 1 1 0.0 0.0 0.0
Se 1.132887652099e+01 1.285843101155e+01 7.500000000000e+00 1 1 1 0.0 0.0 0.0
Se 7.865305739207e+00 1.285843101155e+01 7.500000000000e+00 1 1 1 0.0 0.0 0.0
Se 1.825682660621e+01 1.086873240133e+01 1.364602824434e+01 1 1 1 0.0 0.0 0.0
Se 1.479325582443e+01 1.086873240133e+01 1.364602824434e+01 1 1 1 0.0 0.0 0.0
Se 1.132968504265e+01 1.086873240133e+01 1.364602824434e+01 1 1 1 0.0 0.0 0.0
Se 7.866114260866e+00 1.086873240133e+01 1.364602824434e+01 1 1 1 0.0 0.0 0.0
Se 2.172039738799e+01 1.086873240133e+01 1.364602824434e+01 1 1 1 0.0 0.0 0.0
Se 1.652504121548e+01 7.869192116410e+00 1.364602824434e+01 1 1 1 0.0 0.0 0.0
Se 1.306147043370e+01 7.869192116410e+00 1.364602824434e+01 1 1 1 0.0 0.0 0.0
Se 9.597899651922e+00 7.869192116410e+00 1.364602824434e+01 1 1 1 0.0 0.0 0.0
Se 6.134328870142e+00 7.869192116410e+00 1.364602824434e+01 1 1 1 0.0 0.0 0.0
Se 1.998861199726e+01 7.869192116410e+00 1.364602824434e+01 1 1 1 0.0 0.0 0.0
Se 1.479325582476e+01 4.869651831486e+00 1.364602824434e+01 1 1 1 0.0 0.0 0.0
Se 1.132968504298e+01 4.869651831486e+00 1.364602824434e+01 1 1 1 0.0 0.0 0.0
Se 7.866114261198e+00 4.869651831486e+00 1.364602824434e+01 1 1 1 0.0 0.0 0.0
Se 4.402543479418e+00 4.869651831486e+00 1.364602824434e+01 1 1 1 0.0 0.0 0.0
Se 1.825682660654e+01 4.869651831486e+00 1.364602824434e+01 1 1 1 0.0 0.0 0.0
Se 1.306147043404e+01 1.870111546563e+00 1.364602824434e+01 1 1 1 0.0 0.0 0.0
Se 9.597899652255e+00 1.870111546563e+00 1.364602824434e+01 1 1 1 0.0 0.0 0.0
Se 6.134328870475e+00 1.870111546563e+00 1.364602824434e+01 1 1 1 0.0 0.0 0.0
Se 2.670758088694e+00 1.870111546563e+00 1.364602824434e+01 1 1 1 0.0 0.0 0.0
Se 1.652504121582e+01 1.870111546563e+00 1.364602824434e+01 1 1 1 0.0 0.0 0.0
Se 1.998861199693e+01 1.386827268626e+01 1.364602824434e+01 1 1 1 0.0 0.0 0.0
Se 1.652504121515e+01 1.386827268626e+01 1.364602824434e+01 1 1 1 0.0 0.0 0.0
Se 1.306147043337e+01 1.386827268626e+01 1.364602824434e+01 1 1 1 0.0 0.0 0.0
Se 9.597899651590e+00 1.386827268626e+01 1.364602824434e+01 1 1 1 0.0 0.0 0.0
Se 2.345218277871e+01 1.386827268626e+01 1.364602824434e+01 1 1 1 0.0 0.0 0.0
Se 1.998749611939e+01 9.859922097351e+00 1.086443756309e+01 1 1 1 0.0 0.0 0.0
Se 1.652392533761e+01 9.859922097351e+00 1.086443756309e+01 1 1 1 0.0 0.0 0.0
Se 1.306035455583e+01 9.859922097351e+00 1.086443756309e+01 1 1 1 0.0 0.0 0.0
Se 9.596783774051e+00 9.859922097351e+00 1.086443756309e+01 1 1 1 0.0 0.0 0.0
Se 6.133212992271e+00 9.859922097351e+00 1.086443756309e+01 1 1 1 0.0 0.0 0.0
Se 1.825571072867e+01 6.860381812428e+00 1.086443756309e+01 1 1 1 0.0 0.0 0.0
Se 1.479213994689e+01 6.860381812428e+00 1.086443756309e+01 1 1 1 0.0 0.0 0.0
Se 1.132856916511e+01 6.860381812428e+00 1.086443756309e+01 1 1 1 0.0 0.0 0.0
Se 7.864998383327e+00 6.860381812428e+00 1.086443756309e+01 1 1 1 0.0 0.0 0.0
Se 4.401427601547e+00 6.860381812428e+00 1.086443756309e+01 1 1 1 0.0 0.0 0.0
Se 1.652392533794e+01 3.860841527505e+00 1.086443756309e+01 1 1 1 0.0 0.0 0.0
Se 1.306035455616e+01 3.860841527505e+00 1.086443756309e+01 1 1 1 0.0 0.0 0.0
Se 9.596783774383e+00 3.860841527505e+00 1.086443756309e+01 1 1 1 0.0 0.0 0.0
Se 6.133212992603e+00 3.860841527505e+00 1.086443756309e+01 1 1 1 0.0 0.0 0.0
Se 2.669642210823e+00 3.860841527505e+00 1.086443756309e+01 1 1 1 0.0 0.0 0.0
Se 1.479213994722e+01 8.613012425814e-01 1.086443756309e+01 1 1 1 0.0 0.0 0.0
Se 1.132856916544e+01 8.613012425814e-01 1.086443756309e+01 1 1 1 0.0 0.0 0.0
Se 7.864998383659e+00 8.613012425814e-01 1.086443756309e+01 1 1 1 0.0 0.0 0.0
Se 4.401427601879e+00 8.613012425814e-01 1.086443756309e+01 1 1 1 0.0 0.0 0.0
Se 9.378568200989e-01 8.613012425814e-01 1.086443756309e+01 1 1 1 0.0 0.0 0.0
Se 2.171928151012e+01 1.285946238227e+01 1.086443756309e+01 1 1 1 0.0 0.0 0.0
Se 1.825571072834e+01 1.285946238227e+01 1.086443756309e+01 1 1 1 0.0 0.0 0.0
Se 1.479213994655e+01 1.285946238227e+01 1.086443756309e+01 1 1 1 0.0 0.0 0.0
Se 1.132856916477e+01 1.285946238227e+01 1.086443756309e+01 1 1 1 0.0 0.0 0.0
Se 7.864998382994e+00 1.285946238227e+01 1.086443756309e+01 1 1 1 0.0 0.0 0.0
Se 1.825635703815e+01 1.086968044560e+01 1.701046802998e+01 1 1 1 0.0 0.0 0.0
Se 1.479278625637e+01 1.086968044560e+01 1.701046802998e+01 1 1 1 0.0 0.0 0.0
Se 1.132921547459e+01 1.086968044560e+01 1.701046802998e+01 1 1 1 0.0 0.0 0.0
Se 7.865644692806e+00 1.086968044560e+01 1.701046802998e+01 1 1 1 0.0 0.0 0.0
Se 2.171992781993e+01 1.086968044560e+01 1.701046802998e+01 1 1 1 0.0 0.0 0.0
Se 1.652457164742e+01 7.870140160674e+00 1.701046802998e+01 1 1 1 0.0 0.0 0.0
Se 1.306100086564e+01 7.870140160674e+00 1.701046802998e+01 1 1 1 0.0 0.0 0.0
Se 9.597430083862e+00 7.870140160674e+00 1.701046802998e+01 1 1 1 0.0 0.0 0.0
Se 6.133859302082e+00 7.870140160674e+00 1.701046802998e+01 1 1 1 0.0 0.0 0.0
Se 1.998814242920e+01 7.870140160674e+00 1.701046802998e+01 1 1 1 0.0 0.0 0.0
Se 1.479278625670e+01 4.870599875751e+00 1.701046802998e+01 1 1 1 0.0 0.0 0.0
Se 1.132921547492e+01 4.870599875751e+00 1.701046802998e+01 1 1 1 0.0 0.0 0.0
Se 7.865644693139e+00 4.870599875751e+00 1.701046802998e+01 1 1 1 0.0 0.0 0.0
Se 4.402073911358e+00 4.870599875751e+00 1.701046802998e+01 1 1 1 0.0 0.0 0.0
Se 1.825635703848e+01 4.870599875751e+00 1.701046802998e+01 1 1 1 0.0 0.0 0.0
Se 1.306100086598e+01 1.871059590828e+00 1.701046802998e+01 1 1 1 0.0 0.0 0.0
Se 9.597430084195e+00 1.871059590828e+00 1.701046802998e+01 1 1 1 0.0 0.0 0.0
Se 6.133859302415e+00 1.871059590828e+00 1.701046802998e+01 1 1 1 0.0 0.0 0.0
Se 2.670288520634e+00 1.871059590828e+00 1.701046802998e+01 1 1 1 0.0 0.0 0.0
Se 1.652457164776e+01 1.871059590828e+00 1.701046802998e+01 1 1 1 0.0 0.0 0.0
Se 1.998814242887e+01 1.386922073052e+01 1.701046802998e+01 1 1 1 0.0 0.0 0.0
Se 1.652457164709e+01 1.386922073052e+01 1.701046802998e+01 1 1 1 0.0 0.0 0.0
Se 1.306100086531e+01 1.386922073052e+01 1.701046802998e+01 1 1 1 0.0 0.0 0.0
Se 9.597430083530e+00 1.386922073052e+01 1.701046802998e+01 1 1 1 0.0 0.0 0.0
Se 2.345171321065e+01 1.386922073052e+01 1.701046802998e+01 1 1 1 0.0 0.0 0.0
Se 1.813969210097e+01 7.672187130624e+00 3.696241589303e+01 1 1 1 0.0 0.0 0.0
Se 1.859542509835e+01 1.161895066342e+01 3.696241589303e+01 1 1 1 0.0 0.0 0.0
Se 1.403809512285e+01 2.146718184713e+00 3.696241589303e+01 1 1 1 0.0 0.0 0.0
Se 1.449382812023e+01 6.093481717507e+00 3.696241589303e+01 1 1 1 0.0 0.0 0.0
Se 1.494956111762e+01 1.004024525030e+01 3.696241589303e+01 1 1 1 0.0 0.0 0.0
Se 1.039223114212e+01 5.680127715957e-01 3.696241589303e+01 1 1 1 0.0 0.0 0.0
Se 1.084796413950e+01 4.514776304389e+00 3.696241589303e+01 1 1 1 0.0 0.0 0.0
Se 1.130369713688e+01 8.461539837183e+00 3.696241589303e+01 1 1 1 0.0 0.0 0.0
Se 1.175943013427e+01 1.240830336998e+01 3.696241589303e+01 1 1 1 0.0 0.0 0.0
Se 1.540529411500e+01 1.398700878309e+01 3.696241589303e+01 1 1 1 0.0 0.0 0.0
Se 7.202100158766e+00 2.936070891272e+00 3.696241589303e+01 1 1 1 0.0 0.0 0.0
Se 7.657833156150e+00 6.882834424066e+00 3.696241589303e+01 1 1 1 0.0 0.0 0.0
Se 8.113566153533e+00 1.082959795686e+01 3.696241589303e+01 1 1 1 0.0 0.0 0.0
Se 3.556236178032e+00 1.357365478154e+00 3.696241589303e+01 1 1 1 0.0 0.0 0.0
Se 4.011969175416e+00 5.304129010948e+00 3.696241589303e+01 1 1 1 0.0 0.0 0.0
Se 2.178555608170e+01 9.250892543742e+00 3.696241589303e+01 1 1 1 0.0 0.0 0.0
Se 8.569299150917e+00 1.477636148965e+01 3.696241589303e+01 1 1 1 0.0 0.0 0.0
Se 1.768395910358e+01 3.725423597831e+00 3.696241589303e+01 1 1 1 0.0 0.0 0.0
Se 2.224128907908e+01 1.319765607654e+01 3.696241589303e+01 1 1 1 0.0 0.0 0.0
Se 2.089958708427e+01 1.138069764067e+01 3.332483142763e+01 1 1 1 0.0 0.0 0.0
Se 1.269639312804e+01 3.297597488482e-01 3.332483142763e+01 1 1 1 0.0 0.0 0.0
Se 1.679799010615e+01 5.855228694759e+00 3.332483142763e+01 1 1 1 0.0 0.0 0.0
Se 1.725372310354e+01 9.801992227553e+00 3.332483142763e+01 1 1 1 0.0 0.0 0.0
Se 1.770945610092e+01 1.374875576035e+01 3.332483142763e+01 1 1 1 0.0 0.0 0.0
Se 1.315212612542e+01 4.276523281642e+00 3.332483142763e+01 1 1 1 0.0 0.0 0.0
Se 1.360785912280e+01 8.223286814436e+00 3.332483142763e+01 1 1 1 0.0 0.0 0.0
Se 1.406359212019e+01 1.217005034723e+01 3.332483142763e+01 1 1 1 0.0 0.0 0.0
Se 5.860398163953e+00 1.119112455407e+00 3.332483142763e+01 1 1 1 0.0 0.0 0.0
Se 9.506262144687e+00 2.697817868524e+00 3.332483142763e+01 1 1 1 0.0 0.0 0.0
Se 9.961995142071e+00 6.644581401318e+00 3.332483142763e+01 1 1 1 0.0 0.0 0.0
Se 1.041772813945e+01 1.059134493411e+01 3.332483142763e+01 1 1 1 0.0 0.0 0.0
Se 1.087346113684e+01 1.453810846691e+01 3.332483142763e+01 1 1 1 0.0 0.0 0.0
Se 6.316131161337e+00 5.065875988201e+00 3.332483142763e+01 1 1 1 0.0 0.0 0.0
Se 6.771864158721e+00 9.012639520994e+00 3.332483142763e+01 1 1 1 0.0 0.0 0.0
Se 2.454545106501e+01 1.295940305379e+01 3.332483142763e+01 1 1 1 0.0 0.0 0.0
Se 2.670267180603e+00 3.487170575083e+00 3.332483142763e+01 1 1 1 0.0 0.0 0.0
Se 2.044385408689e+01 7.433934107877e+00 3.332483142763e+01 1 1 1 0.0 0.0 0.0
Se 1.634225710877e+01 1.908465161966e+00 3.332483142763e+01 1 1 1 0.0 0.0 0.0
Se 1.953372347882e+01 9.526552372032e+00 2.969131231352e+01 1 1 1 0.0 0.0 0.0
Se 1.998945647621e+01 1.347331590483e+01 2.969131231352e+01 1 1 1 0.0 0.0 0.0
Se 1.543212650071e+01 4.001083426121e+00 2.969131231352e+01 1 1 1 0.0 0.0 0.0
Se 1.588785949809e+01 7.947846958915e+00 2.969131231352e+01 1 1 1 0.0 0.0 0.0
Se 1.634359249547e+01 1.189461049171e+01 2.969131231352e+01 1 1 1 0.0 0.0 0.0
Se 1.178626251997e+01 2.422378013003e+00 2.969131231352e+01 1 1 1 0.0 0.0 0.0
Se 1.224199551736e+01 6.369141545797e+00 2.969131231352e+01 1 1 1 0.0 0.0 0.0
Se 1.269772851474e+01 1.031590507859e+01 2.969131231352e+01 1 1 1 0.0 0.0 0.0
Se 1.315346151212e+01 1.426266861138e+01 2.969131231352e+01 1 1 1 0.0 0.0 0.0
Se 8.140398539238e+00 8.436725998859e-01 2.969131231352e+01 1 1 1 0.0 0.0 0.0
Se 8.596131536622e+00 4.790436132680e+00 2.969131231352e+01 1 1 1 0.0 0.0 0.0
Se 9.051864534006e+00 8.737199665473e+00 2.969131231352e+01 1 1 1 0.0 0.0 0.0
Se 9.507597531390e+00 1.268396319827e+01 2.969131231352e+01 1 1 1 0.0 0.0 0.0
Se 4.950267555888e+00 3.211730719562e+00 2.969131231352e+01 1 1 1 0.0 0.0 0.0
Se 5.406000553272e+00 7.158494252356e+00 2.969131231352e+01 1 1 1 0.0 0.0 0.0
Se 2.317958745956e+01 1.110525778515e+01 2.969131231352e+01 1 1 1 0.0 0.0 0.0
Se 1.304403575154e+00 1.633025306445e+00 2.969131231352e+01 1 1 1 0.0 0.0 0.0
Se 1.907799048144e+01 5.579788839238e+00 2.969131231352e+01 1 1 1 0.0 0.0 0.0
Se 1.497639350332e+01 5.431989332717e-02 2.969131231352e+01 1 1 1 0.0 0.0 0.0
Se 2.096572841443e+01 1.133877366474e+01 2.692457590224e+01 1 1 1 0.0 0.0 0.0
Se 1.276253445819e+01 2.878357729184e-01 2.692457590224e+01 1 1 1 0.0 0.0 0.0
Se 1.686413143631e+01 5.813304718830e+00 2.692457590224e+01 1 1 1 0.0 0.0 0.0
Se 1.731986443369e+01 9.760068251623e+00 2.692457590224e+01 1 1 1 0.0 0.0 0.0
Se 1.777559743108e+01 1.370683178442e+01 2.692457590224e+01 1 1 1 0.0 0.0 0.0
Se 1.321826745557e+01 4.234599305712e+00 2.692457590224e+01 1 1 1 0.0 0.0 0.0
Se 1.367400045296e+01 8.181362838506e+00 2.692457590224e+01 1 1 1 0.0 0.0 0.0
Se 1.412973345034e+01 1.212812637130e+01 2.692457590224e+01 1 1 1 0.0 0.0 0.0
Se 5.926539494107e+00 1.077188479477e+00 2.692457590224e+01 1 1 1 0.0 0.0 0.0
Se 9.572403474841e+00 2.655893892595e+00 2.692457590224e+01 1 1 1 0.0 0.0 0.0
Se 1.002813647222e+01 6.602657425388e+00 2.692457590224e+01 1 1 1 0.0 0.0 0.0
Se 1.048386946961e+01 1.054942095818e+01 2.692457590224e+01 1 1 1 0.0 0.0 0.0
Se 1.093960246699e+01 1.449618449098e+01 2.692457590224e+01 1 1 1 0.0 0.0 0.0
Se 6.382272491491e+00 5.023952012271e+00 2.692457590224e+01 1 1 1 0.0 0.0 0.0
Se 6.838005488875e+00 8.970715545065e+00 2.692457590224e+01 1 1 1 0.0 0.0 0.0
Se 2.461159239516e+01 1.291747907786e+01 2.692457590224e+01 1 1 1 0.0 0.0 0.0
Se 2.736408510757e+00 3.445246599153e+00 2.692457590224e+01 1 1 1 0.0 0.0 0.0
Se 2.050999541704e+01 7.392010131947e+00 2.692457590224e+01 1 1 1 0.0 0.0 0.0
Se 1.640839843892e+01 1.866541186036e+00 2.692457590224e+01 1 1 1 0.0 0.0 0.0
Se 1.959507620114e+01 9.478458211715e+00 2.330671355540e+01 1 1 1 0.0 0.0 0.0
Se 2.005080919853e+01 1.342522174451e+01 2.330671355540e+01 1 1 1 0.0 0.0 0.0
Se 1.549347922303e+01 3.952989265803e+00 2.330671355540e+01 1 1 1 0.0 0.0 0.0
Se 1.594921222041e+01 7.899752798597e+00 2.330671355540e+01 1 1 1 0.0 0.0 0.0
Se 1.640494521779e+01 1.184651633139e+01 2.330671355540e+01 1 1 1 0.0 0.0 0.0
Se 1.184761524229e+01 2.374283852686e+00 2.330671355540e+01 1 1 1 0.0 0.0 0.0
Se 1.230334823968e+01 6.321047385480e+00 2.330671355540e+01 1 1 1 0.0 0.0 0.0
Se 1.275908123706e+01 1.026781091827e+01 2.330671355540e+01 1 1 1 0.0 0.0 0.0
Se 1.321481423444e+01 1.421457445107e+01 2.330671355540e+01 1 1 1 0.0 0.0 0.0
Se 8.201751261559e+00 7.955784395685e-01 2.330671355540e+01 1 1 1 0.0 0.0 0.0
Se 8.657484258943e+00 4.742341972362e+00 2.330671355540e+01 1 1 1 0.0 0.0 0.0
Se 9.113217256327e+00 8.689105505156e+00 2.330671355540e+01 1 1 1 0.0 0.0 0.0
Se 9.568950253711e+00 1.263586903795e+01 2.330671355540e+01 1 1 1 0.0 0.0 0.0
Se 5.011620278209e+00 3.163636559245e+00 2.330671355540e+01 1 1 1 0.0 0.0 0.0
Se 5.467353275593e+00 7.110400092038e+00 2.330671355540e+01 1 1 1 0.0 0.0 0.0
Se 2.324094018188e+01 1.105716362483e+01 2.330671355540e+01 1 1 1 0.0 0.0 0.0
Se 1.365756297475e+00 1.584931146127e+00 2.330671355540e+01 1 1 1 0.0 0.0 0.0
Se 1.913934320376e+01 5.531694678921e+00 2.330671355540e+01 1 1 1 0.0 0.0 0.0
Se 1.503774622564e+01 6.225733009757e-03 2.330671355540e+01 1 1 1 0.0 0.0 0.0
Se 1.821624516678e+01 7.630241456107e+00 1.968357859229e+01 1 1 1 0.0 0.0 0.0
Se 1.867197816416e+01 1.157700498890e+01 1.968357859229e+01 1 1 1 0.0 0.0 0.0
Se 1.411464818866e+01 2.104772510196e+00 1.968357859229e+01 1 1 1 0.0 0.0 0.0
Se 1.457038118605e+01 6.051536042990e+00 1.968357859229e+01 1 1 1 0.0 0.0 0.0
Se 1.502611418343e+01 9.998299575783e+00 1.968357859229e+01 1 1 1 0.0 0.0 0.0
Se 1.046878420793e+01 5.260670970783e-01 1.968357859229e+01 1 1 1 0.0 0.0 0.0
Se 1.092451720531e+01 4.472830629872e+00 1.968357859229e+01 1 1 1 0.0 0.0 0.0
Se 1.138025020270e+01 8.419594162666e+00 1.968357859229e+01 1 1 1 0.0 0.0 0.0
Se 1.183598320008e+01 1.236635769546e+01 1.968357859229e+01 1 1 1 0.0 0.0 0.0
Se 1.548184718081e+01 1.394506310858e+01 1.968357859229e+01 1 1 1 0.0 0.0 0.0
Se 7.278653224579e+00 2.894125216755e+00 1.968357859229e+01 1 1 1 0.0 0.0 0.0
Se 7.734386221963e+00 6.840888749548e+00 1.968357859229e+01 1 1 1 0.0 0.0 0.0
Se 8.190119219347e+00 1.078765228234e+01 1.968357859229e+01 1 1 1 0.0 0.0 0.0
Se 3.632789243845e+00 1.315419803637e+00 1.968357859229e+01 1 1 1 0.0 0.0 0.0
Se 4.088522241229e+00 5.262183336431e+00 1.968357859229e+01 1 1 1 0.0 0.0 0.0
Se 2.186210914751e+01 9.208946869225e+00 1.968357859229e+01 1 1 1 0.0 0.0 0.0
Se 8.645852216730e+00 1.473441581514e+01 1.968357859229e+01 1 1 1 0.0 0.0 0.0
Se 1.776051216940e+01 3.683477923313e+00 1.968357859229e+01 1 1 1 0.0 0.0 0.0
Se 2.231784214490e+01 1.315571040202e+01 1.968357859229e+01 1 1 1 0.0 0.0 0.0
"