calculation_mode = "Quench Electrons"
cell_relax = "False"
charge_density_mixing = "0.1"
charge_mixing_type = "Broyden"
description = "Example parameters for high-throughput bulk relaxation of a vdW material"
dos_broading = "0.05"
dos_method = "Gaussian"
energy_convergence_criterion = "1e-10"
energy_output_units = "Hartrees"
kohn_sham_mucycles = "3"
kohn_sham_solver = "davidson"
kpoint_mesh = "1 1 1"
localize_projectors = "False"
max_md_steps = "100"
max_scf_steps = "200"
non_local_block_size = "4000"
potential_acceleration_constant_step = "1.5"
processor_grid = "5 8 17"
rms_convergence_criterion = "1e-08"
scalapack_block_factor = "64"
start_mode = "LCAO Start"
state_block_size = "64"
stress = "True"
subdiag_driver = "scalapack"
use_async_allreduce = "False"
vdw_corr = "DFT-D3"
vdwdf_kernel_filepath = "/lustre/orion/world-shared/cph162/rjmorelock/rmgdft/XC/vdW_kernel_table"
wavefunction_grid = "106 156 378"
write_data_period = "50"

atomic_coordinate_type = "Absolute"
crds_units = "Angstrom"
lattice_units = "Angstrom"

lattice_vector = "
1.248808205046e+01 0.000000000000e+00 8.000000000000e-16
9.606216956431e-01 1.830230143015e+01 1.100000000000e-15
0.000000000000e+00 0.000000000000e+00 4.446241589303e+01
"
atoms = "
Nb 1.892100027374e-01 6.217813707971e-01 1.532833092694e+01 1 1 1 0.0 0.0 0.0
Nb 2.590764243136e+00 3.117549747635e+00 1.532833092694e+01 1 1 1 0.0 0.0 0.0
Nb 1.630142546848e+00 6.445240916753e+00 1.532833092694e+01 1 1 1 0.0 0.0 0.0
Nb 6.695208505589e-01 9.772932085870e+00 1.532833092694e+01 1 1 1 0.0 0.0 0.0
Nb 5.952940179824e+00 2.285626955356e+00 1.532833092694e+01 1 1 1 0.0 0.0 0.0
Nb 4.992318483535e+00 5.613318124473e+00 1.532833092694e+01 1 1 1 0.0 0.0 0.0
Nb 4.031696787246e+00 8.941009293591e+00 1.532833092694e+01 1 1 1 0.0 0.0 0.0
Nb 3.071075090958e+00 1.226870046271e+01 1.532833092694e+01 1 1 1 0.0 0.0 0.0
Nb 2.110453394669e+00 1.559639163183e+01 1.532833092694e+01 1 1 1 0.0 0.0 0.0
Nb 9.315116116511e+00 1.453704163076e+00 1.532833092694e+01 1 1 1 0.0 0.0 0.0
Nb 8.354494420222e+00 4.781395332194e+00 1.532833092694e+01 1 1 1 0.0 0.0 0.0
Nb 7.393872723934e+00 8.109086501311e+00 1.532833092694e+01 1 1 1 0.0 0.0 0.0
Nb 6.433251027645e+00 1.143677767043e+01 1.532833092694e+01 1 1 1 0.0 0.0 0.0
Nb 5.472629331356e+00 1.476446883955e+01 1.532833092694e+01 1 1 1 0.0 0.0 0.0
Nb 4.512007635068e+00 1.809216000866e+01 1.532833092694e+01 1 1 1 0.0 0.0 0.0
Nb 1.171667035691e+01 3.949472539914e+00 1.532833092694e+01 1 1 1 0.0 0.0 0.0
Nb 1.075604866062e+01 7.277163709032e+00 1.532833092694e+01 1 1 1 0.0 0.0 0.0
Nb 9.795426964333e+00 1.060485487815e+01 1.532833092694e+01 1 1 1 0.0 0.0 0.0
Nb 8.834805268044e+00 1.393254604727e+01 1.532833092694e+01 1 1 1 0.0 0.0 0.0
Nb 7.874183571755e+00 1.726023721638e+01 1.532833092694e+01 1 1 1 0.0 0.0 0.0
Nb 1.219698120473e+01 1.310062325499e+01 1.532833092694e+01 1 1 1 0.0 0.0 0.0
Nb 1.123635950844e+01 1.642831442410e+01 1.532833092694e+01 1 1 1 0.0 0.0 0.0
Nb 1.983108262942e-01 6.254315239888e-01 9.182088683320e+00 1 1 1 0.0 0.0 0.0
Nb 2.599865066693e+00 3.121199900827e+00 9.182088683320e+00 1 1 1 0.0 0.0 0.0
Nb 1.639243370404e+00 6.448891069944e+00 9.182088683320e+00 1 1 1 0.0 0.0 0.0
Nb 6.786216741157e-01 9.776582239062e+00 9.182088683320e+00 1 1 1 0.0 0.0 0.0
Nb 5.962041003380e+00 2.289277108547e+00 9.182088683320e+00 1 1 1 0.0 0.0 0.0
Nb 5.001419307092e+00 5.616968277665e+00 9.182088683320e+00 1 1 1 0.0 0.0 0.0
Nb 4.040797610803e+00 8.944659446782e+00 9.182088683320e+00 1 1 1 0.0 0.0 0.0
Nb 3.080175914515e+00 1.227235061590e+01 9.182088683320e+00 1 1 1 0.0 0.0 0.0
Nb 2.119554218226e+00 1.560004178502e+01 9.182088683320e+00 1 1 1 0.0 0.0 0.0
Nb 9.324216940068e+00 1.457354316268e+00 9.182088683320e+00 1 1 1 0.0 0.0 0.0
Nb 8.363595243779e+00 4.785045485385e+00 9.182088683320e+00 1 1 1 0.0 0.0 0.0
Nb 7.402973547491e+00 8.112736654503e+00 9.182088683320e+00 1 1 1 0.0 0.0 0.0
Nb 6.442351851202e+00 1.144042782362e+01 9.182088683320e+00 1 1 1 0.0 0.0 0.0
Nb 5.481730154913e+00 1.476811899274e+01 9.182088683320e+00 1 1 1 0.0 0.0 0.0
Nb 4.521108458625e+00 1.809581016185e+01 9.182088683320e+00 1 1 1 0.0 0.0 0.0
Nb 1.172577118047e+01 3.953122693106e+00 9.182088683320e+00 1 1 1 0.0 0.0 0.0
Nb 1.076514948418e+01 7.280813862223e+00 9.182088683320e+00 1 1 1 0.0 0.0 0.0
Nb 9.804527787889e+00 1.060850503134e+01 9.182088683320e+00 1 1 1 0.0 0.0 0.0
Nb 8.843906091601e+00 1.393619620046e+01 9.182088683320e+00 1 1 1 0.0 0.0 0.0
Nb 7.883284395312e+00 1.726388736958e+01 9.182088683320e+00 1 1 1 0.0 0.0 0.0
Nb 1.220608202829e+01 1.310427340818e+01 9.182088683320e+00 1 1 1 0.0 0.0 0.0
Nb 1.124546033200e+01 1.643196457730e+01 9.182088683320e+00 1 1 1 0.0 0.0 0.0
Bi 5.865202654018e+00 1.339836939308e-01 3.532095071834e+01 1 1 1 0.0 0.0 0.0
Bi 1.702508637198e+00 1.339836939308e-01 3.532095071834e+01 1 1 1 0.0 0.0 0.0
Bi 1.002789667084e+01 1.339836939308e-01 3.532095071834e+01 1 1 1 0.0 0.0 0.0
Bi 7.722404599875e+00 3.794443979960e+00 3.532095071834e+01 1 1 1 0.0 0.0 0.0
Bi 3.559710583055e+00 3.794443979960e+00 3.532095071834e+01 1 1 1 0.0 0.0 0.0
Bi 1.188509861670e+01 3.794443979960e+00 3.532095071834e+01 1 1 1 0.0 0.0 0.0
Bi 9.579606545732e+00 7.454904265989e+00 3.532095071834e+01 1 1 1 0.0 0.0 0.0
Bi 5.416912528911e+00 7.454904265989e+00 3.532095071834e+01 1 1 1 0.0 0.0 0.0
Bi 1.254218512091e+00 7.454904265989e+00 3.532095071834e+01 1 1 1 0.0 0.0 0.0
Bi 7.274114474768e+00 1.111536455202e+01 3.532095071834e+01 1 1 1 0.0 0.0 0.0
Bi 3.111420457948e+00 1.111536455202e+01 3.532095071834e+01 1 1 1 0.0 0.0 0.0
Bi 1.143680849159e+01 1.111536455202e+01 3.532095071834e+01 1 1 1 0.0 0.0 0.0
Bi 9.131316420625e+00 1.477582483805e+01 3.532095071834e+01 1 1 1 0.0 0.0 0.0
Bi 4.968622403805e+00 1.477582483805e+01 3.532095071834e+01 1 1 1 0.0 0.0 0.0
Bi 8.059283869842e-01 1.477582483805e+01 3.532095071834e+01 1 1 1 0.0 0.0 0.0
Bi 7.864407686547e+00 1.319203751965e+00 3.133430771007e+01 1 1 1 0.0 0.0 0.0
Bi 3.701713669727e+00 1.319203751965e+00 3.133430771007e+01 1 1 1 0.0 0.0 0.0
Bi 1.202710170337e+01 1.319203751965e+00 3.133430771007e+01 1 1 1 0.0 0.0 0.0
Bi 9.721609632404e+00 4.979664037994e+00 3.133430771007e+01 1 1 1 0.0 0.0 0.0
Bi 5.558915615584e+00 4.979664037994e+00 3.133430771007e+01 1 1 1 0.0 0.0 0.0
Bi 1.396221598763e+00 4.979664037994e+00 3.133430771007e+01 1 1 1 0.0 0.0 0.0
Bi 1.157881157826e+01 8.640124324023e+00 3.133430771007e+01 1 1 1 0.0 0.0 0.0
Bi 7.416117561440e+00 8.640124324023e+00 3.133430771007e+01 1 1 1 0.0 0.0 0.0
Bi 3.253423544620e+00 8.640124324023e+00 3.133430771007e+01 1 1 1 0.0 0.0 0.0
Bi 9.273319507297e+00 1.230058461005e+01 3.133430771007e+01 1 1 1 0.0 0.0 0.0
Bi 5.110625490477e+00 1.230058461005e+01 3.133430771007e+01 1 1 1 0.0 0.0 0.0
Bi 9.479314736564e-01 1.230058461005e+01 3.133430771007e+01 1 1 1 0.0 0.0 0.0
Bi 1.113052145315e+01 1.596104489608e+01 3.133430771007e+01 1 1 1 0.0 0.0 0.0
Bi 6.967827436334e+00 1.596104489608e+01 3.133430771007e+01 1 1 1 0.0 0.0 0.0
Bi 2.805133419513e+00 1.596104489608e+01 3.133430771007e+01 1 1 1 0.0 0.0 0.0
Bi 7.915192396034e+00 1.270382156402e+00 2.529282906773e+01 1 1 1 0.0 0.0 0.0
Bi 3.752498379214e+00 1.270382156402e+00 2.529282906773e+01 1 1 1 0.0 0.0 0.0
Bi 1.207788641285e+01 1.270382156402e+00 2.529282906773e+01 1 1 1 0.0 0.0 0.0
Bi 9.772394341891e+00 4.930842442431e+00 2.529282906773e+01 1 1 1 0.0 0.0 0.0
Bi 5.609700325070e+00 4.930842442431e+00 2.529282906773e+01 1 1 1 0.0 0.0 0.0
Bi 1.447006308250e+00 4.930842442431e+00 2.529282906773e+01 1 1 1 0.0 0.0 0.0
Bi 1.162959628775e+01 8.591302728460e+00 2.529282906773e+01 1 1 1 0.0 0.0 0.0
Bi 7.466902270927e+00 8.591302728460e+00 2.529282906773e+01 1 1 1 0.0 0.0 0.0
Bi 3.304208254107e+00 8.591302728460e+00 2.529282906773e+01 1 1 1 0.0 0.0 0.0
Bi 9.324104216784e+00 1.225176301449e+01 2.529282906773e+01 1 1 1 0.0 0.0 0.0
Bi 5.161410199963e+00 1.225176301449e+01 2.529282906773e+01 1 1 1 0.0 0.0 0.0
Bi 9.987161831431e-01 1.225176301449e+01 2.529282906773e+01 1 1 1 0.0 0.0 0.0
Bi 1.118130616264e+01 1.591222330052e+01 2.529282906773e+01 1 1 1 0.0 0.0 0.0
Bi 7.018612145820e+00 1.591222330052e+01 2.529282906773e+01 1 1 1 0.0 0.0 0.0
Bi 2.855918129000e+00 1.591222330052e+01 2.529282906773e+01 1 1 1 0.0 0.0 0.0
Bi 4.845563799383e+00 1.712004619648e+01 2.132110864621e+01 1 1 1 0.0 0.0 0.0
Bi 1.317095183302e+01 1.712004619648e+01 2.132110864621e+01 1 1 1 0.0 0.0 0.0
Bi 9.008257816204e+00 1.712004619648e+01 2.132110864621e+01 1 1 1 0.0 0.0 0.0
Bi 5.742144049597e+00 2.478205052364e+00 2.132110864621e+01 1 1 1 0.0 0.0 0.0
Bi 1.579450032777e+00 2.478205052364e+00 2.132110864621e+01 1 1 1 0.0 0.0 0.0
Bi 9.904838066417e+00 2.478205052364e+00 2.132110864621e+01 1 1 1 0.0 0.0 0.0
Bi 7.599345995454e+00 6.138665338394e+00 2.132110864621e+01 1 1 1 0.0 0.0 0.0
Bi 3.436651978633e+00 6.138665338394e+00 2.132110864621e+01 1 1 1 0.0 0.0 0.0
Bi 1.176204001227e+01 6.138665338394e+00 2.132110864621e+01 1 1 1 0.0 0.0 0.0
Bi 5.293853924490e+00 9.799125624423e+00 2.132110864621e+01 1 1 1 0.0 0.0 0.0
Bi 1.131159907670e+00 9.799125624423e+00 2.132110864621e+01 1 1 1 0.0 0.0 0.0
Bi 9.456547941310e+00 9.799125624423e+00 2.132110864621e+01 1 1 1 0.0 0.0 0.0
Bi 7.151055870347e+00 1.345958591045e+01 2.132110864621e+01 1 1 1 0.0 0.0 0.0
Bi 2.988361853526e+00 1.345958591045e+01 2.132110864621e+01 1 1 1 0.0 0.0 0.0
Bi 1.131374988717e+01 1.345958591045e+01 2.132110864621e+01 1 1 1 0.0 0.0 0.0
Se 1.316716443423e+01 1.698625509189e+01 7.500000000000e+00 1 1 1 0.0 0.0 0.0
Se 2.120014928524e+00 1.179722038585e+00 7.500000000000e+00 1 1 1 0.0 0.0 0.0
Se 1.159393232235e+00 4.507413207702e+00 7.500000000000e+00 1 1 1 0.0 0.0 0.0
Se 1.268685358641e+01 7.835104376819e+00 7.500000000000e+00 1 1 1 0.0 0.0 0.0
Se 5.482190865211e+00 3.477992463053e-01 7.500000000000e+00 1 1 1 0.0 0.0 0.0
Se 4.521569168923e+00 3.675490415423e+00 7.500000000000e+00 1 1 1 0.0 0.0 0.0
Se 3.560947472634e+00 7.003181584540e+00 7.500000000000e+00 1 1 1 0.0 0.0 0.0
Se 2.600325776345e+00 1.033087275366e+01 7.500000000000e+00 1 1 1 0.0 0.0 0.0
Se 1.639704080057e+00 1.365856392277e+01 7.500000000000e+00 1 1 1 0.0 0.0 0.0
Se 9.804988497542e+00 1.781817788417e+01 7.500000000000e+00 1 1 1 0.0 0.0 0.0
Se 7.883745105610e+00 2.843567623143e+00 7.500000000000e+00 1 1 1 0.0 0.0 0.0
Se 6.923123409321e+00 6.171258792261e+00 7.500000000000e+00 1 1 1 0.0 0.0 0.0
Se 5.962501713033e+00 9.498949961378e+00 7.500000000000e+00 1 1 1 0.0 0.0 0.0
Se 5.001880016744e+00 1.282664113050e+01 7.500000000000e+00 1 1 1 0.0 0.0 0.0
Se 4.041258320456e+00 1.615433229961e+01 7.500000000000e+00 1 1 1 0.0 0.0 0.0
Se 1.124592104230e+01 2.011644830864e+00 7.500000000000e+00 1 1 1 0.0 0.0 0.0
Se 1.028529934601e+01 5.339335999981e+00 7.500000000000e+00 1 1 1 0.0 0.0 0.0
Se 9.324677649720e+00 8.667027169099e+00 7.500000000000e+00 1 1 1 0.0 0.0 0.0
Se 8.364055953432e+00 1.199471833822e+01 7.500000000000e+00 1 1 1 0.0 0.0 0.0
Se 7.403434257143e+00 1.532240950733e+01 7.500000000000e+00 1 1 1 0.0 0.0 0.0
Se 1.172623189012e+01 1.116279554594e+01 7.500000000000e+00 1 1 1 0.0 0.0 0.0
Se 1.076561019383e+01 1.449048671505e+01 7.500000000000e+00 1 1 1 0.0 0.0 0.0
Se 1.075623163594e+01 6.694275638296e-02 1.364602824434e+01 1 1 1 0.0 0.0 0.0
Se 6.697038258729e-01 2.562711133221e+00 1.364602824434e+01 1 1 1 0.0 0.0 0.0
Se 1.219716418005e+01 5.890402302338e+00 1.364602824434e+01 1 1 1 0.0 0.0 0.0
Se 1.123654248376e+01 9.218093471456e+00 1.364602824434e+01 1 1 1 0.0 0.0 0.0
Se 4.031879762560e+00 1.730788340942e+00 1.364602824434e+01 1 1 1 0.0 0.0 0.0
Se 3.071258066272e+00 5.058479510059e+00 1.364602824434e+01 1 1 1 0.0 0.0 0.0
Se 2.110636369983e+00 8.386170679176e+00 1.364602824434e+01 1 1 1 0.0 0.0 0.0
Se 1.150014673694e+00 1.171386184829e+01 1.364602824434e+01 1 1 1 0.0 0.0 0.0
Se 1.267747502787e+01 1.504155301741e+01 1.364602824434e+01 1 1 1 0.0 0.0 0.0
Se 7.394055699248e+00 8.988655486623e-01 1.364602824434e+01 1 1 1 0.0 0.0 0.0
Se 6.433434002959e+00 4.226556717780e+00 1.364602824434e+01 1 1 1 0.0 0.0 0.0
Se 5.472812306670e+00 7.554247886897e+00 1.364602824434e+01 1 1 1 0.0 0.0 0.0
Se 4.512190610382e+00 1.088193905601e+01 1.364602824434e+01 1 1 1 0.0 0.0 0.0
Se 3.551568914093e+00 1.420963022513e+01 1.364602824434e+01 1 1 1 0.0 0.0 0.0
Se 2.590947217805e+00 1.753732139425e+01 1.364602824434e+01 1 1 1 0.0 0.0 0.0
Se 9.795609939647e+00 3.394633925500e+00 1.364602824434e+01 1 1 1 0.0 0.0 0.0
Se 8.834988243358e+00 6.722325094618e+00 1.364602824434e+01 1 1 1 0.0 0.0 0.0
Se 7.874366547069e+00 1.005001626374e+01 1.364602824434e+01 1 1 1 0.0 0.0 0.0
Se 6.913744850781e+00 1.337770743285e+01 1.364602824434e+01 1 1 1 0.0 0.0 0.0
Se 5.953123154492e+00 1.670539860197e+01 1.364602824434e+01 1 1 1 0.0 0.0 0.0
Se 1.027592078747e+01 1.254578464057e+01 1.364602824434e+01 1 1 1 0.0 0.0 0.0
Se 9.315299091179e+00 1.587347580969e+01 1.364602824434e+01 1 1 1 0.0 0.0 0.0
Se 1.316608828002e+01 1.698626433942e+01 1.086443756309e+01 1 1 1 0.0 0.0 0.0
Se 2.118938774311e+00 1.179731286111e+00 1.086443756309e+01 1 1 1 0.0 0.0 0.0
Se 1.158317078022e+00 4.507422455228e+00 1.086443756309e+01 1 1 1 0.0 0.0 0.0
Se 1.268577743219e+01 7.835113624346e+00 1.086443756309e+01 1 1 1 0.0 0.0 0.0
Se 5.481114710999e+00 3.478084938315e-01 1.086443756309e+01 1 1 1 0.0 0.0 0.0
Se 4.520493014710e+00 3.675499662949e+00 1.086443756309e+01 1 1 1 0.0 0.0 0.0
Se 3.559871318421e+00 7.003190832066e+00 1.086443756309e+01 1 1 1 0.0 0.0 0.0
Se 2.599249622133e+00 1.033088200118e+01 1.086443756309e+01 1 1 1 0.0 0.0 0.0
Se 1.638627925844e+00 1.365857317030e+01 1.086443756309e+01 1 1 1 0.0 0.0 0.0
Se 9.803912343329e+00 1.781818713170e+01 1.086443756309e+01 1 1 1 0.0 0.0 0.0
Se 7.882668951397e+00 2.843576870670e+00 1.086443756309e+01 1 1 1 0.0 0.0 0.0
Se 6.922047255109e+00 6.171268039787e+00 1.086443756309e+01 1 1 1 0.0 0.0 0.0
Se 5.961425558820e+00 9.498959208904e+00 1.086443756309e+01 1 1 1 0.0 0.0 0.0
Se 5.000803862531e+00 1.282665037802e+01 1.086443756309e+01 1 1 1 0.0 0.0 0.0
Se 4.040182166243e+00 1.615434154714e+01 1.086443756309e+01 1 1 1 0.0 0.0 0.0
Se 1.124484488808e+01 2.011654078390e+00 1.086443756309e+01 1 1 1 0.0 0.0 0.0
Se 1.028422319180e+01 5.339345247508e+00 1.086443756309e+01 1 1 1 0.0 0.0 0.0
Se 9.323601495507e+00 8.667036416625e+00 1.086443756309e+01 1 1 1 0.0 0.0 0.0
Se 8.362979799219e+00 1.199472758574e+01 1.086443756309e+01 1 1 1 0.0 0.0 0.0
Se 7.402358102930e+00 1.532241875486e+01 1.086443756309e+01 1 1 1 0.0 0.0 0.0
Se 1.172515573591e+01 1.116280479346e+01 1.086443756309e+01 1 1 1 0.0 0.0 0.0
Se 1.076453403962e+01 1.449049596258e+01 1.086443756309e+01 1 1 1 0.0 0.0 0.0
Se 1.075519054972e+01 6.713096261212e-02 1.701046802998e+01 1 1 1 0.0 0.0 0.0
Se 6.686627396583e-01 2.562899339450e+00 1.701046802998e+01 1 1 1 0.0 0.0 0.0
Se 1.219612309383e+01 5.890590508567e+00 1.701046802998e+01 1 1 1 0.0 0.0 0.0
Se 1.123550139754e+01 9.218281677685e+00 1.701046802998e+01 1 1 1 0.0 0.0 0.0
Se 4.030838676346e+00 1.730976547171e+00 1.701046802998e+01 1 1 1 0.0 0.0 0.0
Se 3.070216980057e+00 5.058667716288e+00 1.701046802998e+01 1 1 1 0.0 0.0 0.0
Se 2.109595283768e+00 8.386358885406e+00 1.701046802998e+01 1 1 1 0.0 0.0 0.0
Se 1.148973587480e+00 1.171405005452e+01 1.701046802998e+01 1 1 1 0.0 0.0 0.0
Se 1.267643394165e+01 1.504174122364e+01 1.701046802998e+01 1 1 1 0.0 0.0 0.0
Se 7.393014613033e+00 8.990537548915e-01 1.701046802998e+01 1 1 1 0.0 0.0 0.0
Se 6.432392916745e+00 4.226744924009e+00 1.701046802998e+01 1 1 1 0.0 0.0 0.0
Se 5.471771220456e+00 7.554436093126e+00 1.701046802998e+01 1 1 1 0.0 0.0 0.0
Se 4.511149524167e+00 1.088212726224e+01 1.701046802998e+01 1 1 1 0.0 0.0 0.0
Se 3.550527827879e+00 1.420981843136e+01 1.701046802998e+01 1 1 1 0.0 0.0 0.0
Se 2.589906131590e+00 1.753750960048e+01 1.701046802998e+01 1 1 1 0.0 0.0 0.0
Se 9.794568853432e+00 3.394822131729e+00 1.701046802998e+01 1 1 1 0.0 0.0 0.0
Se 8.833947157143e+00 6.722513300847e+00 1.701046802998e+01 1 1 1 0.0 0.0 0.0
Se 7.873325460855e+00 1.005020446996e+01 1.701046802998e+01 1 1 1 0.0 0.0 0.0
Se 6.912703764566e+00 1.337789563908e+01 1.701046802998e+01 1 1 1 0.0 0.0 0.0
Se 5.952082068277e+00 1.670558680820e+01 1.701046802998e+01 1 1 1 0.0 0.0 0.0
Se 1.027487970125e+01 1.254597284680e+01 1.701046802998e+01 1 1 1 0.0 0.0 0.0
Se 9.314258004965e+00 1.587366401592e+01 1.701046802998e+01 1 1 1 0.0 0.0 0.0
Se 7.882170747366e+00 1.359830933974e+00 3.696241589303e+01 1 1 1 0.0 0.0 0.0
Se 3.719476730546e+00 1.359830933974e+00 3.696241589303e+01 1 1 1 0.0 0.0 0.0
Se 1.204486476419e+01 1.359830933974e+00 3.696241589303e+01 1 1 1 0.0 0.0 0.0
Se 9.739372693223e+00 5.020291220003e+00 3.696241589303e+01 1 1 1 0.0 0.0 0.0
Se 5.576678676402e+00 5.020291220003e+00 3.696241589303e+01 1 1 1 0.0 0.0 0.0
Se 1.413984659582e+00 5.020291220003e+00 3.696241589303e+01 1 1 1 0.0 0.0 0.0
Se 1.159657463908e+01 8.680751506032e+00 3.696241589303e+01 1 1 1 0.0 0.0 0.0
Se 7.433880622259e+00 8.680751506032e+00 3.696241589303e+01 1 1 1 0.0 0.0 0.0
Se 3.271186605439e+00 8.680751506032e+00 3.696241589303e+01 1 1 1 0.0 0.0 0.0
Se 9.291082568116e+00 1.234121179206e+01 3.696241589303e+01 1 1 1 0.0 0.0 0.0
Se 5.128388551296e+00 1.234121179206e+01 3.696241589303e+01 1 1 1 0.0 0.0 0.0
Se 9.656945344753e-01 1.234121179206e+01 3.696241589303e+01 1 1 1 0.0 0.0 0.0
Se 1.114828451397e+01 1.600167207809e+01 3.696241589303e+01 1 1 1 0.0 0.0 0.0
Se 6.985590497152e+00 1.600167207809e+01 3.696241589303e+01 1 1 1 0.0 0.0 0.0
Se 2.822896480332e+00 1.600167207809e+01 3.696241589303e+01 1 1 1 0.0 0.0 0.0
Se 4.802048504828e+00 1.719791343234e+01 3.332483142763e+01 1 1 1 0.0 0.0 0.0
Se 1.312743653847e+01 1.719791343234e+01 3.332483142763e+01 1 1 1 0.0 0.0 0.0
Se 8.964742521648e+00 1.719791343234e+01 3.332483142763e+01 1 1 1 0.0 0.0 0.0
Se 5.698628755041e+00 2.556072288220e+00 3.332483142763e+01 1 1 1 0.0 0.0 0.0
Se 1.535934738221e+00 2.556072288220e+00 3.332483142763e+01 1 1 1 0.0 0.0 0.0
Se 9.861322771862e+00 2.556072288220e+00 3.332483142763e+01 1 1 1 0.0 0.0 0.0
Se 7.555830700898e+00 6.216532574249e+00 3.332483142763e+01 1 1 1 0.0 0.0 0.0
Se 3.393136684078e+00 6.216532574249e+00 3.332483142763e+01 1 1 1 0.0 0.0 0.0
Se 1.171852471772e+01 6.216532574249e+00 3.332483142763e+01 1 1 1 0.0 0.0 0.0
Se 5.250338629935e+00 9.876992860279e+00 3.332483142763e+01 1 1 1 0.0 0.0 0.0
Se 1.087644613114e+00 9.876992860279e+00 3.332483142763e+01 1 1 1 0.0 0.0 0.0
Se 9.413032646755e+00 9.876992860279e+00 3.332483142763e+01 1 1 1 0.0 0.0 0.0
Se 7.107540575791e+00 1.353745314631e+01 3.332483142763e+01 1 1 1 0.0 0.0 0.0
Se 2.944846558971e+00 1.353745314631e+01 3.332483142763e+01 1 1 1 0.0 0.0 0.0
Se 1.127023459261e+01 1.353745314631e+01 3.332483142763e+01 1 1 1 0.0 0.0 0.0
Se 5.860902245484e+00 1.128503939713e-01 2.969131231352e+01 1 1 1 0.0 0.0 0.0
Se 1.698208228663e+00 1.128503939713e-01 2.969131231352e+01 1 1 1 0.0 0.0 0.0
Se 1.002359626230e+01 1.128503939713e-01 2.969131231352e+01 1 1 1 0.0 0.0 0.0
Se 7.718104191340e+00 3.773310680000e+00 2.969131231352e+01 1 1 1 0.0 0.0 0.0
Se 3.555410174520e+00 3.773310680000e+00 2.969131231352e+01 1 1 1 0.0 0.0 0.0
Se 1.188079820816e+01 3.773310680000e+00 2.969131231352e+01 1 1 1 0.0 0.0 0.0
Se 9.575306137197e+00 7.433770966029e+00 2.969131231352e+01 1 1 1 0.0 0.0 0.0
Se 5.412612120377e+00 7.433770966029e+00 2.969131231352e+01 1 1 1 0.0 0.0 0.0
Se 1.249918103556e+00 7.433770966029e+00 2.969131231352e+01 1 1 1 0.0 0.0 0.0
Se 7.269814066234e+00 1.109423125206e+01 2.969131231352e+01 1 1 1 0.0 0.0 0.0
Se 3.107120049413e+00 1.109423125206e+01 2.969131231352e+01 1 1 1 0.0 0.0 0.0
Se 1.143250808305e+01 1.109423125206e+01 2.969131231352e+01 1 1 1 0.0 0.0 0.0
Se 9.127016012090e+00 1.475469153809e+01 2.969131231352e+01 1 1 1 0.0 0.0 0.0
Se 4.964321995270e+00 1.475469153809e+01 2.969131231352e+01 1 1 1 0.0 0.0 0.0
Se 8.016279784496e-01 1.475469153809e+01 2.969131231352e+01 1 1 1 0.0 0.0 0.0
Se 4.842328784657e+00 1.712289609207e+01 2.692457590224e+01 1 1 1 0.0 0.0 0.0
Se 1.316771681830e+01 1.712289609207e+01 2.692457590224e+01 1 1 1 0.0 0.0 0.0
Se 9.005022801477e+00 1.712289609207e+01 2.692457590224e+01 1 1 1 0.0 0.0 0.0
Se 5.738909034871e+00 2.481054947956e+00 2.692457590224e+01 1 1 1 0.0 0.0 0.0
Se 1.576215018050e+00 2.481054947956e+00 2.692457590224e+01 1 1 1 0.0 0.0 0.0
Se 9.901603051691e+00 2.481054947956e+00 2.692457590224e+01 1 1 1 0.0 0.0 0.0
Se 7.596110980728e+00 6.141515233985e+00 2.692457590224e+01 1 1 1 0.0 0.0 0.0
Se 3.433416963907e+00 6.141515233985e+00 2.692457590224e+01 1 1 1 0.0 0.0 0.0
Se 1.175880499755e+01 6.141515233985e+00 2.692457590224e+01 1 1 1 0.0 0.0 0.0
Se 5.290618909764e+00 9.801975520015e+00 2.692457590224e+01 1 1 1 0.0 0.0 0.0
Se 1.127924892944e+00 9.801975520015e+00 2.692457590224e+01 1 1 1 0.0 0.0 0.0
Se 9.453312926584e+00 9.801975520015e+00 2.692457590224e+01 1 1 1 0.0 0.0 0.0
Se 7.147820855621e+00 1.346243580604e+01 2.692457590224e+01 1 1 1 0.0 0.0 0.0
Se 2.985126838800e+00 1.346243580604e+01 2.692457590224e+01 1 1 1 0.0 0.0 0.0
Se 1.131051487244e+01 1.346243580604e+01 2.692457590224e+01 1 1 1 0.0 0.0 0.0
Se 5.907916388619e+00 4.214090130768e-02 2.330671355540e+01 1 1 1 0.0 0.0 0.0
Se 1.745222371799e+00 4.214090130768e-02 2.330671355540e+01 1 1 1 0.0 0.0 0.0
Se 1.007061040544e+01 4.214090130768e-02 2.330671355540e+01 1 1 1 0.0 0.0 0.0
Se 7.765118334476e+00 3.702601187337e+00 2.330671355540e+01 1 1 1 0.0 0.0 0.0
Se 3.602424317656e+00 3.702601187337e+00 2.330671355540e+01 1 1 1 0.0 0.0 0.0
Se 1.192781235130e+01 3.702601187337e+00 2.330671355540e+01 1 1 1 0.0 0.0 0.0
Se 9.622320280333e+00 7.363061473366e+00 2.330671355540e+01 1 1 1 0.0 0.0 0.0
Se 5.459626263513e+00 7.363061473366e+00 2.330671355540e+01 1 1 1 0.0 0.0 0.0
Se 1.296932246692e+00 7.363061473366e+00 2.330671355540e+01 1 1 1 0.0 0.0 0.0
Se 7.316828209369e+00 1.102352175939e+01 2.330671355540e+01 1 1 1 0.0 0.0 0.0
Se 3.154134192549e+00 1.102352175939e+01 2.330671355540e+01 1 1 1 0.0 0.0 0.0
Se 1.147952222619e+01 1.102352175939e+01 2.330671355540e+01 1 1 1 0.0 0.0 0.0
Se 9.174030155226e+00 1.468398204542e+01 2.330671355540e+01 1 1 1 0.0 0.0 0.0
Se 5.011336138406e+00 1.468398204542e+01 2.330671355540e+01 1 1 1 0.0 0.0 0.0
Se 8.486421215855e-01 1.468398204542e+01 2.330671355540e+01 1 1 1 0.0 0.0 0.0
Se 7.921896234766e+00 1.273807346484e+00 1.968357859229e+01 1 1 1 0.0 0.0 0.0
Se 3.759202217946e+00 1.273807346484e+00 1.968357859229e+01 1 1 1 0.0 0.0 0.0
Se 1.208459025159e+01 1.273807346484e+00 1.968357859229e+01 1 1 1 0.0 0.0 0.0
Se 9.779098180623e+00 4.934267632513e+00 1.968357859229e+01 1 1 1 0.0 0.0 0.0
Se 5.616404163803e+00 4.934267632513e+00 1.968357859229e+01 1 1 1 0.0 0.0 0.0
Se 1.453710146982e+00 4.934267632513e+00 1.968357859229e+01 1 1 1 0.0 0.0 0.0
Se 1.163630012648e+01 8.594727918542e+00 1.968357859229e+01 1 1 1 0.0 0.0 0.0
Se 7.473606109660e+00 8.594727918542e+00 1.968357859229e+01 1 1 1 0.0 0.0 0.0
Se 3.310912092839e+00 8.594727918542e+00 1.968357859229e+01 1 1 1 0.0 0.0 0.0
Se 9.330808055516e+00 1.225518820457e+01 1.968357859229e+01 1 1 1 0.0 0.0 0.0
Se 5.168114038696e+00 1.225518820457e+01 1.968357859229e+01 1 1 1 0.0 0.0 0.0
Se 1.005420021876e+00 1.225518820457e+01 1.968357859229e+01 1 1 1 0.0 0.0 0.0
Se 1.118801000137e+01 1.591564849060e+01 1.968357859229e+01 1 1 1 0.0 0.0 0.0
Se 7.025315984553e+00 1.591564849060e+01 1.968357859229e+01 1 1 1 0.0 0.0 0.0
Se 2.862621967732e+00 1.591564849060e+01 1.968357859229e+01 1 1 1 0.0 0.0 0.0
"