calculation_mode = "Quench Electrons"
cell_relax = "False"
charge_density_mixing = "0.1"
charge_mixing_type = "Broyden"
description = "Example parameters for high-throughput bulk relaxation of a vdW material"
dipole_moment = "True"
dos_broading = "0.05"
dos_method = "Gaussian"
energy_convergence_criterion = "1e-10"
energy_output_units = "Hartrees"
kohn_sham_mucycles = "3"
kohn_sham_solver = "davidson"
kpoint_distribution = "1"
kpoint_mesh = "1 1 1"
localize_projectors = "False"
max_md_steps = "100"
max_scf_steps = "200"
non_local_block_size = "4000"
output_wave_function_file = "/dev/null"
potential_acceleration_constant_step = "1.5"
processor_grid = "6 6 16"
rms_convergence_criterion = "1e-08"
start_mode = "LCAO Start"
stress = "True"
subdiag_driver = "scalapack"
use_async_allreduce = "False"
vdw_corr = "DFT-D3"
vdwdf_kernel_filepath = "/lustre/orion/world-shared/cph162/rjmorelock/rmgdft/XC/vdW_kernel_table"
wavefunction_grid = "178 178 426"
write_data_period = "50"

atomic_coordinate_type = "Absolute"
crds_units = "Angstrom"
lattice_units = "Angstrom"

lattice_vector = "
2.078142469068e+01 0.000000000000e+00 1.300000000000e-15
1.039071234434e+01 1.799724170954e+01 1.300000000000e-15
0.000000000000e+00 0.000000000000e+00 4.998930533072e+01
"
atoms = "
Nb 2.311228944532e+01 1.152906506356e+01 1.782833092694e+01 1 1 1 0.0 0.0 0.0
Nb 1.964871866354e+01 1.152906506356e+01 1.782833092694e+01 1 1 1 0.0 0.0 0.0
Nb 1.618514788176e+01 1.152906506356e+01 1.782833092694e+01 1 1 1 0.0 0.0 0.0
Nb 1.272157709998e+01 1.152906506356e+01 1.782833092694e+01 1 1 1 0.0 0.0 0.0
Nb 9.258006318202e+00 1.152906506356e+01 1.782833092694e+01 1 1 1 0.0 0.0 0.0
Nb 2.657586022710e+01 1.152906506356e+01 1.782833092694e+01 1 1 1 0.0 0.0 0.0
Nb 2.138050405460e+01 8.529524778636e+00 1.782833092694e+01 1 1 1 0.0 0.0 0.0
Nb 1.791693327282e+01 8.529524778636e+00 1.782833092694e+01 1 1 1 0.0 0.0 0.0
Nb 1.445336249104e+01 8.529524778636e+00 1.782833092694e+01 1 1 1 0.0 0.0 0.0
Nb 1.098979170926e+01 8.529524778636e+00 1.782833092694e+01 1 1 1 0.0 0.0 0.0
Nb 7.526220927478e+00 8.529524778636e+00 1.782833092694e+01 1 1 1 0.0 0.0 0.0
Nb 2.484407483638e+01 8.529524778636e+00 1.782833092694e+01 1 1 1 0.0 0.0 0.0
Nb 1.964871866387e+01 5.529984493713e+00 1.782833092694e+01 1 1 1 0.0 0.0 0.0
Nb 1.618514788209e+01 5.529984493713e+00 1.782833092694e+01 1 1 1 0.0 0.0 0.0
Nb 1.272157710031e+01 5.529984493713e+00 1.782833092694e+01 1 1 1 0.0 0.0 0.0
Nb 9.258006318534e+00 5.529984493713e+00 1.782833092694e+01 1 1 1 0.0 0.0 0.0
Nb 5.794435536754e+00 5.529984493713e+00 1.782833092694e+01 1 1 1 0.0 0.0 0.0
Nb 2.311228944566e+01 5.529984493713e+00 1.782833092694e+01 1 1 1 0.0 0.0 0.0
Nb 1.791693327315e+01 2.530444208789e+00 1.782833092694e+01 1 1 1 0.0 0.0 0.0
Nb 1.445336249137e+01 2.530444208789e+00 1.782833092694e+01 1 1 1 0.0 0.0 0.0
Nb 1.098979170959e+01 2.530444208789e+00 1.782833092694e+01 1 1 1 0.0 0.0 0.0
Nb 7.526220927810e+00 2.530444208789e+00 1.782833092694e+01 1 1 1 0.0 0.0 0.0
Nb 4.062650146030e+00 2.530444208789e+00 1.782833092694e+01 1 1 1 0.0 0.0 0.0
Nb 2.138050405493e+01 2.530444208789e+00 1.782833092694e+01 1 1 1 0.0 0.0 0.0
Nb 2.657586022677e+01 1.752814563341e+01 1.782833092694e+01 1 1 1 0.0 0.0 0.0
Nb 2.311228944499e+01 1.752814563341e+01 1.782833092694e+01 1 1 1 0.0 0.0 0.0
Nb 1.964871866321e+01 1.752814563341e+01 1.782833092694e+01 1 1 1 0.0 0.0 0.0
Nb 1.618514788143e+01 1.752814563341e+01 1.782833092694e+01 1 1 1 0.0 0.0 0.0
Nb 1.272157709965e+01 1.752814563341e+01 1.782833092694e+01 1 1 1 0.0 0.0 0.0
Nb 3.003943100855e+01 1.752814563341e+01 1.782833092694e+01 1 1 1 0.0 0.0 0.0
Nb 2.484407483605e+01 1.452860534848e+01 1.782833092694e+01 1 1 1 0.0 0.0 0.0
Nb 2.138050405427e+01 1.452860534848e+01 1.782833092694e+01 1 1 1 0.0 0.0 0.0
Nb 1.791693327249e+01 1.452860534848e+01 1.782833092694e+01 1 1 1 0.0 0.0 0.0
Nb 1.445336249071e+01 1.452860534848e+01 1.782833092694e+01 1 1 1 0.0 0.0 0.0
Nb 1.098979170893e+01 1.452860534848e+01 1.782833092694e+01 1 1 1 0.0 0.0 0.0
Nb 2.830764561783e+01 1.452860534848e+01 1.782833092694e+01 1 1 1 0.0 0.0 0.0
Nb 2.311130660588e+01 1.151930890477e+01 1.168208868332e+01 1 1 1 0.0 0.0 0.0
Nb 1.964773582410e+01 1.151930890477e+01 1.168208868332e+01 1 1 1 0.0 0.0 0.0
Nb 1.618416504232e+01 1.151930890477e+01 1.168208868332e+01 1 1 1 0.0 0.0 0.0
Nb 1.272059426054e+01 1.151930890477e+01 1.168208868332e+01 1 1 1 0.0 0.0 0.0
Nb 9.257023478758e+00 1.151930890477e+01 1.168208868332e+01 1 1 1 0.0 0.0 0.0
Nb 2.657487738766e+01 1.151930890477e+01 1.168208868332e+01 1 1 1 0.0 0.0 0.0
Nb 2.137952121516e+01 8.519768619844e+00 1.168208868332e+01 1 1 1 0.0 0.0 0.0
Nb 1.791595043338e+01 8.519768619844e+00 1.168208868332e+01 1 1 1 0.0 0.0 0.0
Nb 1.445237965160e+01 8.519768619844e+00 1.168208868332e+01 1 1 1 0.0 0.0 0.0
Nb 1.098880886981e+01 8.519768619844e+00 1.168208868332e+01 1 1 1 0.0 0.0 0.0
Nb 7.525238088034e+00 8.519768619844e+00 1.168208868332e+01 1 1 1 0.0 0.0 0.0
Nb 2.484309199694e+01 8.519768619844e+00 1.168208868332e+01 1 1 1 0.0 0.0 0.0
Nb 1.964773582443e+01 5.520228334921e+00 1.168208868332e+01 1 1 1 0.0 0.0 0.0
Nb 1.618416504265e+01 5.520228334921e+00 1.168208868332e+01 1 1 1 0.0 0.0 0.0
Nb 1.272059426087e+01 5.520228334921e+00 1.168208868332e+01 1 1 1 0.0 0.0 0.0
Nb 9.257023479091e+00 5.520228334921e+00 1.168208868332e+01 1 1 1 0.0 0.0 0.0
Nb 5.793452697311e+00 5.520228334921e+00 1.168208868332e+01 1 1 1 0.0 0.0 0.0
Nb 2.311130660621e+01 5.520228334921e+00 1.168208868332e+01 1 1 1 0.0 0.0 0.0
Nb 1.791595043371e+01 2.520688049998e+00 1.168208868332e+01 1 1 1 0.0 0.0 0.0
Nb 1.445237965193e+01 2.520688049998e+00 1.168208868332e+01 1 1 1 0.0 0.0 0.0
Nb 1.098880887015e+01 2.520688049998e+00 1.168208868332e+01 1 1 1 0.0 0.0 0.0
Nb 7.525238088367e+00 2.520688049998e+00 1.168208868332e+01 1 1 1 0.0 0.0 0.0
Nb 4.061667306587e+00 2.520688049998e+00 1.168208868332e+01 1 1 1 0.0 0.0 0.0
Nb 2.137952121549e+01 2.520688049998e+00 1.168208868332e+01 1 1 1 0.0 0.0 0.0
Nb 2.657487738733e+01 1.751838947461e+01 1.168208868332e+01 1 1 1 0.0 0.0 0.0
Nb 2.311130660555e+01 1.751838947461e+01 1.168208868332e+01 1 1 1 0.0 0.0 0.0
Nb 1.964773582377e+01 1.751838947461e+01 1.168208868332e+01 1 1 1 0.0 0.0 0.0
Nb 1.618416504199e+01 1.751838947461e+01 1.168208868332e+01 1 1 1 0.0 0.0 0.0
Nb 1.272059426021e+01 1.751838947461e+01 1.168208868332e+01 1 1 1 0.0 0.0 0.0
Nb 3.003844816911e+01 1.751838947461e+01 1.168208868332e+01 1 1 1 0.0 0.0 0.0
Nb 2.484309199660e+01 1.451884918969e+01 1.168208868332e+01 1 1 1 0.0 0.0 0.0
Nb 2.137952121482e+01 1.451884918969e+01 1.168208868332e+01 1 1 1 0.0 0.0 0.0
Nb 1.791595043304e+01 1.451884918969e+01 1.168208868332e+01 1 1 1 0.0 0.0 0.0
Nb 1.445237965126e+01 1.451884918969e+01 1.168208868332e+01 1 1 1 0.0 0.0 0.0
Nb 1.098880886948e+01 1.451884918969e+01 1.168208868332e+01 1 1 1 0.0 0.0 0.0
Nb 2.830666277838e+01 1.451884918969e+01 1.168208868332e+01 1 1 1 0.0 0.0 0.0
Bi 8.284005932489e+00 9.518047519592e+00 3.834784015603e+01 1 1 1 0.0 0.0 0.0
Bi 6.205863463620e+00 5.918599177684e+00 3.834784015603e+01 1 1 1 0.0 0.0 0.0
Bi 4.127720994752e+00 2.319150835776e+00 3.834784015603e+01 1 1 1 0.0 0.0 0.0
Bi 1.244029087023e+01 1.671694420341e+01 3.834784015603e+01 1 1 1 0.0 0.0 0.0
Bi 1.036214840136e+01 1.311749586150e+01 3.834784015603e+01 1 1 1 0.0 0.0 0.0
Bi 1.244029087063e+01 9.518047519592e+00 3.834784015603e+01 1 1 1 0.0 0.0 0.0
Bi 1.036214840176e+01 5.918599177684e+00 3.834784015603e+01 1 1 1 0.0 0.0 0.0
Bi 8.284005932888e+00 2.319150835776e+00 3.834784015603e+01 1 1 1 0.0 0.0 0.0
Bi 1.659657580836e+01 1.671694420341e+01 3.834784015603e+01 1 1 1 0.0 0.0 0.0
Bi 1.451843333949e+01 1.311749586150e+01 3.834784015603e+01 1 1 1 0.0 0.0 0.0
Bi 1.659657580876e+01 9.518047519592e+00 3.834784015603e+01 1 1 1 0.0 0.0 0.0
Bi 1.451843333989e+01 5.918599177684e+00 3.834784015603e+01 1 1 1 0.0 0.0 0.0
Bi 1.244029087102e+01 2.319150835776e+00 3.834784015603e+01 1 1 1 0.0 0.0 0.0
Bi 2.075286074650e+01 1.671694420341e+01 3.834784015603e+01 1 1 1 0.0 0.0 0.0
Bi 1.867471827763e+01 1.311749586150e+01 3.834784015603e+01 1 1 1 0.0 0.0 0.0
Bi 2.075286074690e+01 9.518047519592e+00 3.834784015603e+01 1 1 1 0.0 0.0 0.0
Bi 1.867471827803e+01 5.918599177684e+00 3.834784015603e+01 1 1 1 0.0 0.0 0.0
Bi 1.659657580916e+01 2.319150835776e+00 3.834784015603e+01 1 1 1 0.0 0.0 0.0
Bi 2.490914568464e+01 1.671694420341e+01 3.834784015603e+01 1 1 1 0.0 0.0 0.0
Bi 2.283100321577e+01 1.311749586150e+01 3.834784015603e+01 1 1 1 0.0 0.0 0.0
Bi 2.490914568503e+01 9.518047519592e+00 3.834784015603e+01 1 1 1 0.0 0.0 0.0
Bi 2.283100321617e+01 5.918599177684e+00 3.834784015603e+01 1 1 1 0.0 0.0 0.0
Bi 2.075286074730e+01 2.319150835776e+00 3.834784015603e+01 1 1 1 0.0 0.0 0.0
Bi 2.906543062277e+01 1.671694420341e+01 3.834784015603e+01 1 1 1 0.0 0.0 0.0
Bi 2.698728815390e+01 1.311749586150e+01 3.834784015603e+01 1 1 1 0.0 0.0 0.0
Bi 2.695276355228e+01 1.072676748325e+01 3.436119714775e+01 1 1 1 0.0 0.0 0.0
Bi 2.487462108341e+01 7.127319141344e+00 3.436119714775e+01 1 1 1 0.0 0.0 0.0
Bi 2.279647861454e+01 3.527870799436e+00 3.436119714775e+01 1 1 1 0.0 0.0 0.0
Bi 3.110904849002e+01 1.792566416707e+01 3.436119714775e+01 1 1 1 0.0 0.0 0.0
Bi 2.903090602115e+01 1.432621582516e+01 3.436119714775e+01 1 1 1 0.0 0.0 0.0
Bi 1.032762379973e+01 1.072676748325e+01 3.436119714775e+01 1 1 1 0.0 0.0 0.0
Bi 8.249481330866e+00 7.127319141344e+00 3.436119714775e+01 1 1 1 0.0 0.0 0.0
Bi 6.171338861997e+00 3.527870799436e+00 3.436119714775e+01 1 1 1 0.0 0.0 0.0
Bi 1.448390873747e+01 1.792566416707e+01 3.436119714775e+01 1 1 1 0.0 0.0 0.0
Bi 1.240576626860e+01 1.432621582516e+01 3.436119714775e+01 1 1 1 0.0 0.0 0.0
Bi 1.448390873787e+01 1.072676748325e+01 3.436119714775e+01 1 1 1 0.0 0.0 0.0
Bi 1.240576626900e+01 7.127319141344e+00 3.436119714775e+01 1 1 1 0.0 0.0 0.0
Bi 1.032762380013e+01 3.527870799436e+00 3.436119714775e+01 1 1 1 0.0 0.0 0.0
Bi 1.864019367561e+01 1.792566416707e+01 3.436119714775e+01 1 1 1 0.0 0.0 0.0
Bi 1.656205120674e+01 1.432621582516e+01 3.436119714775e+01 1 1 1 0.0 0.0 0.0
Bi 1.864019367601e+01 1.072676748325e+01 3.436119714775e+01 1 1 1 0.0 0.0 0.0
Bi 1.656205120714e+01 7.127319141344e+00 3.436119714775e+01 1 1 1 0.0 0.0 0.0
Bi 1.448390873827e+01 3.527870799436e+00 3.436119714775e+01 1 1 1 0.0 0.0 0.0
Bi 2.279647861374e+01 1.792566416707e+01 3.436119714775e+01 1 1 1 0.0 0.0 0.0
Bi 2.071833614488e+01 1.432621582516e+01 3.436119714775e+01 1 1 1 0.0 0.0 0.0
Bi 2.279647861414e+01 1.072676748325e+01 3.436119714775e+01 1 1 1 0.0 0.0 0.0
Bi 2.071833614527e+01 7.127319141344e+00 3.436119714775e+01 1 1 1 0.0 0.0 0.0
Bi 1.864019367641e+01 3.527870799436e+00 3.436119714775e+01 1 1 1 0.0 0.0 0.0
Bi 2.695276355188e+01 1.792566416707e+01 3.436119714775e+01 1 1 1 0.0 0.0 0.0
Bi 2.487462108301e+01 1.432621582516e+01 3.436119714775e+01 1 1 1 0.0 0.0 0.0
Bi 2.693504832585e+01 1.079209950165e+01 2.831971850542e+01 1 1 1 0.0 0.0 0.0
Bi 2.485690585698e+01 7.192651159743e+00 2.831971850542e+01 1 1 1 0.0 0.0 0.0
Bi 2.277876338812e+01 3.593202817835e+00 2.831971850542e+01 1 1 1 0.0 0.0 0.0
Bi 3.109133326359e+01 1.799099618547e+01 2.831971850542e+01 1 1 1 0.0 0.0 0.0
Bi 2.901319079472e+01 1.439154784356e+01 2.831971850542e+01 1 1 1 0.0 0.0 0.0
Bi 1.030990857331e+01 1.079209950165e+01 2.831971850542e+01 1 1 1 0.0 0.0 0.0
Bi 8.231766104438e+00 7.192651159743e+00 2.831971850542e+01 1 1 1 0.0 0.0 0.0
Bi 6.153623635570e+00 3.593202817835e+00 2.831971850542e+01 1 1 1 0.0 0.0 0.0
Bi 1.446619351104e+01 1.799099618547e+01 2.831971850542e+01 1 1 1 0.0 0.0 0.0
Bi 1.238805104218e+01 1.439154784356e+01 2.831971850542e+01 1 1 1 0.0 0.0 0.0
Bi 1.446619351144e+01 1.079209950165e+01 2.831971850542e+01 1 1 1 0.0 0.0 0.0
Bi 1.238805104257e+01 7.192651159743e+00 2.831971850542e+01 1 1 1 0.0 0.0 0.0
Bi 1.030990857371e+01 3.593202817835e+00 2.831971850542e+01 1 1 1 0.0 0.0 0.0
Bi 1.862247844918e+01 1.799099618547e+01 2.831971850542e+01 1 1 1 0.0 0.0 0.0
Bi 1.654433598031e+01 1.439154784356e+01 2.831971850542e+01 1 1 1 0.0 0.0 0.0
Bi 1.862247844958e+01 1.079209950165e+01 2.831971850542e+01 1 1 1 0.0 0.0 0.0
Bi 1.654433598071e+01 7.192651159743e+00 2.831971850542e+01 1 1 1 0.0 0.0 0.0
Bi 1.446619351184e+01 3.593202817835e+00 2.831971850542e+01 1 1 1 0.0 0.0 0.0
Bi 2.277876338732e+01 1.799099618547e+01 2.831971850542e+01 1 1 1 0.0 0.0 0.0
Bi 2.070062091845e+01 1.439154784356e+01 2.831971850542e+01 1 1 1 0.0 0.0 0.0
Bi 2.277876338772e+01 1.079209950165e+01 2.831971850542e+01 1 1 1 0.0 0.0 0.0
Bi 2.070062091885e+01 7.192651159743e+00 2.831971850542e+01 1 1 1 0.0 0.0 0.0
Bi 1.862247844998e+01 3.593202817835e+00 2.831971850542e+01 1 1 1 0.0 0.0 0.0
Bi 2.693504832545e+01 1.799099618547e+01 2.831971850542e+01 1 1 1 0.0 0.0 0.0
Bi 2.485690585658e+01 1.439154784356e+01 2.831971850542e+01 1 1 1 0.0 0.0 0.0
Bi 8.212408512450e+00 1.198263730213e+01 2.434799808390e+01 1 1 1 0.0 0.0 0.0
Bi 6.134266043581e+00 8.383188960219e+00 2.434799808390e+01 1 1 1 0.0 0.0 0.0
Bi 4.056123574713e+00 4.783740618311e+00 2.434799808390e+01 1 1 1 0.0 0.0 0.0
Bi 1.977981105844e+00 1.184292276403e+00 2.434799808390e+01 1 1 1 0.0 0.0 0.0
Bi 1.029055098132e+01 1.558208564403e+01 2.434799808390e+01 1 1 1 0.0 0.0 0.0
Bi 1.236869345059e+01 1.198263730213e+01 2.434799808390e+01 1 1 1 0.0 0.0 0.0
Bi 1.029055098172e+01 8.383188960219e+00 2.434799808390e+01 1 1 1 0.0 0.0 0.0
Bi 8.212408512849e+00 4.783740618311e+00 2.434799808390e+01 1 1 1 0.0 0.0 0.0
Bi 6.134266043980e+00 1.184292276403e+00 2.434799808390e+01 1 1 1 0.0 0.0 0.0
Bi 1.444683591946e+01 1.558208564403e+01 2.434799808390e+01 1 1 1 0.0 0.0 0.0
Bi 1.652497838872e+01 1.198263730213e+01 2.434799808390e+01 1 1 1 0.0 0.0 0.0
Bi 1.444683591985e+01 8.383188960219e+00 2.434799808390e+01 1 1 1 0.0 0.0 0.0
Bi 1.236869345099e+01 4.783740618311e+00 2.434799808390e+01 1 1 1 0.0 0.0 0.0
Bi 1.029055098212e+01 1.184292276403e+00 2.434799808390e+01 1 1 1 0.0 0.0 0.0
Bi 1.860312085759e+01 1.558208564403e+01 2.434799808390e+01 1 1 1 0.0 0.0 0.0
Bi 2.068126332686e+01 1.198263730213e+01 2.434799808390e+01 1 1 1 0.0 0.0 0.0
Bi 1.860312085799e+01 8.383188960219e+00 2.434799808390e+01 1 1 1 0.0 0.0 0.0
Bi 1.652497838912e+01 4.783740618311e+00 2.434799808390e+01 1 1 1 0.0 0.0 0.0
Bi 1.444683592025e+01 1.184292276403e+00 2.434799808390e+01 1 1 1 0.0 0.0 0.0
Bi 2.275940579573e+01 1.558208564403e+01 2.434799808390e+01 1 1 1 0.0 0.0 0.0
Bi 2.483754826500e+01 1.198263730213e+01 2.434799808390e+01 1 1 1 0.0 0.0 0.0
Bi 2.275940579613e+01 8.383188960219e+00 2.434799808390e+01 1 1 1 0.0 0.0 0.0
Bi 2.068126332726e+01 4.783740618311e+00 2.434799808390e+01 1 1 1 0.0 0.0 0.0
Bi 1.860312085839e+01 1.184292276403e+00 2.434799808390e+01 1 1 1 0.0 0.0 0.0
Bi 2.691569073386e+01 1.558208564403e+01 2.434799808390e+01 1 1 1 0.0 0.0 0.0
Se 2.484353171734e+01 1.251880308079e+01 1.000000000000e+01 1 1 1 0.0 0.0 0.0
Se 2.137996093556e+01 1.251880308079e+01 1.000000000000e+01 1 1 1 0.0 0.0 0.0
Se 1.791639015378e+01 1.251880308079e+01 1.000000000000e+01 1 1 1 0.0 0.0 0.0
Se 1.445281937200e+01 1.251880308079e+01 1.000000000000e+01 1 1 1 0.0 0.0 0.0
Se 1.098924859022e+01 1.251880308079e+01 1.000000000000e+01 1 1 1 0.0 0.0 0.0
Se 7.525677808441e+00 1.251880308079e+01 1.000000000000e+01 1 1 1 0.0 0.0 0.0
Se 2.311174632662e+01 9.519262795863e+00 1.000000000000e+01 1 1 1 0.0 0.0 0.0
Se 1.964817554484e+01 9.519262795863e+00 1.000000000000e+01 1 1 1 0.0 0.0 0.0
Se 1.618460476306e+01 9.519262795863e+00 1.000000000000e+01 1 1 1 0.0 0.0 0.0
Se 1.272103398128e+01 9.519262795863e+00 1.000000000000e+01 1 1 1 0.0 0.0 0.0
Se 9.257463199497e+00 9.519262795863e+00 1.000000000000e+01 1 1 1 0.0 0.0 0.0
Se 5.793892417717e+00 9.519262795863e+00 1.000000000000e+01 1 1 1 0.0 0.0 0.0
Se 2.137996093589e+01 6.519722510940e+00 1.000000000000e+01 1 1 1 0.0 0.0 0.0
Se 1.791639015411e+01 6.519722510940e+00 1.000000000000e+01 1 1 1 0.0 0.0 0.0
Se 1.445281937233e+01 6.519722510940e+00 1.000000000000e+01 1 1 1 0.0 0.0 0.0
Se 1.098924859055e+01 6.519722510940e+00 1.000000000000e+01 1 1 1 0.0 0.0 0.0
Se 7.525677808773e+00 6.519722510940e+00 1.000000000000e+01 1 1 1 0.0 0.0 0.0
Se 4.062107026993e+00 6.519722510940e+00 1.000000000000e+01 1 1 1 0.0 0.0 0.0
Se 1.964817554517e+01 3.520182226017e+00 1.000000000000e+01 1 1 1 0.0 0.0 0.0
Se 1.618460476339e+01 3.520182226017e+00 1.000000000000e+01 1 1 1 0.0 0.0 0.0
Se 1.272103398161e+01 3.520182226017e+00 1.000000000000e+01 1 1 1 0.0 0.0 0.0
Se 9.257463199829e+00 3.520182226017e+00 1.000000000000e+01 1 1 1 0.0 0.0 0.0
Se 5.793892418049e+00 3.520182226017e+00 1.000000000000e+01 1 1 1 0.0 0.0 0.0
Se 2.330321636269e+00 3.520182226017e+00 1.000000000000e+01 1 1 1 0.0 0.0 0.0
Se 1.791639015445e+01 5.206419410938e-01 1.000000000000e+01 1 1 1 0.0 0.0 0.0
Se 1.445281937267e+01 5.206419410938e-01 1.000000000000e+01 1 1 1 0.0 0.0 0.0
Se 1.098924859089e+01 5.206419410938e-01 1.000000000000e+01 1 1 1 0.0 0.0 0.0
Se 7.525677809106e+00 5.206419410938e-01 1.000000000000e+01 1 1 1 0.0 0.0 0.0
Se 4.062107027325e+00 5.206419410938e-01 1.000000000000e+01 1 1 1 0.0 0.0 0.0
Se 5.985362455451e-01 5.206419410938e-01 1.000000000000e+01 1 1 1 0.0 0.0 0.0
Se 2.657531710807e+01 1.551834336571e+01 1.000000000000e+01 1 1 1 0.0 0.0 0.0
Se 2.311174632629e+01 1.551834336571e+01 1.000000000000e+01 1 1 1 0.0 0.0 0.0
Se 1.964817554451e+01 1.551834336571e+01 1.000000000000e+01 1 1 1 0.0 0.0 0.0
Se 1.618460476273e+01 1.551834336571e+01 1.000000000000e+01 1 1 1 0.0 0.0 0.0
Se 1.272103398094e+01 1.551834336571e+01 1.000000000000e+01 1 1 1 0.0 0.0 0.0
Se 9.257463199164e+00 1.551834336571e+01 1.000000000000e+01 1 1 1 0.0 0.0 0.0
Se 2.311255484794e+01 1.352864475549e+01 1.614602824434e+01 1 1 1 0.0 0.0 0.0
Se 1.964898406616e+01 1.352864475549e+01 1.614602824434e+01 1 1 1 0.0 0.0 0.0
Se 1.618541328438e+01 1.352864475549e+01 1.614602824434e+01 1 1 1 0.0 0.0 0.0
Se 1.272184250260e+01 1.352864475549e+01 1.614602824434e+01 1 1 1 0.0 0.0 0.0
Se 9.258271720824e+00 1.352864475549e+01 1.614602824434e+01 1 1 1 0.0 0.0 0.0
Se 2.657612562973e+01 1.352864475549e+01 1.614602824434e+01 1 1 1 0.0 0.0 0.0
Se 2.138076945722e+01 1.052910447057e+01 1.614602824434e+01 1 1 1 0.0 0.0 0.0
Se 1.791719867544e+01 1.052910447057e+01 1.614602824434e+01 1 1 1 0.0 0.0 0.0
Se 1.445362789366e+01 1.052910447057e+01 1.614602824434e+01 1 1 1 0.0 0.0 0.0
Se 1.099005711188e+01 1.052910447057e+01 1.614602824434e+01 1 1 1 0.0 0.0 0.0
Se 7.526486330100e+00 1.052910447057e+01 1.614602824434e+01 1 1 1 0.0 0.0 0.0
Se 2.484434023900e+01 1.052910447057e+01 1.614602824434e+01 1 1 1 0.0 0.0 0.0
Se 1.964898406650e+01 7.529564185643e+00 1.614602824434e+01 1 1 1 0.0 0.0 0.0
Se 1.618541328472e+01 7.529564185643e+00 1.614602824434e+01 1 1 1 0.0 0.0 0.0
Se 1.272184250294e+01 7.529564185643e+00 1.614602824434e+01 1 1 1 0.0 0.0 0.0
Se 9.258271721156e+00 7.529564185643e+00 1.614602824434e+01 1 1 1 0.0 0.0 0.0
Se 5.794700939376e+00 7.529564185643e+00 1.614602824434e+01 1 1 1 0.0 0.0 0.0
Se 2.311255484828e+01 7.529564185643e+00 1.614602824434e+01 1 1 1 0.0 0.0 0.0
Se 1.791719867577e+01 4.530023900720e+00 1.614602824434e+01 1 1 1 0.0 0.0 0.0
Se 1.445362789399e+01 4.530023900720e+00 1.614602824434e+01 1 1 1 0.0 0.0 0.0
Se 1.099005711221e+01 4.530023900720e+00 1.614602824434e+01 1 1 1 0.0 0.0 0.0
Se 7.526486330432e+00 4.530023900720e+00 1.614602824434e+01 1 1 1 0.0 0.0 0.0
Se 4.062915548652e+00 4.530023900720e+00 1.614602824434e+01 1 1 1 0.0 0.0 0.0
Se 2.138076945755e+01 4.530023900720e+00 1.614602824434e+01 1 1 1 0.0 0.0 0.0
Se 1.618541328505e+01 1.530483615797e+00 1.614602824434e+01 1 1 1 0.0 0.0 0.0
Se 1.272184250327e+01 1.530483615797e+00 1.614602824434e+01 1 1 1 0.0 0.0 0.0
Se 9.258271721489e+00 1.530483615797e+00 1.614602824434e+01 1 1 1 0.0 0.0 0.0
Se 5.794700939708e+00 1.530483615797e+00 1.614602824434e+01 1 1 1 0.0 0.0 0.0
Se 2.331130157928e+00 1.530483615797e+00 1.614602824434e+01 1 1 1 0.0 0.0 0.0
Se 1.964898406683e+01 1.530483615797e+00 1.614602824434e+01 1 1 1 0.0 0.0 0.0
Se 2.484434023867e+01 1.652818504041e+01 1.614602824434e+01 1 1 1 0.0 0.0 0.0
Se 2.138076945689e+01 1.652818504041e+01 1.614602824434e+01 1 1 1 0.0 0.0 0.0
Se 1.791719867511e+01 1.652818504041e+01 1.614602824434e+01 1 1 1 0.0 0.0 0.0
Se 1.445362789333e+01 1.652818504041e+01 1.614602824434e+01 1 1 1 0.0 0.0 0.0
Se 1.099005711155e+01 1.652818504041e+01 1.614602824434e+01 1 1 1 0.0 0.0 0.0
Se 2.830791102045e+01 1.652818504041e+01 1.614602824434e+01 1 1 1 0.0 0.0 0.0
Se 2.484322436113e+01 1.251983445151e+01 1.336443756309e+01 1 1 1 0.0 0.0 0.0
Se 2.137965357935e+01 1.251983445151e+01 1.336443756309e+01 1 1 1 0.0 0.0 0.0
Se 1.791608279757e+01 1.251983445151e+01 1.336443756309e+01 1 1 1 0.0 0.0 0.0
Se 1.445251201579e+01 1.251983445151e+01 1.336443756309e+01 1 1 1 0.0 0.0 0.0
Se 1.098894123401e+01 1.251983445151e+01 1.336443756309e+01 1 1 1 0.0 0.0 0.0
Se 7.525370452228e+00 1.251983445151e+01 1.336443756309e+01 1 1 1 0.0 0.0 0.0
Se 2.311143897041e+01 9.520294166585e+00 1.336443756309e+01 1 1 1 0.0 0.0 0.0
Se 1.964786818863e+01 9.520294166585e+00 1.336443756309e+01 1 1 1 0.0 0.0 0.0
Se 1.618429740685e+01 9.520294166585e+00 1.336443756309e+01 1 1 1 0.0 0.0 0.0
Se 1.272072662506e+01 9.520294166585e+00 1.336443756309e+01 1 1 1 0.0 0.0 0.0
Se 9.257155843285e+00 9.520294166585e+00 1.336443756309e+01 1 1 1 0.0 0.0 0.0
Se 5.793585061504e+00 9.520294166585e+00 1.336443756309e+01 1 1 1 0.0 0.0 0.0
Se 2.137965357968e+01 6.520753881662e+00 1.336443756309e+01 1 1 1 0.0 0.0 0.0
Se 1.791608279790e+01 6.520753881662e+00 1.336443756309e+01 1 1 1 0.0 0.0 0.0
Se 1.445251201612e+01 6.520753881662e+00 1.336443756309e+01 1 1 1 0.0 0.0 0.0
Se 1.098894123434e+01 6.520753881662e+00 1.336443756309e+01 1 1 1 0.0 0.0 0.0
Se 7.525370452561e+00 6.520753881662e+00 1.336443756309e+01 1 1 1 0.0 0.0 0.0
Se 4.061799670780e+00 6.520753881662e+00 1.336443756309e+01 1 1 1 0.0 0.0 0.0
Se 1.964786818896e+01 3.521213596738e+00 1.336443756309e+01 1 1 1 0.0 0.0 0.0
Se 1.618429740718e+01 3.521213596738e+00 1.336443756309e+01 1 1 1 0.0 0.0 0.0
Se 1.272072662540e+01 3.521213596738e+00 1.336443756309e+01 1 1 1 0.0 0.0 0.0
Se 9.257155843617e+00 3.521213596738e+00 1.336443756309e+01 1 1 1 0.0 0.0 0.0
Se 5.793585061837e+00 3.521213596738e+00 1.336443756309e+01 1 1 1 0.0 0.0 0.0
Se 2.330014280057e+00 3.521213596738e+00 1.336443756309e+01 1 1 1 0.0 0.0 0.0
Se 1.791608279823e+01 5.216733118153e-01 1.336443756309e+01 1 1 1 0.0 0.0 0.0
Se 1.445251201645e+01 5.216733118153e-01 1.336443756309e+01 1 1 1 0.0 0.0 0.0
Se 1.098894123467e+01 5.216733118153e-01 1.336443756309e+01 1 1 1 0.0 0.0 0.0
Se 7.525370452893e+00 5.216733118153e-01 1.336443756309e+01 1 1 1 0.0 0.0 0.0
Se 4.061799671113e+00 5.216733118153e-01 1.336443756309e+01 1 1 1 0.0 0.0 0.0
Se 5.982288893327e-01 5.216733118153e-01 1.336443756309e+01 1 1 1 0.0 0.0 0.0
Se 2.657500975185e+01 1.551937473643e+01 1.336443756309e+01 1 1 1 0.0 0.0 0.0
Se 2.311143897007e+01 1.551937473643e+01 1.336443756309e+01 1 1 1 0.0 0.0 0.0
Se 1.964786818829e+01 1.551937473643e+01 1.336443756309e+01 1 1 1 0.0 0.0 0.0
Se 1.618429740651e+01 1.551937473643e+01 1.336443756309e+01 1 1 1 0.0 0.0 0.0
Se 1.272072662473e+01 1.551937473643e+01 1.336443756309e+01 1 1 1 0.0 0.0 0.0
Se 9.257155842952e+00 1.551937473643e+01 1.336443756309e+01 1 1 1 0.0 0.0 0.0
Se 2.311208527988e+01 1.352959279975e+01 1.951046802998e+01 1 1 1 0.0 0.0 0.0
Se 1.964851449810e+01 1.352959279975e+01 1.951046802998e+01 1 1 1 0.0 0.0 0.0
Se 1.618494371632e+01 1.352959279975e+01 1.951046802998e+01 1 1 1 0.0 0.0 0.0
Se 1.272137293454e+01 1.352959279975e+01 1.951046802998e+01 1 1 1 0.0 0.0 0.0
Se 9.257802152764e+00 1.352959279975e+01 1.951046802998e+01 1 1 1 0.0 0.0 0.0
Se 2.657565606167e+01 1.352959279975e+01 1.951046802998e+01 1 1 1 0.0 0.0 0.0
Se 2.138029988916e+01 1.053005251483e+01 1.951046802998e+01 1 1 1 0.0 0.0 0.0
Se 1.791672910738e+01 1.053005251483e+01 1.951046802998e+01 1 1 1 0.0 0.0 0.0
Se 1.445315832560e+01 1.053005251483e+01 1.951046802998e+01 1 1 1 0.0 0.0 0.0
Se 1.098958754382e+01 1.053005251483e+01 1.951046802998e+01 1 1 1 0.0 0.0 0.0
Se 7.526016762040e+00 1.053005251483e+01 1.951046802998e+01 1 1 1 0.0 0.0 0.0
Se 2.484387067094e+01 1.053005251483e+01 1.951046802998e+01 1 1 1 0.0 0.0 0.0
Se 1.964851449844e+01 7.530512229908e+00 1.951046802998e+01 1 1 1 0.0 0.0 0.0
Se 1.618494371666e+01 7.530512229908e+00 1.951046802998e+01 1 1 1 0.0 0.0 0.0
Se 1.272137293488e+01 7.530512229908e+00 1.951046802998e+01 1 1 1 0.0 0.0 0.0
Se 9.257802153096e+00 7.530512229908e+00 1.951046802998e+01 1 1 1 0.0 0.0 0.0
Se 5.794231371316e+00 7.530512229908e+00 1.951046802998e+01 1 1 1 0.0 0.0 0.0
Se 2.311208528022e+01 7.530512229908e+00 1.951046802998e+01 1 1 1 0.0 0.0 0.0
Se 1.791672910771e+01 4.530971944985e+00 1.951046802998e+01 1 1 1 0.0 0.0 0.0
Se 1.445315832593e+01 4.530971944985e+00 1.951046802998e+01 1 1 1 0.0 0.0 0.0
Se 1.098958754415e+01 4.530971944985e+00 1.951046802998e+01 1 1 1 0.0 0.0 0.0
Se 7.526016762372e+00 4.530971944985e+00 1.951046802998e+01 1 1 1 0.0 0.0 0.0
Se 4.062445980592e+00 4.530971944985e+00 1.951046802998e+01 1 1 1 0.0 0.0 0.0
Se 2.138029988949e+01 4.530971944985e+00 1.951046802998e+01 1 1 1 0.0 0.0 0.0
Se 1.618494371699e+01 1.531431660062e+00 1.951046802998e+01 1 1 1 0.0 0.0 0.0
Se 1.272137293521e+01 1.531431660062e+00 1.951046802998e+01 1 1 1 0.0 0.0 0.0
Se 9.257802153429e+00 1.531431660062e+00 1.951046802998e+01 1 1 1 0.0 0.0 0.0
Se 5.794231371649e+00 1.531431660062e+00 1.951046802998e+01 1 1 1 0.0 0.0 0.0
Se 2.330660589868e+00 1.531431660062e+00 1.951046802998e+01 1 1 1 0.0 0.0 0.0
Se 1.964851449877e+01 1.531431660062e+00 1.951046802998e+01 1 1 1 0.0 0.0 0.0
Se 2.484387067061e+01 1.652913308468e+01 1.951046802998e+01 1 1 1 0.0 0.0 0.0
Se 2.138029988883e+01 1.652913308468e+01 1.951046802998e+01 1 1 1 0.0 0.0 0.0
Se 1.791672910705e+01 1.652913308468e+01 1.951046802998e+01 1 1 1 0.0 0.0 0.0
Se 1.445315832527e+01 1.652913308468e+01 1.951046802998e+01 1 1 1 0.0 0.0 0.0
Se 1.098958754349e+01 1.652913308468e+01 1.951046802998e+01 1 1 1 0.0 0.0 0.0
Se 2.830744145239e+01 1.652913308468e+01 1.951046802998e+01 1 1 1 0.0 0.0 0.0
Se 6.216046415076e+00 1.072430320759e+01 3.998930533072e+01 1 1 1 0.0 0.0 0.0
Se 4.137903946207e+00 7.124854865678e+00 3.998930533072e+01 1 1 1 0.0 0.0 0.0
Se 2.059761477338e+00 3.525406523770e+00 3.998930533072e+01 1 1 1 0.0 0.0 0.0
Se 1.037233135281e+01 1.792319989140e+01 3.998930533072e+01 1 1 1 0.0 0.0 0.0
Se 8.294188883944e+00 1.432375154949e+01 3.998930533072e+01 1 1 1 0.0 0.0 0.0
Se 1.037233135321e+01 1.072430320759e+01 3.998930533072e+01 1 1 1 0.0 0.0 0.0
Se 8.294188884343e+00 7.124854865678e+00 3.998930533072e+01 1 1 1 0.0 0.0 0.0
Se 6.216046415475e+00 3.525406523770e+00 3.998930533072e+01 1 1 1 0.0 0.0 0.0
Se 1.452861629095e+01 1.792319989140e+01 3.998930533072e+01 1 1 1 0.0 0.0 0.0
Se 1.245047382208e+01 1.432375154949e+01 3.998930533072e+01 1 1 1 0.0 0.0 0.0
Se 1.452861629135e+01 1.072430320759e+01 3.998930533072e+01 1 1 1 0.0 0.0 0.0
Se 1.245047382248e+01 7.124854865678e+00 3.998930533072e+01 1 1 1 0.0 0.0 0.0
Se 1.037233135361e+01 3.525406523770e+00 3.998930533072e+01 1 1 1 0.0 0.0 0.0
Se 1.868490122909e+01 1.792319989140e+01 3.998930533072e+01 1 1 1 0.0 0.0 0.0
Se 1.660675876022e+01 1.432375154949e+01 3.998930533072e+01 1 1 1 0.0 0.0 0.0
Se 1.868490122948e+01 1.072430320759e+01 3.998930533072e+01 1 1 1 0.0 0.0 0.0
Se 1.660675876062e+01 7.124854865678e+00 3.998930533072e+01 1 1 1 0.0 0.0 0.0
Se 1.452861629175e+01 3.525406523770e+00 3.998930533072e+01 1 1 1 0.0 0.0 0.0
Se 2.284118616722e+01 1.792319989140e+01 3.998930533072e+01 1 1 1 0.0 0.0 0.0
Se 2.076304369835e+01 1.432375154949e+01 3.998930533072e+01 1 1 1 0.0 0.0 0.0
Se 2.284118616762e+01 1.072430320759e+01 3.998930533072e+01 1 1 1 0.0 0.0 0.0
Se 2.076304369875e+01 7.124854865678e+00 3.998930533072e+01 1 1 1 0.0 0.0 0.0
Se 1.868490122988e+01 3.525406523770e+00 3.998930533072e+01 1 1 1 0.0 0.0 0.0
Se 2.699747110536e+01 1.792319989140e+01 3.998930533072e+01 1 1 1 0.0 0.0 0.0
Se 2.491932863649e+01 1.432375154949e+01 3.998930533072e+01 1 1 1 0.0 0.0 0.0
Se 8.259375768380e+00 1.191084826028e+01 3.635172086532e+01 1 1 1 0.0 0.0 0.0
Se 6.181233299512e+00 8.311399918377e+00 3.635172086532e+01 1 1 1 0.0 0.0 0.0
Se 4.103090830643e+00 4.711951576469e+00 3.635172086532e+01 1 1 1 0.0 0.0 0.0
Se 2.024948361775e+00 1.112503234561e+00 3.635172086532e+01 1 1 1 0.0 0.0 0.0
Se 1.033751823725e+01 1.551029660219e+01 3.635172086532e+01 1 1 1 0.0 0.0 0.0
Se 1.241566070652e+01 1.191084826028e+01 3.635172086532e+01 1 1 1 0.0 0.0 0.0
Se 1.033751823765e+01 8.311399918377e+00 3.635172086532e+01 1 1 1 0.0 0.0 0.0
Se 8.259375768780e+00 4.711951576469e+00 3.635172086532e+01 1 1 1 0.0 0.0 0.0
Se 6.181233299911e+00 1.112503234561e+00 3.635172086532e+01 1 1 1 0.0 0.0 0.0
Se 1.449380317539e+01 1.551029660219e+01 3.635172086532e+01 1 1 1 0.0 0.0 0.0
Se 1.657194564465e+01 1.191084826028e+01 3.635172086532e+01 1 1 1 0.0 0.0 0.0
Se 1.449380317578e+01 8.311399918377e+00 3.635172086532e+01 1 1 1 0.0 0.0 0.0
Se 1.241566070692e+01 4.711951576469e+00 3.635172086532e+01 1 1 1 0.0 0.0 0.0
Se 1.033751823805e+01 1.112503234561e+00 3.635172086532e+01 1 1 1 0.0 0.0 0.0
Se 1.865008811352e+01 1.551029660219e+01 3.635172086532e+01 1 1 1 0.0 0.0 0.0
Se 2.072823058279e+01 1.191084826028e+01 3.635172086532e+01 1 1 1 0.0 0.0 0.0
Se 1.865008811392e+01 8.311399918377e+00 3.635172086532e+01 1 1 1 0.0 0.0 0.0
Se 1.657194564505e+01 4.711951576469e+00 3.635172086532e+01 1 1 1 0.0 0.0 0.0
Se 1.449380317618e+01 1.112503234561e+00 3.635172086532e+01 1 1 1 0.0 0.0 0.0
Se 2.280637305166e+01 1.551029660219e+01 3.635172086532e+01 1 1 1 0.0 0.0 0.0
Se 2.488451552093e+01 1.191084826028e+01 3.635172086532e+01 1 1 1 0.0 0.0 0.0
Se 2.280637305206e+01 8.311399918377e+00 3.635172086532e+01 1 1 1 0.0 0.0 0.0
Se 2.072823058319e+01 4.711951576469e+00 3.635172086532e+01 1 1 1 0.0 0.0 0.0
Se 1.865008811432e+01 1.112503234561e+00 3.635172086532e+01 1 1 1 0.0 0.0 0.0
Se 2.696265798979e+01 1.551029660219e+01 3.635172086532e+01 1 1 1 0.0 0.0 0.0
Se 8.263216075125e+00 9.523600537605e+00 3.271820175121e+01 1 1 1 0.0 0.0 0.0
Se 6.185073606256e+00 5.924152195698e+00 3.271820175121e+01 1 1 1 0.0 0.0 0.0
Se 4.106931137387e+00 2.324703853790e+00 3.271820175121e+01 1 1 1 0.0 0.0 0.0
Se 1.241950101286e+01 1.672249722142e+01 3.271820175121e+01 1 1 1 0.0 0.0 0.0
Se 1.034135854399e+01 1.312304887951e+01 3.271820175121e+01 1 1 1 0.0 0.0 0.0
Se 1.241950101326e+01 9.523600537605e+00 3.271820175121e+01 1 1 1 0.0 0.0 0.0
Se 1.034135854439e+01 5.924152195698e+00 3.271820175121e+01 1 1 1 0.0 0.0 0.0
Se 8.263216075524e+00 2.324703853790e+00 3.271820175121e+01 1 1 1 0.0 0.0 0.0
Se 1.657578595100e+01 1.672249722142e+01 3.271820175121e+01 1 1 1 0.0 0.0 0.0
Se 1.449764348213e+01 1.312304887951e+01 3.271820175121e+01 1 1 1 0.0 0.0 0.0
Se 1.657578595140e+01 9.523600537605e+00 3.271820175121e+01 1 1 1 0.0 0.0 0.0
Se 1.449764348253e+01 5.924152195698e+00 3.271820175121e+01 1 1 1 0.0 0.0 0.0
Se 1.241950101366e+01 2.324703853790e+00 3.271820175121e+01 1 1 1 0.0 0.0 0.0
Se 2.073207088913e+01 1.672249722142e+01 3.271820175121e+01 1 1 1 0.0 0.0 0.0
Se 1.865392842027e+01 1.312304887951e+01 3.271820175121e+01 1 1 1 0.0 0.0 0.0
Se 2.073207088953e+01 9.523600537605e+00 3.271820175121e+01 1 1 1 0.0 0.0 0.0
Se 1.865392842067e+01 5.924152195698e+00 3.271820175121e+01 1 1 1 0.0 0.0 0.0
Se 1.657578595180e+01 2.324703853790e+00 3.271820175121e+01 1 1 1 0.0 0.0 0.0
Se 2.488835582727e+01 1.672249722142e+01 3.271820175121e+01 1 1 1 0.0 0.0 0.0
Se 2.281021335840e+01 1.312304887951e+01 3.271820175121e+01 1 1 1 0.0 0.0 0.0
Se 2.488835582767e+01 9.523600537605e+00 3.271820175121e+01 1 1 1 0.0 0.0 0.0
Se 2.281021335880e+01 5.924152195698e+00 3.271820175121e+01 1 1 1 0.0 0.0 0.0
Se 2.073207088993e+01 2.324703853790e+00 3.271820175121e+01 1 1 1 0.0 0.0 0.0
Se 2.904464076541e+01 1.672249722142e+01 3.271820175121e+01 1 1 1 0.0 0.0 0.0
Se 2.696649829654e+01 1.312304887951e+01 3.271820175121e+01 1 1 1 0.0 0.0 0.0
Se 8.213307560959e+00 1.197858971181e+01 2.995146533993e+01 1 1 1 0.0 0.0 0.0
Se 6.135165092090e+00 8.379141369903e+00 2.995146533993e+01 1 1 1 0.0 0.0 0.0
Se 4.057022623221e+00 4.779693027995e+00 2.995146533993e+01 1 1 1 0.0 0.0 0.0
Se 1.978880154353e+00 1.180244686087e+00 2.995146533993e+01 1 1 1 0.0 0.0 0.0
Se 1.029145002983e+01 1.557803805372e+01 2.995146533993e+01 1 1 1 0.0 0.0 0.0
Se 1.236959249909e+01 1.197858971181e+01 2.995146533993e+01 1 1 1 0.0 0.0 0.0
Se 1.029145003023e+01 8.379141369903e+00 2.995146533993e+01 1 1 1 0.0 0.0 0.0
Se 8.213307561358e+00 4.779693027995e+00 2.995146533993e+01 1 1 1 0.0 0.0 0.0
Se 6.135165092489e+00 1.180244686087e+00 2.995146533993e+01 1 1 1 0.0 0.0 0.0
Se 1.444773496796e+01 1.557803805372e+01 2.995146533993e+01 1 1 1 0.0 0.0 0.0
Se 1.652587743723e+01 1.197858971181e+01 2.995146533993e+01 1 1 1 0.0 0.0 0.0
Se 1.444773496836e+01 8.379141369903e+00 2.995146533993e+01 1 1 1 0.0 0.0 0.0
Se 1.236959249949e+01 4.779693027995e+00 2.995146533993e+01 1 1 1 0.0 0.0 0.0
Se 1.029145003063e+01 1.180244686087e+00 2.995146533993e+01 1 1 1 0.0 0.0 0.0
Se 1.860401990610e+01 1.557803805372e+01 2.995146533993e+01 1 1 1 0.0 0.0 0.0
Se 2.068216237537e+01 1.197858971181e+01 2.995146533993e+01 1 1 1 0.0 0.0 0.0
Se 1.860401990650e+01 8.379141369903e+00 2.995146533993e+01 1 1 1 0.0 0.0 0.0
Se 1.652587743763e+01 4.779693027995e+00 2.995146533993e+01 1 1 1 0.0 0.0 0.0
Se 1.444773496876e+01 1.180244686087e+00 2.995146533993e+01 1 1 1 0.0 0.0 0.0
Se 2.276030484424e+01 1.557803805372e+01 2.995146533993e+01 1 1 1 0.0 0.0 0.0
Se 2.483844731350e+01 1.197858971181e+01 2.995146533993e+01 1 1 1 0.0 0.0 0.0
Se 2.276030484464e+01 8.379141369903e+00 2.995146533993e+01 1 1 1 0.0 0.0 0.0
Se 2.068216237577e+01 4.779693027995e+00 2.995146533993e+01 1 1 1 0.0 0.0 0.0
Se 1.860401990690e+01 1.180244686087e+00 2.995146533993e+01 1 1 1 0.0 0.0 0.0
Se 2.691658978237e+01 1.557803805372e+01 2.995146533993e+01 1 1 1 0.0 0.0 0.0
Se 8.224309828706e+00 9.595274779248e+00 2.633360299309e+01 1 1 1 0.0 0.0 0.0
Se 6.146167359838e+00 5.995826437340e+00 2.633360299309e+01 1 1 1 0.0 0.0 0.0
Se 4.068024890969e+00 2.396378095432e+00 2.633360299309e+01 1 1 1 0.0 0.0 0.0
Se 1.238059476644e+01 1.679417146306e+01 2.633360299309e+01 1 1 1 0.0 0.0 0.0
Se 1.030245229757e+01 1.319472312116e+01 2.633360299309e+01 1 1 1 0.0 0.0 0.0
Se 1.238059476684e+01 9.595274779248e+00 2.633360299309e+01 1 1 1 0.0 0.0 0.0
Se 1.030245229797e+01 5.995826437340e+00 2.633360299309e+01 1 1 1 0.0 0.0 0.0
Se 8.224309829105e+00 2.396378095432e+00 2.633360299309e+01 1 1 1 0.0 0.0 0.0
Se 1.653687970458e+01 1.679417146306e+01 2.633360299309e+01 1 1 1 0.0 0.0 0.0
Se 1.445873723571e+01 1.319472312116e+01 2.633360299309e+01 1 1 1 0.0 0.0 0.0
Se 1.653687970498e+01 9.595274779248e+00 2.633360299309e+01 1 1 1 0.0 0.0 0.0
Se 1.445873723611e+01 5.995826437340e+00 2.633360299309e+01 1 1 1 0.0 0.0 0.0
Se 1.238059476724e+01 2.396378095432e+00 2.633360299309e+01 1 1 1 0.0 0.0 0.0
Se 2.069316464272e+01 1.679417146306e+01 2.633360299309e+01 1 1 1 0.0 0.0 0.0
Se 1.861502217385e+01 1.319472312116e+01 2.633360299309e+01 1 1 1 0.0 0.0 0.0
Se 2.069316464312e+01 9.595274779248e+00 2.633360299309e+01 1 1 1 0.0 0.0 0.0
Se 1.861502217425e+01 5.995826437340e+00 2.633360299309e+01 1 1 1 0.0 0.0 0.0
Se 1.653687970538e+01 2.396378095432e+00 2.633360299309e+01 1 1 1 0.0 0.0 0.0
Se 2.484944958085e+01 1.679417146306e+01 2.633360299309e+01 1 1 1 0.0 0.0 0.0
Se 2.277130711198e+01 1.319472312116e+01 2.633360299309e+01 1 1 1 0.0 0.0 0.0
Se 2.484944958125e+01 9.595274779248e+00 2.633360299309e+01 1 1 1 0.0 0.0 0.0
Se 2.277130711238e+01 5.995826437340e+00 2.633360299309e+01 1 1 1 0.0 0.0 0.0
Se 2.069316464351e+01 2.396378095432e+00 2.633360299309e+01 1 1 1 0.0 0.0 0.0
Se 2.900573451899e+01 1.679417146306e+01 2.633360299309e+01 1 1 1 0.0 0.0 0.0
Se 2.692759205012e+01 1.319472312116e+01 2.633360299309e+01 1 1 1 0.0 0.0 0.0
Se 2.694141665204e+01 1.079639356699e+01 2.271046802998e+01 1 1 1 0.0 0.0 0.0
Se 2.486327418317e+01 7.196945225086e+00 2.271046802998e+01 1 1 1 0.0 0.0 0.0
Se 2.278513171430e+01 3.597496883178e+00 2.271046802998e+01 1 1 1 0.0 0.0 0.0
Se 3.109770158977e+01 1.799529025081e+01 2.271046802998e+01 1 1 1 0.0 0.0 0.0
Se 2.901955912090e+01 1.439584190890e+01 2.271046802998e+01 1 1 1 0.0 0.0 0.0
Se 1.031627689949e+01 1.079639356699e+01 2.271046802998e+01 1 1 1 0.0 0.0 0.0
Se 8.238134430622e+00 7.196945225086e+00 2.271046802998e+01 1 1 1 0.0 0.0 0.0
Se 6.159991961753e+00 3.597496883178e+00 2.271046802998e+01 1 1 1 0.0 0.0 0.0
Se 1.447256183723e+01 1.799529025081e+01 2.271046802998e+01 1 1 1 0.0 0.0 0.0
Se 1.239441936836e+01 1.439584190890e+01 2.271046802998e+01 1 1 1 0.0 0.0 0.0
Se 1.447256183763e+01 1.079639356699e+01 2.271046802998e+01 1 1 1 0.0 0.0 0.0
Se 1.239441936876e+01 7.196945225086e+00 2.271046802998e+01 1 1 1 0.0 0.0 0.0
Se 1.031627689989e+01 3.597496883178e+00 2.271046802998e+01 1 1 1 0.0 0.0 0.0
Se 1.862884677536e+01 1.799529025081e+01 2.271046802998e+01 1 1 1 0.0 0.0 0.0
Se 1.655070430650e+01 1.439584190890e+01 2.271046802998e+01 1 1 1 0.0 0.0 0.0
Se 1.862884677576e+01 1.079639356699e+01 2.271046802998e+01 1 1 1 0.0 0.0 0.0
Se 1.655070430689e+01 7.196945225086e+00 2.271046802998e+01 1 1 1 0.0 0.0 0.0
Se 1.447256183803e+01 3.597496883178e+00 2.271046802998e+01 1 1 1 0.0 0.0 0.0
Se 2.278513171350e+01 1.799529025081e+01 2.271046802998e+01 1 1 1 0.0 0.0 0.0
Se 2.070698924463e+01 1.439584190890e+01 2.271046802998e+01 1 1 1 0.0 0.0 0.0
Se 2.278513171390e+01 1.079639356699e+01 2.271046802998e+01 1 1 1 0.0 0.0 0.0
Se 2.070698924503e+01 7.196945225086e+00 2.271046802998e+01 1 1 1 0.0 0.0 0.0
Se 1.862884677616e+01 3.597496883178e+00 2.271046802998e+01 1 1 1 0.0 0.0 0.0
Se 2.694141665164e+01 1.799529025081e+01 2.271046802998e+01 1 1 1 0.0 0.0 0.0
Se 2.486327418277e+01 1.439584190890e+01 2.271046802998e+01 1 1 1 0.0 0.0 0.0
"