calculation_mode = "Quench Electrons"
cell_relax = "False"
charge_density_mixing = "0.1"
charge_mixing_type = "Broyden"
description = "Example parameters for high-throughput bulk relaxation of a vdW material"
dos_broading = "0.05"
dos_method = "Gaussian"
energy_convergence_criterion = "1e-10"
energy_output_units = "Hartrees"
kohn_sham_mucycles = "3"
kohn_sham_solver = "davidson"
kpoint_distribution = "1"
kpoint_mesh = "2 1 1"
localize_projectors = "False"
max_md_steps = "100"
max_scf_steps = "200"
non_local_block_size = "4000"
output_wave_function_file = "/dev/null"
potential_acceleration_constant_step = "1.5"
processor_grid = "2 12 14"
rms_convergence_criterion = "1e-08"
scalapack_block_factor = "64"
start_mode = "LCAO Start"
state_block_size = "64"
stress = "True"
subdiag_driver = "scalapack"
use_async_allreduce = "False"
vdw_corr = "DFT-D3"
vdwdf_kernel_filepath = "/lustre/orion/world-shared/cph162/rjmorelock/rmgdft/XC/vdW_kernel_table"
wavefunction_grid = "60 282 378"
write_data_period = "50"

atomic_coordinate_type = "Absolute"
crds_units = "Angstrom"
lattice_units = "Angstrom"

lattice_vector = "
6.927141563561e+00 0.000000000000e+00 4.000000000000e-16
1.731785389061e+00 3.299494313416e+01 2.000000000000e-15
0.000000000000e+00 0.000000000000e+00 4.446241589303e+01
"
atoms = "
Nb 4.227560914380e+00 2.669167725785e+01 1.532833092694e+01 1 1 1 0.0 0.0 0.0
Nb 7.691131696160e+00 2.669167725785e+01 1.532833092694e+01 1 1 1 0.0 0.0 0.0
Nb 2.495775523656e+00 2.369213697293e+01 1.532833092694e+01 1 1 1 0.0 0.0 0.0
Nb 5.959346305436e+00 2.369213697293e+01 1.532833092694e+01 1 1 1 0.0 0.0 0.0
Nb 4.227560914712e+00 2.069259668801e+01 1.532833092694e+01 1 1 1 0.0 0.0 0.0
Nb 7.691131696492e+00 2.069259668801e+01 1.532833092694e+01 1 1 1 0.0 0.0 0.0
Nb 2.495775523988e+00 1.769305640309e+01 1.532833092694e+01 1 1 1 0.0 0.0 0.0
Nb 5.959346305768e+00 1.769305640309e+01 1.532833092694e+01 1 1 1 0.0 0.0 0.0
Nb 4.227560915045e+00 1.469351611816e+01 1.532833092694e+01 1 1 1 0.0 0.0 0.0
Nb 7.691131696825e+00 1.469351611816e+01 1.532833092694e+01 1 1 1 0.0 0.0 0.0
Nb 2.495775524321e+00 1.169397583324e+01 1.532833092694e+01 1 1 1 0.0 0.0 0.0
Nb 5.959346306101e+00 1.169397583324e+01 1.532833092694e+01 1 1 1 0.0 0.0 0.0
Nb 4.227560915377e+00 8.694435548315e+00 1.532833092694e+01 1 1 1 0.0 0.0 0.0
Nb 7.639901335968e-01 8.694435548315e+00 1.532833092694e+01 1 1 1 0.0 0.0 0.0
Nb 2.495775524653e+00 5.694895263392e+00 1.532833092694e+01 1 1 1 0.0 0.0 0.0
Nb 5.959346306433e+00 5.694895263392e+00 1.532833092694e+01 1 1 1 0.0 0.0 0.0
Nb 4.227560915710e+00 2.695354978469e+00 1.532833092694e+01 1 1 1 0.0 0.0 0.0
Nb 7.639901339293e-01 2.695354978469e+00 1.532833092694e+01 1 1 1 0.0 0.0 0.0
Nb 4.227560914047e+00 3.269075782770e+01 1.532833092694e+01 1 1 1 0.0 0.0 0.0
Nb 7.691131695827e+00 3.269075782770e+01 1.532833092694e+01 1 1 1 0.0 0.0 0.0
Nb 2.495775523323e+00 2.969121754278e+01 1.532833092694e+01 1 1 1 0.0 0.0 0.0
Nb 5.959346305103e+00 2.969121754278e+01 1.532833092694e+01 1 1 1 0.0 0.0 0.0
Nb 4.226578074936e+00 2.668192109906e+01 9.182088683320e+00 1 1 1 0.0 0.0 0.0
Nb 7.690148856716e+00 2.668192109906e+01 9.182088683320e+00 1 1 1 0.0 0.0 0.0
Nb 2.494792684212e+00 2.368238081414e+01 9.182088683320e+00 1 1 1 0.0 0.0 0.0
Nb 5.958363465993e+00 2.368238081414e+01 9.182088683320e+00 1 1 1 0.0 0.0 0.0
Nb 4.226578075269e+00 2.068284052922e+01 9.182088683320e+00 1 1 1 0.0 0.0 0.0
Nb 7.690148857049e+00 2.068284052922e+01 9.182088683320e+00 1 1 1 0.0 0.0 0.0
Nb 2.494792684545e+00 1.768330024429e+01 9.182088683320e+00 1 1 1 0.0 0.0 0.0
Nb 5.958363466325e+00 1.768330024429e+01 9.182088683320e+00 1 1 1 0.0 0.0 0.0
Nb 4.226578075601e+00 1.468375995937e+01 9.182088683320e+00 1 1 1 0.0 0.0 0.0
Nb 7.690148857382e+00 1.468375995937e+01 9.182088683320e+00 1 1 1 0.0 0.0 0.0
Nb 2.494792684877e+00 1.168421967445e+01 9.182088683320e+00 1 1 1 0.0 0.0 0.0
Nb 5.958363466658e+00 1.168421967445e+01 9.182088683320e+00 1 1 1 0.0 0.0 0.0
Nb 4.226578075934e+00 8.684679389524e+00 9.182088683320e+00 1 1 1 0.0 0.0 0.0
Nb 7.630072941535e-01 8.684679389524e+00 9.182088683320e+00 1 1 1 0.0 0.0 0.0
Nb 2.494792685210e+00 5.685139104601e+00 9.182088683320e+00 1 1 1 0.0 0.0 0.0
Nb 5.958363466990e+00 5.685139104601e+00 9.182088683320e+00 1 1 1 0.0 0.0 0.0
Nb 4.226578076266e+00 2.685598819678e+00 9.182088683320e+00 1 1 1 0.0 0.0 0.0
Nb 7.630072944860e-01 2.685598819678e+00 9.182088683320e+00 1 1 1 0.0 0.0 0.0
Nb 4.226578074604e+00 3.268100166891e+01 9.182088683320e+00 1 1 1 0.0 0.0 0.0
Nb 7.690148856384e+00 3.268100166891e+01 9.182088683320e+00 1 1 1 0.0 0.0 0.0
Nb 2.494792683880e+00 2.968146138399e+01 9.182088683320e+00 1 1 1 0.0 0.0 0.0
Nb 5.958363465660e+00 2.968146138399e+01 9.182088683320e+00 1 1 1 0.0 0.0 0.0
Bi 2.087387654678e+00 3.274231609420e+01 3.532095071834e+01 1 1 1 0.0 0.0 0.0
Bi 5.720754392492e-01 3.871740851818e+00 3.532095071834e+01 1 1 1 0.0 0.0 0.0
Bi 7.885486128818e-01 7.996108743588e+00 3.532095071834e+01 1 1 1 0.0 0.0 0.0
Bi 1.005021786515e+00 1.212047663536e+01 3.532095071834e+01 1 1 1 0.0 0.0 0.0
Bi 1.221494960147e+00 1.624484452713e+01 3.532095071834e+01 1 1 1 0.0 0.0 0.0
Bi 1.437968133780e+00 2.036921241890e+01 3.532095071834e+01 1 1 1 0.0 0.0 0.0
Bi 1.654441307412e+00 2.449358031067e+01 3.532095071834e+01 1 1 1 0.0 0.0 0.0
Bi 1.870914481045e+00 2.861794820244e+01 3.532095071834e+01 1 1 1 0.0 0.0 0.0
Bi 3.927409634213e+00 1.809556905934e+00 3.532095071834e+01 1 1 1 0.0 0.0 0.0
Bi 4.143882807846e+00 5.933924797703e+00 3.532095071834e+01 1 1 1 0.0 0.0 0.0
Bi 4.360355981478e+00 1.005829268947e+01 3.532095071834e+01 1 1 1 0.0 0.0 0.0
Bi 4.576829155111e+00 1.418266058124e+01 3.532095071834e+01 1 1 1 0.0 0.0 0.0
Bi 4.793302328744e+00 1.830702847301e+01 3.532095071834e+01 1 1 1 0.0 0.0 0.0
Bi 5.009775502376e+00 2.243139636478e+01 3.532095071834e+01 1 1 1 0.0 0.0 0.0
Bi 5.226248676009e+00 2.655576425655e+01 3.532095071834e+01 1 1 1 0.0 0.0 0.0
Bi 5.442721849642e+00 3.068013214832e+01 3.532095071834e+01 1 1 1 0.0 0.0 0.0
Bi 3.101117759315e+00 3.068961014228e+01 3.133430771007e+01 1 1 1 0.0 0.0 0.0
Bi 1.585805543886e+00 1.819034899894e+00 3.133430771007e+01 1 1 1 0.0 0.0 0.0
Bi 1.802278717519e+00 5.943402791664e+00 3.133430771007e+01 1 1 1 0.0 0.0 0.0
Bi 2.018751891151e+00 1.006777068343e+01 3.133430771007e+01 1 1 1 0.0 0.0 0.0
Bi 2.235225064784e+00 1.419213857520e+01 3.133430771007e+01 1 1 1 0.0 0.0 0.0
Bi 2.451698238417e+00 1.831650646697e+01 3.133430771007e+01 1 1 1 0.0 0.0 0.0
Bi 2.668171412049e+00 2.244087435874e+01 3.133430771007e+01 1 1 1 0.0 0.0 0.0
Bi 2.884644585682e+00 2.656524225051e+01 3.133430771007e+01 1 1 1 0.0 0.0 0.0
Bi 6.672925127911e+00 3.275179408817e+01 3.133430771007e+01 1 1 1 0.0 0.0 0.0
Bi 5.157612912483e+00 3.881218845779e+00 3.133430771007e+01 1 1 1 0.0 0.0 0.0
Bi 5.374086086115e+00 8.005586737548e+00 3.133430771007e+01 1 1 1 0.0 0.0 0.0
Bi 5.590559259748e+00 1.212995462932e+01 3.133430771007e+01 1 1 1 0.0 0.0 0.0
Bi 5.807032433381e+00 1.625432252109e+01 3.133430771007e+01 1 1 1 0.0 0.0 0.0
Bi 6.023505607013e+00 2.037869041286e+01 3.133430771007e+01 1 1 1 0.0 0.0 0.0
Bi 6.239978780646e+00 2.450305830463e+01 3.133430771007e+01 1 1 1 0.0 0.0 0.0
Bi 6.456451954278e+00 2.862742619640e+01 3.133430771007e+01 1 1 1 0.0 0.0 0.0
Bi 3.052436689957e+00 3.064225503258e+01 2.529282906773e+01 1 1 1 0.0 0.0 0.0
Bi 1.537124474529e+00 1.771679790192e+00 2.529282906773e+01 1 1 1 0.0 0.0 0.0
Bi 1.753597648161e+00 5.896047681961e+00 2.529282906773e+01 1 1 1 0.0 0.0 0.0
Bi 1.970070821794e+00 1.002041557373e+01 2.529282906773e+01 1 1 1 0.0 0.0 0.0
Bi 2.186543995427e+00 1.414478346550e+01 2.529282906773e+01 1 1 1 0.0 0.0 0.0
Bi 2.403017169059e+00 1.826915135727e+01 2.529282906773e+01 1 1 1 0.0 0.0 0.0
Bi 2.619490342692e+00 2.239351924904e+01 2.529282906773e+01 1 1 1 0.0 0.0 0.0
Bi 2.835963516325e+00 2.651788714081e+01 2.529282906773e+01 1 1 1 0.0 0.0 0.0
Bi 6.624244058554e+00 3.270443897846e+01 2.529282906773e+01 1 1 1 0.0 0.0 0.0
Bi 5.108931843125e+00 3.833863736077e+00 2.529282906773e+01 1 1 1 0.0 0.0 0.0
Bi 5.325405016758e+00 7.958231627846e+00 2.529282906773e+01 1 1 1 0.0 0.0 0.0
Bi 5.541878190391e+00 1.208259951962e+01 2.529282906773e+01 1 1 1 0.0 0.0 0.0
Bi 5.758351364023e+00 1.620696741139e+01 2.529282906773e+01 1 1 1 0.0 0.0 0.0
Bi 5.974824537656e+00 2.033133530315e+01 2.529282906773e+01 1 1 1 0.0 0.0 0.0
Bi 6.191297711289e+00 2.445570319492e+01 2.529282906773e+01 1 1 1 0.0 0.0 0.0
Bi 6.407770884921e+00 2.858007108669e+01 2.529282906773e+01 1 1 1 0.0 0.0 0.0
Bi 6.144474161285e+00 1.789257811062e+00 2.132110864621e+01 1 1 1 0.0 0.0 0.0
Bi 6.360947334918e+00 5.913625702832e+00 2.132110864621e+01 1 1 1 0.0 0.0 0.0
Bi 6.577420508550e+00 1.003799359460e+01 2.132110864621e+01 1 1 1 0.0 0.0 0.0
Bi 6.793893682183e+00 1.416236148637e+01 2.132110864621e+01 1 1 1 0.0 0.0 0.0
Bi 7.010366855816e+00 1.828672937814e+01 2.132110864621e+01 1 1 1 0.0 0.0 0.0
Bi 7.226840029448e+00 2.241109726991e+01 2.132110864621e+01 1 1 1 0.0 0.0 0.0
Bi 7.443313203081e+00 2.653546516168e+01 2.132110864621e+01 1 1 1 0.0 0.0 0.0
Bi 7.659786376714e+00 3.065983305345e+01 2.132110864621e+01 1 1 1 0.0 0.0 0.0
Bi 2.789139966321e+00 3.851441756947e+00 2.132110864621e+01 1 1 1 0.0 0.0 0.0
Bi 3.005613139954e+00 7.975809648716e+00 2.132110864621e+01 1 1 1 0.0 0.0 0.0
Bi 3.222086313587e+00 1.210017754049e+01 2.132110864621e+01 1 1 1 0.0 0.0 0.0
Bi 3.438559487219e+00 1.622454543226e+01 2.132110864621e+01 1 1 1 0.0 0.0 0.0
Bi 3.655032660852e+00 2.034891332402e+01 2.132110864621e+01 1 1 1 0.0 0.0 0.0
Bi 3.871505834485e+00 2.447328121579e+01 2.132110864621e+01 1 1 1 0.0 0.0 0.0
Bi 4.087979008117e+00 2.859764910756e+01 2.132110864621e+01 1 1 1 0.0 0.0 0.0
Bi 4.304452181750e+00 3.272201699933e+01 2.132110864621e+01 1 1 1 0.0 0.0 0.0
Se 5.958803186399e+00 2.768141527508e+01 7.500000000000e+00 1 1 1 0.0 0.0 0.0
Se 2.495232404618e+00 2.768141527508e+01 7.500000000000e+00 1 1 1 0.0 0.0 0.0
Se 4.227017795675e+00 2.468187499016e+01 7.500000000000e+00 1 1 1 0.0 0.0 0.0
Se 7.690588577455e+00 2.468187499016e+01 7.500000000000e+00 1 1 1 0.0 0.0 0.0
Se 5.958803186731e+00 2.168233470524e+01 7.500000000000e+00 1 1 1 0.0 0.0 0.0
Se 2.495232404951e+00 2.168233470524e+01 7.500000000000e+00 1 1 1 0.0 0.0 0.0
Se 4.227017796007e+00 1.868279442031e+01 7.500000000000e+00 1 1 1 0.0 0.0 0.0
Se 7.690588577788e+00 1.868279442031e+01 7.500000000000e+00 1 1 1 0.0 0.0 0.0
Se 5.958803187064e+00 1.568325413539e+01 7.500000000000e+00 1 1 1 0.0 0.0 0.0
Se 2.495232405283e+00 1.568325413539e+01 7.500000000000e+00 1 1 1 0.0 0.0 0.0
Se 4.227017796340e+00 1.268371385047e+01 7.500000000000e+00 1 1 1 0.0 0.0 0.0
Se 7.634470145596e-01 1.268371385047e+01 7.500000000000e+00 1 1 1 0.0 0.0 0.0
Se 5.958803187396e+00 9.684173565543e+00 7.500000000000e+00 1 1 1 0.0 0.0 0.0
Se 2.495232405616e+00 9.684173565543e+00 7.500000000000e+00 1 1 1 0.0 0.0 0.0
Se 4.227017796672e+00 6.684633280620e+00 7.500000000000e+00 1 1 1 0.0 0.0 0.0
Se 7.634470148921e-01 6.684633280620e+00 7.500000000000e+00 1 1 1 0.0 0.0 0.0
Se 5.958803187729e+00 3.685092995697e+00 7.500000000000e+00 1 1 1 0.0 0.0 0.0
Se 2.495232405949e+00 3.685092995697e+00 7.500000000000e+00 1 1 1 0.0 0.0 0.0
Se 4.227017797005e+00 6.855527107734e-01 7.500000000000e+00 1 1 1 0.0 0.0 0.0
Se 7.634470152247e-01 6.855527107734e-01 7.500000000000e+00 1 1 1 0.0 0.0 0.0
Se 4.227017795342e+00 3.068095556001e+01 7.500000000000e+00 1 1 1 0.0 0.0 0.0
Se 7.690588577123e+00 3.068095556001e+01 7.500000000000e+00 1 1 1 0.0 0.0 0.0
Se 4.227826317002e+00 2.869125694979e+01 1.364602824434e+01 1 1 1 0.0 0.0 0.0
Se 7.691397098782e+00 2.869125694979e+01 1.364602824434e+01 1 1 1 0.0 0.0 0.0
Se 2.496040926278e+00 2.569171666486e+01 1.364602824434e+01 1 1 1 0.0 0.0 0.0
Se 5.959611708058e+00 2.569171666486e+01 1.364602824434e+01 1 1 1 0.0 0.0 0.0
Se 4.227826317334e+00 2.269217637994e+01 1.364602824434e+01 1 1 1 0.0 0.0 0.0
Se 7.691397099114e+00 2.269217637994e+01 1.364602824434e+01 1 1 1 0.0 0.0 0.0
Se 2.496040926610e+00 1.969263609502e+01 1.364602824434e+01 1 1 1 0.0 0.0 0.0
Se 5.959611708390e+00 1.969263609502e+01 1.364602824434e+01 1 1 1 0.0 0.0 0.0
Se 4.227826317667e+00 1.669309581009e+01 1.364602824434e+01 1 1 1 0.0 0.0 0.0
Se 7.691397099447e+00 1.669309581009e+01 1.364602824434e+01 1 1 1 0.0 0.0 0.0
Se 2.496040926943e+00 1.369355552517e+01 1.364602824434e+01 1 1 1 0.0 0.0 0.0
Se 5.959611708723e+00 1.369355552517e+01 1.364602824434e+01 1 1 1 0.0 0.0 0.0
Se 4.227826317999e+00 1.069401524025e+01 1.364602824434e+01 1 1 1 0.0 0.0 0.0
Se 7.642555362188e-01 1.069401524025e+01 1.364602824434e+01 1 1 1 0.0 0.0 0.0
Se 2.496040927275e+00 7.694474955323e+00 1.364602824434e+01 1 1 1 0.0 0.0 0.0
Se 5.959611709055e+00 7.694474955323e+00 1.364602824434e+01 1 1 1 0.0 0.0 0.0
Se 4.227826318332e+00 4.694934670400e+00 1.364602824434e+01 1 1 1 0.0 0.0 0.0
Se 7.642555365513e-01 4.694934670400e+00 1.364602824434e+01 1 1 1 0.0 0.0 0.0
Se 2.496040927608e+00 1.695394385477e+00 1.364602824434e+01 1 1 1 0.0 0.0 0.0
Se 5.959611709388e+00 1.695394385477e+00 1.364602824434e+01 1 1 1 0.0 0.0 0.0
Se 2.496040925945e+00 3.169079723471e+01 1.364602824434e+01 1 1 1 0.0 0.0 0.0
Se 5.959611707725e+00 3.169079723471e+01 1.364602824434e+01 1 1 1 0.0 0.0 0.0
Se 5.958495830186e+00 2.768244664580e+01 1.086443756309e+01 1 1 1 0.0 0.0 0.0
Se 2.494925048406e+00 2.768244664580e+01 1.086443756309e+01 1 1 1 0.0 0.0 0.0
Se 4.226710439463e+00 2.468290636088e+01 1.086443756309e+01 1 1 1 0.0 0.0 0.0
Se 7.690281221243e+00 2.468290636088e+01 1.086443756309e+01 1 1 1 0.0 0.0 0.0
Se 5.958495830519e+00 2.168336607596e+01 1.086443756309e+01 1 1 1 0.0 0.0 0.0
Se 2.494925048739e+00 2.168336607596e+01 1.086443756309e+01 1 1 1 0.0 0.0 0.0
Se 4.226710439795e+00 1.868382579103e+01 1.086443756309e+01 1 1 1 0.0 0.0 0.0
Se 7.690281221575e+00 1.868382579103e+01 1.086443756309e+01 1 1 1 0.0 0.0 0.0
Se 5.958495830851e+00 1.568428550611e+01 1.086443756309e+01 1 1 1 0.0 0.0 0.0
Se 2.494925049071e+00 1.568428550611e+01 1.086443756309e+01 1 1 1 0.0 0.0 0.0
Se 4.226710440128e+00 1.268474522119e+01 1.086443756309e+01 1 1 1 0.0 0.0 0.0
Se 7.631396583473e-01 1.268474522119e+01 1.086443756309e+01 1 1 1 0.0 0.0 0.0
Se 5.958495831184e+00 9.685204936265e+00 1.086443756309e+01 1 1 1 0.0 0.0 0.0
Se 2.494925049404e+00 9.685204936265e+00 1.086443756309e+01 1 1 1 0.0 0.0 0.0
Se 4.226710440460e+00 6.685664651341e+00 1.086443756309e+01 1 1 1 0.0 0.0 0.0
Se 7.631396586798e-01 6.685664651341e+00 1.086443756309e+01 1 1 1 0.0 0.0 0.0
Se 5.958495831516e+00 3.686124366418e+00 1.086443756309e+01 1 1 1 0.0 0.0 0.0
Se 2.494925049736e+00 3.686124366418e+00 1.086443756309e+01 1 1 1 0.0 0.0 0.0
Se 4.226710440793e+00 6.865840814949e-01 1.086443756309e+01 1 1 1 0.0 0.0 0.0
Se 7.631396590123e-01 6.865840814949e-01 1.086443756309e+01 1 1 1 0.0 0.0 0.0
Se 4.226710439130e+00 3.068198693073e+01 1.086443756309e+01 1 1 1 0.0 0.0 0.0
Se 7.690281220910e+00 3.068198693073e+01 1.086443756309e+01 1 1 1 0.0 0.0 0.0
Se 4.227356748942e+00 2.869220499405e+01 1.701046802998e+01 1 1 1 0.0 0.0 0.0
Se 7.690927530722e+00 2.869220499405e+01 1.701046802998e+01 1 1 1 0.0 0.0 0.0
Se 2.495571358218e+00 2.569266470913e+01 1.701046802998e+01 1 1 1 0.0 0.0 0.0
Se 5.959142139998e+00 2.569266470913e+01 1.701046802998e+01 1 1 1 0.0 0.0 0.0
Se 4.227356749274e+00 2.269312442420e+01 1.701046802998e+01 1 1 1 0.0 0.0 0.0
Se 7.690927531054e+00 2.269312442420e+01 1.701046802998e+01 1 1 1 0.0 0.0 0.0
Se 2.495571358550e+00 1.969358413928e+01 1.701046802998e+01 1 1 1 0.0 0.0 0.0
Se 5.959142140331e+00 1.969358413928e+01 1.701046802998e+01 1 1 1 0.0 0.0 0.0
Se 4.227356749607e+00 1.669404385436e+01 1.701046802998e+01 1 1 1 0.0 0.0 0.0
Se 7.690927531387e+00 1.669404385436e+01 1.701046802998e+01 1 1 1 0.0 0.0 0.0
Se 2.495571358883e+00 1.369450356943e+01 1.701046802998e+01 1 1 1 0.0 0.0 0.0
Se 5.959142140663e+00 1.369450356943e+01 1.701046802998e+01 1 1 1 0.0 0.0 0.0
Se 4.227356749939e+00 1.069496328451e+01 1.701046802998e+01 1 1 1 0.0 0.0 0.0
Se 7.637859681589e-01 1.069496328451e+01 1.701046802998e+01 1 1 1 0.0 0.0 0.0
Se 2.495571359215e+00 7.695422999588e+00 1.701046802998e+01 1 1 1 0.0 0.0 0.0
Se 5.959142140996e+00 7.695422999588e+00 1.701046802998e+01 1 1 1 0.0 0.0 0.0
Se 4.227356750272e+00 4.695882714665e+00 1.701046802998e+01 1 1 1 0.0 0.0 0.0
Se 7.637859684915e-01 4.695882714665e+00 1.701046802998e+01 1 1 1 0.0 0.0 0.0
Se 2.495571359548e+00 1.696342429741e+00 1.701046802998e+01 1 1 1 0.0 0.0 0.0
Se 5.959142141328e+00 1.696342429741e+00 1.701046802998e+01 1 1 1 0.0 0.0 0.0
Se 2.495571357885e+00 3.169174527897e+01 1.701046802998e+01 1 1 1 0.0 0.0 0.0
Se 5.959142139666e+00 3.169174527897e+01 1.701046802998e+01 1 1 1 0.0 0.0 0.0
Se 3.138506572219e+00 3.066954576212e+01 3.696241589303e+01 1 1 1 0.0 0.0 0.0
Se 1.623194356790e+00 1.798970519733e+00 3.696241589303e+01 1 1 1 0.0 0.0 0.0
Se 1.839667530423e+00 5.923338411503e+00 3.696241589303e+01 1 1 1 0.0 0.0 0.0
Se 2.056140704055e+00 1.004770630327e+01 3.696241589303e+01 1 1 1 0.0 0.0 0.0
Se 2.272613877688e+00 1.417207419504e+01 3.696241589303e+01 1 1 1 0.0 0.0 0.0
Se 2.489087051321e+00 1.829644208681e+01 3.696241589303e+01 1 1 1 0.0 0.0 0.0
Se 2.705560224953e+00 2.242080997858e+01 3.696241589303e+01 1 1 1 0.0 0.0 0.0
Se 2.922033398586e+00 2.654517787035e+01 3.696241589303e+01 1 1 1 0.0 0.0 0.0
Se 6.710313940815e+00 3.273172970800e+01 3.696241589303e+01 1 1 1 0.0 0.0 0.0
Se 5.195001725387e+00 3.861154465618e+00 3.696241589303e+01 1 1 1 0.0 0.0 0.0
Se 5.411474899019e+00 7.985522357388e+00 3.696241589303e+01 1 1 1 0.0 0.0 0.0
Se 5.627948072652e+00 1.210989024916e+01 3.696241589303e+01 1 1 1 0.0 0.0 0.0
Se 5.844421246285e+00 1.623425814093e+01 3.696241589303e+01 1 1 1 0.0 0.0 0.0
Se 6.060894419917e+00 2.035862603270e+01 3.696241589303e+01 1 1 1 0.0 0.0 0.0
Se 6.277367593550e+00 2.448299392447e+01 3.696241589303e+01 1 1 1 0.0 0.0 0.0
Se 6.493840767183e+00 2.860736181623e+01 3.696241589303e+01 1 1 1 0.0 0.0 0.0
Se 6.220168034351e+00 1.827648226991e+00 3.332483142763e+01 1 1 1 0.0 0.0 0.0
Se 6.436641207984e+00 5.952016118760e+00 3.332483142763e+01 1 1 1 0.0 0.0 0.0
Se 6.653114381616e+00 1.007638401053e+01 3.332483142763e+01 1 1 1 0.0 0.0 0.0
Se 6.869587555249e+00 1.420075190230e+01 3.332483142763e+01 1 1 1 0.0 0.0 0.0
Se 7.086060728882e+00 1.832511979407e+01 3.332483142763e+01 1 1 1 0.0 0.0 0.0
Se 7.302533902514e+00 2.244948768584e+01 3.332483142763e+01 1 1 1 0.0 0.0 0.0
Se 7.519007076147e+00 2.657385557761e+01 3.332483142763e+01 1 1 1 0.0 0.0 0.0
Se 7.735480249780e+00 3.069822346938e+01 3.332483142763e+01 1 1 1 0.0 0.0 0.0
Se 2.864833839387e+00 3.889832172875e+00 3.332483142763e+01 1 1 1 0.0 0.0 0.0
Se 3.081307013020e+00 8.014200064645e+00 3.332483142763e+01 1 1 1 0.0 0.0 0.0
Se 3.297780186652e+00 1.213856795641e+01 3.332483142763e+01 1 1 1 0.0 0.0 0.0
Se 3.514253360285e+00 1.626293584818e+01 3.332483142763e+01 1 1 1 0.0 0.0 0.0
Se 3.730726533918e+00 2.038730373995e+01 3.332483142763e+01 1 1 1 0.0 0.0 0.0
Se 3.947199707550e+00 2.451167163172e+01 3.332483142763e+01 1 1 1 0.0 0.0 0.0
Se 4.163672881183e+00 2.863603952349e+01 3.332483142763e+01 1 1 1 0.0 0.0 0.0
Se 4.380146054816e+00 3.276040741526e+01 3.332483142763e+01 1 1 1 0.0 0.0 0.0
Se 2.067682007442e+00 3.274785907304e+01 2.969131231352e+01 1 1 1 0.0 0.0 0.0
Se 5.523697920132e-01 3.877283830651e+00 2.969131231352e+01 1 1 1 0.0 0.0 0.0
Se 7.688429656458e-01 8.001651722420e+00 2.969131231352e+01 1 1 1 0.0 0.0 0.0
Se 9.853161392785e-01 1.212601961419e+01 2.969131231352e+01 1 1 1 0.0 0.0 0.0
Se 1.201789312911e+00 1.625038750596e+01 2.969131231352e+01 1 1 1 0.0 0.0 0.0
Se 1.418262486544e+00 2.037475539773e+01 2.969131231352e+01 1 1 1 0.0 0.0 0.0
Se 1.634735660176e+00 2.449912328950e+01 2.969131231352e+01 1 1 1 0.0 0.0 0.0
Se 1.851208833809e+00 2.862349118127e+01 2.969131231352e+01 1 1 1 0.0 0.0 0.0
Se 3.907703986977e+00 1.815099884766e+00 2.969131231352e+01 1 1 1 0.0 0.0 0.0
Se 4.124177160610e+00 5.939467776536e+00 2.969131231352e+01 1 1 1 0.0 0.0 0.0
Se 4.340650334242e+00 1.006383566830e+01 2.969131231352e+01 1 1 1 0.0 0.0 0.0
Se 4.557123507875e+00 1.418820356007e+01 2.969131231352e+01 1 1 1 0.0 0.0 0.0
Se 4.773596681508e+00 1.831257145184e+01 2.969131231352e+01 1 1 1 0.0 0.0 0.0
Se 4.990069855140e+00 2.243693934361e+01 2.969131231352e+01 1 1 1 0.0 0.0 0.0
Se 5.206543028773e+00 2.656130723538e+01 2.969131231352e+01 1 1 1 0.0 0.0 0.0
Se 5.423016202406e+00 3.068567512715e+01 2.969131231352e+01 1 1 1 0.0 0.0 0.0
Se 6.147329921996e+00 1.792290136734e+00 2.692457590224e+01 1 1 1 0.0 0.0 0.0
Se 6.363803095629e+00 5.916658028503e+00 2.692457590224e+01 1 1 1 0.0 0.0 0.0
Se 6.580276269261e+00 1.004102592027e+01 2.692457590224e+01 1 1 1 0.0 0.0 0.0
Se 6.796749442894e+00 1.416539381204e+01 2.692457590224e+01 1 1 1 0.0 0.0 0.0
Se 7.013222616527e+00 1.828976170381e+01 2.692457590224e+01 1 1 1 0.0 0.0 0.0
Se 7.229695790159e+00 2.241412959558e+01 2.692457590224e+01 1 1 1 0.0 0.0 0.0
Se 7.446168963792e+00 2.653849748735e+01 2.692457590224e+01 1 1 1 0.0 0.0 0.0
Se 7.662642137425e+00 3.066286537912e+01 2.692457590224e+01 1 1 1 0.0 0.0 0.0
Se 2.791995727032e+00 3.854474082619e+00 2.692457590224e+01 1 1 1 0.0 0.0 0.0
Se 3.008468900665e+00 7.978841974388e+00 2.692457590224e+01 1 1 1 0.0 0.0 0.0
Se 3.224942074297e+00 1.210320986616e+01 2.692457590224e+01 1 1 1 0.0 0.0 0.0
Se 3.441415247930e+00 1.622757775793e+01 2.692457590224e+01 1 1 1 0.0 0.0 0.0
Se 3.657888421563e+00 2.035194564970e+01 2.692457590224e+01 1 1 1 0.0 0.0 0.0
Se 3.874361595195e+00 2.447631354147e+01 2.692457590224e+01 1 1 1 0.0 0.0 0.0
Se 4.090834768828e+00 2.860068143324e+01 2.692457590224e+01 1 1 1 0.0 0.0 0.0
Se 4.307307942461e+00 3.272504932500e+01 2.692457590224e+01 1 1 1 0.0 0.0 0.0
Se 1.998556131571e+00 3.270556775993e+01 2.330671355540e+01 1 1 1 0.0 0.0 0.0
Se 4.832439161424e-01 3.834992517540e+00 2.330671355540e+01 1 1 1 0.0 0.0 0.0
Se 6.997170897751e-01 7.959360409310e+00 2.330671355540e+01 1 1 1 0.0 0.0 0.0
Se 9.161902634077e-01 1.208372830108e+01 2.330671355540e+01 1 1 1 0.0 0.0 0.0
Se 1.132663437040e+00 1.620809619285e+01 2.330671355540e+01 1 1 1 0.0 0.0 0.0
Se 1.349136610673e+00 2.033246408462e+01 2.330671355540e+01 1 1 1 0.0 0.0 0.0
Se 1.565609784306e+00 2.445683197639e+01 2.330671355540e+01 1 1 1 0.0 0.0 0.0
Se 1.782082957938e+00 2.858119986816e+01 2.330671355540e+01 1 1 1 0.0 0.0 0.0
Se 3.838578111106e+00 1.772808571655e+00 2.330671355540e+01 1 1 1 0.0 0.0 0.0
Se 4.055051284739e+00 5.897176463425e+00 2.330671355540e+01 1 1 1 0.0 0.0 0.0
Se 4.271524458372e+00 1.002154435519e+01 2.330671355540e+01 1 1 1 0.0 0.0 0.0
Se 4.487997632004e+00 1.414591224696e+01 2.330671355540e+01 1 1 1 0.0 0.0 0.0
Se 4.704470805637e+00 1.827028013873e+01 2.330671355540e+01 1 1 1 0.0 0.0 0.0
Se 4.920943979270e+00 2.239464803050e+01 2.330671355540e+01 1 1 1 0.0 0.0 0.0
Se 5.137417152902e+00 2.651901592227e+01 2.330671355540e+01 1 1 1 0.0 0.0 0.0
Se 5.353890326535e+00 3.064338381404e+01 2.330671355540e+01 1 1 1 0.0 0.0 0.0
Se 3.055318117545e+00 3.063540510899e+01 1.968357859229e+01 1 1 1 0.0 0.0 0.0
Se 1.540005902116e+00 1.764829866600e+00 1.968357859229e+01 1 1 1 0.0 0.0 0.0
Se 1.756479075749e+00 5.889197758370e+00 1.968357859229e+01 1 1 1 0.0 0.0 0.0
Se 1.972952249381e+00 1.001356565014e+01 1.968357859229e+01 1 1 1 0.0 0.0 0.0
Se 2.189425423014e+00 1.413793354191e+01 1.968357859229e+01 1 1 1 0.0 0.0 0.0
Se 2.405898596647e+00 1.826230143368e+01 1.968357859229e+01 1 1 1 0.0 0.0 0.0
Se 2.622371770279e+00 2.238666932545e+01 1.968357859229e+01 1 1 1 0.0 0.0 0.0
Se 2.838844943912e+00 2.651103721722e+01 1.968357859229e+01 1 1 1 0.0 0.0 0.0
Se 6.627125486141e+00 3.269758905487e+01 1.968357859229e+01 1 1 1 0.0 0.0 0.0
Se 5.111813270713e+00 3.827013812485e+00 1.968357859229e+01 1 1 1 0.0 0.0 0.0
Se 5.328286444345e+00 7.951381704255e+00 1.968357859229e+01 1 1 1 0.0 0.0 0.0
Se 5.544759617978e+00 1.207574959602e+01 1.968357859229e+01 1 1 1 0.0 0.0 0.0
Se 5.761232791611e+00 1.620011748779e+01 1.968357859229e+01 1 1 1 0.0 0.0 0.0
Se 5.977705965243e+00 2.032448537956e+01 1.968357859229e+01 1 1 1 0.0 0.0 0.0
Se 6.194179138876e+00 2.444885327133e+01 1.968357859229e+01 1 1 1 0.0 0.0 0.0
Se 6.410652312509e+00 2.857322116310e+01 1.968357859229e+01 1 1 1 0.0 0.0 0.0
"