calculation_mode = "Quench Electrons"
cell_relax = "False"
charge_density_mixing = "0.15"
charge_mixing_type = "Broyden"
description = "Example parameters for high-throughput bulk relaxation of a vdW material"
dipole_moment = "True"
dos_broading = "0.05"
dos_method = "Gaussian"
energy_convergence_criterion = "1e-08"
energy_output_units = "Hartrees"
kohn_sham_mucycles = "3"
kohn_sham_solver = "davidson"
kpoint_distribution = "1"
kpoint_mesh = "1 1 1"
localize_projectors = "False"
max_md_steps = "100"
max_scf_steps = "200"
non_local_block_size = "4000"
output_wave_function_file = "/dev/null"
potential_acceleration_constant_step = "1.5"
processor_grid = "6 13 16"
rms_convergence_criterion = "1e-08"
scalapack_block_factor = "64"
start_mode = "LCAO Start"
state_block_size = "64"
stress = "True"
subdiag_driver = "scalapack"
test_energy_tolerance = "1e-05"
use_async_allreduce = "False"
vdw_corr = "DFT-D3"
vdwdf_kernel_filepath = "/lustre/orion/world-shared/cph162/rjmorelock/rmgdft/XC/vdW_kernel_table"
wavefunction_grid = "164 358 426"
write_data_period = "50"

atomic_coordinate_type = "Absolute"
crds_units = "Angstrom"
lattice_units = "Angstrom"

lattice_vector = "
1.928434596679e+01 0.000000000000e+00 1.200000000000e-15
6.531794599873e+00 4.148246708909e+01 2.600000000000e-15
0.000000000000e+00 0.000000000000e+00 4.998930533072e+01
"
atoms = "
Nb 4.597332395534e-01 4.884087878983e-01 1.782833092694e+01 1 1 1 0.0 0.0 0.0
Nb 2.636998106656e+00 3.182075481995e+00 1.782833092694e+01 1 1 1 0.0 0.0 0.0
Nb 6.058414326592e+00 2.643342143175e+00 1.782833092694e+01 1 1 1 0.0 0.0 0.0
Nb 9.479830546529e+00 2.104608804356e+00 1.782833092694e+01 1 1 1 0.0 0.0 0.0
Nb 1.290124676647e+01 1.565875465537e+00 1.782833092694e+01 1 1 1 0.0 0.0 0.0
Nb 1.632266298640e+01 1.027142126718e+00 1.782833092694e+01 1 1 1 0.0 0.0 0.0
Nb 1.392846753821e+00 6.414475514910e+00 1.782833092694e+01 1 1 1 0.0 0.0 0.0
Nb 4.814262973758e+00 5.875742176091e+00 1.782833092694e+01 1 1 1 0.0 0.0 0.0
Nb 8.235679193695e+00 5.337008837272e+00 1.782833092694e+01 1 1 1 0.0 0.0 0.0
Nb 1.165709541363e+01 4.798275498453e+00 1.782833092694e+01 1 1 1 0.0 0.0 0.0
Nb 1.507851163357e+01 4.259542159633e+00 1.782833092694e+01 1 1 1 0.0 0.0 0.0
Nb 1.849992785351e+01 3.720808820814e+00 1.782833092694e+01 1 1 1 0.0 0.0 0.0
Nb 3.570111620923e+00 9.108142209007e+00 1.782833092694e+01 1 1 1 0.0 0.0 0.0
Nb 6.991527840860e+00 8.569408870188e+00 1.782833092694e+01 1 1 1 0.0 0.0 0.0
Nb 1.041294406080e+01 8.030675531368e+00 1.782833092694e+01 1 1 1 0.0 0.0 0.0
Nb 1.383436028073e+01 7.491942192549e+00 1.782833092694e+01 1 1 1 0.0 0.0 0.0
Nb 1.725577650067e+01 6.953208853730e+00 1.782833092694e+01 1 1 1 0.0 0.0 0.0
Nb 2.325960268089e+00 1.234054224192e+01 1.782833092694e+01 1 1 1 0.0 0.0 0.0
Nb 5.747376488025e+00 1.180180890310e+01 1.782833092694e+01 1 1 1 0.0 0.0 0.0
Nb 9.168792707962e+00 1.126307556428e+01 1.782833092694e+01 1 1 1 0.0 0.0 0.0
Nb 1.259020892790e+01 1.072434222546e+01 1.782833092694e+01 1 1 1 0.0 0.0 0.0
Nb 1.601162514784e+01 1.018560888665e+01 1.782833092694e+01 1 1 1 0.0 0.0 0.0
Nb 1.943304136777e+01 9.646875547826e+00 1.782833092694e+01 1 1 1 0.0 0.0 0.0
Nb 4.503225135191e+00 1.503420893602e+01 1.782833092694e+01 1 1 1 0.0 0.0 0.0
Nb 7.924641355128e+00 1.449547559720e+01 1.782833092694e+01 1 1 1 0.0 0.0 0.0
Nb 1.134605757506e+01 1.395674225838e+01 1.782833092694e+01 1 1 1 0.0 0.0 0.0
Nb 1.476747379500e+01 1.341800891956e+01 1.782833092694e+01 1 1 1 0.0 0.0 0.0
Nb 1.818889001494e+01 1.287927558074e+01 1.782833092694e+01 1 1 1 0.0 0.0 0.0
Nb 3.259073782356e+00 1.826660896893e+01 1.782833092694e+01 1 1 1 0.0 0.0 0.0
Nb 6.680490002293e+00 1.772787563012e+01 1.782833092694e+01 1 1 1 0.0 0.0 0.0
Nb 1.010190622223e+01 1.718914229130e+01 1.782833092694e+01 1 1 1 0.0 0.0 0.0
Nb 1.352332244217e+01 1.665040895248e+01 1.782833092694e+01 1 1 1 0.0 0.0 0.0
Nb 1.694473866210e+01 1.611167561366e+01 1.782833092694e+01 1 1 1 0.0 0.0 0.0
Nb 2.036615488204e+01 1.557294227484e+01 1.782833092694e+01 1 1 1 0.0 0.0 0.0
Nb 5.436338649458e+00 2.096027566303e+01 1.782833092694e+01 1 1 1 0.0 0.0 0.0
Nb 8.857754869395e+00 2.042154232421e+01 1.782833092694e+01 1 1 1 0.0 0.0 0.0
Nb 1.227917108933e+01 1.988280898539e+01 1.782833092694e+01 1 1 1 0.0 0.0 0.0
Nb 1.570058730927e+01 1.934407564657e+01 1.782833092694e+01 1 1 1 0.0 0.0 0.0
Nb 1.912200352921e+01 1.880534230775e+01 1.782833092694e+01 1 1 1 0.0 0.0 0.0
Nb 4.192187296624e+00 2.419267569595e+01 1.782833092694e+01 1 1 1 0.0 0.0 0.0
Nb 7.613603516561e+00 2.365394235713e+01 1.782833092694e+01 1 1 1 0.0 0.0 0.0
Nb 1.103501973650e+01 2.311520901831e+01 1.782833092694e+01 1 1 1 0.0 0.0 0.0
Nb 1.445643595643e+01 2.257647567949e+01 1.782833092694e+01 1 1 1 0.0 0.0 0.0
Nb 1.787785217637e+01 2.203774234067e+01 1.782833092694e+01 1 1 1 0.0 0.0 0.0
Nb 2.129926839631e+01 2.149900900185e+01 1.782833092694e+01 1 1 1 0.0 0.0 0.0
Nb 6.369452163726e+00 2.688634239004e+01 1.782833092694e+01 1 1 1 0.0 0.0 0.0
Nb 9.790868383663e+00 2.634760905122e+01 1.782833092694e+01 1 1 1 0.0 0.0 0.0
Nb 1.321228460360e+01 2.580887571240e+01 1.782833092694e+01 1 1 1 0.0 0.0 0.0
Nb 1.663370082354e+01 2.527014237359e+01 1.782833092694e+01 1 1 1 0.0 0.0 0.0
Nb 2.005511704347e+01 2.473140903477e+01 1.782833092694e+01 1 1 1 0.0 0.0 0.0
Nb 5.125300810891e+00 3.011874242296e+01 1.782833092694e+01 1 1 1 0.0 0.0 0.0
Nb 8.546717030828e+00 2.958000908414e+01 1.782833092694e+01 1 1 1 0.0 0.0 0.0
Nb 1.196813325077e+01 2.904127574532e+01 1.782833092694e+01 1 1 1 0.0 0.0 0.0
Nb 1.538954947070e+01 2.850254240650e+01 1.782833092694e+01 1 1 1 0.0 0.0 0.0
Nb 1.881096569064e+01 2.796380906768e+01 1.782833092694e+01 1 1 1 0.0 0.0 0.0
Nb 2.223238191058e+01 2.742507572886e+01 1.782833092694e+01 1 1 1 0.0 0.0 0.0
Nb 7.302565677994e+00 3.281240911706e+01 1.782833092694e+01 1 1 1 0.0 0.0 0.0
Nb 1.072398189793e+01 3.227367577824e+01 1.782833092694e+01 1 1 1 0.0 0.0 0.0
Nb 1.414539811787e+01 3.173494243942e+01 1.782833092694e+01 1 1 1 0.0 0.0 0.0
Nb 1.756681433780e+01 3.119620910060e+01 1.782833092694e+01 1 1 1 0.0 0.0 0.0
Nb 2.098823055774e+01 3.065747576178e+01 1.782833092694e+01 1 1 1 0.0 0.0 0.0
Nb 6.058414325159e+00 3.604480914997e+01 1.782833092694e+01 1 1 1 0.0 0.0 0.0
Nb 9.479830545096e+00 3.550607581115e+01 1.782833092694e+01 1 1 1 0.0 0.0 0.0
Nb 1.290124676503e+01 3.496734247233e+01 1.782833092694e+01 1 1 1 0.0 0.0 0.0
Nb 1.632266298497e+01 3.442860913351e+01 1.782833092694e+01 1 1 1 0.0 0.0 0.0
Nb 1.974407920491e+01 3.388987579469e+01 1.782833092694e+01 1 1 1 0.0 0.0 0.0
Nb 2.316549542484e+01 3.335114245587e+01 1.782833092694e+01 1 1 1 0.0 0.0 0.0
Nb 8.235679192261e+00 3.873847584407e+01 1.782833092694e+01 1 1 1 0.0 0.0 0.0
Nb 1.165709541220e+01 3.819974250525e+01 1.782833092694e+01 1 1 1 0.0 0.0 0.0
Nb 1.507851163213e+01 3.766100916643e+01 1.782833092694e+01 1 1 1 0.0 0.0 0.0
Nb 1.849992785207e+01 3.712227582761e+01 1.782833092694e+01 1 1 1 0.0 0.0 0.0
Nb 2.192134407201e+01 3.658354248879e+01 1.782833092694e+01 1 1 1 0.0 0.0 0.0
Nb 1.041294405936e+01 4.143214253816e+01 1.782833092694e+01 1 1 1 0.0 0.0 0.0
Nb 1.383436027930e+01 4.089340919934e+01 1.782833092694e+01 1 1 1 0.0 0.0 0.0
Nb 1.725577649924e+01 4.035467586053e+01 1.782833092694e+01 1 1 1 0.0 0.0 0.0
Nb 2.067719271917e+01 3.981594252171e+01 1.782833092694e+01 1 1 1 0.0 0.0 0.0
Nb 2.409860893911e+01 3.927720918289e+01 1.782833092694e+01 1 1 1 0.0 0.0 0.0
Nb 4.622216168252e-01 4.978933324993e-01 1.168208868332e+01 1 1 1 0.0 0.0 0.0
Nb 2.639486483927e+00 3.191560026596e+00 1.168208868332e+01 1 1 1 0.0 0.0 0.0
Nb 6.060902703864e+00 2.652826687776e+00 1.168208868332e+01 1 1 1 0.0 0.0 0.0
Nb 9.482318923801e+00 2.114093348957e+00 1.168208868332e+01 1 1 1 0.0 0.0 0.0
Nb 1.290373514374e+01 1.575360010138e+00 1.168208868332e+01 1 1 1 0.0 0.0 0.0
Nb 1.632515136367e+01 1.036626671319e+00 1.168208868332e+01 1 1 1 0.0 0.0 0.0
Nb 1.395335131093e+00 6.423960059511e+00 1.168208868332e+01 1 1 1 0.0 0.0 0.0
Nb 4.816751351030e+00 5.885226720692e+00 1.168208868332e+01 1 1 1 0.0 0.0 0.0
Nb 8.238167570966e+00 5.346493381873e+00 1.168208868332e+01 1 1 1 0.0 0.0 0.0
Nb 1.165958379090e+01 4.807760043054e+00 1.168208868332e+01 1 1 1 0.0 0.0 0.0
Nb 1.508100001084e+01 4.269026704234e+00 1.168208868332e+01 1 1 1 0.0 0.0 0.0
Nb 1.850241623078e+01 3.730293365415e+00 1.168208868332e+01 1 1 1 0.0 0.0 0.0
Nb 3.572599998195e+00 9.117626753608e+00 1.168208868332e+01 1 1 1 0.0 0.0 0.0
Nb 6.994016218132e+00 8.578893414789e+00 1.168208868332e+01 1 1 1 0.0 0.0 0.0
Nb 1.041543243807e+01 8.040160075969e+00 1.168208868332e+01 1 1 1 0.0 0.0 0.0
Nb 1.383684865801e+01 7.501426737150e+00 1.168208868332e+01 1 1 1 0.0 0.0 0.0
Nb 1.725826487794e+01 6.962693398331e+00 1.168208868332e+01 1 1 1 0.0 0.0 0.0
Nb 2.328448645360e+00 1.235002678652e+01 1.168208868332e+01 1 1 1 0.0 0.0 0.0
Nb 5.749864865297e+00 1.181129344770e+01 1.168208868332e+01 1 1 1 0.0 0.0 0.0
Nb 9.171281085234e+00 1.127256010889e+01 1.168208868332e+01 1 1 1 0.0 0.0 0.0
Nb 1.259269730517e+01 1.073382677007e+01 1.168208868332e+01 1 1 1 0.0 0.0 0.0
Nb 1.601411352511e+01 1.019509343125e+01 1.168208868332e+01 1 1 1 0.0 0.0 0.0
Nb 1.943552974504e+01 9.656360092427e+00 1.168208868332e+01 1 1 1 0.0 0.0 0.0
Nb 4.505713512463e+00 1.504369348062e+01 1.168208868332e+01 1 1 1 0.0 0.0 0.0
Nb 7.927129732399e+00 1.450496014180e+01 1.168208868332e+01 1 1 1 0.0 0.0 0.0
Nb 1.134854595234e+01 1.396622680298e+01 1.168208868332e+01 1 1 1 0.0 0.0 0.0
Nb 1.476996217227e+01 1.342749346416e+01 1.168208868332e+01 1 1 1 0.0 0.0 0.0
Nb 1.819137839221e+01 1.288876012534e+01 1.168208868332e+01 1 1 1 0.0 0.0 0.0
Nb 3.261562159628e+00 1.827609351354e+01 1.168208868332e+01 1 1 1 0.0 0.0 0.0
Nb 6.682978379565e+00 1.773736017472e+01 1.168208868332e+01 1 1 1 0.0 0.0 0.0
Nb 1.010439459950e+01 1.719862683590e+01 1.168208868332e+01 1 1 1 0.0 0.0 0.0
Nb 1.352581081944e+01 1.665989349708e+01 1.168208868332e+01 1 1 1 0.0 0.0 0.0
Nb 1.694722703938e+01 1.612116015826e+01 1.168208868332e+01 1 1 1 0.0 0.0 0.0
Nb 2.036864325931e+01 1.558242681944e+01 1.168208868332e+01 1 1 1 0.0 0.0 0.0
Nb 5.438827026730e+00 2.096976020763e+01 1.168208868332e+01 1 1 1 0.0 0.0 0.0
Nb 8.860243246667e+00 2.043102686881e+01 1.168208868332e+01 1 1 1 0.0 0.0 0.0
Nb 1.228165946660e+01 1.989229352999e+01 1.168208868332e+01 1 1 1 0.0 0.0 0.0
Nb 1.570307568654e+01 1.935356019117e+01 1.168208868332e+01 1 1 1 0.0 0.0 0.0
Nb 1.912449190648e+01 1.881482685236e+01 1.168208868332e+01 1 1 1 0.0 0.0 0.0
Nb 4.194675673896e+00 2.420216024055e+01 1.168208868332e+01 1 1 1 0.0 0.0 0.0
Nb 7.616091893832e+00 2.366342690173e+01 1.168208868332e+01 1 1 1 0.0 0.0 0.0
Nb 1.103750811377e+01 2.312469356291e+01 1.168208868332e+01 1 1 1 0.0 0.0 0.0
Nb 1.445892433371e+01 2.258596022409e+01 1.168208868332e+01 1 1 1 0.0 0.0 0.0
Nb 1.788034055364e+01 2.204722688527e+01 1.168208868332e+01 1 1 1 0.0 0.0 0.0
Nb 2.130175677358e+01 2.150849354645e+01 1.168208868332e+01 1 1 1 0.0 0.0 0.0
Nb 6.371940540998e+00 2.689582693464e+01 1.168208868332e+01 1 1 1 0.0 0.0 0.0
Nb 9.793356760935e+00 2.635709359583e+01 1.168208868332e+01 1 1 1 0.0 0.0 0.0
Nb 1.321477298087e+01 2.581836025701e+01 1.168208868332e+01 1 1 1 0.0 0.0 0.0
Nb 1.663618920081e+01 2.527962691819e+01 1.168208868332e+01 1 1 1 0.0 0.0 0.0
Nb 2.005760542075e+01 2.474089357937e+01 1.168208868332e+01 1 1 1 0.0 0.0 0.0
Nb 5.127789188163e+00 3.012822696756e+01 1.168208868332e+01 1 1 1 0.0 0.0 0.0
Nb 8.549205408100e+00 2.958949362874e+01 1.168208868332e+01 1 1 1 0.0 0.0 0.0
Nb 1.197062162804e+01 2.905076028992e+01 1.168208868332e+01 1 1 1 0.0 0.0 0.0
Nb 1.539203784797e+01 2.851202695110e+01 1.168208868332e+01 1 1 1 0.0 0.0 0.0
Nb 1.881345406791e+01 2.797329361228e+01 1.168208868332e+01 1 1 1 0.0 0.0 0.0
Nb 2.223487028785e+01 2.743456027346e+01 1.168208868332e+01 1 1 1 0.0 0.0 0.0
Nb 7.305054055265e+00 3.282189366166e+01 1.168208868332e+01 1 1 1 0.0 0.0 0.0
Nb 1.072647027520e+01 3.228316032284e+01 1.168208868332e+01 1 1 1 0.0 0.0 0.0
Nb 1.414788649514e+01 3.174442698402e+01 1.168208868332e+01 1 1 1 0.0 0.0 0.0
Nb 1.756930271508e+01 3.120569364520e+01 1.168208868332e+01 1 1 1 0.0 0.0 0.0
Nb 2.099071893501e+01 3.066696030638e+01 1.168208868332e+01 1 1 1 0.0 0.0 0.0
Nb 6.060902702431e+00 3.605429369457e+01 1.168208868332e+01 1 1 1 0.0 0.0 0.0
Nb 9.482318922368e+00 3.551556035575e+01 1.168208868332e+01 1 1 1 0.0 0.0 0.0
Nb 1.290373514230e+01 3.497682701693e+01 1.168208868332e+01 1 1 1 0.0 0.0 0.0
Nb 1.632515136224e+01 3.443809367811e+01 1.168208868332e+01 1 1 1 0.0 0.0 0.0
Nb 1.974656758218e+01 3.389936033930e+01 1.168208868332e+01 1 1 1 0.0 0.0 0.0
Nb 2.316798380211e+01 3.336062700048e+01 1.168208868332e+01 1 1 1 0.0 0.0 0.0
Nb 8.238167569533e+00 3.874796038867e+01 1.168208868332e+01 1 1 1 0.0 0.0 0.0
Nb 1.165958378947e+01 3.820922704985e+01 1.168208868332e+01 1 1 1 0.0 0.0 0.0
Nb 1.508100000941e+01 3.767049371103e+01 1.168208868332e+01 1 1 1 0.0 0.0 0.0
Nb 1.850241622934e+01 3.713176037221e+01 1.168208868332e+01 1 1 1 0.0 0.0 0.0
Nb 2.192383244928e+01 3.659302703339e+01 1.168208868332e+01 1 1 1 0.0 0.0 0.0
Nb 1.041543243664e+01 4.144162708277e+01 1.168208868332e+01 1 1 1 0.0 0.0 0.0
Nb 1.383684865657e+01 4.090289374395e+01 1.168208868332e+01 1 1 1 0.0 0.0 0.0
Nb 1.725826487651e+01 4.036416040513e+01 1.168208868332e+01 1 1 1 0.0 0.0 0.0
Nb 2.067968109645e+01 3.982542706631e+01 1.168208868332e+01 1 1 1 0.0 0.0 0.0
Nb 2.410109731638e+01 3.928669372749e+01 1.168208868332e+01 1 1 1 0.0 0.0 0.0
Bi 1.090854726519e+01 3.458521865292e+01 3.834784015603e+01 1 1 1 0.0 0.0 0.0
Bi 1.503420009981e+01 3.536790671121e+01 3.834784015603e+01 1 1 1 0.0 0.0 0.0
Bi 1.915985293442e+01 3.615059476949e+01 3.834784015603e+01 1 1 1 0.0 0.0 0.0
Bi 2.328550576903e+01 3.693328282778e+01 3.834784015603e+01 1 1 1 0.0 0.0 0.0
Bi 9.564629058911e+00 3.067177836150e+01 3.834784015603e+01 1 1 1 0.0 0.0 0.0
Bi 1.369028189352e+01 3.145446641978e+01 3.834784015603e+01 1 1 1 0.0 0.0 0.0
Bi 1.781593472814e+01 3.223715447807e+01 3.834784015603e+01 1 1 1 0.0 0.0 0.0
Bi 2.194158756275e+01 3.301984253635e+01 3.834784015603e+01 1 1 1 0.0 0.0 0.0
Bi 6.782894430579e+00 3.380253059464e+01 3.834784015603e+01 1 1 1 0.0 0.0 0.0
Bi 8.220710852629e+00 2.675833807008e+01 3.834784015603e+01 1 1 1 0.0 0.0 0.0
Bi 1.234636368724e+01 2.754102612836e+01 3.834784015603e+01 1 1 1 0.0 0.0 0.0
Bi 1.647201652186e+01 2.832371418664e+01 3.834784015603e+01 1 1 1 0.0 0.0 0.0
Bi 2.059766935647e+01 2.910640224493e+01 3.834784015603e+01 1 1 1 0.0 0.0 0.0
Bi 5.438976224297e+00 2.988909030321e+01 3.834784015603e+01 1 1 1 0.0 0.0 0.0
Bi 6.876792646347e+00 2.284489777865e+01 3.834784015603e+01 1 1 1 0.0 0.0 0.0
Bi 1.100244548096e+01 2.362758583694e+01 3.834784015603e+01 1 1 1 0.0 0.0 0.0
Bi 1.512809831557e+01 2.441027389522e+01 3.834784015603e+01 1 1 1 0.0 0.0 0.0
Bi 1.925375115019e+01 2.519296195351e+01 3.834784015603e+01 1 1 1 0.0 0.0 0.0
Bi 4.095058018015e+00 2.597565001179e+01 3.834784015603e+01 1 1 1 0.0 0.0 0.0
Bi 5.532874440065e+00 1.893145748723e+01 3.834784015603e+01 1 1 1 0.0 0.0 0.0
Bi 9.658527274679e+00 1.971414554551e+01 3.834784015603e+01 1 1 1 0.0 0.0 0.0
Bi 1.378418010929e+01 2.049683360380e+01 3.834784015603e+01 1 1 1 0.0 0.0 0.0
Bi 1.790983294391e+01 2.127952166208e+01 3.834784015603e+01 1 1 1 0.0 0.0 0.0
Bi 2.203548577852e+01 2.206220972037e+01 3.834784015603e+01 1 1 1 0.0 0.0 0.0
Bi 8.314609068397e+00 1.580070525409e+01 3.834784015603e+01 1 1 1 0.0 0.0 0.0
Bi 1.244026190301e+01 1.658339331238e+01 3.834784015603e+01 1 1 1 0.0 0.0 0.0
Bi 1.656591473762e+01 1.736608137066e+01 3.834784015603e+01 1 1 1 0.0 0.0 0.0
Bi 2.069156757224e+01 1.814876942894e+01 3.834784015603e+01 1 1 1 0.0 0.0 0.0
Bi 6.970690862115e+00 1.188726496267e+01 3.834784015603e+01 1 1 1 0.0 0.0 0.0
Bi 1.109634369673e+01 1.266995302095e+01 3.834784015603e+01 1 1 1 0.0 0.0 0.0
Bi 1.522199653134e+01 1.345264107924e+01 3.834784015603e+01 1 1 1 0.0 0.0 0.0
Bi 1.934764936596e+01 1.423532913752e+01 3.834784015603e+01 1 1 1 0.0 0.0 0.0
Bi 4.188956233783e+00 1.501801719581e+01 3.834784015603e+01 1 1 1 0.0 0.0 0.0
Bi 5.626772655833e+00 7.973824671244e+00 3.834784015603e+01 1 1 1 0.0 0.0 0.0
Bi 9.752425490447e+00 8.756512729529e+00 3.834784015603e+01 1 1 1 0.0 0.0 0.0
Bi 1.387807832506e+01 9.539200787814e+00 3.834784015603e+01 1 1 1 0.0 0.0 0.0
Bi 1.800373115967e+01 1.032188884610e+01 3.834784015603e+01 1 1 1 0.0 0.0 0.0
Bi 2.845038027502e+00 1.110457690438e+01 3.834784015603e+01 1 1 1 0.0 0.0 0.0
Bi 4.282854449551e+00 4.060384379821e+00 3.834784015603e+01 1 1 1 0.0 0.0 0.0
Bi 8.408507284165e+00 4.843072438106e+00 3.834784015603e+01 1 1 1 0.0 0.0 0.0
Bi 1.253416011878e+01 5.625760496390e+00 3.834784015603e+01 1 1 1 0.0 0.0 0.0
Bi 1.665981295339e+01 6.408448554675e+00 3.834784015603e+01 1 1 1 0.0 0.0 0.0
Bi 1.501119821220e+00 7.191136612960e+00 3.834784015603e+01 1 1 1 0.0 0.0 0.0
Bi 2.938936243270e+00 1.469440883980e-01 3.834784015603e+01 1 1 1 0.0 0.0 0.0
Bi 7.064589077883e+00 9.296321466826e-01 3.834784015603e+01 1 1 1 0.0 0.0 0.0
Bi 1.119024191250e+01 1.712320204967e+00 3.834784015603e+01 1 1 1 0.0 0.0 0.0
Bi 1.531589474711e+01 2.495008263252e+00 3.834784015603e+01 1 1 1 0.0 0.0 0.0
Bi 1.944154758172e+01 3.277696321537e+00 3.834784015603e+01 1 1 1 0.0 0.0 0.0
Bi 8.126812636861e+00 3.771597088606e+01 3.834784015603e+01 1 1 1 0.0 0.0 0.0
Bi 1.225246547147e+01 3.849865894434e+01 3.834784015603e+01 1 1 1 0.0 0.0 0.0
Bi 1.637811830609e+01 3.928134700263e+01 3.834784015603e+01 1 1 1 0.0 0.0 0.0
Bi 2.050377114070e+01 4.006403506091e+01 3.834784015603e+01 1 1 1 0.0 0.0 0.0
Bi 2.462942397532e+01 4.084672311920e+01 3.834784015603e+01 1 1 1 0.0 0.0 0.0
Bi 1.043189521640e+01 3.696869438459e+01 3.436119714775e+01 1 1 1 0.0 0.0 0.0
Bi 1.455754805102e+01 3.775138244287e+01 3.436119714775e+01 1 1 1 0.0 0.0 0.0
Bi 1.868320088563e+01 3.853407050116e+01 3.436119714775e+01 1 1 1 0.0 0.0 0.0
Bi 2.280885372024e+01 3.931675855944e+01 3.436119714775e+01 1 1 1 0.0 0.0 0.0
Bi 9.087977010120e+00 3.305525409316e+01 3.436119714775e+01 1 1 1 0.0 0.0 0.0
Bi 1.321362984473e+01 3.383794215145e+01 3.436119714775e+01 1 1 1 0.0 0.0 0.0
Bi 1.733928267935e+01 3.462063020973e+01 3.436119714775e+01 1 1 1 0.0 0.0 0.0
Bi 2.146493551396e+01 3.540331826802e+01 3.436119714775e+01 1 1 1 0.0 0.0 0.0
Bi 6.306242381788e+00 3.618600632630e+01 3.436119714775e+01 1 1 1 0.0 0.0 0.0
Bi 7.744058803838e+00 2.914181380174e+01 3.436119714775e+01 1 1 1 0.0 0.0 0.0
Bi 1.186971163845e+01 2.992450186003e+01 3.436119714775e+01 1 1 1 0.0 0.0 0.0
Bi 1.599536447306e+01 3.070718991831e+01 3.436119714775e+01 1 1 1 0.0 0.0 0.0
Bi 2.012101730768e+01 3.148987797659e+01 3.436119714775e+01 1 1 1 0.0 0.0 0.0
Bi 2.424667014229e+01 3.227256603488e+01 3.436119714775e+01 1 1 1 0.0 0.0 0.0
Bi 6.400140597556e+00 2.522837351032e+01 3.436119714775e+01 1 1 1 0.0 0.0 0.0
Bi 1.052579343217e+01 2.601106156860e+01 3.436119714775e+01 1 1 1 0.0 0.0 0.0
Bi 1.465144626678e+01 2.679374962689e+01 3.436119714775e+01 1 1 1 0.0 0.0 0.0
Bi 1.877709910140e+01 2.757643768517e+01 3.436119714775e+01 1 1 1 0.0 0.0 0.0
Bi 2.290275193601e+01 2.835912574346e+01 3.436119714775e+01 1 1 1 0.0 0.0 0.0
Bi 5.056222391274e+00 2.131493321889e+01 3.436119714775e+01 1 1 1 0.0 0.0 0.0
Bi 9.181875225888e+00 2.209762127718e+01 3.436119714775e+01 1 1 1 0.0 0.0 0.0
Bi 1.330752806050e+01 2.288030933546e+01 3.436119714775e+01 1 1 1 0.0 0.0 0.0
Bi 1.743318089511e+01 2.366299739375e+01 3.436119714775e+01 1 1 1 0.0 0.0 0.0
Bi 2.155883372973e+01 2.444568545203e+01 3.436119714775e+01 1 1 1 0.0 0.0 0.0
Bi 7.837957019606e+00 1.818418098576e+01 3.436119714775e+01 1 1 1 0.0 0.0 0.0
Bi 1.196360985422e+01 1.896686904404e+01 3.436119714775e+01 1 1 1 0.0 0.0 0.0
Bi 1.608926268883e+01 1.974955710233e+01 3.436119714775e+01 1 1 1 0.0 0.0 0.0
Bi 2.021491552345e+01 2.053224516061e+01 3.436119714775e+01 1 1 1 0.0 0.0 0.0
Bi 6.494038813324e+00 1.427074069433e+01 3.436119714775e+01 1 1 1 0.0 0.0 0.0
Bi 1.061969164794e+01 1.505342875262e+01 3.436119714775e+01 1 1 1 0.0 0.0 0.0
Bi 1.474534448255e+01 1.583611681090e+01 3.436119714775e+01 1 1 1 0.0 0.0 0.0
Bi 1.887099731716e+01 1.661880486919e+01 3.436119714775e+01 1 1 1 0.0 0.0 0.0
Bi 3.712304184992e+00 1.740149292747e+01 3.436119714775e+01 1 1 1 0.0 0.0 0.0
Bi 5.150120607042e+00 1.035730040291e+01 3.436119714775e+01 1 1 1 0.0 0.0 0.0
Bi 9.275773441656e+00 1.113998846119e+01 3.436119714775e+01 1 1 1 0.0 0.0 0.0
Bi 1.340142627627e+01 1.192267651948e+01 3.436119714775e+01 1 1 1 0.0 0.0 0.0
Bi 1.752707911088e+01 1.270536457776e+01 3.436119714775e+01 1 1 1 0.0 0.0 0.0
Bi 2.368385978710e+00 1.348805263605e+01 3.436119714775e+01 1 1 1 0.0 0.0 0.0
Bi 3.806202400760e+00 6.443860111487e+00 3.436119714775e+01 1 1 1 0.0 0.0 0.0
Bi 7.931855235374e+00 7.226548169771e+00 3.436119714775e+01 1 1 1 0.0 0.0 0.0
Bi 1.205750806999e+01 8.009236228056e+00 3.436119714775e+01 1 1 1 0.0 0.0 0.0
Bi 1.618316090460e+01 8.791924286340e+00 3.436119714775e+01 1 1 1 0.0 0.0 0.0
Bi 2.030881373921e+01 9.574612344625e+00 3.436119714775e+01 1 1 1 0.0 0.0 0.0
Bi 2.462284194478e+00 2.530419820063e+00 3.436119714775e+01 1 1 1 0.0 0.0 0.0
Bi 6.587937029092e+00 3.313107878348e+00 3.436119714775e+01 1 1 1 0.0 0.0 0.0
Bi 1.071358986371e+01 4.095795936633e+00 3.436119714775e+01 1 1 1 0.0 0.0 0.0
Bi 1.483924269832e+01 4.878483994917e+00 3.436119714775e+01 1 1 1 0.0 0.0 0.0
Bi 1.896489553293e+01 5.661172053202e+00 3.436119714775e+01 1 1 1 0.0 0.0 0.0
Bi 7.650160588070e+00 4.009944661773e+01 3.436119714775e+01 1 1 1 0.0 0.0 0.0
Bi 1.177581342268e+01 4.088213467601e+01 3.436119714775e+01 1 1 1 0.0 0.0 0.0
Bi 9.369671657424e+00 1.823556452095e-01 3.436119714775e+01 1 1 1 0.0 0.0 0.0
Bi 1.349532449204e+01 9.650437034942e-01 3.436119714775e+01 1 1 1 0.0 0.0 0.0
Bi 1.762097732665e+01 1.747731761779e+00 3.436119714775e+01 1 1 1 0.0 0.0 0.0
Bi 1.037493687444e+01 3.700668388535e+01 2.831971850542e+01 1 1 1 0.0 0.0 0.0
Bi 1.450058970905e+01 3.778937194364e+01 2.831971850542e+01 1 1 1 0.0 0.0 0.0
Bi 1.862624254367e+01 3.857206000192e+01 2.831971850542e+01 1 1 1 0.0 0.0 0.0
Bi 2.275189537828e+01 3.935474806021e+01 2.831971850542e+01 1 1 1 0.0 0.0 0.0
Bi 9.031018668158e+00 3.309324359393e+01 2.831971850542e+01 1 1 1 0.0 0.0 0.0
Bi 1.315667150277e+01 3.387593165221e+01 2.831971850542e+01 1 1 1 0.0 0.0 0.0
Bi 1.728232433739e+01 3.465861971050e+01 2.831971850542e+01 1 1 1 0.0 0.0 0.0
Bi 2.140797717200e+01 3.544130776878e+01 2.831971850542e+01 1 1 1 0.0 0.0 0.0
Bi 6.249284039826e+00 3.622399582707e+01 2.831971850542e+01 1 1 1 0.0 0.0 0.0
Bi 7.687100461876e+00 2.917980330251e+01 2.831971850542e+01 1 1 1 0.0 0.0 0.0
Bi 1.181275329649e+01 2.996249136079e+01 2.831971850542e+01 1 1 1 0.0 0.0 0.0
Bi 1.593840613110e+01 3.074517941908e+01 2.831971850542e+01 1 1 1 0.0 0.0 0.0
Bi 2.006405896572e+01 3.152786747736e+01 2.831971850542e+01 1 1 1 0.0 0.0 0.0
Bi 2.418971180033e+01 3.231055553565e+01 2.831971850542e+01 1 1 1 0.0 0.0 0.0
Bi 6.343182255594e+00 2.526636301108e+01 2.831971850542e+01 1 1 1 0.0 0.0 0.0
Bi 1.046883509021e+01 2.604905106937e+01 2.831971850542e+01 1 1 1 0.0 0.0 0.0
Bi 1.459448792482e+01 2.683173912765e+01 2.831971850542e+01 1 1 1 0.0 0.0 0.0
Bi 1.872014075944e+01 2.761442718594e+01 2.831971850542e+01 1 1 1 0.0 0.0 0.0
Bi 2.284579359405e+01 2.839711524422e+01 2.831971850542e+01 1 1 1 0.0 0.0 0.0
Bi 4.999264049312e+00 2.135292271966e+01 2.831971850542e+01 1 1 1 0.0 0.0 0.0
Bi 9.124916883926e+00 2.213561077795e+01 2.831971850542e+01 1 1 1 0.0 0.0 0.0
Bi 1.325056971854e+01 2.291829883623e+01 2.831971850542e+01 1 1 1 0.0 0.0 0.0
Bi 1.737622255315e+01 2.370098689451e+01 2.831971850542e+01 1 1 1 0.0 0.0 0.0
Bi 2.150187538777e+01 2.448367495280e+01 2.831971850542e+01 1 1 1 0.0 0.0 0.0
Bi 7.780998677644e+00 1.822217048652e+01 2.831971850542e+01 1 1 1 0.0 0.0 0.0
Bi 1.190665151226e+01 1.900485854481e+01 2.831971850542e+01 1 1 1 0.0 0.0 0.0
Bi 1.603230434687e+01 1.978754660309e+01 2.831971850542e+01 1 1 1 0.0 0.0 0.0
Bi 2.015795718148e+01 2.057023466138e+01 2.831971850542e+01 1 1 1 0.0 0.0 0.0
Bi 6.437080471362e+00 1.430873019510e+01 2.831971850542e+01 1 1 1 0.0 0.0 0.0
Bi 1.056273330598e+01 1.509141825338e+01 2.831971850542e+01 1 1 1 0.0 0.0 0.0
Bi 1.468838614059e+01 1.587410631167e+01 2.831971850542e+01 1 1 1 0.0 0.0 0.0
Bi 1.881403897520e+01 1.665679436995e+01 2.831971850542e+01 1 1 1 0.0 0.0 0.0
Bi 3.655345843030e+00 1.743948242824e+01 2.831971850542e+01 1 1 1 0.0 0.0 0.0
Bi 5.093162265080e+00 1.039528990368e+01 2.831971850542e+01 1 1 1 0.0 0.0 0.0
Bi 9.218815099694e+00 1.117797796196e+01 2.831971850542e+01 1 1 1 0.0 0.0 0.0
Bi 1.334446793431e+01 1.196066602025e+01 2.831971850542e+01 1 1 1 0.0 0.0 0.0
Bi 1.747012076892e+01 1.274335407853e+01 2.831971850542e+01 1 1 1 0.0 0.0 0.0
Bi 2.311427636749e+00 1.352604213681e+01 2.831971850542e+01 1 1 1 0.0 0.0 0.0
Bi 3.749244058798e+00 6.481849612253e+00 2.831971850542e+01 1 1 1 0.0 0.0 0.0
Bi 7.874896893412e+00 7.264537670537e+00 2.831971850542e+01 1 1 1 0.0 0.0 0.0
Bi 1.200054972803e+01 8.047225728822e+00 2.831971850542e+01 1 1 1 0.0 0.0 0.0
Bi 1.612620256264e+01 8.829913787107e+00 2.831971850542e+01 1 1 1 0.0 0.0 0.0
Bi 2.025185539725e+01 9.612601845391e+00 2.831971850542e+01 1 1 1 0.0 0.0 0.0
Bi 2.405325852517e+00 2.568409320830e+00 2.831971850542e+01 1 1 1 0.0 0.0 0.0
Bi 6.530978687130e+00 3.351097379114e+00 2.831971850542e+01 1 1 1 0.0 0.0 0.0
Bi 1.065663152174e+01 4.133785437399e+00 2.831971850542e+01 1 1 1 0.0 0.0 0.0
Bi 1.478228435636e+01 4.916473495683e+00 2.831971850542e+01 1 1 1 0.0 0.0 0.0
Bi 1.890793719097e+01 5.699161553968e+00 2.831971850542e+01 1 1 1 0.0 0.0 0.0
Bi 7.593202246108e+00 4.013743611849e+01 2.831971850542e+01 1 1 1 0.0 0.0 0.0
Bi 1.171885508072e+01 4.092012417678e+01 2.831971850542e+01 1 1 1 0.0 0.0 0.0
Bi 9.312713315462e+00 2.203451459757e-01 2.831971850542e+01 1 1 1 0.0 0.0 0.0
Bi 1.343836615008e+01 1.003033204260e+00 2.831971850542e+01 1 1 1 0.0 0.0 0.0
Bi 1.756401898469e+01 1.785721262545e+00 2.831971850542e+01 1 1 1 0.0 0.0 0.0
Bi 8.566908328984e+00 3.545650802184e+01 2.434799808390e+01 1 1 1 0.0 0.0 0.0
Bi 1.269256116360e+01 3.623919608012e+01 2.434799808390e+01 1 1 1 0.0 0.0 0.0
Bi 1.681821399821e+01 3.702188413841e+01 2.434799808390e+01 1 1 1 0.0 0.0 0.0
Bi 2.094386683282e+01 3.780457219669e+01 2.434799808390e+01 1 1 1 0.0 0.0 0.0
Bi 7.222990122702e+00 3.154306773042e+01 2.434799808390e+01 1 1 1 0.0 0.0 0.0
Bi 1.134864295732e+01 3.232575578870e+01 2.434799808390e+01 1 1 1 0.0 0.0 0.0
Bi 1.547429579193e+01 3.310844384699e+01 2.434799808390e+01 1 1 1 0.0 0.0 0.0
Bi 1.959994862654e+01 3.389113190527e+01 2.434799808390e+01 1 1 1 0.0 0.0 0.0
Bi 2.372560146116e+01 3.467381996355e+01 2.434799808390e+01 1 1 1 0.0 0.0 0.0
Bi 5.879071916420e+00 2.762962743899e+01 2.434799808390e+01 1 1 1 0.0 0.0 0.0
Bi 1.000472475103e+01 2.841231549728e+01 2.434799808390e+01 1 1 1 0.0 0.0 0.0
Bi 1.413037758565e+01 2.919500355556e+01 2.434799808390e+01 1 1 1 0.0 0.0 0.0
Bi 1.825603042026e+01 2.997769161385e+01 2.434799808390e+01 1 1 1 0.0 0.0 0.0
Bi 2.238168325487e+01 3.076037967213e+01 2.434799808390e+01 1 1 1 0.0 0.0 0.0
Bi 4.535153710139e+00 2.371618714757e+01 2.434799808390e+01 1 1 1 0.0 0.0 0.0
Bi 8.660806544752e+00 2.449887520585e+01 2.434799808390e+01 1 1 1 0.0 0.0 0.0
Bi 1.278645937937e+01 2.528156326414e+01 2.434799808390e+01 1 1 1 0.0 0.0 0.0
Bi 1.691211221398e+01 2.606425132242e+01 2.434799808390e+01 1 1 1 0.0 0.0 0.0
Bi 2.103776504859e+01 2.684693938071e+01 2.434799808390e+01 1 1 1 0.0 0.0 0.0
Bi 3.191235503857e+00 1.980274685615e+01 2.434799808390e+01 1 1 1 0.0 0.0 0.0
Bi 7.316888338470e+00 2.058543491443e+01 2.434799808390e+01 1 1 1 0.0 0.0 0.0
Bi 1.144254117308e+01 2.136812297272e+01 2.434799808390e+01 1 1 1 0.0 0.0 0.0
Bi 1.556819400770e+01 2.215081103100e+01 2.434799808390e+01 1 1 1 0.0 0.0 0.0
Bi 1.969384684231e+01 2.293349908929e+01 2.434799808390e+01 1 1 1 0.0 0.0 0.0
Bi 5.972970132188e+00 1.667199462301e+01 2.434799808390e+01 1 1 1 0.0 0.0 0.0
Bi 1.009862296680e+01 1.745468268129e+01 2.434799808390e+01 1 1 1 0.0 0.0 0.0
Bi 1.422427580142e+01 1.823737073958e+01 2.434799808390e+01 1 1 1 0.0 0.0 0.0
Bi 1.834992863603e+01 1.902005879786e+01 2.434799808390e+01 1 1 1 0.0 0.0 0.0
Bi 4.629051925907e+00 1.275855433159e+01 2.434799808390e+01 1 1 1 0.0 0.0 0.0
Bi 8.754704760520e+00 1.354124238987e+01 2.434799808390e+01 1 1 1 0.0 0.0 0.0
Bi 1.288035759513e+01 1.432393044815e+01 2.434799808390e+01 1 1 1 0.0 0.0 0.0
Bi 1.700601042975e+01 1.510661850644e+01 2.434799808390e+01 1 1 1 0.0 0.0 0.0
Bi 2.113166326436e+01 1.588930656472e+01 2.434799808390e+01 1 1 1 0.0 0.0 0.0
Bi 3.285133719625e+00 8.845114040162e+00 2.434799808390e+01 1 1 1 0.0 0.0 0.0
Bi 7.410786554238e+00 9.627802098447e+00 2.434799808390e+01 1 1 1 0.0 0.0 0.0
Bi 1.153643938885e+01 1.041049015673e+01 2.434799808390e+01 1 1 1 0.0 0.0 0.0
Bi 1.566209222347e+01 1.119317821502e+01 2.434799808390e+01 1 1 1 0.0 0.0 0.0
Bi 1.978774505808e+01 1.197586627330e+01 2.434799808390e+01 1 1 1 0.0 0.0 0.0
Bi 1.941215513343e+00 4.931673748739e+00 2.434799808390e+01 1 1 1 0.0 0.0 0.0
Bi 6.066868347956e+00 5.714361807023e+00 2.434799808390e+01 1 1 1 0.0 0.0 0.0
Bi 1.019252118257e+01 6.497049865308e+00 2.434799808390e+01 1 1 1 0.0 0.0 0.0
Bi 1.431817401718e+01 7.279737923593e+00 2.434799808390e+01 1 1 1 0.0 0.0 0.0
Bi 1.844382685180e+01 8.062425981877e+00 2.434799808390e+01 1 1 1 0.0 0.0 0.0
Bi 5.972973070610e-01 1.018233457316e+00 2.434799808390e+01 1 1 1 0.0 0.0 0.0
Bi 4.722950141675e+00 1.800921515600e+00 2.434799808390e+01 1 1 1 0.0 0.0 0.0
Bi 8.848602976288e+00 2.583609573885e+00 2.434799808390e+01 1 1 1 0.0 0.0 0.0
Bi 1.297425581090e+01 3.366297632169e+00 2.434799808390e+01 1 1 1 0.0 0.0 0.0
Bi 1.709990864552e+01 4.148985690454e+00 2.434799808390e+01 1 1 1 0.0 0.0 0.0
Bi 2.506951966744e+01 3.858726025498e+01 2.434799808390e+01 1 1 1 0.0 0.0 0.0
Bi 9.910826535266e+00 3.936994831326e+01 2.434799808390e+01 1 1 1 0.0 0.0 0.0
Bi 1.403647936988e+01 4.015263637155e+01 2.434799808390e+01 1 1 1 0.0 0.0 0.0
Bi 1.816213220449e+01 4.093532442983e+01 2.434799808390e+01 1 1 1 0.0 0.0 0.0
Bi 1.575599043923e+01 2.355453990310e-01 2.434799808390e+01 1 1 1 0.0 0.0 0.0
Se 2.441175562775e+01 4.126246599288e+01 1.000000000000e+01 1 1 1 0.0 0.0 0.0
Se 7.728799281943e-01 2.473665597887e+00 1.000000000000e+01 1 1 1 0.0 0.0 0.0
Se 4.194296148131e+00 1.934932259068e+00 1.000000000000e+01 1 1 1 0.0 0.0 0.0
Se 7.615712368068e+00 1.396198920248e+00 1.000000000000e+01 1 1 1 0.0 0.0 0.0
Se 1.103712858800e+01 8.574655814290e-01 1.000000000000e+01 1 1 1 0.0 0.0 0.0
Se 1.445854480794e+01 3.187322426097e-01 1.000000000000e+01 1 1 1 0.0 0.0 0.0
Se 1.881307454215e+01 5.706065630803e+00 1.000000000000e+01 1 1 1 0.0 0.0 0.0
Se 2.950144795296e+00 5.167332291983e+00 1.000000000000e+01 1 1 1 0.0 0.0 0.0
Se 6.371561015233e+00 4.628598953164e+00 1.000000000000e+01 1 1 1 0.0 0.0 0.0
Se 9.792977235170e+00 4.089865614345e+00 1.000000000000e+01 1 1 1 0.0 0.0 0.0
Se 1.321439345511e+01 3.551132275525e+00 1.000000000000e+01 1 1 1 0.0 0.0 0.0
Se 1.663580967504e+01 3.012398936706e+00 1.000000000000e+01 1 1 1 0.0 0.0 0.0
Se 1.705993442462e+00 8.399732324899e+00 1.000000000000e+01 1 1 1 0.0 0.0 0.0
Se 5.127409662399e+00 7.860998986080e+00 1.000000000000e+01 1 1 1 0.0 0.0 0.0
Se 8.548825882336e+00 7.322265647260e+00 1.000000000000e+01 1 1 1 0.0 0.0 0.0
Se 1.197024210227e+01 6.783532308441e+00 1.000000000000e+01 1 1 1 0.0 0.0 0.0
Se 1.539165832221e+01 6.244798969622e+00 1.000000000000e+01 1 1 1 0.0 0.0 0.0
Se 1.974618805641e+01 1.163213235781e+01 1.000000000000e+01 1 1 1 0.0 0.0 0.0
Se 3.883258309564e+00 1.109339901900e+01 1.000000000000e+01 1 1 1 0.0 0.0 0.0
Se 7.304674529501e+00 1.055466568018e+01 1.000000000000e+01 1 1 1 0.0 0.0 0.0
Se 1.072609074944e+01 1.001593234136e+01 1.000000000000e+01 1 1 1 0.0 0.0 0.0
Se 1.414750696937e+01 9.477199002538e+00 1.000000000000e+01 1 1 1 0.0 0.0 0.0
Se 1.756892318931e+01 8.938465663718e+00 1.000000000000e+01 1 1 1 0.0 0.0 0.0
Se 2.639106956730e+00 1.432579905191e+01 1.000000000000e+01 1 1 1 0.0 0.0 0.0
Se 6.060523176666e+00 1.378706571309e+01 1.000000000000e+01 1 1 1 0.0 0.0 0.0
Se 9.481939396603e+00 1.324833237427e+01 1.000000000000e+01 1 1 1 0.0 0.0 0.0
Se 1.290335561654e+01 1.270959903545e+01 1.000000000000e+01 1 1 1 0.0 0.0 0.0
Se 1.632477183648e+01 1.217086569663e+01 1.000000000000e+01 1 1 1 0.0 0.0 0.0
Se 2.067930157068e+01 1.755819908483e+01 1.000000000000e+01 1 1 1 0.0 0.0 0.0
Se 4.816371823832e+00 1.701946574601e+01 1.000000000000e+01 1 1 1 0.0 0.0 0.0
Se 8.237788043769e+00 1.648073240719e+01 1.000000000000e+01 1 1 1 0.0 0.0 0.0
Se 1.165920426371e+01 1.594199906837e+01 1.000000000000e+01 1 1 1 0.0 0.0 0.0
Se 1.508062048364e+01 1.540326572955e+01 1.000000000000e+01 1 1 1 0.0 0.0 0.0
Se 1.850203670358e+01 1.486453239073e+01 1.000000000000e+01 1 1 1 0.0 0.0 0.0
Se 3.572220470997e+00 2.025186577892e+01 1.000000000000e+01 1 1 1 0.0 0.0 0.0
Se 6.993636690934e+00 1.971313244010e+01 1.000000000000e+01 1 1 1 0.0 0.0 0.0
Se 1.041505291087e+01 1.917439910128e+01 1.000000000000e+01 1 1 1 0.0 0.0 0.0
Se 1.383646913081e+01 1.863566576247e+01 1.000000000000e+01 1 1 1 0.0 0.0 0.0
Se 1.725788535074e+01 1.809693242365e+01 1.000000000000e+01 1 1 1 0.0 0.0 0.0
Se 2.161241508495e+01 2.348426581184e+01 1.000000000000e+01 1 1 1 0.0 0.0 0.0
Se 5.749485338099e+00 2.294553247302e+01 1.000000000000e+01 1 1 1 0.0 0.0 0.0
Se 9.170901558036e+00 2.240679913420e+01 1.000000000000e+01 1 1 1 0.0 0.0 0.0
Se 1.259231777797e+01 2.186806579538e+01 1.000000000000e+01 1 1 1 0.0 0.0 0.0
Se 1.601373399791e+01 2.132933245656e+01 1.000000000000e+01 1 1 1 0.0 0.0 0.0
Se 1.943515021785e+01 2.079059911774e+01 1.000000000000e+01 1 1 1 0.0 0.0 0.0
Se 4.505333985265e+00 2.617793250594e+01 1.000000000000e+01 1 1 1 0.0 0.0 0.0
Se 7.926750205202e+00 2.563919916712e+01 1.000000000000e+01 1 1 1 0.0 0.0 0.0
Se 1.134816642514e+01 2.510046582830e+01 1.000000000000e+01 1 1 1 0.0 0.0 0.0
Se 1.476958264508e+01 2.456173248948e+01 1.000000000000e+01 1 1 1 0.0 0.0 0.0
Se 1.819099886501e+01 2.402299915066e+01 1.000000000000e+01 1 1 1 0.0 0.0 0.0
Se 2.254552859922e+01 2.941033253885e+01 1.000000000000e+01 1 1 1 0.0 0.0 0.0
Se 6.682598852367e+00 2.887159920003e+01 1.000000000000e+01 1 1 1 0.0 0.0 0.0
Se 1.010401507230e+01 2.833286586121e+01 1.000000000000e+01 1 1 1 0.0 0.0 0.0
Se 1.352543129224e+01 2.779413252239e+01 1.000000000000e+01 1 1 1 0.0 0.0 0.0
Se 1.694684751218e+01 2.725539918357e+01 1.000000000000e+01 1 1 1 0.0 0.0 0.0
Se 2.036826373211e+01 2.671666584475e+01 1.000000000000e+01 1 1 1 0.0 0.0 0.0
Se 5.438447499532e+00 3.210399923295e+01 1.000000000000e+01 1 1 1 0.0 0.0 0.0
Se 8.859863719469e+00 3.156526589413e+01 1.000000000000e+01 1 1 1 0.0 0.0 0.0
Se 1.228127993941e+01 3.102653255531e+01 1.000000000000e+01 1 1 1 0.0 0.0 0.0
Se 1.570269615934e+01 3.048779921649e+01 1.000000000000e+01 1 1 1 0.0 0.0 0.0
Se 1.912411237928e+01 2.994906587767e+01 1.000000000000e+01 1 1 1 0.0 0.0 0.0
Se 2.347864211348e+01 3.533639926586e+01 1.000000000000e+01 1 1 1 0.0 0.0 0.0
Se 7.615712366635e+00 3.479766592704e+01 1.000000000000e+01 1 1 1 0.0 0.0 0.0
Se 1.103712858657e+01 3.425893258822e+01 1.000000000000e+01 1 1 1 0.0 0.0 0.0
Se 1.445854480651e+01 3.372019924941e+01 1.000000000000e+01 1 1 1 0.0 0.0 0.0
Se 1.787996102644e+01 3.318146591059e+01 1.000000000000e+01 1 1 1 0.0 0.0 0.0
Se 2.130137724638e+01 3.264273257177e+01 1.000000000000e+01 1 1 1 0.0 0.0 0.0
Se 6.371561013800e+00 3.803006595996e+01 1.000000000000e+01 1 1 1 0.0 0.0 0.0
Se 9.792977233737e+00 3.749133262114e+01 1.000000000000e+01 1 1 1 0.0 0.0 0.0
Se 1.321439345367e+01 3.695259928232e+01 1.000000000000e+01 1 1 1 0.0 0.0 0.0
Se 1.663580967361e+01 3.641386594350e+01 1.000000000000e+01 1 1 1 0.0 0.0 0.0
Se 2.005722589355e+01 3.587513260468e+01 1.000000000000e+01 1 1 1 0.0 0.0 0.0
Se 8.548825880902e+00 4.072373265406e+01 1.000000000000e+01 1 1 1 0.0 0.0 0.0
Se 1.197024210084e+01 4.018499931524e+01 1.000000000000e+01 1 1 1 0.0 0.0 0.0
Se 1.539165832078e+01 3.964626597642e+01 1.000000000000e+01 1 1 1 0.0 0.0 0.0
Se 1.881307454071e+01 3.910753263760e+01 1.000000000000e+01 1 1 1 0.0 0.0 0.0
Se 2.223449076065e+01 3.856879929878e+01 1.000000000000e+01 1 1 1 0.0 0.0 0.0
Se 6.680245534420e+00 3.999567402871e+01 1.614602824434e+01 1 1 1 0.0 0.0 0.0
Se 2.325715801649e+00 1.206873633724e+00 1.614602824434e+01 1 1 1 0.0 0.0 0.0
Se 5.747132021586e+00 6.681402949051e-01 1.614602824434e+01 1 1 1 0.0 0.0 0.0
Se 9.168548241523e+00 1.294069560858e-01 1.614602824434e+01 1 1 1 0.0 0.0 0.0
Se 1.912175906133e+01 4.107314070635e+01 1.614602824434e+01 1 1 1 0.0 0.0 0.0
Se 2.254317528127e+01 4.053440736753e+01 1.614602824434e+01 1 1 1 0.0 0.0 0.0
Se 1.081564448815e+00 4.439273666640e+00 1.614602824434e+01 1 1 1 0.0 0.0 0.0
Se 4.502980668752e+00 3.900540327821e+00 1.614602824434e+01 1 1 1 0.0 0.0 0.0
Se 7.924396888688e+00 3.361806989002e+00 1.614602824434e+01 1 1 1 0.0 0.0 0.0
Se 1.134581310863e+01 2.823073650182e+00 1.614602824434e+01 1 1 1 0.0 0.0 0.0
Se 1.476722932856e+01 2.284340311363e+00 1.614602824434e+01 1 1 1 0.0 0.0 0.0
Se 1.818864554850e+01 1.745606972544e+00 1.614602824434e+01 1 1 1 0.0 0.0 0.0
Se 3.258829315917e+00 7.132940360737e+00 1.614602824434e+01 1 1 1 0.0 0.0 0.0
Se 6.680245535854e+00 6.594207021917e+00 1.614602824434e+01 1 1 1 0.0 0.0 0.0
Se 1.010166175579e+01 6.055473683098e+00 1.614602824434e+01 1 1 1 0.0 0.0 0.0
Se 1.352307797573e+01 5.516740344279e+00 1.614602824434e+01 1 1 1 0.0 0.0 0.0
Se 1.694449419566e+01 4.978007005459e+00 1.614602824434e+01 1 1 1 0.0 0.0 0.0
Se 2.014677963082e+00 1.036534039365e+01 1.614602824434e+01 1 1 1 0.0 0.0 0.0
Se 5.436094183019e+00 9.826607054833e+00 1.614602824434e+01 1 1 1 0.0 0.0 0.0
Se 8.857510402956e+00 9.287873716014e+00 1.614602824434e+01 1 1 1 0.0 0.0 0.0
Se 1.227892662289e+01 8.749140377194e+00 1.614602824434e+01 1 1 1 0.0 0.0 0.0
Se 1.570034284283e+01 8.210407038375e+00 1.614602824434e+01 1 1 1 0.0 0.0 0.0
Se 1.912175906277e+01 7.671673699556e+00 1.614602824434e+01 1 1 1 0.0 0.0 0.0
Se 4.191942830185e+00 1.305900708775e+01 1.614602824434e+01 1 1 1 0.0 0.0 0.0
Se 7.613359050121e+00 1.252027374893e+01 1.614602824434e+01 1 1 1 0.0 0.0 0.0
Se 1.103477527006e+01 1.198154041011e+01 1.614602824434e+01 1 1 1 0.0 0.0 0.0
Se 1.445619149000e+01 1.144280707129e+01 1.614602824434e+01 1 1 1 0.0 0.0 0.0
Se 1.787760770993e+01 1.090407373247e+01 1.614602824434e+01 1 1 1 0.0 0.0 0.0
Se 2.947791477350e+00 1.629140712066e+01 1.614602824434e+01 1 1 1 0.0 0.0 0.0
Se 6.369207697287e+00 1.575267378185e+01 1.614602824434e+01 1 1 1 0.0 0.0 0.0
Se 9.790623917224e+00 1.521394044303e+01 1.614602824434e+01 1 1 1 0.0 0.0 0.0
Se 1.321204013716e+01 1.467520710421e+01 1.614602824434e+01 1 1 1 0.0 0.0 0.0
Se 1.663345635710e+01 1.413647376539e+01 1.614602824434e+01 1 1 1 0.0 0.0 0.0
Se 2.005487257703e+01 1.359774042657e+01 1.614602824434e+01 1 1 1 0.0 0.0 0.0
Se 5.125056344452e+00 1.898507381476e+01 1.614602824434e+01 1 1 1 0.0 0.0 0.0
Se 8.546472564389e+00 1.844634047594e+01 1.614602824434e+01 1 1 1 0.0 0.0 0.0
Se 1.196788878433e+01 1.790760713712e+01 1.614602824434e+01 1 1 1 0.0 0.0 0.0
Se 1.538930500426e+01 1.736887379830e+01 1.614602824434e+01 1 1 1 0.0 0.0 0.0
Se 1.881072122420e+01 1.683014045948e+01 1.614602824434e+01 1 1 1 0.0 0.0 0.0
Se 3.880904991618e+00 2.221747384768e+01 1.614602824434e+01 1 1 1 0.0 0.0 0.0
Se 7.302321211554e+00 2.167874050886e+01 1.614602824434e+01 1 1 1 0.0 0.0 0.0
Se 1.072373743149e+01 2.114000717004e+01 1.614602824434e+01 1 1 1 0.0 0.0 0.0
Se 1.414515365143e+01 2.060127383122e+01 1.614602824434e+01 1 1 1 0.0 0.0 0.0
Se 1.756656987136e+01 2.006254049240e+01 1.614602824434e+01 1 1 1 0.0 0.0 0.0
Se 2.098798609130e+01 1.952380715358e+01 1.614602824434e+01 1 1 1 0.0 0.0 0.0
Se 6.058169858720e+00 2.491114054177e+01 1.614602824434e+01 1 1 1 0.0 0.0 0.0
Se 9.479586078657e+00 2.437240720295e+01 1.614602824434e+01 1 1 1 0.0 0.0 0.0
Se 1.290100229859e+01 2.383367386413e+01 1.614602824434e+01 1 1 1 0.0 0.0 0.0
Se 1.632241851853e+01 2.329494052532e+01 1.614602824434e+01 1 1 1 0.0 0.0 0.0
Se 1.974383473847e+01 2.275620718650e+01 1.614602824434e+01 1 1 1 0.0 0.0 0.0
Se 4.814018505885e+00 2.814354057469e+01 1.614602824434e+01 1 1 1 0.0 0.0 0.0
Se 8.235434725822e+00 2.760480723587e+01 1.614602824434e+01 1 1 1 0.0 0.0 0.0
Se 1.165685094576e+01 2.706607389705e+01 1.614602824434e+01 1 1 1 0.0 0.0 0.0
Se 1.507826716570e+01 2.652734055823e+01 1.614602824434e+01 1 1 1 0.0 0.0 0.0
Se 1.849968338563e+01 2.598860721941e+01 1.614602824434e+01 1 1 1 0.0 0.0 0.0
Se 2.192109960557e+01 2.544987388059e+01 1.614602824434e+01 1 1 1 0.0 0.0 0.0
Se 6.991283372987e+00 3.083720726879e+01 1.614602824434e+01 1 1 1 0.0 0.0 0.0
Se 1.041269959292e+01 3.029847392997e+01 1.614602824434e+01 1 1 1 0.0 0.0 0.0
Se 1.383411581286e+01 2.975974059115e+01 1.614602824434e+01 1 1 1 0.0 0.0 0.0
Se 1.725553203280e+01 2.922100725233e+01 1.614602824434e+01 1 1 1 0.0 0.0 0.0
Se 2.067694825273e+01 2.868227391351e+01 1.614602824434e+01 1 1 1 0.0 0.0 0.0
Se 5.747132020153e+00 3.406960730170e+01 1.614602824434e+01 1 1 1 0.0 0.0 0.0
Se 9.168548240090e+00 3.353087396288e+01 1.614602824434e+01 1 1 1 0.0 0.0 0.0
Se 1.258996446003e+01 3.299214062406e+01 1.614602824434e+01 1 1 1 0.0 0.0 0.0
Se 1.601138067996e+01 3.245340728524e+01 1.614602824434e+01 1 1 1 0.0 0.0 0.0
Se 1.943279689990e+01 3.191467394642e+01 1.614602824434e+01 1 1 1 0.0 0.0 0.0
Se 2.285421311984e+01 3.137594060760e+01 1.614602824434e+01 1 1 1 0.0 0.0 0.0
Se 7.924396887255e+00 3.676327399580e+01 1.614602824434e+01 1 1 1 0.0 0.0 0.0
Se 1.134581310719e+01 3.622454065698e+01 1.614602824434e+01 1 1 1 0.0 0.0 0.0
Se 1.476722932713e+01 3.568580731816e+01 1.614602824434e+01 1 1 1 0.0 0.0 0.0
Se 1.818864554707e+01 3.514707397934e+01 1.614602824434e+01 1 1 1 0.0 0.0 0.0
Se 2.161006176700e+01 3.460834064052e+01 1.614602824434e+01 1 1 1 0.0 0.0 0.0
Se 1.010166175436e+01 3.945694068989e+01 1.614602824434e+01 1 1 1 0.0 0.0 0.0
Se 1.352307797429e+01 3.891820735107e+01 1.614602824434e+01 1 1 1 0.0 0.0 0.0
Se 1.694449419423e+01 3.837947401226e+01 1.614602824434e+01 1 1 1 0.0 0.0 0.0
Se 2.036591041417e+01 3.784074067344e+01 1.614602824434e+01 1 1 1 0.0 0.0 0.0
Se 2.378732663410e+01 3.730200733462e+01 1.614602824434e+01 1 1 1 0.0 0.0 0.0
Se 2.441189882094e+01 4.126139936777e+01 1.336443756309e+01 1 1 1 0.0 0.0 0.0
Se 7.730231213810e-01 2.472598972780e+00 1.336443756309e+01 1 1 1 0.0 0.0 0.0
Se 4.194439341318e+00 1.933865633961e+00 1.336443756309e+01 1 1 1 0.0 0.0 0.0
Se 7.615855561255e+00 1.395132295142e+00 1.336443756309e+01 1 1 1 0.0 0.0 0.0
Se 1.103727178119e+01 8.563989563225e-01 1.336443756309e+01 1 1 1 0.0 0.0 0.0
Se 1.445868800113e+01 3.176656175032e-01 1.336443756309e+01 1 1 1 0.0 0.0 0.0
Se 1.881321773533e+01 5.704999005696e+00 1.336443756309e+01 1 1 1 0.0 0.0 0.0
Se 2.950287988483e+00 5.166265666877e+00 1.336443756309e+01 1 1 1 0.0 0.0 0.0
Se 6.371704208420e+00 4.627532328058e+00 1.336443756309e+01 1 1 1 0.0 0.0 0.0
Se 9.793120428357e+00 4.088798989238e+00 1.336443756309e+01 1 1 1 0.0 0.0 0.0
Se 1.321453664829e+01 3.550065650419e+00 1.336443756309e+01 1 1 1 0.0 0.0 0.0
Se 1.663595286823e+01 3.011332311600e+00 1.336443756309e+01 1 1 1 0.0 0.0 0.0
Se 1.706136635649e+00 8.398665699793e+00 1.336443756309e+01 1 1 1 0.0 0.0 0.0
Se 5.127552855585e+00 7.859932360973e+00 1.336443756309e+01 1 1 1 0.0 0.0 0.0
Se 8.548969075522e+00 7.321199022154e+00 1.336443756309e+01 1 1 1 0.0 0.0 0.0
Se 1.197038529546e+01 6.782465683335e+00 1.336443756309e+01 1 1 1 0.0 0.0 0.0
Se 1.539180151540e+01 6.243732344515e+00 1.336443756309e+01 1 1 1 0.0 0.0 0.0
Se 1.974633124960e+01 1.163106573271e+01 1.336443756309e+01 1 1 1 0.0 0.0 0.0
Se 3.883401502751e+00 1.109233239389e+01 1.336443756309e+01 1 1 1 0.0 0.0 0.0
Se 7.304817722688e+00 1.055359905507e+01 1.336443756309e+01 1 1 1 0.0 0.0 0.0
Se 1.072623394262e+01 1.001486571625e+01 1.336443756309e+01 1 1 1 0.0 0.0 0.0
Se 1.414765016256e+01 9.476132377431e+00 1.336443756309e+01 1 1 1 0.0 0.0 0.0
Se 1.756906638250e+01 8.937399038612e+00 1.336443756309e+01 1 1 1 0.0 0.0 0.0
Se 2.639250149916e+00 1.432473242680e+01 1.336443756309e+01 1 1 1 0.0 0.0 0.0
Se 6.060666369853e+00 1.378599908799e+01 1.336443756309e+01 1 1 1 0.0 0.0 0.0
Se 9.482082589790e+00 1.324726574917e+01 1.336443756309e+01 1 1 1 0.0 0.0 0.0
Se 1.290349880973e+01 1.270853241035e+01 1.336443756309e+01 1 1 1 0.0 0.0 0.0
Se 1.632491502966e+01 1.216979907153e+01 1.336443756309e+01 1 1 1 0.0 0.0 0.0
Se 2.067944476387e+01 1.755713245972e+01 1.336443756309e+01 1 1 1 0.0 0.0 0.0
Se 4.816515017018e+00 1.701839912090e+01 1.336443756309e+01 1 1 1 0.0 0.0 0.0
Se 8.237931236955e+00 1.647966578208e+01 1.336443756309e+01 1 1 1 0.0 0.0 0.0
Se 1.165934745689e+01 1.594093244326e+01 1.336443756309e+01 1 1 1 0.0 0.0 0.0
Se 1.508076367683e+01 1.540219910444e+01 1.336443756309e+01 1 1 1 0.0 0.0 0.0
Se 1.850217989677e+01 1.486346576562e+01 1.336443756309e+01 1 1 1 0.0 0.0 0.0
Se 3.572363664184e+00 2.025079915382e+01 1.336443756309e+01 1 1 1 0.0 0.0 0.0
Se 6.993779884121e+00 1.971206581500e+01 1.336443756309e+01 1 1 1 0.0 0.0 0.0
Se 1.041519610406e+01 1.917333247618e+01 1.336443756309e+01 1 1 1 0.0 0.0 0.0
Se 1.383661232399e+01 1.863459913736e+01 1.336443756309e+01 1 1 1 0.0 0.0 0.0
Se 1.725802854393e+01 1.809586579854e+01 1.336443756309e+01 1 1 1 0.0 0.0 0.0
Se 2.161255827814e+01 2.348319918673e+01 1.336443756309e+01 1 1 1 0.0 0.0 0.0
Se 5.749628531286e+00 2.294446584791e+01 1.336443756309e+01 1 1 1 0.0 0.0 0.0
Se 9.171044751223e+00 2.240573250909e+01 1.336443756309e+01 1 1 1 0.0 0.0 0.0
Se 1.259246097116e+01 2.186699917027e+01 1.336443756309e+01 1 1 1 0.0 0.0 0.0
Se 1.601387719110e+01 2.132826583146e+01 1.336443756309e+01 1 1 1 0.0 0.0 0.0
Se 1.943529341103e+01 2.078953249264e+01 1.336443756309e+01 1 1 1 0.0 0.0 0.0
Se 4.505477178451e+00 2.617686588083e+01 1.336443756309e+01 1 1 1 0.0 0.0 0.0
Se 7.926893398388e+00 2.563813254201e+01 1.336443756309e+01 1 1 1 0.0 0.0 0.0
Se 1.134830961833e+01 2.509939920319e+01 1.336443756309e+01 1 1 1 0.0 0.0 0.0
Se 1.476972583826e+01 2.456066586437e+01 1.336443756309e+01 1 1 1 0.0 0.0 0.0
Se 1.819114205820e+01 2.402193252555e+01 1.336443756309e+01 1 1 1 0.0 0.0 0.0
Se 2.254567179240e+01 2.940926591374e+01 1.336443756309e+01 1 1 1 0.0 0.0 0.0
Se 6.682742045554e+00 2.887053257493e+01 1.336443756309e+01 1 1 1 0.0 0.0 0.0
Se 1.010415826549e+01 2.833179923611e+01 1.336443756309e+01 1 1 1 0.0 0.0 0.0
Se 1.352557448543e+01 2.779306589729e+01 1.336443756309e+01 1 1 1 0.0 0.0 0.0
Se 1.694699070536e+01 2.725433255847e+01 1.336443756309e+01 1 1 1 0.0 0.0 0.0
Se 2.036840692530e+01 2.671559921965e+01 1.336443756309e+01 1 1 1 0.0 0.0 0.0
Se 5.438590692719e+00 3.210293260784e+01 1.336443756309e+01 1 1 1 0.0 0.0 0.0
Se 8.860006912656e+00 3.156419926902e+01 1.336443756309e+01 1 1 1 0.0 0.0 0.0
Se 1.228142313259e+01 3.102546593020e+01 1.336443756309e+01 1 1 1 0.0 0.0 0.0
Se 1.570283935253e+01 3.048673259138e+01 1.336443756309e+01 1 1 1 0.0 0.0 0.0
Se 1.912425557247e+01 2.994799925256e+01 1.336443756309e+01 1 1 1 0.0 0.0 0.0
Se 2.347878530667e+01 3.533533264076e+01 1.336443756309e+01 1 1 1 0.0 0.0 0.0
Se 7.615855559821e+00 3.479659930194e+01 1.336443756309e+01 1 1 1 0.0 0.0 0.0
Se 1.103727177976e+01 3.425786596312e+01 1.336443756309e+01 1 1 1 0.0 0.0 0.0
Se 1.445868799969e+01 3.371913262430e+01 1.336443756309e+01 1 1 1 0.0 0.0 0.0
Se 1.788010421963e+01 3.318039928548e+01 1.336443756309e+01 1 1 1 0.0 0.0 0.0
Se 2.130152043957e+01 3.264166594666e+01 1.336443756309e+01 1 1 1 0.0 0.0 0.0
Se 6.371704206987e+00 3.802899933485e+01 1.336443756309e+01 1 1 1 0.0 0.0 0.0
Se 9.793120426924e+00 3.749026599603e+01 1.336443756309e+01 1 1 1 0.0 0.0 0.0
Se 1.321453664686e+01 3.695153265721e+01 1.336443756309e+01 1 1 1 0.0 0.0 0.0
Se 1.663595286680e+01 3.641279931840e+01 1.336443756309e+01 1 1 1 0.0 0.0 0.0
Se 2.005736908673e+01 3.587406597958e+01 1.336443756309e+01 1 1 1 0.0 0.0 0.0
Se 8.548969074089e+00 4.072266602895e+01 1.336443756309e+01 1 1 1 0.0 0.0 0.0
Se 1.197038529403e+01 4.018393269013e+01 1.336443756309e+01 1 1 1 0.0 0.0 0.0
Se 1.539180151396e+01 3.964519935131e+01 1.336443756309e+01 1 1 1 0.0 0.0 0.0
Se 1.881321773390e+01 3.910646601249e+01 1.336443756309e+01 1 1 1 0.0 0.0 0.0
Se 2.223463395384e+01 3.856773267367e+01 1.336443756309e+01 1 1 1 0.0 0.0 0.0
Se 6.680561926027e+00 3.999466448503e+01 1.951046802998e+01 1 1 1 0.0 0.0 0.0
Se 2.326032193256e+00 1.205864090044e+00 1.951046802998e+01 1 1 1 0.0 0.0 0.0
Se 5.747448413193e+00 6.671307512249e-01 1.951046802998e+01 1 1 1 0.0 0.0 0.0
Se 9.168864633130e+00 1.283974124056e-01 1.951046802998e+01 1 1 1 0.0 0.0 0.0
Se 1.912207545294e+01 4.107213116267e+01 1.951046802998e+01 1 1 1 0.0 0.0 0.0
Se 2.254349167288e+01 4.053339782385e+01 1.951046802998e+01 1 1 1 0.0 0.0 0.0
Se 1.081880840421e+00 4.438264122960e+00 1.951046802998e+01 1 1 1 0.0 0.0 0.0
Se 4.503297060358e+00 3.899530784141e+00 1.951046802998e+01 1 1 1 0.0 0.0 0.0
Se 7.924713280295e+00 3.360797445321e+00 1.951046802998e+01 1 1 1 0.0 0.0 0.0
Se 1.134612950023e+01 2.822064106502e+00 1.951046802998e+01 1 1 1 0.0 0.0 0.0
Se 1.476754572017e+01 2.283330767683e+00 1.951046802998e+01 1 1 1 0.0 0.0 0.0
Se 1.818896194011e+01 1.744597428863e+00 1.951046802998e+01 1 1 1 0.0 0.0 0.0
Se 3.259145707524e+00 7.131930817056e+00 1.951046802998e+01 1 1 1 0.0 0.0 0.0
Se 6.680561927460e+00 6.593197478237e+00 1.951046802998e+01 1 1 1 0.0 0.0 0.0
Se 1.010197814740e+01 6.054464139418e+00 1.951046802998e+01 1 1 1 0.0 0.0 0.0
Se 1.352339436733e+01 5.515730800598e+00 1.951046802998e+01 1 1 1 0.0 0.0 0.0
Se 1.694481058727e+01 4.976997461779e+00 1.951046802998e+01 1 1 1 0.0 0.0 0.0
Se 2.014994354689e+00 1.036433084997e+01 1.951046802998e+01 1 1 1 0.0 0.0 0.0
Se 5.436410574626e+00 9.825597511153e+00 1.951046802998e+01 1 1 1 0.0 0.0 0.0
Se 8.857826794563e+00 9.286864172334e+00 1.951046802998e+01 1 1 1 0.0 0.0 0.0
Se 1.227924301450e+01 8.748130833514e+00 1.951046802998e+01 1 1 1 0.0 0.0 0.0
Se 1.570065923444e+01 8.209397494695e+00 1.951046802998e+01 1 1 1 0.0 0.0 0.0
Se 1.912207545437e+01 7.670664155876e+00 1.951046802998e+01 1 1 1 0.0 0.0 0.0
Se 4.192259221791e+00 1.305799754407e+01 1.951046802998e+01 1 1 1 0.0 0.0 0.0
Se 7.613675441728e+00 1.251926420525e+01 1.951046802998e+01 1 1 1 0.0 0.0 0.0
Se 1.103509166166e+01 1.198053086643e+01 1.951046802998e+01 1 1 1 0.0 0.0 0.0
Se 1.445650788160e+01 1.144179752761e+01 1.951046802998e+01 1 1 1 0.0 0.0 0.0
Se 1.787792410154e+01 1.090306418879e+01 1.951046802998e+01 1 1 1 0.0 0.0 0.0
Se 2.948107868957e+00 1.629039757698e+01 1.951046802998e+01 1 1 1 0.0 0.0 0.0
Se 6.369524088893e+00 1.575166423816e+01 1.951046802998e+01 1 1 1 0.0 0.0 0.0
Se 9.790940308830e+00 1.521293089935e+01 1.951046802998e+01 1 1 1 0.0 0.0 0.0
Se 1.321235652877e+01 1.467419756053e+01 1.951046802998e+01 1 1 1 0.0 0.0 0.0
Se 1.663377274870e+01 1.413546422171e+01 1.951046802998e+01 1 1 1 0.0 0.0 0.0
Se 2.005518896864e+01 1.359673088289e+01 1.951046802998e+01 1 1 1 0.0 0.0 0.0
Se 5.125372736059e+00 1.898406427108e+01 1.951046802998e+01 1 1 1 0.0 0.0 0.0
Se 8.546788955996e+00 1.844533093226e+01 1.951046802998e+01 1 1 1 0.0 0.0 0.0
Se 1.196820517593e+01 1.790659759344e+01 1.951046802998e+01 1 1 1 0.0 0.0 0.0
Se 1.538962139587e+01 1.736786425462e+01 1.951046802998e+01 1 1 1 0.0 0.0 0.0
Se 1.881103761581e+01 1.682913091580e+01 1.951046802998e+01 1 1 1 0.0 0.0 0.0
Se 3.881221383224e+00 2.221646430400e+01 1.951046802998e+01 1 1 1 0.0 0.0 0.0
Se 7.302637603161e+00 2.167773096518e+01 1.951046802998e+01 1 1 1 0.0 0.0 0.0
Se 1.072405382310e+01 2.113899762636e+01 1.951046802998e+01 1 1 1 0.0 0.0 0.0
Se 1.414547004303e+01 2.060026428754e+01 1.951046802998e+01 1 1 1 0.0 0.0 0.0
Se 1.756688626297e+01 2.006153094872e+01 1.951046802998e+01 1 1 1 0.0 0.0 0.0
Se 2.098830248291e+01 1.952279760990e+01 1.951046802998e+01 1 1 1 0.0 0.0 0.0
Se 6.058486250326e+00 2.491013099809e+01 1.951046802998e+01 1 1 1 0.0 0.0 0.0
Se 9.479902470263e+00 2.437139765927e+01 1.951046802998e+01 1 1 1 0.0 0.0 0.0
Se 1.290131869020e+01 2.383266432045e+01 1.951046802998e+01 1 1 1 0.0 0.0 0.0
Se 1.632273491014e+01 2.329393098164e+01 1.951046802998e+01 1 1 1 0.0 0.0 0.0
Se 1.974415113007e+01 2.275519764282e+01 1.951046802998e+01 1 1 1 0.0 0.0 0.0
Se 4.814334897492e+00 2.814253103101e+01 1.951046802998e+01 1 1 1 0.0 0.0 0.0
Se 8.235751117429e+00 2.760379769219e+01 1.951046802998e+01 1 1 1 0.0 0.0 0.0
Se 1.165716733737e+01 2.706506435337e+01 1.951046802998e+01 1 1 1 0.0 0.0 0.0
Se 1.507858355730e+01 2.652633101455e+01 1.951046802998e+01 1 1 1 0.0 0.0 0.0
Se 1.849999977724e+01 2.598759767573e+01 1.951046802998e+01 1 1 1 0.0 0.0 0.0
Se 2.192141599718e+01 2.544886433691e+01 1.951046802998e+01 1 1 1 0.0 0.0 0.0
Se 6.991599764594e+00 3.083619772511e+01 1.951046802998e+01 1 1 1 0.0 0.0 0.0
Se 1.041301598453e+01 3.029746438629e+01 1.951046802998e+01 1 1 1 0.0 0.0 0.0
Se 1.383443220447e+01 2.975873104747e+01 1.951046802998e+01 1 1 1 0.0 0.0 0.0
Se 1.725584842440e+01 2.921999770865e+01 1.951046802998e+01 1 1 1 0.0 0.0 0.0
Se 2.067726464434e+01 2.868126436983e+01 1.951046802998e+01 1 1 1 0.0 0.0 0.0
Se 5.747448411759e+00 3.406859775802e+01 1.951046802998e+01 1 1 1 0.0 0.0 0.0
Se 9.168864631696e+00 3.352986441920e+01 1.951046802998e+01 1 1 1 0.0 0.0 0.0
Se 1.259028085163e+01 3.299113108038e+01 1.951046802998e+01 1 1 1 0.0 0.0 0.0
Se 1.601169707157e+01 3.245239774156e+01 1.951046802998e+01 1 1 1 0.0 0.0 0.0
Se 1.943311329151e+01 3.191366440274e+01 1.951046802998e+01 1 1 1 0.0 0.0 0.0
Se 2.285452951144e+01 3.137493106392e+01 1.951046802998e+01 1 1 1 0.0 0.0 0.0
Se 7.924713278862e+00 3.676226445212e+01 1.951046802998e+01 1 1 1 0.0 0.0 0.0
Se 1.134612949880e+01 3.622353111330e+01 1.951046802998e+01 1 1 1 0.0 0.0 0.0
Se 1.476754571874e+01 3.568479777448e+01 1.951046802998e+01 1 1 1 0.0 0.0 0.0
Se 1.818896193867e+01 3.514606443566e+01 1.951046802998e+01 1 1 1 0.0 0.0 0.0
Se 2.161037815861e+01 3.460733109684e+01 1.951046802998e+01 1 1 1 0.0 0.0 0.0
Se 1.010197814596e+01 3.945593114621e+01 1.951046802998e+01 1 1 1 0.0 0.0 0.0
Se 1.352339436590e+01 3.891719780739e+01 1.951046802998e+01 1 1 1 0.0 0.0 0.0
Se 1.694481058584e+01 3.837846446858e+01 1.951046802998e+01 1 1 1 0.0 0.0 0.0
Se 2.036622680577e+01 3.783973112976e+01 1.951046802998e+01 1 1 1 0.0 0.0 0.0
Se 2.378764302571e+01 3.730099779094e+01 1.951046802998e+01 1 1 1 0.0 0.0 0.0
Se 1.041980369506e+01 3.692579524447e+01 3.998930533072e+01 1 1 1 0.0 0.0 0.0
Se 1.454545652967e+01 3.770848330275e+01 3.998930533072e+01 1 1 1 0.0 0.0 0.0
Se 1.867110936428e+01 3.849117136104e+01 3.998930533072e+01 1 1 1 0.0 0.0 0.0
Se 2.279676219890e+01 3.927385941932e+01 3.998930533072e+01 1 1 1 0.0 0.0 0.0
Se 9.075885488774e+00 3.301235495305e+01 3.998930533072e+01 1 1 1 0.0 0.0 0.0
Se 1.320153832339e+01 3.379504301133e+01 3.998930533072e+01 1 1 1 0.0 0.0 0.0
Se 1.732719115800e+01 3.457773106962e+01 3.998930533072e+01 1 1 1 0.0 0.0 0.0
Se 2.145284399261e+01 3.536041912790e+01 3.998930533072e+01 1 1 1 0.0 0.0 0.0
Se 6.294150860442e+00 3.614310718619e+01 3.998930533072e+01 1 1 1 0.0 0.0 0.0
Se 7.731967282492e+00 2.909891466162e+01 3.998930533072e+01 1 1 1 0.0 0.0 0.0
Se 1.185762011711e+01 2.988160271991e+01 3.998930533072e+01 1 1 1 0.0 0.0 0.0
Se 1.598327295172e+01 3.066429077819e+01 3.998930533072e+01 1 1 1 0.0 0.0 0.0
Se 2.010892578633e+01 3.144697883648e+01 3.998930533072e+01 1 1 1 0.0 0.0 0.0
Se 2.423457862095e+01 3.222966689476e+01 3.998930533072e+01 1 1 1 0.0 0.0 0.0
Se 6.388049076210e+00 2.518547437020e+01 3.998930533072e+01 1 1 1 0.0 0.0 0.0
Se 1.051370191082e+01 2.596816242848e+01 3.998930533072e+01 1 1 1 0.0 0.0 0.0
Se 1.463935474544e+01 2.675085048677e+01 3.998930533072e+01 1 1 1 0.0 0.0 0.0
Se 1.876500758005e+01 2.753353854505e+01 3.998930533072e+01 1 1 1 0.0 0.0 0.0
Se 2.289066041466e+01 2.831622660334e+01 3.998930533072e+01 1 1 1 0.0 0.0 0.0
Se 5.044130869928e+00 2.127203407878e+01 3.998930533072e+01 1 1 1 0.0 0.0 0.0
Se 9.169783704542e+00 2.205472213706e+01 3.998930533072e+01 1 1 1 0.0 0.0 0.0
Se 1.329543653916e+01 2.283741019535e+01 3.998930533072e+01 1 1 1 0.0 0.0 0.0
Se 1.742108937377e+01 2.362009825363e+01 3.998930533072e+01 1 1 1 0.0 0.0 0.0
Se 2.154674220838e+01 2.440278631192e+01 3.998930533072e+01 1 1 1 0.0 0.0 0.0
Se 7.825865498260e+00 1.814128184564e+01 3.998930533072e+01 1 1 1 0.0 0.0 0.0
Se 1.195151833287e+01 1.892396990392e+01 3.998930533072e+01 1 1 1 0.0 0.0 0.0
Se 1.607717116749e+01 1.970665796221e+01 3.998930533072e+01 1 1 1 0.0 0.0 0.0
Se 2.020282400210e+01 2.048934602049e+01 3.998930533072e+01 1 1 1 0.0 0.0 0.0
Se 6.481947291978e+00 1.422784155422e+01 3.998930533072e+01 1 1 1 0.0 0.0 0.0
Se 1.060760012659e+01 1.501052961250e+01 3.998930533072e+01 1 1 1 0.0 0.0 0.0
Se 1.473325296121e+01 1.579321767078e+01 3.998930533072e+01 1 1 1 0.0 0.0 0.0
Se 1.885890579582e+01 1.657590572907e+01 3.998930533072e+01 1 1 1 0.0 0.0 0.0
Se 3.700212663647e+00 1.735859378735e+01 3.998930533072e+01 1 1 1 0.0 0.0 0.0
Se 5.138029085696e+00 1.031440126279e+01 3.998930533072e+01 1 1 1 0.0 0.0 0.0
Se 9.263681920310e+00 1.109708932108e+01 3.998930533072e+01 1 1 1 0.0 0.0 0.0
Se 1.338933475492e+01 1.187977737936e+01 3.998930533072e+01 1 1 1 0.0 0.0 0.0
Se 1.751498758954e+01 1.266246543765e+01 3.998930533072e+01 1 1 1 0.0 0.0 0.0
Se 2.356294457365e+00 1.344515349593e+01 3.998930533072e+01 1 1 1 0.0 0.0 0.0
Se 3.794110879415e+00 6.400960971369e+00 3.998930533072e+01 1 1 1 0.0 0.0 0.0
Se 7.919763714028e+00 7.183649029654e+00 3.998930533072e+01 1 1 1 0.0 0.0 0.0
Se 1.204541654864e+01 7.966337087938e+00 3.998930533072e+01 1 1 1 0.0 0.0 0.0
Se 1.617106938326e+01 8.749025146223e+00 3.998930533072e+01 1 1 1 0.0 0.0 0.0
Se 2.029672221787e+01 9.531713204508e+00 3.998930533072e+01 1 1 1 0.0 0.0 0.0
Se 2.450192673133e+00 2.487520679946e+00 3.998930533072e+01 1 1 1 0.0 0.0 0.0
Se 6.575845507746e+00 3.270208738231e+00 3.998930533072e+01 1 1 1 0.0 0.0 0.0
Se 1.070149834236e+01 4.052896796515e+00 3.998930533072e+01 1 1 1 0.0 0.0 0.0
Se 1.482715117697e+01 4.835584854800e+00 3.998930533072e+01 1 1 1 0.0 0.0 0.0
Se 1.895280401159e+01 5.618272913085e+00 3.998930533072e+01 1 1 1 0.0 0.0 0.0
Se 7.638069066724e+00 4.005654747761e+01 3.998930533072e+01 1 1 1 0.0 0.0 0.0
Se 1.176372190134e+01 4.083923553589e+01 3.998930533072e+01 1 1 1 0.0 0.0 0.0
Se 9.357580136078e+00 1.394565050922e-01 3.998930533072e+01 1 1 1 0.0 0.0 0.0
Se 1.348323297069e+01 9.221445633769e-01 3.998930533072e+01 1 1 1 0.0 0.0 0.0
Se 1.760888580531e+01 1.704832621661e+00 3.998930533072e+01 1 1 1 0.0 0.0 0.0
Se 8.620603698873e+00 3.538886955043e+01 3.635172086532e+01 1 1 1 0.0 0.0 0.0
Se 1.274625653349e+01 3.617155760872e+01 3.635172086532e+01 1 1 1 0.0 0.0 0.0
Se 1.687190936810e+01 3.695424566700e+01 3.635172086532e+01 1 1 1 0.0 0.0 0.0
Se 2.099756220271e+01 3.773693372529e+01 3.635172086532e+01 1 1 1 0.0 0.0 0.0
Se 7.276685492591e+00 3.147542925901e+01 3.635172086532e+01 1 1 1 0.0 0.0 0.0
Se 1.140233832720e+01 3.225811731730e+01 3.635172086532e+01 1 1 1 0.0 0.0 0.0
Se 1.552799116182e+01 3.304080537558e+01 3.635172086532e+01 1 1 1 0.0 0.0 0.0
Se 1.965364399643e+01 3.382349343386e+01 3.635172086532e+01 1 1 1 0.0 0.0 0.0
Se 2.377929683105e+01 3.460618149215e+01 3.635172086532e+01 1 1 1 0.0 0.0 0.0
Se 5.932767286309e+00 2.756198896759e+01 3.635172086532e+01 1 1 1 0.0 0.0 0.0
Se 1.005842012092e+01 2.834467702587e+01 3.635172086532e+01 1 1 1 0.0 0.0 0.0
Se 1.418407295554e+01 2.912736508416e+01 3.635172086532e+01 1 1 1 0.0 0.0 0.0
Se 1.830972579015e+01 2.991005314244e+01 3.635172086532e+01 1 1 1 0.0 0.0 0.0
Se 2.243537862476e+01 3.069274120073e+01 3.635172086532e+01 1 1 1 0.0 0.0 0.0
Se 4.588849080027e+00 2.364854867616e+01 3.635172086532e+01 1 1 1 0.0 0.0 0.0
Se 8.714501914641e+00 2.443123673445e+01 3.635172086532e+01 1 1 1 0.0 0.0 0.0
Se 1.284015474925e+01 2.521392479273e+01 3.635172086532e+01 1 1 1 0.0 0.0 0.0
Se 1.696580758387e+01 2.599661285102e+01 3.635172086532e+01 1 1 1 0.0 0.0 0.0
Se 2.109146041848e+01 2.677930090930e+01 3.635172086532e+01 1 1 1 0.0 0.0 0.0
Se 3.244930873745e+00 1.973510838474e+01 3.635172086532e+01 1 1 1 0.0 0.0 0.0
Se 7.370583708359e+00 2.051779644303e+01 3.635172086532e+01 1 1 1 0.0 0.0 0.0
Se 1.149623654297e+01 2.130048450131e+01 3.635172086532e+01 1 1 1 0.0 0.0 0.0
Se 1.562188937759e+01 2.208317255960e+01 3.635172086532e+01 1 1 1 0.0 0.0 0.0
Se 1.974754221220e+01 2.286586061788e+01 3.635172086532e+01 1 1 1 0.0 0.0 0.0
Se 6.026665502077e+00 1.660435615160e+01 3.635172086532e+01 1 1 1 0.0 0.0 0.0
Se 1.015231833669e+01 1.738704420989e+01 3.635172086532e+01 1 1 1 0.0 0.0 0.0
Se 1.427797117130e+01 1.816973226817e+01 3.635172086532e+01 1 1 1 0.0 0.0 0.0
Se 1.840362400592e+01 1.895242032646e+01 3.635172086532e+01 1 1 1 0.0 0.0 0.0
Se 4.682747295795e+00 1.269091586018e+01 3.635172086532e+01 1 1 1 0.0 0.0 0.0
Se 8.808400130409e+00 1.347360391846e+01 3.635172086532e+01 1 1 1 0.0 0.0 0.0
Se 1.293405296502e+01 1.425629197675e+01 3.635172086532e+01 1 1 1 0.0 0.0 0.0
Se 1.705970579964e+01 1.503898003503e+01 3.635172086532e+01 1 1 1 0.0 0.0 0.0
Se 2.118535863425e+01 1.582166809332e+01 3.635172086532e+01 1 1 1 0.0 0.0 0.0
Se 3.338829089513e+00 8.777475568757e+00 3.635172086532e+01 1 1 1 0.0 0.0 0.0
Se 7.464481924127e+00 9.560163627041e+00 3.635172086532e+01 1 1 1 0.0 0.0 0.0
Se 1.159013475874e+01 1.034285168533e+01 3.635172086532e+01 1 1 1 0.0 0.0 0.0
Se 1.571578759335e+01 1.112553974361e+01 3.635172086532e+01 1 1 1 0.0 0.0 0.0
Se 1.984144042797e+01 1.190822780190e+01 3.635172086532e+01 1 1 1 0.0 0.0 0.0
Se 1.994910883231e+00 4.864035277333e+00 3.635172086532e+01 1 1 1 0.0 0.0 0.0
Se 6.120563717845e+00 5.646723335618e+00 3.635172086532e+01 1 1 1 0.0 0.0 0.0
Se 1.024621655246e+01 6.429411393903e+00 3.635172086532e+01 1 1 1 0.0 0.0 0.0
Se 1.437186938707e+01 7.212099452187e+00 3.635172086532e+01 1 1 1 0.0 0.0 0.0
Se 1.849752222169e+01 7.994787510472e+00 3.635172086532e+01 1 1 1 0.0 0.0 0.0
Se 6.509926769496e-01 9.505949859103e-01 3.635172086532e+01 1 1 1 0.0 0.0 0.0
Se 4.776645511563e+00 1.733283044195e+00 3.635172086532e+01 1 1 1 0.0 0.0 0.0
Se 8.902298346177e+00 2.515971102480e+00 3.635172086532e+01 1 1 1 0.0 0.0 0.0
Se 1.302795118079e+01 3.298659160764e+00 3.635172086532e+01 1 1 1 0.0 0.0 0.0
Se 1.715360401540e+01 4.081347219049e+00 3.635172086532e+01 1 1 1 0.0 0.0 0.0
Se 2.512321503733e+01 3.851962178357e+01 3.635172086532e+01 1 1 1 0.0 0.0 0.0
Se 9.964521905155e+00 3.930230984186e+01 3.635172086532e+01 1 1 1 0.0 0.0 0.0
Se 1.409017473977e+01 4.008499790014e+01 3.635172086532e+01 1 1 1 0.0 0.0 0.0
Se 1.821582757438e+01 4.086768595843e+01 3.635172086532e+01 1 1 1 0.0 0.0 0.0
Se 1.580968580912e+01 1.679069276256e-01 3.635172086532e+01 1 1 1 0.0 0.0 0.0
Se 1.090994142656e+01 3.460660502226e+01 3.271820175121e+01 1 1 1 0.0 0.0 0.0
Se 1.503559426117e+01 3.538929308055e+01 3.271820175121e+01 1 1 1 0.0 0.0 0.0
Se 1.916124709578e+01 3.617198113883e+01 3.271820175121e+01 1 1 1 0.0 0.0 0.0
Se 2.328689993040e+01 3.695466919712e+01 3.271820175121e+01 1 1 1 0.0 0.0 0.0
Se 9.566023220273e+00 3.069316473084e+01 3.271820175121e+01 1 1 1 0.0 0.0 0.0
Se 1.369167605489e+01 3.147585278913e+01 3.271820175121e+01 1 1 1 0.0 0.0 0.0
Se 1.781732888950e+01 3.225854084741e+01 3.271820175121e+01 1 1 1 0.0 0.0 0.0
Se 2.194298172411e+01 3.304122890569e+01 3.271820175121e+01 1 1 1 0.0 0.0 0.0
Se 6.784288591941e+00 3.382391696398e+01 3.271820175121e+01 1 1 1 0.0 0.0 0.0
Se 8.222105013991e+00 2.677972443942e+01 3.271820175121e+01 1 1 1 0.0 0.0 0.0
Se 1.234775784861e+01 2.756241249770e+01 3.271820175121e+01 1 1 1 0.0 0.0 0.0
Se 1.647341068322e+01 2.834510055599e+01 3.271820175121e+01 1 1 1 0.0 0.0 0.0
Se 2.059906351783e+01 2.912778861427e+01 3.271820175121e+01 1 1 1 0.0 0.0 0.0
Se 5.440370385660e+00 2.991047667256e+01 3.271820175121e+01 1 1 1 0.0 0.0 0.0
Se 6.878186807710e+00 2.286628414799e+01 3.271820175121e+01 1 1 1 0.0 0.0 0.0
Se 1.100383964232e+01 2.364897220628e+01 3.271820175121e+01 1 1 1 0.0 0.0 0.0
Se 1.512949247694e+01 2.443166026456e+01 3.271820175121e+01 1 1 1 0.0 0.0 0.0
Se 1.925514531155e+01 2.521434832285e+01 3.271820175121e+01 1 1 1 0.0 0.0 0.0
Se 4.096452179378e+00 2.599703638113e+01 3.271820175121e+01 1 1 1 0.0 0.0 0.0
Se 5.534268601428e+00 1.895284385657e+01 3.271820175121e+01 1 1 1 0.0 0.0 0.0
Se 9.659921436041e+00 1.973553191486e+01 3.271820175121e+01 1 1 1 0.0 0.0 0.0
Se 1.378557427065e+01 2.051821997314e+01 3.271820175121e+01 1 1 1 0.0 0.0 0.0
Se 1.791122710527e+01 2.130090803143e+01 3.271820175121e+01 1 1 1 0.0 0.0 0.0
Se 2.203687993988e+01 2.208359608971e+01 3.271820175121e+01 1 1 1 0.0 0.0 0.0
Se 8.316003229759e+00 1.582209162343e+01 3.271820175121e+01 1 1 1 0.0 0.0 0.0
Se 1.244165606437e+01 1.660477968172e+01 3.271820175121e+01 1 1 1 0.0 0.0 0.0
Se 1.656730889899e+01 1.738746774000e+01 3.271820175121e+01 1 1 1 0.0 0.0 0.0
Se 2.069296173360e+01 1.817015579829e+01 3.271820175121e+01 1 1 1 0.0 0.0 0.0
Se 6.972085023478e+00 1.190865133201e+01 3.271820175121e+01 1 1 1 0.0 0.0 0.0
Se 1.109773785809e+01 1.269133939029e+01 3.271820175121e+01 1 1 1 0.0 0.0 0.0
Se 1.522339069270e+01 1.347402744858e+01 3.271820175121e+01 1 1 1 0.0 0.0 0.0
Se 1.934904352732e+01 1.425671550686e+01 3.271820175121e+01 1 1 1 0.0 0.0 0.0
Se 4.190350395146e+00 1.503940356515e+01 3.271820175121e+01 1 1 1 0.0 0.0 0.0
Se 5.628166817196e+00 7.995211040587e+00 3.271820175121e+01 1 1 1 0.0 0.0 0.0
Se 9.753819651809e+00 8.777899098872e+00 3.271820175121e+01 1 1 1 0.0 0.0 0.0
Se 1.387947248642e+01 9.560587157156e+00 3.271820175121e+01 1 1 1 0.0 0.0 0.0
Se 1.800512532104e+01 1.034327521544e+01 3.271820175121e+01 1 1 1 0.0 0.0 0.0
Se 2.846432188864e+00 1.112596327373e+01 3.271820175121e+01 1 1 1 0.0 0.0 0.0
Se 4.284248610914e+00 4.081770749164e+00 3.271820175121e+01 1 1 1 0.0 0.0 0.0
Se 8.409901445527e+00 4.864458807448e+00 3.271820175121e+01 1 1 1 0.0 0.0 0.0
Se 1.253555428014e+01 5.647146865733e+00 3.271820175121e+01 1 1 1 0.0 0.0 0.0
Se 1.666120711475e+01 6.429834924018e+00 3.271820175121e+01 1 1 1 0.0 0.0 0.0
Se 1.502513982582e+00 7.212522982302e+00 3.271820175121e+01 1 1 1 0.0 0.0 0.0
Se 2.940330404632e+00 1.683304577407e-01 3.271820175121e+01 1 1 1 0.0 0.0 0.0
Se 7.065983239246e+00 9.510185160253e-01 3.271820175121e+01 1 1 1 0.0 0.0 0.0
Se 1.119163607386e+01 1.733706574310e+00 3.271820175121e+01 1 1 1 0.0 0.0 0.0
Se 1.531728890847e+01 2.516394632595e+00 3.271820175121e+01 1 1 1 0.0 0.0 0.0
Se 1.944294174309e+01 3.299082690879e+00 3.271820175121e+01 1 1 1 0.0 0.0 0.0
Se 8.128206798223e+00 3.773735725540e+01 3.271820175121e+01 1 1 1 0.0 0.0 0.0
Se 1.225385963284e+01 3.852004531369e+01 3.271820175121e+01 1 1 1 0.0 0.0 0.0
Se 1.637951246745e+01 3.930273337197e+01 3.271820175121e+01 1 1 1 0.0 0.0 0.0
Se 2.050516530206e+01 4.008542143026e+01 3.271820175121e+01 1 1 1 0.0 0.0 0.0
Se 2.463081813668e+01 4.086810948854e+01 3.271820175121e+01 1 1 1 0.0 0.0 0.0
Se 8.570501314050e+00 3.545434130065e+01 2.995146533993e+01 1 1 1 0.0 0.0 0.0
Se 1.269615414866e+01 3.623702935893e+01 2.995146533993e+01 1 1 1 0.0 0.0 0.0
Se 1.682180698328e+01 3.701971741721e+01 2.995146533993e+01 1 1 1 0.0 0.0 0.0
Se 2.094745981789e+01 3.780240547550e+01 2.995146533993e+01 1 1 1 0.0 0.0 0.0
Se 7.226583107768e+00 3.154090100922e+01 2.995146533993e+01 1 1 1 0.0 0.0 0.0
Se 1.135223594238e+01 3.232358906751e+01 2.995146533993e+01 1 1 1 0.0 0.0 0.0
Se 1.547788877699e+01 3.310627712579e+01 2.995146533993e+01 1 1 1 0.0 0.0 0.0
Se 1.960354161161e+01 3.388896518408e+01 2.995146533993e+01 1 1 1 0.0 0.0 0.0
Se 2.372919444622e+01 3.467165324236e+01 2.995146533993e+01 1 1 1 0.0 0.0 0.0
Se 5.882664901486e+00 2.762746071780e+01 2.995146533993e+01 1 1 1 0.0 0.0 0.0
Se 1.000831773610e+01 2.841014877608e+01 2.995146533993e+01 1 1 1 0.0 0.0 0.0
Se 1.413397057071e+01 2.919283683437e+01 2.995146533993e+01 1 1 1 0.0 0.0 0.0
Se 1.825962340533e+01 2.997552489265e+01 2.995146533993e+01 1 1 1 0.0 0.0 0.0
Se 2.238527623994e+01 3.075821295094e+01 2.995146533993e+01 1 1 1 0.0 0.0 0.0
Se 4.538746695204e+00 2.371402042638e+01 2.995146533993e+01 1 1 1 0.0 0.0 0.0
Se 8.664399529818e+00 2.449670848466e+01 2.995146533993e+01 1 1 1 0.0 0.0 0.0
Se 1.279005236443e+01 2.527939654295e+01 2.995146533993e+01 1 1 1 0.0 0.0 0.0
Se 1.691570519904e+01 2.606208460123e+01 2.995146533993e+01 1 1 1 0.0 0.0 0.0
Se 2.104135803366e+01 2.684477265951e+01 2.995146533993e+01 1 1 1 0.0 0.0 0.0
Se 3.194828488922e+00 1.980058013495e+01 2.995146533993e+01 1 1 1 0.0 0.0 0.0
Se 7.320481323536e+00 2.058326819324e+01 2.995146533993e+01 1 1 1 0.0 0.0 0.0
Se 1.144613415815e+01 2.136595625152e+01 2.995146533993e+01 1 1 1 0.0 0.0 0.0
Se 1.557178699276e+01 2.214864430981e+01 2.995146533993e+01 1 1 1 0.0 0.0 0.0
Se 1.969743982738e+01 2.293133236809e+01 2.995146533993e+01 1 1 1 0.0 0.0 0.0
Se 5.976563117254e+00 1.666982790181e+01 2.995146533993e+01 1 1 1 0.0 0.0 0.0
Se 1.010221595187e+01 1.745251596010e+01 2.995146533993e+01 1 1 1 0.0 0.0 0.0
Se 1.422786878648e+01 1.823520401838e+01 2.995146533993e+01 1 1 1 0.0 0.0 0.0
Se 1.835352162109e+01 1.901789207667e+01 2.995146533993e+01 1 1 1 0.0 0.0 0.0
Se 4.632644910972e+00 1.275638761039e+01 2.995146533993e+01 1 1 1 0.0 0.0 0.0
Se 8.758297745586e+00 1.353907566868e+01 2.995146533993e+01 1 1 1 0.0 0.0 0.0
Se 1.288395058020e+01 1.432176372696e+01 2.995146533993e+01 1 1 1 0.0 0.0 0.0
Se 1.700960341481e+01 1.510445178525e+01 2.995146533993e+01 1 1 1 0.0 0.0 0.0
Se 2.113525624943e+01 1.588713984353e+01 2.995146533993e+01 1 1 1 0.0 0.0 0.0
Se 3.288726704690e+00 8.842947318968e+00 2.995146533993e+01 1 1 1 0.0 0.0 0.0
Se 7.414379539304e+00 9.625635377253e+00 2.995146533993e+01 1 1 1 0.0 0.0 0.0
Se 1.154003237392e+01 1.040832343554e+01 2.995146533993e+01 1 1 1 0.0 0.0 0.0
Se 1.566568520853e+01 1.119101149382e+01 2.995146533993e+01 1 1 1 0.0 0.0 0.0
Se 1.979133804314e+01 1.197369955211e+01 2.995146533993e+01 1 1 1 0.0 0.0 0.0
Se 1.944808498408e+00 4.929507027545e+00 2.995146533993e+01 1 1 1 0.0 0.0 0.0
Se 6.070461333022e+00 5.712195085830e+00 2.995146533993e+01 1 1 1 0.0 0.0 0.0
Se 1.019611416764e+01 6.494883144114e+00 2.995146533993e+01 1 1 1 0.0 0.0 0.0
Se 1.432176700225e+01 7.277571202399e+00 2.995146533993e+01 1 1 1 0.0 0.0 0.0
Se 1.844741983686e+01 8.060259260683e+00 2.995146533993e+01 1 1 1 0.0 0.0 0.0
Se 6.008902921264e-01 1.016066736122e+00 2.995146533993e+01 1 1 1 0.0 0.0 0.0
Se 4.726543126740e+00 1.798754794406e+00 2.995146533993e+01 1 1 1 0.0 0.0 0.0
Se 8.852195961354e+00 2.581442852691e+00 2.995146533993e+01 1 1 1 0.0 0.0 0.0
Se 1.297784879597e+01 3.364130910976e+00 2.995146533993e+01 1 1 1 0.0 0.0 0.0
Se 1.710350163058e+01 4.146818969260e+00 2.995146533993e+01 1 1 1 0.0 0.0 0.0
Se 2.507311265250e+01 3.858509353378e+01 2.995146533993e+01 1 1 1 0.0 0.0 0.0
Se 9.914419520331e+00 3.936778159207e+01 2.995146533993e+01 1 1 1 0.0 0.0 0.0
Se 1.404007235495e+01 4.015046965035e+01 2.995146533993e+01 1 1 1 0.0 0.0 0.0
Se 1.816572518956e+01 4.093315770864e+01 2.995146533993e+01 1 1 1 0.0 0.0 0.0
Se 1.575958342430e+01 2.333786778372e-01 2.995146533993e+01 1 1 1 0.0 0.0 0.0
Se 1.085374971282e+01 3.466661603083e+01 2.633360299309e+01 1 1 1 0.0 0.0 0.0
Se 1.497940254744e+01 3.544930408911e+01 2.633360299309e+01 1 1 1 0.0 0.0 0.0
Se 1.910505538205e+01 3.623199214740e+01 2.633360299309e+01 1 1 1 0.0 0.0 0.0
Se 2.323070821666e+01 3.701468020568e+01 2.633360299309e+01 1 1 1 0.0 0.0 0.0
Se 9.509831506542e+00 3.075317573940e+01 2.633360299309e+01 1 1 1 0.0 0.0 0.0
Se 1.363548434116e+01 3.153586379769e+01 2.633360299309e+01 1 1 1 0.0 0.0 0.0
Se 1.776113717577e+01 3.231855185597e+01 2.633360299309e+01 1 1 1 0.0 0.0 0.0
Se 2.188679001038e+01 3.310123991426e+01 2.633360299309e+01 1 1 1 0.0 0.0 0.0
Se 6.728096878210e+00 3.388392797254e+01 2.633360299309e+01 1 1 1 0.0 0.0 0.0
Se 8.165913300260e+00 2.683973544798e+01 2.633360299309e+01 1 1 1 0.0 0.0 0.0
Se 1.229156613487e+01 2.762242350626e+01 2.633360299309e+01 1 1 1 0.0 0.0 0.0
Se 1.641721896949e+01 2.840511156455e+01 2.633360299309e+01 1 1 1 0.0 0.0 0.0
Se 2.054287180410e+01 2.918779962283e+01 2.633360299309e+01 1 1 1 0.0 0.0 0.0
Se 5.384178671928e+00 2.997048768112e+01 2.633360299309e+01 1 1 1 0.0 0.0 0.0
Se 6.821995093978e+00 2.292629515656e+01 2.633360299309e+01 1 1 1 0.0 0.0 0.0
Se 1.094764792859e+01 2.370898321484e+01 2.633360299309e+01 1 1 1 0.0 0.0 0.0
Se 1.507330076321e+01 2.449167127313e+01 2.633360299309e+01 1 1 1 0.0 0.0 0.0
Se 1.919895359782e+01 2.527435933141e+01 2.633360299309e+01 1 1 1 0.0 0.0 0.0
Se 2.332460643243e+01 2.605704738969e+01 2.633360299309e+01 1 1 1 0.0 0.0 0.0
Se 5.478076887696e+00 1.901285486513e+01 2.633360299309e+01 1 1 1 0.0 0.0 0.0
Se 9.603729722310e+00 1.979554292342e+01 2.633360299309e+01 1 1 1 0.0 0.0 0.0
Se 1.372938255692e+01 2.057823098170e+01 2.633360299309e+01 1 1 1 0.0 0.0 0.0
Se 1.785503539154e+01 2.136091903999e+01 2.633360299309e+01 1 1 1 0.0 0.0 0.0
Se 2.198068822615e+01 2.214360709827e+01 2.633360299309e+01 1 1 1 0.0 0.0 0.0
Se 8.259811516028e+00 1.588210263199e+01 2.633360299309e+01 1 1 1 0.0 0.0 0.0
Se 1.238546435064e+01 1.666479069028e+01 2.633360299309e+01 1 1 1 0.0 0.0 0.0
Se 1.651111718526e+01 1.744747874856e+01 2.633360299309e+01 1 1 1 0.0 0.0 0.0
Se 2.063677001987e+01 1.823016680685e+01 2.633360299309e+01 1 1 1 0.0 0.0 0.0
Se 6.915893309746e+00 1.196866234057e+01 2.633360299309e+01 1 1 1 0.0 0.0 0.0
Se 1.104154614436e+01 1.275135039886e+01 2.633360299309e+01 1 1 1 0.0 0.0 0.0
Se 1.516719897897e+01 1.353403845714e+01 2.633360299309e+01 1 1 1 0.0 0.0 0.0
Se 1.929285181359e+01 1.431672651543e+01 2.633360299309e+01 1 1 1 0.0 0.0 0.0
Se 4.134158681415e+00 1.509941457371e+01 2.633360299309e+01 1 1 1 0.0 0.0 0.0
Se 5.571975103464e+00 8.055222049148e+00 2.633360299309e+01 1 1 1 0.0 0.0 0.0
Se 9.697627938078e+00 8.837910107433e+00 2.633360299309e+01 1 1 1 0.0 0.0 0.0
Se 1.382328077269e+01 9.620598165718e+00 2.633360299309e+01 1 1 1 0.0 0.0 0.0
Se 1.794893360731e+01 1.040328622400e+01 2.633360299309e+01 1 1 1 0.0 0.0 0.0
Se 2.790240475133e+00 1.118597428229e+01 2.633360299309e+01 1 1 1 0.0 0.0 0.0
Se 4.228056897183e+00 4.141781757725e+00 2.633360299309e+01 1 1 1 0.0 0.0 0.0
Se 8.353709731796e+00 4.924469816010e+00 2.633360299309e+01 1 1 1 0.0 0.0 0.0
Se 1.247936256641e+01 5.707157874295e+00 2.633360299309e+01 1 1 1 0.0 0.0 0.0
Se 1.660501540102e+01 6.489845932579e+00 2.633360299309e+01 1 1 1 0.0 0.0 0.0
Se 1.446322268851e+00 7.272533990864e+00 2.633360299309e+01 1 1 1 0.0 0.0 0.0
Se 2.884138690901e+00 2.283414663022e-01 2.633360299309e+01 1 1 1 0.0 0.0 0.0
Se 7.009791525514e+00 1.011029524587e+00 2.633360299309e+01 1 1 1 0.0 0.0 0.0
Se 1.113544436013e+01 1.793717582871e+00 2.633360299309e+01 1 1 1 0.0 0.0 0.0
Se 1.526109719474e+01 2.576405641156e+00 2.633360299309e+01 1 1 1 0.0 0.0 0.0
Se 1.938675002936e+01 3.359093699441e+00 2.633360299309e+01 1 1 1 0.0 0.0 0.0
Se 8.072015084492e+00 3.779736826396e+01 2.633360299309e+01 1 1 1 0.0 0.0 0.0
Se 1.219766791911e+01 3.858005632225e+01 2.633360299309e+01 1 1 1 0.0 0.0 0.0
Se 1.632332075372e+01 3.936274438053e+01 2.633360299309e+01 1 1 1 0.0 0.0 0.0
Se 2.044897358833e+01 4.014543243882e+01 2.633360299309e+01 1 1 1 0.0 0.0 0.0
Se 2.457462642295e+01 4.092812049710e+01 2.633360299309e+01 1 1 1 0.0 0.0 0.0
Se 1.036875751830e+01 3.700208824494e+01 2.271046802998e+01 1 1 1 0.0 0.0 0.0
Se 1.449441035292e+01 3.778477630322e+01 2.271046802998e+01 1 1 1 0.0 0.0 0.0
Se 1.862006318753e+01 3.856746436151e+01 2.271046802998e+01 1 1 1 0.0 0.0 0.0
Se 2.274571602214e+01 3.935015241979e+01 2.271046802998e+01 1 1 1 0.0 0.0 0.0
Se 9.024839312020e+00 3.308864795351e+01 2.271046802998e+01 1 1 1 0.0 0.0 0.0
Se 1.315049214663e+01 3.387133601180e+01 2.271046802998e+01 1 1 1 0.0 0.0 0.0
Se 1.727614498125e+01 3.465402407008e+01 2.271046802998e+01 1 1 1 0.0 0.0 0.0
Se 2.140179781586e+01 3.543671212837e+01 2.271046802998e+01 1 1 1 0.0 0.0 0.0
Se 6.243104683688e+00 3.621940018665e+01 2.271046802998e+01 1 1 1 0.0 0.0 0.0
Se 7.680921105738e+00 2.917520766209e+01 2.271046802998e+01 1 1 1 0.0 0.0 0.0
Se 1.180657394035e+01 2.995789572037e+01 2.271046802998e+01 1 1 1 0.0 0.0 0.0
Se 1.593222677497e+01 3.074058377866e+01 2.271046802998e+01 1 1 1 0.0 0.0 0.0
Se 2.005787960958e+01 3.152327183694e+01 2.271046802998e+01 1 1 1 0.0 0.0 0.0
Se 2.418353244419e+01 3.230595989523e+01 2.271046802998e+01 1 1 1 0.0 0.0 0.0
Se 6.337002899456e+00 2.526176737067e+01 2.271046802998e+01 1 1 1 0.0 0.0 0.0
Se 1.046265573407e+01 2.604445542895e+01 2.271046802998e+01 1 1 1 0.0 0.0 0.0
Se 1.458830856868e+01 2.682714348724e+01 2.271046802998e+01 1 1 1 0.0 0.0 0.0
Se 1.871396140330e+01 2.760983154552e+01 2.271046802998e+01 1 1 1 0.0 0.0 0.0
Se 2.283961423791e+01 2.839251960380e+01 2.271046802998e+01 1 1 1 0.0 0.0 0.0
Se 4.993084693175e+00 2.134832707924e+01 2.271046802998e+01 1 1 1 0.0 0.0 0.0
Se 9.118737527788e+00 2.213101513753e+01 2.271046802998e+01 1 1 1 0.0 0.0 0.0
Se 1.324439036240e+01 2.291370319581e+01 2.271046802998e+01 1 1 1 0.0 0.0 0.0
Se 1.737004319702e+01 2.369639125410e+01 2.271046802998e+01 1 1 1 0.0 0.0 0.0
Se 2.149569603163e+01 2.447907931238e+01 2.271046802998e+01 1 1 1 0.0 0.0 0.0
Se 7.774819321506e+00 1.821757484610e+01 2.271046802998e+01 1 1 1 0.0 0.0 0.0
Se 1.190047215612e+01 1.900026290439e+01 2.271046802998e+01 1 1 1 0.0 0.0 0.0
Se 1.602612499073e+01 1.978295096267e+01 2.271046802998e+01 1 1 1 0.0 0.0 0.0
Se 2.015177782535e+01 2.056563902096e+01 2.271046802998e+01 1 1 1 0.0 0.0 0.0
Se 6.430901115224e+00 1.430413455468e+01 2.271046802998e+01 1 1 1 0.0 0.0 0.0
Se 1.055655394984e+01 1.508682261297e+01 2.271046802998e+01 1 1 1 0.0 0.0 0.0
Se 1.468220678445e+01 1.586951067125e+01 2.271046802998e+01 1 1 1 0.0 0.0 0.0
Se 1.880785961907e+01 1.665219872954e+01 2.271046802998e+01 1 1 1 0.0 0.0 0.0
Se 3.649166486893e+00 1.743488678782e+01 2.271046802998e+01 1 1 1 0.0 0.0 0.0
Se 5.086982908943e+00 1.039069426326e+01 2.271046802998e+01 1 1 1 0.0 0.0 0.0
Se 9.212635743556e+00 1.117338232154e+01 2.271046802998e+01 1 1 1 0.0 0.0 0.0
Se 1.333828857817e+01 1.195607037983e+01 2.271046802998e+01 1 1 1 0.0 0.0 0.0
Se 1.746394141278e+01 1.273875843811e+01 2.271046802998e+01 1 1 1 0.0 0.0 0.0
Se 2.305248280611e+00 1.352144649640e+01 2.271046802998e+01 1 1 1 0.0 0.0 0.0
Se 3.743064702661e+00 6.477253971835e+00 2.271046802998e+01 1 1 1 0.0 0.0 0.0
Se 7.868717537274e+00 7.259942030120e+00 2.271046802998e+01 1 1 1 0.0 0.0 0.0
Se 1.199437037189e+01 8.042630088405e+00 2.271046802998e+01 1 1 1 0.0 0.0 0.0
Se 1.612002320650e+01 8.825318146689e+00 2.271046802998e+01 1 1 1 0.0 0.0 0.0
Se 2.024567604112e+01 9.608006204974e+00 2.271046802998e+01 1 1 1 0.0 0.0 0.0
Se 2.399146496379e+00 2.563813680412e+00 2.271046802998e+01 1 1 1 0.0 0.0 0.0
Se 6.524799330993e+00 3.346501738697e+00 2.271046802998e+01 1 1 1 0.0 0.0 0.0
Se 1.065045216561e+01 4.129189796982e+00 2.271046802998e+01 1 1 1 0.0 0.0 0.0
Se 1.477610500022e+01 4.911877855266e+00 2.271046802998e+01 1 1 1 0.0 0.0 0.0
Se 1.890175783483e+01 5.694565913551e+00 2.271046802998e+01 1 1 1 0.0 0.0 0.0
Se 7.587022889970e+00 4.013284047807e+01 2.271046802998e+01 1 1 1 0.0 0.0 0.0
Se 1.171267572458e+01 4.091552853636e+01 2.271046802998e+01 1 1 1 0.0 0.0 0.0
Se 9.306533959324e+00 2.157495055584e-01 2.271046802998e+01 1 1 1 0.0 0.0 0.0
Se 1.343218679394e+01 9.984375638430e-01 2.271046802998e+01 1 1 1 0.0 0.0 0.0
Se 1.755783962855e+01 1.781125622128e+00 2.271046802998e+01 1 1 1 0.0 0.0 0.0
"