calculation_mode = "Quench Electrons"
cell_relax = "False"
charge_density_mixing = "0.1"
charge_mixing_type = "Broyden"
description = "Example parameters for high-throughput bulk relaxation of a vdW material"
dos_broading = "0.05"
dos_method = "Gaussian"
energy_convergence_criterion = "1e-10"
energy_output_units = "Hartrees"
kohn_sham_mucycles = "3"
kohn_sham_solver = "davidson"
kpoint_mesh = "1 1 1"
localize_projectors = "False"
max_md_steps = "100"
max_scf_steps = "200"
non_local_block_size = "4000"
potential_acceleration_constant_step = "1.5"
processor_grid = "7 7 16"
rms_convergence_criterion = "1e-08"
scalapack_block_factor = "64"
start_mode = "LCAO Start"
state_block_size = "64"
stress = "True"
subdiag_driver = "scalapack"
use_async_allreduce = "False"
vdw_corr = "DFT-D3"
vdwdf_kernel_filepath = "/lustre/orion/world-shared/cph162/rjmorelock/rmgdft/XC/vdW_kernel_table"
wavefunction_grid = "164 164 378"
write_data_period = "50"

atomic_coordinate_type = "Absolute"
crds_units = "Angstrom"
lattice_units = "Angstrom"

lattice_vector = "
1.928434596679e+01 0.000000000000e+00 1.200000000000e-15
9.642172982676e+00 1.670073350340e+01 1.200000000000e-15
0.000000000000e+00 0.000000000000e+00 4.446241589303e+01
"
atoms = "
Nb 1.079674340961e+01 1.508943681181e+01 1.532833092694e+01 1 1 1 0.0 0.0 0.0
Nb 3.331835294033e+00 1.082370002506e+00 1.532833092694e+01 1 1 1 0.0 0.0 0.0
Nb 5.509100161135e+00 3.776036696603e+00 1.532833092694e+01 1 1 1 0.0 0.0 0.0
Nb 7.686365028237e+00 6.469703390699e+00 1.532833092694e+01 1 1 1 0.0 0.0 0.0
Nb 9.863629895340e+00 9.163370084796e+00 1.532833092694e+01 1 1 1 0.0 0.0 0.0
Nb 1.204089476244e+01 1.185703677889e+01 1.532833092694e+01 1 1 1 0.0 0.0 0.0
Nb 1.421815962954e+01 1.455070347299e+01 1.532833092694e+01 1 1 1 0.0 0.0 0.0
Nb 6.753251513970e+00 5.436366636869e-01 1.532833092694e+01 1 1 1 0.0 0.0 0.0
Nb 8.930516381072e+00 3.237303357783e+00 1.532833092694e+01 1 1 1 0.0 0.0 0.0
Nb 1.110778124817e+01 5.930970051880e+00 1.532833092694e+01 1 1 1 0.0 0.0 0.0
Nb 1.328504611528e+01 8.624636745976e+00 1.532833092694e+01 1 1 1 0.0 0.0 0.0
Nb 1.546231098238e+01 1.131830344007e+01 1.532833092694e+01 1 1 1 0.0 0.0 0.0
Nb 1.763957584948e+01 1.401197013417e+01 1.532833092694e+01 1 1 1 0.0 0.0 0.0
Nb 1.017466773391e+01 4.903324867598e-03 1.532833092694e+01 1 1 1 0.0 0.0 0.0
Nb 1.235193260101e+01 2.698570018964e+00 1.532833092694e+01 1 1 1 0.0 0.0 0.0
Nb 1.452919746811e+01 5.392236713060e+00 1.532833092694e+01 1 1 1 0.0 0.0 0.0
Nb 1.670646233521e+01 8.085903407157e+00 1.532833092694e+01 1 1 1 0.0 0.0 0.0
Nb 1.888372720232e+01 1.077957010125e+01 1.532833092694e+01 1 1 1 0.0 0.0 0.0
Nb 2.106099206942e+01 1.347323679535e+01 1.532833092694e+01 1 1 1 0.0 0.0 0.0
Nb 2.323825693652e+01 1.616690348945e+01 1.532833092694e+01 1 1 1 0.0 0.0 0.0
Nb 1.577334882095e+01 2.159836680145e+00 1.532833092694e+01 1 1 1 0.0 0.0 0.0
Nb 1.795061368805e+01 4.853503374241e+00 1.532833092694e+01 1 1 1 0.0 0.0 0.0
Nb 2.012787855515e+01 7.547170068338e+00 1.532833092694e+01 1 1 1 0.0 0.0 0.0
Nb 2.230514342225e+01 1.024083676243e+01 1.532833092694e+01 1 1 1 0.0 0.0 0.0
Nb 2.448240828935e+01 1.293450345653e+01 1.532833092694e+01 1 1 1 0.0 0.0 0.0
Nb 2.665967315646e+01 1.562817015063e+01 1.532833092694e+01 1 1 1 0.0 0.0 0.0
Nb 1.919476504088e+01 1.621103341325e+00 1.532833092694e+01 1 1 1 0.0 0.0 0.0
Nb 2.137202990798e+01 4.314770035422e+00 1.532833092694e+01 1 1 1 0.0 0.0 0.0
Nb 4.264948808301e+00 7.008436729518e+00 1.532833092694e+01 1 1 1 0.0 0.0 0.0
Nb 6.442213675403e+00 9.702103423615e+00 1.532833092694e+01 1 1 1 0.0 0.0 0.0
Nb 8.619478542505e+00 1.239577011771e+01 1.532833092694e+01 1 1 1 0.0 0.0 0.0
Nb 1.080494873976e+01 1.508406827712e+01 9.182088683320e+00 1 1 1 0.0 0.0 0.0
Nb 3.340040624191e+00 1.077001467814e+00 9.182088683320e+00 1 1 1 0.0 0.0 0.0
Nb 5.517305491293e+00 3.770668161911e+00 9.182088683320e+00 1 1 1 0.0 0.0 0.0
Nb 7.694570358395e+00 6.464334856007e+00 9.182088683320e+00 1 1 1 0.0 0.0 0.0
Nb 9.871835225497e+00 9.158001550103e+00 9.182088683320e+00 1 1 1 0.0 0.0 0.0
Nb 1.204910009260e+01 1.185166824420e+01 9.182088683320e+00 1 1 1 0.0 0.0 0.0
Nb 1.422636495970e+01 1.454533493830e+01 9.182088683320e+00 1 1 1 0.0 0.0 0.0
Nb 6.761456844127e+00 5.382681289948e-01 9.182088683320e+00 1 1 1 0.0 0.0 0.0
Nb 8.938721711230e+00 3.231934823091e+00 9.182088683320e+00 1 1 1 0.0 0.0 0.0
Nb 1.111598657833e+01 5.925601517188e+00 9.182088683320e+00 1 1 1 0.0 0.0 0.0
Nb 1.329325144543e+01 8.619268211284e+00 9.182088683320e+00 1 1 1 0.0 0.0 0.0
Nb 1.547051631254e+01 1.131293490538e+01 9.182088683320e+00 1 1 1 0.0 0.0 0.0
Nb 1.764778117964e+01 1.400660159948e+01 9.182088683320e+00 1 1 1 0.0 0.0 0.0
Nb 1.982504604674e+01 1.670026829357e+01 9.182088683320e+00 1 1 1 0.0 0.0 0.0
Nb 1.236013793117e+01 2.693201484272e+00 9.182088683320e+00 1 1 1 0.0 0.0 0.0
Nb 1.453740279827e+01 5.386868178368e+00 9.182088683320e+00 1 1 1 0.0 0.0 0.0
Nb 1.671466766537e+01 8.080534872465e+00 9.182088683320e+00 1 1 1 0.0 0.0 0.0
Nb 1.889193253247e+01 1.077420156656e+01 9.182088683320e+00 1 1 1 0.0 0.0 0.0
Nb 2.106919739958e+01 1.346786826066e+01 9.182088683320e+00 1 1 1 0.0 0.0 0.0
Nb 2.324646226668e+01 1.616153495475e+01 9.182088683320e+00 1 1 1 0.0 0.0 0.0
Nb 1.578155415110e+01 2.154468145453e+00 9.182088683320e+00 1 1 1 0.0 0.0 0.0
Nb 1.795881901821e+01 4.848134839549e+00 9.182088683320e+00 1 1 1 0.0 0.0 0.0
Nb 2.013608388531e+01 7.541801533646e+00 9.182088683320e+00 1 1 1 0.0 0.0 0.0
Nb 2.231334875241e+01 1.023546822774e+01 9.182088683320e+00 1 1 1 0.0 0.0 0.0
Nb 2.449061361951e+01 1.292913492184e+01 9.182088683320e+00 1 1 1 0.0 0.0 0.0
Nb 2.666787848661e+01 1.562280161593e+01 9.182088683320e+00 1 1 1 0.0 0.0 0.0
Nb 1.920297037104e+01 1.615734806633e+00 9.182088683320e+00 1 1 1 0.0 0.0 0.0
Nb 2.138023523814e+01 4.309401500730e+00 9.182088683320e+00 1 1 1 0.0 0.0 0.0
Nb 4.273154138458e+00 7.003068194826e+00 9.182088683320e+00 1 1 1 0.0 0.0 0.0
Nb 6.450419005560e+00 9.696734888923e+00 9.182088683320e+00 1 1 1 0.0 0.0 0.0
Nb 8.627683872663e+00 1.239040158302e+01 9.182088683320e+00 1 1 1 0.0 0.0 0.0
Bi 1.803717667758e+01 3.917897642254e+00 3.532095071834e+01 1 1 1 0.0 0.0 0.0
Bi 1.941462996075e+01 7.894262762111e+00 3.532095071834e+01 1 1 1 0.0 0.0 0.0
Bi 2.079208324392e+01 1.187062788197e+01 3.532095071834e+01 1 1 1 0.0 0.0 0.0
Bi 2.216953652709e+01 1.584699300182e+01 3.532095071834e+01 1 1 1 0.0 0.0 0.0
Bi 1.390481682759e+01 3.122624618283e+00 3.532095071834e+01 1 1 1 0.0 0.0 0.0
Bi 1.528227011076e+01 7.098989738140e+00 3.532095071834e+01 1 1 1 0.0 0.0 0.0
Bi 1.665972339393e+01 1.107535485800e+01 3.532095071834e+01 1 1 1 0.0 0.0 0.0
Bi 1.803717667710e+01 1.505171997785e+01 3.532095071834e+01 1 1 1 0.0 0.0 0.0
Bi 9.772456977595e+00 2.327351594312e+00 3.532095071834e+01 1 1 1 0.0 0.0 0.0
Bi 1.114991026077e+01 6.303716714168e+00 3.532095071834e+01 1 1 1 0.0 0.0 0.0
Bi 1.252736354394e+01 1.028008183403e+01 3.532095071834e+01 1 1 1 0.0 0.0 0.0
Bi 1.390481682711e+01 1.425644695388e+01 3.532095071834e+01 1 1 1 0.0 0.0 0.0
Bi 5.640097127604e+00 1.532078570340e+00 3.532095071834e+01 1 1 1 0.0 0.0 0.0
Bi 7.017550410775e+00 5.508443690197e+00 3.532095071834e+01 1 1 1 0.0 0.0 0.0
Bi 8.395003693946e+00 9.484808810054e+00 3.532095071834e+01 1 1 1 0.0 0.0 0.0
Bi 9.772456977118e+00 1.346117392991e+01 3.532095071834e+01 1 1 1 0.0 0.0 0.0
Bi 1.507737277612e+00 7.368055463691e-01 3.532095071834e+01 1 1 1 0.0 0.0 0.0
Bi 2.885190560784e+00 4.713170666226e+00 3.532095071834e+01 1 1 1 0.0 0.0 0.0
Bi 2.354698981074e+01 8.689535786082e+00 3.532095071834e+01 1 1 1 0.0 0.0 0.0
Bi 2.492444309391e+01 1.266590090594e+01 3.532095071834e+01 1 1 1 0.0 0.0 0.0
Bi 2.630189637708e+01 1.664226602580e+01 3.532095071834e+01 1 1 1 0.0 0.0 0.0
Bi 1.623660184832e+01 2.325105014331e+00 3.133430771007e+01 1 1 1 0.0 0.0 0.0
Bi 1.761405513149e+01 6.301470134188e+00 3.133430771007e+01 1 1 1 0.0 0.0 0.0
Bi 1.899150841466e+01 1.027783525404e+01 3.133430771007e+01 1 1 1 0.0 0.0 0.0
Bi 2.036896169783e+01 1.425420037390e+01 3.133430771007e+01 1 1 1 0.0 0.0 0.0
Bi 1.210424199833e+01 1.529831990360e+00 3.133430771007e+01 1 1 1 0.0 0.0 0.0
Bi 1.348169528150e+01 5.506197110217e+00 3.133430771007e+01 1 1 1 0.0 0.0 0.0
Bi 1.485914856467e+01 9.482562230073e+00 3.133430771007e+01 1 1 1 0.0 0.0 0.0
Bi 1.623660184784e+01 1.345892734993e+01 3.133430771007e+01 1 1 1 0.0 0.0 0.0
Bi 7.971882148337e+00 7.345589663887e-01 3.133430771007e+01 1 1 1 0.0 0.0 0.0
Bi 9.349335431508e+00 4.710924086245e+00 3.133430771007e+01 1 1 1 0.0 0.0 0.0
Bi 1.072678871468e+01 8.687289206102e+00 3.133430771007e+01 1 1 1 0.0 0.0 0.0
Bi 1.210424199785e+01 1.266365432596e+01 3.133430771007e+01 1 1 1 0.0 0.0 0.0
Bi 1.348169528102e+01 1.664001944582e+01 3.133430771007e+01 1 1 1 0.0 0.0 0.0
Bi 5.216975581516e+00 3.915651062274e+00 3.133430771007e+01 1 1 1 0.0 0.0 0.0
Bi 6.594428864687e+00 7.892016182131e+00 3.133430771007e+01 1 1 1 0.0 0.0 0.0
Bi 7.971882147859e+00 1.186838130199e+01 3.133430771007e+01 1 1 1 0.0 0.0 0.0
Bi 9.349335431030e+00 1.584474642184e+01 3.133430771007e+01 1 1 1 0.0 0.0 0.0
Bi 2.036896169831e+01 3.120378038303e+00 3.133430771007e+01 1 1 1 0.0 0.0 0.0
Bi 2.174641498148e+01 7.096743158159e+00 3.133430771007e+01 1 1 1 0.0 0.0 0.0
Bi 2.312386826465e+01 1.107310827802e+01 3.133430771007e+01 1 1 1 0.0 0.0 0.0
Bi 2.450132154782e+01 1.504947339787e+01 3.133430771007e+01 1 1 1 0.0 0.0 0.0
Bi 1.626671587662e+01 2.263538742558e+00 2.529282906773e+01 1 1 1 0.0 0.0 0.0
Bi 1.764416915979e+01 6.239903862415e+00 2.529282906773e+01 1 1 1 0.0 0.0 0.0
Bi 1.902162244296e+01 1.021626898227e+01 2.529282906773e+01 1 1 1 0.0 0.0 0.0
Bi 2.039907572613e+01 1.419263410213e+01 2.529282906773e+01 1 1 1 0.0 0.0 0.0
Bi 1.213435602663e+01 1.468265718587e+00 2.529282906773e+01 1 1 1 0.0 0.0 0.0
Bi 1.351180930980e+01 5.444630838444e+00 2.529282906773e+01 1 1 1 0.0 0.0 0.0
Bi 1.488926259297e+01 9.420995958300e+00 2.529282906773e+01 1 1 1 0.0 0.0 0.0
Bi 1.626671587614e+01 1.339736107816e+01 2.529282906773e+01 1 1 1 0.0 0.0 0.0
Bi 8.001996176636e+00 6.729926946157e-01 2.529282906773e+01 1 1 1 0.0 0.0 0.0
Bi 9.379449459808e+00 4.649357814472e+00 2.529282906773e+01 1 1 1 0.0 0.0 0.0
Bi 1.075690274298e+01 8.625722934329e+00 2.529282906773e+01 1 1 1 0.0 0.0 0.0
Bi 1.213435602615e+01 1.260208805419e+01 2.529282906773e+01 1 1 1 0.0 0.0 0.0
Bi 1.351180930932e+01 1.657845317404e+01 2.529282906773e+01 1 1 1 0.0 0.0 0.0
Bi 5.247089609816e+00 3.854084790501e+00 2.529282906773e+01 1 1 1 0.0 0.0 0.0
Bi 6.624542892987e+00 7.830449910358e+00 2.529282906773e+01 1 1 1 0.0 0.0 0.0
Bi 8.001996176159e+00 1.180681503021e+01 2.529282906773e+01 1 1 1 0.0 0.0 0.0
Bi 9.379449459330e+00 1.578318015007e+01 2.529282906773e+01 1 1 1 0.0 0.0 0.0
Bi 2.039907572661e+01 3.058811766530e+00 2.529282906773e+01 1 1 1 0.0 0.0 0.0
Bi 2.177652900978e+01 7.035176886386e+00 2.529282906773e+01 1 1 1 0.0 0.0 0.0
Bi 2.315398229295e+01 1.101154200624e+01 2.529282906773e+01 1 1 1 0.0 0.0 0.0
Bi 2.453143557612e+01 1.498790712610e+01 2.529282906773e+01 1 1 1 0.0 0.0 0.0
Bi 1.995739546081e+01 5.457559668267e+00 2.132110864621e+01 1 1 1 0.0 0.0 0.0
Bi 2.133484874398e+01 9.433924788123e+00 2.132110864621e+01 1 1 1 0.0 0.0 0.0
Bi 2.271230202716e+01 1.341028990798e+01 2.132110864621e+01 1 1 1 0.0 0.0 0.0
Bi 1.444758232765e+01 6.859215244388e-01 2.132110864621e+01 1 1 1 0.0 0.0 0.0
Bi 1.582503561082e+01 4.662286644295e+00 2.132110864621e+01 1 1 1 0.0 0.0 0.0
Bi 1.720248889399e+01 8.638651764152e+00 2.132110864621e+01 1 1 1 0.0 0.0 0.0
Bi 1.857994217716e+01 1.261501688401e+01 2.132110864621e+01 1 1 1 0.0 0.0 0.0
Bi 1.995739546034e+01 1.659138200387e+01 2.132110864621e+01 1 1 1 0.0 0.0 0.0
Bi 1.169267576083e+01 3.867013620324e+00 2.132110864621e+01 1 1 1 0.0 0.0 0.0
Bi 1.307012904400e+01 7.843378740181e+00 2.132110864621e+01 1 1 1 0.0 0.0 0.0
Bi 1.444758232717e+01 1.181974386004e+01 2.132110864621e+01 1 1 1 0.0 0.0 0.0
Bi 1.582503561034e+01 1.579610897989e+01 2.132110864621e+01 1 1 1 0.0 0.0 0.0
Bi 7.560315910838e+00 3.071740596353e+00 2.132110864621e+01 1 1 1 0.0 0.0 0.0
Bi 8.937769194010e+00 7.048105716209e+00 2.132110864621e+01 1 1 1 0.0 0.0 0.0
Bi 1.031522247718e+01 1.102447083607e+01 2.132110864621e+01 1 1 1 0.0 0.0 0.0
Bi 1.169267576035e+01 1.500083595592e+01 2.132110864621e+01 1 1 1 0.0 0.0 0.0
Bi 3.427956060847e+00 2.276467572382e+00 2.132110864621e+01 1 1 1 0.0 0.0 0.0
Bi 4.805409344018e+00 6.252832692238e+00 2.132110864621e+01 1 1 1 0.0 0.0 0.0
Bi 6.182862627189e+00 1.022919781209e+01 2.132110864621e+01 1 1 1 0.0 0.0 0.0
Bi 2.684466187715e+01 1.420556293195e+01 2.132110864621e+01 1 1 1 0.0 0.0 0.0
Bi 1.857994217764e+01 1.481194548410e+00 2.132110864621e+01 1 1 1 0.0 0.0 0.0
Se 8.938719504899e+00 1.436519354004e+01 7.500000000000e+00 1 1 1 0.0 0.0 0.0
Se 1.473811389325e+00 3.581267307358e-01 7.500000000000e+00 1 1 1 0.0 0.0 0.0
Se 3.651076256427e+00 3.051793424832e+00 7.500000000000e+00 1 1 1 0.0 0.0 0.0
Se 5.828341123529e+00 5.745460118929e+00 7.500000000000e+00 1 1 1 0.0 0.0 0.0
Se 8.005605990631e+00 8.439126813025e+00 7.500000000000e+00 1 1 1 0.0 0.0 0.0
Se 1.018287085773e+01 1.113279350712e+01 7.500000000000e+00 1 1 1 0.0 0.0 0.0
Se 1.236013572484e+01 1.382646020122e+01 7.500000000000e+00 1 1 1 0.0 0.0 0.0
Se 1.453740059194e+01 1.652012689531e+01 7.500000000000e+00 1 1 1 0.0 0.0 0.0
Se 7.072492476364e+00 2.513060086013e+00 7.500000000000e+00 1 1 1 0.0 0.0 0.0
Se 9.249757343466e+00 5.206726780109e+00 7.500000000000e+00 1 1 1 0.0 0.0 0.0
Se 1.142702221057e+01 7.900393474206e+00 7.500000000000e+00 1 1 1 0.0 0.0 0.0
Se 1.360428707767e+01 1.059406016830e+01 7.500000000000e+00 1 1 1 0.0 0.0 0.0
Se 1.578155194477e+01 1.328772686240e+01 7.500000000000e+00 1 1 1 0.0 0.0 0.0
Se 1.795881681187e+01 1.598139355650e+01 7.500000000000e+00 1 1 1 0.0 0.0 0.0
Se 1.049390869630e+01 1.974326747194e+00 7.500000000000e+00 1 1 1 0.0 0.0 0.0
Se 1.267117356340e+01 4.667993441290e+00 7.500000000000e+00 1 1 1 0.0 0.0 0.0
Se 1.484843843051e+01 7.361660135386e+00 7.500000000000e+00 1 1 1 0.0 0.0 0.0
Se 1.702570329761e+01 1.005532682948e+01 7.500000000000e+00 1 1 1 0.0 0.0 0.0
Se 1.920296816471e+01 1.274899352358e+01 7.500000000000e+00 1 1 1 0.0 0.0 0.0
Se 2.138023303181e+01 1.544266021768e+01 7.500000000000e+00 1 1 1 0.0 0.0 0.0
Se 1.391532491624e+01 1.435593408374e+00 7.500000000000e+00 1 1 1 0.0 0.0 0.0
Se 1.609258978334e+01 4.129260102471e+00 7.500000000000e+00 1 1 1 0.0 0.0 0.0
Se 1.826985465044e+01 6.822926796567e+00 7.500000000000e+00 1 1 1 0.0 0.0 0.0
Se 2.044711951754e+01 9.516593490664e+00 7.500000000000e+00 1 1 1 0.0 0.0 0.0
Se 2.262438438465e+01 1.221026018476e+01 7.500000000000e+00 1 1 1 0.0 0.0 0.0
Se 2.480164925175e+01 1.490392687886e+01 7.500000000000e+00 1 1 1 0.0 0.0 0.0
Se 1.733674113617e+01 8.968600695550e-01 7.500000000000e+00 1 1 1 0.0 0.0 0.0
Se 1.951400600328e+01 3.590526763651e+00 7.500000000000e+00 1 1 1 0.0 0.0 0.0
Se 2.169127087038e+01 6.284193457748e+00 7.500000000000e+00 1 1 1 0.0 0.0 0.0
Se 2.386853573748e+01 8.977860151844e+00 7.500000000000e+00 1 1 1 0.0 0.0 0.0
Se 6.761454637797e+00 1.167152684594e+01 7.500000000000e+00 1 1 1 0.0 0.0 0.0
Se 2.852582187660e+01 1.634620330519e+01 1.364602824434e+01 1 1 1 0.0 0.0 0.0
Se 1.776567794236e+00 2.339136495891e+00 1.364602824434e+01 1 1 1 0.0 0.0 0.0
Se 3.953832661338e+00 5.032803189988e+00 1.364602824434e+01 1 1 1 0.0 0.0 0.0
Se 6.131097528440e+00 7.726469884084e+00 1.364602824434e+01 1 1 1 0.0 0.0 0.0
Se 8.308362395542e+00 1.042013657818e+01 1.364602824434e+01 1 1 1 0.0 0.0 0.0
Se 1.048562726264e+01 1.311380327228e+01 1.364602824434e+01 1 1 1 0.0 0.0 0.0
Se 1.266289212975e+01 1.580746996637e+01 1.364602824434e+01 1 1 1 0.0 0.0 0.0
Se 5.197984014173e+00 1.800403157072e+00 1.364602824434e+01 1 1 1 0.0 0.0 0.0
Se 7.375248881275e+00 4.494069851168e+00 1.364602824434e+01 1 1 1 0.0 0.0 0.0
Se 9.552513748377e+00 7.187736545265e+00 1.364602824434e+01 1 1 1 0.0 0.0 0.0
Se 1.172977861548e+01 9.881403239361e+00 1.364602824434e+01 1 1 1 0.0 0.0 0.0
Se 1.390704348258e+01 1.257506993346e+01 1.364602824434e+01 1 1 1 0.0 0.0 0.0
Se 1.608430834968e+01 1.526873662755e+01 1.364602824434e+01 1 1 1 0.0 0.0 0.0
Se 8.619400234109e+00 1.261669818253e+00 1.364602824434e+01 1 1 1 0.0 0.0 0.0
Se 1.079666510121e+01 3.955336512349e+00 1.364602824434e+01 1 1 1 0.0 0.0 0.0
Se 1.297392996831e+01 6.649003206445e+00 1.364602824434e+01 1 1 1 0.0 0.0 0.0
Se 1.515119483542e+01 9.342669900542e+00 1.364602824434e+01 1 1 1 0.0 0.0 0.0
Se 1.732845970252e+01 1.203633659464e+01 1.364602824434e+01 1 1 1 0.0 0.0 0.0
Se 1.950572456962e+01 1.473000328873e+01 1.364602824434e+01 1 1 1 0.0 0.0 0.0
Se 1.204081645405e+01 7.229364794333e-01 1.364602824434e+01 1 1 1 0.0 0.0 0.0
Se 1.421808132115e+01 3.416603173530e+00 1.364602824434e+01 1 1 1 0.0 0.0 0.0
Se 1.639534618825e+01 6.110269867626e+00 1.364602824434e+01 1 1 1 0.0 0.0 0.0
Se 1.857261105535e+01 8.803936561723e+00 1.364602824434e+01 1 1 1 0.0 0.0 0.0
Se 2.074987592245e+01 1.149760325582e+01 1.364602824434e+01 1 1 1 0.0 0.0 0.0
Se 2.292714078956e+01 1.419126994992e+01 1.364602824434e+01 1 1 1 0.0 0.0 0.0
Se 1.546223267398e+01 1.842031406140e-01 1.364602824434e+01 1 1 1 0.0 0.0 0.0
Se 1.763949754109e+01 2.877869834710e+00 1.364602824434e+01 1 1 1 0.0 0.0 0.0
Se 1.981676240819e+01 5.571536528807e+00 1.364602824434e+01 1 1 1 0.0 0.0 0.0
Se 2.199402727529e+01 8.265203222903e+00 1.364602824434e+01 1 1 1 0.0 0.0 0.0
Se 2.417129214239e+01 1.095886991700e+01 1.364602824434e+01 1 1 1 0.0 0.0 0.0
Se 2.634855700949e+01 1.365253661110e+01 1.364602824434e+01 1 1 1 0.0 0.0 0.0
Se 8.938110603505e+00 1.436608091397e+01 1.086443756309e+01 1 1 1 0.0 0.0 0.0
Se 1.473202487930e+00 3.590141046694e-01 1.086443756309e+01 1 1 1 0.0 0.0 0.0
Se 3.650467355032e+00 3.052680798766e+00 1.086443756309e+01 1 1 1 0.0 0.0 0.0
Se 5.827732222135e+00 5.746347492862e+00 1.086443756309e+01 1 1 1 0.0 0.0 0.0
Se 8.004997089237e+00 8.440014186959e+00 1.086443756309e+01 1 1 1 0.0 0.0 0.0
Se 1.018226195634e+01 1.113368088106e+01 1.086443756309e+01 1 1 1 0.0 0.0 0.0
Se 1.235952682344e+01 1.382734757515e+01 1.086443756309e+01 1 1 1 0.0 0.0 0.0
Se 1.453679169054e+01 1.652101426925e+01 1.086443756309e+01 1 1 1 0.0 0.0 0.0
Se 7.071883574969e+00 2.513947459947e+00 1.086443756309e+01 1 1 1 0.0 0.0 0.0
Se 9.249148442071e+00 5.207614154043e+00 1.086443756309e+01 1 1 1 0.0 0.0 0.0
Se 1.142641330917e+01 7.901280848139e+00 1.086443756309e+01 1 1 1 0.0 0.0 0.0
Se 1.360367817628e+01 1.059494754224e+01 1.086443756309e+01 1 1 1 0.0 0.0 0.0
Se 1.578094304338e+01 1.328861423633e+01 1.086443756309e+01 1 1 1 0.0 0.0 0.0
Se 1.795820791048e+01 1.598228093043e+01 1.086443756309e+01 1 1 1 0.0 0.0 0.0
Se 1.049329979491e+01 1.975214121127e+00 1.086443756309e+01 1 1 1 0.0 0.0 0.0
Se 1.267056466201e+01 4.668880815224e+00 1.086443756309e+01 1 1 1 0.0 0.0 0.0
Se 1.484782952911e+01 7.362547509320e+00 1.086443756309e+01 1 1 1 0.0 0.0 0.0
Se 1.702509439621e+01 1.005621420342e+01 1.086443756309e+01 1 1 1 0.0 0.0 0.0
Se 1.920235926331e+01 1.274988089751e+01 1.086443756309e+01 1 1 1 0.0 0.0 0.0
Se 2.137962413042e+01 1.544354759161e+01 1.086443756309e+01 1 1 1 0.0 0.0 0.0
Se 1.391471601484e+01 1.436480782308e+00 1.086443756309e+01 1 1 1 0.0 0.0 0.0
Se 1.609198088195e+01 4.130147476404e+00 1.086443756309e+01 1 1 1 0.0 0.0 0.0
Se 1.826924574905e+01 6.823814170501e+00 1.086443756309e+01 1 1 1 0.0 0.0 0.0
Se 2.044651061615e+01 9.517480864597e+00 1.086443756309e+01 1 1 1 0.0 0.0 0.0
Se 2.262377548325e+01 1.221114755869e+01 1.086443756309e+01 1 1 1 0.0 0.0 0.0
Se 2.480104035035e+01 1.490481425279e+01 1.086443756309e+01 1 1 1 0.0 0.0 0.0
Se 1.733613223478e+01 8.977474434887e-01 1.086443756309e+01 1 1 1 0.0 0.0 0.0
Se 1.951339710188e+01 3.591414137585e+00 1.086443756309e+01 1 1 1 0.0 0.0 0.0
Se 2.169066196898e+01 6.285080831682e+00 1.086443756309e+01 1 1 1 0.0 0.0 0.0
Se 2.386792683609e+01 8.978747525778e+00 1.086443756309e+01 1 1 1 0.0 0.0 0.0
Se 6.760845736402e+00 1.167241421987e+01 1.086443756309e+01 1 1 1 0.0 0.0 0.0
Se 2.852537974871e+01 1.634716445296e+01 1.701046802998e+01 1 1 1 0.0 0.0 0.0
Se 1.776125666352e+00 2.340097643656e+00 1.701046802998e+01 1 1 1 0.0 0.0 0.0
Se 3.953390533454e+00 5.033764337752e+00 1.701046802998e+01 1 1 1 0.0 0.0 0.0
Se 6.130655400556e+00 7.727431031848e+00 1.701046802998e+01 1 1 1 0.0 0.0 0.0
Se 8.307920267658e+00 1.042109772594e+01 1.701046802998e+01 1 1 1 0.0 0.0 0.0
Se 1.048518513476e+01 1.311476442004e+01 1.701046802998e+01 1 1 1 0.0 0.0 0.0
Se 1.266245000186e+01 1.580843111414e+01 1.701046802998e+01 1 1 1 0.0 0.0 0.0
Se 5.197541886288e+00 1.801364304836e+00 1.701046802998e+01 1 1 1 0.0 0.0 0.0
Se 7.374806753391e+00 4.495030998933e+00 1.701046802998e+01 1 1 1 0.0 0.0 0.0
Se 9.552071620493e+00 7.188697693029e+00 1.701046802998e+01 1 1 1 0.0 0.0 0.0
Se 1.172933648760e+01 9.882364387126e+00 1.701046802998e+01 1 1 1 0.0 0.0 0.0
Se 1.390660135470e+01 1.257603108122e+01 1.701046802998e+01 1 1 1 0.0 0.0 0.0
Se 1.608386622180e+01 1.526969777532e+01 1.701046802998e+01 1 1 1 0.0 0.0 0.0
Se 8.618958106225e+00 1.262630966017e+00 1.701046802998e+01 1 1 1 0.0 0.0 0.0
Se 1.079622297333e+01 3.956297660113e+00 1.701046802998e+01 1 1 1 0.0 0.0 0.0
Se 1.297348784043e+01 6.649964354210e+00 1.701046802998e+01 1 1 1 0.0 0.0 0.0
Se 1.515075270753e+01 9.343631048306e+00 1.701046802998e+01 1 1 1 0.0 0.0 0.0
Se 1.732801757463e+01 1.203729774240e+01 1.701046802998e+01 1 1 1 0.0 0.0 0.0
Se 1.950528244174e+01 1.473096443650e+01 1.701046802998e+01 1 1 1 0.0 0.0 0.0
Se 1.204037432616e+01 7.238976271977e-01 1.701046802998e+01 1 1 1 0.0 0.0 0.0
Se 1.421763919326e+01 3.417564321294e+00 1.701046802998e+01 1 1 1 0.0 0.0 0.0
Se 1.639490406037e+01 6.111231015391e+00 1.701046802998e+01 1 1 1 0.0 0.0 0.0
Se 1.857216892747e+01 8.804897709487e+00 1.701046802998e+01 1 1 1 0.0 0.0 0.0
Se 2.074943379457e+01 1.149856440358e+01 1.701046802998e+01 1 1 1 0.0 0.0 0.0
Se 2.292669866167e+01 1.419223109768e+01 1.701046802998e+01 1 1 1 0.0 0.0 0.0
Se 1.546179054610e+01 1.851642883784e-01 1.701046802998e+01 1 1 1 0.0 0.0 0.0
Se 1.763905541320e+01 2.878830982475e+00 1.701046802998e+01 1 1 1 0.0 0.0 0.0
Se 1.981632028030e+01 5.572497676571e+00 1.701046802998e+01 1 1 1 0.0 0.0 0.0
Se 2.199358514741e+01 8.266164370668e+00 1.701046802998e+01 1 1 1 0.0 0.0 0.0
Se 2.417085001451e+01 1.095983106476e+01 1.701046802998e+01 1 1 1 0.0 0.0 0.0
Se 2.634811488161e+01 1.365349775886e+01 1.701046802998e+01 1 1 1 0.0 0.0 0.0
Se 1.619168012767e+01 2.319000659649e+00 3.696241589303e+01 1 1 1 0.0 0.0 0.0
Se 1.756913341084e+01 6.295365779506e+00 3.696241589303e+01 1 1 1 0.0 0.0 0.0
Se 1.894658669401e+01 1.027173089936e+01 3.696241589303e+01 1 1 1 0.0 0.0 0.0
Se 2.032403997718e+01 1.424809601922e+01 3.696241589303e+01 1 1 1 0.0 0.0 0.0
Se 1.205932027768e+01 1.523727635678e+00 3.696241589303e+01 1 1 1 0.0 0.0 0.0
Se 1.343677356085e+01 5.500092755534e+00 3.696241589303e+01 1 1 1 0.0 0.0 0.0
Se 1.481422684402e+01 9.476457875391e+00 3.696241589303e+01 1 1 1 0.0 0.0 0.0
Se 1.619168012719e+01 1.345282299525e+01 3.696241589303e+01 1 1 1 0.0 0.0 0.0
Se 7.926960427684e+00 7.284546117062e-01 3.696241589303e+01 1 1 1 0.0 0.0 0.0
Se 9.304413710856e+00 4.704819731563e+00 3.696241589303e+01 1 1 1 0.0 0.0 0.0
Se 1.068186699403e+01 8.681184851420e+00 3.696241589303e+01 1 1 1 0.0 0.0 0.0
Se 1.205932027720e+01 1.265754997128e+01 3.696241589303e+01 1 1 1 0.0 0.0 0.0
Se 1.343677356037e+01 1.663391509113e+01 3.696241589303e+01 1 1 1 0.0 0.0 0.0
Se 5.172053860864e+00 3.909546707592e+00 3.696241589303e+01 1 1 1 0.0 0.0 0.0
Se 6.549507144035e+00 7.885911827448e+00 3.696241589303e+01 1 1 1 0.0 0.0 0.0
Se 7.926960427206e+00 1.186227694730e+01 3.696241589303e+01 1 1 1 0.0 0.0 0.0
Se 9.304413710378e+00 1.583864206716e+01 3.696241589303e+01 1 1 1 0.0 0.0 0.0
Se 2.032403997766e+01 3.114273683620e+00 3.696241589303e+01 1 1 1 0.0 0.0 0.0
Se 2.170149326083e+01 7.090638803477e+00 3.696241589303e+01 1 1 1 0.0 0.0 0.0
Se 2.307894654400e+01 1.106700392333e+01 3.696241589303e+01 1 1 1 0.0 0.0 0.0
Se 2.445639982717e+01 1.504336904319e+01 3.696241589303e+01 1 1 1 0.0 0.0 0.0
Se 1.989696228677e+01 5.519948644576e+00 3.332483142763e+01 1 1 1 0.0 0.0 0.0
Se 2.127441556994e+01 9.496313764432e+00 3.332483142763e+01 1 1 1 0.0 0.0 0.0
Se 2.265186885311e+01 1.347267888429e+01 3.332483142763e+01 1 1 1 0.0 0.0 0.0
Se 1.438714915360e+01 7.483105007475e-01 3.332483142763e+01 1 1 1 0.0 0.0 0.0
Se 1.576460243677e+01 4.724675620604e+00 3.332483142763e+01 1 1 1 0.0 0.0 0.0
Se 1.714205571995e+01 8.701040740461e+00 3.332483142763e+01 1 1 1 0.0 0.0 0.0
Se 1.851950900312e+01 1.267740586032e+01 3.332483142763e+01 1 1 1 0.0 0.0 0.0
Se 1.989696228629e+01 1.665377098017e+01 3.332483142763e+01 1 1 1 0.0 0.0 0.0
Se 1.163224258678e+01 3.929402596633e+00 3.332483142763e+01 1 1 1 0.0 0.0 0.0
Se 1.300969586995e+01 7.905767716490e+00 3.332483142763e+01 1 1 1 0.0 0.0 0.0
Se 1.438714915313e+01 1.188213283635e+01 3.332483142763e+01 1 1 1 0.0 0.0 0.0
Se 1.576460243630e+01 1.585849795620e+01 3.332483142763e+01 1 1 1 0.0 0.0 0.0
Se 7.499882736791e+00 3.134129572662e+00 3.332483142763e+01 1 1 1 0.0 0.0 0.0
Se 8.877336019962e+00 7.110494692518e+00 3.332483142763e+01 1 1 1 0.0 0.0 0.0
Se 1.025478930313e+01 1.108685981237e+01 3.332483142763e+01 1 1 1 0.0 0.0 0.0
Se 1.163224258630e+01 1.506322493223e+01 3.332483142763e+01 1 1 1 0.0 0.0 0.0
Se 3.367522886800e+00 2.338856548690e+00 3.332483142763e+01 1 1 1 0.0 0.0 0.0
Se 4.744976169971e+00 6.315221668547e+00 3.332483142763e+01 1 1 1 0.0 0.0 0.0
Se 6.122429453142e+00 1.029158678840e+01 3.332483142763e+01 1 1 1 0.0 0.0 0.0
Se 2.678422870310e+01 1.426795190826e+01 3.332483142763e+01 1 1 1 0.0 0.0 0.0
Se 1.851950900359e+01 1.543583524719e+00 3.332483142763e+01 1 1 1 0.0 0.0 0.0
Se 1.805890938807e+01 3.916354568079e+00 2.969131231352e+01 1 1 1 0.0 0.0 0.0
Se 1.943636267124e+01 7.892719687936e+00 2.969131231352e+01 1 1 1 0.0 0.0 0.0
Se 2.081381595441e+01 1.186908480779e+01 2.969131231352e+01 1 1 1 0.0 0.0 0.0
Se 2.219126923758e+01 1.584544992765e+01 2.969131231352e+01 1 1 1 0.0 0.0 0.0
Se 1.392654953808e+01 3.121081544108e+00 2.969131231352e+01 1 1 1 0.0 0.0 0.0
Se 1.530400282125e+01 7.097446663965e+00 2.969131231352e+01 1 1 1 0.0 0.0 0.0
Se 1.668145610442e+01 1.107381178382e+01 2.969131231352e+01 1 1 1 0.0 0.0 0.0
Se 1.805890938759e+01 1.505017690368e+01 2.969131231352e+01 1 1 1 0.0 0.0 0.0
Se 9.794189688088e+00 2.325808520137e+00 2.969131231352e+01 1 1 1 0.0 0.0 0.0
Se 1.117164297126e+01 6.302173639993e+00 2.969131231352e+01 1 1 1 0.0 0.0 0.0
Se 1.254909625443e+01 1.027853875985e+01 2.969131231352e+01 1 1 1 0.0 0.0 0.0
Se 1.392654953760e+01 1.425490387971e+01 2.969131231352e+01 1 1 1 0.0 0.0 0.0
Se 5.661829838097e+00 1.530535496165e+00 2.969131231352e+01 1 1 1 0.0 0.0 0.0
Se 7.039283121268e+00 5.506900616022e+00 2.969131231352e+01 1 1 1 0.0 0.0 0.0
Se 8.416736404439e+00 9.483265735878e+00 2.969131231352e+01 1 1 1 0.0 0.0 0.0
Se 9.794189687610e+00 1.345963085574e+01 2.969131231352e+01 1 1 1 0.0 0.0 0.0
Se 1.529469988105e+00 7.352624721939e-01 2.969131231352e+01 1 1 1 0.0 0.0 0.0
Se 2.906923271276e+00 4.711627592051e+00 2.969131231352e+01 1 1 1 0.0 0.0 0.0
Se 2.356872252123e+01 8.687992711907e+00 2.969131231352e+01 1 1 1 0.0 0.0 0.0
Se 2.494617580441e+01 1.266435783176e+01 2.969131231352e+01 1 1 1 0.0 0.0 0.0
Se 2.632362908758e+01 1.664072295162e+01 2.969131231352e+01 1 1 1 0.0 0.0 0.0
Se 1.995572711241e+01 5.461411933192e+00 2.692457590224e+01 1 1 1 0.0 0.0 0.0
Se 2.133318039558e+01 9.437777053049e+00 2.692457590224e+01 1 1 1 0.0 0.0 0.0
Se 2.271063367875e+01 1.341414217291e+01 2.692457590224e+01 1 1 1 0.0 0.0 0.0
Se 1.444591397924e+01 6.897737893641e-01 2.692457590224e+01 1 1 1 0.0 0.0 0.0
Se 1.582336726242e+01 4.666138909221e+00 2.692457590224e+01 1 1 1 0.0 0.0 0.0
Se 1.720082054559e+01 8.642504029077e+00 2.692457590224e+01 1 1 1 0.0 0.0 0.0
Se 1.857827382876e+01 1.261886914893e+01 2.692457590224e+01 1 1 1 0.0 0.0 0.0
Se 1.995572711193e+01 1.659523426879e+01 2.692457590224e+01 1 1 1 0.0 0.0 0.0
Se 1.169100741242e+01 3.870865885249e+00 2.692457590224e+01 1 1 1 0.0 0.0 0.0
Se 1.306846069560e+01 7.847231005106e+00 2.692457590224e+01 1 1 1 0.0 0.0 0.0
Se 1.444591397877e+01 1.182359612496e+01 2.692457590224e+01 1 1 1 0.0 0.0 0.0
Se 1.582336726194e+01 1.579996124482e+01 2.692457590224e+01 1 1 1 0.0 0.0 0.0
Se 7.558647562433e+00 3.075592861278e+00 2.692457590224e+01 1 1 1 0.0 0.0 0.0
Se 8.936100845604e+00 7.051957981135e+00 2.692457590224e+01 1 1 1 0.0 0.0 0.0
Se 1.031355412878e+01 1.102832310099e+01 2.692457590224e+01 1 1 1 0.0 0.0 0.0
Se 1.169100741195e+01 1.500468822085e+01 2.692457590224e+01 1 1 1 0.0 0.0 0.0
Se 3.426287712441e+00 2.280319837307e+00 2.692457590224e+01 1 1 1 0.0 0.0 0.0
Se 4.803740995613e+00 6.256684957163e+00 2.692457590224e+01 1 1 1 0.0 0.0 0.0
Se 6.181194278784e+00 1.023305007702e+01 2.692457590224e+01 1 1 1 0.0 0.0 0.0
Se 2.684299352874e+01 1.420941519688e+01 2.692457590224e+01 1 1 1 0.0 0.0 0.0
Se 1.857827382924e+01 1.485046813335e+00 2.692457590224e+01 1 1 1 0.0 0.0 0.0
Se 1.811130598858e+01 3.852537319223e+00 2.330671355540e+01 1 1 1 0.0 0.0 0.0
Se 1.948875927175e+01 7.828902439080e+00 2.330671355540e+01 1 1 1 0.0 0.0 0.0
Se 2.086621255492e+01 1.180526755894e+01 2.330671355540e+01 1 1 1 0.0 0.0 0.0
Se 2.224366583809e+01 1.578163267879e+01 2.330671355540e+01 1 1 1 0.0 0.0 0.0
Se 1.397894613859e+01 3.057264295252e+00 2.330671355540e+01 1 1 1 0.0 0.0 0.0
Se 1.535639942176e+01 7.033629415109e+00 2.330671355540e+01 1 1 1 0.0 0.0 0.0
Se 1.673385270493e+01 1.100999453497e+01 2.330671355540e+01 1 1 1 0.0 0.0 0.0
Se 1.811130598810e+01 1.498635965482e+01 2.330671355540e+01 1 1 1 0.0 0.0 0.0
Se 9.846586288595e+00 2.261991271281e+00 2.330671355540e+01 1 1 1 0.0 0.0 0.0
Se 1.122403957177e+01 6.238356391137e+00 2.330671355540e+01 1 1 1 0.0 0.0 0.0
Se 1.260149285494e+01 1.021472151099e+01 2.330671355540e+01 1 1 1 0.0 0.0 0.0
Se 1.397894613811e+01 1.419108663085e+01 2.330671355540e+01 1 1 1 0.0 0.0 0.0
Se 5.714226438604e+00 1.466718247309e+00 2.330671355540e+01 1 1 1 0.0 0.0 0.0
Se 7.091679721775e+00 5.443083367166e+00 2.330671355540e+01 1 1 1 0.0 0.0 0.0
Se 8.469133004946e+00 9.419448487023e+00 2.330671355540e+01 1 1 1 0.0 0.0 0.0
Se 9.846586288117e+00 1.339581360688e+01 2.330671355540e+01 1 1 1 0.0 0.0 0.0
Se 1.581866588612e+00 6.714452233380e-01 2.330671355540e+01 1 1 1 0.0 0.0 0.0
Se 2.959319871783e+00 4.647810343195e+00 2.330671355540e+01 1 1 1 0.0 0.0 0.0
Se 2.362111912174e+01 8.624175463051e+00 2.330671355540e+01 1 1 1 0.0 0.0 0.0
Se 2.499857240491e+01 1.260054058291e+01 2.330671355540e+01 1 1 1 0.0 0.0 0.0
Se 2.637602568808e+01 1.657690570276e+01 2.330671355540e+01 1 1 1 0.0 0.0 0.0
Se 1.626120584508e+01 2.258050865385e+00 1.968357859229e+01 1 1 1 0.0 0.0 0.0
Se 1.763865912825e+01 6.234415985242e+00 1.968357859229e+01 1 1 1 0.0 0.0 0.0
Se 1.901611241142e+01 1.021078110510e+01 1.968357859229e+01 1 1 1 0.0 0.0 0.0
Se 2.039356569459e+01 1.418714622496e+01 1.968357859229e+01 1 1 1 0.0 0.0 0.0
Se 1.212884599509e+01 1.462777841414e+00 1.968357859229e+01 1 1 1 0.0 0.0 0.0
Se 1.350629927826e+01 5.439142961270e+00 1.968357859229e+01 1 1 1 0.0 0.0 0.0
Se 1.488375256143e+01 9.415508081127e+00 1.968357859229e+01 1 1 1 0.0 0.0 0.0
Se 1.626120584460e+01 1.339187320098e+01 1.968357859229e+01 1 1 1 0.0 0.0 0.0
Se 7.996486145096e+00 6.675048174424e-01 1.968357859229e+01 1 1 1 0.0 0.0 0.0
Se 9.373939428267e+00 4.643869937299e+00 1.968357859229e+01 1 1 1 0.0 0.0 0.0
Se 1.075139271144e+01 8.620235057156e+00 1.968357859229e+01 1 1 1 0.0 0.0 0.0
Se 1.212884599461e+01 1.259660017701e+01 1.968357859229e+01 1 1 1 0.0 0.0 0.0
Se 1.350629927778e+01 1.657296529687e+01 1.968357859229e+01 1 1 1 0.0 0.0 0.0
Se 5.241579578275e+00 3.848596913328e+00 1.968357859229e+01 1 1 1 0.0 0.0 0.0
Se 6.619032861447e+00 7.824962033184e+00 1.968357859229e+01 1 1 1 0.0 0.0 0.0
Se 7.996486144618e+00 1.180132715304e+01 1.968357859229e+01 1 1 1 0.0 0.0 0.0
Se 9.373939427789e+00 1.577769227290e+01 1.968357859229e+01 1 1 1 0.0 0.0 0.0
Se 2.039356569507e+01 3.053323889356e+00 1.968357859229e+01 1 1 1 0.0 0.0 0.0
Se 2.177101897824e+01 7.029689009213e+00 1.968357859229e+01 1 1 1 0.0 0.0 0.0
Se 2.314847226141e+01 1.100605412907e+01 1.968357859229e+01 1 1 1 0.0 0.0 0.0
Se 2.452592554458e+01 1.498241924893e+01 1.968357859229e+01 1 1 1 0.0 0.0 0.0
"