calculation_mode = "Quench Electrons"
cell_relax = "False"
charge_density_mixing = "0.1"
charge_mixing_type = "Broyden"
description = "Example parameters for high-throughput bulk relaxation of a vdW material"
dipole_moment = "True"
dos_broading = "0.05"
dos_method = "Gaussian"
energy_convergence_criterion = "1e-10"
energy_output_units = "Hartrees"
kohn_sham_mucycles = "3"
kohn_sham_solver = "davidson"
kpoint_distribution = "1"
kpoint_mesh = "1 1 1"
localize_projectors = "False"
max_md_steps = "100"
max_scf_steps = "200"
non_local_block_size = "4000"
output_wave_function_file = "/dev/null"
potential_acceleration_constant_step = "1.5"
processor_grid = "6 6 16"
rms_convergence_criterion = "1e-08"
start_mode = "LCAO Start"
stress = "True"
subdiag_driver = "scalapack"
use_async_allreduce = "False"
vdw_corr = "DFT-D3"
vdwdf_kernel_filepath = "/lustre/orion/world-shared/cph162/rjmorelock/rmgdft/XC/vdW_kernel_table"
wavefunction_grid = "180 180 426"
write_data_period = "50"

atomic_coordinate_type = "Absolute"
crds_units = "Angstrom"
lattice_units = "Angstrom"

lattice_vector = "
2.106807857212e+01 0.000000000000e+00 1.300000000000e-15
1.053403928587e+01 1.824549125354e+01 1.300000000000e-15
0.000000000000e+00 0.000000000000e+00 4.998930533072e+01
"
atoms = "
Nb 8.983175485647e+00 1.048625049959e+01 1.782833092694e+01 1 1 1 0.0 0.0 0.0
Nb 1.183021313051e+01 1.245873604051e+01 1.782833092694e+01 1 1 1 0.0 0.0 0.0
Nb 1.467725077537e+01 1.443122158143e+01 1.782833092694e+01 1 1 1 0.0 0.0 0.0
Nb 6.420841605311e+00 5.061915262051e+00 1.782833092694e+01 1 1 1 0.0 0.0 0.0
Nb 9.267879250171e+00 7.034400802974e+00 1.782833092694e+01 1 1 1 0.0 0.0 0.0
Nb 1.211491689503e+01 9.006886343896e+00 1.782833092694e+01 1 1 1 0.0 0.0 0.0
Nb 1.496195453989e+01 1.097937188482e+01 1.782833092694e+01 1 1 1 0.0 0.0 0.0
Nb 1.780899218475e+01 1.295185742574e+01 1.782833092694e+01 1 1 1 0.0 0.0 0.0
Nb 2.065602982961e+01 1.492434296666e+01 1.782833092694e+01 1 1 1 0.0 0.0 0.0
Nb 1.154550936598e+01 1.591058573713e+01 1.782833092694e+01 1 1 1 0.0 0.0 0.0
Nb 1.439254701084e+01 1.788307127805e+01 1.782833092694e+01 1 1 1 0.0 0.0 0.0
Nb 6.705545369835e+00 1.610065565436e+00 1.782833092694e+01 1 1 1 0.0 0.0 0.0
Nb 9.552583014696e+00 3.582551106359e+00 1.782833092694e+01 1 1 1 0.0 0.0 0.0
Nb 1.239962065956e+01 5.555036647281e+00 1.782833092694e+01 1 1 1 0.0 0.0 0.0
Nb 1.524665830442e+01 7.527522188204e+00 1.782833092694e+01 1 1 1 0.0 0.0 0.0
Nb 1.809369594928e+01 9.500007729127e+00 1.782833092694e+01 1 1 1 0.0 0.0 0.0
Nb 2.094073359414e+01 1.147249327005e+01 1.782833092694e+01 1 1 1 0.0 0.0 0.0
Nb 2.378777123900e+01 1.344497881097e+01 1.782833092694e+01 1 1 1 0.0 0.0 0.0
Nb 2.663480888386e+01 1.541746435190e+01 1.782833092694e+01 1 1 1 0.0 0.0 0.0
Nb 1.752428842023e+01 1.640370712236e+01 1.782833092694e+01 1 1 1 0.0 0.0 0.0
Nb 9.837286779220e+00 1.307014097440e-01 1.782833092694e+01 1 1 1 0.0 0.0 0.0
Nb 1.268432442408e+01 2.103186950667e+00 1.782833092694e+01 1 1 1 0.0 0.0 0.0
Nb 1.553136206894e+01 4.075672491589e+00 1.782833092694e+01 1 1 1 0.0 0.0 0.0
Nb 1.837839971380e+01 6.048158032512e+00 1.782833092694e+01 1 1 1 0.0 0.0 0.0
Nb 2.122543735866e+01 8.020643573435e+00 1.782833092694e+01 1 1 1 0.0 0.0 0.0
Nb 2.407247500352e+01 9.993129114358e+00 1.782833092694e+01 1 1 1 0.0 0.0 0.0
Nb 2.691951264838e+01 1.196561465528e+01 1.782833092694e+01 1 1 1 0.0 0.0 0.0
Nb 8.698471721123e+00 1.393810019620e+01 1.782833092694e+01 1 1 1 0.0 0.0 0.0
Nb 2.350306747447e+01 1.689682850759e+01 1.782833092694e+01 1 1 1 0.0 0.0 0.0
Nb 1.581606583347e+01 6.238227949747e-01 1.782833092694e+01 1 1 1 0.0 0.0 0.0
Nb 1.866310347833e+01 2.596308335897e+00 1.782833092694e+01 1 1 1 0.0 0.0 0.0
Nb 2.151014112319e+01 4.568793876820e+00 1.782833092694e+01 1 1 1 0.0 0.0 0.0
Nb 2.435717876805e+01 6.541279417743e+00 1.782833092694e+01 1 1 1 0.0 0.0 0.0
Nb 6.136137840787e+00 8.513764958666e+00 1.782833092694e+01 1 1 1 0.0 0.0 0.0
Nb 2.948184652872e+01 1.738994989282e+01 1.782833092694e+01 1 1 1 0.0 0.0 0.0
Nb 7.267663155898e-01 1.116944180205e+00 1.782833092694e+01 1 1 1 0.0 0.0 0.0
Nb 3.573803960450e+00 3.089429721128e+00 1.782833092694e+01 1 1 1 0.0 0.0 0.0
Nb 8.989539456368e+00 1.047879070841e+01 1.168208868332e+01 1 1 1 0.0 0.0 0.0
Nb 1.183657710123e+01 1.245127624933e+01 1.168208868332e+01 1 1 1 0.0 0.0 0.0
Nb 1.468361474609e+01 1.442376179026e+01 1.168208868332e+01 1 1 1 0.0 0.0 0.0
Nb 6.427205576032e+00 5.054455470874e+00 1.168208868332e+01 1 1 1 0.0 0.0 0.0
Nb 9.274243220892e+00 7.026941011797e+00 1.168208868332e+01 1 1 1 0.0 0.0 0.0
Nb 1.212128086575e+01 8.999426552720e+00 1.168208868332e+01 1 1 1 0.0 0.0 0.0
Nb 1.496831851061e+01 1.097191209364e+01 1.168208868332e+01 1 1 1 0.0 0.0 0.0
Nb 1.781535615547e+01 1.294439763457e+01 1.168208868332e+01 1 1 1 0.0 0.0 0.0
Nb 2.066239380033e+01 1.491688317549e+01 1.168208868332e+01 1 1 1 0.0 0.0 0.0
Nb 1.155187333670e+01 1.590312594595e+01 1.168208868332e+01 1 1 1 0.0 0.0 0.0
Nb 1.439891098156e+01 1.787561148687e+01 1.168208868332e+01 1 1 1 0.0 0.0 0.0
Nb 6.711909340556e+00 1.602605774259e+00 1.168208868332e+01 1 1 1 0.0 0.0 0.0
Nb 9.558946985417e+00 3.575091315182e+00 1.168208868332e+01 1 1 1 0.0 0.0 0.0
Nb 1.240598463028e+01 5.547576856105e+00 1.168208868332e+01 1 1 1 0.0 0.0 0.0
Nb 1.525302227514e+01 7.520062397028e+00 1.168208868332e+01 1 1 1 0.0 0.0 0.0
Nb 1.810005992000e+01 9.492547937950e+00 1.168208868332e+01 1 1 1 0.0 0.0 0.0
Nb 2.094709756486e+01 1.146503347887e+01 1.168208868332e+01 1 1 1 0.0 0.0 0.0
Nb 2.379413520972e+01 1.343751901980e+01 1.168208868332e+01 1 1 1 0.0 0.0 0.0
Nb 2.664117285458e+01 1.541000456072e+01 1.168208868332e+01 1 1 1 0.0 0.0 0.0
Nb 1.753065239095e+01 1.639624733118e+01 1.168208868332e+01 1 1 1 0.0 0.0 0.0
Nb 9.843650749941e+00 1.232416185674e-01 1.168208868332e+01 1 1 1 0.0 0.0 0.0
Nb 1.269068839480e+01 2.095727159490e+00 1.168208868332e+01 1 1 1 0.0 0.0 0.0
Nb 1.553772603966e+01 4.068212700413e+00 1.168208868332e+01 1 1 1 0.0 0.0 0.0
Nb 1.838476368452e+01 6.040698241336e+00 1.168208868332e+01 1 1 1 0.0 0.0 0.0
Nb 2.123180132938e+01 8.013183782258e+00 1.168208868332e+01 1 1 1 0.0 0.0 0.0
Nb 2.407883897424e+01 9.985669323181e+00 1.168208868332e+01 1 1 1 0.0 0.0 0.0
Nb 2.692587661910e+01 1.195815486410e+01 1.168208868332e+01 1 1 1 0.0 0.0 0.0
Nb 8.704835691844e+00 1.393064040503e+01 1.168208868332e+01 1 1 1 0.0 0.0 0.0
Nb 2.350943144519e+01 1.688936871641e+01 1.168208868332e+01 1 1 1 0.0 0.0 0.0
Nb 1.582242980419e+01 6.163630037981e-01 1.168208868332e+01 1 1 1 0.0 0.0 0.0
Nb 1.866946744905e+01 2.588848544721e+00 1.168208868332e+01 1 1 1 0.0 0.0 0.0
Nb 2.151650509391e+01 4.561334085644e+00 1.168208868332e+01 1 1 1 0.0 0.0 0.0
Nb 2.436354273877e+01 6.533819626566e+00 1.168208868332e+01 1 1 1 0.0 0.0 0.0
Nb 6.142501811507e+00 8.506305167489e+00 1.168208868332e+01 1 1 1 0.0 0.0 0.0
Nb 2.948821049944e+01 1.738249010164e+01 1.168208868332e+01 1 1 1 0.0 0.0 0.0
Nb 7.331302863107e-01 1.109484389029e+00 1.168208868332e+01 1 1 1 0.0 0.0 0.0
Nb 3.580167931171e+00 3.081969929951e+00 1.168208868332e+01 1 1 1 0.0 0.0 0.0
Bi 8.303637417843e+00 9.554701072149e+00 3.834784015603e+01 1 1 1 0.0 0.0 0.0
Bi 6.196829560670e+00 5.905602821441e+00 3.834784015603e+01 1 1 1 0.0 0.0 0.0
Bi 4.090021703496e+00 2.256504570734e+00 3.834784015603e+01 1 1 1 0.0 0.0 0.0
Bi 1.251725313219e+01 1.685289757356e+01 3.834784015603e+01 1 1 1 0.0 0.0 0.0
Bi 1.041044527502e+01 1.320379932286e+01 3.834784015603e+01 1 1 1 0.0 0.0 0.0
Bi 1.251725313227e+01 9.554701072149e+00 3.834784015603e+01 1 1 1 0.0 0.0 0.0
Bi 1.041044527509e+01 5.905602821441e+00 3.834784015603e+01 1 1 1 0.0 0.0 0.0
Bi 8.303637417920e+00 2.256504570734e+00 3.834784015603e+01 1 1 1 0.0 0.0 0.0
Bi 1.673086884662e+01 1.685289757356e+01 3.834784015603e+01 1 1 1 0.0 0.0 0.0
Bi 1.462406098944e+01 1.320379932286e+01 3.834784015603e+01 1 1 1 0.0 0.0 0.0
Bi 1.673086884669e+01 9.554701072149e+00 3.834784015603e+01 1 1 1 0.0 0.0 0.0
Bi 1.462406098952e+01 5.905602821441e+00 3.834784015603e+01 1 1 1 0.0 0.0 0.0
Bi 1.251725313234e+01 2.256504570734e+00 3.834784015603e+01 1 1 1 0.0 0.0 0.0
Bi 2.094448456104e+01 1.685289757356e+01 3.834784015603e+01 1 1 1 0.0 0.0 0.0
Bi 1.883767670387e+01 1.320379932286e+01 3.834784015603e+01 1 1 1 0.0 0.0 0.0
Bi 2.094448456112e+01 9.554701072149e+00 3.834784015603e+01 1 1 1 0.0 0.0 0.0
Bi 1.883767670394e+01 5.905602821441e+00 3.834784015603e+01 1 1 1 0.0 0.0 0.0
Bi 1.673086884677e+01 2.256504570734e+00 3.834784015603e+01 1 1 1 0.0 0.0 0.0
Bi 2.515810027546e+01 1.685289757356e+01 3.834784015603e+01 1 1 1 0.0 0.0 0.0
Bi 2.305129241829e+01 1.320379932286e+01 3.834784015603e+01 1 1 1 0.0 0.0 0.0
Bi 2.515810027554e+01 9.554701072149e+00 3.834784015603e+01 1 1 1 0.0 0.0 0.0
Bi 2.305129241837e+01 5.905602821441e+00 3.834784015603e+01 1 1 1 0.0 0.0 0.0
Bi 2.094448456119e+01 2.256504570734e+00 3.834784015603e+01 1 1 1 0.0 0.0 0.0
Bi 2.937171598989e+01 1.685289757356e+01 3.834784015603e+01 1 1 1 0.0 0.0 0.0
Bi 2.726490813271e+01 1.320379932286e+01 3.834784015603e+01 1 1 1 0.0 0.0 0.0
Bi 2.722990730708e+01 1.078009382293e+01 3.436119714775e+01 1 1 1 0.0 0.0 0.0
Bi 2.512309944991e+01 7.130995572223e+00 3.436119714775e+01 1 1 1 0.0 0.0 0.0
Bi 2.301629159274e+01 3.481897321516e+00 3.436119714775e+01 1 1 1 0.0 0.0 0.0
Bi 3.144352302143e+01 1.807829032434e+01 3.436119714775e+01 1 1 1 0.0 0.0 0.0
Bi 2.933671516426e+01 1.442919207364e+01 3.436119714775e+01 1 1 1 0.0 0.0 0.0
Bi 1.037544444939e+01 1.078009382293e+01 3.436119714775e+01 1 1 1 0.0 0.0 0.0
Bi 8.268636592214e+00 7.130995572223e+00 3.436119714775e+01 1 1 1 0.0 0.0 0.0
Bi 6.161828735040e+00 3.481897321516e+00 3.436119714775e+01 1 1 1 0.0 0.0 0.0
Bi 1.458906016374e+01 1.807829032434e+01 3.436119714775e+01 1 1 1 0.0 0.0 0.0
Bi 1.248225230656e+01 1.442919207364e+01 3.436119714775e+01 1 1 1 0.0 0.0 0.0
Bi 1.458906016381e+01 1.078009382293e+01 3.436119714775e+01 1 1 1 0.0 0.0 0.0
Bi 1.248225230664e+01 7.130995572223e+00 3.436119714775e+01 1 1 1 0.0 0.0 0.0
Bi 1.037544444946e+01 3.481897321516e+00 3.436119714775e+01 1 1 1 0.0 0.0 0.0
Bi 1.880267587816e+01 1.807829032434e+01 3.436119714775e+01 1 1 1 0.0 0.0 0.0
Bi 1.669586802099e+01 1.442919207364e+01 3.436119714775e+01 1 1 1 0.0 0.0 0.0
Bi 1.880267587824e+01 1.078009382293e+01 3.436119714775e+01 1 1 1 0.0 0.0 0.0
Bi 1.669586802106e+01 7.130995572223e+00 3.436119714775e+01 1 1 1 0.0 0.0 0.0
Bi 1.458906016389e+01 3.481897321516e+00 3.436119714775e+01 1 1 1 0.0 0.0 0.0
Bi 2.301629159258e+01 1.807829032434e+01 3.436119714775e+01 1 1 1 0.0 0.0 0.0
Bi 2.090948373541e+01 1.442919207364e+01 3.436119714775e+01 1 1 1 0.0 0.0 0.0
Bi 2.301629159266e+01 1.078009382293e+01 3.436119714775e+01 1 1 1 0.0 0.0 0.0
Bi 2.090948373549e+01 7.130995572223e+00 3.436119714775e+01 1 1 1 0.0 0.0 0.0
Bi 1.880267587831e+01 3.481897321516e+00 3.436119714775e+01 1 1 1 0.0 0.0 0.0
Bi 2.722990730701e+01 1.807829032434e+01 3.436119714775e+01 1 1 1 0.0 0.0 0.0
Bi 2.512309944983e+01 1.442919207364e+01 3.436119714775e+01 1 1 1 0.0 0.0 0.0
Bi 2.721194772117e+01 1.084632701519e+01 2.831971850542e+01 1 1 1 0.0 0.0 0.0
Bi 2.510513986399e+01 7.197228764482e+00 2.831971850542e+01 1 1 1 0.0 0.0 0.0
Bi 2.299833200682e+01 3.548130513775e+00 2.831971850542e+01 1 1 1 0.0 0.0 0.0
Bi 3.142556343551e+01 1.814452351660e+01 2.831971850542e+01 1 1 1 0.0 0.0 0.0
Bi 2.931875557834e+01 1.449542526590e+01 2.831971850542e+01 1 1 1 0.0 0.0 0.0
Bi 1.035748486347e+01 1.084632701519e+01 2.831971850542e+01 1 1 1 0.0 0.0 0.0
Bi 8.250677006296e+00 7.197228764482e+00 2.831971850542e+01 1 1 1 0.0 0.0 0.0
Bi 6.143869149122e+00 3.548130513775e+00 2.831971850542e+01 1 1 1 0.0 0.0 0.0
Bi 1.457110057782e+01 1.814452351660e+01 2.831971850542e+01 1 1 1 0.0 0.0 0.0
Bi 1.246429272064e+01 1.449542526590e+01 2.831971850542e+01 1 1 1 0.0 0.0 0.0
Bi 1.457110057789e+01 1.084632701519e+01 2.831971850542e+01 1 1 1 0.0 0.0 0.0
Bi 1.246429272072e+01 7.197228764482e+00 2.831971850542e+01 1 1 1 0.0 0.0 0.0
Bi 1.035748486355e+01 3.548130513775e+00 2.831971850542e+01 1 1 1 0.0 0.0 0.0
Bi 1.878471629224e+01 1.814452351660e+01 2.831971850542e+01 1 1 1 0.0 0.0 0.0
Bi 1.667790843507e+01 1.449542526590e+01 2.831971850542e+01 1 1 1 0.0 0.0 0.0
Bi 1.878471629232e+01 1.084632701519e+01 2.831971850542e+01 1 1 1 0.0 0.0 0.0
Bi 1.667790843514e+01 7.197228764482e+00 2.831971850542e+01 1 1 1 0.0 0.0 0.0
Bi 1.457110057797e+01 3.548130513775e+00 2.831971850542e+01 1 1 1 0.0 0.0 0.0
Bi 2.299833200667e+01 1.814452351660e+01 2.831971850542e+01 1 1 1 0.0 0.0 0.0
Bi 2.089152414949e+01 1.449542526590e+01 2.831971850542e+01 1 1 1 0.0 0.0 0.0
Bi 2.299833200674e+01 1.084632701519e+01 2.831971850542e+01 1 1 1 0.0 0.0 0.0
Bi 2.089152414957e+01 7.197228764482e+00 2.831971850542e+01 1 1 1 0.0 0.0 0.0
Bi 1.878471629239e+01 3.548130513775e+00 2.831971850542e+01 1 1 1 0.0 0.0 0.0
Bi 2.721194772109e+01 1.814452351660e+01 2.831971850542e+01 1 1 1 0.0 0.0 0.0
Bi 2.510513986392e+01 1.449542526590e+01 2.831971850542e+01 1 1 1 0.0 0.0 0.0
Bi 8.231052400644e+00 1.205328680248e+01 2.434799808390e+01 1 1 1 0.0 0.0 0.0
Bi 6.124244543470e+00 8.404188551774e+00 2.434799808390e+01 1 1 1 0.0 0.0 0.0
Bi 4.017436686296e+00 4.755090301067e+00 2.434799808390e+01 1 1 1 0.0 0.0 0.0
Bi 1.910628829122e+00 1.105992050360e+00 2.434799808390e+01 1 1 1 0.0 0.0 0.0
Bi 1.033786025782e+01 1.570238505319e+01 2.434799808390e+01 1 1 1 0.0 0.0 0.0
Bi 1.244466811507e+01 1.205328680248e+01 2.434799808390e+01 1 1 1 0.0 0.0 0.0
Bi 1.033786025789e+01 8.404188551774e+00 2.434799808390e+01 1 1 1 0.0 0.0 0.0
Bi 8.231052400720e+00 4.755090301067e+00 2.434799808390e+01 1 1 1 0.0 0.0 0.0
Bi 6.124244543547e+00 1.105992050360e+00 2.434799808390e+01 1 1 1 0.0 0.0 0.0
Bi 1.455147597224e+01 1.570238505319e+01 2.434799808390e+01 1 1 1 0.0 0.0 0.0
Bi 1.665828382949e+01 1.205328680248e+01 2.434799808390e+01 1 1 1 0.0 0.0 0.0
Bi 1.455147597232e+01 8.404188551774e+00 2.434799808390e+01 1 1 1 0.0 0.0 0.0
Bi 1.244466811514e+01 4.755090301067e+00 2.434799808390e+01 1 1 1 0.0 0.0 0.0
Bi 1.033786025797e+01 1.105992050360e+00 2.434799808390e+01 1 1 1 0.0 0.0 0.0
Bi 1.876509168667e+01 1.570238505319e+01 2.434799808390e+01 1 1 1 0.0 0.0 0.0
Bi 2.087189954392e+01 1.205328680248e+01 2.434799808390e+01 1 1 1 0.0 0.0 0.0
Bi 1.876509168674e+01 8.404188551774e+00 2.434799808390e+01 1 1 1 0.0 0.0 0.0
Bi 1.665828382957e+01 4.755090301067e+00 2.434799808390e+01 1 1 1 0.0 0.0 0.0
Bi 1.455147597239e+01 1.105992050360e+00 2.434799808390e+01 1 1 1 0.0 0.0 0.0
Bi 2.297870740109e+01 1.570238505319e+01 2.434799808390e+01 1 1 1 0.0 0.0 0.0
Bi 2.508551525834e+01 1.205328680248e+01 2.434799808390e+01 1 1 1 0.0 0.0 0.0
Bi 2.297870740117e+01 8.404188551774e+00 2.434799808390e+01 1 1 1 0.0 0.0 0.0
Bi 2.087189954399e+01 4.755090301067e+00 2.434799808390e+01 1 1 1 0.0 0.0 0.0
Bi 1.876509168682e+01 1.105992050360e+00 2.434799808390e+01 1 1 1 0.0 0.0 0.0
Bi 2.719232311551e+01 1.570238505319e+01 2.434799808390e+01 1 1 1 0.0 0.0 0.0
Se 6.996452452501e+00 1.031387667113e+01 1.000000000000e+01 1 1 1 0.0 0.0 0.0
Se 9.843490097361e+00 1.228636221205e+01 1.000000000000e+01 1 1 1 0.0 0.0 0.0
Se 1.269052774222e+01 1.425884775297e+01 1.000000000000e+01 1 1 1 0.0 0.0 0.0
Se 4.434118572165e+00 4.889541433591e+00 1.000000000000e+01 1 1 1 0.0 0.0 0.0
Se 7.281156217025e+00 6.862026974514e+00 1.000000000000e+01 1 1 1 0.0 0.0 0.0
Se 1.012819386189e+01 8.834512515437e+00 1.000000000000e+01 1 1 1 0.0 0.0 0.0
Se 1.297523150675e+01 1.080699805636e+01 1.000000000000e+01 1 1 1 0.0 0.0 0.0
Se 1.582226915161e+01 1.277948359728e+01 1.000000000000e+01 1 1 1 0.0 0.0 0.0
Se 1.866930679647e+01 1.475196913821e+01 1.000000000000e+01 1 1 1 0.0 0.0 0.0
Se 9.558786332837e+00 1.573821190867e+01 1.000000000000e+01 1 1 1 0.0 0.0 0.0
Se 1.240582397770e+01 1.771069744959e+01 1.000000000000e+01 1 1 1 0.0 0.0 0.0
Se 4.718822336689e+00 1.437691736977e+00 1.000000000000e+01 1 1 1 0.0 0.0 0.0
Se 7.565859981549e+00 3.410177277899e+00 1.000000000000e+01 1 1 1 0.0 0.0 0.0
Se 1.041289762641e+01 5.382662818822e+00 1.000000000000e+01 1 1 1 0.0 0.0 0.0
Se 1.325993527127e+01 7.355148359745e+00 1.000000000000e+01 1 1 1 0.0 0.0 0.0
Se 1.610697291613e+01 9.327633900668e+00 1.000000000000e+01 1 1 1 0.0 0.0 0.0
Se 1.895401056099e+01 1.130011944159e+01 1.000000000000e+01 1 1 1 0.0 0.0 0.0
Se 2.180104820585e+01 1.327260498251e+01 1.000000000000e+01 1 1 1 0.0 0.0 0.0
Se 2.464808585071e+01 1.524509052344e+01 1.000000000000e+01 1 1 1 0.0 0.0 0.0
Se 1.553756538708e+01 1.623133329390e+01 1.000000000000e+01 1 1 1 0.0 0.0 0.0
Se 1.838460303194e+01 1.820381883482e+01 1.000000000000e+01 1 1 1 0.0 0.0 0.0
Se 1.069760139093e+01 1.930813122207e+00 1.000000000000e+01 1 1 1 0.0 0.0 0.0
Se 1.354463903579e+01 3.903298663130e+00 1.000000000000e+01 1 1 1 0.0 0.0 0.0
Se 1.639167668066e+01 5.875784204053e+00 1.000000000000e+01 1 1 1 0.0 0.0 0.0
Se 1.923871432552e+01 7.848269744975e+00 1.000000000000e+01 1 1 1 0.0 0.0 0.0
Se 2.208575197038e+01 9.820755285898e+00 1.000000000000e+01 1 1 1 0.0 0.0 0.0
Se 2.493278961524e+01 1.179324082682e+01 1.000000000000e+01 1 1 1 0.0 0.0 0.0
Se 2.777982726010e+01 1.376572636774e+01 1.000000000000e+01 1 1 1 0.0 0.0 0.0
Se 2.151634444133e+01 1.672445467913e+01 1.000000000000e+01 1 1 1 0.0 0.0 0.0
Se 1.382934280032e+01 4.514489665153e-01 1.000000000000e+01 1 1 1 0.0 0.0 0.0
Se 1.667638044518e+01 2.423934507438e+00 1.000000000000e+01 1 1 1 0.0 0.0 0.0
Se 1.952341809004e+01 4.396420048361e+00 1.000000000000e+01 1 1 1 0.0 0.0 0.0
Se 2.237045573490e+01 6.368905589283e+00 1.000000000000e+01 1 1 1 0.0 0.0 0.0
Se 2.521749337976e+01 8.341391130206e+00 1.000000000000e+01 1 1 1 0.0 0.0 0.0
Se 2.749512349557e+01 1.721757606436e+01 1.000000000000e+01 1 1 1 0.0 0.0 0.0
Se 1.980812185456e+01 9.445703517459e-01 1.000000000000e+01 1 1 1 0.0 0.0 0.0
Se 2.265515949942e+01 2.917055892669e+00 1.000000000000e+01 1 1 1 0.0 0.0 0.0
Se 7.844207094337e+00 1.212974373609e+01 1.614602824434e+01 1 1 1 0.0 0.0 0.0
Se 1.069124473920e+01 1.410222927701e+01 1.614602824434e+01 1 1 1 0.0 0.0 0.0
Se 1.353828238406e+01 1.607471481793e+01 1.614602824434e+01 1 1 1 0.0 0.0 0.0
Se 5.281873214001e+00 6.705408498550e+00 1.614602824434e+01 1 1 1 0.0 0.0 0.0
Se 8.128910858861e+00 8.677894039472e+00 1.614602824434e+01 1 1 1 0.0 0.0 0.0
Se 1.097594850372e+01 1.065037958040e+01 1.614602824434e+01 1 1 1 0.0 0.0 0.0
Se 1.382298614858e+01 1.262286512132e+01 1.614602824434e+01 1 1 1 0.0 0.0 0.0
Se 1.667002379344e+01 1.459535066224e+01 1.614602824434e+01 1 1 1 0.0 0.0 0.0
Se 1.951706143830e+01 1.656783620316e+01 1.614602824434e+01 1 1 1 0.0 0.0 0.0
Se 1.040654097467e+01 1.755407897362e+01 1.614602824434e+01 1 1 1 0.0 0.0 0.0
Se 2.719539333665e+00 1.281073261012e+00 1.614602824434e+01 1 1 1 0.0 0.0 0.0
Se 5.566576978525e+00 3.253558801935e+00 1.614602824434e+01 1 1 1 0.0 0.0 0.0
Se 8.413614623386e+00 5.226044342858e+00 1.614602824434e+01 1 1 1 0.0 0.0 0.0
Se 1.126065226825e+01 7.198529883780e+00 1.614602824434e+01 1 1 1 0.0 0.0 0.0
Se 1.410768991311e+01 9.171015424703e+00 1.614602824434e+01 1 1 1 0.0 0.0 0.0
Se 1.695472755797e+01 1.114350096563e+01 1.614602824434e+01 1 1 1 0.0 0.0 0.0
Se 1.980176520283e+01 1.311598650655e+01 1.614602824434e+01 1 1 1 0.0 0.0 0.0
Se 2.264880284769e+01 1.508847204747e+01 1.614602824434e+01 1 1 1 0.0 0.0 0.0
Se 2.549584049255e+01 1.706095758839e+01 1.614602824434e+01 1 1 1 0.0 0.0 0.0
Se 1.638532002892e+01 1.804720035886e+01 1.614602824434e+01 1 1 1 0.0 0.0 0.0
Se 8.698318387910e+00 1.774194646243e+00 1.614602824434e+01 1 1 1 0.0 0.0 0.0
Se 1.154535603277e+01 3.746680187166e+00 1.614602824434e+01 1 1 1 0.0 0.0 0.0
Se 1.439239367763e+01 5.719165728088e+00 1.614602824434e+01 1 1 1 0.0 0.0 0.0
Se 1.723943132249e+01 7.691651269011e+00 1.614602824434e+01 1 1 1 0.0 0.0 0.0
Se 2.008646896735e+01 9.664136809934e+00 1.614602824434e+01 1 1 1 0.0 0.0 0.0
Se 2.293350661221e+01 1.163662235086e+01 1.614602824434e+01 1 1 1 0.0 0.0 0.0
Se 2.578054425707e+01 1.360910789178e+01 1.614602824434e+01 1 1 1 0.0 0.0 0.0
Se 2.862758190193e+01 1.558159343270e+01 1.614602824434e+01 1 1 1 0.0 0.0 0.0
Se 1.183005979729e+01 2.948304905509e-01 1.614602824434e+01 1 1 1 0.0 0.0 0.0
Se 1.467709744216e+01 2.267316031474e+00 1.614602824434e+01 1 1 1 0.0 0.0 0.0
Se 1.752413508702e+01 4.239801572396e+00 1.614602824434e+01 1 1 1 0.0 0.0 0.0
Se 2.037117273188e+01 6.212287113319e+00 1.614602824434e+01 1 1 1 0.0 0.0 0.0
Se 2.321821037674e+01 8.184772654242e+00 1.614602824434e+01 1 1 1 0.0 0.0 0.0
Se 2.606524802160e+01 1.015725819516e+01 1.614602824434e+01 1 1 1 0.0 0.0 0.0
Se 1.780883885154e+01 7.879518757815e-01 1.614602824434e+01 1 1 1 0.0 0.0 0.0
Se 2.065587649640e+01 2.760437416704e+00 1.614602824434e+01 1 1 1 0.0 0.0 0.0
Se 2.350291414126e+01 4.732922957627e+00 1.614602824434e+01 1 1 1 0.0 0.0 0.0
Se 6.996117737491e+00 1.031489949040e+01 1.336443756309e+01 1 1 1 0.0 0.0 0.0
Se 9.843155382351e+00 1.228738503133e+01 1.336443756309e+01 1 1 1 0.0 0.0 0.0
Se 1.269019302721e+01 1.425987057225e+01 1.336443756309e+01 1 1 1 0.0 0.0 0.0
Se 4.433783857155e+00 4.890564252866e+00 1.336443756309e+01 1 1 1 0.0 0.0 0.0
Se 7.280821502015e+00 6.863049793789e+00 1.336443756309e+01 1 1 1 0.0 0.0 0.0
Se 1.012785914688e+01 8.835535334711e+00 1.336443756309e+01 1 1 1 0.0 0.0 0.0
Se 1.297489679174e+01 1.080802087563e+01 1.336443756309e+01 1 1 1 0.0 0.0 0.0
Se 1.582193443660e+01 1.278050641656e+01 1.336443756309e+01 1 1 1 0.0 0.0 0.0
Se 1.866897208146e+01 1.475299195748e+01 1.336443756309e+01 1 1 1 0.0 0.0 0.0
Se 9.558451617827e+00 1.573923472794e+01 1.336443756309e+01 1 1 1 0.0 0.0 0.0
Se 1.240548926269e+01 1.771172026886e+01 1.336443756309e+01 1 1 1 0.0 0.0 0.0
Se 4.718487621679e+00 1.438714556251e+00 1.336443756309e+01 1 1 1 0.0 0.0 0.0
Se 7.565525266539e+00 3.411200097174e+00 1.336443756309e+01 1 1 1 0.0 0.0 0.0
Se 1.041256291140e+01 5.383685638097e+00 1.336443756309e+01 1 1 1 0.0 0.0 0.0
Se 1.325960055626e+01 7.356171179019e+00 1.336443756309e+01 1 1 1 0.0 0.0 0.0
Se 1.610663820112e+01 9.328656719942e+00 1.336443756309e+01 1 1 1 0.0 0.0 0.0
Se 1.895367584598e+01 1.130114226086e+01 1.336443756309e+01 1 1 1 0.0 0.0 0.0
Se 2.180071349084e+01 1.327362780179e+01 1.336443756309e+01 1 1 1 0.0 0.0 0.0
Se 2.464775113570e+01 1.524611334271e+01 1.336443756309e+01 1 1 1 0.0 0.0 0.0
Se 1.553723067207e+01 1.623235611317e+01 1.336443756309e+01 1 1 1 0.0 0.0 0.0
Se 1.838426831693e+01 1.820484165409e+01 1.336443756309e+01 1 1 1 0.0 0.0 0.0
Se 1.069726667592e+01 1.931835941482e+00 1.336443756309e+01 1 1 1 0.0 0.0 0.0
Se 1.354430432078e+01 3.904321482405e+00 1.336443756309e+01 1 1 1 0.0 0.0 0.0
Se 1.639134196565e+01 5.876807023327e+00 1.336443756309e+01 1 1 1 0.0 0.0 0.0
Se 1.923837961051e+01 7.849292564250e+00 1.336443756309e+01 1 1 1 0.0 0.0 0.0
Se 2.208541725537e+01 9.821778105173e+00 1.336443756309e+01 1 1 1 0.0 0.0 0.0
Se 2.493245490023e+01 1.179426364610e+01 1.336443756309e+01 1 1 1 0.0 0.0 0.0
Se 2.777949254509e+01 1.376674918702e+01 1.336443756309e+01 1 1 1 0.0 0.0 0.0
Se 2.151600972632e+01 1.672547749840e+01 1.336443756309e+01 1 1 1 0.0 0.0 0.0
Se 1.382900808531e+01 4.524717857899e-01 1.336443756309e+01 1 1 1 0.0 0.0 0.0
Se 1.667604573017e+01 2.424957326713e+00 1.336443756309e+01 1 1 1 0.0 0.0 0.0
Se 1.952308337503e+01 4.397442867635e+00 1.336443756309e+01 1 1 1 0.0 0.0 0.0
Se 2.237012101989e+01 6.369928408558e+00 1.336443756309e+01 1 1 1 0.0 0.0 0.0
Se 2.521715866475e+01 8.342413949481e+00 1.336443756309e+01 1 1 1 0.0 0.0 0.0
Se 2.749478878056e+01 1.721859888363e+01 1.336443756309e+01 1 1 1 0.0 0.0 0.0
Se 1.980778713955e+01 9.455931710206e-01 1.336443756309e+01 1 1 1 0.0 0.0 0.0
Se 2.265482478441e+01 2.918078711943e+00 1.336443756309e+01 1 1 1 0.0 0.0 0.0
Se 7.844053170628e+00 1.213079044024e+01 1.951046802998e+01 1 1 1 0.0 0.0 0.0
Se 1.069109081549e+01 1.410327598116e+01 1.951046802998e+01 1 1 1 0.0 0.0 0.0
Se 1.353812846035e+01 1.607576152209e+01 1.951046802998e+01 1 1 1 0.0 0.0 0.0
Se 5.281719290292e+00 6.706455202702e+00 1.951046802998e+01 1 1 1 0.0 0.0 0.0
Se 8.128756935152e+00 8.678940743625e+00 1.951046802998e+01 1 1 1 0.0 0.0 0.0
Se 1.097579458001e+01 1.065142628455e+01 1.951046802998e+01 1 1 1 0.0 0.0 0.0
Se 1.382283222487e+01 1.262391182547e+01 1.951046802998e+01 1 1 1 0.0 0.0 0.0
Se 1.666986986973e+01 1.459639736639e+01 1.951046802998e+01 1 1 1 0.0 0.0 0.0
Se 1.951690751459e+01 1.656888290732e+01 1.951046802998e+01 1 1 1 0.0 0.0 0.0
Se 1.040638705096e+01 1.755512567778e+01 1.951046802998e+01 1 1 1 0.0 0.0 0.0
Se 2.719385409956e+00 1.282119965165e+00 1.951046802998e+01 1 1 1 0.0 0.0 0.0
Se 5.566423054816e+00 3.254605506087e+00 1.951046802998e+01 1 1 1 0.0 0.0 0.0
Se 8.413460699677e+00 5.227091047010e+00 1.951046802998e+01 1 1 1 0.0 0.0 0.0
Se 1.126049834454e+01 7.199576587933e+00 1.951046802998e+01 1 1 1 0.0 0.0 0.0
Se 1.410753598940e+01 9.172062128856e+00 1.951046802998e+01 1 1 1 0.0 0.0 0.0
Se 1.695457363426e+01 1.114454766978e+01 1.951046802998e+01 1 1 1 0.0 0.0 0.0
Se 1.980161127912e+01 1.311703321070e+01 1.951046802998e+01 1 1 1 0.0 0.0 0.0
Se 2.264864892398e+01 1.508951875162e+01 1.951046802998e+01 1 1 1 0.0 0.0 0.0
Se 2.549568656884e+01 1.706200429255e+01 1.951046802998e+01 1 1 1 0.0 0.0 0.0
Se 1.638516610521e+01 1.804824706301e+01 1.951046802998e+01 1 1 1 0.0 0.0 0.0
Se 8.698164464201e+00 1.775241350395e+00 1.951046802998e+01 1 1 1 0.0 0.0 0.0
Se 1.154520210906e+01 3.747726891318e+00 1.951046802998e+01 1 1 1 0.0 0.0 0.0
Se 1.439223975392e+01 5.720212432241e+00 1.951046802998e+01 1 1 1 0.0 0.0 0.0
Se 1.723927739878e+01 7.692697973164e+00 1.951046802998e+01 1 1 1 0.0 0.0 0.0
Se 2.008631504364e+01 9.665183514086e+00 1.951046802998e+01 1 1 1 0.0 0.0 0.0
Se 2.293335268850e+01 1.163766905501e+01 1.951046802998e+01 1 1 1 0.0 0.0 0.0
Se 2.578039033336e+01 1.361015459593e+01 1.951046802998e+01 1 1 1 0.0 0.0 0.0
Se 2.862742797822e+01 1.558264013685e+01 1.951046802998e+01 1 1 1 0.0 0.0 0.0
Se 1.182990587359e+01 2.958771947033e-01 1.951046802998e+01 1 1 1 0.0 0.0 0.0
Se 1.467694351845e+01 2.268362735626e+00 1.951046802998e+01 1 1 1 0.0 0.0 0.0
Se 1.752398116331e+01 4.240848276549e+00 1.951046802998e+01 1 1 1 0.0 0.0 0.0
Se 2.037101880817e+01 6.213333817471e+00 1.951046802998e+01 1 1 1 0.0 0.0 0.0
Se 2.321805645303e+01 8.185819358394e+00 1.951046802998e+01 1 1 1 0.0 0.0 0.0
Se 2.606509409789e+01 1.015830489932e+01 1.951046802998e+01 1 1 1 0.0 0.0 0.0
Se 1.780868492783e+01 7.889985799340e-01 1.951046802998e+01 1 1 1 0.0 0.0 0.0
Se 2.065572257269e+01 2.761484120857e+00 1.951046802998e+01 1 1 1 0.0 0.0 0.0
Se 2.350276021755e+01 4.733969661779e+00 1.951046802998e+01 1 1 1 0.0 0.0 0.0
Se 2.727523154560e+01 1.077759555565e+01 3.998930533072e+01 1 1 1 0.0 0.0 0.0
Se 2.516842368843e+01 7.128497304942e+00 3.998930533072e+01 1 1 1 0.0 0.0 0.0
Se 2.306161583125e+01 3.479399054235e+00 3.998930533072e+01 1 1 1 0.0 0.0 0.0
Se 3.148884725995e+01 1.807579205706e+01 3.998930533072e+01 1 1 1 0.0 0.0 0.0
Se 2.938203940278e+01 1.442669380636e+01 3.998930533072e+01 1 1 1 0.0 0.0 0.0
Se 1.042076868791e+01 1.077759555565e+01 3.998930533072e+01 1 1 1 0.0 0.0 0.0
Se 8.313960830732e+00 7.128497304942e+00 3.998930533072e+01 1 1 1 0.0 0.0 0.0
Se 6.207152973558e+00 3.479399054235e+00 3.998930533072e+01 1 1 1 0.0 0.0 0.0
Se 1.463438440225e+01 1.807579205706e+01 3.998930533072e+01 1 1 1 0.0 0.0 0.0
Se 1.252757654508e+01 1.442669380636e+01 3.998930533072e+01 1 1 1 0.0 0.0 0.0
Se 1.463438440233e+01 1.077759555565e+01 3.998930533072e+01 1 1 1 0.0 0.0 0.0
Se 1.252757654516e+01 7.128497304942e+00 3.998930533072e+01 1 1 1 0.0 0.0 0.0
Se 1.042076868798e+01 3.479399054235e+00 3.998930533072e+01 1 1 1 0.0 0.0 0.0
Se 1.884800011668e+01 1.807579205706e+01 3.998930533072e+01 1 1 1 0.0 0.0 0.0
Se 1.674119225950e+01 1.442669380636e+01 3.998930533072e+01 1 1 1 0.0 0.0 0.0
Se 1.884800011675e+01 1.077759555565e+01 3.998930533072e+01 1 1 1 0.0 0.0 0.0
Se 1.674119225958e+01 7.128497304942e+00 3.998930533072e+01 1 1 1 0.0 0.0 0.0
Se 1.463438440241e+01 3.479399054235e+00 3.998930533072e+01 1 1 1 0.0 0.0 0.0
Se 2.306161583110e+01 1.807579205706e+01 3.998930533072e+01 1 1 1 0.0 0.0 0.0
Se 2.095480797393e+01 1.442669380636e+01 3.998930533072e+01 1 1 1 0.0 0.0 0.0
Se 2.306161583118e+01 1.077759555565e+01 3.998930533072e+01 1 1 1 0.0 0.0 0.0
Se 2.095480797400e+01 7.128497304942e+00 3.998930533072e+01 1 1 1 0.0 0.0 0.0
Se 1.884800011683e+01 3.479399054235e+00 3.998930533072e+01 1 1 1 0.0 0.0 0.0
Se 2.727523154553e+01 1.807579205706e+01 3.998930533072e+01 1 1 1 0.0 0.0 0.0
Se 2.516842368835e+01 1.442669380636e+01 3.998930533072e+01 1 1 1 0.0 0.0 0.0
Se 8.278667511394e+00 1.198050752018e+01 3.635172086532e+01 1 1 1 0.0 0.0 0.0
Se 6.171859654220e+00 8.331409269472e+00 3.635172086532e+01 1 1 1 0.0 0.0 0.0
Se 4.065051797046e+00 4.682311018765e+00 3.635172086532e+01 1 1 1 0.0 0.0 0.0
Se 1.958243939872e+00 1.033212768058e+00 3.635172086532e+01 1 1 1 0.0 0.0 0.0
Se 1.038547536857e+01 1.562960577089e+01 3.635172086532e+01 1 1 1 0.0 0.0 0.0
Se 1.249228322582e+01 1.198050752018e+01 3.635172086532e+01 1 1 1 0.0 0.0 0.0
Se 1.038547536864e+01 8.331409269472e+00 3.635172086532e+01 1 1 1 0.0 0.0 0.0
Se 8.278667511470e+00 4.682311018765e+00 3.635172086532e+01 1 1 1 0.0 0.0 0.0
Se 6.171859654297e+00 1.033212768058e+00 3.635172086532e+01 1 1 1 0.0 0.0 0.0
Se 1.459909108299e+01 1.562960577089e+01 3.635172086532e+01 1 1 1 0.0 0.0 0.0
Se 1.670589894024e+01 1.198050752018e+01 3.635172086532e+01 1 1 1 0.0 0.0 0.0
Se 1.459909108307e+01 8.331409269472e+00 3.635172086532e+01 1 1 1 0.0 0.0 0.0
Se 1.249228322589e+01 4.682311018765e+00 3.635172086532e+01 1 1 1 0.0 0.0 0.0
Se 1.038547536872e+01 1.033212768058e+00 3.635172086532e+01 1 1 1 0.0 0.0 0.0
Se 1.881270679742e+01 1.562960577089e+01 3.635172086532e+01 1 1 1 0.0 0.0 0.0
Se 2.091951465467e+01 1.198050752018e+01 3.635172086532e+01 1 1 1 0.0 0.0 0.0
Se 1.881270679749e+01 8.331409269472e+00 3.635172086532e+01 1 1 1 0.0 0.0 0.0
Se 1.670589894032e+01 4.682311018765e+00 3.635172086532e+01 1 1 1 0.0 0.0 0.0
Se 1.459909108314e+01 1.033212768058e+00 3.635172086532e+01 1 1 1 0.0 0.0 0.0
Se 2.302632251184e+01 1.562960577089e+01 3.635172086532e+01 1 1 1 0.0 0.0 0.0
Se 2.513313036909e+01 1.198050752018e+01 3.635172086532e+01 1 1 1 0.0 0.0 0.0
Se 2.302632251192e+01 8.331409269472e+00 3.635172086532e+01 1 1 1 0.0 0.0 0.0
Se 2.091951465474e+01 4.682311018765e+00 3.635172086532e+01 1 1 1 0.0 0.0 0.0
Se 1.881270679757e+01 1.033212768058e+00 3.635172086532e+01 1 1 1 0.0 0.0 0.0
Se 2.723993822626e+01 1.562960577089e+01 3.635172086532e+01 1 1 1 0.0 0.0 0.0
Se 8.282560790280e+00 9.560330687133e+00 3.271820175121e+01 1 1 1 0.0 0.0 0.0
Se 6.175752933106e+00 5.911232436426e+00 3.271820175121e+01 1 1 1 0.0 0.0 0.0
Se 4.068945075932e+00 2.262134185718e+00 3.271820175121e+01 1 1 1 0.0 0.0 0.0
Se 1.249617650463e+01 1.685852718855e+01 3.271820175121e+01 1 1 1 0.0 0.0 0.0
Se 1.038936864745e+01 1.320942893784e+01 3.271820175121e+01 1 1 1 0.0 0.0 0.0
Se 1.249617650470e+01 9.560330687133e+00 3.271820175121e+01 1 1 1 0.0 0.0 0.0
Se 1.038936864753e+01 5.911232436426e+00 3.271820175121e+01 1 1 1 0.0 0.0 0.0
Se 8.282560790356e+00 2.262134185718e+00 3.271820175121e+01 1 1 1 0.0 0.0 0.0
Se 1.670979221905e+01 1.685852718855e+01 3.271820175121e+01 1 1 1 0.0 0.0 0.0
Se 1.460298436188e+01 1.320942893784e+01 3.271820175121e+01 1 1 1 0.0 0.0 0.0
Se 1.670979221913e+01 9.560330687133e+00 3.271820175121e+01 1 1 1 0.0 0.0 0.0
Se 1.460298436195e+01 5.911232436426e+00 3.271820175121e+01 1 1 1 0.0 0.0 0.0
Se 1.249617650478e+01 2.262134185718e+00 3.271820175121e+01 1 1 1 0.0 0.0 0.0
Se 2.092340793348e+01 1.685852718855e+01 3.271820175121e+01 1 1 1 0.0 0.0 0.0
Se 1.881660007630e+01 1.320942893784e+01 3.271820175121e+01 1 1 1 0.0 0.0 0.0
Se 2.092340793355e+01 9.560330687133e+00 3.271820175121e+01 1 1 1 0.0 0.0 0.0
Se 1.881660007638e+01 5.911232436426e+00 3.271820175121e+01 1 1 1 0.0 0.0 0.0
Se 1.670979221920e+01 2.262134185718e+00 3.271820175121e+01 1 1 1 0.0 0.0 0.0
Se 2.513702364790e+01 1.685852718855e+01 3.271820175121e+01 1 1 1 0.0 0.0 0.0
Se 2.303021579073e+01 1.320942893784e+01 3.271820175121e+01 1 1 1 0.0 0.0 0.0
Se 2.513702364798e+01 9.560330687133e+00 3.271820175121e+01 1 1 1 0.0 0.0 0.0
Se 2.303021579080e+01 5.911232436426e+00 3.271820175121e+01 1 1 1 0.0 0.0 0.0
Se 2.092340793363e+01 2.262134185718e+00 3.271820175121e+01 1 1 1 0.0 0.0 0.0
Se 2.935063936232e+01 1.685852718855e+01 3.271820175121e+01 1 1 1 0.0 0.0 0.0
Se 2.724383150515e+01 1.320942893784e+01 3.271820175121e+01 1 1 1 0.0 0.0 0.0
Se 8.231963850407e+00 1.204918338070e+01 2.995146533993e+01 1 1 1 0.0 0.0 0.0
Se 6.125155993233e+00 8.400085129988e+00 2.995146533993e+01 1 1 1 0.0 0.0 0.0
Se 4.018348136059e+00 4.750986879281e+00 2.995146533993e+01 1 1 1 0.0 0.0 0.0
Se 1.911540278886e+00 1.101888628574e+00 2.995146533993e+01 1 1 1 0.0 0.0 0.0
Se 1.033877170758e+01 1.569828163140e+01 2.995146533993e+01 1 1 1 0.0 0.0 0.0
Se 1.244557956483e+01 1.204918338070e+01 2.995146533993e+01 1 1 1 0.0 0.0 0.0
Se 1.033877170766e+01 8.400085129988e+00 2.995146533993e+01 1 1 1 0.0 0.0 0.0
Se 8.231963850484e+00 4.750986879281e+00 2.995146533993e+01 1 1 1 0.0 0.0 0.0
Se 6.125155993310e+00 1.101888628574e+00 2.995146533993e+01 1 1 1 0.0 0.0 0.0
Se 1.455238742200e+01 1.569828163140e+01 2.995146533993e+01 1 1 1 0.0 0.0 0.0
Se 1.665919527926e+01 1.204918338070e+01 2.995146533993e+01 1 1 1 0.0 0.0 0.0
Se 1.455238742208e+01 8.400085129988e+00 2.995146533993e+01 1 1 1 0.0 0.0 0.0
Se 1.244557956491e+01 4.750986879281e+00 2.995146533993e+01 1 1 1 0.0 0.0 0.0
Se 1.033877170773e+01 1.101888628574e+00 2.995146533993e+01 1 1 1 0.0 0.0 0.0
Se 1.876600313643e+01 1.569828163140e+01 2.995146533993e+01 1 1 1 0.0 0.0 0.0
Se 2.087281099368e+01 1.204918338070e+01 2.995146533993e+01 1 1 1 0.0 0.0 0.0
Se 1.876600313651e+01 8.400085129988e+00 2.995146533993e+01 1 1 1 0.0 0.0 0.0
Se 1.665919527933e+01 4.750986879281e+00 2.995146533993e+01 1 1 1 0.0 0.0 0.0
Se 1.455238742216e+01 1.101888628574e+00 2.995146533993e+01 1 1 1 0.0 0.0 0.0
Se 2.297961885085e+01 1.569828163140e+01 2.995146533993e+01 1 1 1 0.0 0.0 0.0
Se 2.508642670810e+01 1.204918338070e+01 2.995146533993e+01 1 1 1 0.0 0.0 0.0
Se 2.297961885093e+01 8.400085129988e+00 2.995146533993e+01 1 1 1 0.0 0.0 0.0
Se 2.087281099376e+01 4.750986879281e+00 2.995146533993e+01 1 1 1 0.0 0.0 0.0
Se 1.876600313658e+01 1.101888628574e+00 2.995146533993e+01 1 1 1 0.0 0.0 0.0
Se 2.719323456528e+01 1.569828163140e+01 2.995146533993e+01 1 1 1 0.0 0.0 0.0
Se 8.243117880632e+00 9.632993585709e+00 2.633360299309e+01 1 1 1 0.0 0.0 0.0
Se 6.136310023458e+00 5.983895335002e+00 2.633360299309e+01 1 1 1 0.0 0.0 0.0
Se 4.029502166285e+00 2.334797084295e+00 2.633360299309e+01 1 1 1 0.0 0.0 0.0
Se 1.245673359498e+01 1.693119008712e+01 2.633360299309e+01 1 1 1 0.0 0.0 0.0
Se 1.034992573781e+01 1.328209183642e+01 2.633360299309e+01 1 1 1 0.0 0.0 0.0
Se 1.245673359506e+01 9.632993585709e+00 2.633360299309e+01 1 1 1 0.0 0.0 0.0
Se 1.034992573788e+01 5.983895335002e+00 2.633360299309e+01 1 1 1 0.0 0.0 0.0
Se 8.243117880709e+00 2.334797084295e+00 2.633360299309e+01 1 1 1 0.0 0.0 0.0
Se 1.667034930940e+01 1.693119008712e+01 2.633360299309e+01 1 1 1 0.0 0.0 0.0
Se 1.456354145223e+01 1.328209183642e+01 2.633360299309e+01 1 1 1 0.0 0.0 0.0
Se 1.667034930948e+01 9.632993585709e+00 2.633360299309e+01 1 1 1 0.0 0.0 0.0
Se 1.456354145231e+01 5.983895335002e+00 2.633360299309e+01 1 1 1 0.0 0.0 0.0
Se 1.245673359513e+01 2.334797084295e+00 2.633360299309e+01 1 1 1 0.0 0.0 0.0
Se 2.088396502383e+01 1.693119008712e+01 2.633360299309e+01 1 1 1 0.0 0.0 0.0
Se 1.877715716665e+01 1.328209183642e+01 2.633360299309e+01 1 1 1 0.0 0.0 0.0
Se 2.088396502390e+01 9.632993585709e+00 2.633360299309e+01 1 1 1 0.0 0.0 0.0
Se 1.877715716673e+01 5.983895335002e+00 2.633360299309e+01 1 1 1 0.0 0.0 0.0
Se 1.667034930956e+01 2.334797084295e+00 2.633360299309e+01 1 1 1 0.0 0.0 0.0
Se 2.509758073825e+01 1.693119008712e+01 2.633360299309e+01 1 1 1 0.0 0.0 0.0
Se 2.299077288108e+01 1.328209183642e+01 2.633360299309e+01 1 1 1 0.0 0.0 0.0
Se 2.509758073833e+01 9.632993585709e+00 2.633360299309e+01 1 1 1 0.0 0.0 0.0
Se 2.299077288116e+01 5.983895335002e+00 2.633360299309e+01 1 1 1 0.0 0.0 0.0
Se 2.088396502398e+01 2.334797084295e+00 2.633360299309e+01 1 1 1 0.0 0.0 0.0
Se 2.931119645268e+01 1.693119008712e+01 2.633360299309e+01 1 1 1 0.0 0.0 0.0
Se 2.720438859550e+01 1.328209183642e+01 2.633360299309e+01 1 1 1 0.0 0.0 0.0
Se 2.721840389048e+01 1.085068031182e+01 2.271046802998e+01 1 1 1 0.0 0.0 0.0
Se 2.511159603331e+01 7.201582061110e+00 2.271046802998e+01 1 1 1 0.0 0.0 0.0
Se 2.300478817613e+01 3.552483810403e+00 2.271046802998e+01 1 1 1 0.0 0.0 0.0
Se 3.143201960483e+01 1.814887681323e+01 2.271046802998e+01 1 1 1 0.0 0.0 0.0
Se 2.932521174765e+01 1.449977856252e+01 2.271046802998e+01 1 1 1 0.0 0.0 0.0
Se 1.036394103278e+01 1.085068031182e+01 2.271046802998e+01 1 1 1 0.0 0.0 0.0
Se 8.257133175611e+00 7.201582061110e+00 2.271046802998e+01 1 1 1 0.0 0.0 0.0
Se 6.150325318437e+00 3.552483810403e+00 2.271046802998e+01 1 1 1 0.0 0.0 0.0
Se 1.457755674713e+01 1.814887681323e+01 2.271046802998e+01 1 1 1 0.0 0.0 0.0
Se 1.247074888996e+01 1.449977856252e+01 2.271046802998e+01 1 1 1 0.0 0.0 0.0
Se 1.457755674721e+01 1.085068031182e+01 2.271046802998e+01 1 1 1 0.0 0.0 0.0
Se 1.247074889003e+01 7.201582061110e+00 2.271046802998e+01 1 1 1 0.0 0.0 0.0
Se 1.036394103286e+01 3.552483810403e+00 2.271046802998e+01 1 1 1 0.0 0.0 0.0
Se 1.879117246156e+01 1.814887681323e+01 2.271046802998e+01 1 1 1 0.0 0.0 0.0
Se 1.668436460438e+01 1.449977856252e+01 2.271046802998e+01 1 1 1 0.0 0.0 0.0
Se 1.879117246163e+01 1.085068031182e+01 2.271046802998e+01 1 1 1 0.0 0.0 0.0
Se 1.668436460446e+01 7.201582061110e+00 2.271046802998e+01 1 1 1 0.0 0.0 0.0
Se 1.457755674729e+01 3.552483810403e+00 2.271046802998e+01 1 1 1 0.0 0.0 0.0
Se 2.300478817598e+01 1.814887681323e+01 2.271046802998e+01 1 1 1 0.0 0.0 0.0
Se 2.089798031881e+01 1.449977856252e+01 2.271046802998e+01 1 1 1 0.0 0.0 0.0
Se 2.300478817606e+01 1.085068031182e+01 2.271046802998e+01 1 1 1 0.0 0.0 0.0
Se 2.089798031888e+01 7.201582061110e+00 2.271046802998e+01 1 1 1 0.0 0.0 0.0
Se 1.879117246171e+01 3.552483810403e+00 2.271046802998e+01 1 1 1 0.0 0.0 0.0
Se 2.721840389040e+01 1.814887681323e+01 2.271046802998e+01 1 1 1 0.0 0.0 0.0
Se 2.511159603323e+01 1.449977856252e+01 2.271046802998e+01 1 1 1 0.0 0.0 0.0
"