calculation_mode = "Relax Structure"
cell_relax = "False"
charge_density_mixing = "0.15"
charge_mixing_type = "Broyden"
description = "Example parameters for high-throughput bulk relaxation of a vdW material"
dipole_moment = "True"
dos_broading = "0.05"
dos_method = "Gaussian"
energy_convergence_criterion = "1e-08"
energy_output_units = "Hartrees"
kohn_sham_mucycles = "3"
kohn_sham_solver = "davidson"
kpoint_distribution = "1"
kpoint_mesh = "1 1 1"
localize_projectors = "False"
max_md_steps = "100"
max_scf_steps = "200"
non_local_block_size = "4000"
potential_acceleration_constant_step = "1.5"
processor_grid = "6 6 16"
rms_convergence_criterion = "1e-08"
scalapack_block_factor = "64"
start_mode = "LCAO Start"
state_block_size = "64"
stress = "True"
subdiag_driver = "scalapack"
test_energy_tolerance = "1e-05"
use_async_allreduce = "False"
vdw_corr = "DFT-D3"
vdwdf_kernel_filepath = "/lustre/orion/world-shared/cph162/rjmorelock/rmgdft/XC/vdW_kernel_table"
wavefunction_grid = "178 178 426"
write_data_period = "50"

atomic_coordinate_type = "Absolute"
crds_units = "Angstrom"
lattice_units = "Angstrom"

lattice_vector = "
2.078131974525e+01 0.000000000000e+00 0.000000000000e+00
1.039092446125e+01 1.799731823829e+01 0.000000000000e+00
0.000000000000e+00 0.000000000000e+00 4.998925800348e+01
"
atoms = "
Nb 2.307134085207e+01 1.156943039991e+01 1.790692566231e+01 1 1 1 0.0 0.0 0.0
Nb 1.970168300833e+01 1.154924302870e+01 1.788527871442e+01 1 1 1 0.0 0.0 0.0
Nb 1.611909058972e+01 1.157767429351e+01 1.784328061497e+01 1 1 1 0.0 0.0 0.0
Nb 1.272392687885e+01 1.158607323606e+01 1.784301851348e+01 1 1 1 0.0 0.0 0.0
Nb 9.263888841879e+00 1.155373341517e+01 1.786578059659e+01 1 1 1 0.0 0.0 0.0
Nb 2.658748019718e+01 1.158392271263e+01 1.790808699470e+01 1 1 1 0.0 0.0 0.0
Nb 2.137451325942e+01 8.502241222762e+00 1.789490979327e+01 1 1 1 0.0 0.0 0.0
Nb 1.794115559850e+01 8.458004544797e+00 1.784810030844e+01 1 1 1 0.0 0.0 0.0
Nb 1.443080709294e+01 8.516437989998e+00 1.781262553569e+01 1 1 1 0.0 0.0 0.0
Nb 1.096390689708e+01 8.479775743504e+00 1.785296990332e+01 1 1 1 0.0 0.0 0.0
Nb 7.552475219211e+00 8.485794235110e+00 1.788076747838e+01 1 1 1 0.0 0.0 0.0
Nb 2.481634500605e+01 8.477519755056e+00 1.790516117369e+01 1 1 1 0.0 0.0 0.0
Nb 1.961285171691e+01 5.530157897517e+00 1.789052815273e+01 1 1 1 0.0 0.0 0.0
Nb 1.624121903660e+01 5.500909424282e+00 1.786292378029e+01 1 1 1 0.0 0.0 0.0
Nb 1.264594250392e+01 5.551551316586e+00 1.784642757916e+01 1 1 1 0.0 0.0 0.0
Nb 9.268727109466e+00 5.559513793734e+00 1.788439038458e+01 1 1 1 0.0 0.0 0.0
Nb 5.784670669687e+00 5.489729179036e+00 1.792185687465e+01 1 1 1 0.0 0.0 0.0
Nb 2.312397160414e+01 5.532415896839e+00 1.792359395189e+01 1 1 1 0.0 0.0 0.0
Nb 1.792095065861e+01 2.561068180888e+00 1.789927529391e+01 1 1 1 0.0 0.0 0.0
Nb 1.447618605291e+01 2.493821553193e+00 1.789733231380e+01 1 1 1 0.0 0.0 0.0
Nb 1.096550220773e+01 2.566571148018e+00 1.789605308072e+01 1 1 1 0.0 0.0 0.0
Nb 7.493318335793e+00 2.520342170628e+00 1.791772860418e+01 1 1 1 0.0 0.0 0.0
Nb 4.111167199302e+00 2.520626021304e+00 1.793180715322e+01 1 1 1 0.0 0.0 0.0
Nb 2.136761786819e+01 2.537649335898e+00 1.792586301102e+01 1 1 1 0.0 0.0 0.0
Nb 2.652286670256e+01 1.755326692870e+01 1.791395350660e+01 1 1 1 0.0 0.0 0.0
Nb 2.316828554199e+01 1.753112366547e+01 1.792729771637e+01 1 1 1 0.0 0.0 0.0
Nb 1.958404680004e+01 1.754411295606e+01 1.792966017528e+01 1 1 1 0.0 0.0 0.0
Nb 1.617911400089e+01 1.754851835666e+01 1.792474025565e+01 1 1 1 0.0 0.0 0.0
Nb 1.273765050870e+01 1.751956791605e+01 1.792967520392e+01 1 1 1 0.0 0.0 0.0
Nb 3.005474065691e+01 1.754849845959e+01 1.792997233694e+01 1 1 1 0.0 0.0 0.0
Nb 2.484839362070e+01 1.452571958347e+01 1.793011457979e+01 1 1 1 0.0 0.0 0.0
Nb 2.139940903811e+01 1.444297023201e+01 1.790961816907e+01 1 1 1 0.0 0.0 0.0
Nb 1.788517176770e+01 1.451206950925e+01 1.789131985482e+01 1 1 1 0.0 0.0 0.0
Nb 1.442391339508e+01 1.447878918164e+01 1.789586665157e+01 1 1 1 0.0 0.0 0.0
Nb 1.103159030767e+01 1.447777776516e+01 1.789870436457e+01 1 1 1 0.0 0.0 0.0
Nb 2.828666236400e+01 1.447957204646e+01 1.791055629450e+01 1 1 1 0.0 0.0 0.0
Nb 2.304144598882e+01 1.154284358240e+01 1.152122949641e+01 1 1 1 0.0 0.0 0.0
Nb 1.971364066787e+01 1.154446926782e+01 1.152690243528e+01 1 1 1 0.0 0.0 0.0
Nb 1.616284492263e+01 1.152933479850e+01 1.153795588965e+01 1 1 1 0.0 0.0 0.0
Nb 1.267268368243e+01 1.157130114732e+01 1.154094812241e+01 1 1 1 0.0 0.0 0.0
Nb 9.300172462051e+00 1.155629087590e+01 1.152696228522e+01 1 1 1 0.0 0.0 0.0
Nb 2.659633052792e+01 1.152327079765e+01 1.153671639778e+01 1 1 1 0.0 0.0 0.0
Nb 2.138467610849e+01 8.554082812808e+00 1.154094367732e+01 1 1 1 0.0 0.0 0.0
Nb 1.793085659213e+01 8.483834850510e+00 1.153158819398e+01 1 1 1 0.0 0.0 0.0
Nb 1.442539599098e+01 8.516920070472e+00 1.152146995456e+01 1 1 1 0.0 0.0 0.0
Nb 1.097254042390e+01 8.540319759245e+00 1.151168319176e+01 1 1 1 0.0 0.0 0.0
Nb 7.570144923814e+00 8.516886520634e+00 1.151490281198e+01 1 1 1 0.0 0.0 0.0
Nb 2.482761669313e+01 8.488010535265e+00 1.152412684769e+01 1 1 1 0.0 0.0 0.0
Nb 1.960300891424e+01 5.533511611251e+00 1.151134832840e+01 1 1 1 0.0 0.0 0.0
Nb 1.618440503253e+01 5.495267177700e+00 1.151848433652e+01 1 1 1 0.0 0.0 0.0
Nb 1.274286734969e+01 5.523933926386e+00 1.152892320444e+01 1 1 1 0.0 0.0 0.0
Nb 9.242075467745e+00 5.547875386826e+00 1.151683684899e+01 1 1 1 0.0 0.0 0.0
Nb 5.779118753662e+00 5.480941132462e+00 1.149790585041e+01 1 1 1 0.0 0.0 0.0
Nb 2.315662813762e+01 5.526461488598e+00 1.151060758608e+01 1 1 1 0.0 0.0 0.0
Nb 1.785303906679e+01 2.553156557673e+00 1.152423220688e+01 1 1 1 0.0 0.0 0.0
Nb 1.449658012075e+01 2.543174845979e+00 1.152682760961e+01 1 1 1 0.0 0.0 0.0
Nb 1.100371224476e+01 2.539748793716e+00 1.151613463078e+01 1 1 1 0.0 0.0 0.0
Nb 7.448082518264e+00 2.532128482577e+00 1.151982643586e+01 1 1 1 0.0 0.0 0.0
Nb 4.113216332363e+00 2.516623430428e+00 1.152045414591e+01 1 1 1 0.0 0.0 0.0
Nb 2.139180624274e+01 2.508407900720e+00 1.152734604457e+01 1 1 1 0.0 0.0 0.0
Nb 2.657908136047e+01 1.756287705213e+01 1.152706965529e+01 1 1 1 0.0 0.0 0.0
Nb 2.315228327490e+01 1.753457903415e+01 1.153735294510e+01 1 1 1 0.0 0.0 0.0
Nb 1.963752958041e+01 1.752847952551e+01 1.152188117820e+01 1 1 1 0.0 0.0 0.0
Nb 1.619958966785e+01 1.759011163551e+01 1.153026064702e+01 1 1 1 0.0 0.0 0.0
Nb 1.271518682865e+01 1.752271477440e+01 1.152135253013e+01 1 1 1 0.0 0.0 0.0
Nb 3.003997793461e+01 1.751567116062e+01 1.153176250497e+01 1 1 1 0.0 0.0 0.0
Nb 2.480878920162e+01 1.451685274240e+01 1.153123893700e+01 1 1 1 0.0 0.0 0.0
Nb 2.137194436846e+01 1.444968004077e+01 1.154209633120e+01 1 1 1 0.0 0.0 0.0
Nb 1.795096823806e+01 1.449711623022e+01 1.153671920242e+01 1 1 1 0.0 0.0 0.0
Nb 1.441583328183e+01 1.449998071959e+01 1.151865526077e+01 1 1 1 0.0 0.0 0.0
Nb 1.097535839858e+01 1.446426575329e+01 1.152605527542e+01 1 1 1 0.0 0.0 0.0
Nb 2.835698647490e+01 1.450560878422e+01 1.153559888127e+01 1 1 1 0.0 0.0 0.0
Bi 8.267898200191e+00 9.513862331607e+00 3.835726255408e+01 1 1 1 0.0 0.0 0.0
Bi 6.197174230893e+00 5.924986885689e+00 3.837124108862e+01 1 1 1 0.0 0.0 0.0
Bi 4.129902878555e+00 2.322249430062e+00 3.835678126737e+01 1 1 1 0.0 0.0 0.0
Bi 1.242444293069e+01 1.670940532674e+01 3.835663886578e+01 1 1 1 0.0 0.0 0.0
Bi 1.035131348037e+01 1.312196569746e+01 3.836999223031e+01 1 1 1 0.0 0.0 0.0
Bi 1.243758594727e+01 9.520421060266e+00 3.836416022077e+01 1 1 1 0.0 0.0 0.0
Bi 1.034295068063e+01 5.923963245218e+00 3.836152724645e+01 1 1 1 0.0 0.0 0.0
Bi 8.278966471531e+00 2.308990153240e+00 3.834838465321e+01 1 1 1 0.0 0.0 0.0
Bi 1.659466493512e+01 1.670745753113e+01 3.836623575977e+01 1 1 1 0.0 0.0 0.0
Bi 1.449823977935e+01 1.311092563126e+01 3.833941800931e+01 1 1 1 0.0 0.0 0.0
Bi 1.659079236309e+01 9.506884494566e+00 3.834453086698e+01 1 1 1 0.0 0.0 0.0
Bi 1.451361073799e+01 5.919683418381e+00 3.834444228270e+01 1 1 1 0.0 0.0 0.0
Bi 1.243080660461e+01 2.314245359582e+00 3.834541872056e+01 1 1 1 0.0 0.0 0.0
Bi 2.074851652384e+01 1.672083063397e+01 3.833710656309e+01 1 1 1 0.0 0.0 0.0
Bi 1.868393757243e+01 1.311919958214e+01 3.833754562145e+01 1 1 1 0.0 0.0 0.0
Bi 2.074834448832e+01 9.524269554727e+00 3.834488605075e+01 1 1 1 0.0 0.0 0.0
Bi 1.866190009173e+01 5.927921226452e+00 3.833750386937e+01 1 1 1 0.0 0.0 0.0
Bi 1.658714490307e+01 2.332769315019e+00 3.834794379564e+01 1 1 1 0.0 0.0 0.0
Bi 2.489488247704e+01 1.672391647818e+01 3.836299798878e+01 1 1 1 0.0 0.0 0.0
Bi 2.280132958955e+01 1.313352986080e+01 3.835115897077e+01 1 1 1 0.0 0.0 0.0
Bi 2.489780898598e+01 9.533177407031e+00 3.834549269954e+01 1 1 1 0.0 0.0 0.0
Bi 2.281916228074e+01 5.924916293444e+00 3.835200819442e+01 1 1 1 0.0 0.0 0.0
Bi 2.074126362047e+01 2.333642510398e+00 3.834682633205e+01 1 1 1 0.0 0.0 0.0
Bi 2.905970470390e+01 1.673071614124e+01 3.835251535790e+01 1 1 1 0.0 0.0 0.0
Bi 2.697590942154e+01 1.312182059705e+01 3.836001776835e+01 1 1 1 0.0 0.0 0.0
Bi 6.184231296230e+00 1.073448051325e+01 3.446097629649e+01 1 1 1 0.0 0.0 0.0
Bi 4.123772836385e+00 7.107875999499e+00 3.444191728993e+01 1 1 1 0.0 0.0 0.0
Bi 2.033674047552e+00 3.527204388472e+00 3.445024066597e+01 1 1 1 0.0 0.0 0.0
Bi 1.034677694965e+01 1.792350822518e+01 3.444550463542e+01 1 1 1 0.0 0.0 0.0
Bi 8.247476720975e+00 1.431294508472e+01 3.445280982151e+01 1 1 1 0.0 0.0 0.0
Bi 1.033421708640e+01 1.070828491648e+01 3.446181244946e+01 1 1 1 0.0 0.0 0.0
Bi 8.275107393525e+00 7.120255730815e+00 3.445771947511e+01 1 1 1 0.0 0.0 0.0
Bi 6.179974911946e+00 3.504025631200e+00 3.444242958643e+01 1 1 1 0.0 0.0 0.0
Bi 1.450227629049e+01 1.791310438879e+01 3.445934648348e+01 1 1 1 0.0 0.0 0.0
Bi 1.242671357735e+01 1.431145386323e+01 3.445344197665e+01 1 1 1 0.0 0.0 0.0
Bi 1.450783873714e+01 1.072225731256e+01 3.445728803690e+01 1 1 1 0.0 0.0 0.0
Bi 1.241781366270e+01 7.114834944912e+00 3.446501090259e+01 1 1 1 0.0 0.0 0.0
Bi 1.035779426122e+01 3.524864578348e+00 3.445571442251e+01 1 1 1 0.0 0.0 0.0
Bi 1.863962315833e+01 1.791474356824e+01 3.443738504555e+01 1 1 1 0.0 0.0 0.0
Bi 1.657286838882e+01 1.431066147322e+01 3.444780756189e+01 1 1 1 0.0 0.0 0.0
Bi 1.865326016187e+01 1.072368233397e+01 3.444997396063e+01 1 1 1 0.0 0.0 0.0
Bi 1.656329266191e+01 7.119735602497e+00 3.445853647186e+01 1 1 1 0.0 0.0 0.0
Bi 1.449217905940e+01 3.531170677789e+00 3.446602089028e+01 1 1 1 0.0 0.0 0.0
Bi 2.283058092034e+01 1.791696145592e+01 3.445411191505e+01 1 1 1 0.0 0.0 0.0
Bi 2.073206355649e+01 1.433653130847e+01 3.446223917799e+01 1 1 1 0.0 0.0 0.0
Bi 2.281761168557e+01 1.072403174971e+01 3.444743279856e+01 1 1 1 0.0 0.0 0.0
Bi 2.073925465196e+01 7.121113474218e+00 3.445017293128e+01 1 1 1 0.0 0.0 0.0
Bi 1.865517070341e+01 3.532840232009e+00 3.442694390217e+01 1 1 1 0.0 0.0 0.0
Bi 2.698336891571e+01 1.792565515019e+01 3.444989855287e+01 1 1 1 0.0 0.0 0.0
Bi 2.488951561430e+01 1.431782272309e+01 3.444437336030e+01 1 1 1 0.0 0.0 0.0
Bi 2.693881430805e+01 1.078158310936e+01 2.829114989290e+01 1 1 1 0.0 0.0 0.0
Bi 2.485847185433e+01 7.189184030890e+00 2.827902369041e+01 1 1 1 0.0 0.0 0.0
Bi 2.278353219447e+01 3.578418691807e+00 2.828160062486e+01 1 1 1 0.0 0.0 0.0
Bi 3.109454542853e+01 1.795582449768e+01 2.827088462681e+01 1 1 1 0.0 0.0 0.0
Bi 2.900489506450e+01 1.440596068648e+01 2.827527288207e+01 1 1 1 0.0 0.0 0.0
Bi 1.031114331789e+01 1.079528541337e+01 2.828798546587e+01 1 1 1 0.0 0.0 0.0
Bi 8.217771038596e+00 7.186786752116e+00 2.826951971993e+01 1 1 1 0.0 0.0 0.0
Bi 6.144930519055e+00 3.581256722311e+00 2.828463074670e+01 1 1 1 0.0 0.0 0.0
Bi 4.067016459722e+00 -1.896571260395e-03 2.828113701267e+01 1 1 1 0.0 0.0 0.0
Bi 1.237578831062e+01 1.439521240863e+01 2.827476000348e+01 1 1 1 0.0 0.0 0.0
Bi 1.445581749142e+01 1.079391114005e+01 2.828801769277e+01 1 1 1 0.0 0.0 0.0
Bi 1.237694006491e+01 7.175788808433e+00 2.826734003885e+01 1 1 1 0.0 0.0 0.0
Bi 1.031102203047e+01 3.583817146430e+00 2.829361337175e+01 1 1 1 0.0 0.0 0.0
Bi 1.862718368290e+01 1.798978958065e+01 2.829595418731e+01 1 1 1 0.0 0.0 0.0
Bi 1.654521273910e+01 1.439977513362e+01 2.828599163183e+01 1 1 1 0.0 0.0 0.0
Bi 1.862296058386e+01 1.080258207970e+01 2.826974488485e+01 1 1 1 0.0 0.0 0.0
Bi 1.655627746496e+01 7.199997027125e+00 2.828132460600e+01 1 1 1 0.0 0.0 0.0
Bi 1.447408093290e+01 3.564373692606e+00 2.826687579165e+01 1 1 1 0.0 0.0 0.0
Bi 2.277448188765e+01 1.797718627195e+01 2.827754522209e+01 1 1 1 0.0 0.0 0.0
Bi 2.070100587915e+01 1.439020353429e+01 2.828490337882e+01 1 1 1 0.0 0.0 0.0
Bi 2.277090115688e+01 1.078669258028e+01 2.827433893714e+01 1 1 1 0.0 0.0 0.0
Bi 2.070518611483e+01 7.198555812887e+00 2.828521289459e+01 1 1 1 0.0 0.0 0.0
Bi 1.862954227882e+01 3.581165650907e+00 2.827291941917e+01 1 1 1 0.0 0.0 0.0
Bi 2.694291606675e+01 1.799396484206e+01 2.826788281595e+01 1 1 1 0.0 0.0 0.0
Bi 2.484546753510e+01 1.438141935071e+01 2.825860755588e+01 1 1 1 0.0 0.0 0.0
Bi 8.202126283654e+00 1.200250863714e+01 2.445866563662e+01 1 1 1 0.0 0.0 0.0
Bi 6.140934489977e+00 8.386977792342e+00 2.443833660467e+01 1 1 1 0.0 0.0 0.0
Bi 4.078323813343e+00 4.791957381455e+00 2.441813648030e+01 1 1 1 0.0 0.0 0.0
Bi 1.993064562122e+00 1.209483181047e+00 2.441992081306e+01 1 1 1 0.0 0.0 0.0
Bi 1.029312694927e+01 1.558157795238e+01 2.445653818533e+01 1 1 1 0.0 0.0 0.0
Bi 1.238025192072e+01 1.200290927724e+01 2.446466947002e+01 1 1 1 0.0 0.0 0.0
Bi 1.027919064308e+01 8.381273420351e+00 2.446618492782e+01 1 1 1 0.0 0.0 0.0
Bi 8.204649294942e+00 4.762947567159e+00 2.445383451293e+01 1 1 1 0.0 0.0 0.0
Bi 6.149576695301e+00 1.216346451214e+00 2.442901768748e+01 1 1 1 0.0 0.0 0.0
Bi 1.447218600209e+01 1.561451600814e+01 2.444842764438e+01 1 1 1 0.0 0.0 0.0
Bi 1.654279799748e+01 1.199623481751e+01 2.446012944673e+01 1 1 1 0.0 0.0 0.0
Bi 1.445300957110e+01 8.393466934193e+00 2.446310818546e+01 1 1 1 0.0 0.0 0.0
Bi 1.238229936041e+01 4.780741945923e+00 2.445632519148e+01 1 1 1 0.0 0.0 0.0
Bi 1.030873889523e+01 1.174431538429e+00 2.443367450019e+01 1 1 1 0.0 0.0 0.0
Bi 1.863417496104e+01 1.560853529979e+01 2.445086715150e+01 1 1 1 0.0 0.0 0.0
Bi 2.070052258157e+01 1.201080121506e+01 2.445599969456e+01 1 1 1 0.0 0.0 0.0
Bi 1.864493032987e+01 8.389923827923e+00 2.445608669130e+01 1 1 1 0.0 0.0 0.0
Bi 1.655591804777e+01 4.778117914698e+00 2.445638673480e+01 1 1 1 0.0 0.0 0.0
Bi 1.446000476516e+01 1.188554115014e+00 2.442745153449e+01 1 1 1 0.0 0.0 0.0
Bi 2.278162673303e+01 1.558722702534e+01 2.442653028982e+01 1 1 1 0.0 0.0 0.0
Bi 2.483803841570e+01 1.198502663171e+01 2.442821841816e+01 1 1 1 0.0 0.0 0.0
Bi 2.278556868020e+01 8.390895926529e+00 2.444458629382e+01 1 1 1 0.0 0.0 0.0
Bi 2.070388672010e+01 4.794410065087e+00 2.443929055250e+01 1 1 1 0.0 0.0 0.0
Bi 1.862773164594e+01 1.172270960639e+00 2.443176231820e+01 1 1 1 0.0 0.0 0.0
Bi 2.693450511188e+01 1.557653743324e+01 2.440346218351e+01 1 1 1 0.0 0.0 0.0
Se 2.483175570590e+01 1.251454747549e+01 9.851705703530e+00 1 1 1 0.0 0.0 0.0
Se 2.138258495875e+01 1.253443247481e+01 9.785642474918e+00 1 1 1 0.0 0.0 0.0
Se 1.792432887325e+01 1.249528843994e+01 9.853893692702e+00 1 1 1 0.0 0.0 0.0
Se 1.444074080826e+01 1.251216945877e+01 9.830329535639e+00 1 1 1 0.0 0.0 0.0
Se 1.098795445756e+01 1.250575646552e+01 9.792893896596e+00 1 1 1 0.0 0.0 0.0
Se 7.536553969156e+00 1.253433727582e+01 9.835122293984e+00 1 1 1 0.0 0.0 0.0
Se 2.311927870155e+01 9.527699205396e+00 9.840086770345e+00 1 1 1 0.0 0.0 0.0
Se 1.963661336292e+01 9.516087416103e+00 9.854923577464e+00 1 1 1 0.0 0.0 0.0
Se 1.618974734145e+01 9.527844782057e+00 9.865181466765e+00 1 1 1 0.0 0.0 0.0
Se 1.272712443237e+01 9.546630045219e+00 9.840831005228e+00 1 1 1 0.0 0.0 0.0
Se 9.252714100076e+00 9.536914403845e+00 9.814729602010e+00 1 1 1 0.0 0.0 0.0
Se 5.794208084164e+00 9.532650240655e+00 9.847560128962e+00 1 1 1 0.0 0.0 0.0
Se 2.138025673761e+01 6.528144013693e+00 9.854909395513e+00 1 1 1 0.0 0.0 0.0
Se 1.789757134316e+01 6.526142030325e+00 9.813428725579e+00 1 1 1 0.0 0.0 0.0
Se 1.446226657456e+01 6.533738845994e+00 9.827696561319e+00 1 1 1 0.0 0.0 0.0
Se 1.100407589537e+01 6.532015156941e+00 9.846631793314e+00 1 1 1 0.0 0.0 0.0
Se 7.509177142932e+00 6.529539348264e+00 9.819997931948e+00 1 1 1 0.0 0.0 0.0
Se 4.062969047533e+00 6.531467405570e+00 9.798846717305e+00 1 1 1 0.0 0.0 0.0
Se 1.964890546248e+01 3.516557924317e+00 9.851126042772e+00 1 1 1 0.0 0.0 0.0
Se 1.616916398691e+01 3.521513192995e+00 9.787234293000e+00 1 1 1 0.0 0.0 0.0
Se 1.273814819991e+01 3.525031110428e+00 9.838212477447e+00 1 1 1 0.0 0.0 0.0
Se 9.259084018293e+00 3.521048310782e+00 9.854583316493e+00 1 1 1 0.0 0.0 0.0
Se 5.776897902583e+00 3.523096650077e+00 9.769488598544e+00 1 1 1 0.0 0.0 0.0
Se 2.324404239820e+00 3.516328102638e+00 9.841718065050e+00 1 1 1 0.0 0.0 0.0
Se 1.793209555482e+01 5.288646639931e-01 9.839117635131e+00 1 1 1 0.0 0.0 0.0
Se 1.446273844191e+01 5.194332437197e-01 9.827851557336e+00 1 1 1 0.0 0.0 0.0
Se 1.100489881891e+01 5.241469429829e-01 9.842819759165e+00 1 1 1 0.0 0.0 0.0
Se 7.536847080434e+00 5.358353571409e-01 9.822453208548e+00 1 1 1 0.0 0.0 0.0
Se 4.058586084050e+00 5.127927042576e-01 9.835175635050e+00 1 1 1 0.0 0.0 0.0
Se 5.930348668329e-01 5.200299969034e-01 9.828817676239e+00 1 1 1 0.0 0.0 0.0
Se 2.657999641377e+01 1.550485645896e+01 9.873558924711e+00 1 1 1 0.0 0.0 0.0
Se 2.308300640577e+01 1.552137927771e+01 9.849234392860e+00 1 1 1 0.0 0.0 0.0
Se 1.964704667448e+01 1.552640127564e+01 9.846440548656e+00 1 1 1 0.0 0.0 0.0
Se 1.619610974535e+01 1.552760028545e+01 9.882601452624e+00 1 1 1 0.0 0.0 0.0
Se 1.270895243272e+01 1.551791406633e+01 9.836387345115e+00 1 1 1 0.0 0.0 0.0
Se 9.274525410419e+00 1.552654029050e+01 9.834585919924e+00 1 1 1 0.0 0.0 0.0
Se 2.312746560277e+01 1.353995285790e+01 1.621464719480e+01 1 1 1 0.0 0.0 0.0
Se 1.963700527159e+01 1.354663652531e+01 1.621049643430e+01 1 1 1 0.0 0.0 0.0
Se 1.617226808774e+01 1.356168230453e+01 1.617716482941e+01 1 1 1 0.0 0.0 0.0
Se 1.271733232489e+01 1.353713191983e+01 1.615724998449e+01 1 1 1 0.0 0.0 0.0
Se 9.247336230448e+00 1.355099096614e+01 1.620918439223e+01 1 1 1 0.0 0.0 0.0
Se 2.657024881009e+01 1.354783135462e+01 1.620508744905e+01 1 1 1 0.0 0.0 0.0
Se 2.140133799502e+01 1.050459268685e+01 1.621749125793e+01 1 1 1 0.0 0.0 0.0
Se 1.791582039102e+01 1.053523712967e+01 1.623358777149e+01 1 1 1 0.0 0.0 0.0
Se 1.443160630934e+01 1.052762830168e+01 1.615563191922e+01 1 1 1 0.0 0.0 0.0
Se 1.098682058947e+01 1.051999571363e+01 1.619043479561e+01 1 1 1 0.0 0.0 0.0
Se 7.503201832190e+00 1.050586255350e+01 1.623412435722e+01 1 1 1 0.0 0.0 0.0
Se 2.482915977398e+01 1.051712286326e+01 1.626802869064e+01 1 1 1 0.0 0.0 0.0
Se 1.967030867133e+01 7.508352261436e+00 1.617386260462e+01 1 1 1 0.0 0.0 0.0
Se 1.619017618669e+01 7.498890043047e+00 1.617097678941e+01 1 1 1 0.0 0.0 0.0
Se 1.270224955618e+01 7.523692898214e+00 1.613886144551e+01 1 1 1 0.0 0.0 0.0
Se 9.249902422599e+00 7.523424552431e+00 1.616450299370e+01 1 1 1 0.0 0.0 0.0
Se 5.782631220570e+00 7.505794006944e+00 1.623330233328e+01 1 1 1 0.0 0.0 0.0
Se 2.309876085915e+01 7.496611458731e+00 1.620969742957e+01 1 1 1 0.0 0.0 0.0
Se 1.793384739610e+01 4.506930608659e+00 1.617343158975e+01 1 1 1 0.0 0.0 0.0
Se 1.444479689895e+01 4.526027874727e+00 1.622139208802e+01 1 1 1 0.0 0.0 0.0
Se 1.095653037790e+01 4.511038294137e+00 1.617105076839e+01 1 1 1 0.0 0.0 0.0
Se 7.519216270358e+00 4.525780484363e+00 1.622881512188e+01 1 1 1 0.0 0.0 0.0
Se 4.053038031019e+00 4.512918937162e+00 1.623640442323e+01 1 1 1 0.0 0.0 0.0
Se 2.138025223960e+01 4.525056728640e+00 1.624342972747e+01 1 1 1 0.0 0.0 0.0
Se 1.619835837823e+01 1.524958548162e+00 1.621227446985e+01 1 1 1 0.0 0.0 0.0
Se 1.269773927265e+01 1.525933133902e+00 1.624486517368e+01 1 1 1 0.0 0.0 0.0
Se 9.248573341021e+00 1.533167727744e+00 1.623539528222e+01 1 1 1 0.0 0.0 0.0
Se 5.795889121530e+00 1.522120305987e+00 1.622203355668e+01 1 1 1 0.0 0.0 0.0
Se 2.327265077864e+00 1.540083756882e+00 1.626719476022e+01 1 1 1 0.0 0.0 0.0
Se 1.965857723506e+01 1.519239359208e+00 1.623463511910e+01 1 1 1 0.0 0.0 0.0
Se 2.484205534728e+01 1.651505064135e+01 1.622932366122e+01 1 1 1 0.0 0.0 0.0
Se 2.136735386166e+01 1.653816251062e+01 1.629647794748e+01 1 1 1 0.0 0.0 0.0
Se 1.789746116846e+01 1.652415328380e+01 1.622973610196e+01 1 1 1 0.0 0.0 0.0
Se 1.444949149492e+01 1.652806660247e+01 1.624778496207e+01 1 1 1 0.0 0.0 0.0
Se 1.098914029085e+01 1.652025801007e+01 1.625219057433e+01 1 1 1 0.0 0.0 0.0
Se 2.831366040515e+01 1.653636717096e+01 1.627034992665e+01 1 1 1 0.0 0.0 0.0
Se 2.483789458533e+01 1.250558670546e+01 1.318350409017e+01 1 1 1 0.0 0.0 0.0
Se 2.137401667949e+01 1.252071926974e+01 1.326617290085e+01 1 1 1 0.0 0.0 0.0
Se 1.791974958501e+01 1.249129357505e+01 1.319584767868e+01 1 1 1 0.0 0.0 0.0
Se 1.444180228490e+01 1.252233849921e+01 1.321757162185e+01 1 1 1 0.0 0.0 0.0
Se 1.098481596021e+01 1.253310603912e+01 1.326495261812e+01 1 1 1 0.0 0.0 0.0
Se 7.535986796980e+00 1.250846521802e+01 1.320642910695e+01 1 1 1 0.0 0.0 0.0
Se 2.313106395514e+01 9.533251227257e+00 1.319937882554e+01 1 1 1 0.0 0.0 0.0
Se 1.964403428007e+01 9.524207535154e+00 1.319832512780e+01 1 1 1 0.0 0.0 0.0
Se 1.618480678390e+01 9.515674022836e+00 1.319710749095e+01 1 1 1 0.0 0.0 0.0
Se 1.271989962831e+01 9.532563296833e+00 1.319529484720e+01 1 1 1 0.0 0.0 0.0
Se 9.258165419507e+00 9.526012929174e+00 1.319786548444e+01 1 1 1 0.0 0.0 0.0
Se 5.798449439814e+00 9.519169026895e+00 1.319272383954e+01 1 1 1 0.0 0.0 0.0
Se 2.138093233820e+01 6.504732630103e+00 1.316318950475e+01 1 1 1 0.0 0.0 0.0
Se 1.789495313289e+01 6.508448565663e+00 1.321787468166e+01 1 1 1 0.0 0.0 0.0
Se 1.446189292250e+01 6.527709665007e+00 1.319962917930e+01 1 1 1 0.0 0.0 0.0
Se 1.099918015913e+01 6.530467207652e+00 1.317741400088e+01 1 1 1 0.0 0.0 0.0
Se 7.506752770284e+00 6.521466590577e+00 1.318375174512e+01 1 1 1 0.0 0.0 0.0
Se 4.070976928089e+00 6.514867326940e+00 1.321240574063e+01 1 1 1 0.0 0.0 0.0
Se 1.964085429523e+01 3.512857176144e+00 1.318222104701e+01 1 1 1 0.0 0.0 0.0
Se 1.618131633076e+01 3.529024599456e+00 1.324703901572e+01 1 1 1 0.0 0.0 0.0
Se 1.272701034176e+01 3.528896697315e+00 1.320200359761e+01 1 1 1 0.0 0.0 0.0
Se 9.244745801979e+00 3.536796361123e+00 1.316653358746e+01 1 1 1 0.0 0.0 0.0
Se 5.782573275661e+00 3.533220657534e+00 1.322303336608e+01 1 1 1 0.0 0.0 0.0
Se 2.336264583666e+00 3.522035702610e+00 1.319240167643e+01 1 1 1 0.0 0.0 0.0
Se 1.792732089434e+01 5.339406909186e-01 1.320664749840e+01 1 1 1 0.0 0.0 0.0
Se 1.446335699720e+01 5.400711564305e-01 1.321503257650e+01 1 1 1 0.0 0.0 0.0
Se 1.099087890271e+01 5.299848263938e-01 1.318898123345e+01 1 1 1 0.0 0.0 0.0
Se 7.550559121310e+00 5.368547641934e-01 1.321777218003e+01 1 1 1 0.0 0.0 0.0
Se 4.044475202282e+00 5.324766162239e-01 1.321763342976e+01 1 1 1 0.0 0.0 0.0
Se 5.995127901264e-01 5.145497843951e-01 1.321265651773e+01 1 1 1 0.0 0.0 0.0
Se 2.657533880730e+01 1.552897529961e+01 1.317463873080e+01 1 1 1 0.0 0.0 0.0
Se 2.309666256553e+01 1.552800706400e+01 1.320444866109e+01 1 1 1 0.0 0.0 0.0
Se 1.965157495003e+01 1.553760004208e+01 1.320229014709e+01 1 1 1 0.0 0.0 0.0
Se 1.618267044243e+01 1.552886411947e+01 1.316590852329e+01 1 1 1 0.0 0.0 0.0
Se 1.271182851107e+01 1.552442696824e+01 1.319242104432e+01 1 1 1 0.0 0.0 0.0
Se 9.271713574189e+00 1.552063694786e+01 1.321793601331e+01 1 1 1 0.0 0.0 0.0
Se 2.311943999477e+01 1.353655882086e+01 1.962481868997e+01 1 1 1 0.0 0.0 0.0
Se 1.962197086969e+01 1.352355428997e+01 1.957502893179e+01 1 1 1 0.0 0.0 0.0
Se 1.616888357589e+01 1.351455409624e+01 1.957591345156e+01 1 1 1 0.0 0.0 0.0
Se 1.272478663312e+01 1.350001579800e+01 1.960036853144e+01 1 1 1 0.0 0.0 0.0
Se 9.276250845757e+00 1.352816125418e+01 1.957127055621e+01 1 1 1 0.0 0.0 0.0
Se 2.656017422779e+01 1.352100931783e+01 1.962760845951e+01 1 1 1 0.0 0.0 0.0
Se 2.136846026546e+01 1.051772162732e+01 1.957997091812e+01 1 1 1 0.0 0.0 0.0
Se 1.787780800169e+01 1.051801161645e+01 1.947133739070e+01 1 1 1 0.0 0.0 0.0
Se 1.444042959912e+01 1.050606835053e+01 1.949297370212e+01 1 1 1 0.0 0.0 0.0
Se 1.099239060335e+01 1.051301448985e+01 1.948936349618e+01 1 1 1 0.0 0.0 0.0
Se 7.538288294672e+00 1.051805485023e+01 1.953426990087e+01 1 1 1 0.0 0.0 0.0
Se 2.485057626518e+01 1.050956129080e+01 1.954891636293e+01 1 1 1 0.0 0.0 0.0
Se 1.964478391256e+01 7.524716379931e+00 1.956764881420e+01 1 1 1 0.0 0.0 0.0
Se 1.616470254644e+01 7.537935650953e+00 1.950233468891e+01 1 1 1 0.0 0.0 0.0
Se 1.273745005636e+01 7.542158855824e+00 1.951935207671e+01 1 1 1 0.0 0.0 0.0
Se 9.270571609685e+00 7.528771253519e+00 1.958203751403e+01 1 1 1 0.0 0.0 0.0
Se 5.793423208468e+00 7.526070015334e+00 1.957742959730e+01 1 1 1 0.0 0.0 0.0
Se 2.309585863945e+01 7.533951210857e+00 1.961093360813e+01 1 1 1 0.0 0.0 0.0
Se 1.791141668379e+01 4.526197634789e+00 1.959685622329e+01 1 1 1 0.0 0.0 0.0
Se 1.442971137853e+01 4.549899060429e+00 1.950422713258e+01 1 1 1 0.0 0.0 0.0
Se 1.097875778031e+01 4.557663889875e+00 1.957266435617e+01 1 1 1 0.0 0.0 0.0
Se 7.536838666516e+00 4.534638117746e+00 1.958199740239e+01 1 1 1 0.0 0.0 0.0
Se 4.052498534813e+00 4.518903508506e+00 1.961914977286e+01 1 1 1 0.0 0.0 0.0
Se 2.137213175013e+01 4.541008670975e+00 1.958562168445e+01 1 1 1 0.0 0.0 0.0
Se 1.620011101328e+01 1.525624094388e+00 1.959084175343e+01 1 1 1 0.0 0.0 0.0
Se 1.271611648724e+01 1.550791658515e+00 1.957397391111e+01 1 1 1 0.0 0.0 0.0
Se 9.260294934592e+00 1.541112583289e+00 1.959433464078e+01 1 1 1 0.0 0.0 0.0
Se 5.800851481183e+00 1.521250550261e+00 1.964119624957e+01 1 1 1 0.0 0.0 0.0
Se 2.331670954721e+00 1.526638103833e+00 1.959185348741e+01 1 1 1 0.0 0.0 0.0
Se 1.963072372597e+01 1.540602403503e+00 1.960196987471e+01 1 1 1 0.0 0.0 0.0
Se 2.484680503060e+01 1.651899338228e+01 1.963370712147e+01 1 1 1 0.0 0.0 0.0
Se 2.136237927802e+01 1.651547139018e+01 1.956014883797e+01 1 1 1 0.0 0.0 0.0
Se 1.789578791000e+01 1.650818419612e+01 1.960326450685e+01 1 1 1 0.0 0.0 0.0
Se 1.445381079838e+01 1.649148674887e+01 1.959316563532e+01 1 1 1 0.0 0.0 0.0
Se 1.098968296212e+01 1.650154995387e+01 1.958149865284e+01 1 1 1 0.0 0.0 0.0
Se 2.829027569209e+01 1.651277173952e+01 1.957409361100e+01 1 1 1 0.0 0.0 0.0
Se 2.697157641239e+01 1.071519089125e+01 3.993102182815e+01 1 1 1 0.0 0.0 0.0
Se 4.123139093712e+00 7.136321869601e+00 3.993244129320e+01 1 1 1 0.0 0.0 0.0
Se 2.030243761871e+00 3.537716441606e+00 3.992535767363e+01 1 1 1 0.0 0.0 0.0
Se 1.037238336047e+01 1.794684171387e+01 3.992013950969e+01 1 1 1 0.0 0.0 0.0
Se 8.262077832547e+00 1.431633605253e+01 3.992765970049e+01 1 1 1 0.0 0.0 0.0
Se 1.036259950815e+01 1.071520295649e+01 3.991932769887e+01 1 1 1 0.0 0.0 0.0
Se 8.274813594316e+00 7.128399345336e+00 3.994145932020e+01 1 1 1 0.0 0.0 0.0
Se 6.197623502377e+00 3.535901522395e+00 3.993193561142e+01 1 1 1 0.0 0.0 0.0
Se 4.126361201063e+00 -8.718348638580e-02 3.991904099064e+01 1 1 1 0.0 0.0 0.0
Se 1.243516506719e+01 1.430837288745e+01 3.994303229958e+01 1 1 1 0.0 0.0 0.0
Se 1.451403439729e+01 1.071305534354e+01 3.992392688418e+01 1 1 1 0.0 0.0 0.0
Se 1.243239868729e+01 7.123734647886e+00 3.992654128438e+01 1 1 1 0.0 0.0 0.0
Se 1.034480174265e+01 3.537919963176e+00 3.991970140385e+01 1 1 1 0.0 0.0 0.0
Se 1.867088716187e+01 1.791323969941e+01 3.993478978183e+01 1 1 1 0.0 0.0 0.0
Se 1.658132659921e+01 1.431121086504e+01 3.990811316294e+01 1 1 1 0.0 0.0 0.0
Se 1.864763924113e+01 1.070593859747e+01 3.990627279030e+01 1 1 1 0.0 0.0 0.0
Se 1.660638880415e+01 7.120958584038e+00 3.992251334591e+01 1 1 1 0.0 0.0 0.0
Se 1.452439494698e+01 3.531887765879e+00 3.992200067899e+01 1 1 1 0.0 0.0 0.0
Se 2.280959221603e+01 1.790888853948e+01 3.992901153669e+01 1 1 1 0.0 0.0 0.0
Se 2.074169966252e+01 1.432156755173e+01 3.993476999060e+01 1 1 1 0.0 0.0 0.0
Se 2.282532931240e+01 1.074424769648e+01 3.992111261373e+01 1 1 1 0.0 0.0 0.0
Se 2.073620812562e+01 7.117408651380e+00 3.991896865211e+01 1 1 1 0.0 0.0 0.0
Se 1.867152783676e+01 3.540414716398e+00 3.992524088421e+01 1 1 1 0.0 0.0 0.0
Se 2.696754334090e+01 1.793298362008e+01 3.992429921329e+01 1 1 1 0.0 0.0 0.0
Se 2.488040535169e+01 1.432594569970e+01 3.991980649845e+01 1 1 1 0.0 0.0 0.0
Se 8.256036268813e+00 1.193292331059e+01 3.639941510830e+01 1 1 1 0.0 0.0 0.0
Se 6.178601644067e+00 8.326652961818e+00 3.637887869179e+01 1 1 1 0.0 0.0 0.0
Se 4.133569653549e+00 4.733911241083e+00 3.639741042613e+01 1 1 1 0.0 0.0 0.0
Se 2.055991621769e+00 1.112870973192e+00 3.639745535328e+01 1 1 1 0.0 0.0 0.0
Se 1.035520605530e+01 1.553078185782e+01 3.638369478685e+01 1 1 1 0.0 0.0 0.0
Se 1.240731907242e+01 1.193323658353e+01 3.637935765012e+01 1 1 1 0.0 0.0 0.0
Se 1.033503630570e+01 8.328135663552e+00 3.638658933348e+01 1 1 1 0.0 0.0 0.0
Se 8.269678669963e+00 4.718381582192e+00 3.638614789382e+01 1 1 1 0.0 0.0 0.0
Se 6.187563948709e+00 1.136029833400e+00 3.638846944733e+01 1 1 1 0.0 0.0 0.0
Se 1.450187374536e+01 1.551110270845e+01 3.640636728025e+01 1 1 1 0.0 0.0 0.0
Se 1.659670951725e+01 1.192132983083e+01 3.639862589335e+01 1 1 1 0.0 0.0 0.0
Se 1.449582609609e+01 8.313817397219e+00 3.636287176794e+01 1 1 1 0.0 0.0 0.0
Se 1.243994729491e+01 4.710294377967e+00 3.641087518248e+01 1 1 1 0.0 0.0 0.0
Se 1.035384098966e+01 1.131301052585e+00 3.640672706786e+01 1 1 1 0.0 0.0 0.0
Se 1.867710684666e+01 1.549675851243e+01 3.638407018519e+01 1 1 1 0.0 0.0 0.0
Se 2.072407615509e+01 1.193549357741e+01 3.640597642993e+01 1 1 1 0.0 0.0 0.0
Se 1.866054820261e+01 8.329945767250e+00 3.638177498471e+01 1 1 1 0.0 0.0 0.0
Se 1.657635175098e+01 4.719036174449e+00 3.638391455416e+01 1 1 1 0.0 0.0 0.0
Se 1.449173851934e+01 1.150958505689e+00 3.640008631673e+01 1 1 1 0.0 0.0 0.0
Se 2.279969051594e+01 1.554756762475e+01 3.638894443683e+01 1 1 1 0.0 0.0 0.0
Se 2.489241000218e+01 1.192593287913e+01 3.639260105162e+01 1 1 1 0.0 0.0 0.0
Se 2.280992723815e+01 8.340636100198e+00 3.637899182988e+01 1 1 1 0.0 0.0 0.0
Se 2.075399059789e+01 4.728115003921e+00 3.640197876040e+01 1 1 1 0.0 0.0 0.0
Se 1.867677378250e+01 1.113269284908e+00 3.638671443099e+01 1 1 1 0.0 0.0 0.0
Se 2.698347014732e+01 1.554330393782e+01 3.640661308308e+01 1 1 1 0.0 0.0 0.0
Se 8.254800481183e+00 9.527149337316e+00 3.286936797965e+01 1 1 1 0.0 0.0 0.0
Se 6.200472116426e+00 5.925001120557e+00 3.286577539531e+01 1 1 1 0.0 0.0 0.0
Se 4.090364024536e+00 2.307702823747e+00 3.285268228014e+01 1 1 1 0.0 0.0 0.0
Se 1.243293035167e+01 1.672852995128e+01 3.287935768192e+01 1 1 1 0.0 0.0 0.0
Se 1.032949354444e+01 1.311332888974e+01 3.288804730153e+01 1 1 1 0.0 0.0 0.0
Se 1.242604877197e+01 9.521398873987e+00 3.289036911962e+01 1 1 1 0.0 0.0 0.0
Se 1.035105376018e+01 5.915757505289e+00 3.285783604320e+01 1 1 1 0.0 0.0 0.0
Se 8.277913250052e+00 2.311852420063e+00 3.287018074299e+01 1 1 1 0.0 0.0 0.0
Se 1.658773255440e+01 1.670660576743e+01 3.285676668182e+01 1 1 1 0.0 0.0 0.0
Se 1.450513696978e+01 1.310854973125e+01 3.285127027649e+01 1 1 1 0.0 0.0 0.0
Se 1.656797466346e+01 9.515405518300e+00 3.286525135108e+01 1 1 1 0.0 0.0 0.0
Se 1.447723832187e+01 5.933625333854e+00 3.286646549536e+01 1 1 1 0.0 0.0 0.0
Se 1.242385586145e+01 2.323389595363e+00 3.286929426526e+01 1 1 1 0.0 0.0 0.0
Se 2.073866086217e+01 1.673993218638e+01 3.287318440597e+01 1 1 1 0.0 0.0 0.0
Se 1.865044303387e+01 1.314089061049e+01 3.287069531494e+01 1 1 1 0.0 0.0 0.0
Se 2.073366119552e+01 9.515193794483e+00 3.287313778545e+01 1 1 1 0.0 0.0 0.0
Se 1.864492366224e+01 5.931232553088e+00 3.286550657326e+01 1 1 1 0.0 0.0 0.0
Se 1.658426310960e+01 2.335030965663e+00 3.287047380135e+01 1 1 1 0.0 0.0 0.0
Se 2.490468744353e+01 1.671856988293e+01 3.286526251672e+01 1 1 1 0.0 0.0 0.0
Se 2.282157733987e+01 1.313861615376e+01 3.286310797155e+01 1 1 1 0.0 0.0 0.0
Se 2.489382179416e+01 9.532528794476e+00 3.287722732015e+01 1 1 1 0.0 0.0 0.0
Se 2.280083073415e+01 5.908796813591e+00 3.285081338485e+01 1 1 1 0.0 0.0 0.0
Se 2.074495748934e+01 2.330255405580e+00 3.286222424554e+01 1 1 1 0.0 0.0 0.0
Se 2.903360779869e+01 1.671238448882e+01 3.286369615206e+01 1 1 1 0.0 0.0 0.0
Se 2.695799327909e+01 1.314398248732e+01 3.284459020748e+01 1 1 1 0.0 0.0 0.0
Se 8.234428003781e+00 1.199533167070e+01 2.984705768998e+01 1 1 1 0.0 0.0 0.0
Se 6.137011169853e+00 8.373894625709e+00 2.987300695474e+01 1 1 1 0.0 0.0 0.0
Se 4.064350782248e+00 4.788648065693e+00 2.986612669798e+01 1 1 1 0.0 0.0 0.0
Se 1.995153912654e+00 1.182011896685e+00 2.985120940301e+01 1 1 1 0.0 0.0 0.0
Se 1.031374845749e+01 1.558572564365e+01 2.988002522092e+01 1 1 1 0.0 0.0 0.0
Se 1.236868897449e+01 1.198275191038e+01 2.987101460240e+01 1 1 1 0.0 0.0 0.0
Se 1.029863287980e+01 8.392140286830e+00 2.984780494117e+01 1 1 1 0.0 0.0 0.0
Se 8.226011439635e+00 4.771169923254e+00 2.984962779804e+01 1 1 1 0.0 0.0 0.0
Se 6.144579939128e+00 1.169333497730e+00 2.986063029265e+01 1 1 1 0.0 0.0 0.0
Se 1.446397258909e+01 1.558573321089e+01 2.985764208164e+01 1 1 1 0.0 0.0 0.0
Se 1.653818743486e+01 1.198009962109e+01 2.985578472242e+01 1 1 1 0.0 0.0 0.0
Se 1.445629258676e+01 8.374442006655e+00 2.984774958923e+01 1 1 1 0.0 0.0 0.0
Se 1.239275690829e+01 4.769728603181e+00 2.985351762125e+01 1 1 1 0.0 0.0 0.0
Se 1.028508112671e+01 1.180721286292e+00 2.988345270196e+01 1 1 1 0.0 0.0 0.0
Se 1.862175157260e+01 1.559721969101e+01 2.987051722870e+01 1 1 1 0.0 0.0 0.0
Se 2.067763640640e+01 1.198517490717e+01 2.985843246078e+01 1 1 1 0.0 0.0 0.0
Se 1.861614118249e+01 8.399384194192e+00 2.985155199236e+01 1 1 1 0.0 0.0 0.0
Se 1.654775220780e+01 4.783978182307e+00 2.983911823204e+01 1 1 1 0.0 0.0 0.0
Se 1.447696870607e+01 1.173833621055e+00 2.984505491285e+01 1 1 1 0.0 0.0 0.0
Se 2.277687646762e+01 1.558252073456e+01 2.985446564229e+01 1 1 1 0.0 0.0 0.0
Se 2.484614101899e+01 1.196779402751e+01 2.985429868687e+01 1 1 1 0.0 0.0 0.0
Se 2.276384521328e+01 8.377480119077e+00 2.986650664725e+01 1 1 1 0.0 0.0 0.0
Se 2.070127914629e+01 4.791450747157e+00 2.983855555787e+01 1 1 1 0.0 0.0 0.0
Se 1.863203830206e+01 1.185435461815e+00 2.985679026503e+01 1 1 1 0.0 0.0 0.0
Se 2.692892059854e+01 1.559556315455e+01 2.983775628856e+01 1 1 1 0.0 0.0 0.0
Se 8.203347783498e+00 9.568323878212e+00 2.637031204557e+01 1 1 1 0.0 0.0 0.0
Se 6.117602906316e+00 5.992605789578e+00 2.637452466689e+01 1 1 1 0.0 0.0 0.0
Se 4.060004331995e+00 2.394704643583e+00 2.636303188956e+01 1 1 1 0.0 0.0 0.0
Se 1.237098047073e+01 1.677834368119e+01 2.634662300267e+01 1 1 1 0.0 0.0 0.0
Se 1.029751679206e+01 1.320939186453e+01 2.636592892333e+01 1 1 1 0.0 0.0 0.0
Se 1.236864981537e+01 9.570018991694e+00 2.636242815124e+01 1 1 1 0.0 0.0 0.0
Se 1.027980014943e+01 5.988525780070e+00 2.636682937134e+01 1 1 1 0.0 0.0 0.0
Se 8.221533435919e+00 2.381715564665e+00 2.636624235502e+01 1 1 1 0.0 0.0 0.0
Se 1.655791071762e+01 1.678834280281e+01 2.635277754575e+01 1 1 1 0.0 0.0 0.0
Se 1.446024278909e+01 1.318680250488e+01 2.637486064153e+01 1 1 1 0.0 0.0 0.0
Se 1.652687113815e+01 9.584175223953e+00 2.634884766383e+01 1 1 1 0.0 0.0 0.0
Se 1.444154124176e+01 5.972683589096e+00 2.633604522573e+01 1 1 1 0.0 0.0 0.0
Se 1.239586899969e+01 2.378736349671e+00 2.635404862950e+01 1 1 1 0.0 0.0 0.0
Se 2.070053665769e+01 1.679058799604e+01 2.637338137945e+01 1 1 1 0.0 0.0 0.0
Se 1.863008246295e+01 1.318468135079e+01 2.636959601583e+01 1 1 1 0.0 0.0 0.0
Se 2.069159165714e+01 9.596303066899e+00 2.635764179594e+01 1 1 1 0.0 0.0 0.0
Se 1.861056899898e+01 5.980571981429e+00 2.633886865094e+01 1 1 1 0.0 0.0 0.0
Se 1.654096984884e+01 2.368183920313e+00 2.635116927026e+01 1 1 1 0.0 0.0 0.0
Se 2.484621081747e+01 1.676906926780e+01 2.637132325037e+01 1 1 1 0.0 0.0 0.0
Se 2.277197263497e+01 1.319158679638e+01 2.637210696188e+01 1 1 1 0.0 0.0 0.0
Se 2.481881547004e+01 9.597832283313e+00 2.636524316253e+01 1 1 1 0.0 0.0 0.0
Se 2.276538448406e+01 5.993512428959e+00 2.636276904722e+01 1 1 1 0.0 0.0 0.0
Se 2.068588590929e+01 2.370374079111e+00 2.635028300420e+01 1 1 1 0.0 0.0 0.0
Se 2.901408676748e+01 1.678690354653e+01 2.638248396898e+01 1 1 1 0.0 0.0 0.0
Se 2.693127617814e+01 1.319286401859e+01 2.638529130720e+01 1 1 1 0.0 0.0 0.0
Se 2.691999073246e+01 1.080635781229e+01 2.287168111183e+01 1 1 1 0.0 0.0 0.0
Se 2.484802446665e+01 7.187844789108e+00 2.286015531384e+01 1 1 1 0.0 0.0 0.0
Se 2.278859398653e+01 3.607852959175e+00 2.284489341864e+01 1 1 1 0.0 0.0 0.0
Se 2.070454104777e+01 -2.291591493224e-02 2.286948719588e+01 1 1 1 0.0 0.0 0.0
Se 2.899954910426e+01 1.436971098657e+01 2.283267434554e+01 1 1 1 0.0 0.0 0.0
Se 1.027809699246e+01 1.080420178543e+01 2.291605018994e+01 1 1 1 0.0 0.0 0.0
Se 8.201604091545e+00 7.180436095951e+00 2.289363133120e+01 1 1 1 0.0 0.0 0.0
Se 6.143369181582e+00 3.602051430241e+00 2.283310080948e+01 1 1 1 0.0 0.0 0.0
Se 1.447678211817e+01 1.800098411368e+01 2.285840024458e+01 1 1 1 0.0 0.0 0.0
Se 1.236806211112e+01 1.439883864864e+01 2.290848724162e+01 1 1 1 0.0 0.0 0.0
Se 1.446869597230e+01 1.081239731224e+01 2.290135705445e+01 1 1 1 0.0 0.0 0.0
Se 1.236144067496e+01 7.185650185221e+00 2.290633460149e+01 1 1 1 0.0 0.0 0.0
Se 1.027197578755e+01 3.580491902433e+00 2.289080510135e+01 1 1 1 0.0 0.0 0.0
Se 8.221407597569e+00 -8.581297022863e-03 2.286980232093e+01 1 1 1 0.0 0.0 0.0
Se 1.655485217895e+01 1.440230264292e+01 2.290385657027e+01 1 1 1 0.0 0.0 0.0
Se 1.862453684413e+01 1.080549535921e+01 2.289768578145e+01 1 1 1 0.0 0.0 0.0
Se 1.653683401113e+01 7.193227262578e+00 2.292081648943e+01 1 1 1 0.0 0.0 0.0
Se 1.443944945702e+01 3.581534804956e+00 2.286824098345e+01 1 1 1 0.0 0.0 0.0
Se 1.237896961841e+01 -2.543458696655e-02 2.285155110344e+01 1 1 1 0.0 0.0 0.0
Se 2.071116100223e+01 1.439385882614e+01 2.286565955100e+01 1 1 1 0.0 0.0 0.0
Se 2.277301394997e+01 1.080257488289e+01 2.287086750181e+01 1 1 1 0.0 0.0 0.0
Se 2.070871361037e+01 7.191963640225e+00 2.287092396502e+01 1 1 1 0.0 0.0 0.0
Se 1.863094285224e+01 3.558816273137e+00 2.288437602112e+01 1 1 1 0.0 0.0 0.0
Se 1.652599048137e+01 -2.222348650193e-02 2.284910429368e+01 1 1 1 0.0 0.0 0.0
Se 2.486241258438e+01 1.439379934662e+01 2.284632907652e+01 1 1 1 0.0 0.0 0.0
"