calculation_mode = "Quench Electrons"
cell_relax = "False"
charge_density_mixing = "0.1"
charge_mixing_type = "Broyden"
description = "Example parameters for high-throughput bulk relaxation of a vdW material"
dipole_moment = "True"
dos_broading = "0.05"
dos_method = "Gaussian"
energy_convergence_criterion = "1e-10"
energy_output_units = "Hartrees"
kohn_sham_mucycles = "3"
kohn_sham_solver = "davidson"
kpoint_distribution = "1"
kpoint_mesh = "1 1 1"
localize_projectors = "False"
max_md_steps = "100"
max_scf_steps = "200"
non_local_block_size = "4000"
output_wave_function_file = "/dev/null"
potential_acceleration_constant_step = "1.5"
processor_grid = "5 5 16"
rms_convergence_criterion = "1e-08"
start_mode = "LCAO Start"
stress = "True"
subdiag_driver = "scalapack"
use_async_allreduce = "False"
vdw_corr = "DFT-D3"
vdwdf_kernel_filepath = "/lustre/orion/world-shared/cph162/rjmorelock/rmgdft/XC/vdW_kernel_table"
wavefunction_grid = "156 156 426"
write_data_period = "50"

atomic_coordinate_type = "Absolute"
crds_units = "Angstrom"
lattice_units = "Angstrom"

lattice_vector = "
1.832749387347e+01 0.000000000000e+00 1.100000000000e-15
9.163746936357e+00 1.587207528307e+01 1.100000000000e-15
0.000000000000e+00 0.000000000000e+00 4.998930533072e+01
"
atoms = "
Nb 7.010761957783e-01 7.638553474382e-02 1.782833092694e+01 1 1 1 0.0 0.0 0.0
Nb 3.319289606220e+00 2.343824860897e+00 1.782833092694e+01 1 1 1 0.0 0.0 0.0
Nb 6.592056369366e+00 1.210105197820e+00 1.782833092694e+01 1 1 1 0.0 0.0 0.0
Nb 9.864823132513e+00 7.638553474382e-02 1.782833092694e+01 1 1 1 0.0 0.0 0.0
Nb 5.937503016662e+00 4.611264187050e+00 1.782833092694e+01 1 1 1 0.0 0.0 0.0
Nb 9.210269779808e+00 3.477544523973e+00 1.782833092694e+01 1 1 1 0.0 0.0 0.0
Nb 1.248303654295e+01 2.343824860897e+00 1.782833092694e+01 1 1 1 0.0 0.0 0.0
Nb 1.575580330610e+01 1.210105197820e+00 1.782833092694e+01 1 1 1 0.0 0.0 0.0
Nb 5.282949663957e+00 8.012423176279e+00 1.782833092694e+01 1 1 1 0.0 0.0 0.0
Nb 8.555716427103e+00 6.878703513203e+00 1.782833092694e+01 1 1 1 0.0 0.0 0.0
Nb 1.182848319025e+01 5.744983850126e+00 1.782833092694e+01 1 1 1 0.0 0.0 0.0
Nb 1.510124995340e+01 4.611264187050e+00 1.782833092694e+01 1 1 1 0.0 0.0 0.0
Nb 1.837401671654e+01 3.477544523973e+00 1.782833092694e+01 1 1 1 0.0 0.0 0.0
Nb 7.901163074399e+00 1.027986250243e+01 1.782833092694e+01 1 1 1 0.0 0.0 0.0
Nb 1.117392983755e+01 9.146142839356e+00 1.782833092694e+01 1 1 1 0.0 0.0 0.0
Nb 1.444669660069e+01 8.012423176279e+00 1.782833092694e+01 1 1 1 0.0 0.0 0.0
Nb 1.771946336384e+01 6.878703513203e+00 1.782833092694e+01 1 1 1 0.0 0.0 0.0
Nb 2.099223012698e+01 5.744983850126e+00 1.782833092694e+01 1 1 1 0.0 0.0 0.0
Nb 1.051937648484e+01 1.254730182859e+01 1.782833092694e+01 1 1 1 0.0 0.0 0.0
Nb 1.379214324799e+01 1.141358216551e+01 1.782833092694e+01 1 1 1 0.0 0.0 0.0
Nb 1.706491001113e+01 1.027986250243e+01 1.782833092694e+01 1 1 1 0.0 0.0 0.0
Nb 2.033767677428e+01 9.146142839356e+00 1.782833092694e+01 1 1 1 0.0 0.0 0.0
Nb 1.313758989528e+01 1.481474115474e+01 1.782833092694e+01 1 1 1 0.0 0.0 0.0
Nb 1.641035665843e+01 1.368102149166e+01 1.782833092694e+01 1 1 1 0.0 0.0 0.0
Nb 1.968312342157e+01 1.254730182859e+01 1.782833092694e+01 1 1 1 0.0 0.0 0.0
Nb 2.295589018472e+01 1.141358216551e+01 1.782833092694e+01 1 1 1 0.0 0.0 0.0
Nb 2.230133683202e+01 1.481474115474e+01 1.782833092694e+01 1 1 1 0.0 0.0 0.0
Nb 2.557410359516e+01 1.368102149166e+01 1.782833092694e+01 1 1 1 0.0 0.0 0.0
Nb 7.051983443414e-01 8.528252855961e-02 1.168208868332e+01 1 1 1 0.0 0.0 0.0
Nb 3.323411754783e+00 2.352721854713e+00 1.168208868332e+01 1 1 1 0.0 0.0 0.0
Nb 6.596178517930e+00 1.219002191636e+00 1.168208868332e+01 1 1 1 0.0 0.0 0.0
Nb 9.868945281076e+00 8.528252855961e-02 1.168208868332e+01 1 1 1 0.0 0.0 0.0
Nb 5.941625165225e+00 4.620161180866e+00 1.168208868332e+01 1 1 1 0.0 0.0 0.0
Nb 9.214391928371e+00 3.486441517789e+00 1.168208868332e+01 1 1 1 0.0 0.0 0.0
Nb 1.248715869152e+01 2.352721854713e+00 1.168208868332e+01 1 1 1 0.0 0.0 0.0
Nb 1.575992545466e+01 1.219002191636e+00 1.168208868332e+01 1 1 1 0.0 0.0 0.0
Nb 5.287071812520e+00 8.021320170095e+00 1.168208868332e+01 1 1 1 0.0 0.0 0.0
Nb 8.559838575667e+00 6.887600507019e+00 1.168208868332e+01 1 1 1 0.0 0.0 0.0
Nb 1.183260533881e+01 5.753880843942e+00 1.168208868332e+01 1 1 1 0.0 0.0 0.0
Nb 1.510537210196e+01 4.620161180866e+00 1.168208868332e+01 1 1 1 0.0 0.0 0.0
Nb 1.837813886511e+01 3.486441517789e+00 1.168208868332e+01 1 1 1 0.0 0.0 0.0
Nb 7.905285222962e+00 1.028875949625e+01 1.168208868332e+01 1 1 1 0.0 0.0 0.0
Nb 1.117805198611e+01 9.155039833172e+00 1.168208868332e+01 1 1 1 0.0 0.0 0.0
Nb 1.445081874925e+01 8.021320170095e+00 1.168208868332e+01 1 1 1 0.0 0.0 0.0
Nb 1.772358551240e+01 6.887600507019e+00 1.168208868332e+01 1 1 1 0.0 0.0 0.0
Nb 2.099635227555e+01 5.753880843942e+00 1.168208868332e+01 1 1 1 0.0 0.0 0.0
Nb 1.052349863340e+01 1.255619882240e+01 1.168208868332e+01 1 1 1 0.0 0.0 0.0
Nb 1.379626539655e+01 1.142247915932e+01 1.168208868332e+01 1 1 1 0.0 0.0 0.0
Nb 1.706903215970e+01 1.028875949625e+01 1.168208868332e+01 1 1 1 0.0 0.0 0.0
Nb 2.034179892284e+01 9.155039833172e+00 1.168208868332e+01 1 1 1 0.0 0.0 0.0
Nb 1.314171204385e+01 1.482363814855e+01 1.168208868332e+01 1 1 1 0.0 0.0 0.0
Nb 1.641447880699e+01 1.368991848548e+01 1.168208868332e+01 1 1 1 0.0 0.0 0.0
Nb 1.968724557014e+01 1.255619882240e+01 1.168208868332e+01 1 1 1 0.0 0.0 0.0
Nb 2.296001233328e+01 1.142247915932e+01 1.168208868332e+01 1 1 1 0.0 0.0 0.0
Nb 2.230545898058e+01 1.482363814855e+01 1.168208868332e+01 1 1 1 0.0 0.0 0.0
Nb 2.557822574373e+01 1.368991848548e+01 1.168208868332e+01 1 1 1 0.0 0.0 0.0
Bi 1.907420982149e+01 1.134715132727e+01 3.834784015603e+01 1 1 1 0.0 0.0 0.0
Bi 1.955651229174e+01 1.552401324386e+01 3.834784015603e+01 1 1 1 0.0 0.0 0.0
Bi 1.473348758843e+01 5.499544644029e+00 3.834784015603e+01 1 1 1 0.0 0.0 0.0
Bi 1.521579005869e+01 9.676406560627e+00 3.834784015603e+01 1 1 1 0.0 0.0 0.0
Bi 1.569809252895e+01 1.385326847722e+01 3.834784015603e+01 1 1 1 0.0 0.0 0.0
Bi 1.087506782564e+01 3.828799877390e+00 3.834784015603e+01 1 1 1 0.0 0.0 0.0
Bi 1.135737029589e+01 8.005661793988e+00 3.834784015603e+01 1 1 1 0.0 0.0 0.0
Bi 1.183967276615e+01 1.218252371059e+01 3.834784015603e+01 1 1 1 0.0 0.0 0.0
Bi 3.158228300047e+00 4.873103441118e-01 3.834784015603e+01 1 1 1 0.0 0.0 0.0
Bi 7.016648062843e+00 2.158055110751e+00 3.834784015603e+01 1 1 1 0.0 0.0 0.0
Bi 7.498950533098e+00 6.334917027349e+00 3.834784015603e+01 1 1 1 0.0 0.0 0.0
Bi 7.981253003354e+00 1.051177894395e+01 3.834784015603e+01 1 1 1 0.0 0.0 0.0
Bi 2.679104934708e+01 1.468864086054e+01 3.834784015603e+01 1 1 1 0.0 0.0 0.0
Bi 3.640530770303e+00 4.664172260709e+00 3.834784015603e+01 1 1 1 0.0 0.0 0.0
Bi 2.245032711403e+01 8.841034177307e+00 3.834784015603e+01 1 1 1 0.0 0.0 0.0
Bi 2.293262958428e+01 1.301789609390e+01 3.834784015603e+01 1 1 1 0.0 0.0 0.0
Bi 1.810960488098e+01 2.993427494070e+00 3.834784015603e+01 1 1 1 0.0 0.0 0.0
Bi 1.859190735123e+01 7.170289410668e+00 3.834784015603e+01 1 1 1 0.0 0.0 0.0
Bi 1.425118511818e+01 1.322682727431e+00 3.834784015603e+01 1 1 1 0.0 0.0 0.0
Bi 2.152135170016e+01 1.107430633220e+01 3.436119714775e+01 1 1 1 0.0 0.0 0.0
Bi 2.200365417042e+01 1.525116824880e+01 3.436119714775e+01 1 1 1 0.0 0.0 0.0
Bi 1.718062946711e+01 5.226699648968e+00 3.436119714775e+01 1 1 1 0.0 0.0 0.0
Bi 1.766293193736e+01 9.403561565565e+00 3.436119714775e+01 1 1 1 0.0 0.0 0.0
Bi 1.814523440762e+01 1.358042348216e+01 3.436119714775e+01 1 1 1 0.0 0.0 0.0
Bi 1.332220970431e+01 3.555954882329e+00 3.436119714775e+01 1 1 1 0.0 0.0 0.0
Bi 1.380451217457e+01 7.732816798926e+00 3.436119714775e+01 1 1 1 0.0 0.0 0.0
Bi 1.428681464482e+01 1.190967871552e+01 3.436119714775e+01 1 1 1 0.0 0.0 0.0
Bi 5.605370178722e+00 2.144653490504e-01 3.436119714775e+01 1 1 1 0.0 0.0 0.0
Bi 9.463789941518e+00 1.885210115690e+00 3.436119714775e+01 1 1 1 0.0 0.0 0.0
Bi 9.946092411773e+00 6.062072032287e+00 3.436119714775e+01 1 1 1 0.0 0.0 0.0
Bi 1.042839488203e+01 1.023893394888e+01 3.436119714775e+01 1 1 1 0.0 0.0 0.0
Bi 1.091069735228e+01 1.441579586548e+01 3.436119714775e+01 1 1 1 0.0 0.0 0.0
Bi 6.087672648977e+00 4.391327265648e+00 3.436119714775e+01 1 1 1 0.0 0.0 0.0
Bi 6.569975119232e+00 8.568189182246e+00 3.436119714775e+01 1 1 1 0.0 0.0 0.0
Bi 2.537977146296e+01 1.274505109884e+01 3.436119714775e+01 1 1 1 0.0 0.0 0.0
Bi 2.229252886181e+00 2.720582499009e+00 3.436119714775e+01 1 1 1 0.0 0.0 0.0
Bi 2.103904922991e+01 6.897444415607e+00 3.436119714775e+01 1 1 1 0.0 0.0 0.0
Bi 1.669832699685e+01 1.049837732370e+00 3.436119714775e+01 1 1 1 0.0 0.0 0.0
Bi 2.156405952944e+01 1.102077758420e+01 2.831971850542e+01 1 1 1 0.0 0.0 0.0
Bi 2.204636199969e+01 1.519763950079e+01 2.831971850542e+01 1 1 1 0.0 0.0 0.0
Bi 1.722333729639e+01 5.173170900959e+00 2.831971850542e+01 1 1 1 0.0 0.0 0.0
Bi 1.770563976664e+01 9.350032817557e+00 2.831971850542e+01 1 1 1 0.0 0.0 0.0
Bi 1.818794223690e+01 1.352689473415e+01 2.831971850542e+01 1 1 1 0.0 0.0 0.0
Bi 1.336491753359e+01 3.502426134320e+00 2.831971850542e+01 1 1 1 0.0 0.0 0.0
Bi 1.384722000385e+01 7.679288050918e+00 2.831971850542e+01 1 1 1 0.0 0.0 0.0
Bi 1.432952247410e+01 1.185614996752e+01 2.831971850542e+01 1 1 1 0.0 0.0 0.0
Bi 5.648078007999e+00 1.609366010421e-01 2.831971850542e+01 1 1 1 0.0 0.0 0.0
Bi 9.506497770795e+00 1.831681367681e+00 2.831971850542e+01 1 1 1 0.0 0.0 0.0
Bi 9.988800241050e+00 6.008543284279e+00 2.831971850542e+01 1 1 1 0.0 0.0 0.0
Bi 1.047110271131e+01 1.018540520088e+01 2.831971850542e+01 1 1 1 0.0 0.0 0.0
Bi 1.095340518156e+01 1.436226711747e+01 2.831971850542e+01 1 1 1 0.0 0.0 0.0
Bi 6.130380478254e+00 4.337798517640e+00 2.831971850542e+01 1 1 1 0.0 0.0 0.0
Bi 6.612682948510e+00 8.514660434237e+00 2.831971850542e+01 1 1 1 0.0 0.0 0.0
Bi 2.542247929223e+01 1.269152235084e+01 2.831971850542e+01 1 1 1 0.0 0.0 0.0
Bi 2.271960715459e+00 2.667053751001e+00 2.831971850542e+01 1 1 1 0.0 0.0 0.0
Bi 2.108175705918e+01 6.843915667598e+00 2.831971850542e+01 1 1 1 0.0 0.0 0.0
Bi 1.674103482613e+01 9.963089843616e-01 2.831971850542e+01 1 1 1 0.0 0.0 0.0
Bi 2.013139272551e+01 9.087970099407e+00 2.434799808390e+01 1 1 1 0.0 0.0 0.0
Bi 2.061369519576e+01 1.326483201600e+01 2.434799808390e+01 1 1 1 0.0 0.0 0.0
Bi 1.579067049246e+01 3.240363416170e+00 2.434799808390e+01 1 1 1 0.0 0.0 0.0
Bi 1.627297296271e+01 7.417225332768e+00 2.434799808390e+01 1 1 1 0.0 0.0 0.0
Bi 1.675527543297e+01 1.159408724937e+01 2.434799808390e+01 1 1 1 0.0 0.0 0.0
Bi 1.193225072966e+01 1.569618649531e+00 2.434799808390e+01 1 1 1 0.0 0.0 0.0
Bi 1.241455319992e+01 5.746480566129e+00 2.434799808390e+01 1 1 1 0.0 0.0 0.0
Bi 1.289685567017e+01 9.923342482726e+00 2.434799808390e+01 1 1 1 0.0 0.0 0.0
Bi 1.337915814043e+01 1.410020439932e+01 2.434799808390e+01 1 1 1 0.0 0.0 0.0
Bi 1.723757790322e+01 1.577094916596e+01 2.434799808390e+01 1 1 1 0.0 0.0 0.0
Bi 8.556133437122e+00 4.075735799490e+00 2.434799808390e+01 1 1 1 0.0 0.0 0.0
Bi 9.038435907377e+00 8.252597716087e+00 2.434799808390e+01 1 1 1 0.0 0.0 0.0
Bi 9.520738377632e+00 1.242945963268e+01 2.434799808390e+01 1 1 1 0.0 0.0 0.0
Bi 4.697713674326e+00 2.404991032851e+00 2.434799808390e+01 1 1 1 0.0 0.0 0.0
Bi 5.180016144581e+00 6.581852949448e+00 2.434799808390e+01 1 1 1 0.0 0.0 0.0
Bi 2.398981248831e+01 1.075871486605e+01 2.434799808390e+01 1 1 1 0.0 0.0 0.0
Bi 8.392939115301e-01 7.342462662115e-01 2.434799808390e+01 1 1 1 0.0 0.0 0.0
Bi 1.964909025525e+01 4.911108182809e+00 2.434799808390e+01 1 1 1 0.0 0.0 0.0
Bi 2.447211495856e+01 1.493557678264e+01 2.434799808390e+01 1 1 1 0.0 0.0 0.0
Se 2.623247901010e+01 1.557992835173e+01 1.000000000000e+01 1 1 1 0.0 0.0 0.0
Se 1.359451610718e+00 1.975292394812e+00 1.000000000000e+01 1 1 1 0.0 0.0 0.0
Se 4.632218373864e+00 8.415727317359e-01 1.000000000000e+01 1 1 1 0.0 0.0 0.0
Se 1.706873207337e+01 1.557992835173e+01 1.000000000000e+01 1 1 1 0.0 0.0 0.0
Se 3.977665021160e+00 4.242731720965e+00 1.000000000000e+01 1 1 1 0.0 0.0 0.0
Se 7.250431784306e+00 3.109012057889e+00 1.000000000000e+01 1 1 1 0.0 0.0 0.0
Se 1.052319854745e+01 1.975292394812e+00 1.000000000000e+01 1 1 1 0.0 0.0 0.0
Se 1.379596531060e+01 8.415727317359e-01 1.000000000000e+01 1 1 1 0.0 0.0 0.0
Se 2.165060554192e+01 7.643890710195e+00 1.000000000000e+01 1 1 1 0.0 0.0 0.0
Se 6.595878431601e+00 6.510171047118e+00 1.000000000000e+01 1 1 1 0.0 0.0 0.0
Se 9.868645194748e+00 5.376451384042e+00 1.000000000000e+01 1 1 1 0.0 0.0 0.0
Se 1.314141195789e+01 4.242731720965e+00 1.000000000000e+01 1 1 1 0.0 0.0 0.0
Se 1.641417872104e+01 3.109012057889e+00 1.000000000000e+01 1 1 1 0.0 0.0 0.0
Se 5.941325078897e+00 9.911330036348e+00 1.000000000000e+01 1 1 1 0.0 0.0 0.0
Se 9.214091842043e+00 8.777610373271e+00 1.000000000000e+01 1 1 1 0.0 0.0 0.0
Se 1.248685860519e+01 7.643890710195e+00 1.000000000000e+01 1 1 1 0.0 0.0 0.0
Se 1.575962536834e+01 6.510171047118e+00 1.000000000000e+01 1 1 1 0.0 0.0 0.0
Se 1.903239213148e+01 5.376451384042e+00 1.000000000000e+01 1 1 1 0.0 0.0 0.0
Se 8.559538489338e+00 1.217876936250e+01 1.000000000000e+01 1 1 1 0.0 0.0 0.0
Se 1.183230525248e+01 1.104504969942e+01 1.000000000000e+01 1 1 1 0.0 0.0 0.0
Se 1.510507201563e+01 9.911330036348e+00 1.000000000000e+01 1 1 1 0.0 0.0 0.0
Se 1.837783877878e+01 8.777610373271e+00 1.000000000000e+01 1 1 1 0.0 0.0 0.0
Se 1.117775189978e+01 1.444620868865e+01 1.000000000000e+01 1 1 1 0.0 0.0 0.0
Se 1.445051866293e+01 1.331248902558e+01 1.000000000000e+01 1 1 1 0.0 0.0 0.0
Se 1.772328542607e+01 1.217876936250e+01 1.000000000000e+01 1 1 1 0.0 0.0 0.0
Se 2.099605218922e+01 1.104504969942e+01 1.000000000000e+01 1 1 1 0.0 0.0 0.0
Se 2.034149883651e+01 1.444620868865e+01 1.000000000000e+01 1 1 1 0.0 0.0 0.0
Se 2.361426559966e+01 1.331248902558e+01 1.000000000000e+01 1 1 1 0.0 0.0 0.0
Se 9.210056257603e+00 1.405912247997e+01 1.614602824434e+01 1 1 1 0.0 0.0 0.0
Se 2.664522731687e+00 4.544865230561e-01 1.614602824434e+01 1 1 1 0.0 0.0 0.0
Se 1.510103643119e+01 1.519284214305e+01 1.614602824434e+01 1 1 1 0.0 0.0 0.0
Se 1.837380319434e+01 1.405912247997e+01 1.614602824434e+01 1 1 1 0.0 0.0 0.0
Se 5.282736142129e+00 2.721925849209e+00 1.614602824434e+01 1 1 1 0.0 0.0 0.0
Se 8.555502905275e+00 1.588206186133e+00 1.614602824434e+01 1 1 1 0.0 0.0 0.0
Se 1.182826966842e+01 4.544865230561e-01 1.614602824434e+01 1 1 1 0.0 0.0 0.0
Se 2.426478336793e+01 1.519284214305e+01 1.614602824434e+01 1 1 1 0.0 0.0 0.0
Se 4.628182789424e+00 6.123084838439e+00 1.614602824434e+01 1 1 1 0.0 0.0 0.0
Se 7.900949552570e+00 4.989365175362e+00 1.614602824434e+01 1 1 1 0.0 0.0 0.0
Se 1.117371631572e+01 3.855645512286e+00 1.614602824434e+01 1 1 1 0.0 0.0 0.0
Se 1.444648307886e+01 2.721925849209e+00 1.614602824434e+01 1 1 1 0.0 0.0 0.0
Se 1.771924984201e+01 1.588206186133e+00 1.614602824434e+01 1 1 1 0.0 0.0 0.0
Se 7.246396199866e+00 8.390524164592e+00 1.614602824434e+01 1 1 1 0.0 0.0 0.0
Se 1.051916296301e+01 7.256804501515e+00 1.614602824434e+01 1 1 1 0.0 0.0 0.0
Se 1.379192972616e+01 6.123084838439e+00 1.614602824434e+01 1 1 1 0.0 0.0 0.0
Se 1.706469648930e+01 4.989365175362e+00 1.614602824434e+01 1 1 1 0.0 0.0 0.0
Se 2.033746325245e+01 3.855645512286e+00 1.614602824434e+01 1 1 1 0.0 0.0 0.0
Se 9.864609610307e+00 1.065796349074e+01 1.614602824434e+01 1 1 1 0.0 0.0 0.0
Se 1.313737637345e+01 9.524243827668e+00 1.614602824434e+01 1 1 1 0.0 0.0 0.0
Se 1.641014313660e+01 8.390524164592e+00 1.614602824434e+01 1 1 1 0.0 0.0 0.0
Se 1.968290989975e+01 7.256804501515e+00 1.614602824434e+01 1 1 1 0.0 0.0 0.0
Se 1.248282302075e+01 1.292540281690e+01 1.614602824434e+01 1 1 1 0.0 0.0 0.0
Se 1.575558978390e+01 1.179168315382e+01 1.614602824434e+01 1 1 1 0.0 0.0 0.0
Se 1.902835654704e+01 1.065796349074e+01 1.614602824434e+01 1 1 1 0.0 0.0 0.0
Se 2.230112331019e+01 9.524243827668e+00 1.614602824434e+01 1 1 1 0.0 0.0 0.0
Se 2.164656995748e+01 1.292540281690e+01 1.614602824434e+01 1 1 1 0.0 0.0 0.0
Se 2.491933672063e+01 1.179168315382e+01 1.614602824434e+01 1 1 1 0.0 0.0 0.0
Se 2.623243183911e+01 1.557885319207e+01 1.336443756309e+01 1 1 1 0.0 0.0 0.0
Se 1.359404439726e+00 1.974217235148e+00 1.336443756309e+01 1 1 1 0.0 0.0 0.0
Se 4.632171202872e+00 8.404975720715e-01 1.336443756309e+01 1 1 1 0.0 0.0 0.0
Se 1.706868490238e+01 1.557885319207e+01 1.336443756309e+01 1 1 1 0.0 0.0 0.0
Se 3.977617850167e+00 4.241656561301e+00 1.336443756309e+01 1 1 1 0.0 0.0 0.0
Se 7.250384613314e+00 3.107936898225e+00 1.336443756309e+01 1 1 1 0.0 0.0 0.0
Se 1.052315137646e+01 1.974217235148e+00 1.336443756309e+01 1 1 1 0.0 0.0 0.0
Se 1.379591813961e+01 8.404975720715e-01 1.336443756309e+01 1 1 1 0.0 0.0 0.0
Se 2.165055837093e+01 7.642815550531e+00 1.336443756309e+01 1 1 1 0.0 0.0 0.0
Se 6.595831260609e+00 6.509095887454e+00 1.336443756309e+01 1 1 1 0.0 0.0 0.0
Se 9.868598023755e+00 5.375376224378e+00 1.336443756309e+01 1 1 1 0.0 0.0 0.0
Se 1.314136478690e+01 4.241656561301e+00 1.336443756309e+01 1 1 1 0.0 0.0 0.0
Se 1.641413155005e+01 3.107936898225e+00 1.336443756309e+01 1 1 1 0.0 0.0 0.0
Se 5.941277907904e+00 9.910254876684e+00 1.336443756309e+01 1 1 1 0.0 0.0 0.0
Se 9.214044671051e+00 8.776535213607e+00 1.336443756309e+01 1 1 1 0.0 0.0 0.0
Se 1.248681143420e+01 7.642815550531e+00 1.336443756309e+01 1 1 1 0.0 0.0 0.0
Se 1.575957819734e+01 6.509095887454e+00 1.336443756309e+01 1 1 1 0.0 0.0 0.0
Se 1.903234496049e+01 5.375376224378e+00 1.336443756309e+01 1 1 1 0.0 0.0 0.0
Se 8.559491318346e+00 1.217769420284e+01 1.336443756309e+01 1 1 1 0.0 0.0 0.0
Se 1.183225808149e+01 1.104397453976e+01 1.336443756309e+01 1 1 1 0.0 0.0 0.0
Se 1.510502484464e+01 9.910254876684e+00 1.336443756309e+01 1 1 1 0.0 0.0 0.0
Se 1.837779160779e+01 8.776535213607e+00 1.336443756309e+01 1 1 1 0.0 0.0 0.0
Se 1.117770472879e+01 1.444513352899e+01 1.336443756309e+01 1 1 1 0.0 0.0 0.0
Se 1.445047149193e+01 1.331141386591e+01 1.336443756309e+01 1 1 1 0.0 0.0 0.0
Se 1.772323825508e+01 1.217769420284e+01 1.336443756309e+01 1 1 1 0.0 0.0 0.0
Se 2.099600501823e+01 1.104397453976e+01 1.336443756309e+01 1 1 1 0.0 0.0 0.0
Se 2.034145166552e+01 1.444513352899e+01 1.336443756309e+01 1 1 1 0.0 0.0 0.0
Se 2.361421842867e+01 1.331141386591e+01 1.336443756309e+01 1 1 1 0.0 0.0 0.0
Se 9.210189637384e+00 1.405807296012e+01 1.951046802998e+01 1 1 1 0.0 0.0 0.0
Se 2.664656111469e+00 4.534370032017e-01 1.951046802998e+01 1 1 1 0.0 0.0 0.0
Se 1.510116981097e+01 1.519179262320e+01 1.951046802998e+01 1 1 1 0.0 0.0 0.0
Se 1.837393657412e+01 1.405807296012e+01 1.951046802998e+01 1 1 1 0.0 0.0 0.0
Se 5.282869521910e+00 2.720876329355e+00 1.951046802998e+01 1 1 1 0.0 0.0 0.0
Se 8.555636285057e+00 1.587156666278e+00 1.951046802998e+01 1 1 1 0.0 0.0 0.0
Se 1.182840304820e+01 4.534370032017e-01 1.951046802998e+01 1 1 1 0.0 0.0 0.0
Se 2.426491674771e+01 1.519179262320e+01 1.951046802998e+01 1 1 1 0.0 0.0 0.0
Se 4.628316169206e+00 6.122035318584e+00 1.951046802998e+01 1 1 1 0.0 0.0 0.0
Se 7.901082932352e+00 4.988315655508e+00 1.951046802998e+01 1 1 1 0.0 0.0 0.0
Se 1.117384969550e+01 3.854595992431e+00 1.951046802998e+01 1 1 1 0.0 0.0 0.0
Se 1.444661645864e+01 2.720876329355e+00 1.951046802998e+01 1 1 1 0.0 0.0 0.0
Se 1.771938322179e+01 1.587156666278e+00 1.951046802998e+01 1 1 1 0.0 0.0 0.0
Se 7.246529579647e+00 8.389474644737e+00 1.951046802998e+01 1 1 1 0.0 0.0 0.0
Se 1.051929634279e+01 7.255754981661e+00 1.951046802998e+01 1 1 1 0.0 0.0 0.0
Se 1.379206310594e+01 6.122035318584e+00 1.951046802998e+01 1 1 1 0.0 0.0 0.0
Se 1.706482986909e+01 4.988315655508e+00 1.951046802998e+01 1 1 1 0.0 0.0 0.0
Se 2.033759663223e+01 3.854595992431e+00 1.951046802998e+01 1 1 1 0.0 0.0 0.0
Se 9.864742990089e+00 1.065691397089e+01 1.951046802998e+01 1 1 1 0.0 0.0 0.0
Se 1.313750975324e+01 9.523194307814e+00 1.951046802998e+01 1 1 1 0.0 0.0 0.0
Se 1.641027651638e+01 8.389474644737e+00 1.951046802998e+01 1 1 1 0.0 0.0 0.0
Se 1.968304327953e+01 7.255754981661e+00 1.951046802998e+01 1 1 1 0.0 0.0 0.0
Se 1.248295640053e+01 1.292435329704e+01 1.951046802998e+01 1 1 1 0.0 0.0 0.0
Se 1.575572316368e+01 1.179063363397e+01 1.951046802998e+01 1 1 1 0.0 0.0 0.0
Se 1.902848992682e+01 1.065691397089e+01 1.951046802998e+01 1 1 1 0.0 0.0 0.0
Se 2.230125668997e+01 9.523194307814e+00 1.951046802998e+01 1 1 1 0.0 0.0 0.0
Se 2.164670333727e+01 1.292435329704e+01 1.951046802998e+01 1 1 1 0.0 0.0 0.0
Se 2.491947010041e+01 1.179063363397e+01 1.951046802998e+01 1 1 1 0.0 0.0 0.0
Se 2.147885757712e+01 1.105862244574e+01 3.998930533072e+01 1 1 1 0.0 0.0 0.0
Se 2.196116004737e+01 1.523548436234e+01 3.998930533072e+01 1 1 1 0.0 0.0 0.0
Se 1.713813534407e+01 5.211015762507e+00 3.998930533072e+01 1 1 1 0.0 0.0 0.0
Se 1.762043781432e+01 9.387877679105e+00 3.998930533072e+01 1 1 1 0.0 0.0 0.0
Se 1.810274028458e+01 1.356473959570e+01 3.998930533072e+01 1 1 1 0.0 0.0 0.0
Se 1.327971558127e+01 3.540270995868e+00 3.998930533072e+01 1 1 1 0.0 0.0 0.0
Se 1.376201805153e+01 7.717132912466e+00 3.998930533072e+01 1 1 1 0.0 0.0 0.0
Se 1.424432052178e+01 1.189399482906e+01 3.998930533072e+01 1 1 1 0.0 0.0 0.0
Se 5.562876055680e+00 1.987814625898e-01 3.998930533072e+01 1 1 1 0.0 0.0 0.0
Se 9.421295818476e+00 1.869526229229e+00 3.998930533072e+01 1 1 1 0.0 0.0 0.0
Se 9.903598288732e+00 6.046388145827e+00 3.998930533072e+01 1 1 1 0.0 0.0 0.0
Se 1.038590075899e+01 1.022325006242e+01 3.998930533072e+01 1 1 1 0.0 0.0 0.0
Se 1.086820322924e+01 1.440011197902e+01 3.998930533072e+01 1 1 1 0.0 0.0 0.0
Se 6.045178525936e+00 4.375643379187e+00 3.998930533072e+01 1 1 1 0.0 0.0 0.0
Se 6.527480996191e+00 8.552505295785e+00 3.998930533072e+01 1 1 1 0.0 0.0 0.0
Se 2.533727733992e+01 1.272936721238e+01 3.998930533072e+01 1 1 1 0.0 0.0 0.0
Se 2.186758763140e+00 2.704898612548e+00 3.998930533072e+01 1 1 1 0.0 0.0 0.0
Se 2.099655510686e+01 6.881760529146e+00 3.998930533072e+01 1 1 1 0.0 0.0 0.0
Se 1.665583287381e+01 1.034153845909e+00 3.998930533072e+01 1 1 1 0.0 0.0 0.0
Se 2.005893365234e+01 9.135734380181e+00 3.635172086532e+01 1 1 1 0.0 0.0 0.0
Se 2.054123612260e+01 1.331259629678e+01 3.635172086532e+01 1 1 1 0.0 0.0 0.0
Se 1.571821141929e+01 3.288127696945e+00 3.635172086532e+01 1 1 1 0.0 0.0 0.0
Se 1.620051388955e+01 7.464989613542e+00 3.635172086532e+01 1 1 1 0.0 0.0 0.0
Se 1.668281635980e+01 1.164185153014e+01 3.635172086532e+01 1 1 1 0.0 0.0 0.0
Se 1.185979165650e+01 1.617382930306e+00 3.635172086532e+01 1 1 1 0.0 0.0 0.0
Se 1.234209412675e+01 5.794244846903e+00 3.635172086532e+01 1 1 1 0.0 0.0 0.0
Se 1.282439659701e+01 9.971106763501e+00 3.635172086532e+01 1 1 1 0.0 0.0 0.0
Se 1.330669906726e+01 1.414796868010e+01 3.635172086532e+01 1 1 1 0.0 0.0 0.0
Se 1.716511883006e+01 1.581871344674e+01 3.635172086532e+01 1 1 1 0.0 0.0 0.0
Se 8.483674363957e+00 4.123500080264e+00 3.635172086532e+01 1 1 1 0.0 0.0 0.0
Se 8.965976834212e+00 8.300361996862e+00 3.635172086532e+01 1 1 1 0.0 0.0 0.0
Se 9.448279304467e+00 1.247722391346e+01 3.635172086532e+01 1 1 1 0.0 0.0 0.0
Se 4.625254601161e+00 2.452755313625e+00 3.635172086532e+01 1 1 1 0.0 0.0 0.0
Se 5.107557071416e+00 6.629617230223e+00 3.635172086532e+01 1 1 1 0.0 0.0 0.0
Se 2.391735341514e+01 1.080647914682e+01 3.635172086532e+01 1 1 1 0.0 0.0 0.0
Se 7.668348383651e-01 7.820105469861e-01 3.635172086532e+01 1 1 1 0.0 0.0 0.0
Se 1.957663118209e+01 4.958872463584e+00 3.635172086532e+01 1 1 1 0.0 0.0 0.0
Se 2.439965588540e+01 1.498334106342e+01 3.635172086532e+01 1 1 1 0.0 0.0 0.0
Se 1.909574195262e+01 1.135035338659e+01 3.271820175121e+01 1 1 1 0.0 0.0 0.0
Se 1.957804442287e+01 1.552721530319e+01 3.271820175121e+01 1 1 1 0.0 0.0 0.0
Se 1.475501971957e+01 5.502746703354e+00 3.271820175121e+01 1 1 1 0.0 0.0 0.0
Se 1.523732218982e+01 9.679608619951e+00 3.271820175121e+01 1 1 1 0.0 0.0 0.0
Se 1.571962466008e+01 1.385647053655e+01 3.271820175121e+01 1 1 1 0.0 0.0 0.0
Se 1.089659995677e+01 3.832001936715e+00 3.271820175121e+01 1 1 1 0.0 0.0 0.0
Se 1.137890242702e+01 8.008863853312e+00 3.271820175121e+01 1 1 1 0.0 0.0 0.0
Se 1.186120489728e+01 1.218572576991e+01 3.271820175121e+01 1 1 1 0.0 0.0 0.0
Se 3.179760431178e+00 4.905124034364e-01 3.271820175121e+01 1 1 1 0.0 0.0 0.0
Se 7.038180193974e+00 2.161257170075e+00 3.271820175121e+01 1 1 1 0.0 0.0 0.0
Se 7.520482664229e+00 6.338119086673e+00 3.271820175121e+01 1 1 1 0.0 0.0 0.0
Se 8.002785134484e+00 1.051498100327e+01 3.271820175121e+01 1 1 1 0.0 0.0 0.0
Se 8.485087604739e+00 1.469184291987e+01 3.271820175121e+01 1 1 1 0.0 0.0 0.0
Se 3.662062901433e+00 4.667374320034e+00 3.271820175121e+01 1 1 1 0.0 0.0 0.0
Se 2.247185924516e+01 8.844236236632e+00 3.271820175121e+01 1 1 1 0.0 0.0 0.0
Se 2.295416171541e+01 1.302109815323e+01 3.271820175121e+01 1 1 1 0.0 0.0 0.0
Se 1.813113701211e+01 2.996629553395e+00 3.271820175121e+01 1 1 1 0.0 0.0 0.0
Se 1.861343948236e+01 7.173491469993e+00 3.271820175121e+01 1 1 1 0.0 0.0 0.0
Se 1.427271724931e+01 1.325884786756e+00 3.271820175121e+01 1 1 1 0.0 0.0 0.0
Se 2.012893105673e+01 9.091366214468e+00 2.995146533993e+01 1 1 1 0.0 0.0 0.0
Se 2.061123352699e+01 1.326822813107e+01 2.995146533993e+01 1 1 1 0.0 0.0 0.0
Se 1.578820882368e+01 3.243759531232e+00 2.995146533993e+01 1 1 1 0.0 0.0 0.0
Se 1.627051129393e+01 7.420621447829e+00 2.995146533993e+01 1 1 1 0.0 0.0 0.0
Se 1.675281376419e+01 1.159748336443e+01 2.995146533993e+01 1 1 1 0.0 0.0 0.0
Se 1.192978906088e+01 1.573014764592e+00 2.995146533993e+01 1 1 1 0.0 0.0 0.0
Se 1.241209153114e+01 5.749876681190e+00 2.995146533993e+01 1 1 1 0.0 0.0 0.0
Se 1.289439400139e+01 9.926738597788e+00 2.995146533993e+01 1 1 1 0.0 0.0 0.0
Se 1.337669647165e+01 1.410360051439e+01 2.995146533993e+01 1 1 1 0.0 0.0 0.0
Se 1.723511623444e+01 1.577434528102e+01 2.995146533993e+01 1 1 1 0.0 0.0 0.0
Se 8.553671768343e+00 4.079131914551e+00 2.995146533993e+01 1 1 1 0.0 0.0 0.0
Se 9.035974238598e+00 8.255993831149e+00 2.995146533993e+01 1 1 1 0.0 0.0 0.0
Se 9.518276708853e+00 1.243285574775e+01 2.995146533993e+01 1 1 1 0.0 0.0 0.0
Se 4.695252005547e+00 2.408387147912e+00 2.995146533993e+01 1 1 1 0.0 0.0 0.0
Se 5.177554475802e+00 6.585249064510e+00 2.995146533993e+01 1 1 1 0.0 0.0 0.0
Se 2.398735081953e+01 1.076211098111e+01 2.995146533993e+01 1 1 1 0.0 0.0 0.0
Se 8.368322427508e-01 7.376423812729e-01 2.995146533993e+01 1 1 1 0.0 0.0 0.0
Se 1.964662858647e+01 4.914504297871e+00 2.995146533993e+01 1 1 1 0.0 0.0 0.0
Se 2.446965328978e+01 1.493897289771e+01 2.995146533993e+01 1 1 1 0.0 0.0 0.0
Se 1.916067157082e+01 1.129945531150e+01 2.633360299309e+01 1 1 1 0.0 0.0 0.0
Se 1.964297404108e+01 1.547631722810e+01 2.633360299309e+01 1 1 1 0.0 0.0 0.0
Se 1.481994933777e+01 5.451848628267e+00 2.633360299309e+01 1 1 1 0.0 0.0 0.0
Se 1.530225180803e+01 9.628710544865e+00 2.633360299309e+01 1 1 1 0.0 0.0 0.0
Se 1.578455427828e+01 1.380557246146e+01 2.633360299309e+01 1 1 1 0.0 0.0 0.0
Se 1.096152957497e+01 3.781103861628e+00 2.633360299309e+01 1 1 1 0.0 0.0 0.0
Se 1.144383204523e+01 7.957965778226e+00 2.633360299309e+01 1 1 1 0.0 0.0 0.0
Se 1.192613451549e+01 1.213482769482e+01 2.633360299309e+01 1 1 1 0.0 0.0 0.0
Se 3.244690049383e+00 4.396143283500e-01 2.633360299309e+01 1 1 1 0.0 0.0 0.0
Se 7.103109812179e+00 2.110359094989e+00 2.633360299309e+01 1 1 1 0.0 0.0 0.0
Se 7.585412282434e+00 6.287221011587e+00 2.633360299309e+01 1 1 1 0.0 0.0 0.0
Se 8.067714752689e+00 1.046408292818e+01 2.633360299309e+01 1 1 1 0.0 0.0 0.0
Se 8.550017222944e+00 1.464094484478e+01 2.633360299309e+01 1 1 1 0.0 0.0 0.0
Se 3.726992519638e+00 4.616476244948e+00 2.633360299309e+01 1 1 1 0.0 0.0 0.0
Se 2.253678886336e+01 8.793338161545e+00 2.633360299309e+01 1 1 1 0.0 0.0 0.0
Se 2.301909133362e+01 1.297020007814e+01 2.633360299309e+01 1 1 1 0.0 0.0 0.0
Se 1.819606663031e+01 2.945731478309e+00 2.633360299309e+01 1 1 1 0.0 0.0 0.0
Se 1.867836910057e+01 7.122593394906e+00 2.633360299309e+01 1 1 1 0.0 0.0 0.0
Se 1.433764686752e+01 1.274986711670e+00 2.633360299309e+01 1 1 1 0.0 0.0 0.0
Se 2.155987372681e+01 1.101423131640e+01 2.271046802998e+01 1 1 1 0.0 0.0 0.0
Se 2.204217619707e+01 1.519109323300e+01 2.271046802998e+01 1 1 1 0.0 0.0 0.0
Se 1.721915149376e+01 5.166624633167e+00 2.271046802998e+01 1 1 1 0.0 0.0 0.0
Se 1.770145396402e+01 9.343486549765e+00 2.271046802998e+01 1 1 1 0.0 0.0 0.0
Se 1.818375643427e+01 1.352034846636e+01 2.271046802998e+01 1 1 1 0.0 0.0 0.0
Se 1.336073173097e+01 3.495879866528e+00 2.271046802998e+01 1 1 1 0.0 0.0 0.0
Se 1.384303420122e+01 7.672741783126e+00 2.271046802998e+01 1 1 1 0.0 0.0 0.0
Se 1.432533667148e+01 1.184960369972e+01 2.271046802998e+01 1 1 1 0.0 0.0 0.0
Se 5.643892205374e+00 1.543903332500e-01 2.271046802998e+01 1 1 1 0.0 0.0 0.0
Se 9.502311968170e+00 1.825135099889e+00 2.271046802998e+01 1 1 1 0.0 0.0 0.0
Se 9.984614438425e+00 6.001997016487e+00 2.271046802998e+01 1 1 1 0.0 0.0 0.0
Se 1.046691690868e+01 1.017885893308e+01 2.271046802998e+01 1 1 1 0.0 0.0 0.0
Se 1.094921937894e+01 1.435572084968e+01 2.271046802998e+01 1 1 1 0.0 0.0 0.0
Se 6.126194675630e+00 4.331252249848e+00 2.271046802998e+01 1 1 1 0.0 0.0 0.0
Se 6.608497145885e+00 8.508114166445e+00 2.271046802998e+01 1 1 1 0.0 0.0 0.0
Se 2.541829348961e+01 1.268497608304e+01 2.271046802998e+01 1 1 1 0.0 0.0 0.0
Se 2.267774912834e+00 2.660507483209e+00 2.271046802998e+01 1 1 1 0.0 0.0 0.0
Se 2.107757125656e+01 6.837369399806e+00 2.271046802998e+01 1 1 1 0.0 0.0 0.0
Se 1.673684902351e+01 9.897627165695e-01 2.271046802998e+01 1 1 1 0.0 0.0 0.0
"