calculation_mode = "Quench Electrons"
cell_relax = "False"
charge_density_mixing = "0.1"
charge_mixing_type = "Broyden"
description = "Example parameters for high-throughput bulk relaxation of a vdW material"
dos_broading = "0.05"
dos_method = "Gaussian"
energy_convergence_criterion = "1e-10"
energy_output_units = "Hartrees"
kohn_sham_mucycles = "3"
kohn_sham_solver = "davidson"
kpoint_mesh = "1 1 1"
localize_projectors = "False"
max_md_steps = "100"
max_scf_steps = "200"
non_local_block_size = "4000"
potential_acceleration_constant_step = "1.5"
processor_grid = "4 8 14"
rms_convergence_criterion = "1e-08"
scalapack_block_factor = "64"
start_mode = "LCAO Start"
state_block_size = "64"
stress = "True"
subdiag_driver = "scalapack"
use_async_allreduce = "False"
vdw_corr = "DFT-D3"
vdwdf_kernel_filepath = "/lustre/orion/world-shared/cph162/rjmorelock/rmgdft/XC/vdW_kernel_table"
wavefunction_grid = "128 194 378"
write_data_period = "50"

atomic_coordinate_type = "Absolute"
crds_units = "Angstrom"
lattice_units = "Angstrom"

lattice_vector = "
1.509735502135e+01 0.000000000000e+00 9.000000000000e-16
5.562183429240e+00 2.202053554401e+01 1.400000000000e-15
0.000000000000e+00 0.000000000000e+00 4.446241589303e+01
"
atoms = "
Nb 5.823372267280e+00 1.564650823263e+01 1.532833092694e+01 1 1 1 0.0 0.0 0.0
Nb 9.001762798111e+00 1.702279170413e+01 1.532833092694e+01 1 1 1 0.0 0.0 0.0
Nb 1.218015332894e+01 1.839907517564e+01 1.532833092694e+01 1 1 1 0.0 0.0 0.0
Nb 5.426073450878e+00 1.220579955388e+01 1.532833092694e+01 1 1 1 0.0 0.0 0.0
Nb 8.604463981709e+00 1.358208302538e+01 1.532833092694e+01 1 1 1 0.0 0.0 0.0
Nb 1.178285451254e+01 1.495836649688e+01 1.532833092694e+01 1 1 1 0.0 0.0 0.0
Nb 1.496124504337e+01 1.633464996838e+01 1.532833092694e+01 1 1 1 0.0 0.0 0.0
Nb 1.813963557420e+01 1.771093343989e+01 1.532833092694e+01 1 1 1 0.0 0.0 0.0
Nb 5.028774634477e+00 8.765090875130e+00 1.532833092694e+01 1 1 1 0.0 0.0 0.0
Nb 8.207165165308e+00 1.014137434663e+01 1.532833092694e+01 1 1 1 0.0 0.0 0.0
Nb 1.138555569614e+01 1.151765781813e+01 1.532833092694e+01 1 1 1 0.0 0.0 0.0
Nb 1.456394622697e+01 1.289394128963e+01 1.532833092694e+01 1 1 1 0.0 0.0 0.0
Nb 1.774233675780e+01 1.427022476113e+01 1.532833092694e+01 1 1 1 0.0 0.0 0.0
Nb 4.631475818075e+00 5.324382196378e+00 1.532833092694e+01 1 1 1 0.0 0.0 0.0
Nb 7.809866348906e+00 6.700665667879e+00 1.532833092694e+01 1 1 1 0.0 0.0 0.0
Nb 1.098825687974e+01 8.076949139380e+00 1.532833092694e+01 1 1 1 0.0 0.0 0.0
Nb 1.416664741057e+01 9.453232610880e+00 1.532833092694e+01 1 1 1 0.0 0.0 0.0
Nb 1.734503794140e+01 1.082951608238e+01 1.532833092694e+01 1 1 1 0.0 0.0 0.0
Nb 4.234177001674e+00 1.883673517626e+00 1.532833092694e+01 1 1 1 0.0 0.0 0.0
Nb 7.412567532505e+00 3.259956989127e+00 1.532833092694e+01 1 1 1 0.0 0.0 0.0
Nb 1.059095806334e+01 4.636240460627e+00 1.532833092694e+01 1 1 1 0.0 0.0 0.0
Nb 1.376934859417e+01 6.012523932128e+00 1.532833092694e+01 1 1 1 0.0 0.0 0.0
Nb 1.694773912500e+01 7.388807403629e+00 1.532833092694e+01 1 1 1 0.0 0.0 0.0
Nb 6.220671083681e+00 1.908721691139e+01 1.532833092694e+01 1 1 1 0.0 0.0 0.0
Nb 9.399061614512e+00 2.046350038289e+01 1.532833092694e+01 1 1 1 0.0 0.0 0.0
Nb 1.257745214534e+01 2.183978385439e+01 1.532833092694e+01 1 1 1 0.0 0.0 0.0
Nb 1.019365924693e+01 1.195531781875e+00 1.532833092694e+01 1 1 1 0.0 0.0 0.0
Nb 1.337204977776e+01 2.571815253376e+00 1.532833092694e+01 1 1 1 0.0 0.0 0.0
Nb 1.453085287244e+00 3.948098724877e+00 1.532833092694e+01 1 1 1 0.0 0.0 0.0
Nb 1.535854385977e+01 1.977535864714e+01 1.532833092694e+01 1 1 1 0.0 0.0 0.0
Nb 1.853693439060e+01 2.115164211864e+01 1.532833092694e+01 1 1 1 0.0 0.0 0.0
Nb 1.055786470843e+00 5.073900461250e-01 1.532833092694e+01 1 1 1 0.0 0.0 0.0
Nb 5.828150887009e+00 1.563794590811e+01 9.182088683320e+00 1 1 1 0.0 0.0 0.0
Nb 9.006541417840e+00 1.701422937961e+01 9.182088683320e+00 1 1 1 0.0 0.0 0.0
Nb 1.218493194867e+01 1.839051285111e+01 9.182088683320e+00 1 1 1 0.0 0.0 0.0
Nb 5.430852070607e+00 1.219723722936e+01 9.182088683320e+00 1 1 1 0.0 0.0 0.0
Nb 8.609242601438e+00 1.357352070086e+01 9.182088683320e+00 1 1 1 0.0 0.0 0.0
Nb 1.178763313227e+01 1.494980417236e+01 9.182088683320e+00 1 1 1 0.0 0.0 0.0
Nb 1.496602366310e+01 1.632608764386e+01 9.182088683320e+00 1 1 1 0.0 0.0 0.0
Nb 1.814441419393e+01 1.770237111536e+01 9.182088683320e+00 1 1 1 0.0 0.0 0.0
Nb 5.033553254206e+00 8.756528550608e+00 9.182088683320e+00 1 1 1 0.0 0.0 0.0
Nb 8.211943785037e+00 1.013281202211e+01 9.182088683320e+00 1 1 1 0.0 0.0 0.0
Nb 1.139033431587e+01 1.150909549361e+01 9.182088683320e+00 1 1 1 0.0 0.0 0.0
Nb 1.456872484670e+01 1.288537896511e+01 9.182088683320e+00 1 1 1 0.0 0.0 0.0
Nb 1.774711537753e+01 1.426166243661e+01 9.182088683320e+00 1 1 1 0.0 0.0 0.0
Nb 4.636254437804e+00 5.315819871856e+00 9.182088683320e+00 1 1 1 0.0 0.0 0.0
Nb 7.814644968635e+00 6.692103343357e+00 9.182088683320e+00 1 1 1 0.0 0.0 0.0
Nb 1.099303549947e+01 8.068386814857e+00 9.182088683320e+00 1 1 1 0.0 0.0 0.0
Nb 1.417142603030e+01 9.444670286358e+00 9.182088683320e+00 1 1 1 0.0 0.0 0.0
Nb 1.734981656113e+01 1.082095375786e+01 9.182088683320e+00 1 1 1 0.0 0.0 0.0
Nb 4.238955621403e+00 1.875111193104e+00 9.182088683320e+00 1 1 1 0.0 0.0 0.0
Nb 7.417346152233e+00 3.251394664605e+00 9.182088683320e+00 1 1 1 0.0 0.0 0.0
Nb 1.059573668306e+01 4.627678136105e+00 9.182088683320e+00 1 1 1 0.0 0.0 0.0
Nb 1.377412721390e+01 6.003961607606e+00 9.182088683320e+00 1 1 1 0.0 0.0 0.0
Nb 1.695251774473e+01 7.380245079107e+00 9.182088683320e+00 1 1 1 0.0 0.0 0.0
Nb 6.225449703410e+00 1.907865458686e+01 9.182088683320e+00 1 1 1 0.0 0.0 0.0
Nb 9.403840234241e+00 2.045493805836e+01 9.182088683320e+00 1 1 1 0.0 0.0 0.0
Nb 1.258223076507e+01 2.183122152987e+01 9.182088683320e+00 1 1 1 0.0 0.0 0.0
Nb 1.019843786666e+01 1.186969457353e+00 9.182088683320e+00 1 1 1 0.0 0.0 0.0
Nb 1.337682839749e+01 2.563252928854e+00 9.182088683320e+00 1 1 1 0.0 0.0 0.0
Nb 1.457863906973e+00 3.939536400355e+00 9.182088683320e+00 1 1 1 0.0 0.0 0.0
Nb 1.536332247950e+01 1.976679632261e+01 9.182088683320e+00 1 1 1 0.0 0.0 0.0
Nb 1.854171301033e+01 2.114307979412e+01 9.182088683320e+00 1 1 1 0.0 0.0 0.0
Nb 1.060565090572e+00 4.988277216029e-01 9.182088683320e+00 1 1 1 0.0 0.0 0.0
Bi 9.021774827248e+00 1.288679280523e+00 3.532095071834e+01 1 1 1 0.0 0.0 0.0
Bi 1.197313746305e+01 4.434470072524e+00 3.532095071834e+01 1 1 1 0.0 0.0 0.0
Bi 4.973110698730e+00 2.337276211190e+00 3.532095071834e+01 1 1 1 0.0 0.0 0.0
Bi 7.924473334529e+00 5.483067003192e+00 3.532095071834e+01 1 1 1 0.0 0.0 0.0
Bi 1.087583597033e+01 8.628857795194e+00 3.532095071834e+01 1 1 1 0.0 0.0 0.0
Bi 1.382719860613e+01 1.177464858720e+01 3.532095071834e+01 1 1 1 0.0 0.0 0.0
Bi 1.307043895577e+01 2.400823498553e-01 3.532095071834e+01 1 1 1 0.0 0.0 0.0
Bi 9.244465702127e-01 3.385873141857e+00 3.532095071834e+01 1 1 1 0.0 0.0 0.0
Bi 3.875809206012e+00 6.531663933859e+00 3.532095071834e+01 1 1 1 0.0 0.0 0.0
Bi 6.827171841810e+00 9.677454725861e+00 3.532095071834e+01 1 1 1 0.0 0.0 0.0
Bi 9.778534477609e+00 1.282324551786e+01 3.532095071834e+01 1 1 1 0.0 0.0 0.0
Bi 1.272989711341e+01 1.596903630986e+01 3.532095071834e+01 1 1 1 0.0 0.0 0.0
Bi 1.568125974921e+01 1.911482710187e+01 3.532095071834e+01 1 1 1 0.0 0.0 0.0
Bi 1.492450009885e+01 7.580260864526e+00 3.532095071834e+01 1 1 1 0.0 0.0 0.0
Bi 2.778507713293e+00 1.072605165653e+01 3.532095071834e+01 1 1 1 0.0 0.0 0.0
Bi 5.729870349092e+00 1.387184244853e+01 3.532095071834e+01 1 1 1 0.0 0.0 0.0
Bi 8.681232984890e+00 1.701763324053e+01 3.532095071834e+01 1 1 1 0.0 0.0 0.0
Bi 1.163259562069e+01 2.016342403253e+01 3.532095071834e+01 1 1 1 0.0 0.0 0.0
Bi 1.677856124193e+01 1.492043937920e+01 3.532095071834e+01 1 1 1 0.0 0.0 0.0
Bi 4.632568856373e+00 1.806623017120e+01 3.532095071834e+01 1 1 1 0.0 0.0 0.0
Bi 7.583931492172e+00 2.121202096320e+01 3.532095071834e+01 1 1 1 0.0 0.0 0.0
Bi 6.719770042768e+00 5.718257914296e-01 3.133430771007e+01 1 1 1 0.0 0.0 0.0
Bi 9.671132678567e+00 3.717616583431e+00 3.133430771007e+01 1 1 1 0.0 0.0 0.0
Bi 2.671105914250e+00 1.620422722097e+00 3.133430771007e+01 1 1 1 0.0 0.0 0.0
Bi 5.622468550049e+00 4.766213514099e+00 3.133430771007e+01 1 1 1 0.0 0.0 0.0
Bi 8.573831185848e+00 7.912004306101e+00 3.133430771007e+01 1 1 1 0.0 0.0 0.0
Bi 1.152519382165e+01 1.105779509810e+01 3.133430771007e+01 1 1 1 0.0 0.0 0.0
Bi 1.633061760053e+01 2.154376440478e+01 3.133430771007e+01 1 1 1 0.0 0.0 0.0
Bi 1.371979680708e+01 2.669019652764e+00 3.133430771007e+01 1 1 1 0.0 0.0 0.0
Bi 1.573804421532e+00 5.814810444766e+00 3.133430771007e+01 1 1 1 0.0 0.0 0.0
Bi 4.525167057330e+00 8.960601236768e+00 3.133430771007e+01 1 1 1 0.0 0.0 0.0
Bi 7.476529693129e+00 1.210639202877e+01 3.133430771007e+01 1 1 1 0.0 0.0 0.0
Bi 1.042789232893e+01 1.525218282077e+01 3.133430771007e+01 1 1 1 0.0 0.0 0.0
Bi 1.337925496473e+01 1.839797361277e+01 3.133430771007e+01 1 1 1 0.0 0.0 0.0
Bi 1.262249531437e+01 6.863407375433e+00 3.133430771007e+01 1 1 1 0.0 0.0 0.0
Bi 1.557385795016e+01 1.000919816744e+01 3.133430771007e+01 1 1 1 0.0 0.0 0.0
Bi 3.427865564612e+00 1.315498895944e+01 3.133430771007e+01 1 1 1 0.0 0.0 0.0
Bi 6.379228200410e+00 1.630077975144e+01 3.133430771007e+01 1 1 1 0.0 0.0 0.0
Bi 9.330590836209e+00 1.944657054344e+01 3.133430771007e+01 1 1 1 0.0 0.0 0.0
Bi 1.447655645745e+01 1.420358589010e+01 3.133430771007e+01 1 1 1 0.0 0.0 0.0
Bi 1.742791909324e+01 1.734937668211e+01 3.133430771007e+01 1 1 1 0.0 0.0 0.0
Bi 5.281926707692e+00 2.049516747411e+01 3.133430771007e+01 1 1 1 0.0 0.0 0.0
Bi 6.720200431831e+00 5.007421928211e-01 2.529282906773e+01 1 1 1 0.0 0.0 0.0
Bi 9.671563067629e+00 3.646532984823e+00 2.529282906773e+01 1 1 1 0.0 0.0 0.0
Bi 2.671536303313e+00 1.549339123488e+00 2.529282906773e+01 1 1 1 0.0 0.0 0.0
Bi 5.622898939112e+00 4.695129915490e+00 2.529282906773e+01 1 1 1 0.0 0.0 0.0
Bi 8.574261574911e+00 7.840920707492e+00 2.529282906773e+01 1 1 1 0.0 0.0 0.0
Bi 1.152562421071e+01 1.098671149949e+01 2.529282906773e+01 1 1 1 0.0 0.0 0.0
Bi 1.633104798959e+01 2.147268080617e+01 2.529282906773e+01 1 1 1 0.0 0.0 0.0
Bi 1.372022719615e+01 2.597936054156e+00 2.529282906773e+01 1 1 1 0.0 0.0 0.0
Bi 1.574234810594e+00 5.743726846158e+00 2.529282906773e+01 1 1 1 0.0 0.0 0.0
Bi 4.525597446393e+00 8.889517638159e+00 2.529282906773e+01 1 1 1 0.0 0.0 0.0
Bi 7.476960082192e+00 1.203530843016e+01 2.529282906773e+01 1 1 1 0.0 0.0 0.0
Bi 1.042832271799e+01 1.518109922216e+01 2.529282906773e+01 1 1 1 0.0 0.0 0.0
Bi 1.337968535379e+01 1.832689001417e+01 2.529282906773e+01 1 1 1 0.0 0.0 0.0
Bi 1.262292570343e+01 6.792323776825e+00 2.529282906773e+01 1 1 1 0.0 0.0 0.0
Bi 1.557428833923e+01 9.938114568827e+00 2.529282906773e+01 1 1 1 0.0 0.0 0.0
Bi 3.428295953674e+00 1.308390536083e+01 2.529282906773e+01 1 1 1 0.0 0.0 0.0
Bi 6.379658589473e+00 1.622969615283e+01 2.529282906773e+01 1 1 1 0.0 0.0 0.0
Bi 9.331021225272e+00 1.937548694483e+01 2.529282906773e+01 1 1 1 0.0 0.0 0.0
Bi 1.447698684651e+01 1.413250229150e+01 2.529282906773e+01 1 1 1 0.0 0.0 0.0
Bi 1.742834948231e+01 1.727829308350e+01 2.529282906773e+01 1 1 1 0.0 0.0 0.0
Bi 5.282357096754e+00 2.042408387550e+01 2.529282906773e+01 1 1 1 0.0 0.0 0.0
Bi 1.140813090778e+01 1.903448075435e+00 2.132110864621e+01 1 1 1 0.0 0.0 0.0
Bi 1.435949354358e+01 5.049238867437e+00 2.132110864621e+01 1 1 1 0.0 0.0 0.0
Bi 7.359466779263e+00 2.952045006103e+00 2.132110864621e+01 1 1 1 0.0 0.0 0.0
Bi 1.031082941506e+01 6.097835798104e+00 2.132110864621e+01 1 1 1 0.0 0.0 0.0
Bi 1.326219205086e+01 9.243626590106e+00 2.132110864621e+01 1 1 1 0.0 0.0 0.0
Bi 1.621355468666e+01 1.238941738211e+01 2.132110864621e+01 1 1 1 0.0 0.0 0.0
Bi 3.594400149470e-01 8.548511447680e-01 2.132110864621e+01 1 1 1 0.0 0.0 0.0
Bi 3.310802650746e+00 4.000641936770e+00 2.132110864621e+01 1 1 1 0.0 0.0 0.0
Bi 6.262165286545e+00 7.146432728772e+00 2.132110864621e+01 1 1 1 0.0 0.0 0.0
Bi 9.213527922344e+00 1.029222352077e+01 2.132110864621e+01 1 1 1 0.0 0.0 0.0
Bi 1.216489055814e+01 1.343801431278e+01 2.132110864621e+01 1 1 1 0.0 0.0 0.0
Bi 1.511625319394e+01 1.658380510478e+01 2.132110864621e+01 1 1 1 0.0 0.0 0.0
Bi 1.806761582974e+01 1.972959589678e+01 2.132110864621e+01 1 1 1 0.0 0.0 0.0
Bi 2.213501158027e+00 8.195029659439e+00 2.132110864621e+01 1 1 1 0.0 0.0 0.0
Bi 5.164863793826e+00 1.134082045144e+01 2.132110864621e+01 1 1 1 0.0 0.0 0.0
Bi 8.116226429625e+00 1.448661124344e+01 2.132110864621e+01 1 1 1 0.0 0.0 0.0
Bi 1.106758906542e+01 1.763240203544e+01 2.132110864621e+01 1 1 1 0.0 0.0 0.0
Bi 1.401895170122e+01 2.077819282745e+01 2.132110864621e+01 1 1 1 0.0 0.0 0.0
Bi 4.067562301107e+00 1.553520817411e+01 2.132110864621e+01 1 1 1 0.0 0.0 0.0
Bi 7.018924936906e+00 1.868099896611e+01 2.132110864621e+01 1 1 1 0.0 0.0 0.0
Bi 9.970287572705e+00 2.182678975811e+01 2.132110864621e+01 1 1 1 0.0 0.0 0.0
Se 1.893874841460e+01 1.586682820468e+01 7.500000000000e+00 1 1 1 0.0 0.0 0.0
Se 7.019783924084e+00 1.724311167618e+01 7.500000000000e+00 1 1 1 0.0 0.0 0.0
Se 1.019817445491e+01 1.861939514768e+01 7.500000000000e+00 1 1 1 0.0 0.0 0.0
Se 3.444094576851e+00 1.242611952593e+01 7.500000000000e+00 1 1 1 0.0 0.0 0.0
Se 6.622485107682e+00 1.380240299743e+01 7.500000000000e+00 1 1 1 0.0 0.0 0.0
Se 9.800875638513e+00 1.517868646893e+01 7.500000000000e+00 1 1 1 0.0 0.0 0.0
Se 1.297926616934e+01 1.655496994043e+01 7.500000000000e+00 1 1 1 0.0 0.0 0.0
Se 1.615765670017e+01 1.793125341193e+01 7.500000000000e+00 1 1 1 0.0 0.0 0.0
Se 3.046795760450e+00 8.985410847174e+00 7.500000000000e+00 1 1 1 0.0 0.0 0.0
Se 6.225186291281e+00 1.036169431868e+01 7.500000000000e+00 1 1 1 0.0 0.0 0.0
Se 9.403576822111e+00 1.173797779018e+01 7.500000000000e+00 1 1 1 0.0 0.0 0.0
Se 1.258196735294e+01 1.311426126168e+01 7.500000000000e+00 1 1 1 0.0 0.0 0.0
Se 1.576035788377e+01 1.449054473318e+01 7.500000000000e+00 1 1 1 0.0 0.0 0.0
Se 2.649496944048e+00 5.544702168422e+00 7.500000000000e+00 1 1 1 0.0 0.0 0.0
Se 5.827887474879e+00 6.920985639923e+00 7.500000000000e+00 1 1 1 0.0 0.0 0.0
Se 9.006278005710e+00 8.297269111424e+00 7.500000000000e+00 1 1 1 0.0 0.0 0.0
Se 1.218466853654e+01 9.673552582925e+00 7.500000000000e+00 1 1 1 0.0 0.0 0.0
Se 1.536305906737e+01 1.104983605443e+01 7.500000000000e+00 1 1 1 0.0 0.0 0.0
Se 2.252198127647e+00 2.103993489670e+00 7.500000000000e+00 1 1 1 0.0 0.0 0.0
Se 5.430588658477e+00 3.480276961171e+00 7.500000000000e+00 1 1 1 0.0 0.0 0.0
Se 8.608979189308e+00 4.856560432672e+00 7.500000000000e+00 1 1 1 0.0 0.0 0.0
Se 1.178736972014e+01 6.232843904173e+00 7.500000000000e+00 1 1 1 0.0 0.0 0.0
Se 1.496576025097e+01 7.609127375674e+00 7.500000000000e+00 1 1 1 0.0 0.0 0.0
Se 1.933604723101e+01 1.930753688343e+01 7.500000000000e+00 1 1 1 0.0 0.0 0.0
Se 7.417082740485e+00 2.068382035493e+01 7.500000000000e+00 1 1 1 0.0 0.0 0.0
Se 5.033289842076e+00 3.956828241911e-02 7.500000000000e+00 1 1 1 0.0 0.0 0.0
Se 8.211680372907e+00 1.415851753920e+00 7.500000000000e+00 1 1 1 0.0 0.0 0.0
Se 1.139007090374e+01 2.792135225421e+00 7.500000000000e+00 1 1 1 0.0 0.0 0.0
Se 1.456846143457e+01 4.168418696922e+00 7.500000000000e+00 1 1 1 0.0 0.0 0.0
Se 1.337656498575e+01 1.999567861918e+01 7.500000000000e+00 1 1 1 0.0 0.0 0.0
Se 1.655495551658e+01 2.137196209068e+01 7.500000000000e+00 1 1 1 0.0 0.0 0.0
Se 1.417116261817e+01 7.277100181695e-01 7.500000000000e+00 1 1 1 0.0 0.0 0.0
Se 5.028576316345e+00 1.748134294214e+01 1.364602824434e+01 1 1 1 0.0 0.0 0.0
Se 8.206966847176e+00 1.885762641364e+01 1.364602824434e+01 1 1 1 0.0 0.0 0.0
Se 1.138535737801e+01 2.023390988514e+01 1.364602824434e+01 1 1 1 0.0 0.0 0.0
Se 4.631277499944e+00 1.404063426339e+01 1.364602824434e+01 1 1 1 0.0 0.0 0.0
Se 7.809668030775e+00 1.541691773489e+01 1.364602824434e+01 1 1 1 0.0 0.0 0.0
Se 1.098805856161e+01 1.679320120639e+01 1.364602824434e+01 1 1 1 0.0 0.0 0.0
Se 1.416644909244e+01 1.816948467789e+01 1.364602824434e+01 1 1 1 0.0 0.0 0.0
Se 1.734483962327e+01 1.954576814939e+01 1.364602824434e+01 1 1 1 0.0 0.0 0.0
Se 4.233978683542e+00 1.059992558463e+01 1.364602824434e+01 1 1 1 0.0 0.0 0.0
Se 7.412369214373e+00 1.197620905613e+01 1.364602824434e+01 1 1 1 0.0 0.0 0.0
Se 1.059075974520e+01 1.335249252764e+01 1.364602824434e+01 1 1 1 0.0 0.0 0.0
Se 1.376915027604e+01 1.472877599914e+01 1.364602824434e+01 1 1 1 0.0 0.0 0.0
Se 1.694754080687e+01 1.610505947064e+01 1.364602824434e+01 1 1 1 0.0 0.0 0.0
Se 3.836679867141e+00 7.159216905881e+00 1.364602824434e+01 1 1 1 0.0 0.0 0.0
Se 7.015070397972e+00 8.535500377382e+00 1.364602824434e+01 1 1 1 0.0 0.0 0.0
Se 1.019346092880e+01 9.911783848883e+00 1.364602824434e+01 1 1 1 0.0 0.0 0.0
Se 1.337185145963e+01 1.128806732038e+01 1.364602824434e+01 1 1 1 0.0 0.0 0.0
Se 1.655024199046e+01 1.266435079188e+01 1.364602824434e+01 1 1 1 0.0 0.0 0.0
Se 3.439381050739e+00 3.718508227129e+00 1.364602824434e+01 1 1 1 0.0 0.0 0.0
Se 6.617771581570e+00 5.094791698630e+00 1.364602824434e+01 1 1 1 0.0 0.0 0.0
Se 9.796162112401e+00 6.471075170131e+00 1.364602824434e+01 1 1 1 0.0 0.0 0.0
Se 1.297455264323e+01 7.847358641632e+00 1.364602824434e+01 1 1 1 0.0 0.0 0.0
Se 1.615294317406e+01 9.223642113133e+00 1.364602824434e+01 1 1 1 0.0 0.0 0.0
Se 5.425875132747e+00 2.092205162089e+01 1.364602824434e+01 1 1 1 0.0 0.0 0.0
Se 3.042082234338e+00 2.777995483773e-01 1.364602824434e+01 1 1 1 0.0 0.0 0.0
Se 6.220472765169e+00 1.654083019878e+00 1.364602824434e+01 1 1 1 0.0 0.0 0.0
Se 9.398863296000e+00 3.030366491379e+00 1.364602824434e+01 1 1 1 0.0 0.0 0.0
Se 1.257725382683e+01 4.406649962880e+00 1.364602824434e+01 1 1 1 0.0 0.0 0.0
Se 1.575564435766e+01 5.782933434381e+00 1.364602824434e+01 1 1 1 0.0 0.0 0.0
Se 1.456374790884e+01 2.161019335664e+01 1.364602824434e+01 1 1 1 0.0 0.0 0.0
Se 1.217995501043e+01 9.659412841277e-01 1.364602824434e+01 1 1 1 0.0 0.0 0.0
Se 1.535834554126e+01 2.342224755629e+00 1.364602824434e+01 1 1 1 0.0 0.0 0.0
Se 1.893862063884e+01 1.586789678634e+01 1.086443756309e+01 1 1 1 0.0 0.0 0.0
Se 7.019656148320e+00 1.724418025784e+01 1.086443756309e+01 1 1 1 0.0 0.0 0.0
Se 1.019804667915e+01 1.862046372934e+01 1.086443756309e+01 1 1 1 0.0 0.0 0.0
Se 3.443966801087e+00 1.242718810758e+01 1.086443756309e+01 1 1 1 0.0 0.0 0.0
Se 6.622357331918e+00 1.380347157909e+01 1.086443756309e+01 1 1 1 0.0 0.0 0.0
Se 9.800747862749e+00 1.517975505059e+01 1.086443756309e+01 1 1 1 0.0 0.0 0.0
Se 1.297913839358e+01 1.655603852209e+01 1.086443756309e+01 1 1 1 0.0 0.0 0.0
Se 1.615752892441e+01 1.793232199359e+01 1.086443756309e+01 1 1 1 0.0 0.0 0.0
Se 3.046667984686e+00 8.986479428833e+00 1.086443756309e+01 1 1 1 0.0 0.0 0.0
Se 6.225058515517e+00 1.036276290033e+01 1.086443756309e+01 1 1 1 0.0 0.0 0.0
Se 9.403449046348e+00 1.173904637183e+01 1.086443756309e+01 1 1 1 0.0 0.0 0.0
Se 1.258183957718e+01 1.311532984334e+01 1.086443756309e+01 1 1 1 0.0 0.0 0.0
Se 1.576023010801e+01 1.449161331484e+01 1.086443756309e+01 1 1 1 0.0 0.0 0.0
Se 2.649369168284e+00 5.545770750081e+00 1.086443756309e+01 1 1 1 0.0 0.0 0.0
Se 5.827759699115e+00 6.922054221582e+00 1.086443756309e+01 1 1 1 0.0 0.0 0.0
Se 9.006150229946e+00 8.298337693082e+00 1.086443756309e+01 1 1 1 0.0 0.0 0.0
Se 1.218454076078e+01 9.674621164583e+00 1.086443756309e+01 1 1 1 0.0 0.0 0.0
Se 1.536293129161e+01 1.105090463608e+01 1.086443756309e+01 1 1 1 0.0 0.0 0.0
Se 2.252070351883e+00 2.105062071329e+00 1.086443756309e+01 1 1 1 0.0 0.0 0.0
Se 5.430460882714e+00 3.481345542830e+00 1.086443756309e+01 1 1 1 0.0 0.0 0.0
Se 8.608851413545e+00 4.857629014330e+00 1.086443756309e+01 1 1 1 0.0 0.0 0.0
Se 1.178724194438e+01 6.233912485831e+00 1.086443756309e+01 1 1 1 0.0 0.0 0.0
Se 1.496563247521e+01 7.610195957332e+00 1.086443756309e+01 1 1 1 0.0 0.0 0.0
Se 1.933591945524e+01 1.930860546509e+01 1.086443756309e+01 1 1 1 0.0 0.0 0.0
Se 7.416954964721e+00 2.068488893659e+01 1.086443756309e+01 1 1 1 0.0 0.0 0.0
Se 5.033162066312e+00 4.063686407747e-02 1.086443756309e+01 1 1 1 0.0 0.0 0.0
Se 8.211552597143e+00 1.416920335578e+00 1.086443756309e+01 1 1 1 0.0 0.0 0.0
Se 1.138994312797e+01 2.793203807079e+00 1.086443756309e+01 1 1 1 0.0 0.0 0.0
Se 1.456833365880e+01 4.169487278580e+00 1.086443756309e+01 1 1 1 0.0 0.0 0.0
Se 1.337643720998e+01 1.999674720084e+01 1.086443756309e+01 1 1 1 0.0 0.0 0.0
Se 1.655482774081e+01 2.137303067234e+01 1.086443756309e+01 1 1 1 0.0 0.0 0.0
Se 1.417103484240e+01 7.287785998279e-01 1.086443756309e+01 1 1 1 0.0 0.0 0.0
Se 5.028630506958e+00 1.748239951465e+01 1.701046802998e+01 1 1 1 0.0 0.0 0.0
Se 8.207021037789e+00 1.885868298615e+01 1.701046802998e+01 1 1 1 0.0 0.0 0.0
Se 1.138541156862e+01 2.023496645765e+01 1.701046802998e+01 1 1 1 0.0 0.0 0.0
Se 4.631331690557e+00 1.404169083590e+01 1.701046802998e+01 1 1 1 0.0 0.0 0.0
Se 7.809722221388e+00 1.541797430740e+01 1.701046802998e+01 1 1 1 0.0 0.0 0.0
Se 1.098811275222e+01 1.679425777890e+01 1.701046802998e+01 1 1 1 0.0 0.0 0.0
Se 1.416650328305e+01 1.817054125040e+01 1.701046802998e+01 1 1 1 0.0 0.0 0.0
Se 1.734489381388e+01 1.954682472190e+01 1.701046802998e+01 1 1 1 0.0 0.0 0.0
Se 4.234032874155e+00 1.060098215714e+01 1.701046802998e+01 1 1 1 0.0 0.0 0.0
Se 7.412423404986e+00 1.197726562864e+01 1.701046802998e+01 1 1 1 0.0 0.0 0.0
Se 1.059081393582e+01 1.335354910014e+01 1.701046802998e+01 1 1 1 0.0 0.0 0.0
Se 1.376920446665e+01 1.472983257165e+01 1.701046802998e+01 1 1 1 0.0 0.0 0.0
Se 1.694759499748e+01 1.610611604315e+01 1.701046802998e+01 1 1 1 0.0 0.0 0.0
Se 3.836734057754e+00 7.160273478391e+00 1.701046802998e+01 1 1 1 0.0 0.0 0.0
Se 7.015124588585e+00 8.536556949892e+00 1.701046802998e+01 1 1 1 0.0 0.0 0.0
Se 1.019351511942e+01 9.912840421393e+00 1.701046802998e+01 1 1 1 0.0 0.0 0.0
Se 1.337190565025e+01 1.128912389289e+01 1.701046802998e+01 1 1 1 0.0 0.0 0.0
Se 1.655029618108e+01 1.266540736439e+01 1.701046802998e+01 1 1 1 0.0 0.0 0.0
Se 3.439435241352e+00 3.719564799639e+00 1.701046802998e+01 1 1 1 0.0 0.0 0.0
Se 6.617825772183e+00 5.095848271140e+00 1.701046802998e+01 1 1 1 0.0 0.0 0.0
Se 9.796216303014e+00 6.472131742641e+00 1.701046802998e+01 1 1 1 0.0 0.0 0.0
Se 1.297460683384e+01 7.848415214142e+00 1.701046802998e+01 1 1 1 0.0 0.0 0.0
Se 1.615299736468e+01 9.224698685642e+00 1.701046802998e+01 1 1 1 0.0 0.0 0.0
Se 5.425929323360e+00 2.092310819340e+01 1.701046802998e+01 1 1 1 0.0 0.0 0.0
Se 3.042136424951e+00 2.788561208871e-01 1.701046802998e+01 1 1 1 0.0 0.0 0.0
Se 6.220526955781e+00 1.655139592388e+00 1.701046802998e+01 1 1 1 0.0 0.0 0.0
Se 9.398917486612e+00 3.031423063889e+00 1.701046802998e+01 1 1 1 0.0 0.0 0.0
Se 1.257730801744e+01 4.407706535390e+00 1.701046802998e+01 1 1 1 0.0 0.0 0.0
Se 1.575569854827e+01 5.783990006890e+00 1.701046802998e+01 1 1 1 0.0 0.0 0.0
Se 1.456380209945e+01 2.161124992915e+01 1.701046802998e+01 1 1 1 0.0 0.0 0.0
Se 1.218000920104e+01 9.669978566375e-01 1.701046802998e+01 1 1 1 0.0 0.0 0.0
Se 1.535839973187e+01 2.343281328138e+00 1.701046802998e+01 1 1 1 0.0 0.0 0.0
Se 6.676854793984e+00 5.856177823060e-01 3.696241589303e+01 1 1 1 0.0 0.0 0.0
Se 9.628217429782e+00 3.731408574308e+00 3.696241589303e+01 1 1 1 0.0 0.0 0.0
Se 2.628190665466e+00 1.634214712973e+00 3.696241589303e+01 1 1 1 0.0 0.0 0.0
Se 5.579553301265e+00 4.780005504975e+00 3.696241589303e+01 1 1 1 0.0 0.0 0.0
Se 8.530915937064e+00 7.925796296977e+00 3.696241589303e+01 1 1 1 0.0 0.0 0.0
Se 1.148227857286e+01 1.107158708898e+01 3.696241589303e+01 1 1 1 0.0 0.0 0.0
Se 1.628770235174e+01 2.155755639565e+01 3.696241589303e+01 1 1 1 0.0 0.0 0.0
Se 1.367688155830e+01 2.682811643641e+00 3.696241589303e+01 1 1 1 0.0 0.0 0.0
Se 1.530889172747e+00 5.828602435642e+00 3.696241589303e+01 1 1 1 0.0 0.0 0.0
Se 4.482251808546e+00 8.974393227644e+00 3.696241589303e+01 1 1 1 0.0 0.0 0.0
Se 7.433614444345e+00 1.212018401965e+01 3.696241589303e+01 1 1 1 0.0 0.0 0.0
Se 1.038497708014e+01 1.526597481165e+01 3.696241589303e+01 1 1 1 0.0 0.0 0.0
Se 1.333633971594e+01 1.841176560365e+01 3.696241589303e+01 1 1 1 0.0 0.0 0.0
Se 1.257958006558e+01 6.877199366310e+00 3.696241589303e+01 1 1 1 0.0 0.0 0.0
Se 1.553094270138e+01 1.002299015831e+01 3.696241589303e+01 1 1 1 0.0 0.0 0.0
Se 3.384950315827e+00 1.316878095031e+01 3.696241589303e+01 1 1 1 0.0 0.0 0.0
Se 6.336312951626e+00 1.631457174232e+01 3.696241589303e+01 1 1 1 0.0 0.0 0.0
Se 9.287675587425e+00 1.946036253432e+01 3.696241589303e+01 1 1 1 0.0 0.0 0.0
Se 1.443364120866e+01 1.421737788098e+01 3.696241589303e+01 1 1 1 0.0 0.0 0.0
Se 1.738500384446e+01 1.736316867298e+01 3.696241589303e+01 1 1 1 0.0 0.0 0.0
Se 5.239011458907e+00 2.050895946498e+01 3.696241589303e+01 1 1 1 0.0 0.0 0.0
Se 1.138086892017e+01 1.988495469142e+00 3.332483142763e+01 1 1 1 0.0 0.0 0.0
Se 1.433223155597e+01 5.134286261144e+00 3.332483142763e+01 1 1 1 0.0 0.0 0.0
Se 7.332204791650e+00 3.037092399810e+00 3.332483142763e+01 1 1 1 0.0 0.0 0.0
Se 1.028356742745e+01 6.182883191812e+00 3.332483142763e+01 1 1 1 0.0 0.0 0.0
Se 1.323493006325e+01 9.328673983813e+00 3.332483142763e+01 1 1 1 0.0 0.0 0.0
Se 1.618629269905e+01 1.247446477582e+01 3.332483142763e+01 1 1 1 0.0 0.0 0.0
Se 3.321780273332e-01 9.398985384751e-01 3.332483142763e+01 1 1 1 0.0 0.0 0.0
Se 3.283540663132e+00 4.085689330477e+00 3.332483142763e+01 1 1 1 0.0 0.0 0.0
Se 6.234903298931e+00 7.231480122479e+00 3.332483142763e+01 1 1 1 0.0 0.0 0.0
Se 9.186265934730e+00 1.037727091448e+01 3.332483142763e+01 1 1 1 0.0 0.0 0.0
Se 1.213762857053e+01 1.352306170648e+01 3.332483142763e+01 1 1 1 0.0 0.0 0.0
Se 1.508899120633e+01 1.666885249848e+01 3.332483142763e+01 1 1 1 0.0 0.0 0.0
Se 1.804035384213e+01 1.981464329049e+01 3.332483142763e+01 1 1 1 0.0 0.0 0.0
Se 2.186239170413e+00 8.280077053146e+00 3.332483142763e+01 1 1 1 0.0 0.0 0.0
Se 5.137601806212e+00 1.142586784515e+01 3.332483142763e+01 1 1 1 0.0 0.0 0.0
Se 8.088964442011e+00 1.457165863715e+01 3.332483142763e+01 1 1 1 0.0 0.0 0.0
Se 1.104032707781e+01 1.771744942915e+01 3.332483142763e+01 1 1 1 0.0 0.0 0.0
Se 1.399168971361e+01 2.086324022115e+01 3.332483142763e+01 1 1 1 0.0 0.0 0.0
Se 4.040300313493e+00 1.562025556782e+01 3.332483142763e+01 1 1 1 0.0 0.0 0.0
Se 6.991662949292e+00 1.876604635982e+01 3.332483142763e+01 1 1 1 0.0 0.0 0.0
Se 9.943025585091e+00 2.191183715182e+01 3.332483142763e+01 1 1 1 0.0 0.0 0.0
Se 9.040596193760e+00 1.277772169695e+00 2.969131231352e+01 1 1 1 0.0 0.0 0.0
Se 1.199195882956e+01 4.423562961697e+00 2.969131231352e+01 1 1 1 0.0 0.0 0.0
Se 4.991932065243e+00 2.326369100362e+00 2.969131231352e+01 1 1 1 0.0 0.0 0.0
Se 7.943294701041e+00 5.472159892364e+00 2.969131231352e+01 1 1 1 0.0 0.0 0.0
Se 1.089465733684e+01 8.617950684366e+00 2.969131231352e+01 1 1 1 0.0 0.0 0.0
Se 1.384601997264e+01 1.176374147637e+01 2.969131231352e+01 1 1 1 0.0 0.0 0.0
Se 1.308926032228e+01 2.291752390277e-01 2.969131231352e+01 1 1 1 0.0 0.0 0.0
Se 9.432679367250e-01 3.374966031030e+00 2.969131231352e+01 1 1 1 0.0 0.0 0.0
Se 3.894630572524e+00 6.520756823031e+00 2.969131231352e+01 1 1 1 0.0 0.0 0.0
Se 6.845993208323e+00 9.666547615033e+00 2.969131231352e+01 1 1 1 0.0 0.0 0.0
Se 9.797355844121e+00 1.281233840704e+01 2.969131231352e+01 1 1 1 0.0 0.0 0.0
Se 1.274871847992e+01 1.595812919904e+01 2.969131231352e+01 1 1 1 0.0 0.0 0.0
Se 1.570008111572e+01 1.910391999104e+01 2.969131231352e+01 1 1 1 0.0 0.0 0.0
Se 1.494332146536e+01 7.569353753699e+00 2.969131231352e+01 1 1 1 0.0 0.0 0.0
Se 2.797329079805e+00 1.071514454570e+01 2.969131231352e+01 1 1 1 0.0 0.0 0.0
Se 5.748691715604e+00 1.386093533770e+01 2.969131231352e+01 1 1 1 0.0 0.0 0.0
Se 8.700054351403e+00 1.700672612970e+01 2.969131231352e+01 1 1 1 0.0 0.0 0.0
Se 1.165141698720e+01 2.015251692171e+01 2.969131231352e+01 1 1 1 0.0 0.0 0.0
Se 1.679738260844e+01 1.490953226837e+01 2.969131231352e+01 1 1 1 0.0 0.0 0.0
Se 4.651390222885e+00 1.805532306037e+01 2.969131231352e+01 1 1 1 0.0 0.0 0.0
Se 7.602752858684e+00 2.120111385237e+01 2.969131231352e+01 1 1 1 0.0 0.0 0.0
Se 1.140829758742e+01 1.907801924306e+00 2.692457590224e+01 1 1 1 0.0 0.0 0.0
Se 1.435966022322e+01 5.053592716308e+00 2.692457590224e+01 1 1 1 0.0 0.0 0.0
Se 7.359633458900e+00 2.956398854973e+00 2.692457590224e+01 1 1 1 0.0 0.0 0.0
Se 1.031099609470e+01 6.102189646975e+00 2.692457590224e+01 1 1 1 0.0 0.0 0.0
Se 1.326235873050e+01 9.247980438977e+00 2.692457590224e+01 1 1 1 0.0 0.0 0.0
Se 1.621372136630e+01 1.239377123098e+01 2.692457590224e+01 1 1 1 0.0 0.0 0.0
Se 3.596066945832e-01 8.592049936389e-01 2.692457590224e+01 1 1 1 0.0 0.0 0.0
Se 3.310969330382e+00 4.004995785641e+00 2.692457590224e+01 1 1 1 0.0 0.0 0.0
Se 6.262331966181e+00 7.150786577643e+00 2.692457590224e+01 1 1 1 0.0 0.0 0.0
Se 9.213694601980e+00 1.029657736964e+01 2.692457590224e+01 1 1 1 0.0 0.0 0.0
Se 1.216505723778e+01 1.344236816165e+01 2.692457590224e+01 1 1 1 0.0 0.0 0.0
Se 1.511641987358e+01 1.658815895365e+01 2.692457590224e+01 1 1 1 0.0 0.0 0.0
Se 1.806778250938e+01 1.973394974565e+01 2.692457590224e+01 1 1 1 0.0 0.0 0.0
Se 2.213667837663e+00 8.199383508310e+00 2.692457590224e+01 1 1 1 0.0 0.0 0.0
Se 5.165030473462e+00 1.134517430031e+01 2.692457590224e+01 1 1 1 0.0 0.0 0.0
Se 8.116393109261e+00 1.449096509231e+01 2.692457590224e+01 1 1 1 0.0 0.0 0.0
Se 1.106775574506e+01 1.763675588432e+01 2.692457590224e+01 1 1 1 0.0 0.0 0.0
Se 1.401911838086e+01 2.078254667632e+01 2.692457590224e+01 1 1 1 0.0 0.0 0.0
Se 4.067728980743e+00 1.553956202298e+01 2.692457590224e+01 1 1 1 0.0 0.0 0.0
Se 7.019091616542e+00 1.868535281498e+01 2.692457590224e+01 1 1 1 0.0 0.0 0.0
Se 9.970454252341e+00 2.183114360698e+01 2.692457590224e+01 1 1 1 0.0 0.0 0.0
Se 9.060035466257e+00 1.194875556422e+00 2.330671355540e+01 1 1 1 0.0 0.0 0.0
Se 1.201139810206e+01 4.340666348424e+00 2.330671355540e+01 1 1 1 0.0 0.0 0.0
Se 5.011371337740e+00 2.243472487089e+00 2.330671355540e+01 1 1 1 0.0 0.0 0.0
Se 7.962733973538e+00 5.389263279091e+00 2.330671355540e+01 1 1 1 0.0 0.0 0.0
Se 1.091409660934e+01 8.535054071093e+00 2.330671355540e+01 1 1 1 0.0 0.0 0.0
Se 1.386545924514e+01 1.168084486309e+01 2.330671355540e+01 1 1 1 0.0 0.0 0.0
Se 1.310869959477e+01 1.462786257544e-01 2.330671355540e+01 1 1 1 0.0 0.0 0.0
Se 9.627072092220e-01 3.292069417756e+00 2.330671355540e+01 1 1 1 0.0 0.0 0.0
Se 3.914069845021e+00 6.437860209758e+00 2.330671355540e+01 1 1 1 0.0 0.0 0.0
Se 6.865432480820e+00 9.583651001760e+00 2.330671355540e+01 1 1 1 0.0 0.0 0.0
Se 9.816795116618e+00 1.272944179376e+01 2.330671355540e+01 1 1 1 0.0 0.0 0.0
Se 1.276815775242e+01 1.587523258576e+01 2.330671355540e+01 1 1 1 0.0 0.0 0.0
Se 1.571952038822e+01 1.902102337777e+01 2.330671355540e+01 1 1 1 0.0 0.0 0.0
Se 1.496276073785e+01 7.486457140425e+00 2.330671355540e+01 1 1 1 0.0 0.0 0.0
Se 2.816768352302e+00 1.063224793243e+01 2.330671355540e+01 1 1 1 0.0 0.0 0.0
Se 5.768130988101e+00 1.377803872443e+01 2.330671355540e+01 1 1 1 0.0 0.0 0.0
Se 8.719493623900e+00 1.692382951643e+01 2.330671355540e+01 1 1 1 0.0 0.0 0.0
Se 1.167085625970e+01 2.006962030843e+01 2.330671355540e+01 1 1 1 0.0 0.0 0.0
Se 1.681682188093e+01 1.482663565510e+01 2.330671355540e+01 1 1 1 0.0 0.0 0.0
Se 4.670829495382e+00 1.797242644710e+01 2.330671355540e+01 1 1 1 0.0 0.0 0.0
Se 7.622192131181e+00 2.111821723910e+01 2.330671355540e+01 1 1 1 0.0 0.0 0.0
Se 6.712891076209e+00 4.979705313378e-01 1.968357859229e+01 1 1 1 0.0 0.0 0.0
Se 9.664253712008e+00 3.643761323340e+00 1.968357859229e+01 1 1 1 0.0 0.0 0.0
Se 2.664226947691e+00 1.546567462005e+00 1.968357859229e+01 1 1 1 0.0 0.0 0.0
Se 5.615589583490e+00 4.692358254007e+00 1.968357859229e+01 1 1 1 0.0 0.0 0.0
Se 8.566952219289e+00 7.838149046009e+00 1.968357859229e+01 1 1 1 0.0 0.0 0.0
Se 1.151831485509e+01 1.098393983801e+01 1.968357859229e+01 1 1 1 0.0 0.0 0.0
Se 1.632373863397e+01 2.146990914468e+01 1.968357859229e+01 1 1 1 0.0 0.0 0.0
Se 1.371291784053e+01 2.595164392672e+00 1.968357859229e+01 1 1 1 0.0 0.0 0.0
Se 1.566925454973e+00 5.740955184674e+00 1.968357859229e+01 1 1 1 0.0 0.0 0.0
Se 4.518288090772e+00 8.886745976676e+00 1.968357859229e+01 1 1 1 0.0 0.0 0.0
Se 7.469650726570e+00 1.203253676868e+01 1.968357859229e+01 1 1 1 0.0 0.0 0.0
Se 1.042101336237e+01 1.517832756068e+01 1.968357859229e+01 1 1 1 0.0 0.0 0.0
Se 1.337237599817e+01 1.832411835268e+01 1.968357859229e+01 1 1 1 0.0 0.0 0.0
Se 1.261561634781e+01 6.789552115342e+00 1.968357859229e+01 1 1 1 0.0 0.0 0.0
Se 1.556697898361e+01 9.935342907343e+00 1.968357859229e+01 1 1 1 0.0 0.0 0.0
Se 3.420986598053e+00 1.308113369935e+01 1.968357859229e+01 1 1 1 0.0 0.0 0.0
Se 6.372349233852e+00 1.622692449135e+01 1.968357859229e+01 1 1 1 0.0 0.0 0.0
Se 9.323711869650e+00 1.937271528335e+01 1.968357859229e+01 1 1 1 0.0 0.0 0.0
Se 1.446967749089e+01 1.412973063001e+01 1.968357859229e+01 1 1 1 0.0 0.0 0.0
Se 1.742104012669e+01 1.727552142201e+01 1.968357859229e+01 1 1 1 0.0 0.0 0.0
Se 5.275047741133e+00 2.042131221402e+01 1.968357859229e+01 1 1 1 0.0 0.0 0.0
"