calculation_mode = "Quench Electrons"
cell_relax = "False"
charge_density_mixing = "0.1"
charge_mixing_type = "Broyden"
description = "Example parameters for high-throughput bulk relaxation of a vdW material"
dos_broading = "0.05"
dos_method = "Gaussian"
energy_convergence_criterion = "1e-10"
energy_output_units = "Hartrees"
kohn_sham_mucycles = "3"
kohn_sham_solver = "davidson"
kpoint_mesh = "1 1 1"
localize_projectors = "False"
max_md_steps = "100"
max_scf_steps = "200"
non_local_block_size = "4000"
potential_acceleration_constant_step = "1.5"
processor_grid = "7 8 17"
rms_convergence_criterion = "1e-08"
scalapack_block_factor = "64"
start_mode = "LCAO Start"
state_block_size = "64"
stress = "True"
subdiag_driver = "scalapack"
use_async_allreduce = "False"
vdw_corr = "DFT-D3"
vdwdf_kernel_filepath = "/lustre/orion/world-shared/cph162/rjmorelock/rmgdft/XC/vdW_kernel_table"
wavefunction_grid = "154 156 378"
write_data_period = "50"

atomic_coordinate_type = "Absolute"
crds_units = "Angstrom"
lattice_units = "Angstrom"

lattice_vector = "
1.799724170868e+01 0.000000000000e+00 1.100000000000e-15
5.999080569559e+00 1.731785390973e+01 1.100000000000e-15
0.000000000000e+00 0.000000000000e+00 4.446241589303e+01
"
atoms = "
Nb 7.240790921829e+00 1.725653026932e+01 1.532833092694e+01 1 1 1 0.0 0.0 0.0
Nb 4.241250637050e+00 1.670461750562e+00 1.532833092694e+01 1 1 1 0.0 0.0 0.0
Nb 1.323987149139e+01 1.725653026932e+01 1.532833092694e+01 1 1 1 0.0 0.0 0.0
Nb 4.241250637050e+00 5.134032532509e+00 1.532833092694e+01 1 1 1 0.0 0.0 0.0
Nb 7.240790921829e+00 3.402247141536e+00 1.532833092694e+01 1 1 1 0.0 0.0 0.0
Nb 1.024033120661e+01 1.670461750562e+00 1.532833092694e+01 1 1 1 0.0 0.0 0.0
Nb 1.923895206095e+01 1.725653026932e+01 1.532833092694e+01 1 1 1 0.0 0.0 0.0
Nb 4.241250637050e+00 8.597603314455e+00 1.532833092694e+01 1 1 1 0.0 0.0 0.0
Nb 7.240790921829e+00 6.865817923482e+00 1.532833092694e+01 1 1 1 0.0 0.0 0.0
Nb 1.024033120661e+01 5.134032532509e+00 1.532833092694e+01 1 1 1 0.0 0.0 0.0
Nb 1.323987149139e+01 3.402247141536e+00 1.532833092694e+01 1 1 1 0.0 0.0 0.0
Nb 1.623941177617e+01 1.670461750562e+00 1.532833092694e+01 1 1 1 0.0 0.0 0.0
Nb 7.240790921829e+00 1.032938870543e+01 1.532833092694e+01 1 1 1 0.0 0.0 0.0
Nb 1.024033120661e+01 8.597603314455e+00 1.532833092694e+01 1 1 1 0.0 0.0 0.0
Nb 1.323987149139e+01 6.865817923482e+00 1.532833092694e+01 1 1 1 0.0 0.0 0.0
Nb 1.623941177617e+01 5.134032532509e+00 1.532833092694e+01 1 1 1 0.0 0.0 0.0
Nb 1.241710352271e+00 3.402247141536e+00 1.532833092694e+01 1 1 1 0.0 0.0 0.0
Nb 7.240790921829e+00 1.379295948738e+01 1.532833092694e+01 1 1 1 0.0 0.0 0.0
Nb 1.024033120661e+01 1.206117409640e+01 1.532833092694e+01 1 1 1 0.0 0.0 0.0
Nb 1.323987149139e+01 1.032938870543e+01 1.532833092694e+01 1 1 1 0.0 0.0 0.0
Nb 1.623941177617e+01 8.597603314455e+00 1.532833092694e+01 1 1 1 0.0 0.0 0.0
Nb 1.923895206095e+01 6.865817923482e+00 1.532833092694e+01 1 1 1 0.0 0.0 0.0
Nb 1.024033120661e+01 1.552474487835e+01 1.532833092694e+01 1 1 1 0.0 0.0 0.0
Nb 1.323987149139e+01 1.379295948738e+01 1.532833092694e+01 1 1 1 0.0 0.0 0.0
Nb 1.623941177617e+01 1.206117409640e+01 1.532833092694e+01 1 1 1 0.0 0.0 0.0
Nb 1.923895206095e+01 1.032938870543e+01 1.532833092694e+01 1 1 1 0.0 0.0 0.0
Nb 1.623941177617e+01 1.552474487835e+01 1.532833092694e+01 1 1 1 0.0 0.0 0.0
Nb 1.923895206095e+01 1.379295948738e+01 1.532833092694e+01 1 1 1 0.0 0.0 0.0
Nb 4.241250637050e+00 1.206117409640e+01 1.532833092694e+01 1 1 1 0.0 0.0 0.0
Nb 2.223849234573e+01 1.552474487835e+01 1.532833092694e+01 1 1 1 0.0 0.0 0.0
Nb 7.246520165151e+00 1.726448793096e+01 9.182088683320e+00 1 1 1 0.0 0.0 0.0
Nb 4.246979880372e+00 1.678419412197e+00 9.182088683320e+00 1 1 1 0.0 0.0 0.0
Nb 1.324560073471e+01 1.726448793096e+01 9.182088683320e+00 1 1 1 0.0 0.0 0.0
Nb 4.246979880372e+00 5.141990194144e+00 9.182088683320e+00 1 1 1 0.0 0.0 0.0
Nb 7.246520165151e+00 3.410204803171e+00 9.182088683320e+00 1 1 1 0.0 0.0 0.0
Nb 1.024606044993e+01 1.678419412197e+00 9.182088683320e+00 1 1 1 0.0 0.0 0.0
Nb 1.924468130427e+01 1.726448793096e+01 9.182088683320e+00 1 1 1 0.0 0.0 0.0
Nb 4.246979880372e+00 8.605560976090e+00 9.182088683320e+00 1 1 1 0.0 0.0 0.0
Nb 7.246520165151e+00 6.873775585117e+00 9.182088683320e+00 1 1 1 0.0 0.0 0.0
Nb 1.024606044993e+01 5.141990194144e+00 9.182088683320e+00 1 1 1 0.0 0.0 0.0
Nb 1.324560073471e+01 3.410204803171e+00 9.182088683320e+00 1 1 1 0.0 0.0 0.0
Nb 1.624514101949e+01 1.678419412197e+00 9.182088683320e+00 1 1 1 0.0 0.0 0.0
Nb 7.246520165151e+00 1.033734636706e+01 9.182088683320e+00 1 1 1 0.0 0.0 0.0
Nb 1.024606044993e+01 8.605560976090e+00 9.182088683320e+00 1 1 1 0.0 0.0 0.0
Nb 1.324560073471e+01 6.873775585117e+00 9.182088683320e+00 1 1 1 0.0 0.0 0.0
Nb 1.624514101949e+01 5.141990194144e+00 9.182088683320e+00 1 1 1 0.0 0.0 0.0
Nb 1.247439595593e+00 3.410204803171e+00 9.182088683320e+00 1 1 1 0.0 0.0 0.0
Nb 7.246520165151e+00 1.380091714901e+01 9.182088683320e+00 1 1 1 0.0 0.0 0.0
Nb 1.024606044993e+01 1.206913175804e+01 9.182088683320e+00 1 1 1 0.0 0.0 0.0
Nb 1.324560073471e+01 1.033734636706e+01 9.182088683320e+00 1 1 1 0.0 0.0 0.0
Nb 1.624514101949e+01 8.605560976090e+00 9.182088683320e+00 1 1 1 0.0 0.0 0.0
Nb 1.924468130427e+01 6.873775585117e+00 9.182088683320e+00 1 1 1 0.0 0.0 0.0
Nb 1.024606044993e+01 1.553270253998e+01 9.182088683320e+00 1 1 1 0.0 0.0 0.0
Nb 1.324560073471e+01 1.380091714901e+01 9.182088683320e+00 1 1 1 0.0 0.0 0.0
Nb 1.624514101949e+01 1.206913175804e+01 9.182088683320e+00 1 1 1 0.0 0.0 0.0
Nb 1.924468130427e+01 1.033734636706e+01 9.182088683320e+00 1 1 1 0.0 0.0 0.0
Nb 1.624514101949e+01 1.553270253998e+01 9.182088683320e+00 1 1 1 0.0 0.0 0.0
Nb 1.924468130427e+01 1.380091714901e+01 9.182088683320e+00 1 1 1 0.0 0.0 0.0
Nb 4.246979880372e+00 1.206913175804e+01 9.182088683320e+00 1 1 1 0.0 0.0 0.0
Nb 2.224422158905e+01 1.553270253998e+01 9.182088683320e+00 1 1 1 0.0 0.0 0.0
Bi 1.003554163771e+01 1.344811141231e+00 3.532095071834e+01 1 1 1 0.0 0.0 0.0
Bi 1.385313836379e+01 2.919161496661e+00 3.532095071834e+01 1 1 1 0.0 0.0 0.0
Bi 1.767073508988e+01 4.493511852092e+00 3.532095071834e+01 1 1 1 0.0 0.0 0.0
Bi 1.712536412901e+01 5.576359635161e-01 3.532095071834e+01 1 1 1 0.0 0.0 0.0
Bi 2.945719146414e+00 2.131986318946e+00 3.532095071834e+01 1 1 1 0.0 0.0 0.0
Bi 6.763315872497e+00 3.706336674377e+00 3.532095071834e+01 1 1 1 0.0 0.0 0.0
Bi 1.058091259858e+01 5.280687029807e+00 3.532095071834e+01 1 1 1 0.0 0.0 0.0
Bi 1.439850932466e+01 6.855037385237e+00 3.532095071834e+01 1 1 1 0.0 0.0 0.0
Bi 1.821610605075e+01 8.429387740667e+00 3.532095071834e+01 1 1 1 0.0 0.0 0.0
Bi 3.491090107283e+00 6.067862207522e+00 3.532095071834e+01 1 1 1 0.0 0.0 0.0
Bi 7.308686833366e+00 7.642212562952e+00 3.532095071834e+01 1 1 1 0.0 0.0 0.0
Bi 1.112628355945e+01 9.216562918382e+00 3.532095071834e+01 1 1 1 0.0 0.0 0.0
Bi 1.494388028553e+01 1.079091327381e+01 3.532095071834e+01 1 1 1 0.0 0.0 0.0
Bi 1.876147701161e+01 1.236526362924e+01 3.532095071834e+01 1 1 1 0.0 0.0 0.0
Bi 4.036461068152e+00 1.000373809610e+01 3.532095071834e+01 1 1 1 0.0 0.0 0.0
Bi 7.854057794235e+00 1.157808845153e+01 3.532095071834e+01 1 1 1 0.0 0.0 0.0
Bi 1.167165452032e+01 1.315243880696e+01 3.532095071834e+01 1 1 1 0.0 0.0 0.0
Bi 1.548925124640e+01 1.472678916239e+01 3.532095071834e+01 1 1 1 0.0 0.0 0.0
Bi 1.930684797248e+01 1.630113951782e+01 3.532095071834e+01 1 1 1 0.0 0.0 0.0
Bi 2.257907373770e+01 1.393961398467e+01 3.532095071834e+01 1 1 1 0.0 0.0 0.0
Bi 8.399428755104e+00 1.551396434010e+01 3.532095071834e+01 1 1 1 0.0 0.0 0.0
Bi 1.221702548119e+01 1.708831469553e+01 3.532095071834e+01 1 1 1 0.0 0.0 0.0
Bi 7.694052276110e+00 1.580771373692e+00 3.133430771007e+01 1 1 1 0.0 0.0 0.0
Bi 1.151164900219e+01 3.155121729123e+00 3.133430771007e+01 1 1 1 0.0 0.0 0.0
Bi 1.532924572828e+01 4.729472084553e+00 3.133430771007e+01 1 1 1 0.0 0.0 0.0
Bi 1.478387476741e+01 7.935961959773e-01 3.133430771007e+01 1 1 1 0.0 0.0 0.0
Bi 1.860147149349e+01 2.367946551408e+00 3.133430771007e+01 1 1 1 0.0 0.0 0.0
Bi 4.421826510897e+00 3.942296906838e+00 3.133430771007e+01 1 1 1 0.0 0.0 0.0
Bi 8.239423236979e+00 5.516647262268e+00 3.133430771007e+01 1 1 1 0.0 0.0 0.0
Bi 1.205701996306e+01 7.090997617698e+00 3.133430771007e+01 1 1 1 0.0 0.0 0.0
Bi 1.587461668914e+01 8.665347973129e+00 3.133430771007e+01 1 1 1 0.0 0.0 0.0
Bi 1.914684245436e+01 6.303822439983e+00 3.133430771007e+01 1 1 1 0.0 0.0 0.0
Bi 4.967197471766e+00 7.878172795413e+00 3.133430771007e+01 1 1 1 0.0 0.0 0.0
Bi 8.784794197848e+00 9.452523150844e+00 3.133430771007e+01 1 1 1 0.0 0.0 0.0
Bi 1.260239092393e+01 1.102687350627e+01 3.133430771007e+01 1 1 1 0.0 0.0 0.0
Bi 1.641998765001e+01 1.260122386170e+01 3.133430771007e+01 1 1 1 0.0 0.0 0.0
Bi 1.969221341523e+01 1.023969832856e+01 3.133430771007e+01 1 1 1 0.0 0.0 0.0
Bi 5.512568432634e+00 1.181404868399e+01 3.133430771007e+01 1 1 1 0.0 0.0 0.0
Bi 9.330165158717e+00 1.338839903942e+01 3.133430771007e+01 1 1 1 0.0 0.0 0.0
Bi 1.314776188480e+01 1.496274939485e+01 3.133430771007e+01 1 1 1 0.0 0.0 0.0
Bi 1.696535861088e+01 1.653709975028e+01 3.133430771007e+01 1 1 1 0.0 0.0 0.0
Bi 2.023758437610e+01 1.417557421713e+01 3.133430771007e+01 1 1 1 0.0 0.0 0.0
Bi 6.057939393503e+00 1.574992457256e+01 3.133430771007e+01 1 1 1 0.0 0.0 0.0
Bi 3.876455550028e+00 6.421018262208e-03 3.133430771007e+01 1 1 1 0.0 0.0 0.0
Bi 7.668404237189e+00 1.520699046393e+00 2.529282906773e+01 1 1 1 0.0 0.0 0.0
Bi 1.148600096327e+01 3.095049401823e+00 2.529282906773e+01 1 1 1 0.0 0.0 0.0
Bi 1.530359768935e+01 4.669399757253e+00 2.529282906773e+01 1 1 1 0.0 0.0 0.0
Bi 1.475822672849e+01 7.335238686776e-01 2.529282906773e+01 1 1 1 0.0 0.0 0.0
Bi 1.857582345457e+01 2.307874224108e+00 2.529282906773e+01 1 1 1 0.0 0.0 0.0
Bi 4.396178471975e+00 3.882224579538e+00 2.529282906773e+01 1 1 1 0.0 0.0 0.0
Bi 8.213775198058e+00 5.456574934968e+00 2.529282906773e+01 1 1 1 0.0 0.0 0.0
Bi 1.203137192414e+01 7.030925290399e+00 2.529282906773e+01 1 1 1 0.0 0.0 0.0
Bi 1.584896865022e+01 8.605275645829e+00 2.529282906773e+01 1 1 1 0.0 0.0 0.0
Bi 1.912119441544e+01 6.243750112683e+00 2.529282906773e+01 1 1 1 0.0 0.0 0.0
Bi 4.941549432844e+00 7.818100468114e+00 2.529282906773e+01 1 1 1 0.0 0.0 0.0
Bi 8.759146158927e+00 9.392450823544e+00 2.529282906773e+01 1 1 1 0.0 0.0 0.0
Bi 1.257674288501e+01 1.096680117897e+01 2.529282906773e+01 1 1 1 0.0 0.0 0.0
Bi 1.639433961109e+01 1.254115153440e+01 2.529282906773e+01 1 1 1 0.0 0.0 0.0
Bi 1.966656537631e+01 1.017962600126e+01 2.529282906773e+01 1 1 1 0.0 0.0 0.0
Bi 5.486920393713e+00 1.175397635669e+01 2.529282906773e+01 1 1 1 0.0 0.0 0.0
Bi 9.304517119796e+00 1.332832671212e+01 2.529282906773e+01 1 1 1 0.0 0.0 0.0
Bi 1.312211384588e+01 1.490267706755e+01 2.529282906773e+01 1 1 1 0.0 0.0 0.0
Bi 1.693971057196e+01 1.647702742298e+01 2.529282906773e+01 1 1 1 0.0 0.0 0.0
Bi 2.021193633717e+01 1.411550188983e+01 2.529282906773e+01 1 1 1 0.0 0.0 0.0
Bi 6.032291354582e+00 1.568985224526e+01 2.529282906773e+01 1 1 1 0.0 0.0 0.0
Bi 9.849888080665e+00 1.726420260070e+01 2.529282906773e+01 1 1 1 0.0 0.0 0.0
Bi 1.241581593610e+01 9.920188298818e-01 2.132110864621e+01 1 1 1 0.0 0.0 0.0
Bi 1.623341266218e+01 2.566369185312e+00 2.132110864621e+01 1 1 1 0.0 0.0 0.0
Bi 2.053767679588e+00 4.140719540742e+00 2.132110864621e+01 1 1 1 0.0 0.0 0.0
Bi 1.508396718719e+00 2.048436521666e-01 2.132110864621e+01 1 1 1 0.0 0.0 0.0
Bi 5.325993444802e+00 1.779194007597e+00 2.132110864621e+01 1 1 1 0.0 0.0 0.0
Bi 9.143590170884e+00 3.353544363027e+00 2.132110864621e+01 1 1 1 0.0 0.0 0.0
Bi 1.296118689697e+01 4.927894718457e+00 2.132110864621e+01 1 1 1 0.0 0.0 0.0
Bi 1.677878362305e+01 6.502245073888e+00 2.132110864621e+01 1 1 1 0.0 0.0 0.0
Bi 2.059638034913e+01 8.076595429318e+00 2.132110864621e+01 1 1 1 0.0 0.0 0.0
Bi 5.871364405671e+00 5.715069896173e+00 2.132110864621e+01 1 1 1 0.0 0.0 0.0
Bi 9.688961131753e+00 7.289420251603e+00 2.132110864621e+01 1 1 1 0.0 0.0 0.0
Bi 1.350655785784e+01 8.863770607033e+00 2.132110864621e+01 1 1 1 0.0 0.0 0.0
Bi 1.732415458392e+01 1.043812096246e+01 2.132110864621e+01 1 1 1 0.0 0.0 0.0
Bi 2.114175131000e+01 1.201247131789e+01 2.132110864621e+01 1 1 1 0.0 0.0 0.0
Bi 6.416735366540e+00 9.650945784748e+00 2.132110864621e+01 1 1 1 0.0 0.0 0.0
Bi 1.023433209262e+01 1.122529614018e+01 2.132110864621e+01 1 1 1 0.0 0.0 0.0
Bi 1.405192881871e+01 1.279964649561e+01 2.132110864621e+01 1 1 1 0.0 0.0 0.0
Bi 1.786952554479e+01 1.437399685104e+01 2.132110864621e+01 1 1 1 0.0 0.0 0.0
Bi 2.168712227087e+01 1.594834720647e+01 2.132110864621e+01 1 1 1 0.0 0.0 0.0
Bi 6.962106327409e+00 1.358682167332e+01 2.132110864621e+01 1 1 1 0.0 0.0 0.0
Bi 1.077970305349e+01 1.516117202875e+01 2.132110864621e+01 1 1 1 0.0 0.0 0.0
Bi 1.459729977957e+01 1.673552238418e+01 2.132110864621e+01 1 1 1 0.0 0.0 0.0
Se 2.324386383422e+01 1.726501313938e+01 7.500000000000e+00 1 1 1 0.0 0.0 0.0
Se 2.247081840762e+00 1.678944620617e+00 7.500000000000e+00 1 1 1 0.0 0.0 0.0
Se 1.124570269510e+01 1.726501313938e+01 7.500000000000e+00 1 1 1 0.0 0.0 0.0
Se 2.247081840762e+00 5.142515402563e+00 7.500000000000e+00 1 1 1 0.0 0.0 0.0
Se 5.246622125542e+00 3.410730011590e+00 7.500000000000e+00 1 1 1 0.0 0.0 0.0
Se 8.246162410321e+00 1.678944620617e+00 7.500000000000e+00 1 1 1 0.0 0.0 0.0
Se 1.724478326466e+01 1.726501313938e+01 7.500000000000e+00 1 1 1 0.0 0.0 0.0
Se 2.024432354944e+01 8.606086184510e+00 7.500000000000e+00 1 1 1 0.0 0.0 0.0
Se 5.246622125542e+00 6.874300793537e+00 7.500000000000e+00 1 1 1 0.0 0.0 0.0
Se 8.246162410321e+00 5.142515402563e+00 7.500000000000e+00 1 1 1 0.0 0.0 0.0
Se 1.124570269510e+01 3.410730011590e+00 7.500000000000e+00 1 1 1 0.0 0.0 0.0
Se 1.424524297988e+01 1.678944620617e+00 7.500000000000e+00 1 1 1 0.0 0.0 0.0
Se 5.246622125542e+00 1.033787157548e+01 7.500000000000e+00 1 1 1 0.0 0.0 0.0
Se 8.246162410321e+00 8.606086184510e+00 7.500000000000e+00 1 1 1 0.0 0.0 0.0
Se 1.124570269510e+01 6.874300793537e+00 7.500000000000e+00 1 1 1 0.0 0.0 0.0
Se 1.424524297988e+01 5.142515402563e+00 7.500000000000e+00 1 1 1 0.0 0.0 0.0
Se 1.724478326466e+01 3.410730011590e+00 7.500000000000e+00 1 1 1 0.0 0.0 0.0
Se 5.246622125542e+00 1.380144235743e+01 7.500000000000e+00 1 1 1 0.0 0.0 0.0
Se 8.246162410321e+00 1.206965696646e+01 7.500000000000e+00 1 1 1 0.0 0.0 0.0
Se 1.124570269510e+01 1.033787157548e+01 7.500000000000e+00 1 1 1 0.0 0.0 0.0
Se 1.424524297988e+01 8.606086184510e+00 7.500000000000e+00 1 1 1 0.0 0.0 0.0
Se 1.724478326466e+01 6.874300793537e+00 7.500000000000e+00 1 1 1 0.0 0.0 0.0
Se 8.246162410321e+00 1.553322774840e+01 7.500000000000e+00 1 1 1 0.0 0.0 0.0
Se 1.124570269510e+01 1.380144235743e+01 7.500000000000e+00 1 1 1 0.0 0.0 0.0
Se 1.424524297988e+01 1.206965696646e+01 7.500000000000e+00 1 1 1 0.0 0.0 0.0
Se 1.724478326466e+01 1.033787157548e+01 7.500000000000e+00 1 1 1 0.0 0.0 0.0
Se 1.424524297988e+01 1.553322774840e+01 7.500000000000e+00 1 1 1 0.0 0.0 0.0
Se 1.724478326466e+01 1.380144235743e+01 7.500000000000e+00 1 1 1 0.0 0.0 0.0
Se 2.024432354944e+01 1.206965696646e+01 7.500000000000e+00 1 1 1 0.0 0.0 0.0
Se 2.024432354944e+01 1.553322774840e+01 7.500000000000e+00 1 1 1 0.0 0.0 0.0
Se 6.240771230403e+00 1.552497616056e+01 1.364602824434e+01 1 1 1 0.0 0.0 0.0
Se 9.240311515182e+00 1.725676155153e+01 1.364602824434e+01 1 1 1 0.0 0.0 0.0
Se 1.223985179996e+01 1.552497616056e+01 1.364602824434e+01 1 1 1 0.0 0.0 0.0
Se 3.241230945624e+00 3.402478423744e+00 1.364602824434e+01 1 1 1 0.0 0.0 0.0
Se 6.240771230403e+00 1.670693032771e+00 1.364602824434e+01 1 1 1 0.0 0.0 0.0
Se 1.523939208474e+01 1.725676155153e+01 1.364602824434e+01 1 1 1 0.0 0.0 0.0
Se 1.823893236952e+01 1.552497616056e+01 1.364602824434e+01 1 1 1 0.0 0.0 0.0
Se 3.241230945624e+00 6.866049205691e+00 1.364602824434e+01 1 1 1 0.0 0.0 0.0
Se 6.240771230403e+00 5.134263814717e+00 1.364602824434e+01 1 1 1 0.0 0.0 0.0
Se 9.240311515182e+00 3.402478423744e+00 1.364602824434e+01 1 1 1 0.0 0.0 0.0
Se 1.223985179996e+01 1.670693032771e+00 1.364602824434e+01 1 1 1 0.0 0.0 0.0
Se 2.123847265430e+01 1.725676155153e+01 1.364602824434e+01 1 1 1 0.0 0.0 0.0
Se 6.240771230403e+00 8.597834596664e+00 1.364602824434e+01 1 1 1 0.0 0.0 0.0
Se 9.240311515182e+00 6.866049205691e+00 1.364602824434e+01 1 1 1 0.0 0.0 0.0
Se 1.223985179996e+01 5.134263814717e+00 1.364602824434e+01 1 1 1 0.0 0.0 0.0
Se 1.523939208474e+01 3.402478423744e+00 1.364602824434e+01 1 1 1 0.0 0.0 0.0
Se 1.823893236952e+01 1.670693032771e+00 1.364602824434e+01 1 1 1 0.0 0.0 0.0
Se 6.240771230403e+00 1.206140537861e+01 1.364602824434e+01 1 1 1 0.0 0.0 0.0
Se 9.240311515182e+00 1.032961998764e+01 1.364602824434e+01 1 1 1 0.0 0.0 0.0
Se 1.223985179996e+01 8.597834596664e+00 1.364602824434e+01 1 1 1 0.0 0.0 0.0
Se 1.523939208474e+01 6.866049205691e+00 1.364602824434e+01 1 1 1 0.0 0.0 0.0
Se 1.823893236952e+01 5.134263814717e+00 1.364602824434e+01 1 1 1 0.0 0.0 0.0
Se 9.240311515182e+00 1.379319076958e+01 1.364602824434e+01 1 1 1 0.0 0.0 0.0
Se 1.223985179996e+01 1.206140537861e+01 1.364602824434e+01 1 1 1 0.0 0.0 0.0
Se 1.523939208474e+01 1.032961998764e+01 1.364602824434e+01 1 1 1 0.0 0.0 0.0
Se 1.823893236952e+01 8.597834596664e+00 1.364602824434e+01 1 1 1 0.0 0.0 0.0
Se 1.523939208474e+01 1.379319076958e+01 1.364602824434e+01 1 1 1 0.0 0.0 0.0
Se 1.823893236952e+01 1.206140537861e+01 1.364602824434e+01 1 1 1 0.0 0.0 0.0
Se 2.123847265430e+01 1.032961998764e+01 1.364602824434e+01 1 1 1 0.0 0.0 0.0
Se 2.123847265430e+01 1.379319076958e+01 1.364602824434e+01 1 1 1 0.0 0.0 0.0
Se 2.324361432714e+01 1.726396626802e+01 1.086443756309e+01 1 1 1 0.0 0.0 0.0
Se 2.246832333690e+00 1.677897749265e+00 1.086443756309e+01 1 1 1 0.0 0.0 0.0
Se 1.124545318803e+01 1.726396626802e+01 1.086443756309e+01 1 1 1 0.0 0.0 0.0
Se 2.246832333690e+00 5.141468531212e+00 1.086443756309e+01 1 1 1 0.0 0.0 0.0
Se 5.246372618469e+00 3.409683140239e+00 1.086443756309e+01 1 1 1 0.0 0.0 0.0
Se 8.245912903248e+00 1.677897749265e+00 1.086443756309e+01 1 1 1 0.0 0.0 0.0
Se 1.724453375759e+01 1.726396626802e+01 1.086443756309e+01 1 1 1 0.0 0.0 0.0
Se 2.024407404237e+01 8.605039313158e+00 1.086443756309e+01 1 1 1 0.0 0.0 0.0
Se 5.246372618469e+00 6.873253922185e+00 1.086443756309e+01 1 1 1 0.0 0.0 0.0
Se 8.245912903248e+00 5.141468531212e+00 1.086443756309e+01 1 1 1 0.0 0.0 0.0
Se 1.124545318803e+01 3.409683140239e+00 1.086443756309e+01 1 1 1 0.0 0.0 0.0
Se 1.424499347281e+01 1.677897749265e+00 1.086443756309e+01 1 1 1 0.0 0.0 0.0
Se 5.246372618469e+00 1.033682470413e+01 1.086443756309e+01 1 1 1 0.0 0.0 0.0
Se 8.245912903248e+00 8.605039313158e+00 1.086443756309e+01 1 1 1 0.0 0.0 0.0
Se 1.124545318803e+01 6.873253922185e+00 1.086443756309e+01 1 1 1 0.0 0.0 0.0
Se 1.424499347281e+01 5.141468531212e+00 1.086443756309e+01 1 1 1 0.0 0.0 0.0
Se 1.724453375759e+01 3.409683140239e+00 1.086443756309e+01 1 1 1 0.0 0.0 0.0
Se 5.246372618469e+00 1.380039548608e+01 1.086443756309e+01 1 1 1 0.0 0.0 0.0
Se 8.245912903248e+00 1.206861009510e+01 1.086443756309e+01 1 1 1 0.0 0.0 0.0
Se 1.124545318803e+01 1.033682470413e+01 1.086443756309e+01 1 1 1 0.0 0.0 0.0
Se 1.424499347281e+01 8.605039313158e+00 1.086443756309e+01 1 1 1 0.0 0.0 0.0
Se 1.724453375759e+01 6.873253922185e+00 1.086443756309e+01 1 1 1 0.0 0.0 0.0
Se 8.245912903248e+00 1.553218087705e+01 1.086443756309e+01 1 1 1 0.0 0.0 0.0
Se 1.124545318803e+01 1.380039548608e+01 1.086443756309e+01 1 1 1 0.0 0.0 0.0
Se 1.424499347281e+01 1.206861009510e+01 1.086443756309e+01 1 1 1 0.0 0.0 0.0
Se 1.724453375759e+01 1.033682470413e+01 1.086443756309e+01 1 1 1 0.0 0.0 0.0
Se 1.424499347281e+01 1.553218087705e+01 1.086443756309e+01 1 1 1 0.0 0.0 0.0
Se 1.724453375759e+01 1.380039548608e+01 1.086443756309e+01 1 1 1 0.0 0.0 0.0
Se 2.024407404237e+01 1.206861009510e+01 1.086443756309e+01 1 1 1 0.0 0.0 0.0
Se 2.024407404237e+01 1.553218087705e+01 1.086443756309e+01 1 1 1 0.0 0.0 0.0
Se 6.240703866139e+00 1.552392034611e+01 1.701046802998e+01 1 1 1 0.0 0.0 0.0
Se 9.240244150919e+00 1.725570573708e+01 1.701046802998e+01 1 1 1 0.0 0.0 0.0
Se 1.223978443570e+01 1.552392034611e+01 1.701046802998e+01 1 1 1 0.0 0.0 0.0
Se 3.241163581360e+00 3.401422609297e+00 1.701046802998e+01 1 1 1 0.0 0.0 0.0
Se 6.240703866139e+00 1.669637218324e+00 1.701046802998e+01 1 1 1 0.0 0.0 0.0
Se 1.523932472048e+01 1.725570573708e+01 1.701046802998e+01 1 1 1 0.0 0.0 0.0
Se 1.823886500526e+01 1.552392034611e+01 1.701046802998e+01 1 1 1 0.0 0.0 0.0
Se 3.241163581360e+00 6.864993391243e+00 1.701046802998e+01 1 1 1 0.0 0.0 0.0
Se 6.240703866139e+00 5.133208000270e+00 1.701046802998e+01 1 1 1 0.0 0.0 0.0
Se 9.240244150919e+00 3.401422609297e+00 1.701046802998e+01 1 1 1 0.0 0.0 0.0
Se 1.223978443570e+01 1.669637218324e+00 1.701046802998e+01 1 1 1 0.0 0.0 0.0
Se 2.123840529004e+01 1.725570573708e+01 1.701046802998e+01 1 1 1 0.0 0.0 0.0
Se 6.240703866139e+00 8.596778782217e+00 1.701046802998e+01 1 1 1 0.0 0.0 0.0
Se 9.240244150919e+00 6.864993391243e+00 1.701046802998e+01 1 1 1 0.0 0.0 0.0
Se 1.223978443570e+01 5.133208000270e+00 1.701046802998e+01 1 1 1 0.0 0.0 0.0
Se 1.523932472048e+01 3.401422609297e+00 1.701046802998e+01 1 1 1 0.0 0.0 0.0
Se 1.823886500526e+01 1.669637218324e+00 1.701046802998e+01 1 1 1 0.0 0.0 0.0
Se 6.240703866139e+00 1.206034956416e+01 1.701046802998e+01 1 1 1 0.0 0.0 0.0
Se 9.240244150919e+00 1.032856417319e+01 1.701046802998e+01 1 1 1 0.0 0.0 0.0
Se 1.223978443570e+01 8.596778782217e+00 1.701046802998e+01 1 1 1 0.0 0.0 0.0
Se 1.523932472048e+01 6.864993391243e+00 1.701046802998e+01 1 1 1 0.0 0.0 0.0
Se 1.823886500526e+01 5.133208000270e+00 1.701046802998e+01 1 1 1 0.0 0.0 0.0
Se 9.240244150919e+00 1.379213495514e+01 1.701046802998e+01 1 1 1 0.0 0.0 0.0
Se 1.223978443570e+01 1.206034956416e+01 1.701046802998e+01 1 1 1 0.0 0.0 0.0
Se 1.523932472048e+01 1.032856417319e+01 1.701046802998e+01 1 1 1 0.0 0.0 0.0
Se 1.823886500526e+01 8.596778782217e+00 1.701046802998e+01 1 1 1 0.0 0.0 0.0
Se 1.523932472048e+01 1.379213495514e+01 1.701046802998e+01 1 1 1 0.0 0.0 0.0
Se 1.823886500526e+01 1.206034956416e+01 1.701046802998e+01 1 1 1 0.0 0.0 0.0
Se 2.123840529004e+01 1.032856417319e+01 1.701046802998e+01 1 1 1 0.0 0.0 0.0
Se 2.123840529004e+01 1.379213495514e+01 1.701046802998e+01 1 1 1 0.0 0.0 0.0
Se 7.660347706467e+00 1.608059614597e+00 3.696241589303e+01 1 1 1 0.0 0.0 0.0
Se 1.147794443255e+01 3.182409970027e+00 3.696241589303e+01 1 1 1 0.0 0.0 0.0
Se 1.529554115863e+01 4.756760325457e+00 3.696241589303e+01 1 1 1 0.0 0.0 0.0
Se 1.475017019776e+01 8.208844368816e-01 3.696241589303e+01 1 1 1 0.0 0.0 0.0
Se 1.856776692385e+01 2.395234792312e+00 3.696241589303e+01 1 1 1 0.0 0.0 0.0
Se 4.388121941254e+00 3.969585147742e+00 3.696241589303e+01 1 1 1 0.0 0.0 0.0
Se 8.205718667336e+00 5.543935503172e+00 3.696241589303e+01 1 1 1 0.0 0.0 0.0
Se 1.202331539342e+01 7.118285858603e+00 3.696241589303e+01 1 1 1 0.0 0.0 0.0
Se 1.584091211950e+01 8.692636214033e+00 3.696241589303e+01 1 1 1 0.0 0.0 0.0
Se 1.911313788472e+01 6.331110680887e+00 3.696241589303e+01 1 1 1 0.0 0.0 0.0
Se 4.933492902122e+00 7.905461036318e+00 3.696241589303e+01 1 1 1 0.0 0.0 0.0
Se 8.751089628205e+00 9.479811391748e+00 3.696241589303e+01 1 1 1 0.0 0.0 0.0
Se 1.256868635429e+01 1.105416174718e+01 3.696241589303e+01 1 1 1 0.0 0.0 0.0
Se 1.638628308037e+01 1.262851210261e+01 3.696241589303e+01 1 1 1 0.0 0.0 0.0
Se 1.965850884558e+01 1.026698656946e+01 3.696241589303e+01 1 1 1 0.0 0.0 0.0
Se 5.478863862991e+00 1.184133692489e+01 3.696241589303e+01 1 1 1 0.0 0.0 0.0
Se 9.296460589074e+00 1.341568728032e+01 3.696241589303e+01 1 1 1 0.0 0.0 0.0
Se 1.311405731516e+01 1.499003763575e+01 3.696241589303e+01 1 1 1 0.0 0.0 0.0
Se 1.693165404124e+01 1.656438799118e+01 3.696241589303e+01 1 1 1 0.0 0.0 0.0
Se 2.020387980645e+01 1.420286245804e+01 3.696241589303e+01 1 1 1 0.0 0.0 0.0
Se 6.024234823860e+00 1.577721281347e+01 3.696241589303e+01 1 1 1 0.0 0.0 0.0
Se 3.842750980385e+00 3.370925916647e-02 3.696241589303e+01 1 1 1 0.0 0.0 0.0
Se 1.242234732196e+01 1.073654005302e+00 3.332483142763e+01 1 1 1 0.0 0.0 0.0
Se 1.623994404804e+01 2.648004360732e+00 3.332483142763e+01 1 1 1 0.0 0.0 0.0
Se 2.060299065450e+00 4.222354716162e+00 3.332483142763e+01 1 1 1 0.0 0.0 0.0
Se 1.514928104581e+00 2.864788275869e-01 3.332483142763e+01 1 1 1 0.0 0.0 0.0
Se 5.332524830664e+00 1.860829183017e+00 3.332483142763e+01 1 1 1 0.0 0.0 0.0
Se 9.150121556746e+00 3.435179538447e+00 3.332483142763e+01 1 1 1 0.0 0.0 0.0
Se 1.296771828283e+01 5.009529893878e+00 3.332483142763e+01 1 1 1 0.0 0.0 0.0
Se 1.678531500891e+01 6.583880249308e+00 3.332483142763e+01 1 1 1 0.0 0.0 0.0
Se 2.060291173499e+01 8.158230604738e+00 3.332483142763e+01 1 1 1 0.0 0.0 0.0
Se 5.877895791533e+00 5.796705071593e+00 3.332483142763e+01 1 1 1 0.0 0.0 0.0
Se 9.695492517615e+00 7.371055427023e+00 3.332483142763e+01 1 1 1 0.0 0.0 0.0
Se 1.351308924370e+01 8.945405782453e+00 3.332483142763e+01 1 1 1 0.0 0.0 0.0
Se 1.733068596978e+01 1.051975613788e+01 3.332483142763e+01 1 1 1 0.0 0.0 0.0
Se 2.114828269586e+01 1.209410649331e+01 3.332483142763e+01 1 1 1 0.0 0.0 0.0
Se 6.423266752402e+00 9.732580960168e+00 3.332483142763e+01 1 1 1 0.0 0.0 0.0
Se 1.024086347848e+01 1.130693131560e+01 3.332483142763e+01 1 1 1 0.0 0.0 0.0
Se 1.405846020457e+01 1.288128167103e+01 3.332483142763e+01 1 1 1 0.0 0.0 0.0
Se 1.787605693065e+01 1.445563202646e+01 3.332483142763e+01 1 1 1 0.0 0.0 0.0
Se 2.169365365673e+01 1.602998238189e+01 3.332483142763e+01 1 1 1 0.0 0.0 0.0
Se 6.968637713271e+00 1.366845684874e+01 3.332483142763e+01 1 1 1 0.0 0.0 0.0
Se 1.078623443935e+01 1.524280720417e+01 3.332483142763e+01 1 1 1 0.0 0.0 0.0
Se 1.460383116544e+01 1.681715755960e+01 3.332483142763e+01 1 1 1 0.0 0.0 0.0
Se 1.004854394008e+01 1.328748295169e+00 2.969131231352e+01 1 1 1 0.0 0.0 0.0
Se 1.386614066617e+01 2.903098650599e+00 2.969131231352e+01 1 1 1 0.0 0.0 0.0
Se 1.768373739225e+01 4.477449006029e+00 2.969131231352e+01 1 1 1 0.0 0.0 0.0
Se 1.713836643138e+01 5.415731174536e-01 2.969131231352e+01 1 1 1 0.0 0.0 0.0
Se 2.958721448786e+00 2.115923472884e+00 2.969131231352e+01 1 1 1 0.0 0.0 0.0
Se 6.776318174869e+00 3.690273828314e+00 2.969131231352e+01 1 1 1 0.0 0.0 0.0
Se 1.059391490095e+01 5.264624183744e+00 2.969131231352e+01 1 1 1 0.0 0.0 0.0
Se 1.441151162703e+01 6.838974539175e+00 2.969131231352e+01 1 1 1 0.0 0.0 0.0
Se 1.822910835312e+01 8.413324894605e+00 2.969131231352e+01 1 1 1 0.0 0.0 0.0
Se 3.504092409655e+00 6.051799361459e+00 2.969131231352e+01 1 1 1 0.0 0.0 0.0
Se 7.321689135738e+00 7.626149716890e+00 2.969131231352e+01 1 1 1 0.0 0.0 0.0
Se 1.113928586182e+01 9.200500072320e+00 2.969131231352e+01 1 1 1 0.0 0.0 0.0
Se 1.495688258790e+01 1.077485042775e+01 2.969131231352e+01 1 1 1 0.0 0.0 0.0
Se 1.877447931399e+01 1.234920078318e+01 2.969131231352e+01 1 1 1 0.0 0.0 0.0
Se 4.049463370524e+00 9.987675250035e+00 2.969131231352e+01 1 1 1 0.0 0.0 0.0
Se 7.867060096607e+00 1.156202560547e+01 2.969131231352e+01 1 1 1 0.0 0.0 0.0
Se 1.168465682269e+01 1.313637596090e+01 2.969131231352e+01 1 1 1 0.0 0.0 0.0
Se 1.550225354877e+01 1.471072631633e+01 2.969131231352e+01 1 1 1 0.0 0.0 0.0
Se 1.931985027485e+01 1.628507667176e+01 2.969131231352e+01 1 1 1 0.0 0.0 0.0
Se 2.259207604007e+01 1.392355113861e+01 2.969131231352e+01 1 1 1 0.0 0.0 0.0
Se 8.412431057476e+00 1.549790149404e+01 2.969131231352e+01 1 1 1 0.0 0.0 0.0
Se 1.223002778356e+01 1.707225184947e+01 2.969131231352e+01 1 1 1 0.0 0.0 0.0
Se 1.241756120400e+01 9.956277857597e-01 2.692457590224e+01 1 1 1 0.0 0.0 0.0
Se 1.623515793009e+01 2.569978141190e+00 2.692457590224e+01 1 1 1 0.0 0.0 0.0
Se 2.055512947494e+00 4.144328496620e+00 2.692457590224e+01 1 1 1 0.0 0.0 0.0
Se 1.510141986625e+00 2.084526080446e-01 2.692457590224e+01 1 1 1 0.0 0.0 0.0
Se 5.327738712708e+00 1.782802963475e+00 2.692457590224e+01 1 1 1 0.0 0.0 0.0
Se 9.145335438790e+00 3.357153318905e+00 2.692457590224e+01 1 1 1 0.0 0.0 0.0
Se 1.296293216487e+01 4.931503674335e+00 2.692457590224e+01 1 1 1 0.0 0.0 0.0
Se 1.678052889096e+01 6.505854029766e+00 2.692457590224e+01 1 1 1 0.0 0.0 0.0
Se 2.059812561704e+01 8.080204385196e+00 2.692457590224e+01 1 1 1 0.0 0.0 0.0
Se 5.873109673577e+00 5.718678852050e+00 2.692457590224e+01 1 1 1 0.0 0.0 0.0
Se 9.690706399659e+00 7.293029207481e+00 2.692457590224e+01 1 1 1 0.0 0.0 0.0
Se 1.350830312574e+01 8.867379562911e+00 2.692457590224e+01 1 1 1 0.0 0.0 0.0
Se 1.732589985182e+01 1.044172991834e+01 2.692457590224e+01 1 1 1 0.0 0.0 0.0
Se 2.114349657791e+01 1.201608027377e+01 2.692457590224e+01 1 1 1 0.0 0.0 0.0
Se 6.418480634446e+00 9.654554740626e+00 2.692457590224e+01 1 1 1 0.0 0.0 0.0
Se 1.023607736053e+01 1.122890509606e+01 2.692457590224e+01 1 1 1 0.0 0.0 0.0
Se 1.405367408661e+01 1.280325545149e+01 2.692457590224e+01 1 1 1 0.0 0.0 0.0
Se 1.787127081269e+01 1.437760580692e+01 2.692457590224e+01 1 1 1 0.0 0.0 0.0
Se 2.168886753878e+01 1.595195616235e+01 2.692457590224e+01 1 1 1 0.0 0.0 0.0
Se 6.963851595315e+00 1.359043062920e+01 2.692457590224e+01 1 1 1 0.0 0.0 0.0
Se 1.078144832140e+01 1.516478098463e+01 2.692457590224e+01 1 1 1 0.0 0.0 0.0
Se 1.459904504748e+01 1.673913134006e+01 2.692457590224e+01 1 1 1 0.0 0.0 0.0
Se 1.003573573099e+01 1.251781109904e+00 2.330671355540e+01 1 1 1 0.0 0.0 0.0
Se 1.385333245707e+01 2.826131465334e+00 2.330671355540e+01 1 1 1 0.0 0.0 0.0
Se 1.767092918316e+01 4.400481820764e+00 2.330671355540e+01 1 1 1 0.0 0.0 0.0
Se 1.712555822229e+01 4.646059321887e-01 2.330671355540e+01 1 1 1 0.0 0.0 0.0
Se 2.945913239696e+00 2.038956287619e+00 2.330671355540e+01 1 1 1 0.0 0.0 0.0
Se 6.763509965778e+00 3.613306643049e+00 2.330671355540e+01 1 1 1 0.0 0.0 0.0
Se 1.058110669186e+01 5.187656998479e+00 2.330671355540e+01 1 1 1 0.0 0.0 0.0
Se 1.439870341794e+01 6.762007353910e+00 2.330671355540e+01 1 1 1 0.0 0.0 0.0
Se 1.821630014403e+01 8.336357709340e+00 2.330671355540e+01 1 1 1 0.0 0.0 0.0
Se 3.491284200565e+00 5.974832176195e+00 2.330671355540e+01 1 1 1 0.0 0.0 0.0
Se 7.308880926647e+00 7.549182531625e+00 2.330671355540e+01 1 1 1 0.0 0.0 0.0
Se 1.112647765273e+01 9.123532887055e+00 2.330671355540e+01 1 1 1 0.0 0.0 0.0
Se 1.494407437881e+01 1.069788324249e+01 2.330671355540e+01 1 1 1 0.0 0.0 0.0
Se 1.876167110490e+01 1.227223359792e+01 2.330671355540e+01 1 1 1 0.0 0.0 0.0
Se 4.036655161434e+00 9.910708064770e+00 2.330671355540e+01 1 1 1 0.0 0.0 0.0
Se 7.854251887516e+00 1.148505842020e+01 2.330671355540e+01 1 1 1 0.0 0.0 0.0
Se 1.167184861360e+01 1.305940877563e+01 2.330671355540e+01 1 1 1 0.0 0.0 0.0
Se 1.548944533968e+01 1.463375913106e+01 2.330671355540e+01 1 1 1 0.0 0.0 0.0
Se 1.930704206576e+01 1.620810948649e+01 2.330671355540e+01 1 1 1 0.0 0.0 0.0
Se 2.257926783098e+01 1.384658395335e+01 2.330671355540e+01 1 1 1 0.0 0.0 0.0
Se 8.399622848385e+00 1.542093430878e+01 2.330671355540e+01 1 1 1 0.0 0.0 0.0
Se 1.221721957447e+01 1.699528466421e+01 2.330671355540e+01 1 1 1 0.0 0.0 0.0
Se 7.660788016750e+00 1.521030622166e+00 1.968357859229e+01 1 1 1 0.0 0.0 0.0
Se 1.147838474283e+01 3.095380977596e+00 1.968357859229e+01 1 1 1 0.0 0.0 0.0
Se 1.529598146892e+01 4.669731333026e+00 1.968357859229e+01 1 1 1 0.0 0.0 0.0
Se 1.475061050805e+01 7.338554444504e-01 1.968357859229e+01 1 1 1 0.0 0.0 0.0
Se 1.856820723413e+01 2.308205799881e+00 1.968357859229e+01 1 1 1 0.0 0.0 0.0
Se 4.388562251536e+00 3.882556155311e+00 1.968357859229e+01 1 1 1 0.0 0.0 0.0
Se 8.206158977619e+00 5.456906510741e+00 1.968357859229e+01 1 1 1 0.0 0.0 0.0
Se 1.202375570370e+01 7.031256866171e+00 1.968357859229e+01 1 1 1 0.0 0.0 0.0
Se 1.584135242978e+01 8.605607221602e+00 1.968357859229e+01 1 1 1 0.0 0.0 0.0
Se 1.911357819500e+01 6.244081688456e+00 1.968357859229e+01 1 1 1 0.0 0.0 0.0
Se 4.933933212405e+00 7.818432043886e+00 1.968357859229e+01 1 1 1 0.0 0.0 0.0
Se 8.751529938488e+00 9.392782399317e+00 1.968357859229e+01 1 1 1 0.0 0.0 0.0
Se 1.256912666457e+01 1.096713275475e+01 1.968357859229e+01 1 1 1 0.0 0.0 0.0
Se 1.638672339065e+01 1.254148311018e+01 1.968357859229e+01 1 1 1 0.0 0.0 0.0
Se 1.965894915587e+01 1.017995757703e+01 1.968357859229e+01 1 1 1 0.0 0.0 0.0
Se 5.479304173274e+00 1.175430793246e+01 1.968357859229e+01 1 1 1 0.0 0.0 0.0
Se 9.296900899357e+00 1.332865828789e+01 1.968357859229e+01 1 1 1 0.0 0.0 0.0
Se 1.311449762544e+01 1.490300864332e+01 1.968357859229e+01 1 1 1 0.0 0.0 0.0
Se 1.693209435152e+01 1.647735899875e+01 1.968357859229e+01 1 1 1 0.0 0.0 0.0
Se 2.020432011674e+01 1.411583346561e+01 1.968357859229e+01 1 1 1 0.0 0.0 0.0
Se 6.024675134143e+00 1.569018382104e+01 1.968357859229e+01 1 1 1 0.0 0.0 0.0
Se 9.842271860226e+00 1.726453417647e+01 1.968357859229e+01 1 1 1 0.0 0.0 0.0
"