calculation_mode = "Quench Electrons"
cell_relax = "False"
charge_density_mixing = "0.1"
charge_mixing_type = "Broyden"
description = "Example parameters for high-throughput bulk relaxation of a vdW material"
dos_broading = "0.05"
dos_method = "Gaussian"
energy_convergence_criterion = "1e-10"
energy_output_units = "Hartrees"
kohn_sham_mucycles = "3"
kohn_sham_solver = "davidson"
kpoint_mesh = "1 1 1"
localize_projectors = "False"
max_md_steps = "100"
max_scf_steps = "200"
non_local_block_size = "4000"
potential_acceleration_constant_step = "1.5"
processor_grid = "7 8 18"
rms_convergence_criterion = "1e-08"
scalapack_block_factor = "64"
start_mode = "LCAO Start"
state_block_size = "64"
stress = "True"
subdiag_driver = "scalapack"
use_async_allreduce = "False"
vdw_corr = "DFT-D3"
vdwdf_kernel_filepath = "/lustre/orion/world-shared/cph162/rjmorelock/rmgdft/XC/vdW_kernel_table"
wavefunction_grid = "148 164 378"
write_data_period = "50"

atomic_coordinate_type = "Absolute"
crds_units = "Angstrom"
lattice_units = "Angstrom"

lattice_vector = "
1.731785390890e+01 0.000000000000e+00 1.100000000000e-15
6.927141562563e+00 1.799724170954e+01 1.200000000000e-15
0.000000000000e+00 0.000000000000e+00 4.446241589303e+01
"
atoms = "
Nb 1.984663156365e+01 1.172697796367e+01 1.532833092694e+01 1 1 1 0.0 0.0 0.0
Nb 1.638306078187e+01 1.172697796367e+01 1.532833092694e+01 1 1 1 0.0 0.0 0.0
Nb 1.291949000009e+01 1.172697796367e+01 1.532833092694e+01 1 1 1 0.0 0.0 0.0
Nb 9.455919218309e+00 1.172697796367e+01 1.532833092694e+01 1 1 1 0.0 0.0 0.0
Nb 5.992348436528e+00 1.172697796367e+01 1.532833092694e+01 1 1 1 0.0 0.0 0.0
Nb 1.811484617293e+01 8.727437678743e+00 1.532833092694e+01 1 1 1 0.0 0.0 0.0
Nb 1.465127539115e+01 8.727437678743e+00 1.532833092694e+01 1 1 1 0.0 0.0 0.0
Nb 1.118770460937e+01 8.727437678743e+00 1.532833092694e+01 1 1 1 0.0 0.0 0.0
Nb 7.724133827585e+00 8.727437678743e+00 1.532833092694e+01 1 1 1 0.0 0.0 0.0
Nb 4.260563045805e+00 8.727437678743e+00 1.532833092694e+01 1 1 1 0.0 0.0 0.0
Nb 1.638306078220e+01 5.727897393820e+00 1.532833092694e+01 1 1 1 0.0 0.0 0.0
Nb 1.291949000042e+01 5.727897393820e+00 1.532833092694e+01 1 1 1 0.0 0.0 0.0
Nb 9.455919218641e+00 5.727897393820e+00 1.532833092694e+01 1 1 1 0.0 0.0 0.0
Nb 5.992348436861e+00 5.727897393820e+00 1.532833092694e+01 1 1 1 0.0 0.0 0.0
Nb 2.528777655081e+00 5.727897393820e+00 1.532833092694e+01 1 1 1 0.0 0.0 0.0
Nb 1.465127539148e+01 2.728357108896e+00 1.532833092694e+01 1 1 1 0.0 0.0 0.0
Nb 1.118770460970e+01 2.728357108896e+00 1.532833092694e+01 1 1 1 0.0 0.0 0.0
Nb 7.724133827917e+00 2.728357108896e+00 1.532833092694e+01 1 1 1 0.0 0.0 0.0
Nb 4.260563046137e+00 2.728357108896e+00 1.532833092694e+01 1 1 1 0.0 0.0 0.0
Nb 1.811484617326e+01 2.728357108896e+00 1.532833092694e+01 1 1 1 0.0 0.0 0.0
Nb 1.984663156332e+01 1.772605853351e+01 1.532833092694e+01 1 1 1 0.0 0.0 0.0
Nb 1.638306078154e+01 1.772605853351e+01 1.532833092694e+01 1 1 1 0.0 0.0 0.0
Nb 1.291948999976e+01 1.772605853351e+01 1.532833092694e+01 1 1 1 0.0 0.0 0.0
Nb 9.455919217976e+00 1.772605853351e+01 1.532833092694e+01 1 1 1 0.0 0.0 0.0
Nb 2.331020234510e+01 1.772605853351e+01 1.532833092694e+01 1 1 1 0.0 0.0 0.0
Nb 1.811484617259e+01 1.472651824859e+01 1.532833092694e+01 1 1 1 0.0 0.0 0.0
Nb 1.465127539081e+01 1.472651824859e+01 1.532833092694e+01 1 1 1 0.0 0.0 0.0
Nb 1.118770460903e+01 1.472651824859e+01 1.532833092694e+01 1 1 1 0.0 0.0 0.0
Nb 7.724133827252e+00 1.472651824859e+01 1.532833092694e+01 1 1 1 0.0 0.0 0.0
Nb 2.157841695437e+01 1.472651824859e+01 1.532833092694e+01 1 1 1 0.0 0.0 0.0
Nb 1.984564872421e+01 1.171722180487e+01 9.182088683320e+00 1 1 1 0.0 0.0 0.0
Nb 1.638207794243e+01 1.171722180487e+01 9.182088683320e+00 1 1 1 0.0 0.0 0.0
Nb 1.291850716065e+01 1.171722180487e+01 9.182088683320e+00 1 1 1 0.0 0.0 0.0
Nb 9.454936378865e+00 1.171722180487e+01 9.182088683320e+00 1 1 1 0.0 0.0 0.0
Nb 5.991365597085e+00 1.171722180487e+01 9.182088683320e+00 1 1 1 0.0 0.0 0.0
Nb 1.811386333348e+01 8.717681519952e+00 9.182088683320e+00 1 1 1 0.0 0.0 0.0
Nb 1.465029255170e+01 8.717681519952e+00 9.182088683320e+00 1 1 1 0.0 0.0 0.0
Nb 1.118672176992e+01 8.717681519952e+00 9.182088683320e+00 1 1 1 0.0 0.0 0.0
Nb 7.723150988142e+00 8.717681519952e+00 9.182088683320e+00 1 1 1 0.0 0.0 0.0
Nb 4.259580206361e+00 8.717681519952e+00 9.182088683320e+00 1 1 1 0.0 0.0 0.0
Nb 1.638207794276e+01 5.718141235028e+00 9.182088683320e+00 1 1 1 0.0 0.0 0.0
Nb 1.291850716098e+01 5.718141235028e+00 9.182088683320e+00 1 1 1 0.0 0.0 0.0
Nb 9.454936379198e+00 5.718141235028e+00 9.182088683320e+00 1 1 1 0.0 0.0 0.0
Nb 5.991365597418e+00 5.718141235028e+00 9.182088683320e+00 1 1 1 0.0 0.0 0.0
Nb 2.527794815637e+00 5.718141235028e+00 9.182088683320e+00 1 1 1 0.0 0.0 0.0
Nb 1.465029255203e+01 2.718600950105e+00 9.182088683320e+00 1 1 1 0.0 0.0 0.0
Nb 1.118672177025e+01 2.718600950105e+00 9.182088683320e+00 1 1 1 0.0 0.0 0.0
Nb 7.723150988474e+00 2.718600950105e+00 9.182088683320e+00 1 1 1 0.0 0.0 0.0
Nb 4.259580206694e+00 2.718600950105e+00 9.182088683320e+00 1 1 1 0.0 0.0 0.0
Nb 1.811386333381e+01 2.718600950105e+00 9.182088683320e+00 1 1 1 0.0 0.0 0.0
Nb 1.984564872387e+01 1.771630237472e+01 9.182088683320e+00 1 1 1 0.0 0.0 0.0
Nb 1.638207794209e+01 1.771630237472e+01 9.182088683320e+00 1 1 1 0.0 0.0 0.0
Nb 1.291850716031e+01 1.771630237472e+01 9.182088683320e+00 1 1 1 0.0 0.0 0.0
Nb 9.454936378533e+00 1.771630237472e+01 9.182088683320e+00 1 1 1 0.0 0.0 0.0
Nb 2.330921950565e+01 1.771630237472e+01 9.182088683320e+00 1 1 1 0.0 0.0 0.0
Nb 1.811386333315e+01 1.471676208980e+01 9.182088683320e+00 1 1 1 0.0 0.0 0.0
Nb 1.465029255137e+01 1.471676208980e+01 9.182088683320e+00 1 1 1 0.0 0.0 0.0
Nb 1.118672176959e+01 1.471676208980e+01 9.182088683320e+00 1 1 1 0.0 0.0 0.0
Nb 7.723150987809e+00 1.471676208980e+01 9.182088683320e+00 1 1 1 0.0 0.0 0.0
Nb 2.157743411493e+01 1.471676208980e+01 9.182088683320e+00 1 1 1 0.0 0.0 0.0
Bi 9.779393782659e+00 1.442386115184e+00 3.532095071834e+01 1 1 1 0.0 0.0 0.0
Bi 1.355783463542e+01 3.078498997869e+00 3.532095071834e+01 1 1 1 0.0 0.0 0.0
Bi 1.733627548818e+01 4.714611880555e+00 3.532095071834e+01 1 1 1 0.0 0.0 0.0
Bi 1.654910031073e+01 6.243296738413e-01 3.532095071834e+01 1 1 1 0.0 0.0 0.0
Bi 3.009687254588e+00 2.260442556527e+00 3.532095071834e+01 1 1 1 0.0 0.0 0.0
Bi 6.788128107349e+00 3.896555439212e+00 3.532095071834e+01 1 1 1 0.0 0.0 0.0
Bi 1.056656896011e+01 5.532668321898e+00 3.532095071834e+01 1 1 1 0.0 0.0 0.0
Bi 1.434500981287e+01 7.168781204583e+00 3.532095071834e+01 1 1 1 0.0 0.0 0.0
Bi 1.812345066563e+01 8.804894087268e+00 3.532095071834e+01 1 1 1 0.0 0.0 0.0
Bi 3.796862432039e+00 6.350724763240e+00 3.532095071834e+01 1 1 1 0.0 0.0 0.0
Bi 7.575303284799e+00 7.986837645926e+00 3.532095071834e+01 1 1 1 0.0 0.0 0.0
Bi 1.135374413756e+01 9.622950528611e+00 3.532095071834e+01 1 1 1 0.0 0.0 0.0
Bi 1.513218499032e+01 1.125906341130e+01 3.532095071834e+01 1 1 1 0.0 0.0 0.0
Bi 1.891062584308e+01 1.289517629398e+01 3.532095071834e+01 1 1 1 0.0 0.0 0.0
Bi 4.584037609489e+00 1.044100696995e+01 3.532095071834e+01 1 1 1 0.0 0.0 0.0
Bi 8.362478462250e+00 1.207711985264e+01 3.532095071834e+01 1 1 1 0.0 0.0 0.0
Bi 1.214091931501e+01 1.371323273532e+01 3.532095071834e+01 1 1 1 0.0 0.0 0.0
Bi 1.591936016777e+01 1.534934561801e+01 3.532095071834e+01 1 1 1 0.0 0.0 0.0
Bi 1.969780102053e+01 1.698545850070e+01 3.532095071834e+01 1 1 1 0.0 0.0 0.0
Bi 2.268906669584e+01 1.453128917667e+01 3.532095071834e+01 1 1 1 0.0 0.0 0.0
Bi 9.149653639700e+00 1.616740205935e+01 3.532095071834e+01 1 1 1 0.0 0.0 0.0
Bi 1.292809449246e+01 1.780351494204e+01 3.532095071834e+01 1 1 1 0.0 0.0 0.0
Bi 7.542025276064e+00 1.687603181893e+00 3.133430771007e+01 1 1 1 0.0 0.0 0.0
Bi 1.132046612882e+01 3.323716064579e+00 3.133430771007e+01 1 1 1 0.0 0.0 0.0
Bi 1.509890698159e+01 4.959828947264e+00 3.133430771007e+01 1 1 1 0.0 0.0 0.0
Bi 1.431173180413e+01 8.695467405506e-01 3.133430771007e+01 1 1 1 0.0 0.0 0.0
Bi 1.809017265690e+01 2.505659623236e+00 3.133430771007e+01 1 1 1 0.0 0.0 0.0
Bi 4.550759600755e+00 4.141772505921e+00 3.133430771007e+01 1 1 1 0.0 0.0 0.0
Bi 8.329200453515e+00 5.777885388607e+00 3.133430771007e+01 1 1 1 0.0 0.0 0.0
Bi 1.210764130628e+01 7.413998271292e+00 3.133430771007e+01 1 1 1 0.0 0.0 0.0
Bi 1.588608215904e+01 9.050111153978e+00 3.133430771007e+01 1 1 1 0.0 0.0 0.0
Bi 1.887734783435e+01 6.595941829950e+00 3.133430771007e+01 1 1 1 0.0 0.0 0.0
Bi 5.337934778205e+00 8.232054712635e+00 3.133430771007e+01 1 1 1 0.0 0.0 0.0
Bi 9.116375630966e+00 9.868167595320e+00 3.133430771007e+01 1 1 1 0.0 0.0 0.0
Bi 1.289481648373e+01 1.150428047801e+01 3.133430771007e+01 1 1 1 0.0 0.0 0.0
Bi 1.667325733649e+01 1.314039336069e+01 3.133430771007e+01 1 1 1 0.0 0.0 0.0
Bi 1.966452301180e+01 1.068622403666e+01 3.133430771007e+01 1 1 1 0.0 0.0 0.0
Bi 6.125109955656e+00 1.232233691935e+01 3.133430771007e+01 1 1 1 0.0 0.0 0.0
Bi 9.903550808416e+00 1.395844980203e+01 3.133430771007e+01 1 1 1 0.0 0.0 0.0
Bi 1.368199166118e+01 1.559456268472e+01 3.133430771007e+01 1 1 1 0.0 0.0 0.0
Bi 1.746043251394e+01 1.723067556740e+01 3.133430771007e+01 1 1 1 0.0 0.0 0.0
Bi 2.045169818925e+01 1.477650624338e+01 3.133430771007e+01 1 1 1 0.0 0.0 0.0
Bi 6.912285133106e+00 1.641261912606e+01 3.133430771007e+01 1 1 1 0.0 0.0 0.0
Bi 3.763584423304e+00 5.149029920790e-02 3.133430771007e+01 1 1 1 0.0 0.0 0.0
Bi 7.513340617289e+00 1.625174188087e+00 2.529282906773e+01 1 1 1 0.0 0.0 0.0
Bi 1.129178147005e+01 3.261287070772e+00 2.529282906773e+01 1 1 1 0.0 0.0 0.0
Bi 1.507022232281e+01 4.897399953458e+00 2.529282906773e+01 1 1 1 0.0 0.0 0.0
Bi 1.428304714536e+01 8.071177467444e-01 2.529282906773e+01 1 1 1 0.0 0.0 0.0
Bi 1.806148799812e+01 2.443230629430e+00 2.529282906773e+01 1 1 1 0.0 0.0 0.0
Bi 4.522074941979e+00 4.079343512115e+00 2.529282906773e+01 1 1 1 0.0 0.0 0.0
Bi 8.300515794739e+00 5.715456394801e+00 2.529282906773e+01 1 1 1 0.0 0.0 0.0
Bi 1.207895664750e+01 7.351569277486e+00 2.529282906773e+01 1 1 1 0.0 0.0 0.0
Bi 1.585739750026e+01 8.987682160171e+00 2.529282906773e+01 1 1 1 0.0 0.0 0.0
Bi 1.884866317557e+01 6.533512836143e+00 2.529282906773e+01 1 1 1 0.0 0.0 0.0
Bi 5.309250119429e+00 8.169625718829e+00 2.529282906773e+01 1 1 1 0.0 0.0 0.0
Bi 9.087690972190e+00 9.805738601514e+00 2.529282906773e+01 1 1 1 0.0 0.0 0.0
Bi 1.286613182495e+01 1.144185148420e+01 2.529282906773e+01 1 1 1 0.0 0.0 0.0
Bi 1.664457267771e+01 1.307796436688e+01 2.529282906773e+01 1 1 1 0.0 0.0 0.0
Bi 1.963583835302e+01 1.062379504286e+01 2.529282906773e+01 1 1 1 0.0 0.0 0.0
Bi 6.096425296880e+00 1.225990792554e+01 2.529282906773e+01 1 1 1 0.0 0.0 0.0
Bi 9.874866149640e+00 1.389602080823e+01 2.529282906773e+01 1 1 1 0.0 0.0 0.0
Bi 1.365330700240e+01 1.553213369091e+01 2.529282906773e+01 1 1 1 0.0 0.0 0.0
Bi 1.743174785516e+01 1.716824657360e+01 2.529282906773e+01 1 1 1 0.0 0.0 0.0
Bi 2.042301353047e+01 1.471407724957e+01 2.529282906773e+01 1 1 1 0.0 0.0 0.0
Bi 6.883600474330e+00 1.635019013226e+01 2.529282906773e+01 1 1 1 0.0 0.0 0.0
Bi 1.066204132709e+01 1.798630301494e+01 2.529282906773e+01 1 1 1 0.0 0.0 0.0
Bi 1.204629430683e+01 1.075753590524e+00 2.132110864621e+01 1 1 1 0.0 0.0 0.0
Bi 1.582473515959e+01 2.711866473209e+00 2.132110864621e+01 1 1 1 0.0 0.0 0.0
Bi 2.285322103445e+00 4.347979355895e+00 2.132110864621e+01 1 1 1 0.0 0.0 0.0
Bi 1.498146925994e+00 2.576971491811e-01 2.132110864621e+01 1 1 1 0.0 0.0 0.0
Bi 5.276587778755e+00 1.893810031866e+00 2.132110864621e+01 1 1 1 0.0 0.0 0.0
Bi 9.055028631515e+00 3.529922914552e+00 2.132110864621e+01 1 1 1 0.0 0.0 0.0
Bi 1.283346948428e+01 5.166035797237e+00 2.132110864621e+01 1 1 1 0.0 0.0 0.0
Bi 1.661191033704e+01 6.802148679923e+00 2.132110864621e+01 1 1 1 0.0 0.0 0.0
Bi 2.039035118980e+01 8.438261562608e+00 2.132110864621e+01 1 1 1 0.0 0.0 0.0
Bi 6.063762956205e+00 5.984092238580e+00 2.132110864621e+01 1 1 1 0.0 0.0 0.0
Bi 9.842203808966e+00 7.620205121265e+00 2.132110864621e+01 1 1 1 0.0 0.0 0.0
Bi 1.362064466173e+01 9.256318003951e+00 2.132110864621e+01 1 1 1 0.0 0.0 0.0
Bi 1.739908551449e+01 1.089243088664e+01 2.132110864621e+01 1 1 1 0.0 0.0 0.0
Bi 2.117752636725e+01 1.252854376932e+01 2.132110864621e+01 1 1 1 0.0 0.0 0.0
Bi 6.850938133656e+00 1.007437444529e+01 2.132110864621e+01 1 1 1 0.0 0.0 0.0
Bi 1.062937898642e+01 1.171048732798e+01 2.132110864621e+01 1 1 1 0.0 0.0 0.0
Bi 1.440781983918e+01 1.334660021066e+01 2.132110864621e+01 1 1 1 0.0 0.0 0.0
Bi 1.818626069194e+01 1.498271309335e+01 2.132110864621e+01 1 1 1 0.0 0.0 0.0
Bi 2.196470154470e+01 1.661882597604e+01 2.132110864621e+01 1 1 1 0.0 0.0 0.0
Bi 7.638113311107e+00 1.416465665201e+01 2.132110864621e+01 1 1 1 0.0 0.0 0.0
Bi 1.141655416387e+01 1.580076953469e+01 2.132110864621e+01 1 1 1 0.0 0.0 0.0
Bi 1.519499501663e+01 1.743688241738e+01 2.132110864621e+01 1 1 1 0.0 0.0 0.0
Se 2.157787383567e+01 1.271671598089e+01 7.500000000000e+00 1 1 1 0.0 0.0 0.0
Se 1.811430305389e+01 1.271671598089e+01 7.500000000000e+00 1 1 1 0.0 0.0 0.0
Se 1.465073227211e+01 1.271671598089e+01 7.500000000000e+00 1 1 1 0.0 0.0 0.0
Se 1.118716149033e+01 1.271671598089e+01 7.500000000000e+00 1 1 1 0.0 0.0 0.0
Se 7.723590708548e+00 1.271671598089e+01 7.500000000000e+00 1 1 1 0.0 0.0 0.0
Se 1.984608844494e+01 9.717175695971e+00 7.500000000000e+00 1 1 1 0.0 0.0 0.0
Se 1.638251766316e+01 9.717175695971e+00 7.500000000000e+00 1 1 1 0.0 0.0 0.0
Se 1.291894688138e+01 9.717175695971e+00 7.500000000000e+00 1 1 1 0.0 0.0 0.0
Se 9.455376099604e+00 9.717175695971e+00 7.500000000000e+00 1 1 1 0.0 0.0 0.0
Se 5.991805317824e+00 9.717175695971e+00 7.500000000000e+00 1 1 1 0.0 0.0 0.0
Se 1.811430305422e+01 6.717635411047e+00 7.500000000000e+00 1 1 1 0.0 0.0 0.0
Se 1.465073227244e+01 6.717635411047e+00 7.500000000000e+00 1 1 1 0.0 0.0 0.0
Se 1.118716149066e+01 6.717635411047e+00 7.500000000000e+00 1 1 1 0.0 0.0 0.0
Se 7.723590708880e+00 6.717635411047e+00 7.500000000000e+00 1 1 1 0.0 0.0 0.0
Se 4.260019927100e+00 6.717635411047e+00 7.500000000000e+00 1 1 1 0.0 0.0 0.0
Se 1.638251766350e+01 3.718095126124e+00 7.500000000000e+00 1 1 1 0.0 0.0 0.0
Se 1.291894688172e+01 3.718095126124e+00 7.500000000000e+00 1 1 1 0.0 0.0 0.0
Se 9.455376099937e+00 3.718095126124e+00 7.500000000000e+00 1 1 1 0.0 0.0 0.0
Se 5.991805318156e+00 3.718095126124e+00 7.500000000000e+00 1 1 1 0.0 0.0 0.0
Se 2.528234536376e+00 3.718095126124e+00 7.500000000000e+00 1 1 1 0.0 0.0 0.0
Se 1.465073227277e+01 7.185548412008e-01 7.500000000000e+00 1 1 1 0.0 0.0 0.0
Se 1.118716149099e+01 7.185548412008e-01 7.500000000000e+00 1 1 1 0.0 0.0 0.0
Se 7.723590709213e+00 7.185548412008e-01 7.500000000000e+00 1 1 1 0.0 0.0 0.0
Se 4.260019927432e+00 7.185548412008e-01 7.500000000000e+00 1 1 1 0.0 0.0 0.0
Se 7.964491456521e-01 7.185548412008e-01 7.500000000000e+00 1 1 1 0.0 0.0 0.0
Se 1.984608844461e+01 1.571625626582e+01 7.500000000000e+00 1 1 1 0.0 0.0 0.0
Se 1.638251766283e+01 1.571625626582e+01 7.500000000000e+00 1 1 1 0.0 0.0 0.0
Se 1.291894688105e+01 1.571625626582e+01 7.500000000000e+00 1 1 1 0.0 0.0 0.0
Se 9.455376099272e+00 1.571625626582e+01 7.500000000000e+00 1 1 1 0.0 0.0 0.0
Se 2.330965922639e+01 1.571625626582e+01 7.500000000000e+00 1 1 1 0.0 0.0 0.0
Se 1.984689696627e+01 1.372655765560e+01 1.364602824434e+01 1 1 1 0.0 0.0 0.0
Se 1.638332618449e+01 1.372655765560e+01 1.364602824434e+01 1 1 1 0.0 0.0 0.0
Se 1.291975540271e+01 1.372655765560e+01 1.364602824434e+01 1 1 1 0.0 0.0 0.0
Se 9.456184620931e+00 1.372655765560e+01 1.364602824434e+01 1 1 1 0.0 0.0 0.0
Se 5.992613839150e+00 1.372655765560e+01 1.364602824434e+01 1 1 1 0.0 0.0 0.0
Se 1.811511157555e+01 1.072701737067e+01 1.364602824434e+01 1 1 1 0.0 0.0 0.0
Se 1.465154079377e+01 1.072701737067e+01 1.364602824434e+01 1 1 1 0.0 0.0 0.0
Se 1.118797001199e+01 1.072701737067e+01 1.364602824434e+01 1 1 1 0.0 0.0 0.0
Se 7.724399230207e+00 1.072701737067e+01 1.364602824434e+01 1 1 1 0.0 0.0 0.0
Se 4.260828448427e+00 1.072701737067e+01 1.364602824434e+01 1 1 1 0.0 0.0 0.0
Se 1.638332618482e+01 7.727477085751e+00 1.364602824434e+01 1 1 1 0.0 0.0 0.0
Se 1.291975540304e+01 7.727477085751e+00 1.364602824434e+01 1 1 1 0.0 0.0 0.0
Se 9.456184621263e+00 7.727477085751e+00 1.364602824434e+01 1 1 1 0.0 0.0 0.0
Se 5.992613839483e+00 7.727477085751e+00 1.364602824434e+01 1 1 1 0.0 0.0 0.0
Se 1.984689696660e+01 7.727477085751e+00 1.364602824434e+01 1 1 1 0.0 0.0 0.0
Se 1.465154079410e+01 4.727936800827e+00 1.364602824434e+01 1 1 1 0.0 0.0 0.0
Se 1.118797001232e+01 4.727936800827e+00 1.364602824434e+01 1 1 1 0.0 0.0 0.0
Se 7.724399230539e+00 4.727936800827e+00 1.364602824434e+01 1 1 1 0.0 0.0 0.0
Se 4.260828448759e+00 4.727936800827e+00 1.364602824434e+01 1 1 1 0.0 0.0 0.0
Se 1.811511157588e+01 4.727936800827e+00 1.364602824434e+01 1 1 1 0.0 0.0 0.0
Se 1.291975540338e+01 1.728396515904e+00 1.364602824434e+01 1 1 1 0.0 0.0 0.0
Se 9.456184621596e+00 1.728396515904e+00 1.364602824434e+01 1 1 1 0.0 0.0 0.0
Se 5.992613839815e+00 1.728396515904e+00 1.364602824434e+01 1 1 1 0.0 0.0 0.0
Se 2.529043058035e+00 1.728396515904e+00 1.364602824434e+01 1 1 1 0.0 0.0 0.0
Se 1.638332618516e+01 1.728396515904e+00 1.364602824434e+01 1 1 1 0.0 0.0 0.0
Se 1.811511157522e+01 1.672609794052e+01 1.364602824434e+01 1 1 1 0.0 0.0 0.0
Se 1.465154079343e+01 1.672609794052e+01 1.364602824434e+01 1 1 1 0.0 0.0 0.0
Se 1.118797001165e+01 1.672609794052e+01 1.364602824434e+01 1 1 1 0.0 0.0 0.0
Se 7.724399229874e+00 1.672609794052e+01 1.364602824434e+01 1 1 1 0.0 0.0 0.0
Se 2.157868235700e+01 1.672609794052e+01 1.364602824434e+01 1 1 1 0.0 0.0 0.0
Se 2.157756647946e+01 1.271774735162e+01 1.086443756309e+01 1 1 1 0.0 0.0 0.0
Se 1.811399569768e+01 1.271774735162e+01 1.086443756309e+01 1 1 1 0.0 0.0 0.0
Se 1.465042491590e+01 1.271774735162e+01 1.086443756309e+01 1 1 1 0.0 0.0 0.0
Se 1.118685413412e+01 1.271774735162e+01 1.086443756309e+01 1 1 1 0.0 0.0 0.0
Se 7.723283352335e+00 1.271774735162e+01 1.086443756309e+01 1 1 1 0.0 0.0 0.0
Se 1.984578108873e+01 9.718207066692e+00 1.086443756309e+01 1 1 1 0.0 0.0 0.0
Se 1.638221030695e+01 9.718207066692e+00 1.086443756309e+01 1 1 1 0.0 0.0 0.0
Se 1.291863952517e+01 9.718207066692e+00 1.086443756309e+01 1 1 1 0.0 0.0 0.0
Se 9.455068743392e+00 9.718207066692e+00 1.086443756309e+01 1 1 1 0.0 0.0 0.0
Se 5.991497961611e+00 9.718207066692e+00 1.086443756309e+01 1 1 1 0.0 0.0 0.0
Se 1.811399569801e+01 6.718666781769e+00 1.086443756309e+01 1 1 1 0.0 0.0 0.0
Se 1.465042491623e+01 6.718666781769e+00 1.086443756309e+01 1 1 1 0.0 0.0 0.0
Se 1.118685413445e+01 6.718666781769e+00 1.086443756309e+01 1 1 1 0.0 0.0 0.0
Se 7.723283352668e+00 6.718666781769e+00 1.086443756309e+01 1 1 1 0.0 0.0 0.0
Se 4.259712570888e+00 6.718666781769e+00 1.086443756309e+01 1 1 1 0.0 0.0 0.0
Se 1.638221030728e+01 3.719126496846e+00 1.086443756309e+01 1 1 1 0.0 0.0 0.0
Se 1.291863952550e+01 3.719126496846e+00 1.086443756309e+01 1 1 1 0.0 0.0 0.0
Se 9.455068743724e+00 3.719126496846e+00 1.086443756309e+01 1 1 1 0.0 0.0 0.0
Se 5.991497961944e+00 3.719126496846e+00 1.086443756309e+01 1 1 1 0.0 0.0 0.0
Se 2.527927180164e+00 3.719126496846e+00 1.086443756309e+01 1 1 1 0.0 0.0 0.0
Se 1.465042491656e+01 7.195862119223e-01 1.086443756309e+01 1 1 1 0.0 0.0 0.0
Se 1.118685413478e+01 7.195862119223e-01 1.086443756309e+01 1 1 1 0.0 0.0 0.0
Se 7.723283353000e+00 7.195862119223e-01 1.086443756309e+01 1 1 1 0.0 0.0 0.0
Se 4.259712571220e+00 7.195862119223e-01 1.086443756309e+01 1 1 1 0.0 0.0 0.0
Se 7.961417894398e-01 7.195862119223e-01 1.086443756309e+01 1 1 1 0.0 0.0 0.0
Se 1.984578108840e+01 1.571728763654e+01 1.086443756309e+01 1 1 1 0.0 0.0 0.0
Se 1.638221030662e+01 1.571728763654e+01 1.086443756309e+01 1 1 1 0.0 0.0 0.0
Se 1.291863952484e+01 1.571728763654e+01 1.086443756309e+01 1 1 1 0.0 0.0 0.0
Se 9.455068743059e+00 1.571728763654e+01 1.086443756309e+01 1 1 1 0.0 0.0 0.0
Se 2.330935187018e+01 1.571728763654e+01 1.086443756309e+01 1 1 1 0.0 0.0 0.0
Se 1.984642739821e+01 1.372750569986e+01 1.701046802998e+01 1 1 1 0.0 0.0 0.0
Se 1.638285661643e+01 1.372750569986e+01 1.701046802998e+01 1 1 1 0.0 0.0 0.0
Se 1.291928583465e+01 1.372750569986e+01 1.701046802998e+01 1 1 1 0.0 0.0 0.0
Se 9.455715052871e+00 1.372750569986e+01 1.701046802998e+01 1 1 1 0.0 0.0 0.0
Se 5.992144271091e+00 1.372750569986e+01 1.701046802998e+01 1 1 1 0.0 0.0 0.0
Se 1.811464200749e+01 1.072796541494e+01 1.701046802998e+01 1 1 1 0.0 0.0 0.0
Se 1.465107122571e+01 1.072796541494e+01 1.701046802998e+01 1 1 1 0.0 0.0 0.0
Se 1.118750044393e+01 1.072796541494e+01 1.701046802998e+01 1 1 1 0.0 0.0 0.0
Se 7.723929662147e+00 1.072796541494e+01 1.701046802998e+01 1 1 1 0.0 0.0 0.0
Se 4.260358880367e+00 1.072796541494e+01 1.701046802998e+01 1 1 1 0.0 0.0 0.0
Se 1.638285661676e+01 7.728425130015e+00 1.701046802998e+01 1 1 1 0.0 0.0 0.0
Se 1.291928583498e+01 7.728425130015e+00 1.701046802998e+01 1 1 1 0.0 0.0 0.0
Se 9.455715053203e+00 7.728425130015e+00 1.701046802998e+01 1 1 1 0.0 0.0 0.0
Se 5.992144271423e+00 7.728425130015e+00 1.701046802998e+01 1 1 1 0.0 0.0 0.0
Se 1.984642739854e+01 7.728425130015e+00 1.701046802998e+01 1 1 1 0.0 0.0 0.0
Se 1.465107122604e+01 4.728884845092e+00 1.701046802998e+01 1 1 1 0.0 0.0 0.0
Se 1.118750044426e+01 4.728884845092e+00 1.701046802998e+01 1 1 1 0.0 0.0 0.0
Se 7.723929662479e+00 4.728884845092e+00 1.701046802998e+01 1 1 1 0.0 0.0 0.0
Se 4.260358880699e+00 4.728884845092e+00 1.701046802998e+01 1 1 1 0.0 0.0 0.0
Se 1.811464200782e+01 4.728884845092e+00 1.701046802998e+01 1 1 1 0.0 0.0 0.0
Se 1.291928583532e+01 1.729344560169e+00 1.701046802998e+01 1 1 1 0.0 0.0 0.0
Se 9.455715053536e+00 1.729344560169e+00 1.701046802998e+01 1 1 1 0.0 0.0 0.0
Se 5.992144271756e+00 1.729344560169e+00 1.701046802998e+01 1 1 1 0.0 0.0 0.0
Se 2.528573489975e+00 1.729344560169e+00 1.701046802998e+01 1 1 1 0.0 0.0 0.0
Se 1.638285661710e+01 1.729344560169e+00 1.701046802998e+01 1 1 1 0.0 0.0 0.0
Se 1.811464200716e+01 1.672704598479e+01 1.701046802998e+01 1 1 1 0.0 0.0 0.0
Se 1.465107122537e+01 1.672704598479e+01 1.701046802998e+01 1 1 1 0.0 0.0 0.0
Se 1.118750044359e+01 1.672704598479e+01 1.701046802998e+01 1 1 1 0.0 0.0 0.0
Se 7.723929661814e+00 1.672704598479e+01 1.701046802998e+01 1 1 1 0.0 0.0 0.0
Se 2.157821278894e+01 1.672704598479e+01 1.701046802998e+01 1 1 1 0.0 0.0 0.0
Se 7.511412254862e+00 1.715961953710e+00 3.696241589303e+01 1 1 1 0.0 0.0 0.0
Se 1.128985310762e+01 3.352074836395e+00 3.696241589303e+01 1 1 1 0.0 0.0 0.0
Se 1.506829396038e+01 4.988187719081e+00 3.696241589303e+01 1 1 1 0.0 0.0 0.0
Se 1.428111878293e+01 8.979055123674e-01 3.696241589303e+01 1 1 1 0.0 0.0 0.0
Se 1.805955963569e+01 2.534018395053e+00 3.696241589303e+01 1 1 1 0.0 0.0 0.0
Se 4.520146579552e+00 4.170131277738e+00 3.696241589303e+01 1 1 1 0.0 0.0 0.0
Se 8.298587432313e+00 5.806244160424e+00 3.696241589303e+01 1 1 1 0.0 0.0 0.0
Se 1.207702828507e+01 7.442357043109e+00 3.696241589303e+01 1 1 1 0.0 0.0 0.0
Se 1.585546913783e+01 9.078469925794e+00 3.696241589303e+01 1 1 1 0.0 0.0 0.0
Se 1.884673481314e+01 6.624300601766e+00 3.696241589303e+01 1 1 1 0.0 0.0 0.0
Se 5.307321757003e+00 8.260413484452e+00 3.696241589303e+01 1 1 1 0.0 0.0 0.0
Se 9.085762609763e+00 9.896526367137e+00 3.696241589303e+01 1 1 1 0.0 0.0 0.0
Se 1.286420346252e+01 1.153263924982e+01 3.696241589303e+01 1 1 1 0.0 0.0 0.0
Se 1.664264431528e+01 1.316875213251e+01 3.696241589303e+01 1 1 1 0.0 0.0 0.0
Se 1.963390999059e+01 1.071458280848e+01 3.696241589303e+01 1 1 1 0.0 0.0 0.0
Se 6.094496934453e+00 1.235069569117e+01 3.696241589303e+01 1 1 1 0.0 0.0 0.0
Se 9.872937787214e+00 1.398680857385e+01 3.696241589303e+01 1 1 1 0.0 0.0 0.0
Se 1.365137863997e+01 1.562292145654e+01 3.696241589303e+01 1 1 1 0.0 0.0 0.0
Se 1.742981949273e+01 1.725903433922e+01 3.696241589303e+01 1 1 1 0.0 0.0 0.0
Se 2.042108516804e+01 1.480486501519e+01 3.696241589303e+01 1 1 1 0.0 0.0 0.0
Se 6.881672111904e+00 1.644097789788e+01 3.696241589303e+01 1 1 1 0.0 0.0 0.0
Se 3.732971402101e+00 7.984907102467e-02 3.696241589303e+01 1 1 1 0.0 0.0 0.0
Se 1.205802148082e+01 1.160591353430e+00 3.332483142763e+01 1 1 1 0.0 0.0 0.0
Se 1.583646233358e+01 2.796704236115e+00 3.332483142763e+01 1 1 1 0.0 0.0 0.0
Se 2.297049277444e+00 4.432817118801e+00 3.332483142763e+01 1 1 1 0.0 0.0 0.0
Se 1.509874099993e+00 3.425349120873e-01 3.332483142763e+01 1 1 1 0.0 0.0 0.0
Se 5.288314952754e+00 1.978647794773e+00 3.332483142763e+01 1 1 1 0.0 0.0 0.0
Se 9.066755805514e+00 3.614760677458e+00 3.332483142763e+01 1 1 1 0.0 0.0 0.0
Se 1.284519665828e+01 5.250873560143e+00 3.332483142763e+01 1 1 1 0.0 0.0 0.0
Se 1.662363751104e+01 6.886986442829e+00 3.332483142763e+01 1 1 1 0.0 0.0 0.0
Se 2.040207836380e+01 8.523099325514e+00 3.332483142763e+01 1 1 1 0.0 0.0 0.0
Se 6.075490130205e+00 6.068930001486e+00 3.332483142763e+01 1 1 1 0.0 0.0 0.0
Se 9.853930982965e+00 7.705042884172e+00 3.332483142763e+01 1 1 1 0.0 0.0 0.0
Se 1.363237183573e+01 9.341155766857e+00 3.332483142763e+01 1 1 1 0.0 0.0 0.0
Se 1.741081268849e+01 1.097726864954e+01 3.332483142763e+01 1 1 1 0.0 0.0 0.0
Se 2.118925354125e+01 1.261338153223e+01 3.332483142763e+01 1 1 1 0.0 0.0 0.0
Se 6.862665307655e+00 1.015921220820e+01 3.332483142763e+01 1 1 1 0.0 0.0 0.0
Se 1.064110616042e+01 1.179532509089e+01 3.332483142763e+01 1 1 1 0.0 0.0 0.0
Se 1.441954701318e+01 1.343143797357e+01 3.332483142763e+01 1 1 1 0.0 0.0 0.0
Se 1.819798786594e+01 1.506755085626e+01 3.332483142763e+01 1 1 1 0.0 0.0 0.0
Se 2.197642871870e+01 1.670366373894e+01 3.332483142763e+01 1 1 1 0.0 0.0 0.0
Se 7.649840485106e+00 1.424949441491e+01 3.332483142763e+01 1 1 1 0.0 0.0 0.0
Se 1.142828133787e+01 1.588560729760e+01 3.332483142763e+01 1 1 1 0.0 0.0 0.0
Se 1.520672219063e+01 1.752172018028e+01 3.332483142763e+01 1 1 1 0.0 0.0 0.0
Se 9.790834397546e+00 1.425693115888e+00 2.969131231352e+01 1 1 1 0.0 0.0 0.0
Se 1.356927525031e+01 3.061805998573e+00 2.969131231352e+01 1 1 1 0.0 0.0 0.0
Se 1.734771610307e+01 4.697918881258e+00 2.969131231352e+01 1 1 1 0.0 0.0 0.0
Se 1.656054092562e+01 6.076366745449e-01 2.969131231352e+01 1 1 1 0.0 0.0 0.0
Se 3.021127869476e+00 2.243749557230e+00 2.969131231352e+01 1 1 1 0.0 0.0 0.0
Se 6.799568722236e+00 3.879862439916e+00 2.969131231352e+01 1 1 1 0.0 0.0 0.0
Se 1.057800957500e+01 5.515975322601e+00 2.969131231352e+01 1 1 1 0.0 0.0 0.0
Se 1.435645042776e+01 7.152088205287e+00 2.969131231352e+01 1 1 1 0.0 0.0 0.0
Se 1.813489128052e+01 8.788201087972e+00 2.969131231352e+01 1 1 1 0.0 0.0 0.0
Se 3.808303046926e+00 6.334031763944e+00 2.969131231352e+01 1 1 1 0.0 0.0 0.0
Se 7.586743899687e+00 7.970144646629e+00 2.969131231352e+01 1 1 1 0.0 0.0 0.0
Se 1.136518475245e+01 9.606257529315e+00 2.969131231352e+01 1 1 1 0.0 0.0 0.0
Se 1.514362560521e+01 1.124237041200e+01 2.969131231352e+01 1 1 1 0.0 0.0 0.0
Se 1.892206645797e+01 1.287848329469e+01 2.969131231352e+01 1 1 1 0.0 0.0 0.0
Se 4.595478224377e+00 1.042431397066e+01 2.969131231352e+01 1 1 1 0.0 0.0 0.0
Se 8.373919077138e+00 1.206042685334e+01 2.969131231352e+01 1 1 1 0.0 0.0 0.0
Se 1.215235992990e+01 1.369653973603e+01 2.969131231352e+01 1 1 1 0.0 0.0 0.0
Se 1.593080078266e+01 1.533265261871e+01 2.969131231352e+01 1 1 1 0.0 0.0 0.0
Se 1.970924163542e+01 1.696876550140e+01 2.969131231352e+01 1 1 1 0.0 0.0 0.0
Se 2.270050731073e+01 1.451459617737e+01 2.969131231352e+01 1 1 1 0.0 0.0 0.0
Se 9.161094254588e+00 1.615070906006e+01 2.969131231352e+01 1 1 1 0.0 0.0 0.0
Se 1.293953510735e+01 1.778682194274e+01 2.969131231352e+01 1 1 1 0.0 0.0 0.0
Se 1.204821428871e+01 1.079504127489e+00 2.692457590224e+01 1 1 1 0.0 0.0 0.0
Se 1.582665514147e+01 2.715617010175e+00 2.692457590224e+01 1 1 1 0.0 0.0 0.0
Se 2.287242085329e+00 4.351729892860e+00 2.692457590224e+01 1 1 1 0.0 0.0 0.0
Se 1.500066907878e+00 2.614476861468e-01 2.692457590224e+01 1 1 1 0.0 0.0 0.0
Se 5.278507760639e+00 1.897560568832e+00 2.692457590224e+01 1 1 1 0.0 0.0 0.0
Se 9.056948613399e+00 3.533673451518e+00 2.692457590224e+01 1 1 1 0.0 0.0 0.0
Se 1.283538946616e+01 5.169786334203e+00 2.692457590224e+01 1 1 1 0.0 0.0 0.0
Se 1.661383031892e+01 6.805899216888e+00 2.692457590224e+01 1 1 1 0.0 0.0 0.0
Se 2.039227117168e+01 8.442012099574e+00 2.692457590224e+01 1 1 1 0.0 0.0 0.0
Se 6.065682938089e+00 5.987842775546e+00 2.692457590224e+01 1 1 1 0.0 0.0 0.0
Se 9.844123790850e+00 7.623955658231e+00 2.692457590224e+01 1 1 1 0.0 0.0 0.0
Se 1.362256464361e+01 9.260068540916e+00 2.692457590224e+01 1 1 1 0.0 0.0 0.0
Se 1.740100549637e+01 1.089618142360e+01 2.692457590224e+01 1 1 1 0.0 0.0 0.0
Se 2.117944634913e+01 1.253229430629e+01 2.692457590224e+01 1 1 1 0.0 0.0 0.0
Se 6.852858115540e+00 1.007812498226e+01 2.692457590224e+01 1 1 1 0.0 0.0 0.0
Se 1.063129896830e+01 1.171423786494e+01 2.692457590224e+01 1 1 1 0.0 0.0 0.0
Se 1.440973982106e+01 1.335035074763e+01 2.692457590224e+01 1 1 1 0.0 0.0 0.0
Se 1.818818067382e+01 1.498646363032e+01 2.692457590224e+01 1 1 1 0.0 0.0 0.0
Se 2.196662152658e+01 1.662257651300e+01 2.692457590224e+01 1 1 1 0.0 0.0 0.0
Se 7.640033292991e+00 1.416840718897e+01 2.692457590224e+01 1 1 1 0.0 0.0 0.0
Se 1.141847414575e+01 1.580452007166e+01 2.692457590224e+01 1 1 1 0.0 0.0 0.0
Se 1.519691499851e+01 1.744063295434e+01 2.692457590224e+01 1 1 1 0.0 0.0 0.0
Se 9.773378546923e+00 1.345706470652e+00 2.330671355540e+01 1 1 1 0.0 0.0 0.0
Se 1.355181939968e+01 2.981819353338e+00 2.330671355540e+01 1 1 1 0.0 0.0 0.0
Se 1.733026025244e+01 4.617932236023e+00 2.330671355540e+01 1 1 1 0.0 0.0 0.0
Se 1.654308507499e+01 5.276500293096e-01 2.330671355540e+01 1 1 1 0.0 0.0 0.0
Se 3.003672018852e+00 2.163762911995e+00 2.330671355540e+01 1 1 1 0.0 0.0 0.0
Se 6.782112871613e+00 3.799875794680e+00 2.330671355540e+01 1 1 1 0.0 0.0 0.0
Se 1.056055372437e+01 5.435988677366e+00 2.330671355540e+01 1 1 1 0.0 0.0 0.0
Se 1.433899457713e+01 7.072101560051e+00 2.330671355540e+01 1 1 1 0.0 0.0 0.0
Se 1.811743542989e+01 8.708214442737e+00 2.330671355540e+01 1 1 1 0.0 0.0 0.0
Se 3.790847196303e+00 6.254045118709e+00 2.330671355540e+01 1 1 1 0.0 0.0 0.0
Se 7.569288049064e+00 7.890158001394e+00 2.330671355540e+01 1 1 1 0.0 0.0 0.0
Se 1.134772890182e+01 9.526270884079e+00 2.330671355540e+01 1 1 1 0.0 0.0 0.0
Se 1.512616975458e+01 1.116238376676e+01 2.330671355540e+01 1 1 1 0.0 0.0 0.0
Se 1.890461060735e+01 1.279849664945e+01 2.330671355540e+01 1 1 1 0.0 0.0 0.0
Se 4.578022373754e+00 1.034432732542e+01 2.330671355540e+01 1 1 1 0.0 0.0 0.0
Se 8.356463226514e+00 1.198044020811e+01 2.330671355540e+01 1 1 1 0.0 0.0 0.0
Se 1.213490407927e+01 1.361655309079e+01 2.330671355540e+01 1 1 1 0.0 0.0 0.0
Se 1.591334493204e+01 1.525266597348e+01 2.330671355540e+01 1 1 1 0.0 0.0 0.0
Se 1.969178578480e+01 1.688877885616e+01 2.330671355540e+01 1 1 1 0.0 0.0 0.0
Se 2.268305146011e+01 1.443460953214e+01 2.330671355540e+01 1 1 1 0.0 0.0 0.0
Se 9.143638403965e+00 1.607072241482e+01 2.330671355540e+01 1 1 1 0.0 0.0 0.0
Se 1.292207925673e+01 1.770683529751e+01 2.330671355540e+01 1 1 1 0.0 0.0 0.0
Se 7.506034010806e+00 1.625518771738e+00 1.968357859229e+01 1 1 1 0.0 0.0 0.0
Se 1.128447486357e+01 3.261631654423e+00 1.968357859229e+01 1 1 1 0.0 0.0 0.0
Se 1.506291571633e+01 4.897744537109e+00 1.968357859229e+01 1 1 1 0.0 0.0 0.0
Se 1.427574053888e+01 8.074623303954e-01 1.968357859229e+01 1 1 1 0.0 0.0 0.0
Se 1.805418139164e+01 2.443575213081e+00 1.968357859229e+01 1 1 1 0.0 0.0 0.0
Se 4.514768335496e+00 4.079688095766e+00 1.968357859229e+01 1 1 1 0.0 0.0 0.0
Se 8.293209188256e+00 5.715800978452e+00 1.968357859229e+01 1 1 1 0.0 0.0 0.0
Se 1.207165004102e+01 7.351913861137e+00 1.968357859229e+01 1 1 1 0.0 0.0 0.0
Se 1.585009089378e+01 8.988026743822e+00 1.968357859229e+01 1 1 1 0.0 0.0 0.0
Se 1.884135656909e+01 6.533857419794e+00 1.968357859229e+01 1 1 1 0.0 0.0 0.0
Se 5.301943512946e+00 8.169970302480e+00 1.968357859229e+01 1 1 1 0.0 0.0 0.0
Se 9.080384365707e+00 9.806083185165e+00 1.968357859229e+01 1 1 1 0.0 0.0 0.0
Se 1.285882521847e+01 1.144219606785e+01 1.968357859229e+01 1 1 1 0.0 0.0 0.0
Se 1.663726607123e+01 1.307830895054e+01 1.968357859229e+01 1 1 1 0.0 0.0 0.0
Se 1.962853174654e+01 1.062413962651e+01 1.968357859229e+01 1 1 1 0.0 0.0 0.0
Se 6.089118690397e+00 1.226025250919e+01 1.968357859229e+01 1 1 1 0.0 0.0 0.0
Se 9.867559543157e+00 1.389636539188e+01 1.968357859229e+01 1 1 1 0.0 0.0 0.0
Se 1.364600039592e+01 1.553247827456e+01 1.968357859229e+01 1 1 1 0.0 0.0 0.0
Se 1.742444124868e+01 1.716859115725e+01 1.968357859229e+01 1 1 1 0.0 0.0 0.0
Se 2.041570692399e+01 1.471442183322e+01 1.968357859229e+01 1 1 1 0.0 0.0 0.0
Se 6.876293867848e+00 1.635053471591e+01 1.968357859229e+01 1 1 1 0.0 0.0 0.0
Se 1.065473472061e+01 1.798664759859e+01 1.968357859229e+01 1 1 1 0.0 0.0 0.0
"