calculation_mode = "Quench Electrons"
cell_relax = "False"
charge_density_mixing = "0.1"
charge_mixing_type = "Broyden"
description = "Example parameters for high-throughput bulk relaxation of a vdW material"
dos_broading = "0.05"
dos_method = "Gaussian"
energy_convergence_criterion = "1e-10"
energy_output_units = "Hartrees"
kohn_sham_mucycles = "3"
kohn_sham_solver = "davidson"
kpoint_mesh = "1 1 1"
localize_projectors = "False"
max_md_steps = "100"
max_scf_steps = "200"
non_local_block_size = "4000"
potential_acceleration_constant_step = "1.5"
processor_grid = "7 7 16"
rms_convergence_criterion = "1e-08"
scalapack_block_factor = "64"
start_mode = "LCAO Start"
state_block_size = "64"
stress = "True"
subdiag_driver = "scalapack"
use_async_allreduce = "False"
vdw_corr = "DFT-D3"
vdwdf_kernel_filepath = "/lustre/orion/world-shared/cph162/rjmorelock/rmgdft/XC/vdW_kernel_table"
wavefunction_grid = "148 148 378"
write_data_period = "50"

atomic_coordinate_type = "Absolute"
crds_units = "Angstrom"
lattice_units = "Angstrom"

lattice_vector = "
1.731785390890e+01 0.000000000000e+00 1.100000000000e-15
8.658926953619e+00 1.499770142462e+01 1.100000000000e-15
0.000000000000e+00 0.000000000000e+00 4.446241589303e+01
"
atoms = "
Nb 1.825656120358e+01 8.869152709402e+00 1.532833092694e+01 1 1 1 0.0 0.0 0.0
Nb 1.479299042180e+01 8.869152709402e+00 1.532833092694e+01 1 1 1 0.0 0.0 0.0
Nb 1.132941964002e+01 8.869152709402e+00 1.532833092694e+01 1 1 1 0.0 0.0 0.0
Nb 7.865848858244e+00 8.869152709402e+00 1.532833092694e+01 1 1 1 0.0 0.0 0.0
Nb 2.172013198537e+01 8.869152709402e+00 1.532833092694e+01 1 1 1 0.0 0.0 0.0
Nb 1.652477581286e+01 5.869612424479e+00 1.532833092694e+01 1 1 1 0.0 0.0 0.0
Nb 1.306120503108e+01 5.869612424479e+00 1.532833092694e+01 1 1 1 0.0 0.0 0.0
Nb 9.597634249300e+00 5.869612424479e+00 1.532833092694e+01 1 1 1 0.0 0.0 0.0
Nb 6.134063467520e+00 5.869612424479e+00 1.532833092694e+01 1 1 1 0.0 0.0 0.0
Nb 1.998834659464e+01 5.869612424479e+00 1.532833092694e+01 1 1 1 0.0 0.0 0.0
Nb 1.479299042214e+01 2.870072139556e+00 1.532833092694e+01 1 1 1 0.0 0.0 0.0
Nb 1.132941964036e+01 2.870072139556e+00 1.532833092694e+01 1 1 1 0.0 0.0 0.0
Nb 7.865848858576e+00 2.870072139556e+00 1.532833092694e+01 1 1 1 0.0 0.0 0.0
Nb 4.402278076796e+00 2.870072139556e+00 1.532833092694e+01 1 1 1 0.0 0.0 0.0
Nb 1.825656120392e+01 2.870072139556e+00 1.532833092694e+01 1 1 1 0.0 0.0 0.0
Nb 2.172013198503e+01 1.486823327925e+01 1.532833092694e+01 1 1 1 0.0 0.0 0.0
Nb 1.825656120325e+01 1.486823327925e+01 1.532833092694e+01 1 1 1 0.0 0.0 0.0
Nb 1.479299042147e+01 1.486823327925e+01 1.532833092694e+01 1 1 1 0.0 0.0 0.0
Nb 1.132941963969e+01 1.486823327925e+01 1.532833092694e+01 1 1 1 0.0 0.0 0.0
Nb 2.518370276681e+01 1.486823327925e+01 1.532833092694e+01 1 1 1 0.0 0.0 0.0
Nb 1.998834659431e+01 1.186869299433e+01 1.532833092694e+01 1 1 1 0.0 0.0 0.0
Nb 1.652477581253e+01 1.186869299433e+01 1.532833092694e+01 1 1 1 0.0 0.0 0.0
Nb 1.306120503075e+01 1.186869299433e+01 1.532833092694e+01 1 1 1 0.0 0.0 0.0
Nb 9.597634248968e+00 1.186869299433e+01 1.532833092694e+01 1 1 1 0.0 0.0 0.0
Nb 2.345191737609e+01 1.186869299433e+01 1.532833092694e+01 1 1 1 0.0 0.0 0.0
Nb 1.825557836414e+01 8.859396550611e+00 9.182088683320e+00 1 1 1 0.0 0.0 0.0
Nb 1.479200758236e+01 8.859396550611e+00 9.182088683320e+00 1 1 1 0.0 0.0 0.0
Nb 1.132843680058e+01 8.859396550611e+00 9.182088683320e+00 1 1 1 0.0 0.0 0.0
Nb 7.864866018801e+00 8.859396550611e+00 9.182088683320e+00 1 1 1 0.0 0.0 0.0
Nb 2.171914914592e+01 8.859396550611e+00 9.182088683320e+00 1 1 1 0.0 0.0 0.0
Nb 1.652379297342e+01 5.859856265687e+00 9.182088683320e+00 1 1 1 0.0 0.0 0.0
Nb 1.306022219164e+01 5.859856265687e+00 9.182088683320e+00 1 1 1 0.0 0.0 0.0
Nb 9.596651409857e+00 5.859856265687e+00 9.182088683320e+00 1 1 1 0.0 0.0 0.0
Nb 6.133080628077e+00 5.859856265687e+00 9.182088683320e+00 1 1 1 0.0 0.0 0.0
Nb 1.998736375520e+01 5.859856265687e+00 9.182088683320e+00 1 1 1 0.0 0.0 0.0
Nb 1.479200758269e+01 2.860315980764e+00 9.182088683320e+00 1 1 1 0.0 0.0 0.0
Nb 1.132843680091e+01 2.860315980764e+00 9.182088683320e+00 1 1 1 0.0 0.0 0.0
Nb 7.864866019133e+00 2.860315980764e+00 9.182088683320e+00 1 1 1 0.0 0.0 0.0
Nb 4.401295237353e+00 2.860315980764e+00 9.182088683320e+00 1 1 1 0.0 0.0 0.0
Nb 1.825557836447e+01 2.860315980764e+00 9.182088683320e+00 1 1 1 0.0 0.0 0.0
Nb 2.171914914559e+01 1.485847712046e+01 9.182088683320e+00 1 1 1 0.0 0.0 0.0
Nb 1.825557836381e+01 1.485847712046e+01 9.182088683320e+00 1 1 1 0.0 0.0 0.0
Nb 1.479200758203e+01 1.485847712046e+01 9.182088683320e+00 1 1 1 0.0 0.0 0.0
Nb 1.132843680025e+01 1.485847712046e+01 9.182088683320e+00 1 1 1 0.0 0.0 0.0
Nb 2.518271992737e+01 1.485847712046e+01 9.182088683320e+00 1 1 1 0.0 0.0 0.0
Nb 1.998736375487e+01 1.185893683553e+01 9.182088683320e+00 1 1 1 0.0 0.0 0.0
Nb 1.652379297309e+01 1.185893683553e+01 9.182088683320e+00 1 1 1 0.0 0.0 0.0
Nb 1.306022219130e+01 1.185893683553e+01 9.182088683320e+00 1 1 1 0.0 0.0 0.0
Nb 9.596651409525e+00 1.185893683553e+01 9.182088683320e+00 1 1 1 0.0 0.0 0.0
Nb 2.345093453665e+01 1.185893683553e+01 9.182088683320e+00 1 1 1 0.0 0.0 0.0
Bi 2.116613552493e+01 1.070587941902e+01 3.532095071834e+01 1 1 1 0.0 0.0 0.0
Bi 1.433014056085e+01 1.149523212558e+01 3.532095071834e+01 1 1 1 0.0 0.0 0.0
Bi 1.752027154420e+01 9.127174005907e+00 3.532095071834e+01 1 1 1 0.0 0.0 0.0
Bi 2.071040252755e+01 6.759115886231e+00 3.532095071834e+01 1 1 1 0.0 0.0 0.0
Bi 1.068427658012e+01 9.916526712466e+00 3.532095071834e+01 1 1 1 0.0 0.0 0.0
Bi 1.387440756347e+01 7.548468592790e+00 3.532095071834e+01 1 1 1 0.0 0.0 0.0
Bi 1.706453854682e+01 5.180410473114e+00 3.532095071834e+01 1 1 1 0.0 0.0 0.0
Bi 7.038412599382e+00 8.337821299349e+00 3.532095071834e+01 1 1 1 0.0 0.0 0.0
Bi 1.022854358273e+01 5.969763179672e+00 3.532095071834e+01 1 1 1 0.0 0.0 0.0
Bi 1.341867456608e+01 3.601705059996e+00 3.532095071834e+01 1 1 1 0.0 0.0 0.0
Bi 1.660880554943e+01 1.233646940320e+00 3.532095071834e+01 1 1 1 0.0 0.0 0.0
Bi 6.582679601998e+00 4.391057766555e+00 3.532095071834e+01 1 1 1 0.0 0.0 0.0
Bi 9.772810585348e+00 2.022999646879e+00 3.532095071834e+01 1 1 1 0.0 0.0 0.0
Bi 2.162186852232e+01 1.465264295182e+01 3.532095071834e+01 1 1 1 0.0 0.0 0.0
Bi 2.936815621264e+00 2.812352353438e+00 3.532095071834e+01 1 1 1 0.0 0.0 0.0
Bi 6.126946604614e+00 4.442942337613e-01 3.532095071834e+01 1 1 1 0.0 0.0 0.0
Bi 1.797600454158e+01 1.307393753870e+01 3.532095071834e+01 1 1 1 0.0 0.0 0.0
Bi 1.114000957750e+01 1.386329024526e+01 3.532095071834e+01 1 1 1 0.0 0.0 0.0
Bi 7.494145596766e+00 1.228458483214e+01 3.532095071834e+01 1 1 1 0.0 0.0 0.0
Bi 1.891437327528e+01 1.098992105874e+01 3.133430771007e+01 1 1 1 0.0 0.0 0.0
Bi 1.207837831119e+01 1.177927376530e+01 3.133430771007e+01 1 1 1 0.0 0.0 0.0
Bi 1.526850929454e+01 9.411215645619e+00 3.133430771007e+01 1 1 1 0.0 0.0 0.0
Bi 1.845864027789e+01 7.043157525943e+00 3.133430771007e+01 1 1 1 0.0 0.0 0.0
Bi 8.432514330458e+00 1.020056835218e+01 3.133430771007e+01 1 1 1 0.0 0.0 0.0
Bi 1.162264531381e+01 7.832510232502e+00 3.133430771007e+01 1 1 1 0.0 0.0 0.0
Bi 1.481277629716e+01 5.464452112826e+00 3.133430771007e+01 1 1 1 0.0 0.0 0.0
Bi 2.210450425863e+01 8.621862939061e+00 3.133430771007e+01 1 1 1 0.0 0.0 0.0
Bi 7.976781333074e+00 6.253804819384e+00 3.133430771007e+01 1 1 1 0.0 0.0 0.0
Bi 1.116691231642e+01 3.885746699708e+00 3.133430771007e+01 1 1 1 0.0 0.0 0.0
Bi 1.435704329977e+01 1.517688580032e+00 3.133430771007e+01 1 1 1 0.0 0.0 0.0
Bi 4.330917352340e+00 4.675099406267e+00 3.133430771007e+01 1 1 1 0.0 0.0 0.0
Bi 7.521048335690e+00 2.307041286591e+00 3.133430771007e+01 1 1 1 0.0 0.0 0.0
Bi 1.937010627266e+01 1.493668459153e+01 3.133430771007e+01 1 1 1 0.0 0.0 0.0
Bi 1.800290728051e+01 3.096393993149e+00 3.133430771007e+01 1 1 1 0.0 0.0 0.0
Bi 3.875184354957e+00 7.283358734732e-01 3.133430771007e+01 1 1 1 0.0 0.0 0.0
Bi 1.572424229193e+01 1.335797917841e+01 3.133430771007e+01 1 1 1 0.0 0.0 0.0
Bi 8.888247327842e+00 1.414733188497e+01 3.133430771007e+01 1 1 1 0.0 0.0 0.0
Bi 2.256023725601e+01 1.256862647185e+01 3.133430771007e+01 1 1 1 0.0 0.0 0.0
Bi 1.890509751441e+01 1.105395872230e+01 2.529282906773e+01 1 1 1 0.0 0.0 0.0
Bi 1.206910255033e+01 1.184331142885e+01 2.529282906773e+01 1 1 1 0.0 0.0 0.0
Bi 1.525923353368e+01 9.475253309179e+00 2.529282906773e+01 1 1 1 0.0 0.0 0.0
Bi 1.844936451703e+01 7.107195189502e+00 2.529282906773e+01 1 1 1 0.0 0.0 0.0
Bi 8.423238569593e+00 1.026460601574e+01 2.529282906773e+01 1 1 1 0.0 0.0 0.0
Bi 1.161336955294e+01 7.896547896061e+00 2.529282906773e+01 1 1 1 0.0 0.0 0.0
Bi 1.480350053629e+01 5.528489776385e+00 2.529282906773e+01 1 1 1 0.0 0.0 0.0
Bi 2.209522849776e+01 8.685900602620e+00 2.529282906773e+01 1 1 1 0.0 0.0 0.0
Bi 7.967505572209e+00 6.317842482944e+00 2.529282906773e+01 1 1 1 0.0 0.0 0.0
Bi 1.115763655556e+01 3.949784363267e+00 2.529282906773e+01 1 1 1 0.0 0.0 0.0
Bi 1.434776753891e+01 1.581726243591e+00 2.529282906773e+01 1 1 1 0.0 0.0 0.0
Bi 4.321641591476e+00 4.739137069826e+00 2.529282906773e+01 1 1 1 0.0 0.0 0.0
Bi 7.511772574825e+00 2.371078950150e+00 2.529282906773e+01 1 1 1 0.0 0.0 0.0
Bi 1.070190355818e+01 3.020830473530e-03 2.529282906773e+01 1 1 1 0.0 0.0 0.0
Bi 1.799363151964e+01 3.160431656709e+00 2.529282906773e+01 1 1 1 0.0 0.0 0.0
Bi 3.865908594092e+00 7.923735370323e-01 2.529282906773e+01 1 1 1 0.0 0.0 0.0
Bi 1.571496653106e+01 1.342201684197e+01 2.529282906773e+01 1 1 1 0.0 0.0 0.0
Bi 8.878971566977e+00 1.421136954853e+01 2.529282906773e+01 1 1 1 0.0 0.0 0.0
Bi 2.255096149514e+01 1.263266413541e+01 2.529282906773e+01 1 1 1 0.0 0.0 0.0
Bi 6.165078159914e+00 1.052693741757e+01 2.132110864621e+01 1 1 1 0.0 0.0 0.0
Bi 1.664693710473e+01 1.131629012413e+01 2.132110864621e+01 1 1 1 0.0 0.0 0.0
Bi 1.983706808808e+01 8.948232004456e+00 2.132110864621e+01 1 1 1 0.0 0.0 0.0
Bi 5.709345162530e+00 6.580173884780e+00 2.132110864621e+01 1 1 1 0.0 0.0 0.0
Bi 1.300107312400e+01 9.737584711015e+00 2.132110864621e+01 1 1 1 0.0 0.0 0.0
Bi 1.619120410735e+01 7.369526591339e+00 2.132110864621e+01 1 1 1 0.0 0.0 0.0
Bi 1.938133509070e+01 5.001468471662e+00 2.132110864621e+01 1 1 1 0.0 0.0 0.0
Bi 9.355209143264e+00 8.158879297897e+00 2.132110864621e+01 1 1 1 0.0 0.0 0.0
Bi 1.254534012661e+01 5.790821178221e+00 2.132110864621e+01 1 1 1 0.0 0.0 0.0
Bi 1.573547110996e+01 3.422763058545e+00 2.132110864621e+01 1 1 1 0.0 0.0 0.0
Bi 1.607748184412e+00 1.054704938869e+00 2.132110864621e+01 1 1 1 0.0 0.0 0.0
Bi 8.899476145880e+00 4.212115765104e+00 2.132110864621e+01 1 1 1 0.0 0.0 0.0
Bi 1.208960712923e+01 1.844057645427e+00 2.132110864621e+01 1 1 1 0.0 0.0 0.0
Bi 2.393866506620e+01 1.447370095037e+01 2.132110864621e+01 1 1 1 0.0 0.0 0.0
Bi 5.253612165146e+00 2.633410351986e+00 2.132110864621e+01 1 1 1 0.0 0.0 0.0
Bi 8.443743148496e+00 2.653522323100e-01 2.132110864621e+01 1 1 1 0.0 0.0 0.0
Bi 2.029280108547e+01 1.289499553725e+01 2.132110864621e+01 1 1 1 0.0 0.0 0.0
Bi 1.345680612138e+01 1.368434824381e+01 2.132110864621e+01 1 1 1 0.0 0.0 0.0
Bi 9.810942140648e+00 1.210564283069e+01 2.132110864621e+01 1 1 1 0.0 0.0 0.0
Se 1.998780347560e+01 9.858890726630e+00 7.500000000000e+00 1 1 1 0.0 0.0 0.0
Se 1.652423269382e+01 9.858890726630e+00 7.500000000000e+00 1 1 1 0.0 0.0 0.0
Se 1.306066191204e+01 9.858890726630e+00 7.500000000000e+00 1 1 1 0.0 0.0 0.0
Se 9.597091130263e+00 9.858890726630e+00 7.500000000000e+00 1 1 1 0.0 0.0 0.0
Se 6.133520348483e+00 9.858890726630e+00 7.500000000000e+00 1 1 1 0.0 0.0 0.0
Se 1.825601808488e+01 6.859350441706e+00 7.500000000000e+00 1 1 1 0.0 0.0 0.0
Se 1.479244730310e+01 6.859350441706e+00 7.500000000000e+00 1 1 1 0.0 0.0 0.0
Se 1.132887652132e+01 6.859350441706e+00 7.500000000000e+00 1 1 1 0.0 0.0 0.0
Se 7.865305739539e+00 6.859350441706e+00 7.500000000000e+00 1 1 1 0.0 0.0 0.0
Se 4.401734957759e+00 6.859350441706e+00 7.500000000000e+00 1 1 1 0.0 0.0 0.0
Se 1.652423269416e+01 3.859810156783e+00 7.500000000000e+00 1 1 1 0.0 0.0 0.0
Se 1.306066191238e+01 3.859810156783e+00 7.500000000000e+00 1 1 1 0.0 0.0 0.0
Se 9.597091130596e+00 3.859810156783e+00 7.500000000000e+00 1 1 1 0.0 0.0 0.0
Se 6.133520348815e+00 3.859810156783e+00 7.500000000000e+00 1 1 1 0.0 0.0 0.0
Se 2.669949567035e+00 3.859810156783e+00 7.500000000000e+00 1 1 1 0.0 0.0 0.0
Se 1.479244730343e+01 8.602698718599e-01 7.500000000000e+00 1 1 1 0.0 0.0 0.0
Se 1.132887652165e+01 8.602698718599e-01 7.500000000000e+00 1 1 1 0.0 0.0 0.0
Se 7.865305739872e+00 8.602698718599e-01 7.500000000000e+00 1 1 1 0.0 0.0 0.0
Se 4.401734958092e+00 8.602698718599e-01 7.500000000000e+00 1 1 1 0.0 0.0 0.0
Se 9.381641763112e-01 8.602698718599e-01 7.500000000000e+00 1 1 1 0.0 0.0 0.0
Se 2.171958886633e+01 1.285843101155e+01 7.500000000000e+00 1 1 1 0.0 0.0 0.0
Se 1.825601808455e+01 1.285843101155e+01 7.500000000000e+00 1 1 1 0.0 0.0 0.0
Se 1.479244730277e+01 1.285843101155e+01 7.500000000000e+00 1 1 1 0.0 0.0 0.0
Se 1.132887652099e+01 1.285843101155e+01 7.500000000000e+00 1 1 1 0.0 0.0 0.0
Se 7.865305739207e+00 1.285843101155e+01 7.500000000000e+00 1 1 1 0.0 0.0 0.0
Se 1.825682660621e+01 1.086873240133e+01 1.364602824434e+01 1 1 1 0.0 0.0 0.0
Se 1.479325582443e+01 1.086873240133e+01 1.364602824434e+01 1 1 1 0.0 0.0 0.0
Se 1.132968504265e+01 1.086873240133e+01 1.364602824434e+01 1 1 1 0.0 0.0 0.0
Se 7.866114260866e+00 1.086873240133e+01 1.364602824434e+01 1 1 1 0.0 0.0 0.0
Se 2.172039738799e+01 1.086873240133e+01 1.364602824434e+01 1 1 1 0.0 0.0 0.0
Se 1.652504121548e+01 7.869192116410e+00 1.364602824434e+01 1 1 1 0.0 0.0 0.0
Se 1.306147043370e+01 7.869192116410e+00 1.364602824434e+01 1 1 1 0.0 0.0 0.0
Se 9.597899651922e+00 7.869192116410e+00 1.364602824434e+01 1 1 1 0.0 0.0 0.0
Se 6.134328870142e+00 7.869192116410e+00 1.364602824434e+01 1 1 1 0.0 0.0 0.0
Se 1.998861199726e+01 7.869192116410e+00 1.364602824434e+01 1 1 1 0.0 0.0 0.0
Se 1.479325582476e+01 4.869651831486e+00 1.364602824434e+01 1 1 1 0.0 0.0 0.0
Se 1.132968504298e+01 4.869651831486e+00 1.364602824434e+01 1 1 1 0.0 0.0 0.0
Se 7.866114261198e+00 4.869651831486e+00 1.364602824434e+01 1 1 1 0.0 0.0 0.0
Se 4.402543479418e+00 4.869651831486e+00 1.364602824434e+01 1 1 1 0.0 0.0 0.0
Se 1.825682660654e+01 4.869651831486e+00 1.364602824434e+01 1 1 1 0.0 0.0 0.0
Se 1.306147043404e+01 1.870111546563e+00 1.364602824434e+01 1 1 1 0.0 0.0 0.0
Se 9.597899652255e+00 1.870111546563e+00 1.364602824434e+01 1 1 1 0.0 0.0 0.0
Se 6.134328870475e+00 1.870111546563e+00 1.364602824434e+01 1 1 1 0.0 0.0 0.0
Se 2.670758088694e+00 1.870111546563e+00 1.364602824434e+01 1 1 1 0.0 0.0 0.0
Se 1.652504121582e+01 1.870111546563e+00 1.364602824434e+01 1 1 1 0.0 0.0 0.0
Se 1.998861199693e+01 1.386827268626e+01 1.364602824434e+01 1 1 1 0.0 0.0 0.0
Se 1.652504121515e+01 1.386827268626e+01 1.364602824434e+01 1 1 1 0.0 0.0 0.0
Se 1.306147043337e+01 1.386827268626e+01 1.364602824434e+01 1 1 1 0.0 0.0 0.0
Se 9.597899651590e+00 1.386827268626e+01 1.364602824434e+01 1 1 1 0.0 0.0 0.0
Se 2.345218277871e+01 1.386827268626e+01 1.364602824434e+01 1 1 1 0.0 0.0 0.0
Se 1.998749611939e+01 9.859922097351e+00 1.086443756309e+01 1 1 1 0.0 0.0 0.0
Se 1.652392533761e+01 9.859922097351e+00 1.086443756309e+01 1 1 1 0.0 0.0 0.0
Se 1.306035455583e+01 9.859922097351e+00 1.086443756309e+01 1 1 1 0.0 0.0 0.0
Se 9.596783774051e+00 9.859922097351e+00 1.086443756309e+01 1 1 1 0.0 0.0 0.0
Se 6.133212992271e+00 9.859922097351e+00 1.086443756309e+01 1 1 1 0.0 0.0 0.0
Se 1.825571072867e+01 6.860381812428e+00 1.086443756309e+01 1 1 1 0.0 0.0 0.0
Se 1.479213994689e+01 6.860381812428e+00 1.086443756309e+01 1 1 1 0.0 0.0 0.0
Se 1.132856916511e+01 6.860381812428e+00 1.086443756309e+01 1 1 1 0.0 0.0 0.0
Se 7.864998383327e+00 6.860381812428e+00 1.086443756309e+01 1 1 1 0.0 0.0 0.0
Se 4.401427601547e+00 6.860381812428e+00 1.086443756309e+01 1 1 1 0.0 0.0 0.0
Se 1.652392533794e+01 3.860841527505e+00 1.086443756309e+01 1 1 1 0.0 0.0 0.0
Se 1.306035455616e+01 3.860841527505e+00 1.086443756309e+01 1 1 1 0.0 0.0 0.0
Se 9.596783774383e+00 3.860841527505e+00 1.086443756309e+01 1 1 1 0.0 0.0 0.0
Se 6.133212992603e+00 3.860841527505e+00 1.086443756309e+01 1 1 1 0.0 0.0 0.0
Se 2.669642210823e+00 3.860841527505e+00 1.086443756309e+01 1 1 1 0.0 0.0 0.0
Se 1.479213994722e+01 8.613012425814e-01 1.086443756309e+01 1 1 1 0.0 0.0 0.0
Se 1.132856916544e+01 8.613012425814e-01 1.086443756309e+01 1 1 1 0.0 0.0 0.0
Se 7.864998383659e+00 8.613012425814e-01 1.086443756309e+01 1 1 1 0.0 0.0 0.0
Se 4.401427601879e+00 8.613012425814e-01 1.086443756309e+01 1 1 1 0.0 0.0 0.0
Se 9.378568200989e-01 8.613012425814e-01 1.086443756309e+01 1 1 1 0.0 0.0 0.0
Se 2.171928151012e+01 1.285946238227e+01 1.086443756309e+01 1 1 1 0.0 0.0 0.0
Se 1.825571072834e+01 1.285946238227e+01 1.086443756309e+01 1 1 1 0.0 0.0 0.0
Se 1.479213994655e+01 1.285946238227e+01 1.086443756309e+01 1 1 1 0.0 0.0 0.0
Se 1.132856916477e+01 1.285946238227e+01 1.086443756309e+01 1 1 1 0.0 0.0 0.0
Se 7.864998382994e+00 1.285946238227e+01 1.086443756309e+01 1 1 1 0.0 0.0 0.0
Se 1.825635703815e+01 1.086968044560e+01 1.701046802998e+01 1 1 1 0.0 0.0 0.0
Se 1.479278625637e+01 1.086968044560e+01 1.701046802998e+01 1 1 1 0.0 0.0 0.0
Se 1.132921547459e+01 1.086968044560e+01 1.701046802998e+01 1 1 1 0.0 0.0 0.0
Se 7.865644692806e+00 1.086968044560e+01 1.701046802998e+01 1 1 1 0.0 0.0 0.0
Se 2.171992781993e+01 1.086968044560e+01 1.701046802998e+01 1 1 1 0.0 0.0 0.0
Se 1.652457164742e+01 7.870140160674e+00 1.701046802998e+01 1 1 1 0.0 0.0 0.0
Se 1.306100086564e+01 7.870140160674e+00 1.701046802998e+01 1 1 1 0.0 0.0 0.0
Se 9.597430083862e+00 7.870140160674e+00 1.701046802998e+01 1 1 1 0.0 0.0 0.0
Se 6.133859302082e+00 7.870140160674e+00 1.701046802998e+01 1 1 1 0.0 0.0 0.0
Se 1.998814242920e+01 7.870140160674e+00 1.701046802998e+01 1 1 1 0.0 0.0 0.0
Se 1.479278625670e+01 4.870599875751e+00 1.701046802998e+01 1 1 1 0.0 0.0 0.0
Se 1.132921547492e+01 4.870599875751e+00 1.701046802998e+01 1 1 1 0.0 0.0 0.0
Se 7.865644693139e+00 4.870599875751e+00 1.701046802998e+01 1 1 1 0.0 0.0 0.0
Se 4.402073911358e+00 4.870599875751e+00 1.701046802998e+01 1 1 1 0.0 0.0 0.0
Se 1.825635703848e+01 4.870599875751e+00 1.701046802998e+01 1 1 1 0.0 0.0 0.0
Se 1.306100086598e+01 1.871059590828e+00 1.701046802998e+01 1 1 1 0.0 0.0 0.0
Se 9.597430084195e+00 1.871059590828e+00 1.701046802998e+01 1 1 1 0.0 0.0 0.0
Se 6.133859302415e+00 1.871059590828e+00 1.701046802998e+01 1 1 1 0.0 0.0 0.0
Se 2.670288520634e+00 1.871059590828e+00 1.701046802998e+01 1 1 1 0.0 0.0 0.0
Se 1.652457164776e+01 1.871059590828e+00 1.701046802998e+01 1 1 1 0.0 0.0 0.0
Se 1.998814242887e+01 1.386922073052e+01 1.701046802998e+01 1 1 1 0.0 0.0 0.0
Se 1.652457164709e+01 1.386922073052e+01 1.701046802998e+01 1 1 1 0.0 0.0 0.0
Se 1.306100086531e+01 1.386922073052e+01 1.701046802998e+01 1 1 1 0.0 0.0 0.0
Se 9.597430083530e+00 1.386922073052e+01 1.701046802998e+01 1 1 1 0.0 0.0 0.0
Se 2.345171321065e+01 1.386922073052e+01 1.701046802998e+01 1 1 1 0.0 0.0 0.0
Se 1.887609214299e+01 1.097077788839e+01 3.696241589303e+01 1 1 1 0.0 0.0 0.0
Se 1.204009717890e+01 1.176013059495e+01 3.696241589303e+01 1 1 1 0.0 0.0 0.0
Se 1.523022816225e+01 9.392072475274e+00 3.696241589303e+01 1 1 1 0.0 0.0 0.0
Se 1.842035914560e+01 7.024014355598e+00 3.696241589303e+01 1 1 1 0.0 0.0 0.0
Se 8.394233198168e+00 1.018142518183e+01 3.696241589303e+01 1 1 1 0.0 0.0 0.0
Se 1.158436418152e+01 7.813367062157e+00 3.696241589303e+01 1 1 1 0.0 0.0 0.0
Se 1.477449516487e+01 5.445308942481e+00 3.696241589303e+01 1 1 1 0.0 0.0 0.0
Se 2.206622312634e+01 8.602719768716e+00 3.696241589303e+01 1 1 1 0.0 0.0 0.0
Se 7.938500200784e+00 6.234661649039e+00 3.696241589303e+01 1 1 1 0.0 0.0 0.0
Se 1.112863118413e+01 3.866603529363e+00 3.696241589303e+01 1 1 1 0.0 0.0 0.0
Se 1.431876216748e+01 1.498545409687e+00 3.696241589303e+01 1 1 1 0.0 0.0 0.0
Se 4.292636220050e+00 4.655956235922e+00 3.696241589303e+01 1 1 1 0.0 0.0 0.0
Se 7.482767203400e+00 2.287898116246e+00 3.696241589303e+01 1 1 1 0.0 0.0 0.0
Se 1.933182514037e+01 1.491754142119e+01 3.696241589303e+01 1 1 1 0.0 0.0 0.0
Se 1.796462614822e+01 3.077250822804e+00 3.696241589303e+01 1 1 1 0.0 0.0 0.0
Se 3.836903222666e+00 7.091927031282e-01 3.696241589303e+01 1 1 1 0.0 0.0 0.0
Se 1.568596115964e+01 1.333883600807e+01 3.696241589303e+01 1 1 1 0.0 0.0 0.0
Se 8.849966195551e+00 1.412818871463e+01 3.696241589303e+01 1 1 1 0.0 0.0 0.0
Se 2.252195612372e+01 1.254948330151e+01 3.696241589303e+01 1 1 1 0.0 0.0 0.0
Se 6.151146853819e+00 1.044612473316e+01 3.332483142763e+01 1 1 1 0.0 0.0 0.0
Se 1.663300579864e+01 1.123547743972e+01 3.332483142763e+01 1 1 1 0.0 0.0 0.0
Se 1.982313678199e+01 8.867419320042e+00 3.332483142763e+01 1 1 1 0.0 0.0 0.0
Se 5.695413856435e+00 6.499361200366e+00 3.332483142763e+01 1 1 1 0.0 0.0 0.0
Se 1.298714181790e+01 9.656772026601e+00 3.332483142763e+01 1 1 1 0.0 0.0 0.0
Se 1.617727280125e+01 7.288713906924e+00 3.332483142763e+01 1 1 1 0.0 0.0 0.0
Se 1.936740378460e+01 4.920655787248e+00 3.332483142763e+01 1 1 1 0.0 0.0 0.0
Se 9.341277837169e+00 8.078066613483e+00 3.332483142763e+01 1 1 1 0.0 0.0 0.0
Se 1.253140882052e+01 5.710008493807e+00 3.332483142763e+01 1 1 1 0.0 0.0 0.0
Se 1.572153980387e+01 3.341950374131e+00 3.332483142763e+01 1 1 1 0.0 0.0 0.0
Se 1.593816878318e+00 9.738922544545e-01 3.332483142763e+01 1 1 1 0.0 0.0 0.0
Se 8.885544839785e+00 4.131303080689e+00 3.332483142763e+01 1 1 1 0.0 0.0 0.0
Se 1.207567582314e+01 1.763244961013e+00 3.332483142763e+01 1 1 1 0.0 0.0 0.0
Se 2.392473376010e+01 1.439288826595e+01 3.332483142763e+01 1 1 1 0.0 0.0 0.0
Se 5.239680859051e+00 2.552597667572e+00 3.332483142763e+01 1 1 1 0.0 0.0 0.0
Se 8.429811842401e+00 1.845395478958e-01 3.332483142763e+01 1 1 1 0.0 0.0 0.0
Se 2.027886977937e+01 1.281418285284e+01 3.332483142763e+01 1 1 1 0.0 0.0 0.0
Se 1.344287481529e+01 1.360353555939e+01 3.332483142763e+01 1 1 1 0.0 0.0 0.0
Se 9.797010834553e+00 1.202483014628e+01 3.332483142763e+01 1 1 1 0.0 0.0 0.0
Se 2.118226300742e+01 1.071864721755e+01 2.969131231352e+01 1 1 1 0.0 0.0 0.0
Se 1.434626804333e+01 1.150799992411e+01 2.969131231352e+01 1 1 1 0.0 0.0 0.0
Se 1.753639902668e+01 9.139941804436e+00 2.969131231352e+01 1 1 1 0.0 0.0 0.0
Se 2.072653001003e+01 6.771883684760e+00 2.969131231352e+01 1 1 1 0.0 0.0 0.0
Se 1.070040406260e+01 9.929294510995e+00 2.969131231352e+01 1 1 1 0.0 0.0 0.0
Se 1.389053504595e+01 7.561236391319e+00 2.969131231352e+01 1 1 1 0.0 0.0 0.0
Se 1.708066602930e+01 5.193178271643e+00 2.969131231352e+01 1 1 1 0.0 0.0 0.0
Se 7.054540081864e+00 8.350589097878e+00 2.969131231352e+01 1 1 1 0.0 0.0 0.0
Se 1.024467106521e+01 5.982530978201e+00 2.969131231352e+01 1 1 1 0.0 0.0 0.0
Se 1.343480204856e+01 3.614472858525e+00 2.969131231352e+01 1 1 1 0.0 0.0 0.0
Se 1.662493303191e+01 1.246414738849e+00 2.969131231352e+01 1 1 1 0.0 0.0 0.0
Se 6.598807084480e+00 4.403825565084e+00 2.969131231352e+01 1 1 1 0.0 0.0 0.0
Se 9.788938067830e+00 2.035767445408e+00 2.969131231352e+01 1 1 1 0.0 0.0 0.0
Se 2.163799600480e+01 1.466541075035e+01 2.969131231352e+01 1 1 1 0.0 0.0 0.0
Se 2.952943103746e+00 2.825120151967e+00 2.969131231352e+01 1 1 1 0.0 0.0 0.0
Se 6.143074087096e+00 4.570620322903e-01 2.969131231352e+01 1 1 1 0.0 0.0 0.0
Se 1.799213202407e+01 1.308670533723e+01 2.969131231352e+01 1 1 1 0.0 0.0 0.0
Se 1.115613705998e+01 1.387605804379e+01 2.969131231352e+01 1 1 1 0.0 0.0 0.0
Se 7.510273079248e+00 1.229735263067e+01 2.969131231352e+01 1 1 1 0.0 0.0 0.0
Se 6.165826940187e+00 1.052304540903e+01 2.692457590224e+01 1 1 1 0.0 0.0 0.0
Se 1.664768588500e+01 1.131239811559e+01 2.692457590224e+01 1 1 1 0.0 0.0 0.0
Se 1.983781686835e+01 8.944339995912e+00 2.692457590224e+01 1 1 1 0.0 0.0 0.0
Se 5.710093942803e+00 6.576281876236e+00 2.692457590224e+01 1 1 1 0.0 0.0 0.0
Se 1.300182190427e+01 9.733692702471e+00 2.692457590224e+01 1 1 1 0.0 0.0 0.0
Se 1.619195288762e+01 7.365634582795e+00 2.692457590224e+01 1 1 1 0.0 0.0 0.0
Se 1.938208387097e+01 4.997576463119e+00 2.692457590224e+01 1 1 1 0.0 0.0 0.0
Se 9.355957923537e+00 8.154987289354e+00 2.692457590224e+01 1 1 1 0.0 0.0 0.0
Se 1.254608890689e+01 5.786929169677e+00 2.692457590224e+01 1 1 1 0.0 0.0 0.0
Se 1.573621989024e+01 3.418871050001e+00 2.692457590224e+01 1 1 1 0.0 0.0 0.0
Se 1.608496964685e+00 1.050812930325e+00 2.692457590224e+01 1 1 1 0.0 0.0 0.0
Se 8.900224926153e+00 4.208223756560e+00 2.692457590224e+01 1 1 1 0.0 0.0 0.0
Se 1.209035590950e+01 1.840165636884e+00 2.692457590224e+01 1 1 1 0.0 0.0 0.0
Se 2.393941384647e+01 1.446980894182e+01 2.692457590224e+01 1 1 1 0.0 0.0 0.0
Se 5.254360945419e+00 2.629518343442e+00 2.692457590224e+01 1 1 1 0.0 0.0 0.0
Se 8.444491928769e+00 2.614602237662e-01 2.692457590224e+01 1 1 1 0.0 0.0 0.0
Se 2.029354986574e+01 1.289110352871e+01 2.692457590224e+01 1 1 1 0.0 0.0 0.0
Se 1.345755490165e+01 1.368045623526e+01 2.692457590224e+01 1 1 1 0.0 0.0 0.0
Se 9.811690920920e+00 1.210175082215e+01 2.692457590224e+01 1 1 1 0.0 0.0 0.0
Se 2.118916685775e+01 1.079629734082e+01 2.330671355540e+01 1 1 1 0.0 0.0 0.0
Se 1.435317189367e+01 1.158565004738e+01 2.330671355540e+01 1 1 1 0.0 0.0 0.0
Se 1.754330287702e+01 9.217591927703e+00 2.330671355540e+01 1 1 1 0.0 0.0 0.0
Se 2.073343386037e+01 6.849533808027e+00 2.330671355540e+01 1 1 1 0.0 0.0 0.0
Se 1.070730791293e+01 1.000694463426e+01 2.330671355540e+01 1 1 1 0.0 0.0 0.0
Se 1.389743889628e+01 7.638886514585e+00 2.330671355540e+01 1 1 1 0.0 0.0 0.0
Se 1.708756987963e+01 5.270828394909e+00 2.330671355540e+01 1 1 1 0.0 0.0 0.0
Se 7.061443932198e+00 8.428239221144e+00 2.330671355540e+01 1 1 1 0.0 0.0 0.0
Se 1.025157491555e+01 6.060181101468e+00 2.330671355540e+01 1 1 1 0.0 0.0 0.0
Se 1.344170589890e+01 3.692122981792e+00 2.330671355540e+01 1 1 1 0.0 0.0 0.0
Se 1.663183688225e+01 1.324064862115e+00 2.330671355540e+01 1 1 1 0.0 0.0 0.0
Se 6.605710934814e+00 4.481475688350e+00 2.330671355540e+01 1 1 1 0.0 0.0 0.0
Se 9.795841918164e+00 2.113417568674e+00 2.330671355540e+01 1 1 1 0.0 0.0 0.0
Se 2.164489985513e+01 1.474306087361e+01 2.330671355540e+01 1 1 1 0.0 0.0 0.0
Se 2.959846954080e+00 2.902770275233e+00 2.330671355540e+01 1 1 1 0.0 0.0 0.0
Se 6.149977937430e+00 5.347121555567e-01 2.330671355540e+01 1 1 1 0.0 0.0 0.0
Se 1.799903587440e+01 1.316435546050e+01 2.330671355540e+01 1 1 1 0.0 0.0 0.0
Se 1.116304091032e+01 1.395370816706e+01 2.330671355540e+01 1 1 1 0.0 0.0 0.0
Se 7.517176929582e+00 1.237500275394e+01 2.330671355540e+01 1 1 1 0.0 0.0 0.0
Se 1.889788022404e+01 1.105530652863e+01 1.968357859229e+01 1 1 1 0.0 0.0 0.0
Se 1.206188525996e+01 1.184465923518e+01 1.968357859229e+01 1 1 1 0.0 0.0 0.0
Se 1.525201624331e+01 9.476601115508e+00 1.968357859229e+01 1 1 1 0.0 0.0 0.0
Se 1.844214722666e+01 7.108542995832e+00 1.968357859229e+01 1 1 1 0.0 0.0 0.0
Se 8.416021279225e+00 1.026595382207e+01 1.968357859229e+01 1 1 1 0.0 0.0 0.0
Se 1.160615226258e+01 7.897895702390e+00 1.968357859229e+01 1 1 1 0.0 0.0 0.0
Se 1.479628324592e+01 5.529837582714e+00 1.968357859229e+01 1 1 1 0.0 0.0 0.0
Se 2.208801120739e+01 8.687248408949e+00 1.968357859229e+01 1 1 1 0.0 0.0 0.0
Se 7.960288281841e+00 6.319190289273e+00 1.968357859229e+01 1 1 1 0.0 0.0 0.0
Se 1.115041926519e+01 3.951132169597e+00 1.968357859229e+01 1 1 1 0.0 0.0 0.0
Se 1.434055024854e+01 1.583074049920e+00 1.968357859229e+01 1 1 1 0.0 0.0 0.0
Se 4.314424301107e+00 4.740484876155e+00 1.968357859229e+01 1 1 1 0.0 0.0 0.0
Se 7.504555284457e+00 2.372426756479e+00 1.968357859229e+01 1 1 1 0.0 0.0 0.0
Se 1.069468626781e+01 4.368636802849e-03 1.968357859229e+01 1 1 1 0.0 0.0 0.0
Se 1.798641422927e+01 3.161779463038e+00 1.968357859229e+01 1 1 1 0.0 0.0 0.0
Se 3.858691303723e+00 7.937213433616e-01 1.968357859229e+01 1 1 1 0.0 0.0 0.0
Se 1.570774924069e+01 1.342336464830e+01 1.968357859229e+01 1 1 1 0.0 0.0 0.0
Se 8.871754276609e+00 1.421271735486e+01 1.968357859229e+01 1 1 1 0.0 0.0 0.0
Se 2.254374420478e+01 1.263401194174e+01 1.968357859229e+01 1 1 1 0.0 0.0 0.0
"