calculation_mode = "Relax Structure"
cell_relax = "False"
charge_density_mixing = "0.15"
charge_mixing_type = "Broyden"
description = "Example parameters for high-throughput bulk relaxation of a vdW material"
dipole_moment = "True"
dos_broading = "0.05"
dos_method = "Gaussian"
energy_convergence_criterion = "1e-08"
energy_output_units = "Hartrees"
kohn_sham_mucycles = "3"
kohn_sham_solver = "davidson"
kpoint_distribution = "1"
kpoint_mesh = "1 1 1"
localize_projectors = "False"
max_md_steps = "100"
max_scf_steps = "200"
non_local_block_size = "4000"
potential_acceleration_constant_step = "1.5"
processor_grid = "4 4 13"
rms_convergence_criterion = "1e-08"
scalapack_block_factor = "64"
start_mode = "LCAO Start"
state_block_size = "64"
stress = "True"
subdiag_driver = "scalapack"
test_energy_tolerance = "1e-05"
use_async_allreduce = "False"
vdw_corr = "DFT-D3"
vdwdf_kernel_filepath = "/lustre/orion/world-shared/cph162/rjmorelock/rmgdft/XC/vdW_kernel_table"
wavefunction_grid = "128 128 426"
write_data_period = "50"

atomic_coordinate_type = "Absolute"
crds_units = "Angstrom"
lattice_units = "Angstrom"

lattice_vector = "
1.509735502135e+01 0.000000000000e+00 9.000000000000e-16
7.548677510485e+00 1.307469297926e+01 9.000000000000e-16
0.000000000000e+00 0.000000000000e+00 4.998930533072e+01
"
atoms = "
Nb 6.238209965600e+00 5.400983386716e+00 1.788554155317e+01 1 1 1 0.0 0.0 0.0
Nb 9.052611413252e+00 7.381492410700e+00 1.786569813521e+01 1 1 1 0.0 0.0 0.0
Nb 1.174687279637e+01 9.584030908874e+00 1.792968684984e+01 1 1 1 0.0 0.0 0.0
Nb 8.685215670221e+00 1.085881300368e+01 1.791016838000e+01 1 1 1 0.0 0.0 0.0
Nb 1.141700734626e+01 1.299326775517e+01 1.779759107919e+01 1 1 1 0.0 0.0 0.0
Nb 6.603795309491e+00 1.861351352268e+00 1.780847083368e+01 1 1 1 0.0 0.0 0.0
Nb 9.415155605265e+00 4.001906012795e+00 1.794645589814e+01 1 1 1 0.0 0.0 0.0
Nb 1.228285379543e+01 6.056639001180e+00 1.774536084673e+01 1 1 1 0.0 0.0 0.0
Nb 1.502187819878e+01 8.114643197429e+00 1.785671060316e+01 1 1 1 0.0 0.0 0.0
Nb 1.780413678076e+01 1.024838175070e+01 1.783327493915e+01 1 1 1 0.0 0.0 0.0
Nb 1.446944478937e+01 1.164889012046e+01 1.794406566955e+01 1 1 1 0.0 0.0 0.0
Nb 9.765443446204e+00 7.229775812057e-01 1.786175806022e+01 1 1 1 0.0 0.0 0.0
Nb 1.263660218648e+01 2.575529184929e+00 1.780565378369e+01 1 1 1 0.0 0.0 0.0
Nb 1.555827923527e+01 4.711222071990e+00 1.787381886316e+01 1 1 1 0.0 0.0 0.0
Nb 1.830599699971e+01 6.751130703859e+00 1.786242573007e+01 1 1 1 0.0 0.0 0.0
Nb 5.893642870918e+00 8.802928671442e+00 1.791928719352e+01 1 1 1 0.0 0.0 0.0
Nb 2.062005171650e+01 1.234251996989e+01 1.785729646113e+01 1 1 1 0.0 0.0 0.0
Nb 1.572587135638e+01 1.238658366993e+00 1.797770783367e+01 1 1 1 0.0 0.0 0.0
Nb 3.558034748681e+00 3.320222579688e+00 1.780771820694e+01 1 1 1 0.0 0.0 0.0
Nb 6.182667478275e+00 5.292549172552e+00 1.177017628527e+01 1 1 1 0.0 0.0 0.0
Nb 9.007117388790e+00 7.394474888506e+00 1.176023220879e+01 1 1 1 0.0 0.0 0.0
Nb 1.178911030541e+01 9.541740757907e+00 1.165163538676e+01 1 1 1 0.0 0.0 0.0
Nb 8.668902178678e+00 1.098105509231e+01 1.176532202282e+01 1 1 1 0.0 0.0 0.0
Nb 1.143921763022e+01 1.298471730100e+01 1.168125367489e+01 1 1 1 0.0 0.0 0.0
Nb 6.658711320795e+00 2.038746273016e+00 1.172237142574e+01 1 1 1 0.0 0.0 0.0
Nb 9.514563604326e+00 3.972519566038e+00 1.169032310505e+01 1 1 1 0.0 0.0 0.0
Nb 1.222818185844e+01 6.020451504761e+00 1.167089823642e+01 1 1 1 0.0 0.0 0.0
Nb 1.506915271193e+01 8.202688502673e+00 1.163096113912e+01 1 1 1 0.0 0.0 0.0
Nb 1.779699708026e+01 1.016620144936e+01 1.172340014155e+01 1 1 1 0.0 0.0 0.0
Nb 1.444785223850e+01 1.153085150057e+01 1.169007874959e+01 1 1 1 0.0 0.0 0.0
Nb 9.798280634095e+00 4.645471539813e-01 1.165737351581e+01 1 1 1 0.0 0.0 0.0
Nb 1.258995472606e+01 2.696230312033e+00 1.167832523987e+01 1 1 1 0.0 0.0 0.0
Nb 1.534793205470e+01 4.683821276719e+00 1.165185688897e+01 1 1 1 0.0 0.0 0.0
Nb 1.828618350422e+01 6.894363839810e+00 1.174593277168e+01 1 1 1 0.0 0.0 0.0
Nb 5.882326300904e+00 8.810909112128e+00 1.162768714401e+01 1 1 1 0.0 0.0 0.0
Nb 2.055476928029e+01 1.228231996003e+01 1.166065307668e+01 1 1 1 0.0 0.0 0.0
Nb 1.587236080142e+01 1.244119846290e+00 1.168965618784e+01 1 1 1 0.0 0.0 0.0
Nb 3.444813519668e+00 3.429785257458e+00 1.175060841828e+01 1 1 1 0.0 0.0 0.0
Bi 1.677701168656e+01 6.803129101499e+00 3.831883626486e+01 1 1 1 0.0 0.0 0.0
Bi 1.247907065377e+01 5.987270127764e+00 3.828715212496e+01 1 1 1 0.0 0.0 0.0
Bi 1.562724979707e+01 2.900741689146e+00 3.825082004481e+01 1 1 1 0.0 0.0 0.0
Bi 8.629214226697e+00 4.863801512966e+00 3.833501715206e+01 1 1 1 0.0 0.0 0.0
Bi 1.152595970877e+01 1.877922878088e+00 3.823805222721e+01 1 1 1 0.0 0.0 0.0
Bi 6.877388113831e+00 1.201355245073e+01 3.832221723024e+01 1 1 1 0.0 0.0 0.0
Bi 4.533495111815e+00 3.804756400348e+00 3.833278442898e+01 1 1 1 0.0 0.0 0.0
Bi 7.583660872257e+00 8.131903055286e-01 3.836314808832e+01 1 1 1 0.0 0.0 0.0
Bi 1.796135940927e+01 1.100009932679e+01 3.843823184479e+01 1 1 1 0.0 0.0 0.0
Bi 1.098638869435e+01 1.293283304246e+01 3.835582199793e+01 1 1 1 0.0 0.0 0.0
Bi 1.380256425980e+01 9.866310670291e+00 3.834998653546e+01 1 1 1 0.0 0.0 0.0
Bi 9.787559461077e+00 8.806769574313e+00 3.831569155036e+01 1 1 1 0.0 0.0 0.0
Bi 5.774713101468e+00 7.958554899528e+00 3.833321029737e+01 1 1 1 0.0 0.0 0.0
Bi 1.851780481469e+01 8.607327352086e+00 3.433256341531e+01 1 1 1 0.0 0.0 0.0
Bi 1.450287401277e+01 7.564895028411e+00 3.437531375437e+01 1 1 1 0.0 0.0 0.0
Bi 1.738251495786e+01 4.623204356998e+00 3.437556639044e+01 1 1 1 0.0 0.0 0.0
Bi 1.036804491284e+01 6.532497293477e+00 3.434478572883e+01 1 1 1 0.0 0.0 0.0
Bi 1.331396910148e+01 3.530035573488e+00 3.442031700793e+01 1 1 1 0.0 0.0 0.0
Bi 1.201975486822e+00 6.426778810802e-01 3.433169653500e+01 1 1 1 0.0 0.0 0.0
Bi 6.323595743633e+00 5.554293404370e+00 3.438897848272e+01 1 1 1 0.0 0.0 0.0
Bi 9.214869535356e+00 2.435177072512e+00 3.444857588392e+01 1 1 1 0.0 0.0 0.0
Bi 1.972137538654e+01 1.263911504400e+01 3.434279887839e+01 1 1 1 0.0 0.0 0.0
Bi 5.212235615893e+00 1.462011056753e+00 3.434340017504e+01 1 1 1 0.0 0.0 0.0
Bi 1.564517112699e+01 1.146434829290e+01 3.454501248807e+01 1 1 1 0.0 0.0 0.0
Bi 1.150363684406e+01 1.057627321852e+01 3.433652560750e+01 1 1 1 0.0 0.0 0.0
Bi 7.532080586556e+00 9.623946655440e+00 3.441078764412e+01 1 1 1 0.0 0.0 0.0
Bi 1.857553627817e+01 8.592801706327e+00 2.839963242413e+01 1 1 1 0.0 0.0 0.0
Bi 1.444491755661e+01 7.648183169069e+00 2.822221141396e+01 1 1 1 0.0 0.0 0.0
Bi 1.723941735465e+01 4.686825921155e+00 2.831550665669e+01 1 1 1 0.0 0.0 0.0
Bi 1.032496328297e+01 6.628602715432e+00 2.834286172691e+01 1 1 1 0.0 0.0 0.0
Bi 1.331147498038e+01 3.722119279308e+00 2.820923606813e+01 1 1 1 0.0 0.0 0.0
Bi 1.037591804917e+00 6.453875650879e-01 2.831678146622e+01 1 1 1 0.0 0.0 0.0
Bi 6.334707152147e+00 5.557399260147e+00 2.832883305889e+01 1 1 1 0.0 0.0 0.0
Bi 9.268996370470e+00 2.633361194613e+00 2.828995552135e+01 1 1 1 0.0 0.0 0.0
Bi 1.964320245842e+01 1.267740571348e+01 2.826116801175e+01 1 1 1 0.0 0.0 0.0
Bi 5.183016158078e+00 1.557184785130e+00 2.826560227716e+01 1 1 1 0.0 0.0 0.0
Bi 1.563606345282e+01 1.177051108498e+01 2.836678445719e+01 1 1 1 0.0 0.0 0.0
Bi 1.148801373561e+01 1.070799066752e+01 2.833850112612e+01 1 1 1 0.0 0.0 0.0
Bi 7.645675357568e+00 9.653336446297e+00 2.832629145638e+01 1 1 1 0.0 0.0 0.0
Bi 1.608542268493e+01 9.441235341919e+00 2.431452229574e+01 1 1 1 0.0 0.0 0.0
Bi 1.221070173702e+01 8.327139978618e+00 2.435345431660e+01 1 1 1 0.0 0.0 0.0
Bi 1.507234315134e+01 5.326724163886e+00 2.433613449832e+01 1 1 1 0.0 0.0 0.0
Bi 8.008940127487e+00 7.315055776260e+00 2.432839268018e+01 1 1 1 0.0 0.0 0.0
Bi 1.097940194078e+01 4.371941451712e+00 2.424859430902e+01 1 1 1 0.0 0.0 0.0
Bi 1.380764166188e+01 1.309305073819e+00 2.434880030932e+01 1 1 1 0.0 0.0 0.0
Bi 4.089398706727e+00 6.403033669849e+00 2.435670338016e+01 1 1 1 0.0 0.0 0.0
Bi 6.960397132169e+00 3.261156866423e+00 2.436886122839e+01 1 1 1 0.0 0.0 0.0
Bi 9.883635991772e+00 2.756994342120e-01 2.421987356185e+01 1 1 1 0.0 0.0 0.0
Bi 2.941320594373e+00 2.284904519089e+00 2.426967363180e+01 1 1 1 0.0 0.0 0.0
Bi 1.337456103528e+01 1.234158312338e+01 2.430996525983e+01 1 1 1 0.0 0.0 0.0
Bi 9.181079665102e+00 1.136302779783e+01 2.439583589478e+01 1 1 1 0.0 0.0 0.0
Bi 2.021639636866e+01 1.038545036485e+01 2.432019015992e+01 1 1 1 0.0 0.0 0.0
Se 4.312067951337e+00 4.989378140680e+00 1.003010822777e+01 1 1 1 0.0 0.0 0.0
Se 7.165761967374e+00 7.197900687192e+00 9.971858479555e+00 1 1 1 0.0 0.0 0.0
Se 9.936108559785e+00 9.215777196157e+00 9.876809212382e+00 1 1 1 0.0 0.0 0.0
Se 6.623360707135e+00 1.067003683118e+01 1.000409892783e+01 1 1 1 0.0 0.0 0.0
Se 9.488726781058e+00 1.255792429164e+01 9.981268547432e+00 1 1 1 0.0 0.0 0.0
Se 4.698058932342e+00 1.682127024800e+00 9.951438997795e+00 1 1 1 0.0 0.0 0.0
Se 7.429021797106e+00 3.759344389311e+00 1.003771199873e+01 1 1 1 0.0 0.0 0.0
Se 1.023619467543e+01 5.779648943957e+00 1.004025694490e+01 1 1 1 0.0 0.0 0.0
Se 1.289150649531e+01 7.949049043088e+00 9.994068138557e+00 1 1 1 0.0 0.0 0.0
Se 1.578314603222e+01 9.859623414829e+00 9.952478674874e+00 1 1 1 0.0 0.0 0.0
Se 1.256992871070e+01 1.122269401158e+01 9.984021731089e+00 1 1 1 0.0 0.0 0.0
Se 7.895110560169e+00 3.408739413959e-01 9.864988326598e+00 1 1 1 0.0 0.0 0.0
Se 1.051387135540e+01 2.404171041985e+00 1.003143428316e+01 1 1 1 0.0 0.0 0.0
Se 1.337456946515e+01 4.477243307055e+00 9.968065264476e+00 1 1 1 0.0 0.0 0.0
Se 1.621957149704e+01 6.575629933033e+00 1.002569994673e+01 1 1 1 0.0 0.0 0.0
Se 1.892636534513e+01 8.468551714247e+00 9.935156649831e+00 1 1 1 0.0 0.0 0.0
Se 1.864117846217e+01 1.207766921072e+01 9.923183558612e+00 1 1 1 0.0 0.0 0.0
Se 1.378944173303e+01 9.537686848909e-01 9.947961315388e+00 1 1 1 0.0 0.0 0.0
Se 1.656797654826e+01 3.076380646901e+00 9.915354264944e+00 1 1 1 0.0 0.0 0.0
Se 5.070684377642e+00 6.899772045385e+00 1.615463168340e+01 1 1 1 0.0 0.0 0.0
Se 7.840984640970e+00 8.968640614829e+00 1.609236891902e+01 1 1 1 0.0 0.0 0.0
Se 1.055405020605e+01 1.103440753431e+01 1.614636384318e+01 1 1 1 0.0 0.0 0.0
Se 7.484865083648e+00 1.249322673857e+01 1.608524481934e+01 1 1 1 0.0 0.0 0.0
Se 2.721940241836e+00 1.486281913897e+00 1.615355587168e+01 1 1 1 0.0 0.0 0.0
Se 5.397663057656e+00 3.517032405288e+00 1.612198280221e+01 1 1 1 0.0 0.0 0.0
Se 8.187491685361e+00 5.629707764123e+00 1.601755553861e+01 1 1 1 0.0 0.0 0.0
Se 1.109473661337e+01 7.651479713843e+00 1.625635521838e+01 1 1 1 0.0 0.0 0.0
Se 1.380637408890e+01 9.724166323930e+00 1.602709697164e+01 1 1 1 0.0 0.0 0.0
Se 1.649067406355e+01 1.183693094406e+01 1.600578029975e+01 1 1 1 0.0 0.0 0.0
Se 5.813049225628e+00 8.433727446942e-02 1.613131905448e+01 1 1 1 0.0 0.0 0.0
Se 8.610533145406e+00 2.223329373456e+00 1.621720768719e+01 1 1 1 0.0 0.0 0.0
Se 1.139696685622e+01 4.121380677100e+00 1.615081536937e+01 1 1 1 0.0 0.0 0.0
Se 1.427403654631e+01 6.224542209574e+00 1.612337163702e+01 1 1 1 0.0 0.0 0.0
Se 1.710900515712e+01 8.311410510809e+00 1.611388954641e+01 1 1 1 0.0 0.0 0.0
Se 1.970914484875e+01 1.038263718249e+01 1.610868736894e+01 1 1 1 0.0 0.0 0.0
Se 1.174382219470e+01 7.828498308685e-01 1.627129033906e+01 1 1 1 0.0 0.0 0.0
Se 1.461522624997e+01 2.988947906076e+00 1.608763451899e+01 1 1 1 0.0 0.0 0.0
Se 1.735234944044e+01 4.879208049891e+00 1.607868746718e+01 1 1 1 0.0 0.0 0.0
Se 4.285727049876e+00 5.019680841440e+00 1.334280080020e+01 1 1 1 0.0 0.0 0.0
Se 7.028873990426e+00 7.197343354964e+00 1.333774036306e+01 1 1 1 0.0 0.0 0.0
Se 9.705659959622e+00 9.273580225692e+00 1.339543280166e+01 1 1 1 0.0 0.0 0.0
Se 6.692926940969e+00 1.058748980695e+01 1.334436537820e+01 1 1 1 0.0 0.0 0.0
Se 9.393107091441e+00 1.277874439989e+01 1.326421275574e+01 1 1 1 0.0 0.0 0.0
Se 4.553665226605e+00 1.637490030385e+00 1.347612689856e+01 1 1 1 0.0 0.0 0.0
Se 7.399937962945e+00 3.727062237530e+00 1.342095995800e+01 1 1 1 0.0 0.0 0.0
Se 1.020934307971e+01 5.813928469863e+00 1.335029735487e+01 1 1 1 0.0 0.0 0.0
Se 1.300152493485e+01 7.787951968357e+00 1.318458427177e+01 1 1 1 0.0 0.0 0.0
Se 1.568292793905e+01 1.006652687489e+01 1.328361011673e+01 1 1 1 0.0 0.0 0.0
Se 1.259742876700e+01 1.136861438836e+01 1.337364385026e+01 1 1 1 0.0 0.0 0.0
Se 7.847195157241e+00 2.953356266420e-01 1.340884294699e+01 1 1 1 0.0 0.0 0.0
Se 1.071316016640e+01 2.329566766973e+00 1.328737390386e+01 1 1 1 0.0 0.0 0.0
Se 1.340734868593e+01 4.380112262829e+00 1.330569917536e+01 1 1 1 0.0 0.0 0.0
Se 1.606497156360e+01 6.495588605194e+00 1.329965639992e+01 1 1 1 0.0 0.0 0.0
Se 1.894994774598e+01 8.531665849509e+00 1.349618589806e+01 1 1 1 0.0 0.0 0.0
Se 1.848764964314e+01 1.202713267752e+01 1.333267095183e+01 1 1 1 0.0 0.0 0.0
Se 1.384277946647e+01 1.019255144548e+00 1.342956915271e+01 1 1 1 0.0 0.0 0.0
Se 1.663282951937e+01 3.002940745093e+00 1.325206196275e+01 1 1 1 0.0 0.0 0.0
Se 5.186558550859e+00 6.859804288431e+00 1.951714367502e+01 1 1 1 0.0 0.0 0.0
Se 7.818302545215e+00 9.010404466938e+00 1.950086211620e+01 1 1 1 0.0 0.0 0.0
Se 1.068495213413e+01 1.106586144034e+01 1.949915611661e+01 1 1 1 0.0 0.0 0.0
Se 7.438026239556e+00 1.234581482978e+01 1.948087008529e+01 1 1 1 0.0 0.0 0.0
Se 2.813528918920e+00 1.488076871253e+00 1.942150350753e+01 1 1 1 0.0 0.0 0.0
Se 5.497027623989e+00 3.440278062558e+00 1.954798075615e+01 1 1 1 0.0 0.0 0.0
Se 8.218702756610e+00 5.557180664719e+00 1.951849105318e+01 1 1 1 0.0 0.0 0.0
Se 1.110446942106e+01 7.560831522708e+00 1.952753382905e+01 1 1 1 0.0 0.0 0.0
Se 1.376426115637e+01 9.710905586622e+00 1.944055885459e+01 1 1 1 0.0 0.0 0.0
Se 1.662935633355e+01 1.189807784184e+01 1.938834317913e+01 1 1 1 0.0 0.0 0.0
Se 5.881760613546e+00 1.666143283696e-01 1.952308729320e+01 1 1 1 0.0 0.0 0.0
Se 8.699907898216e+00 2.270763548607e+00 1.952779869768e+01 1 1 1 0.0 0.0 0.0
Se 1.134756414483e+01 4.192011571498e+00 1.956684295165e+01 1 1 1 0.0 0.0 0.0
Se 1.421557290262e+01 6.284647756751e+00 1.964726475693e+01 1 1 1 0.0 0.0 0.0
Se 1.692912658439e+01 8.428545917875e+00 1.953580543668e+01 1 1 1 0.0 0.0 0.0
Se 1.969954261105e+01 1.036896264031e+01 1.952439825363e+01 1 1 1 0.0 0.0 0.0
Se 1.170232380856e+01 7.803770090161e-01 1.955069766921e+01 1 1 1 0.0 0.0 0.0
Se 1.454373563440e+01 2.946241505840e+00 1.956757667727e+01 1 1 1 0.0 0.0 0.0
Se 1.728389963518e+01 4.813551658891e+00 1.944973160534e+01 1 1 1 0.0 0.0 0.0
Se 1.839625702452e+01 8.727884908049e+00 4.002662674630e+01 1 1 1 0.0 0.0 0.0
Se 1.433311886680e+01 7.455054720865e+00 4.000904834973e+01 1 1 1 0.0 0.0 0.0
Se 1.739884431614e+01 4.673544836469e+00 4.002441010768e+01 1 1 1 0.0 0.0 0.0
Se 1.028221425378e+01 6.562888207315e+00 4.009120805235e+01 1 1 1 0.0 0.0 0.0
Se 1.324600306203e+01 3.575672686196e+00 4.005146990762e+01 1 1 1 0.0 0.0 0.0
Se 1.192111849342e+00 5.152397602791e-01 3.999032842761e+01 1 1 1 0.0 0.0 0.0
Se 6.219604612905e+00 5.507283625278e+00 4.003713698234e+01 1 1 1 0.0 0.0 0.0
Se 9.197388378706e+00 2.396603394550e+00 4.001188380505e+01 1 1 1 0.0 0.0 0.0
Se 1.959856799875e+01 1.263427055331e+01 3.996538418685e+01 1 1 1 0.0 0.0 0.0
Se 5.165111901863e+00 1.520790752354e+00 4.002279421592e+01 1 1 1 0.0 0.0 0.0
Se 1.554662203404e+01 1.160942122583e+01 3.999828652558e+01 1 1 1 0.0 0.0 0.0
Se 1.147002126877e+01 1.066282710594e+01 3.996000468459e+01 1 1 1 0.0 0.0 0.0
Se 7.429090781817e+00 9.578685682231e+00 3.996304528442e+01 1 1 1 0.0 0.0 0.0
Se 1.616518305753e+01 9.301942634055e+00 3.639291465090e+01 1 1 1 0.0 0.0 0.0
Se 1.208703333844e+01 8.230168335082e+00 3.638788771219e+01 1 1 1 0.0 0.0 0.0
Se 1.498967911837e+01 5.171053704034e+00 3.635695399341e+01 1 1 1 0.0 0.0 0.0
Se 7.984431984797e+00 7.195457552047e+00 3.628921668937e+01 1 1 1 0.0 0.0 0.0
Se 1.095771198035e+01 4.203818153070e+00 3.638841074689e+01 1 1 1 0.0 0.0 0.0
Se 1.388697234877e+01 1.195533421673e+00 3.637201810928e+01 1 1 1 0.0 0.0 0.0
Se 4.040358478345e+00 6.175600721525e+00 3.634038878439e+01 1 1 1 0.0 0.0 0.0
Se 6.826889931380e+00 3.274945802704e+00 3.637206899639e+01 1 1 1 0.0 0.0 0.0
Se 9.682911032040e+00 2.557614601455e-01 3.646371022723e+01 1 1 1 0.0 0.0 0.0
Se 2.739081959217e+00 2.167897922807e+00 3.626410463492e+01 1 1 1 0.0 0.0 0.0
Se 1.338273474566e+01 1.237906552207e+01 3.631610770649e+01 1 1 1 0.0 0.0 0.0
Se 9.176361015569e+00 1.127770758997e+01 3.644101839831e+01 1 1 1 0.0 0.0 0.0
Se 2.025336643915e+01 1.023555550913e+01 3.632903131573e+01 1 1 1 0.0 0.0 0.0
Se 1.687452591597e+01 6.938590067866e+00 3.269471438297e+01 1 1 1 0.0 0.0 0.0
Se 1.265246581300e+01 5.836465335469e+00 3.269109766819e+01 1 1 1 0.0 0.0 0.0
Se 1.567334269644e+01 2.937732005236e+00 3.272642654685e+01 1 1 1 0.0 0.0 0.0
Se 8.719166530115e+00 5.049949646210e+00 3.269457185533e+01 1 1 1 0.0 0.0 0.0
Se 1.150685906088e+01 1.939813775449e+00 3.269880070225e+01 1 1 1 0.0 0.0 0.0
Se 6.934386038561e+00 1.204675403079e+01 3.267417448152e+01 1 1 1 0.0 0.0 0.0
Se 4.479522257732e+00 3.864824406468e+00 3.273356901205e+01 1 1 1 0.0 0.0 0.0
Se 7.474790360751e+00 9.466624533200e-01 3.271362567229e+01 1 1 1 0.0 0.0 0.0
Se 1.800593780254e+01 1.086284743195e+01 3.270547794906e+01 1 1 1 0.0 0.0 0.0
Se 1.100100764463e+01 1.296489962176e+01 3.270776055483e+01 1 1 1 0.0 0.0 0.0
Se 1.384684421308e+01 9.915271229761e+00 3.269129039827e+01 1 1 1 0.0 0.0 0.0
Se 9.819643102731e+00 8.909329707590e+00 3.277741858229e+01 1 1 1 0.0 0.0 0.0
Se 5.669559418022e+00 7.978036855016e+00 3.271579835768e+01 1 1 1 0.0 0.0 0.0
Se 1.625131990066e+01 9.280525961152e+00 2.992885258674e+01 1 1 1 0.0 0.0 0.0
Se 1.204961194371e+01 8.303083555587e+00 3.001301438775e+01 1 1 1 0.0 0.0 0.0
Se 1.496414905192e+01 5.212675354278e+00 3.000061766567e+01 1 1 1 0.0 0.0 0.0
Se 8.013586336367e+00 7.398884292479e+00 2.994195993322e+01 1 1 1 0.0 0.0 0.0
Se 1.100109443004e+01 4.425339789227e+00 3.003777686648e+01 1 1 1 0.0 0.0 0.0
Se 1.390316798525e+01 1.366054562856e+00 2.991711662530e+01 1 1 1 0.0 0.0 0.0
Se 3.987186095614e+00 6.307018741304e+00 2.995821504105e+01 1 1 1 0.0 0.0 0.0
Se 6.919783779239e+00 3.204483996245e+00 2.997152799798e+01 1 1 1 0.0 0.0 0.0
Se 9.923646827341e+00 2.765998098134e-01 2.985151930113e+01 1 1 1 0.0 0.0 0.0
Se 2.891380058395e+00 2.387339903290e+00 2.988717959892e+01 1 1 1 0.0 0.0 0.0
Se 1.340614100985e+01 1.227597695702e+01 3.000364827416e+01 1 1 1 0.0 0.0 0.0
Se 9.241116506906e+00 1.140822996658e+01 2.997993632896e+01 1 1 1 0.0 0.0 0.0
Se 2.023897923371e+01 1.039930885265e+01 2.986168528637e+01 1 1 1 0.0 0.0 0.0
Se 1.677677649095e+01 7.041028701000e+00 2.631100218976e+01 1 1 1 0.0 0.0 0.0
Se 1.256966289062e+01 5.911550856256e+00 2.621540608604e+01 1 1 1 0.0 0.0 0.0
Se 1.559921924582e+01 2.930070020897e+00 2.629993265912e+01 1 1 1 0.0 0.0 0.0
Se 8.651073963357e+00 4.937454661312e+00 2.635872170228e+01 1 1 1 0.0 0.0 0.0
Se 1.154444418718e+01 1.935056377209e+00 2.634817505471e+01 1 1 1 0.0 0.0 0.0
Se 2.193544868794e+01 1.199890194620e+01 2.639006415622e+01 1 1 1 0.0 0.0 0.0
Se 4.636614588495e+00 3.862261233613e+00 2.634308345122e+01 1 1 1 0.0 0.0 0.0
Se 7.399915004596e+00 9.165304554209e-01 2.637579395736e+01 1 1 1 0.0 0.0 0.0
Se 1.806400667341e+01 1.091745010986e+01 2.639028844325e+01 1 1 1 0.0 0.0 0.0
Se 1.094610414123e+01 1.298947446884e+01 2.634133891418e+01 1 1 1 0.0 0.0 0.0
Se 1.394084658318e+01 9.983375546297e+00 2.634271211963e+01 1 1 1 0.0 0.0 0.0
Se 9.854185501997e+00 8.841923867415e+00 2.641062591971e+01 1 1 1 0.0 0.0 0.0
Se 5.781549698823e+00 8.037486735527e+00 2.647962778039e+01 1 1 1 0.0 0.0 0.0
Se 1.853803123702e+01 8.642441837247e+00 2.274217279217e+01 1 1 1 0.0 0.0 0.0
Se 1.453743396702e+01 7.715882734395e+00 2.265921708496e+01 1 1 1 0.0 0.0 0.0
Se 1.736598299099e+01 4.690759845726e+00 2.273857836791e+01 1 1 1 0.0 0.0 0.0
Se 1.034399078104e+01 6.674992740760e+00 2.273571540615e+01 1 1 1 0.0 0.0 0.0
Se 1.321642806127e+01 3.640013311062e+00 2.266718670565e+01 1 1 1 0.0 0.0 0.0
Se 1.144545354254e+00 5.347713965850e-01 2.266399707767e+01 1 1 1 0.0 0.0 0.0
Se 6.177732846252e+00 5.660452051083e+00 2.280241930175e+01 1 1 1 0.0 0.0 0.0
Se 9.135301616578e+00 2.616441229392e+00 2.277659181372e+01 1 1 1 0.0 0.0 0.0
Se 1.961759985193e+01 1.268813116457e+01 2.266687450800e+01 1 1 1 0.0 0.0 0.0
Se 5.071824894683e+00 1.673655168930e+00 2.269735152868e+01 1 1 1 0.0 0.0 0.0
Se 1.562538400997e+01 1.159826461698e+01 2.275360236951e+01 1 1 1 0.0 0.0 0.0
Se 1.154522725110e+01 1.071993420344e+01 2.275242604158e+01 1 1 1 0.0 0.0 0.0
Se 7.564969943655e+00 9.596437792188e+00 2.271932363206e+01 1 1 1 0.0 0.0 0.0
"