calculation_mode = "Quench Electrons"
cell_relax = "False"
charge_density_mixing = "0.15"
charge_mixing_type = "Broyden"
description = "Example parameters for high-throughput bulk relaxation of a vdW material"
dipole_moment = "True"
dos_broading = "0.05"
dos_method = "Gaussian"
energy_convergence_criterion = "1e-08"
energy_output_units = "Hartrees"
kohn_sham_mucycles = "3"
kohn_sham_solver = "davidson"
kpoint_distribution = "1"
kpoint_mesh = "1 1 1"
localize_projectors = "False"
max_md_steps = "100"
max_scf_steps = "200"
non_local_block_size = "4000"
output_wave_function_file = "/dev/null"
potential_acceleration_constant_step = "1.5"
processor_grid = "10 8 14"
rms_convergence_criterion = "1e-08"
scalapack_block_factor = "64"
start_mode = "LCAO Start"
state_block_size = "64"
stress = "True"
subdiag_driver = "scalapack"
test_energy_tolerance = "1e-05"
use_async_allreduce = "False"
vdw_corr = "DFT-D3"
vdwdf_kernel_filepath = "/lustre/orion/world-shared/cph162/rjmorelock/rmgdft/XC/vdW_kernel_table"
wavefunction_grid = "256 256 426"
write_data_period = "50"

atomic_coordinate_type = "Absolute"
crds_units = "Angstrom"
lattice_units = "Angstrom"

lattice_vector = "
2.999540284779e+01 0.000000000000e+00 1.800000000000e-15
1.499770142390e+01 2.597678086460e+01 1.800000000000e-15
0.000000000000e+00 0.000000000000e+00 4.998930533072e+01
"
atoms = "
Nb 1.303535307222e+01 1.835340565796e+01 1.782833092694e+01 1 1 1 0.0 0.0 0.0
Nb 1.603489335700e+01 2.008519104893e+01 1.782833092694e+01 1 1 1 0.0 0.0 0.0
Nb 1.903443364178e+01 2.181697643990e+01 1.782833092694e+01 1 1 1 0.0 0.0 0.0
Nb 1.003581278744e+01 1.315804948504e+01 1.782833092694e+01 1 1 1 0.0 0.0 0.0
Nb 1.303535307222e+01 1.488983487601e+01 1.782833092694e+01 1 1 1 0.0 0.0 0.0
Nb 1.603489335700e+01 1.662162026698e+01 1.782833092694e+01 1 1 1 0.0 0.0 0.0
Nb 1.903443364178e+01 1.835340565796e+01 1.782833092694e+01 1 1 1 0.0 0.0 0.0
Nb 2.203397392656e+01 2.008519104893e+01 1.782833092694e+01 1 1 1 0.0 0.0 0.0
Nb 2.503351421134e+01 2.181697643990e+01 1.782833092694e+01 1 1 1 0.0 0.0 0.0
Nb 7.036272502665e+00 7.962693312116e+00 1.782833092694e+01 1 1 1 0.0 0.0 0.0
Nb 1.003581278744e+01 9.694478703090e+00 1.782833092694e+01 1 1 1 0.0 0.0 0.0
Nb 1.303535307222e+01 1.142626409406e+01 1.782833092694e+01 1 1 1 0.0 0.0 0.0
Nb 1.603489335700e+01 1.315804948504e+01 1.782833092694e+01 1 1 1 0.0 0.0 0.0
Nb 1.903443364178e+01 1.488983487601e+01 1.782833092694e+01 1 1 1 0.0 0.0 0.0
Nb 2.203397392656e+01 1.662162026698e+01 1.782833092694e+01 1 1 1 0.0 0.0 0.0
Nb 2.503351421134e+01 1.835340565796e+01 1.782833092694e+01 1 1 1 0.0 0.0 0.0
Nb 2.803305449612e+01 2.008519104893e+01 1.782833092694e+01 1 1 1 0.0 0.0 0.0
Nb 3.103259478090e+01 2.181697643990e+01 1.782833092694e+01 1 1 1 0.0 0.0 0.0
Nb 4.036732217886e+00 2.767337139197e+00 1.782833092694e+01 1 1 1 0.0 0.0 0.0
Nb 7.036272502665e+00 4.499122530170e+00 1.782833092694e+01 1 1 1 0.0 0.0 0.0
Nb 1.003581278744e+01 6.230907921143e+00 1.782833092694e+01 1 1 1 0.0 0.0 0.0
Nb 1.303535307222e+01 7.962693312116e+00 1.782833092694e+01 1 1 1 0.0 0.0 0.0
Nb 1.603489335700e+01 9.694478703090e+00 1.782833092694e+01 1 1 1 0.0 0.0 0.0
Nb 1.903443364178e+01 1.142626409406e+01 1.782833092694e+01 1 1 1 0.0 0.0 0.0
Nb 2.203397392656e+01 1.315804948504e+01 1.782833092694e+01 1 1 1 0.0 0.0 0.0
Nb 2.503351421134e+01 1.488983487601e+01 1.782833092694e+01 1 1 1 0.0 0.0 0.0
Nb 2.803305449612e+01 1.662162026698e+01 1.782833092694e+01 1 1 1 0.0 0.0 0.0
Nb 3.103259478090e+01 1.835340565796e+01 1.782833092694e+01 1 1 1 0.0 0.0 0.0
Nb 3.403213506568e+01 2.008519104893e+01 1.782833092694e+01 1 1 1 0.0 0.0 0.0
Nb 3.703167535046e+01 2.181697643990e+01 1.782833092694e+01 1 1 1 0.0 0.0 0.0
Nb 1.603489335700e+01 2.354876183088e+01 1.782833092694e+01 1 1 1 0.0 0.0 0.0
Nb 1.903443364178e+01 2.528054722185e+01 1.782833092694e+01 1 1 1 0.0 0.0 0.0
Nb 7.036272502665e+00 1.035551748223e+00 1.782833092694e+01 1 1 1 0.0 0.0 0.0
Nb 1.003581278744e+01 2.767337139197e+00 1.782833092694e+01 1 1 1 0.0 0.0 0.0
Nb 1.303535307222e+01 4.499122530170e+00 1.782833092694e+01 1 1 1 0.0 0.0 0.0
Nb 1.603489335700e+01 6.230907921143e+00 1.782833092694e+01 1 1 1 0.0 0.0 0.0
Nb 1.903443364178e+01 7.962693312116e+00 1.782833092694e+01 1 1 1 0.0 0.0 0.0
Nb 2.203397392656e+01 9.694478703090e+00 1.782833092694e+01 1 1 1 0.0 0.0 0.0
Nb 2.503351421134e+01 1.142626409406e+01 1.782833092694e+01 1 1 1 0.0 0.0 0.0
Nb 2.803305449612e+01 1.315804948504e+01 1.782833092694e+01 1 1 1 0.0 0.0 0.0
Nb 3.103259478090e+01 1.488983487601e+01 1.782833092694e+01 1 1 1 0.0 0.0 0.0
Nb 3.403213506568e+01 1.662162026698e+01 1.782833092694e+01 1 1 1 0.0 0.0 0.0
Nb 3.703167535046e+01 1.835340565796e+01 1.782833092694e+01 1 1 1 0.0 0.0 0.0
Nb 4.003121563524e+01 2.008519104893e+01 1.782833092694e+01 1 1 1 0.0 0.0 0.0
Nb 1.303535307222e+01 2.181697643990e+01 1.782833092694e+01 1 1 1 0.0 0.0 0.0
Nb 2.203397392656e+01 2.354876183088e+01 1.782833092694e+01 1 1 1 0.0 0.0 0.0
Nb 2.503351421134e+01 2.528054722185e+01 1.782833092694e+01 1 1 1 0.0 0.0 0.0
Nb 1.303535307222e+01 1.035551748223e+00 1.782833092694e+01 1 1 1 0.0 0.0 0.0
Nb 1.603489335700e+01 2.767337139197e+00 1.782833092694e+01 1 1 1 0.0 0.0 0.0
Nb 1.903443364178e+01 4.499122530170e+00 1.782833092694e+01 1 1 1 0.0 0.0 0.0
Nb 2.203397392656e+01 6.230907921143e+00 1.782833092694e+01 1 1 1 0.0 0.0 0.0
Nb 2.503351421134e+01 7.962693312116e+00 1.782833092694e+01 1 1 1 0.0 0.0 0.0
Nb 2.803305449612e+01 9.694478703090e+00 1.782833092694e+01 1 1 1 0.0 0.0 0.0
Nb 3.103259478090e+01 1.142626409406e+01 1.782833092694e+01 1 1 1 0.0 0.0 0.0
Nb 3.403213506568e+01 1.315804948504e+01 1.782833092694e+01 1 1 1 0.0 0.0 0.0
Nb 3.703167535046e+01 1.488983487601e+01 1.782833092694e+01 1 1 1 0.0 0.0 0.0
Nb 1.003581278744e+01 1.662162026698e+01 1.782833092694e+01 1 1 1 0.0 0.0 0.0
Nb 2.803305449612e+01 2.354876183088e+01 1.782833092694e+01 1 1 1 0.0 0.0 0.0
Nb 3.103259478090e+01 2.528054722185e+01 1.782833092694e+01 1 1 1 0.0 0.0 0.0
Nb 1.903443364178e+01 1.035551748223e+00 1.782833092694e+01 1 1 1 0.0 0.0 0.0
Nb 2.203397392656e+01 2.767337139197e+00 1.782833092694e+01 1 1 1 0.0 0.0 0.0
Nb 2.503351421134e+01 4.499122530170e+00 1.782833092694e+01 1 1 1 0.0 0.0 0.0
Nb 2.803305449612e+01 6.230907921143e+00 1.782833092694e+01 1 1 1 0.0 0.0 0.0
Nb 3.103259478090e+01 7.962693312116e+00 1.782833092694e+01 1 1 1 0.0 0.0 0.0
Nb 3.403213506568e+01 9.694478703090e+00 1.782833092694e+01 1 1 1 0.0 0.0 0.0
Nb 7.036272502665e+00 1.142626409406e+01 1.782833092694e+01 1 1 1 0.0 0.0 0.0
Nb 3.403213506568e+01 2.354876183088e+01 1.782833092694e+01 1 1 1 0.0 0.0 0.0
Nb 3.703167535046e+01 2.528054722185e+01 1.782833092694e+01 1 1 1 0.0 0.0 0.0
Nb 2.503351421134e+01 1.035551748223e+00 1.782833092694e+01 1 1 1 0.0 0.0 0.0
Nb 2.803305449612e+01 2.767337139197e+00 1.782833092694e+01 1 1 1 0.0 0.0 0.0
Nb 3.103259478090e+01 4.499122530170e+00 1.782833092694e+01 1 1 1 0.0 0.0 0.0
Nb 4.036732217886e+00 6.230907921143e+00 1.782833092694e+01 1 1 1 0.0 0.0 0.0
Nb 4.003121563524e+01 2.354876183088e+01 1.782833092694e+01 1 1 1 0.0 0.0 0.0
Nb 4.303075592002e+01 2.528054722185e+01 1.782833092694e+01 1 1 1 0.0 0.0 0.0
Nb 1.037191933107e+00 1.035551748223e+00 1.782833092694e+01 1 1 1 0.0 0.0 0.0
Nb 1.304108231555e+01 1.834544799632e+01 1.168208868332e+01 1 1 1 0.0 0.0 0.0
Nb 1.604062260032e+01 2.007723338729e+01 1.168208868332e+01 1 1 1 0.0 0.0 0.0
Nb 1.904016288510e+01 2.180901877827e+01 1.168208868332e+01 1 1 1 0.0 0.0 0.0
Nb 1.004154203077e+01 1.315009182340e+01 1.168208868332e+01 1 1 1 0.0 0.0 0.0
Nb 1.304108231555e+01 1.488187721437e+01 1.168208868332e+01 1 1 1 0.0 0.0 0.0
Nb 1.604062260032e+01 1.661366260535e+01 1.168208868332e+01 1 1 1 0.0 0.0 0.0
Nb 1.904016288510e+01 1.834544799632e+01 1.168208868332e+01 1 1 1 0.0 0.0 0.0
Nb 2.203970316988e+01 2.007723338729e+01 1.168208868332e+01 1 1 1 0.0 0.0 0.0
Nb 2.503924345466e+01 2.180901877827e+01 1.168208868332e+01 1 1 1 0.0 0.0 0.0
Nb 7.042001745987e+00 7.954735650482e+00 1.168208868332e+01 1 1 1 0.0 0.0 0.0
Nb 1.004154203077e+01 9.686521041455e+00 1.168208868332e+01 1 1 1 0.0 0.0 0.0
Nb 1.304108231555e+01 1.141830643243e+01 1.168208868332e+01 1 1 1 0.0 0.0 0.0
Nb 1.604062260032e+01 1.315009182340e+01 1.168208868332e+01 1 1 1 0.0 0.0 0.0
Nb 1.904016288510e+01 1.488187721437e+01 1.168208868332e+01 1 1 1 0.0 0.0 0.0
Nb 2.203970316988e+01 1.661366260535e+01 1.168208868332e+01 1 1 1 0.0 0.0 0.0
Nb 2.503924345466e+01 1.834544799632e+01 1.168208868332e+01 1 1 1 0.0 0.0 0.0
Nb 2.803878373944e+01 2.007723338729e+01 1.168208868332e+01 1 1 1 0.0 0.0 0.0
Nb 3.103832402422e+01 2.180901877827e+01 1.168208868332e+01 1 1 1 0.0 0.0 0.0
Nb 4.042461461208e+00 2.759379477562e+00 1.168208868332e+01 1 1 1 0.0 0.0 0.0
Nb 7.042001745987e+00 4.491164868535e+00 1.168208868332e+01 1 1 1 0.0 0.0 0.0
Nb 1.004154203077e+01 6.222950259508e+00 1.168208868332e+01 1 1 1 0.0 0.0 0.0
Nb 1.304108231555e+01 7.954735650482e+00 1.168208868332e+01 1 1 1 0.0 0.0 0.0
Nb 1.604062260032e+01 9.686521041455e+00 1.168208868332e+01 1 1 1 0.0 0.0 0.0
Nb 1.904016288510e+01 1.141830643243e+01 1.168208868332e+01 1 1 1 0.0 0.0 0.0
Nb 2.203970316988e+01 1.315009182340e+01 1.168208868332e+01 1 1 1 0.0 0.0 0.0
Nb 2.503924345466e+01 1.488187721437e+01 1.168208868332e+01 1 1 1 0.0 0.0 0.0
Nb 2.803878373944e+01 1.661366260535e+01 1.168208868332e+01 1 1 1 0.0 0.0 0.0
Nb 3.103832402422e+01 1.834544799632e+01 1.168208868332e+01 1 1 1 0.0 0.0 0.0
Nb 3.403786430900e+01 2.007723338729e+01 1.168208868332e+01 1 1 1 0.0 0.0 0.0
Nb 3.703740459378e+01 2.180901877827e+01 1.168208868332e+01 1 1 1 0.0 0.0 0.0
Nb 1.604062260032e+01 2.354080416924e+01 1.168208868332e+01 1 1 1 0.0 0.0 0.0
Nb 1.904016288510e+01 2.527258956021e+01 1.168208868332e+01 1 1 1 0.0 0.0 0.0
Nb 7.042001745987e+00 1.027594086588e+00 1.168208868332e+01 1 1 1 0.0 0.0 0.0
Nb 1.004154203077e+01 2.759379477562e+00 1.168208868332e+01 1 1 1 0.0 0.0 0.0
Nb 1.304108231555e+01 4.491164868535e+00 1.168208868332e+01 1 1 1 0.0 0.0 0.0
Nb 1.604062260032e+01 6.222950259508e+00 1.168208868332e+01 1 1 1 0.0 0.0 0.0
Nb 1.904016288510e+01 7.954735650482e+00 1.168208868332e+01 1 1 1 0.0 0.0 0.0
Nb 2.203970316988e+01 9.686521041455e+00 1.168208868332e+01 1 1 1 0.0 0.0 0.0
Nb 2.503924345466e+01 1.141830643243e+01 1.168208868332e+01 1 1 1 0.0 0.0 0.0
Nb 2.803878373944e+01 1.315009182340e+01 1.168208868332e+01 1 1 1 0.0 0.0 0.0
Nb 3.103832402422e+01 1.488187721437e+01 1.168208868332e+01 1 1 1 0.0 0.0 0.0
Nb 3.403786430900e+01 1.661366260535e+01 1.168208868332e+01 1 1 1 0.0 0.0 0.0
Nb 3.703740459378e+01 1.834544799632e+01 1.168208868332e+01 1 1 1 0.0 0.0 0.0
Nb 4.003694487856e+01 2.007723338729e+01 1.168208868332e+01 1 1 1 0.0 0.0 0.0
Nb 1.304108231555e+01 2.180901877827e+01 1.168208868332e+01 1 1 1 0.0 0.0 0.0
Nb 2.203970316988e+01 2.354080416924e+01 1.168208868332e+01 1 1 1 0.0 0.0 0.0
Nb 2.503924345466e+01 2.527258956021e+01 1.168208868332e+01 1 1 1 0.0 0.0 0.0
Nb 1.304108231555e+01 1.027594086588e+00 1.168208868332e+01 1 1 1 0.0 0.0 0.0
Nb 1.604062260032e+01 2.759379477562e+00 1.168208868332e+01 1 1 1 0.0 0.0 0.0
Nb 1.904016288510e+01 4.491164868535e+00 1.168208868332e+01 1 1 1 0.0 0.0 0.0
Nb 2.203970316988e+01 6.222950259508e+00 1.168208868332e+01 1 1 1 0.0 0.0 0.0
Nb 2.503924345466e+01 7.954735650482e+00 1.168208868332e+01 1 1 1 0.0 0.0 0.0
Nb 2.803878373944e+01 9.686521041455e+00 1.168208868332e+01 1 1 1 0.0 0.0 0.0
Nb 3.103832402422e+01 1.141830643243e+01 1.168208868332e+01 1 1 1 0.0 0.0 0.0
Nb 3.403786430900e+01 1.315009182340e+01 1.168208868332e+01 1 1 1 0.0 0.0 0.0
Nb 3.703740459378e+01 1.488187721437e+01 1.168208868332e+01 1 1 1 0.0 0.0 0.0
Nb 1.004154203077e+01 1.661366260535e+01 1.168208868332e+01 1 1 1 0.0 0.0 0.0
Nb 2.803878373944e+01 2.354080416924e+01 1.168208868332e+01 1 1 1 0.0 0.0 0.0
Nb 3.103832402422e+01 2.527258956021e+01 1.168208868332e+01 1 1 1 0.0 0.0 0.0
Nb 1.904016288510e+01 1.027594086588e+00 1.168208868332e+01 1 1 1 0.0 0.0 0.0
Nb 2.203970316988e+01 2.759379477562e+00 1.168208868332e+01 1 1 1 0.0 0.0 0.0
Nb 2.503924345466e+01 4.491164868535e+00 1.168208868332e+01 1 1 1 0.0 0.0 0.0
Nb 2.803878373944e+01 6.222950259508e+00 1.168208868332e+01 1 1 1 0.0 0.0 0.0
Nb 3.103832402422e+01 7.954735650482e+00 1.168208868332e+01 1 1 1 0.0 0.0 0.0
Nb 3.403786430900e+01 9.686521041455e+00 1.168208868332e+01 1 1 1 0.0 0.0 0.0
Nb 7.042001745987e+00 1.141830643243e+01 1.168208868332e+01 1 1 1 0.0 0.0 0.0
Nb 3.403786430900e+01 2.354080416924e+01 1.168208868332e+01 1 1 1 0.0 0.0 0.0
Nb 3.703740459378e+01 2.527258956021e+01 1.168208868332e+01 1 1 1 0.0 0.0 0.0
Nb 2.503924345466e+01 1.027594086588e+00 1.168208868332e+01 1 1 1 0.0 0.0 0.0
Nb 2.803878373944e+01 2.759379477562e+00 1.168208868332e+01 1 1 1 0.0 0.0 0.0
Nb 3.103832402422e+01 4.491164868535e+00 1.168208868332e+01 1 1 1 0.0 0.0 0.0
Nb 4.042461461208e+00 6.222950259508e+00 1.168208868332e+01 1 1 1 0.0 0.0 0.0
Nb 4.003694487856e+01 2.354080416924e+01 1.168208868332e+01 1 1 1 0.0 0.0 0.0
Nb 4.303648516334e+01 2.527258956021e+01 1.168208868332e+01 1 1 1 0.0 0.0 0.0
Nb 1.042921176428e+00 1.027594086588e+00 1.168208868332e+01 1 1 1 0.0 0.0 0.0
Bi 3.918477370562e+01 1.987685873928e+01 3.834784015603e+01 1 1 1 0.0 0.0 0.0
Bi 3.514693101457e+01 1.887775178295e+01 3.834784015603e+01 1 1 1 0.0 0.0 0.0
Bi 3.803110436532e+01 1.588043091396e+01 3.834784015603e+01 1 1 1 0.0 0.0 0.0
Bi 3.110908832352e+01 1.787864482662e+01 3.834784015603e+01 1 1 1 0.0 0.0 0.0
Bi 3.399326167427e+01 1.488132395763e+01 3.834784015603e+01 1 1 1 0.0 0.0 0.0
Bi 6.882032177230e+00 1.188400308863e+01 3.834784015603e+01 1 1 1 0.0 0.0 0.0
Bi 2.418707228173e+01 1.987685873928e+01 3.834784015603e+01 1 1 1 0.0 0.0 0.0
Bi 2.707124563248e+01 1.687953787029e+01 3.834784015603e+01 1 1 1 0.0 0.0 0.0
Bi 2.995541898322e+01 1.388221700130e+01 3.834784015603e+01 1 1 1 0.0 0.0 0.0
Bi 3.283959233397e+01 1.088489613230e+01 3.834784015603e+01 1 1 1 0.0 0.0 0.0
Bi 2.014922959068e+01 1.887775178295e+01 3.834784015603e+01 1 1 1 0.0 0.0 0.0
Bi 2.303340294143e+01 1.588043091396e+01 3.834784015603e+01 1 1 1 0.0 0.0 0.0
Bi 2.591757629218e+01 1.288311004497e+01 3.834784015603e+01 1 1 1 0.0 0.0 0.0
Bi 2.880174964292e+01 9.885789175973e+00 3.834784015603e+01 1 1 1 0.0 0.0 0.0
Bi 3.168592299367e+01 6.888468306981e+00 3.834784015603e+01 1 1 1 0.0 0.0 0.0
Bi 1.611138689963e+01 1.787864482662e+01 3.834784015603e+01 1 1 1 0.0 0.0 0.0
Bi 1.899556025038e+01 1.488132395763e+01 3.834784015603e+01 1 1 1 0.0 0.0 0.0
Bi 2.187973360113e+01 1.188400308863e+01 3.834784015603e+01 1 1 1 0.0 0.0 0.0
Bi 2.476390695188e+01 8.886682219643e+00 3.834784015603e+01 1 1 1 0.0 0.0 0.0
Bi 2.764808030262e+01 5.889361350650e+00 3.834784015603e+01 1 1 1 0.0 0.0 0.0
Bi 3.053225365337e+01 2.892040481658e+00 3.834784015603e+01 1 1 1 0.0 0.0 0.0
Bi 1.207354420858e+01 1.687953787029e+01 3.834784015603e+01 1 1 1 0.0 0.0 0.0
Bi 1.495771755933e+01 1.388221700130e+01 3.834784015603e+01 1 1 1 0.0 0.0 0.0
Bi 1.784189091008e+01 1.088489613230e+01 3.834784015603e+01 1 1 1 0.0 0.0 0.0
Bi 2.072606426083e+01 7.887575263312e+00 3.834784015603e+01 1 1 1 0.0 0.0 0.0
Bi 2.361023761158e+01 4.890254394320e+00 3.834784015603e+01 1 1 1 0.0 0.0 0.0
Bi 2.649441096233e+01 1.892933525327e+00 3.834784015603e+01 1 1 1 0.0 0.0 0.0
Bi 1.438088288918e+01 2.487239352093e+01 3.834784015603e+01 1 1 1 0.0 0.0 0.0
Bi 1.091987486828e+01 1.288311004497e+01 3.834784015603e+01 1 1 1 0.0 0.0 0.0
Bi 1.380404821903e+01 9.885789175973e+00 3.834784015603e+01 1 1 1 0.0 0.0 0.0
Bi 1.668822156978e+01 6.888468306981e+00 3.834784015603e+01 1 1 1 0.0 0.0 0.0
Bi 1.957239492053e+01 3.891147437989e+00 3.834784015603e+01 1 1 1 0.0 0.0 0.0
Bi 2.245656827128e+01 8.938265689967e-01 3.834784015603e+01 1 1 1 0.0 0.0 0.0
Bi 4.033844304592e+01 2.387328656460e+01 3.834784015603e+01 1 1 1 0.0 0.0 0.0
Bi 9.766205527979e+00 8.886682219643e+00 3.834784015603e+01 1 1 1 0.0 0.0 0.0
Bi 1.265037887873e+01 5.889361350650e+00 3.834784015603e+01 1 1 1 0.0 0.0 0.0
Bi 1.553455222948e+01 2.892040481658e+00 3.834784015603e+01 1 1 1 0.0 0.0 0.0
Bi 3.341642700412e+01 2.587150047727e+01 3.834784015603e+01 1 1 1 0.0 0.0 0.0
Bi 3.630060035487e+01 2.287417960827e+01 3.834784015603e+01 1 1 1 0.0 0.0 0.0
Bi 5.728362836930e+00 7.887575263312e+00 3.834784015603e+01 1 1 1 0.0 0.0 0.0
Bi 8.612536187680e+00 4.890254394320e+00 3.834784015603e+01 1 1 1 0.0 0.0 0.0
Bi 1.149670953843e+01 1.892933525327e+00 3.834784015603e+01 1 1 1 0.0 0.0 0.0
Bi 2.937858431307e+01 2.487239352093e+01 3.834784015603e+01 1 1 1 0.0 0.0 0.0
Bi 3.226275766382e+01 2.187507265194e+01 3.834784015603e+01 1 1 1 0.0 0.0 0.0
Bi 4.574693496631e+00 3.891147437989e+00 3.834784015603e+01 1 1 1 0.0 0.0 0.0
Bi 7.458866847380e+00 8.938265689967e-01 3.834784015603e+01 1 1 1 0.0 0.0 0.0
Bi 2.534074162203e+01 2.387328656460e+01 3.834784015603e+01 1 1 1 0.0 0.0 0.0
Bi 2.822491497277e+01 2.087596569561e+01 3.834784015603e+01 1 1 1 0.0 0.0 0.0
Bi 1.841872558023e+01 2.587150047727e+01 3.834784015603e+01 1 1 1 0.0 0.0 0.0
Bi 2.130289893098e+01 2.287417960827e+01 3.834784015603e+01 1 1 1 0.0 0.0 0.0
Bi 1.726505623993e+01 2.187507265194e+01 3.834784015603e+01 1 1 1 0.0 0.0 0.0
Bi 1.322721354888e+01 2.087596569561e+01 3.834784015603e+01 1 1 1 0.0 0.0 0.0
Bi 4.094667811682e+01 2.155898629836e+01 3.436119714775e+01 1 1 1 0.0 0.0 0.0
Bi 3.690883542577e+01 2.055987934203e+01 3.436119714775e+01 1 1 1 0.0 0.0 0.0
Bi 3.979300877652e+01 1.756255847304e+01 3.436119714775e+01 1 1 1 0.0 0.0 0.0
Bi 3.287099273473e+01 1.956077238570e+01 3.436119714775e+01 1 1 1 0.0 0.0 0.0
Bi 3.575516608547e+01 1.656345151670e+01 3.436119714775e+01 1 1 1 0.0 0.0 0.0
Bi 8.643936588431e+00 1.356613064771e+01 3.436119714775e+01 1 1 1 0.0 0.0 0.0
Bi 2.594897669293e+01 2.155898629836e+01 3.436119714775e+01 1 1 1 0.0 0.0 0.0
Bi 2.883315004368e+01 1.856166542937e+01 3.436119714775e+01 1 1 1 0.0 0.0 0.0
Bi 3.171732339443e+01 1.556434456037e+01 3.436119714775e+01 1 1 1 0.0 0.0 0.0
Bi 3.460149674518e+01 1.256702369138e+01 3.436119714775e+01 1 1 1 0.0 0.0 0.0
Bi 2.191113400188e+01 2.055987934203e+01 3.436119714775e+01 1 1 1 0.0 0.0 0.0
Bi 2.479530735263e+01 1.756255847304e+01 3.436119714775e+01 1 1 1 0.0 0.0 0.0
Bi 2.767948070338e+01 1.456523760404e+01 3.436119714775e+01 1 1 1 0.0 0.0 0.0
Bi 3.056365405413e+01 1.156791673505e+01 3.436119714775e+01 1 1 1 0.0 0.0 0.0
Bi 3.344782740488e+01 8.570595866059e+00 3.436119714775e+01 1 1 1 0.0 0.0 0.0
Bi 1.787329131083e+01 1.956077238570e+01 3.436119714775e+01 1 1 1 0.0 0.0 0.0
Bi 2.075746466158e+01 1.656345151670e+01 3.436119714775e+01 1 1 1 0.0 0.0 0.0
Bi 2.364163801233e+01 1.356613064771e+01 3.436119714775e+01 1 1 1 0.0 0.0 0.0
Bi 2.652581136308e+01 1.056880977872e+01 3.436119714775e+01 1 1 1 0.0 0.0 0.0
Bi 2.940998471383e+01 7.571488909728e+00 3.436119714775e+01 1 1 1 0.0 0.0 0.0
Bi 3.229415806458e+01 4.574168040736e+00 3.436119714775e+01 1 1 1 0.0 0.0 0.0
Bi 1.383544861978e+01 1.856166542937e+01 3.436119714775e+01 1 1 1 0.0 0.0 0.0
Bi 1.671962197053e+01 1.556434456037e+01 3.436119714775e+01 1 1 1 0.0 0.0 0.0
Bi 1.960379532128e+01 1.256702369138e+01 3.436119714775e+01 1 1 1 0.0 0.0 0.0
Bi 2.248796867203e+01 9.569702822389e+00 3.436119714775e+01 1 1 1 0.0 0.0 0.0
Bi 2.537214202278e+01 6.572381953397e+00 3.436119714775e+01 1 1 1 0.0 0.0 0.0
Bi 2.825631537353e+01 3.575061084405e+00 3.436119714775e+01 1 1 1 0.0 0.0 0.0
Bi 1.145085876483e+00 5.777402154127e-01 3.436119714775e+01 1 1 1 0.0 0.0 0.0
Bi 1.268177927948e+01 1.456523760404e+01 3.436119714775e+01 1 1 1 0.0 0.0 0.0
Bi 1.556595263023e+01 1.156791673505e+01 3.436119714775e+01 1 1 1 0.0 0.0 0.0
Bi 1.845012598098e+01 8.570595866059e+00 3.436119714775e+01 1 1 1 0.0 0.0 0.0
Bi 2.133429933173e+01 5.573274997066e+00 3.436119714775e+01 1 1 1 0.0 0.0 0.0
Bi 2.421847268248e+01 2.575954128074e+00 3.436119714775e+01 1 1 1 0.0 0.0 0.0
Bi 4.210034745712e+01 2.555541412368e+01 3.436119714775e+01 1 1 1 0.0 0.0 0.0
Bi 1.152810993918e+01 1.056880977872e+01 3.436119714775e+01 1 1 1 0.0 0.0 0.0
Bi 1.441228328993e+01 7.571488909728e+00 3.436119714775e+01 1 1 1 0.0 0.0 0.0
Bi 1.729645664068e+01 4.574168040736e+00 3.436119714775e+01 1 1 1 0.0 0.0 0.0
Bi 2.018062999143e+01 1.576847171743e+00 3.436119714775e+01 1 1 1 0.0 0.0 0.0
Bi 3.806250476607e+01 2.455630716735e+01 3.436119714775e+01 1 1 1 0.0 0.0 0.0
Bi 7.490267248132e+00 9.569702822389e+00 3.436119714775e+01 1 1 1 0.0 0.0 0.0
Bi 1.037444059888e+01 6.572381953397e+00 3.436119714775e+01 1 1 1 0.0 0.0 0.0
Bi 1.325861394963e+01 3.575061084405e+00 3.436119714775e+01 1 1 1 0.0 0.0 0.0
Bi 1.614278730038e+01 5.777402154127e-01 3.436119714775e+01 1 1 1 0.0 0.0 0.0
Bi 3.402466207503e+01 2.355720021102e+01 3.436119714775e+01 1 1 1 0.0 0.0 0.0
Bi 6.336597907832e+00 5.573274997066e+00 3.436119714775e+01 1 1 1 0.0 0.0 0.0
Bi 9.220771258581e+00 2.575954128074e+00 3.436119714775e+01 1 1 1 0.0 0.0 0.0
Bi 2.710264603323e+01 2.555541412368e+01 3.436119714775e+01 1 1 1 0.0 0.0 0.0
Bi 2.998681938398e+01 2.255809325469e+01 3.436119714775e+01 1 1 1 0.0 0.0 0.0
Bi 5.182928567532e+00 1.576847171743e+00 3.436119714775e+01 1 1 1 0.0 0.0 0.0
Bi 2.306480334218e+01 2.455630716735e+01 3.436119714775e+01 1 1 1 0.0 0.0 0.0
Bi 1.902696065113e+01 2.355720021102e+01 3.436119714775e+01 1 1 1 0.0 0.0 0.0
Bi 1.498911796008e+01 2.255809325469e+01 3.436119714775e+01 1 1 1 0.0 0.0 0.0
Bi 4.094818369779e+01 2.162671500877e+01 2.831971850542e+01 1 1 1 0.0 0.0 0.0
Bi 3.691034100674e+01 2.062760805243e+01 2.831971850542e+01 1 1 1 0.0 0.0 0.0
Bi 3.979451435749e+01 1.763028718344e+01 2.831971850542e+01 1 1 1 0.0 0.0 0.0
Bi 3.287249831569e+01 1.962850109610e+01 2.831971850542e+01 1 1 1 0.0 0.0 0.0
Bi 3.575667166644e+01 1.663118022711e+01 2.831971850542e+01 1 1 1 0.0 0.0 0.0
Bi 8.645442169397e+00 1.363385935812e+01 2.831971850542e+01 1 1 1 0.0 0.0 0.0
Bi 2.595048227389e+01 2.162671500877e+01 2.831971850542e+01 1 1 1 0.0 0.0 0.0
Bi 2.883465562464e+01 1.862939413977e+01 2.831971850542e+01 1 1 1 0.0 0.0 0.0
Bi 3.171882897539e+01 1.563207327078e+01 2.831971850542e+01 1 1 1 0.0 0.0 0.0
Bi 3.460300232614e+01 1.263475240179e+01 2.831971850542e+01 1 1 1 0.0 0.0 0.0
Bi 2.191263958284e+01 2.062760805243e+01 2.831971850542e+01 1 1 1 0.0 0.0 0.0
Bi 2.479681293359e+01 1.763028718344e+01 2.831971850542e+01 1 1 1 0.0 0.0 0.0
Bi 2.768098628434e+01 1.463296631445e+01 2.831971850542e+01 1 1 1 0.0 0.0 0.0
Bi 3.056515963509e+01 1.163564544546e+01 2.831971850542e+01 1 1 1 0.0 0.0 0.0
Bi 3.344933298584e+01 8.638324576466e+00 2.831971850542e+01 1 1 1 0.0 0.0 0.0
Bi 1.787479689179e+01 1.962850109610e+01 2.831971850542e+01 1 1 1 0.0 0.0 0.0
Bi 2.075897024254e+01 1.663118022711e+01 2.831971850542e+01 1 1 1 0.0 0.0 0.0
Bi 2.364314359329e+01 1.363385935812e+01 2.831971850542e+01 1 1 1 0.0 0.0 0.0
Bi 2.652731694404e+01 1.063653848913e+01 2.831971850542e+01 1 1 1 0.0 0.0 0.0
Bi 2.941149029479e+01 7.639217620135e+00 2.831971850542e+01 1 1 1 0.0 0.0 0.0
Bi 3.229566364554e+01 4.641896751143e+00 2.831971850542e+01 1 1 1 0.0 0.0 0.0
Bi 1.383695420075e+01 1.862939413977e+01 2.831971850542e+01 1 1 1 0.0 0.0 0.0
Bi 1.672112755149e+01 1.563207327078e+01 2.831971850542e+01 1 1 1 0.0 0.0 0.0
Bi 1.960530090224e+01 1.263475240179e+01 2.831971850542e+01 1 1 1 0.0 0.0 0.0
Bi 2.248947425299e+01 9.637431532796e+00 2.831971850542e+01 1 1 1 0.0 0.0 0.0
Bi 2.537364760374e+01 6.640110663804e+00 2.831971850542e+01 1 1 1 0.0 0.0 0.0
Bi 2.825782095449e+01 3.642789794812e+00 2.831971850542e+01 1 1 1 0.0 0.0 0.0
Bi 1.146591457449e+00 6.454689258196e-01 2.831971850542e+01 1 1 1 0.0 0.0 0.0
Bi 1.268328486045e+01 1.463296631445e+01 2.831971850542e+01 1 1 1 0.0 0.0 0.0
Bi 1.556745821120e+01 1.163564544546e+01 2.831971850542e+01 1 1 1 0.0 0.0 0.0
Bi 1.845163156194e+01 8.638324576466e+00 2.831971850542e+01 1 1 1 0.0 0.0 0.0
Bi 2.133580491269e+01 5.641003707473e+00 2.831971850542e+01 1 1 1 0.0 0.0 0.0
Bi 2.421997826344e+01 2.643682838481e+00 2.831971850542e+01 1 1 1 0.0 0.0 0.0
Bi 4.210185303809e+01 2.562314283409e+01 2.831971850542e+01 1 1 1 0.0 0.0 0.0
Bi 1.152961552015e+01 1.063653848913e+01 2.831971850542e+01 1 1 1 0.0 0.0 0.0
Bi 1.441378887090e+01 7.639217620135e+00 2.831971850542e+01 1 1 1 0.0 0.0 0.0
Bi 1.729796222164e+01 4.641896751143e+00 2.831971850542e+01 1 1 1 0.0 0.0 0.0
Bi 2.018213557239e+01 1.644575882150e+00 2.831971850542e+01 1 1 1 0.0 0.0 0.0
Bi 3.806401034704e+01 2.462403587776e+01 2.831971850542e+01 1 1 1 0.0 0.0 0.0
Bi 7.491772829097e+00 9.637431532796e+00 2.831971850542e+01 1 1 1 0.0 0.0 0.0
Bi 1.037594617985e+01 6.640110663804e+00 2.831971850542e+01 1 1 1 0.0 0.0 0.0
Bi 1.326011953060e+01 3.642789794812e+00 2.831971850542e+01 1 1 1 0.0 0.0 0.0
Bi 1.614429288134e+01 6.454689258196e-01 2.831971850542e+01 1 1 1 0.0 0.0 0.0
Bi 3.402616765599e+01 2.362492892143e+01 2.831971850542e+01 1 1 1 0.0 0.0 0.0
Bi 6.338103488797e+00 5.641003707473e+00 2.831971850542e+01 1 1 1 0.0 0.0 0.0
Bi 9.222276839547e+00 2.643682838481e+00 2.831971850542e+01 1 1 1 0.0 0.0 0.0
Bi 2.710415161419e+01 2.562314283409e+01 2.831971850542e+01 1 1 1 0.0 0.0 0.0
Bi 2.998832496494e+01 2.262582196510e+01 2.831971850542e+01 1 1 1 0.0 0.0 0.0
Bi 5.184434148498e+00 1.644575882150e+00 2.831971850542e+01 1 1 1 0.0 0.0 0.0
Bi 2.306630892314e+01 2.462403587776e+01 2.831971850542e+01 1 1 1 0.0 0.0 0.0
Bi 1.902846623209e+01 2.362492892143e+01 2.831971850542e+01 1 1 1 0.0 0.0 0.0
Bi 1.499062354105e+01 2.262582196510e+01 2.831971850542e+01 1 1 1 0.0 0.0 0.0
Bi 3.866188133667e+01 2.228842567216e+01 2.434799808390e+01 1 1 1 0.0 0.0 0.0
Bi 3.462403864562e+01 2.128931871583e+01 2.434799808390e+01 1 1 1 0.0 0.0 0.0
Bi 3.750821199637e+01 1.829199784684e+01 2.434799808390e+01 1 1 1 0.0 0.0 0.0
Bi 3.058619595457e+01 2.029021175950e+01 2.434799808390e+01 1 1 1 0.0 0.0 0.0
Bi 3.347036930532e+01 1.729289089051e+01 2.434799808390e+01 1 1 1 0.0 0.0 0.0
Bi 3.635454265607e+01 1.429557002152e+01 2.434799808390e+01 1 1 1 0.0 0.0 0.0
Bi 2.366417991277e+01 2.228842567216e+01 2.434799808390e+01 1 1 1 0.0 0.0 0.0
Bi 2.654835326352e+01 1.929110480317e+01 2.434799808390e+01 1 1 1 0.0 0.0 0.0
Bi 2.943252661427e+01 1.629378393418e+01 2.434799808390e+01 1 1 1 0.0 0.0 0.0
Bi 3.231669996502e+01 1.329646306519e+01 2.434799808390e+01 1 1 1 0.0 0.0 0.0
Bi 1.962633722172e+01 2.128931871583e+01 2.434799808390e+01 1 1 1 0.0 0.0 0.0
Bi 2.251051057247e+01 1.829199784684e+01 2.434799808390e+01 1 1 1 0.0 0.0 0.0
Bi 2.539468392322e+01 1.529467697785e+01 2.434799808390e+01 1 1 1 0.0 0.0 0.0
Bi 2.827885727397e+01 1.229735610885e+01 2.434799808390e+01 1 1 1 0.0 0.0 0.0
Bi 3.116303062472e+01 9.300035239862e+00 2.434799808390e+01 1 1 1 0.0 0.0 0.0
Bi 1.558849453067e+01 2.029021175950e+01 2.434799808390e+01 1 1 1 0.0 0.0 0.0
Bi 1.847266788142e+01 1.729289089051e+01 2.434799808390e+01 1 1 1 0.0 0.0 0.0
Bi 2.135684123217e+01 1.429557002152e+01 2.434799808390e+01 1 1 1 0.0 0.0 0.0
Bi 2.424101458292e+01 1.129824915252e+01 2.434799808390e+01 1 1 1 0.0 0.0 0.0
Bi 2.712518793367e+01 8.300928283531e+00 2.434799808390e+01 1 1 1 0.0 0.0 0.0
Bi 3.000936128442e+01 5.303607414539e+00 2.434799808390e+01 1 1 1 0.0 0.0 0.0
Bi 1.155065183963e+01 1.929110480317e+01 2.434799808390e+01 1 1 1 0.0 0.0 0.0
Bi 1.443482519038e+01 1.629378393418e+01 2.434799808390e+01 1 1 1 0.0 0.0 0.0
Bi 1.731899854112e+01 1.329646306519e+01 2.434799808390e+01 1 1 1 0.0 0.0 0.0
Bi 2.020317189187e+01 1.029914219619e+01 2.434799808390e+01 1 1 1 0.0 0.0 0.0
Bi 2.308734524262e+01 7.301821327201e+00 2.434799808390e+01 1 1 1 0.0 0.0 0.0
Bi 2.597151859337e+01 4.304500458209e+00 2.434799808390e+01 1 1 1 0.0 0.0 0.0
Bi 2.885569194412e+01 1.307179589216e+00 2.434799808390e+01 1 1 1 0.0 0.0 0.0
Bi 1.039698249933e+01 1.529467697785e+01 2.434799808390e+01 1 1 1 0.0 0.0 0.0
Bi 1.328115585008e+01 1.229735610885e+01 2.434799808390e+01 1 1 1 0.0 0.0 0.0
Bi 1.616532920082e+01 9.300035239862e+00 2.434799808390e+01 1 1 1 0.0 0.0 0.0
Bi 1.904950255157e+01 6.302714370870e+00 2.434799808390e+01 1 1 1 0.0 0.0 0.0
Bi 2.193367590232e+01 3.305393501878e+00 2.434799808390e+01 1 1 1 0.0 0.0 0.0
Bi 2.481784925307e+01 3.080726328856e-01 2.434799808390e+01 1 1 1 0.0 0.0 0.0
Bi 9.243313159026e+00 1.129824915252e+01 2.434799808390e+01 1 1 1 0.0 0.0 0.0
Bi 1.212748650978e+01 8.300928283531e+00 2.434799808390e+01 1 1 1 0.0 0.0 0.0
Bi 1.501165986052e+01 5.303607414539e+00 2.434799808390e+01 1 1 1 0.0 0.0 0.0
Bi 1.789583321127e+01 2.306286545547e+00 2.434799808390e+01 1 1 1 0.0 0.0 0.0
Bi 3.577770798592e+01 2.528574654115e+01 2.434799808390e+01 1 1 1 0.0 0.0 0.0
Bi 3.520087331577e+01 1.029914219619e+01 2.434799808390e+01 1 1 1 0.0 0.0 0.0
Bi 8.089643818727e+00 7.301821327201e+00 2.434799808390e+01 1 1 1 0.0 0.0 0.0
Bi 1.097381716948e+01 4.304500458209e+00 2.434799808390e+01 1 1 1 0.0 0.0 0.0
Bi 1.385799052023e+01 1.307179589216e+00 2.434799808390e+01 1 1 1 0.0 0.0 0.0
Bi 3.173986529487e+01 2.428663958482e+01 2.434799808390e+01 1 1 1 0.0 0.0 0.0
Bi 4.051801127678e+00 6.302714370870e+00 2.434799808390e+01 1 1 1 0.0 0.0 0.0
Bi 6.935974478427e+00 3.305393501878e+00 2.434799808390e+01 1 1 1 0.0 0.0 0.0
Bi 9.820147829176e+00 3.080726328856e-01 2.434799808390e+01 1 1 1 0.0 0.0 0.0
Bi 2.770202260382e+01 2.328753262849e+01 2.434799808390e+01 1 1 1 0.0 0.0 0.0
Bi 2.898131787378e+00 2.306286545547e+00 2.434799808390e+01 1 1 1 0.0 0.0 0.0
Bi 2.078000656202e+01 2.528574654115e+01 2.434799808390e+01 1 1 1 0.0 0.0 0.0
Bi 1.674216387097e+01 2.428663958482e+01 2.434799808390e+01 1 1 1 0.0 0.0 0.0
Bi 4.269972402772e+01 2.328753262849e+01 2.434799808390e+01 1 1 1 0.0 0.0 0.0
Se 1.104118427594e+01 1.834492278790e+01 1.000000000000e+01 1 1 1 0.0 0.0 0.0
Se 1.404072456072e+01 2.007670817887e+01 1.000000000000e+01 1 1 1 0.0 0.0 0.0
Se 1.704026484549e+01 2.180849356985e+01 1.000000000000e+01 1 1 1 0.0 0.0 0.0
Se 8.041643991157e+00 1.314956661498e+01 1.000000000000e+01 1 1 1 0.0 0.0 0.0
Se 1.104118427594e+01 1.488135200596e+01 1.000000000000e+01 1 1 1 0.0 0.0 0.0
Se 1.404072456072e+01 1.661313739693e+01 1.000000000000e+01 1 1 1 0.0 0.0 0.0
Se 1.704026484549e+01 1.834492278790e+01 1.000000000000e+01 1 1 1 0.0 0.0 0.0
Se 2.003980513027e+01 2.007670817887e+01 1.000000000000e+01 1 1 1 0.0 0.0 0.0
Se 2.303934541505e+01 2.180849356985e+01 1.000000000000e+01 1 1 1 0.0 0.0 0.0
Se 5.042103706377e+00 7.954210442062e+00 1.000000000000e+01 1 1 1 0.0 0.0 0.0
Se 8.041643991157e+00 9.685995833035e+00 1.000000000000e+01 1 1 1 0.0 0.0 0.0
Se 1.104118427594e+01 1.141778122401e+01 1.000000000000e+01 1 1 1 0.0 0.0 0.0
Se 1.404072456072e+01 1.314956661498e+01 1.000000000000e+01 1 1 1 0.0 0.0 0.0
Se 1.704026484549e+01 1.488135200596e+01 1.000000000000e+01 1 1 1 0.0 0.0 0.0
Se 2.003980513027e+01 1.661313739693e+01 1.000000000000e+01 1 1 1 0.0 0.0 0.0
Se 2.303934541505e+01 1.834492278790e+01 1.000000000000e+01 1 1 1 0.0 0.0 0.0
Se 2.603888569983e+01 2.007670817887e+01 1.000000000000e+01 1 1 1 0.0 0.0 0.0
Se 2.903842598461e+01 2.180849356985e+01 1.000000000000e+01 1 1 1 0.0 0.0 0.0
Se 2.042563421598e+00 2.758854269142e+00 1.000000000000e+01 1 1 1 0.0 0.0 0.0
Se 5.042103706377e+00 4.490639660115e+00 1.000000000000e+01 1 1 1 0.0 0.0 0.0
Se 8.041643991157e+00 6.222425051089e+00 1.000000000000e+01 1 1 1 0.0 0.0 0.0
Se 1.104118427594e+01 7.954210442062e+00 1.000000000000e+01 1 1 1 0.0 0.0 0.0
Se 1.404072456072e+01 9.685995833035e+00 1.000000000000e+01 1 1 1 0.0 0.0 0.0
Se 1.704026484549e+01 1.141778122401e+01 1.000000000000e+01 1 1 1 0.0 0.0 0.0
Se 2.003980513027e+01 1.314956661498e+01 1.000000000000e+01 1 1 1 0.0 0.0 0.0
Se 2.303934541505e+01 1.488135200596e+01 1.000000000000e+01 1 1 1 0.0 0.0 0.0
Se 2.603888569983e+01 1.661313739693e+01 1.000000000000e+01 1 1 1 0.0 0.0 0.0
Se 2.903842598461e+01 1.834492278790e+01 1.000000000000e+01 1 1 1 0.0 0.0 0.0
Se 3.203796626939e+01 2.007670817887e+01 1.000000000000e+01 1 1 1 0.0 0.0 0.0
Se 3.503750655417e+01 2.180849356985e+01 1.000000000000e+01 1 1 1 0.0 0.0 0.0
Se 1.404072456072e+01 2.354027896082e+01 1.000000000000e+01 1 1 1 0.0 0.0 0.0
Se 1.704026484549e+01 2.527206435179e+01 1.000000000000e+01 1 1 1 0.0 0.0 0.0
Se 5.042103706377e+00 1.027068878169e+00 1.000000000000e+01 1 1 1 0.0 0.0 0.0
Se 8.041643991157e+00 2.758854269142e+00 1.000000000000e+01 1 1 1 0.0 0.0 0.0
Se 1.104118427594e+01 4.490639660115e+00 1.000000000000e+01 1 1 1 0.0 0.0 0.0
Se 1.404072456072e+01 6.222425051089e+00 1.000000000000e+01 1 1 1 0.0 0.0 0.0
Se 1.704026484549e+01 7.954210442062e+00 1.000000000000e+01 1 1 1 0.0 0.0 0.0
Se 2.003980513027e+01 9.685995833035e+00 1.000000000000e+01 1 1 1 0.0 0.0 0.0
Se 2.303934541505e+01 1.141778122401e+01 1.000000000000e+01 1 1 1 0.0 0.0 0.0
Se 2.603888569983e+01 1.314956661498e+01 1.000000000000e+01 1 1 1 0.0 0.0 0.0
Se 2.903842598461e+01 1.488135200596e+01 1.000000000000e+01 1 1 1 0.0 0.0 0.0
Se 3.203796626939e+01 1.661313739693e+01 1.000000000000e+01 1 1 1 0.0 0.0 0.0
Se 3.503750655417e+01 1.834492278790e+01 1.000000000000e+01 1 1 1 0.0 0.0 0.0
Se 3.803704683895e+01 2.007670817887e+01 1.000000000000e+01 1 1 1 0.0 0.0 0.0
Se 4.103658712373e+01 2.180849356985e+01 1.000000000000e+01 1 1 1 0.0 0.0 0.0
Se 2.003980513027e+01 2.354027896082e+01 1.000000000000e+01 1 1 1 0.0 0.0 0.0
Se 2.303934541505e+01 2.527206435179e+01 1.000000000000e+01 1 1 1 0.0 0.0 0.0
Se 1.104118427594e+01 1.027068878169e+00 1.000000000000e+01 1 1 1 0.0 0.0 0.0
Se 1.404072456072e+01 2.758854269142e+00 1.000000000000e+01 1 1 1 0.0 0.0 0.0
Se 1.704026484549e+01 4.490639660115e+00 1.000000000000e+01 1 1 1 0.0 0.0 0.0
Se 2.003980513027e+01 6.222425051089e+00 1.000000000000e+01 1 1 1 0.0 0.0 0.0
Se 2.303934541505e+01 7.954210442062e+00 1.000000000000e+01 1 1 1 0.0 0.0 0.0
Se 2.603888569983e+01 9.685995833035e+00 1.000000000000e+01 1 1 1 0.0 0.0 0.0
Se 2.903842598461e+01 1.141778122401e+01 1.000000000000e+01 1 1 1 0.0 0.0 0.0
Se 3.203796626939e+01 1.314956661498e+01 1.000000000000e+01 1 1 1 0.0 0.0 0.0
Se 3.503750655417e+01 1.488135200596e+01 1.000000000000e+01 1 1 1 0.0 0.0 0.0
Se 3.803704683895e+01 1.661313739693e+01 1.000000000000e+01 1 1 1 0.0 0.0 0.0
Se 2.603888569983e+01 2.354027896082e+01 1.000000000000e+01 1 1 1 0.0 0.0 0.0
Se 2.903842598461e+01 2.527206435179e+01 1.000000000000e+01 1 1 1 0.0 0.0 0.0
Se 1.704026484549e+01 1.027068878169e+00 1.000000000000e+01 1 1 1 0.0 0.0 0.0
Se 2.003980513027e+01 2.758854269142e+00 1.000000000000e+01 1 1 1 0.0 0.0 0.0
Se 2.303934541505e+01 4.490639660115e+00 1.000000000000e+01 1 1 1 0.0 0.0 0.0
Se 2.603888569983e+01 6.222425051089e+00 1.000000000000e+01 1 1 1 0.0 0.0 0.0
Se 2.903842598461e+01 7.954210442062e+00 1.000000000000e+01 1 1 1 0.0 0.0 0.0
Se 3.203796626939e+01 9.685995833035e+00 1.000000000000e+01 1 1 1 0.0 0.0 0.0
Se 3.503750655417e+01 1.141778122401e+01 1.000000000000e+01 1 1 1 0.0 0.0 0.0
Se 3.203796626939e+01 2.354027896082e+01 1.000000000000e+01 1 1 1 0.0 0.0 0.0
Se 3.503750655417e+01 2.527206435179e+01 1.000000000000e+01 1 1 1 0.0 0.0 0.0
Se 2.303934541505e+01 1.027068878169e+00 1.000000000000e+01 1 1 1 0.0 0.0 0.0
Se 2.603888569983e+01 2.758854269142e+00 1.000000000000e+01 1 1 1 0.0 0.0 0.0
Se 2.903842598461e+01 4.490639660115e+00 1.000000000000e+01 1 1 1 0.0 0.0 0.0
Se 3.203796626939e+01 6.222425051089e+00 1.000000000000e+01 1 1 1 0.0 0.0 0.0
Se 3.803704683895e+01 2.354027896082e+01 1.000000000000e+01 1 1 1 0.0 0.0 0.0
Se 4.103658712373e+01 2.527206435179e+01 1.000000000000e+01 1 1 1 0.0 0.0 0.0
Se 2.903842598461e+01 1.027068878169e+00 1.000000000000e+01 1 1 1 0.0 0.0 0.0
Se 1.203533338080e+01 2.008495976672e+01 1.614602824434e+01 1 1 1 0.0 0.0 0.0
Se 1.503487366558e+01 2.181674515769e+01 1.614602824434e+01 1 1 1 0.0 0.0 0.0
Se 1.803441395036e+01 2.354853054867e+01 1.614602824434e+01 1 1 1 0.0 0.0 0.0
Se 9.035793096018e+00 1.488960359380e+01 1.614602824434e+01 1 1 1 0.0 0.0 0.0
Se 1.203533338080e+01 1.662138898477e+01 1.614602824434e+01 1 1 1 0.0 0.0 0.0
Se 1.503487366558e+01 1.835317437575e+01 1.614602824434e+01 1 1 1 0.0 0.0 0.0
Se 1.803441395036e+01 2.008495976672e+01 1.614602824434e+01 1 1 1 0.0 0.0 0.0
Se 2.103395423514e+01 2.181674515769e+01 1.614602824434e+01 1 1 1 0.0 0.0 0.0
Se 2.403349451991e+01 2.354853054867e+01 1.614602824434e+01 1 1 1 0.0 0.0 0.0
Se 6.036252811239e+00 9.694247420881e+00 1.614602824434e+01 1 1 1 0.0 0.0 0.0
Se 9.035793096018e+00 1.142603281185e+01 1.614602824434e+01 1 1 1 0.0 0.0 0.0
Se 1.203533338080e+01 1.315781820283e+01 1.614602824434e+01 1 1 1 0.0 0.0 0.0
Se 1.503487366558e+01 1.488960359380e+01 1.614602824434e+01 1 1 1 0.0 0.0 0.0
Se 1.803441395036e+01 1.662138898477e+01 1.614602824434e+01 1 1 1 0.0 0.0 0.0
Se 2.103395423514e+01 1.835317437575e+01 1.614602824434e+01 1 1 1 0.0 0.0 0.0
Se 2.403349451991e+01 2.008495976672e+01 1.614602824434e+01 1 1 1 0.0 0.0 0.0
Se 2.703303480469e+01 2.181674515769e+01 1.614602824434e+01 1 1 1 0.0 0.0 0.0
Se 3.003257508947e+01 2.354853054867e+01 1.614602824434e+01 1 1 1 0.0 0.0 0.0
Se 3.036712526460e+00 4.498891247961e+00 1.614602824434e+01 1 1 1 0.0 0.0 0.0
Se 6.036252811239e+00 6.230676638935e+00 1.614602824434e+01 1 1 1 0.0 0.0 0.0
Se 9.035793096018e+00 7.962462029908e+00 1.614602824434e+01 1 1 1 0.0 0.0 0.0
Se 1.203533338080e+01 9.694247420881e+00 1.614602824434e+01 1 1 1 0.0 0.0 0.0
Se 1.503487366558e+01 1.142603281185e+01 1.614602824434e+01 1 1 1 0.0 0.0 0.0
Se 1.803441395036e+01 1.315781820283e+01 1.614602824434e+01 1 1 1 0.0 0.0 0.0
Se 2.103395423514e+01 1.488960359380e+01 1.614602824434e+01 1 1 1 0.0 0.0 0.0
Se 2.403349451991e+01 1.662138898477e+01 1.614602824434e+01 1 1 1 0.0 0.0 0.0
Se 2.703303480469e+01 1.835317437575e+01 1.614602824434e+01 1 1 1 0.0 0.0 0.0
Se 3.003257508947e+01 2.008495976672e+01 1.614602824434e+01 1 1 1 0.0 0.0 0.0
Se 3.303211537425e+01 2.181674515769e+01 1.614602824434e+01 1 1 1 0.0 0.0 0.0
Se 3.603165565903e+01 2.354853054867e+01 1.614602824434e+01 1 1 1 0.0 0.0 0.0
Se 1.503487366558e+01 2.528031593964e+01 1.614602824434e+01 1 1 1 0.0 0.0 0.0
Se 3.036712526460e+00 1.035320466015e+00 1.614602824434e+01 1 1 1 0.0 0.0 0.0
Se 6.036252811239e+00 2.767105856988e+00 1.614602824434e+01 1 1 1 0.0 0.0 0.0
Se 9.035793096018e+00 4.498891247961e+00 1.614602824434e+01 1 1 1 0.0 0.0 0.0
Se 1.203533338080e+01 6.230676638935e+00 1.614602824434e+01 1 1 1 0.0 0.0 0.0
Se 1.503487366558e+01 7.962462029908e+00 1.614602824434e+01 1 1 1 0.0 0.0 0.0
Se 1.803441395036e+01 9.694247420881e+00 1.614602824434e+01 1 1 1 0.0 0.0 0.0
Se 2.103395423514e+01 1.142603281185e+01 1.614602824434e+01 1 1 1 0.0 0.0 0.0
Se 2.403349451991e+01 1.315781820283e+01 1.614602824434e+01 1 1 1 0.0 0.0 0.0
Se 2.703303480469e+01 1.488960359380e+01 1.614602824434e+01 1 1 1 0.0 0.0 0.0
Se 3.003257508947e+01 1.662138898477e+01 1.614602824434e+01 1 1 1 0.0 0.0 0.0
Se 3.303211537425e+01 1.835317437575e+01 1.614602824434e+01 1 1 1 0.0 0.0 0.0
Se 3.603165565903e+01 2.008495976672e+01 1.614602824434e+01 1 1 1 0.0 0.0 0.0
Se 3.903119594381e+01 2.181674515769e+01 1.614602824434e+01 1 1 1 0.0 0.0 0.0
Se 4.203073622859e+01 2.354853054867e+01 1.614602824434e+01 1 1 1 0.0 0.0 0.0
Se 2.103395423514e+01 2.528031593964e+01 1.614602824434e+01 1 1 1 0.0 0.0 0.0
Se 9.035793096018e+00 1.035320466015e+00 1.614602824434e+01 1 1 1 0.0 0.0 0.0
Se 1.203533338080e+01 2.767105856988e+00 1.614602824434e+01 1 1 1 0.0 0.0 0.0
Se 1.503487366558e+01 4.498891247961e+00 1.614602824434e+01 1 1 1 0.0 0.0 0.0
Se 1.803441395036e+01 6.230676638935e+00 1.614602824434e+01 1 1 1 0.0 0.0 0.0
Se 2.103395423514e+01 7.962462029908e+00 1.614602824434e+01 1 1 1 0.0 0.0 0.0
Se 2.403349451991e+01 9.694247420881e+00 1.614602824434e+01 1 1 1 0.0 0.0 0.0
Se 2.703303480469e+01 1.142603281185e+01 1.614602824434e+01 1 1 1 0.0 0.0 0.0
Se 3.003257508947e+01 1.315781820283e+01 1.614602824434e+01 1 1 1 0.0 0.0 0.0
Se 3.303211537425e+01 1.488960359380e+01 1.614602824434e+01 1 1 1 0.0 0.0 0.0
Se 3.603165565903e+01 1.662138898477e+01 1.614602824434e+01 1 1 1 0.0 0.0 0.0
Se 3.903119594381e+01 1.835317437575e+01 1.614602824434e+01 1 1 1 0.0 0.0 0.0
Se 2.703303480469e+01 2.528031593964e+01 1.614602824434e+01 1 1 1 0.0 0.0 0.0
Se 1.503487366558e+01 1.035320466015e+00 1.614602824434e+01 1 1 1 0.0 0.0 0.0
Se 1.803441395036e+01 2.767105856988e+00 1.614602824434e+01 1 1 1 0.0 0.0 0.0
Se 2.103395423514e+01 4.498891247961e+00 1.614602824434e+01 1 1 1 0.0 0.0 0.0
Se 2.403349451991e+01 6.230676638935e+00 1.614602824434e+01 1 1 1 0.0 0.0 0.0
Se 2.703303480469e+01 7.962462029908e+00 1.614602824434e+01 1 1 1 0.0 0.0 0.0
Se 3.003257508947e+01 9.694247420881e+00 1.614602824434e+01 1 1 1 0.0 0.0 0.0
Se 3.303211537425e+01 1.142603281185e+01 1.614602824434e+01 1 1 1 0.0 0.0 0.0
Se 3.603165565903e+01 1.315781820283e+01 1.614602824434e+01 1 1 1 0.0 0.0 0.0
Se 3.303211537425e+01 2.528031593964e+01 1.614602824434e+01 1 1 1 0.0 0.0 0.0
Se 2.103395423514e+01 1.035320466015e+00 1.614602824434e+01 1 1 1 0.0 0.0 0.0
Se 2.403349451991e+01 2.767105856988e+00 1.614602824434e+01 1 1 1 0.0 0.0 0.0
Se 2.703303480469e+01 4.498891247961e+00 1.614602824434e+01 1 1 1 0.0 0.0 0.0
Se 3.003257508947e+01 6.230676638935e+00 1.614602824434e+01 1 1 1 0.0 0.0 0.0
Se 3.303211537425e+01 7.962462029908e+00 1.614602824434e+01 1 1 1 0.0 0.0 0.0
Se 3.903119594381e+01 2.528031593964e+01 1.614602824434e+01 1 1 1 0.0 0.0 0.0
Se 2.703303480469e+01 1.035320466015e+00 1.614602824434e+01 1 1 1 0.0 0.0 0.0
Se 3.003257508947e+01 2.767105856988e+00 1.614602824434e+01 1 1 1 0.0 0.0 0.0
Se 1.104093476886e+01 1.834596965925e+01 1.336443756309e+01 1 1 1 0.0 0.0 0.0
Se 1.404047505364e+01 2.007775505023e+01 1.336443756309e+01 1 1 1 0.0 0.0 0.0
Se 1.704001533842e+01 2.180954044120e+01 1.336443756309e+01 1 1 1 0.0 0.0 0.0
Se 8.041394484084e+00 1.315061348633e+01 1.336443756309e+01 1 1 1 0.0 0.0 0.0
Se 1.104093476886e+01 1.488239887731e+01 1.336443756309e+01 1 1 1 0.0 0.0 0.0
Se 1.404047505364e+01 1.661418426828e+01 1.336443756309e+01 1 1 1 0.0 0.0 0.0
Se 1.704001533842e+01 1.834596965925e+01 1.336443756309e+01 1 1 1 0.0 0.0 0.0
Se 2.003955562320e+01 2.007775505023e+01 1.336443756309e+01 1 1 1 0.0 0.0 0.0
Se 2.303909590798e+01 2.180954044120e+01 1.336443756309e+01 1 1 1 0.0 0.0 0.0
Se 5.041854199305e+00 7.955257313414e+00 1.336443756309e+01 1 1 1 0.0 0.0 0.0
Se 8.041394484084e+00 9.687042704387e+00 1.336443756309e+01 1 1 1 0.0 0.0 0.0
Se 1.104093476886e+01 1.141882809536e+01 1.336443756309e+01 1 1 1 0.0 0.0 0.0
Se 1.404047505364e+01 1.315061348633e+01 1.336443756309e+01 1 1 1 0.0 0.0 0.0
Se 1.704001533842e+01 1.488239887731e+01 1.336443756309e+01 1 1 1 0.0 0.0 0.0
Se 2.003955562320e+01 1.661418426828e+01 1.336443756309e+01 1 1 1 0.0 0.0 0.0
Se 2.303909590798e+01 1.834596965925e+01 1.336443756309e+01 1 1 1 0.0 0.0 0.0
Se 2.603863619276e+01 2.007775505023e+01 1.336443756309e+01 1 1 1 0.0 0.0 0.0
Se 2.903817647754e+01 2.180954044120e+01 1.336443756309e+01 1 1 1 0.0 0.0 0.0
Se 2.042313914525e+00 2.759901140494e+00 1.336443756309e+01 1 1 1 0.0 0.0 0.0
Se 5.041854199305e+00 4.491686531467e+00 1.336443756309e+01 1 1 1 0.0 0.0 0.0
Se 8.041394484084e+00 6.223471922440e+00 1.336443756309e+01 1 1 1 0.0 0.0 0.0
Se 1.104093476886e+01 7.955257313414e+00 1.336443756309e+01 1 1 1 0.0 0.0 0.0
Se 1.404047505364e+01 9.687042704387e+00 1.336443756309e+01 1 1 1 0.0 0.0 0.0
Se 1.704001533842e+01 1.141882809536e+01 1.336443756309e+01 1 1 1 0.0 0.0 0.0
Se 2.003955562320e+01 1.315061348633e+01 1.336443756309e+01 1 1 1 0.0 0.0 0.0
Se 2.303909590798e+01 1.488239887731e+01 1.336443756309e+01 1 1 1 0.0 0.0 0.0
Se 2.603863619276e+01 1.661418426828e+01 1.336443756309e+01 1 1 1 0.0 0.0 0.0
Se 2.903817647754e+01 1.834596965925e+01 1.336443756309e+01 1 1 1 0.0 0.0 0.0
Se 3.203771676232e+01 2.007775505023e+01 1.336443756309e+01 1 1 1 0.0 0.0 0.0
Se 3.503725704710e+01 2.180954044120e+01 1.336443756309e+01 1 1 1 0.0 0.0 0.0
Se 1.404047505364e+01 2.354132583217e+01 1.336443756309e+01 1 1 1 0.0 0.0 0.0
Se 1.704001533842e+01 2.527311122315e+01 1.336443756309e+01 1 1 1 0.0 0.0 0.0
Se 5.041854199305e+00 1.028115749521e+00 1.336443756309e+01 1 1 1 0.0 0.0 0.0
Se 8.041394484084e+00 2.759901140494e+00 1.336443756309e+01 1 1 1 0.0 0.0 0.0
Se 1.104093476886e+01 4.491686531467e+00 1.336443756309e+01 1 1 1 0.0 0.0 0.0
Se 1.404047505364e+01 6.223471922440e+00 1.336443756309e+01 1 1 1 0.0 0.0 0.0
Se 1.704001533842e+01 7.955257313414e+00 1.336443756309e+01 1 1 1 0.0 0.0 0.0
Se 2.003955562320e+01 9.687042704387e+00 1.336443756309e+01 1 1 1 0.0 0.0 0.0
Se 2.303909590798e+01 1.141882809536e+01 1.336443756309e+01 1 1 1 0.0 0.0 0.0
Se 2.603863619276e+01 1.315061348633e+01 1.336443756309e+01 1 1 1 0.0 0.0 0.0
Se 2.903817647754e+01 1.488239887731e+01 1.336443756309e+01 1 1 1 0.0 0.0 0.0
Se 3.203771676232e+01 1.661418426828e+01 1.336443756309e+01 1 1 1 0.0 0.0 0.0
Se 3.503725704710e+01 1.834596965925e+01 1.336443756309e+01 1 1 1 0.0 0.0 0.0
Se 3.803679733188e+01 2.007775505023e+01 1.336443756309e+01 1 1 1 0.0 0.0 0.0
Se 4.103633761666e+01 2.180954044120e+01 1.336443756309e+01 1 1 1 0.0 0.0 0.0
Se 2.003955562320e+01 2.354132583217e+01 1.336443756309e+01 1 1 1 0.0 0.0 0.0
Se 2.303909590798e+01 2.527311122315e+01 1.336443756309e+01 1 1 1 0.0 0.0 0.0
Se 1.104093476886e+01 1.028115749521e+00 1.336443756309e+01 1 1 1 0.0 0.0 0.0
Se 1.404047505364e+01 2.759901140494e+00 1.336443756309e+01 1 1 1 0.0 0.0 0.0
Se 1.704001533842e+01 4.491686531467e+00 1.336443756309e+01 1 1 1 0.0 0.0 0.0
Se 2.003955562320e+01 6.223471922440e+00 1.336443756309e+01 1 1 1 0.0 0.0 0.0
Se 2.303909590798e+01 7.955257313414e+00 1.336443756309e+01 1 1 1 0.0 0.0 0.0
Se 2.603863619276e+01 9.687042704387e+00 1.336443756309e+01 1 1 1 0.0 0.0 0.0
Se 2.903817647754e+01 1.141882809536e+01 1.336443756309e+01 1 1 1 0.0 0.0 0.0
Se 3.203771676232e+01 1.315061348633e+01 1.336443756309e+01 1 1 1 0.0 0.0 0.0
Se 3.503725704710e+01 1.488239887731e+01 1.336443756309e+01 1 1 1 0.0 0.0 0.0
Se 3.803679733188e+01 1.661418426828e+01 1.336443756309e+01 1 1 1 0.0 0.0 0.0
Se 2.603863619276e+01 2.354132583217e+01 1.336443756309e+01 1 1 1 0.0 0.0 0.0
Se 2.903817647754e+01 2.527311122315e+01 1.336443756309e+01 1 1 1 0.0 0.0 0.0
Se 1.704001533842e+01 1.028115749521e+00 1.336443756309e+01 1 1 1 0.0 0.0 0.0
Se 2.003955562320e+01 2.759901140494e+00 1.336443756309e+01 1 1 1 0.0 0.0 0.0
Se 2.303909590798e+01 4.491686531467e+00 1.336443756309e+01 1 1 1 0.0 0.0 0.0
Se 2.603863619276e+01 6.223471922440e+00 1.336443756309e+01 1 1 1 0.0 0.0 0.0
Se 2.903817647754e+01 7.955257313414e+00 1.336443756309e+01 1 1 1 0.0 0.0 0.0
Se 3.203771676232e+01 9.687042704387e+00 1.336443756309e+01 1 1 1 0.0 0.0 0.0
Se 3.503725704710e+01 1.141882809536e+01 1.336443756309e+01 1 1 1 0.0 0.0 0.0
Se 3.203771676232e+01 2.354132583217e+01 1.336443756309e+01 1 1 1 0.0 0.0 0.0
Se 3.503725704710e+01 2.527311122315e+01 1.336443756309e+01 1 1 1 0.0 0.0 0.0
Se 2.303909590798e+01 1.028115749521e+00 1.336443756309e+01 1 1 1 0.0 0.0 0.0
Se 2.603863619276e+01 2.759901140494e+00 1.336443756309e+01 1 1 1 0.0 0.0 0.0
Se 2.903817647754e+01 4.491686531467e+00 1.336443756309e+01 1 1 1 0.0 0.0 0.0
Se 3.203771676232e+01 6.223471922440e+00 1.336443756309e+01 1 1 1 0.0 0.0 0.0
Se 3.803679733188e+01 2.354132583217e+01 1.336443756309e+01 1 1 1 0.0 0.0 0.0
Se 4.103633761666e+01 2.527311122315e+01 1.336443756309e+01 1 1 1 0.0 0.0 0.0
Se 2.903817647754e+01 1.028115749521e+00 1.336443756309e+01 1 1 1 0.0 0.0 0.0
Se 1.203526601653e+01 2.008601558117e+01 1.951046802998e+01 1 1 1 0.0 0.0 0.0
Se 1.503480630131e+01 2.181780097214e+01 1.951046802998e+01 1 1 1 0.0 0.0 0.0
Se 1.803434658609e+01 2.354958636311e+01 1.951046802998e+01 1 1 1 0.0 0.0 0.0
Se 9.035725731754e+00 1.489065940825e+01 1.951046802998e+01 1 1 1 0.0 0.0 0.0
Se 1.203526601653e+01 1.662244479922e+01 1.951046802998e+01 1 1 1 0.0 0.0 0.0
Se 1.503480630131e+01 1.835423019019e+01 1.951046802998e+01 1 1 1 0.0 0.0 0.0
Se 1.803434658609e+01 2.008601558117e+01 1.951046802998e+01 1 1 1 0.0 0.0 0.0
Se 2.103388687087e+01 2.181780097214e+01 1.951046802998e+01 1 1 1 0.0 0.0 0.0
Se 2.403342715565e+01 2.354958636311e+01 1.951046802998e+01 1 1 1 0.0 0.0 0.0
Se 6.036185446975e+00 9.695303235329e+00 1.951046802998e+01 1 1 1 0.0 0.0 0.0
Se 9.035725731754e+00 1.142708862630e+01 1.951046802998e+01 1 1 1 0.0 0.0 0.0
Se 1.203526601653e+01 1.315887401728e+01 1.951046802998e+01 1 1 1 0.0 0.0 0.0
Se 1.503480630131e+01 1.489065940825e+01 1.951046802998e+01 1 1 1 0.0 0.0 0.0
Se 1.803434658609e+01 1.662244479922e+01 1.951046802998e+01 1 1 1 0.0 0.0 0.0
Se 2.103388687087e+01 1.835423019019e+01 1.951046802998e+01 1 1 1 0.0 0.0 0.0
Se 2.403342715565e+01 2.008601558117e+01 1.951046802998e+01 1 1 1 0.0 0.0 0.0
Se 2.703296744043e+01 2.181780097214e+01 1.951046802998e+01 1 1 1 0.0 0.0 0.0
Se 3.003250772521e+01 2.354958636311e+01 1.951046802998e+01 1 1 1 0.0 0.0 0.0
Se 3.036645162196e+00 4.499947062409e+00 1.951046802998e+01 1 1 1 0.0 0.0 0.0
Se 6.036185446975e+00 6.231732453382e+00 1.951046802998e+01 1 1 1 0.0 0.0 0.0
Se 9.035725731754e+00 7.963517844355e+00 1.951046802998e+01 1 1 1 0.0 0.0 0.0
Se 1.203526601653e+01 9.695303235329e+00 1.951046802998e+01 1 1 1 0.0 0.0 0.0
Se 1.503480630131e+01 1.142708862630e+01 1.951046802998e+01 1 1 1 0.0 0.0 0.0
Se 1.803434658609e+01 1.315887401728e+01 1.951046802998e+01 1 1 1 0.0 0.0 0.0
Se 2.103388687087e+01 1.489065940825e+01 1.951046802998e+01 1 1 1 0.0 0.0 0.0
Se 2.403342715565e+01 1.662244479922e+01 1.951046802998e+01 1 1 1 0.0 0.0 0.0
Se 2.703296744043e+01 1.835423019019e+01 1.951046802998e+01 1 1 1 0.0 0.0 0.0
Se 3.003250772521e+01 2.008601558117e+01 1.951046802998e+01 1 1 1 0.0 0.0 0.0
Se 3.303204800999e+01 2.181780097214e+01 1.951046802998e+01 1 1 1 0.0 0.0 0.0
Se 3.603158829477e+01 2.354958636311e+01 1.951046802998e+01 1 1 1 0.0 0.0 0.0
Se 1.503480630131e+01 2.528137175409e+01 1.951046802998e+01 1 1 1 0.0 0.0 0.0
Se 3.036645162196e+00 1.036376280462e+00 1.951046802998e+01 1 1 1 0.0 0.0 0.0
Se 6.036185446975e+00 2.768161671435e+00 1.951046802998e+01 1 1 1 0.0 0.0 0.0
Se 9.035725731754e+00 4.499947062409e+00 1.951046802998e+01 1 1 1 0.0 0.0 0.0
Se 1.203526601653e+01 6.231732453382e+00 1.951046802998e+01 1 1 1 0.0 0.0 0.0
Se 1.503480630131e+01 7.963517844355e+00 1.951046802998e+01 1 1 1 0.0 0.0 0.0
Se 1.803434658609e+01 9.695303235329e+00 1.951046802998e+01 1 1 1 0.0 0.0 0.0
Se 2.103388687087e+01 1.142708862630e+01 1.951046802998e+01 1 1 1 0.0 0.0 0.0
Se 2.403342715565e+01 1.315887401728e+01 1.951046802998e+01 1 1 1 0.0 0.0 0.0
Se 2.703296744043e+01 1.489065940825e+01 1.951046802998e+01 1 1 1 0.0 0.0 0.0
Se 3.003250772521e+01 1.662244479922e+01 1.951046802998e+01 1 1 1 0.0 0.0 0.0
Se 3.303204800999e+01 1.835423019019e+01 1.951046802998e+01 1 1 1 0.0 0.0 0.0
Se 3.603158829477e+01 2.008601558117e+01 1.951046802998e+01 1 1 1 0.0 0.0 0.0
Se 3.903112857955e+01 2.181780097214e+01 1.951046802998e+01 1 1 1 0.0 0.0 0.0
Se 4.203066886433e+01 2.354958636311e+01 1.951046802998e+01 1 1 1 0.0 0.0 0.0
Se 2.103388687087e+01 2.528137175409e+01 1.951046802998e+01 1 1 1 0.0 0.0 0.0
Se 9.035725731754e+00 1.036376280462e+00 1.951046802998e+01 1 1 1 0.0 0.0 0.0
Se 1.203526601653e+01 2.768161671435e+00 1.951046802998e+01 1 1 1 0.0 0.0 0.0
Se 1.503480630131e+01 4.499947062409e+00 1.951046802998e+01 1 1 1 0.0 0.0 0.0
Se 1.803434658609e+01 6.231732453382e+00 1.951046802998e+01 1 1 1 0.0 0.0 0.0
Se 2.103388687087e+01 7.963517844355e+00 1.951046802998e+01 1 1 1 0.0 0.0 0.0
Se 2.403342715565e+01 9.695303235329e+00 1.951046802998e+01 1 1 1 0.0 0.0 0.0
Se 2.703296744043e+01 1.142708862630e+01 1.951046802998e+01 1 1 1 0.0 0.0 0.0
Se 3.003250772521e+01 1.315887401728e+01 1.951046802998e+01 1 1 1 0.0 0.0 0.0
Se 3.303204800999e+01 1.489065940825e+01 1.951046802998e+01 1 1 1 0.0 0.0 0.0
Se 3.603158829477e+01 1.662244479922e+01 1.951046802998e+01 1 1 1 0.0 0.0 0.0
Se 3.903112857955e+01 1.835423019019e+01 1.951046802998e+01 1 1 1 0.0 0.0 0.0
Se 2.703296744043e+01 2.528137175409e+01 1.951046802998e+01 1 1 1 0.0 0.0 0.0
Se 1.503480630131e+01 1.036376280462e+00 1.951046802998e+01 1 1 1 0.0 0.0 0.0
Se 1.803434658609e+01 2.768161671435e+00 1.951046802998e+01 1 1 1 0.0 0.0 0.0
Se 2.103388687087e+01 4.499947062409e+00 1.951046802998e+01 1 1 1 0.0 0.0 0.0
Se 2.403342715565e+01 6.231732453382e+00 1.951046802998e+01 1 1 1 0.0 0.0 0.0
Se 2.703296744043e+01 7.963517844355e+00 1.951046802998e+01 1 1 1 0.0 0.0 0.0
Se 3.003250772521e+01 9.695303235329e+00 1.951046802998e+01 1 1 1 0.0 0.0 0.0
Se 3.303204800999e+01 1.142708862630e+01 1.951046802998e+01 1 1 1 0.0 0.0 0.0
Se 3.603158829477e+01 1.315887401728e+01 1.951046802998e+01 1 1 1 0.0 0.0 0.0
Se 3.303204800999e+01 2.528137175409e+01 1.951046802998e+01 1 1 1 0.0 0.0 0.0
Se 2.103388687087e+01 1.036376280462e+00 1.951046802998e+01 1 1 1 0.0 0.0 0.0
Se 2.403342715565e+01 2.768161671435e+00 1.951046802998e+01 1 1 1 0.0 0.0 0.0
Se 2.703296744043e+01 4.499947062409e+00 1.951046802998e+01 1 1 1 0.0 0.0 0.0
Se 3.003250772521e+01 6.231732453382e+00 1.951046802998e+01 1 1 1 0.0 0.0 0.0
Se 3.303204800999e+01 7.963517844355e+00 1.951046802998e+01 1 1 1 0.0 0.0 0.0
Se 3.903112857955e+01 2.528137175409e+01 1.951046802998e+01 1 1 1 0.0 0.0 0.0
Se 2.703296744043e+01 1.036376280462e+00 1.951046802998e+01 1 1 1 0.0 0.0 0.0
Se 3.003250772521e+01 2.768161671435e+00 1.951046802998e+01 1 1 1 0.0 0.0 0.0
Se 4.090383697486e+01 2.154584523946e+01 3.998930533072e+01 1 1 1 0.0 0.0 0.0
Se 3.686599428381e+01 2.054673828313e+01 3.998930533072e+01 1 1 1 0.0 0.0 0.0
Se 3.975016763456e+01 1.754941741414e+01 3.998930533072e+01 1 1 1 0.0 0.0 0.0
Se 3.282815159276e+01 1.954763132680e+01 3.998930533072e+01 1 1 1 0.0 0.0 0.0
Se 3.571232494351e+01 1.655031045781e+01 3.998930533072e+01 1 1 1 0.0 0.0 0.0
Se 8.601095446466e+00 1.355298958881e+01 3.998930533072e+01 1 1 1 0.0 0.0 0.0
Se 2.590613555096e+01 2.154584523946e+01 3.998930533072e+01 1 1 1 0.0 0.0 0.0
Se 2.879030890171e+01 1.854852437047e+01 3.998930533072e+01 1 1 1 0.0 0.0 0.0
Se 3.167448225246e+01 1.555120350148e+01 3.998930533072e+01 1 1 1 0.0 0.0 0.0
Se 3.455865560321e+01 1.255388263248e+01 3.998930533072e+01 1 1 1 0.0 0.0 0.0
Se 2.186829285991e+01 2.054673828313e+01 3.998930533072e+01 1 1 1 0.0 0.0 0.0
Se 2.475246621066e+01 1.754941741414e+01 3.998930533072e+01 1 1 1 0.0 0.0 0.0
Se 2.763663956141e+01 1.455209654514e+01 3.998930533072e+01 1 1 1 0.0 0.0 0.0
Se 3.052081291216e+01 1.155477567615e+01 3.998930533072e+01 1 1 1 0.0 0.0 0.0
Se 3.340498626291e+01 8.557454807161e+00 3.998930533072e+01 1 1 1 0.0 0.0 0.0
Se 1.783045016886e+01 1.954763132680e+01 3.998930533072e+01 1 1 1 0.0 0.0 0.0
Se 2.071462351961e+01 1.655031045781e+01 3.998930533072e+01 1 1 1 0.0 0.0 0.0
Se 2.359879687036e+01 1.355298958881e+01 3.998930533072e+01 1 1 1 0.0 0.0 0.0
Se 2.648297022111e+01 1.055566871982e+01 3.998930533072e+01 1 1 1 0.0 0.0 0.0
Se 2.936714357186e+01 7.558347850830e+00 3.998930533072e+01 1 1 1 0.0 0.0 0.0
Se 3.225131692261e+01 4.561026981838e+00 3.998930533072e+01 1 1 1 0.0 0.0 0.0
Se 1.379260747782e+01 1.854852437047e+01 3.998930533072e+01 1 1 1 0.0 0.0 0.0
Se 1.667678082856e+01 1.555120350148e+01 3.998930533072e+01 1 1 1 0.0 0.0 0.0
Se 1.956095417931e+01 1.255388263248e+01 3.998930533072e+01 1 1 1 0.0 0.0 0.0
Se 2.244512753006e+01 9.556561763491e+00 3.998930533072e+01 1 1 1 0.0 0.0 0.0
Se 2.532930088081e+01 6.559240894499e+00 3.998930533072e+01 1 1 1 0.0 0.0 0.0
Se 2.821347423156e+01 3.561920025507e+00 3.998930533072e+01 1 1 1 0.0 0.0 0.0
Se 1.102244734518e+00 5.645991565146e-01 3.998930533072e+01 1 1 1 0.0 0.0 0.0
Se 1.263893813752e+01 1.455209654514e+01 3.998930533072e+01 1 1 1 0.0 0.0 0.0
Se 1.552311148826e+01 1.155477567615e+01 3.998930533072e+01 1 1 1 0.0 0.0 0.0
Se 1.840728483901e+01 8.557454807160e+00 3.998930533072e+01 1 1 1 0.0 0.0 0.0
Se 2.129145818976e+01 5.560133938168e+00 3.998930533072e+01 1 1 1 0.0 0.0 0.0
Se 2.417563154051e+01 2.562813069176e+00 3.998930533072e+01 1 1 1 0.0 0.0 0.0
Se 4.205750631516e+01 2.554227306478e+01 3.998930533072e+01 1 1 1 0.0 0.0 0.0
Se 1.148526879722e+01 1.055566871982e+01 3.998930533072e+01 1 1 1 0.0 0.0 0.0
Se 1.436944214796e+01 7.558347850830e+00 3.998930533072e+01 1 1 1 0.0 0.0 0.0
Se 1.725361549871e+01 4.561026981838e+00 3.998930533072e+01 1 1 1 0.0 0.0 0.0
Se 2.013778884946e+01 1.563706112845e+00 3.998930533072e+01 1 1 1 0.0 0.0 0.0
Se 3.801966362411e+01 2.454316610845e+01 3.998930533072e+01 1 1 1 0.0 0.0 0.0
Se 7.447426106167e+00 9.556561763491e+00 3.998930533072e+01 1 1 1 0.0 0.0 0.0
Se 1.033159945692e+01 6.559240894499e+00 3.998930533072e+01 1 1 1 0.0 0.0 0.0
Se 1.321577280767e+01 3.561920025507e+00 3.998930533072e+01 1 1 1 0.0 0.0 0.0
Se 1.609994615841e+01 5.645991565146e-01 3.998930533072e+01 1 1 1 0.0 0.0 0.0
Se 3.398182093306e+01 2.354405915212e+01 3.998930533072e+01 1 1 1 0.0 0.0 0.0
Se 6.293756765867e+00 5.560133938168e+00 3.998930533072e+01 1 1 1 0.0 0.0 0.0
Se 9.177930116616e+00 2.562813069176e+00 3.998930533072e+01 1 1 1 0.0 0.0 0.0
Se 2.705980489126e+01 2.554227306478e+01 3.998930533072e+01 1 1 1 0.0 0.0 0.0
Se 2.994397824201e+01 2.254495219579e+01 3.998930533072e+01 1 1 1 0.0 0.0 0.0
Se 5.140087425567e+00 1.563706112845e+00 3.998930533072e+01 1 1 1 0.0 0.0 0.0
Se 2.302196220021e+01 2.454316610845e+01 3.998930533072e+01 1 1 1 0.0 0.0 0.0
Se 1.898411950916e+01 2.354405915212e+01 3.998930533072e+01 1 1 1 0.0 0.0 0.0
Se 1.494627681811e+01 2.254495219579e+01 3.998930533072e+01 1 1 1 0.0 0.0 0.0
Se 3.863350949457e+01 2.220739220717e+01 3.635172086532e+01 1 1 1 0.0 0.0 0.0
Se 3.459566680352e+01 2.120828525084e+01 3.635172086532e+01 1 1 1 0.0 0.0 0.0
Se 3.747984015427e+01 1.821096438185e+01 3.635172086532e+01 1 1 1 0.0 0.0 0.0
Se 3.055782411247e+01 2.020917829451e+01 3.635172086532e+01 1 1 1 0.0 0.0 0.0
Se 3.344199746322e+01 1.721185742552e+01 3.635172086532e+01 1 1 1 0.0 0.0 0.0
Se 3.632617081397e+01 1.421453655653e+01 3.635172086532e+01 1 1 1 0.0 0.0 0.0
Se 2.363580807068e+01 2.220739220717e+01 3.635172086532e+01 1 1 1 0.0 0.0 0.0
Se 2.651998142143e+01 1.921007133818e+01 3.635172086532e+01 1 1 1 0.0 0.0 0.0
Se 2.940415477217e+01 1.621275046919e+01 3.635172086532e+01 1 1 1 0.0 0.0 0.0
Se 3.228832812292e+01 1.321542960019e+01 3.635172086532e+01 1 1 1 0.0 0.0 0.0
Se 1.959796537963e+01 2.120828525084e+01 3.635172086532e+01 1 1 1 0.0 0.0 0.0
Se 2.248213873038e+01 1.821096438185e+01 3.635172086532e+01 1 1 1 0.0 0.0 0.0
Se 2.536631208113e+01 1.521364351286e+01 3.635172086532e+01 1 1 1 0.0 0.0 0.0
Se 2.825048543187e+01 1.221632264386e+01 3.635172086532e+01 1 1 1 0.0 0.0 0.0
Se 3.113465878262e+01 9.219001774872e+00 3.635172086532e+01 1 1 1 0.0 0.0 0.0
Se 1.556012268858e+01 2.020917829451e+01 3.635172086532e+01 1 1 1 0.0 0.0 0.0
Se 1.844429603933e+01 1.721185742552e+01 3.635172086532e+01 1 1 1 0.0 0.0 0.0
Se 2.132846939008e+01 1.421453655653e+01 3.635172086532e+01 1 1 1 0.0 0.0 0.0
Se 2.421264274083e+01 1.121721568753e+01 3.635172086532e+01 1 1 1 0.0 0.0 0.0
Se 2.709681609157e+01 8.219894818541e+00 3.635172086532e+01 1 1 1 0.0 0.0 0.0
Se 2.998098944232e+01 5.222573949549e+00 3.635172086532e+01 1 1 1 0.0 0.0 0.0
Se 1.152227999753e+01 1.921007133818e+01 3.635172086532e+01 1 1 1 0.0 0.0 0.0
Se 1.440645334828e+01 1.621275046919e+01 3.635172086532e+01 1 1 1 0.0 0.0 0.0
Se 1.729062669903e+01 1.321542960019e+01 3.635172086532e+01 1 1 1 0.0 0.0 0.0
Se 2.017480004978e+01 1.021810873120e+01 3.635172086532e+01 1 1 1 0.0 0.0 0.0
Se 2.305897340053e+01 7.220787862210e+00 3.635172086532e+01 1 1 1 0.0 0.0 0.0
Se 2.594314675128e+01 4.223466993218e+00 3.635172086532e+01 1 1 1 0.0 0.0 0.0
Se 2.882732010202e+01 1.226146124226e+00 3.635172086532e+01 1 1 1 0.0 0.0 0.0
Se 1.036861065723e+01 1.521364351286e+01 3.635172086532e+01 1 1 1 0.0 0.0 0.0
Se 1.325278400798e+01 1.221632264386e+01 3.635172086532e+01 1 1 1 0.0 0.0 0.0
Se 1.613695735873e+01 9.219001774872e+00 3.635172086532e+01 1 1 1 0.0 0.0 0.0
Se 1.902113070948e+01 6.221680905879e+00 3.635172086532e+01 1 1 1 0.0 0.0 0.0
Se 2.190530406023e+01 3.224360036887e+00 3.635172086532e+01 1 1 1 0.0 0.0 0.0
Se 2.478947741098e+01 2.270391678949e-01 3.635172086532e+01 1 1 1 0.0 0.0 0.0
Se 9.214941316929e+00 1.121721568753e+01 3.635172086532e+01 1 1 1 0.0 0.0 0.0
Se 1.209911466768e+01 8.219894818541e+00 3.635172086532e+01 1 1 1 0.0 0.0 0.0
Se 1.498328801843e+01 5.222573949549e+00 3.635172086532e+01 1 1 1 0.0 0.0 0.0
Se 1.786746136918e+01 2.225253080556e+00 3.635172086532e+01 1 1 1 0.0 0.0 0.0
Se 3.574933614382e+01 2.520471307616e+01 3.635172086532e+01 1 1 1 0.0 0.0 0.0
Se 3.517250147367e+01 1.021810873120e+01 3.635172086532e+01 1 1 1 0.0 0.0 0.0
Se 8.061271976630e+00 7.220787862210e+00 3.635172086532e+01 1 1 1 0.0 0.0 0.0
Se 1.094544532738e+01 4.223466993218e+00 3.635172086532e+01 1 1 1 0.0 0.0 0.0
Se 1.382961867813e+01 1.226146124226e+00 3.635172086532e+01 1 1 1 0.0 0.0 0.0
Se 3.171149345277e+01 2.420560611983e+01 3.635172086532e+01 1 1 1 0.0 0.0 0.0
Se 4.023429285581e+00 6.221680905879e+00 3.635172086532e+01 1 1 1 0.0 0.0 0.0
Se 6.907602636330e+00 3.224360036887e+00 3.635172086532e+01 1 1 1 0.0 0.0 0.0
Se 9.791775987079e+00 2.270391678949e-01 3.635172086532e+01 1 1 1 0.0 0.0 0.0
Se 2.767365076172e+01 2.320649916350e+01 3.635172086532e+01 1 1 1 0.0 0.0 0.0
Se 2.869759945281e+00 2.225253080556e+00 3.635172086532e+01 1 1 1 0.0 0.0 0.0
Se 2.075163471993e+01 2.520471307616e+01 3.635172086532e+01 1 1 1 0.0 0.0 0.0
Se 1.671379202888e+01 2.420560611983e+01 3.635172086532e+01 1 1 1 0.0 0.0 0.0
Se 4.267135218562e+01 2.320649916350e+01 3.635172086532e+01 1 1 1 0.0 0.0 0.0
Se 3.920363625134e+01 1.988725107401e+01 3.271820175121e+01 1 1 1 0.0 0.0 0.0
Se 3.516579356030e+01 1.888814411768e+01 3.271820175121e+01 1 1 1 0.0 0.0 0.0
Se 3.804996691104e+01 1.589082324869e+01 3.271820175121e+01 1 1 1 0.0 0.0 0.0
Se 3.112795086925e+01 1.788903716135e+01 3.271820175121e+01 1 1 1 0.0 0.0 0.0
Se 3.401212422000e+01 1.489171629236e+01 3.271820175121e+01 1 1 1 0.0 0.0 0.0
Se 6.900894722952e+00 1.189439542337e+01 3.271820175121e+01 1 1 1 0.0 0.0 0.0
Se 2.420593482745e+01 1.988725107401e+01 3.271820175121e+01 1 1 1 0.0 0.0 0.0
Se 2.709010817820e+01 1.688993020502e+01 3.271820175121e+01 1 1 1 0.0 0.0 0.0
Se 2.997428152895e+01 1.389260933603e+01 3.271820175121e+01 1 1 1 0.0 0.0 0.0
Se 3.285845487970e+01 1.089528846703e+01 3.271820175121e+01 1 1 1 0.0 0.0 0.0
Se 2.016809213640e+01 1.888814411768e+01 3.271820175121e+01 1 1 1 0.0 0.0 0.0
Se 2.305226548715e+01 1.589082324869e+01 3.271820175121e+01 1 1 1 0.0 0.0 0.0
Se 2.593643883790e+01 1.289350237970e+01 3.271820175121e+01 1 1 1 0.0 0.0 0.0
Se 2.882061218865e+01 9.896181510704e+00 3.271820175121e+01 1 1 1 0.0 0.0 0.0
Se 3.170478553940e+01 6.898860641712e+00 3.271820175121e+01 1 1 1 0.0 0.0 0.0
Se 1.613024944535e+01 1.788903716135e+01 3.271820175121e+01 1 1 1 0.0 0.0 0.0
Se 1.901442279610e+01 1.489171629236e+01 3.271820175121e+01 1 1 1 0.0 0.0 0.0
Se 2.189859614685e+01 1.189439542337e+01 3.271820175121e+01 1 1 1 0.0 0.0 0.0
Se 2.478276949760e+01 8.897074554373e+00 3.271820175121e+01 1 1 1 0.0 0.0 0.0
Se 2.766694284835e+01 5.899753685381e+00 3.271820175121e+01 1 1 1 0.0 0.0 0.0
Se 3.055111619910e+01 2.902432816389e+00 3.271820175121e+01 1 1 1 0.0 0.0 0.0
Se 1.209240675430e+01 1.688993020502e+01 3.271820175121e+01 1 1 1 0.0 0.0 0.0
Se 1.497658010505e+01 1.389260933603e+01 3.271820175121e+01 1 1 1 0.0 0.0 0.0
Se 1.786075345580e+01 1.089528846703e+01 3.271820175121e+01 1 1 1 0.0 0.0 0.0
Se 2.074492680655e+01 7.897967598043e+00 3.271820175121e+01 1 1 1 0.0 0.0 0.0
Se 2.362910015730e+01 4.900646729050e+00 3.271820175121e+01 1 1 1 0.0 0.0 0.0
Se 2.651327350805e+01 1.903325860058e+00 3.271820175121e+01 1 1 1 0.0 0.0 0.0
Se 1.439974543490e+01 2.488278585567e+01 3.271820175121e+01 1 1 1 0.0 0.0 0.0
Se 1.093873741400e+01 1.289350237970e+01 3.271820175121e+01 1 1 1 0.0 0.0 0.0
Se 1.382291076475e+01 9.896181510704e+00 3.271820175121e+01 1 1 1 0.0 0.0 0.0
Se 1.670708411550e+01 6.898860641712e+00 3.271820175121e+01 1 1 1 0.0 0.0 0.0
Se 1.959125746625e+01 3.901539772720e+00 3.271820175121e+01 1 1 1 0.0 0.0 0.0
Se 2.247543081700e+01 9.042189037276e-01 3.271820175121e+01 1 1 1 0.0 0.0 0.0
Se 4.035730559164e+01 2.388367889933e+01 3.271820175121e+01 1 1 1 0.0 0.0 0.0
Se 9.785068073701e+00 8.897074554373e+00 3.271820175121e+01 1 1 1 0.0 0.0 0.0
Se 1.266924142445e+01 5.899753685381e+00 3.271820175121e+01 1 1 1 0.0 0.0 0.0
Se 1.555341477520e+01 2.902432816389e+00 3.271820175121e+01 1 1 1 0.0 0.0 0.0
Se 3.343528954985e+01 2.588189281200e+01 3.271820175121e+01 1 1 1 0.0 0.0 0.0
Se 3.631946290059e+01 2.288457194300e+01 3.271820175121e+01 1 1 1 0.0 0.0 0.0
Se 5.747225382652e+00 7.897967598043e+00 3.271820175121e+01 1 1 1 0.0 0.0 0.0
Se 8.631398733402e+00 4.900646729050e+00 3.271820175121e+01 1 1 1 0.0 0.0 0.0
Se 1.151557208415e+01 1.903325860058e+00 3.271820175121e+01 1 1 1 0.0 0.0 0.0
Se 2.939744685880e+01 2.488278585567e+01 3.271820175121e+01 1 1 1 0.0 0.0 0.0
Se 3.228162020955e+01 2.188546498667e+01 3.271820175121e+01 1 1 1 0.0 0.0 0.0
Se 4.593556042353e+00 3.901539772720e+00 3.271820175121e+01 1 1 1 0.0 0.0 0.0
Se 7.477729393102e+00 9.042189037276e-01 3.271820175121e+01 1 1 1 0.0 0.0 0.0
Se 2.535960416775e+01 2.388367889933e+01 3.271820175121e+01 1 1 1 0.0 0.0 0.0
Se 2.824377751850e+01 2.088635803034e+01 3.271820175121e+01 1 1 1 0.0 0.0 0.0
Se 1.843758812595e+01 2.588189281200e+01 3.271820175121e+01 1 1 1 0.0 0.0 0.0
Se 2.132176147670e+01 2.288457194300e+01 3.271820175121e+01 1 1 1 0.0 0.0 0.0
Se 1.728391878565e+01 2.188546498667e+01 3.271820175121e+01 1 1 1 0.0 0.0 0.0
Se 1.324607609460e+01 2.088635803034e+01 3.271820175121e+01 1 1 1 0.0 0.0 0.0
Se 3.866198088692e+01 2.228427730918e+01 2.995146533993e+01 1 1 1 0.0 0.0 0.0
Se 3.462413819587e+01 2.128517035285e+01 2.995146533993e+01 1 1 1 0.0 0.0 0.0
Se 3.750831154662e+01 1.828784948385e+01 2.995146533993e+01 1 1 1 0.0 0.0 0.0
Se 3.058629550482e+01 2.028606339651e+01 2.995146533993e+01 1 1 1 0.0 0.0 0.0
Se 3.347046885557e+01 1.728874252752e+01 2.995146533993e+01 1 1 1 0.0 0.0 0.0
Se 3.635464220632e+01 1.429142165853e+01 2.995146533993e+01 1 1 1 0.0 0.0 0.0
Se 2.366427946302e+01 2.228427730918e+01 2.995146533993e+01 1 1 1 0.0 0.0 0.0
Se 2.654845281377e+01 1.928695644018e+01 2.995146533993e+01 1 1 1 0.0 0.0 0.0
Se 2.943262616452e+01 1.628963557119e+01 2.995146533993e+01 1 1 1 0.0 0.0 0.0
Se 3.231679951527e+01 1.329231470220e+01 2.995146533993e+01 1 1 1 0.0 0.0 0.0
Se 1.962643677197e+01 2.128517035285e+01 2.995146533993e+01 1 1 1 0.0 0.0 0.0
Se 2.251061012272e+01 1.828784948385e+01 2.995146533993e+01 1 1 1 0.0 0.0 0.0
Se 2.539478347347e+01 1.529052861486e+01 2.995146533993e+01 1 1 1 0.0 0.0 0.0
Se 2.827895682422e+01 1.229320774587e+01 2.995146533993e+01 1 1 1 0.0 0.0 0.0
Se 3.116313017497e+01 9.295886876877e+00 2.995146533993e+01 1 1 1 0.0 0.0 0.0
Se 1.558859408092e+01 2.028606339651e+01 2.995146533993e+01 1 1 1 0.0 0.0 0.0
Se 1.847276743167e+01 1.728874252752e+01 2.995146533993e+01 1 1 1 0.0 0.0 0.0
Se 2.135694078242e+01 1.429142165853e+01 2.995146533993e+01 1 1 1 0.0 0.0 0.0
Se 2.424111413317e+01 1.129410078954e+01 2.995146533993e+01 1 1 1 0.0 0.0 0.0
Se 2.712528748392e+01 8.296779920546e+00 2.995146533993e+01 1 1 1 0.0 0.0 0.0
Se 3.000946083467e+01 5.299459051554e+00 2.995146533993e+01 1 1 1 0.0 0.0 0.0
Se 1.155075138987e+01 1.928695644018e+01 2.995146533993e+01 1 1 1 0.0 0.0 0.0
Se 1.443492474062e+01 1.628963557119e+01 2.995146533993e+01 1 1 1 0.0 0.0 0.0
Se 1.731909809137e+01 1.329231470220e+01 2.995146533993e+01 1 1 1 0.0 0.0 0.0
Se 2.020327144212e+01 1.029499383321e+01 2.995146533993e+01 1 1 1 0.0 0.0 0.0
Se 2.308744479287e+01 7.297672964215e+00 2.995146533993e+01 1 1 1 0.0 0.0 0.0
Se 2.597161814362e+01 4.300352095223e+00 2.995146533993e+01 1 1 1 0.0 0.0 0.0
Se 2.885579149437e+01 1.303031226231e+00 2.995146533993e+01 1 1 1 0.0 0.0 0.0
Se 1.039708204957e+01 1.529052861486e+01 2.995146533993e+01 1 1 1 0.0 0.0 0.0
Se 1.328125540032e+01 1.229320774587e+01 2.995146533993e+01 1 1 1 0.0 0.0 0.0
Se 1.616542875107e+01 9.295886876877e+00 2.995146533993e+01 1 1 1 0.0 0.0 0.0
Se 1.904960210182e+01 6.298566007885e+00 2.995146533993e+01 1 1 1 0.0 0.0 0.0
Se 2.193377545257e+01 3.301245138892e+00 2.995146533993e+01 1 1 1 0.0 0.0 0.0
Se 2.481794880332e+01 3.039242699003e-01 2.995146533993e+01 1 1 1 0.0 0.0 0.0
Se 9.243412709274e+00 1.129410078954e+01 2.995146533993e+01 1 1 1 0.0 0.0 0.0
Se 1.212758606002e+01 8.296779920546e+00 2.995146533993e+01 1 1 1 0.0 0.0 0.0
Se 1.501175941077e+01 5.299459051554e+00 2.995146533993e+01 1 1 1 0.0 0.0 0.0
Se 1.789593276152e+01 2.302138182562e+00 2.995146533993e+01 1 1 1 0.0 0.0 0.0
Se 3.577780753617e+01 2.528159817817e+01 2.995146533993e+01 1 1 1 0.0 0.0 0.0
Se 3.520097286602e+01 1.029499383321e+01 2.995146533993e+01 1 1 1 0.0 0.0 0.0
Se 8.089743368974e+00 7.297672964215e+00 2.995146533993e+01 1 1 1 0.0 0.0 0.0
Se 1.097391671972e+01 4.300352095223e+00 2.995146533993e+01 1 1 1 0.0 0.0 0.0
Se 1.385809007047e+01 1.303031226231e+00 2.995146533993e+01 1 1 1 0.0 0.0 0.0
Se 3.173996484512e+01 2.428249122184e+01 2.995146533993e+01 1 1 1 0.0 0.0 0.0
Se 4.051900677925e+00 6.298566007885e+00 2.995146533993e+01 1 1 1 0.0 0.0 0.0
Se 6.936074028674e+00 3.301245138892e+00 2.995146533993e+01 1 1 1 0.0 0.0 0.0
Se 9.820247379423e+00 3.039242699003e-01 2.995146533993e+01 1 1 1 0.0 0.0 0.0
Se 2.770212215407e+01 2.328338426551e+01 2.995146533993e+01 1 1 1 0.0 0.0 0.0
Se 2.898231337625e+00 2.302138182562e+00 2.995146533993e+01 1 1 1 0.0 0.0 0.0
Se 2.078010611227e+01 2.528159817817e+01 2.995146533993e+01 1 1 1 0.0 0.0 0.0
Se 1.674226342122e+01 2.428249122184e+01 2.995146533993e+01 1 1 1 0.0 0.0 0.0
Se 4.269982357797e+01 2.328338426551e+01 2.995146533993e+01 1 1 1 0.0 0.0 0.0
Se 3.922420439587e+01 1.996623526761e+01 2.633360299309e+01 1 1 1 0.0 0.0 0.0
Se 3.518636170482e+01 1.896712831128e+01 2.633360299309e+01 1 1 1 0.0 0.0 0.0
Se 3.807053505557e+01 1.596980744229e+01 2.633360299309e+01 1 1 1 0.0 0.0 0.0
Se 3.114851901378e+01 1.796802135495e+01 2.633360299309e+01 1 1 1 0.0 0.0 0.0
Se 3.403269236452e+01 1.497070048596e+01 2.633360299309e+01 1 1 1 0.0 0.0 0.0
Se 6.921462867481e+00 1.197337961696e+01 2.633360299309e+01 1 1 1 0.0 0.0 0.0
Se 2.422650297198e+01 1.996623526761e+01 2.633360299309e+01 1 1 1 0.0 0.0 0.0
Se 2.711067632273e+01 1.696891439862e+01 2.633360299309e+01 1 1 1 0.0 0.0 0.0
Se 2.999484967348e+01 1.397159352962e+01 2.633360299309e+01 1 1 1 0.0 0.0 0.0
Se 3.287902302422e+01 1.097427266063e+01 2.633360299309e+01 1 1 1 0.0 0.0 0.0
Se 2.018866028093e+01 1.896712831128e+01 2.633360299309e+01 1 1 1 0.0 0.0 0.0
Se 2.307283363168e+01 1.596980744229e+01 2.633360299309e+01 1 1 1 0.0 0.0 0.0
Se 2.595700698243e+01 1.297248657329e+01 2.633360299309e+01 1 1 1 0.0 0.0 0.0
Se 2.884118033318e+01 9.975165704302e+00 2.633360299309e+01 1 1 1 0.0 0.0 0.0
Se 3.172535368393e+01 6.977844835310e+00 2.633360299309e+01 1 1 1 0.0 0.0 0.0
Se 1.615081758988e+01 1.796802135495e+01 2.633360299309e+01 1 1 1 0.0 0.0 0.0
Se 1.903499094063e+01 1.497070048596e+01 2.633360299309e+01 1 1 1 0.0 0.0 0.0
Se 2.191916429138e+01 1.197337961696e+01 2.633360299309e+01 1 1 1 0.0 0.0 0.0
Se 2.480333764213e+01 8.976058747971e+00 2.633360299309e+01 1 1 1 0.0 0.0 0.0
Se 2.768751099288e+01 5.978737878979e+00 2.633360299309e+01 1 1 1 0.0 0.0 0.0
Se 3.057168434363e+01 2.981417009987e+00 2.633360299309e+01 1 1 1 0.0 0.0 0.0
Se 1.211297489883e+01 1.696891439862e+01 2.633360299309e+01 1 1 1 0.0 0.0 0.0
Se 1.499714824958e+01 1.397159352962e+01 2.633360299309e+01 1 1 1 0.0 0.0 0.0
Se 1.788132160033e+01 1.097427266063e+01 2.633360299309e+01 1 1 1 0.0 0.0 0.0
Se 2.076549495108e+01 7.976951791640e+00 2.633360299309e+01 1 1 1 0.0 0.0 0.0
Se 2.364966830183e+01 4.979630922648e+00 2.633360299309e+01 1 1 1 0.0 0.0 0.0
Se 2.653384165258e+01 1.982310053656e+00 2.633360299309e+01 1 1 1 0.0 0.0 0.0
Se 1.442031357943e+01 2.496177004926e+01 2.633360299309e+01 1 1 1 0.0 0.0 0.0
Se 1.095930555853e+01 1.297248657329e+01 2.633360299309e+01 1 1 1 0.0 0.0 0.0
Se 1.384347890928e+01 9.975165704302e+00 2.633360299309e+01 1 1 1 0.0 0.0 0.0
Se 1.672765226003e+01 6.977844835310e+00 2.633360299309e+01 1 1 1 0.0 0.0 0.0
Se 1.961182561078e+01 3.980523966317e+00 2.633360299309e+01 1 1 1 0.0 0.0 0.0
Se 2.249599896153e+01 9.832030973252e-01 2.633360299309e+01 1 1 1 0.0 0.0 0.0
Se 4.037787373617e+01 2.396266309293e+01 2.633360299309e+01 1 1 1 0.0 0.0 0.0
Se 9.805636218231e+00 8.976058747971e+00 2.633360299309e+01 1 1 1 0.0 0.0 0.0
Se 1.268980956898e+01 5.978737878979e+00 2.633360299309e+01 1 1 1 0.0 0.0 0.0
Se 1.557398291973e+01 2.981417009987e+00 2.633360299309e+01 1 1 1 0.0 0.0 0.0
Se 3.345585769437e+01 2.596087700559e+01 2.633360299309e+01 1 1 1 0.0 0.0 0.0
Se 3.634003104512e+01 2.296355613660e+01 2.633360299309e+01 1 1 1 0.0 0.0 0.0
Se 5.767793527182e+00 7.976951791640e+00 2.633360299309e+01 1 1 1 0.0 0.0 0.0
Se 8.651966877931e+00 4.979630922648e+00 2.633360299309e+01 1 1 1 0.0 0.0 0.0
Se 1.153614022868e+01 1.982310053656e+00 2.633360299309e+01 1 1 1 0.0 0.0 0.0
Se 2.941801500333e+01 2.496177004926e+01 2.633360299309e+01 1 1 1 0.0 0.0 0.0
Se 3.230218835408e+01 2.196444918027e+01 2.633360299309e+01 1 1 1 0.0 0.0 0.0
Se 4.614124186882e+00 3.980523966317e+00 2.633360299309e+01 1 1 1 0.0 0.0 0.0
Se 7.498297537631e+00 9.832030973252e-01 2.633360299309e+01 1 1 1 0.0 0.0 0.0
Se 2.538017231228e+01 2.396266309293e+01 2.633360299309e+01 1 1 1 0.0 0.0 0.0
Se 2.826434566303e+01 2.096534222394e+01 2.633360299309e+01 1 1 1 0.0 0.0 0.0
Se 1.845815627048e+01 2.596087700559e+01 2.633360299309e+01 1 1 1 0.0 0.0 0.0
Se 2.134232962123e+01 2.296355613660e+01 2.633360299309e+01 1 1 1 0.0 0.0 0.0
Se 1.730448693018e+01 2.196444918027e+01 2.633360299309e+01 1 1 1 0.0 0.0 0.0
Se 1.326664423913e+01 2.096534222394e+01 2.633360299309e+01 1 1 1 0.0 0.0 0.0
Se 4.094096462346e+01 2.162935585787e+01 2.271046802998e+01 1 1 1 0.0 0.0 0.0
Se 3.690312193241e+01 2.063024890154e+01 2.271046802998e+01 1 1 1 0.0 0.0 0.0
Se 3.978729528316e+01 1.763292803255e+01 2.271046802998e+01 1 1 1 0.0 0.0 0.0
Se 3.286527924136e+01 1.963114194521e+01 2.271046802998e+01 1 1 1 0.0 0.0 0.0
Se 3.574945259211e+01 1.663382107622e+01 2.271046802998e+01 1 1 1 0.0 0.0 0.0
Se 8.638223095071e+00 1.363650020723e+01 2.271046802998e+01 1 1 1 0.0 0.0 0.0
Se 2.594326319957e+01 2.162935585787e+01 2.271046802998e+01 1 1 1 0.0 0.0 0.0
Se 2.882743655032e+01 1.863203498888e+01 2.271046802998e+01 1 1 1 0.0 0.0 0.0
Se 3.171160990106e+01 1.563471411989e+01 2.271046802998e+01 1 1 1 0.0 0.0 0.0
Se 3.459578325181e+01 1.263739325090e+01 2.271046802998e+01 1 1 1 0.0 0.0 0.0
Se 2.190542050852e+01 2.063024890154e+01 2.271046802998e+01 1 1 1 0.0 0.0 0.0
Se 2.478959385927e+01 1.763292803255e+01 2.271046802998e+01 1 1 1 0.0 0.0 0.0
Se 2.767376721002e+01 1.463560716356e+01 2.271046802998e+01 1 1 1 0.0 0.0 0.0
Se 3.055794056077e+01 1.163828629457e+01 2.271046802998e+01 1 1 1 0.0 0.0 0.0
Se 3.344211391151e+01 8.640965425573e+00 2.271046802998e+01 1 1 1 0.0 0.0 0.0
Se 1.786757781747e+01 1.963114194521e+01 2.271046802998e+01 1 1 1 0.0 0.0 0.0
Se 2.075175116822e+01 1.663382107622e+01 2.271046802998e+01 1 1 1 0.0 0.0 0.0
Se 2.363592451897e+01 1.363650020723e+01 2.271046802998e+01 1 1 1 0.0 0.0 0.0
Se 2.652009786972e+01 1.063917933823e+01 2.271046802998e+01 1 1 1 0.0 0.0 0.0
Se 2.940427122047e+01 7.641858469242e+00 2.271046802998e+01 1 1 1 0.0 0.0 0.0
Se 3.228844457121e+01 4.644537600250e+00 2.271046802998e+01 1 1 1 0.0 0.0 0.0
Se 1.382973512642e+01 1.863203498888e+01 2.271046802998e+01 1 1 1 0.0 0.0 0.0
Se 1.671390847717e+01 1.563471411989e+01 2.271046802998e+01 1 1 1 0.0 0.0 0.0
Se 1.959808182792e+01 1.263739325090e+01 2.271046802998e+01 1 1 1 0.0 0.0 0.0
Se 2.248225517867e+01 9.640072381904e+00 2.271046802998e+01 1 1 1 0.0 0.0 0.0
Se 2.536642852942e+01 6.642751512912e+00 2.271046802998e+01 1 1 1 0.0 0.0 0.0
Se 2.825060188017e+01 3.645430643919e+00 2.271046802998e+01 1 1 1 0.0 0.0 0.0
Se 1.139372383123e+00 6.481097749272e-01 2.271046802998e+01 1 1 1 0.0 0.0 0.0
Se 1.267606578612e+01 1.463560716356e+01 2.271046802998e+01 1 1 1 0.0 0.0 0.0
Se 1.556023913687e+01 1.163828629457e+01 2.271046802998e+01 1 1 1 0.0 0.0 0.0
Se 1.844441248762e+01 8.640965425573e+00 2.271046802998e+01 1 1 1 0.0 0.0 0.0
Se 2.132858583837e+01 5.643644556581e+00 2.271046802998e+01 1 1 1 0.0 0.0 0.0
Se 2.421275918912e+01 2.646323687589e+00 2.271046802998e+01 1 1 1 0.0 0.0 0.0
Se 4.209463396376e+01 2.562578368320e+01 2.271046802998e+01 1 1 1 0.0 0.0 0.0
Se 1.152239644582e+01 1.063917933823e+01 2.271046802998e+01 1 1 1 0.0 0.0 0.0
Se 1.440656979657e+01 7.641858469242e+00 2.271046802998e+01 1 1 1 0.0 0.0 0.0
Se 1.729074314732e+01 4.644537600250e+00 2.271046802998e+01 1 1 1 0.0 0.0 0.0
Se 2.017491649807e+01 1.647216731258e+00 2.271046802998e+01 1 1 1 0.0 0.0 0.0
Se 3.805679127271e+01 2.462667672686e+01 2.271046802998e+01 1 1 1 0.0 0.0 0.0
Se 7.484553754771e+00 9.640072381904e+00 2.271046802998e+01 1 1 1 0.0 0.0 0.0
Se 1.036872710552e+01 6.642751512912e+00 2.271046802998e+01 1 1 1 0.0 0.0 0.0
Se 1.325290045627e+01 3.645430643919e+00 2.271046802998e+01 1 1 1 0.0 0.0 0.0
Se 1.613707380702e+01 6.481097749272e-01 2.271046802998e+01 1 1 1 0.0 0.0 0.0
Se 3.401894858166e+01 2.362756977053e+01 2.271046802998e+01 1 1 1 0.0 0.0 0.0
Se 6.330884414471e+00 5.643644556581e+00 2.271046802998e+01 1 1 1 0.0 0.0 0.0
Se 9.215057765221e+00 2.646323687589e+00 2.271046802998e+01 1 1 1 0.0 0.0 0.0
Se 2.709693253987e+01 2.562578368320e+01 2.271046802998e+01 1 1 1 0.0 0.0 0.0
Se 2.998110589062e+01 2.262846281420e+01 2.271046802998e+01 1 1 1 0.0 0.0 0.0
Se 5.177215074172e+00 1.647216731258e+00 2.271046802998e+01 1 1 1 0.0 0.0 0.0
Se 2.305908984882e+01 2.462667672686e+01 2.271046802998e+01 1 1 1 0.0 0.0 0.0
Se 1.902124715777e+01 2.362756977053e+01 2.271046802998e+01 1 1 1 0.0 0.0 0.0
Se 1.498340446672e+01 2.262846281420e+01 2.271046802998e+01 1 1 1 0.0 0.0 0.0
"