calculation_mode = "Quench Electrons"
cell_relax = "False"
charge_density_mixing = "0.1"
charge_mixing_type = "Broyden"
description = "Example parameters for high-throughput bulk relaxation of a vdW material"
dos_broading = "0.05"
dos_method = "Gaussian"
energy_convergence_criterion = "1e-10"
energy_output_units = "Hartrees"
kohn_sham_mucycles = "3"
kohn_sham_solver = "davidson"
kpoint_mesh = "1 1 1"
localize_projectors = "False"
max_md_steps = "100"
max_scf_steps = "200"
non_local_block_size = "4000"
potential_acceleration_constant_step = "1.5"
processor_grid = "6 8 17"
rms_convergence_criterion = "1e-08"
scalapack_block_factor = "64"
start_mode = "LCAO Start"
state_block_size = "64"
stress = "True"
subdiag_driver = "scalapack"
use_async_allreduce = "False"
vdw_corr = "DFT-D3"
vdwdf_kernel_filepath = "/lustre/orion/world-shared/cph162/rjmorelock/rmgdft/XC/vdW_kernel_table"
wavefunction_grid = "128 180 378"
write_data_period = "50"

atomic_coordinate_type = "Absolute"
crds_units = "Angstrom"
lattice_units = "Angstrom"

lattice_vector = "
1.509735502135e+01 0.000000000000e+00 9.000000000000e-16
6.754079877682e+00 1.995611033676e+01 1.300000000000e-15
0.000000000000e+00 0.000000000000e+00 4.446241589303e+01
"
atoms = "
Nb 8.256580939155e+00 1.432773411572e+01 1.532833092694e+01 1 1 1 0.0 0.0 0.0
Nb 1.103767265358e+01 1.639215932297e+01 1.532833092694e+01 1 1 1 0.0 0.0 0.0
Nb 5.872788041127e+00 8.822600229718e+00 1.532833092694e+01 1 1 1 0.0 0.0 0.0
Nb 8.653879755556e+00 1.088702543697e+01 1.532833092694e+01 1 1 1 0.0 0.0 0.0
Nb 1.143497146999e+01 1.295145064422e+01 1.532833092694e+01 1 1 1 0.0 0.0 0.0
Nb 1.421606318442e+01 1.501587585147e+01 1.532833092694e+01 1 1 1 0.0 0.0 0.0
Nb 1.699715489884e+01 1.708030105872e+01 1.532833092694e+01 1 1 1 0.0 0.0 0.0
Nb 3.488995143099e+00 3.317466343715e+00 1.532833092694e+01 1 1 1 0.0 0.0 0.0
Nb 6.270086857529e+00 5.381891550966e+00 1.532833092694e+01 1 1 1 0.0 0.0 0.0
Nb 9.051178571958e+00 7.446316758217e+00 1.532833092694e+01 1 1 1 0.0 0.0 0.0
Nb 1.183227028639e+01 9.510741965468e+00 1.532833092694e+01 1 1 1 0.0 0.0 0.0
Nb 1.461336200082e+01 1.157516717272e+01 1.532833092694e+01 1 1 1 0.0 0.0 0.0
Nb 1.739445371525e+01 1.363959237997e+01 1.532833092694e+01 1 1 1 0.0 0.0 0.0
Nb 2.017554542968e+01 1.570401758722e+01 1.532833092694e+01 1 1 1 0.0 0.0 0.0
Nb 7.859282122753e+00 1.776844279447e+01 1.532833092694e+01 1 1 1 0.0 0.0 0.0
Nb 1.064037383718e+01 1.983286800172e+01 1.532833092694e+01 1 1 1 0.0 0.0 0.0
Nb 6.667385673930e+00 1.941182872214e+00 1.532833092694e+01 1 1 1 0.0 0.0 0.0
Nb 9.448477388360e+00 4.005608079465e+00 1.532833092694e+01 1 1 1 0.0 0.0 0.0
Nb 1.222956910279e+01 6.070033286716e+00 1.532833092694e+01 1 1 1 0.0 0.0 0.0
Nb 1.501066081722e+01 8.134458493968e+00 1.532833092694e+01 1 1 1 0.0 0.0 0.0
Nb 1.779175253165e+01 1.019888370122e+01 1.532833092694e+01 1 1 1 0.0 0.0 0.0
Nb 5.475489224726e+00 1.226330890847e+01 1.532833092694e+01 1 1 1 0.0 0.0 0.0
Nb 1.381876436801e+01 1.845658453022e+01 1.532833092694e+01 1 1 1 0.0 0.0 0.0
Nb 9.845776204761e+00 5.648994007131e-01 1.532833092694e+01 1 1 1 0.0 0.0 0.0
Nb 1.262686791919e+01 2.629324607964e+00 1.532833092694e+01 1 1 1 0.0 0.0 0.0
Nb 1.540795963362e+01 4.693749815216e+00 1.532833092694e+01 1 1 1 0.0 0.0 0.0
Nb 3.091696326698e+00 6.758175022467e+00 1.532833092694e+01 1 1 1 0.0 0.0 0.0
Nb 1.977824661327e+01 1.914472626597e+01 1.532833092694e+01 1 1 1 0.0 0.0 0.0
Nb 7.079034286699e-01 1.253041136463e+00 1.532833092694e+01 1 1 1 0.0 0.0 0.0
Nb 8.263185171668e+00 1.432048616976e+01 9.182088683320e+00 1 1 1 0.0 0.0 0.0
Nb 1.104427688610e+01 1.638491137701e+01 9.182088683320e+00 1 1 1 0.0 0.0 0.0
Nb 5.879392273640e+00 8.815352283757e+00 9.182088683320e+00 1 1 1 0.0 0.0 0.0
Nb 8.660483988069e+00 1.087977749101e+01 9.182088683320e+00 1 1 1 0.0 0.0 0.0
Nb 1.144157570250e+01 1.294420269826e+01 9.182088683320e+00 1 1 1 0.0 0.0 0.0
Nb 1.422266741693e+01 1.500862790551e+01 9.182088683320e+00 1 1 1 0.0 0.0 0.0
Nb 1.700375913136e+01 1.707305311276e+01 9.182088683320e+00 1 1 1 0.0 0.0 0.0
Nb 3.495599375612e+00 3.310218397754e+00 9.182088683320e+00 1 1 1 0.0 0.0 0.0
Nb 6.276691090041e+00 5.374643605005e+00 9.182088683320e+00 1 1 1 0.0 0.0 0.0
Nb 9.057782804471e+00 7.439068812256e+00 9.182088683320e+00 1 1 1 0.0 0.0 0.0
Nb 1.183887451890e+01 9.503494019508e+00 9.182088683320e+00 1 1 1 0.0 0.0 0.0
Nb 1.461996623333e+01 1.156791922676e+01 9.182088683320e+00 1 1 1 0.0 0.0 0.0
Nb 1.740105794776e+01 1.363234443401e+01 9.182088683320e+00 1 1 1 0.0 0.0 0.0
Nb 2.018214966219e+01 1.569676964126e+01 9.182088683320e+00 1 1 1 0.0 0.0 0.0
Nb 7.865886355266e+00 1.776119484851e+01 9.182088683320e+00 1 1 1 0.0 0.0 0.0
Nb 1.064697806970e+01 1.982562005576e+01 9.182088683320e+00 1 1 1 0.0 0.0 0.0
Nb 6.673989906443e+00 1.933934926253e+00 9.182088683320e+00 1 1 1 0.0 0.0 0.0
Nb 9.455081620872e+00 3.998360133504e+00 9.182088683320e+00 1 1 1 0.0 0.0 0.0
Nb 1.223617333530e+01 6.062785340755e+00 9.182088683320e+00 1 1 1 0.0 0.0 0.0
Nb 1.501726504973e+01 8.127210548007e+00 9.182088683320e+00 1 1 1 0.0 0.0 0.0
Nb 1.779835676416e+01 1.019163575526e+01 9.182088683320e+00 1 1 1 0.0 0.0 0.0
Nb 5.482093457238e+00 1.225606096251e+01 9.182088683320e+00 1 1 1 0.0 0.0 0.0
Nb 1.382536860053e+01 1.844933658426e+01 9.182088683320e+00 1 1 1 0.0 0.0 0.0
Nb 9.852380437274e+00 5.576514547522e-01 9.182088683320e+00 1 1 1 0.0 0.0 0.0
Nb 1.263347215170e+01 2.622076662003e+00 9.182088683320e+00 1 1 1 0.0 0.0 0.0
Nb 1.541456386613e+01 4.686501869255e+00 9.182088683320e+00 1 1 1 0.0 0.0 0.0
Nb 3.098300559211e+00 6.750927076506e+00 9.182088683320e+00 1 1 1 0.0 0.0 0.0
Nb 1.978485084579e+01 1.913747832001e+01 9.182088683320e+00 1 1 1 0.0 0.0 0.0
Nb 7.145076611827e-01 1.245793190503e+00 9.182088683320e+00 1 1 1 0.0 0.0 0.0
Bi 7.140171966398e+00 1.903480381507e+01 3.532095071834e+01 1 1 1 0.0 0.0 0.0
Bi 1.736908064252e+00 3.069915545663e+00 3.532095071834e+01 1 1 1 0.0 0.0 0.0
Bi 3.087724039789e+00 7.061137613015e+00 3.532095071834e+01 1 1 1 0.0 0.0 0.0
Bi 4.438540015325e+00 1.105235968037e+01 3.532095071834e+01 1 1 1 0.0 0.0 0.0
Bi 5.789355990862e+00 1.504358174772e+01 3.532095071834e+01 1 1 1 0.0 0.0 0.0
Bi 4.498134837938e+00 7.649899514878e-02 3.532095071834e+01 1 1 1 0.0 0.0 0.0
Bi 5.848950813474e+00 4.067721062501e+00 3.532095071834e+01 1 1 1 0.0 0.0 0.0
Bi 7.199766789011e+00 8.058943129854e+00 3.532095071834e+01 1 1 1 0.0 0.0 0.0
Bi 8.550582764547e+00 1.205016519721e+01 3.532095071834e+01 1 1 1 0.0 0.0 0.0
Bi 9.901398740084e+00 1.604138726456e+01 3.532095071834e+01 1 1 1 0.0 0.0 0.0
Bi 8.610177587160e+00 1.074304511987e+00 3.532095071834e+01 1 1 1 0.0 0.0 0.0
Bi 9.960993562696e+00 5.065526579339e+00 3.532095071834e+01 1 1 1 0.0 0.0 0.0
Bi 1.131180953823e+01 9.056748646692e+00 3.532095071834e+01 1 1 1 0.0 0.0 0.0
Bi 1.266262551377e+01 1.304797071404e+01 3.532095071834e+01 1 1 1 0.0 0.0 0.0
Bi 1.401344148931e+01 1.703919278140e+01 3.532095071834e+01 1 1 1 0.0 0.0 0.0
Bi 1.272222033638e+01 2.072110028825e+00 3.532095071834e+01 1 1 1 0.0 0.0 0.0
Bi 1.407303631192e+01 6.063332096177e+00 3.532095071834e+01 1 1 1 0.0 0.0 0.0
Bi 1.542385228745e+01 1.005455416353e+01 3.532095071834e+01 1 1 1 0.0 0.0 0.0
Bi 1.677466826299e+01 1.404577623088e+01 3.532095071834e+01 1 1 1 0.0 0.0 0.0
Bi 1.812548423853e+01 1.803699829823e+01 3.532095071834e+01 1 1 1 0.0 0.0 0.0
Bi 7.580615832658e+00 1.672528545464e+01 3.133430771007e+01 1 1 1 0.0 0.0 0.0
Bi 2.177351930513e+00 7.603971852343e-01 3.133430771007e+01 1 1 1 0.0 0.0 0.0
Bi 3.528167906049e+00 4.751619252587e+00 3.133430771007e+01 1 1 1 0.0 0.0 0.0
Bi 4.878983881586e+00 8.742841319939e+00 3.133430771007e+01 1 1 1 0.0 0.0 0.0
Bi 6.229799857122e+00 1.273406338729e+01 3.133430771007e+01 1 1 1 0.0 0.0 0.0
Bi 1.169265858188e+01 1.772309097148e+01 3.133430771007e+01 1 1 1 0.0 0.0 0.0
Bi 6.289394679735e+00 1.758202702072e+00 3.133430771007e+01 1 1 1 0.0 0.0 0.0
Bi 7.640210655271e+00 5.749424769425e+00 3.133430771007e+01 1 1 1 0.0 0.0 0.0
Bi 8.991026630808e+00 9.740646836777e+00 3.133430771007e+01 1 1 1 0.0 0.0 0.0
Bi 1.034184260634e+01 1.373186890413e+01 3.133430771007e+01 1 1 1 0.0 0.0 0.0
Bi 1.580470133110e+01 1.872089648832e+01 3.133430771007e+01 1 1 1 0.0 0.0 0.0
Bi 1.040143742896e+01 2.756008218911e+00 3.133430771007e+01 1 1 1 0.0 0.0 0.0
Bi 1.175225340449e+01 6.747230286263e+00 3.133430771007e+01 1 1 1 0.0 0.0 0.0
Bi 1.310306938003e+01 1.073845235362e+01 3.133430771007e+01 1 1 1 0.0 0.0 0.0
Bi 1.445388535557e+01 1.472967442097e+01 3.133430771007e+01 1 1 1 0.0 0.0 0.0
Bi 1.991674408032e+01 1.971870200516e+01 3.133430771007e+01 1 1 1 0.0 0.0 0.0
Bi 1.451348017818e+01 3.753813735749e+00 3.133430771007e+01 1 1 1 0.0 0.0 0.0
Bi 1.586429615372e+01 7.745035803101e+00 3.133430771007e+01 1 1 1 0.0 0.0 0.0
Bi 1.721511212925e+01 1.173625787045e+01 3.133430771007e+01 1 1 1 0.0 0.0 0.0
Bi 1.856592810479e+01 1.572747993781e+01 3.133430771007e+01 1 1 1 0.0 0.0 0.0
Bi 7.519269742639e+00 1.669276738418e+01 2.529282906773e+01 1 1 1 0.0 0.0 0.0
Bi 2.116005840493e+00 7.278791147709e-01 2.529282906773e+01 1 1 1 0.0 0.0 0.0
Bi 3.466821816030e+00 4.719101182123e+00 2.529282906773e+01 1 1 1 0.0 0.0 0.0
Bi 4.817637791566e+00 8.710323249476e+00 2.529282906773e+01 1 1 1 0.0 0.0 0.0
Bi 6.168453767103e+00 1.270154531683e+01 2.529282906773e+01 1 1 1 0.0 0.0 0.0
Bi 1.163131249186e+01 1.769057290102e+01 2.529282906773e+01 1 1 1 0.0 0.0 0.0
Bi 6.228048589715e+00 1.725684631609e+00 2.529282906773e+01 1 1 1 0.0 0.0 0.0
Bi 7.578864565252e+00 5.716906698961e+00 2.529282906773e+01 1 1 1 0.0 0.0 0.0
Bi 8.929680540788e+00 9.708128766314e+00 2.529282906773e+01 1 1 1 0.0 0.0 0.0
Bi 1.028049651632e+01 1.369935083367e+01 2.529282906773e+01 1 1 1 0.0 0.0 0.0
Bi 1.574335524108e+01 1.868837841786e+01 2.529282906773e+01 1 1 1 0.0 0.0 0.0
Bi 1.034009133894e+01 2.723490148447e+00 2.529282906773e+01 1 1 1 0.0 0.0 0.0
Bi 1.169090731447e+01 6.714712215799e+00 2.529282906773e+01 1 1 1 0.0 0.0 0.0
Bi 1.304172329001e+01 1.070593428315e+01 2.529282906773e+01 1 1 1 0.0 0.0 0.0
Bi 1.439253926555e+01 1.469715635050e+01 2.529282906773e+01 1 1 1 0.0 0.0 0.0
Bi 1.985539799031e+01 1.968618393469e+01 2.529282906773e+01 1 1 1 0.0 0.0 0.0
Bi 1.445213408816e+01 3.721295665285e+00 2.529282906773e+01 1 1 1 0.0 0.0 0.0
Bi 1.580295006370e+01 7.712517732638e+00 2.529282906773e+01 1 1 1 0.0 0.0 0.0
Bi 1.715376603923e+01 1.170373979999e+01 2.529282906773e+01 1 1 1 0.0 0.0 0.0
Bi 1.850458201477e+01 1.569496186734e+01 2.529282906773e+01 1 1 1 0.0 0.0 0.0
Bi 1.491645162729e+01 1.413454529256e+00 2.132110864621e+01 1 1 1 0.0 0.0 0.0
Bi 1.626726760282e+01 5.404676596608e+00 2.132110864621e+01 1 1 1 0.0 0.0 0.0
Bi 1.761808357836e+01 9.395898663960e+00 2.132110864621e+01 1 1 1 0.0 0.0 0.0
Bi 1.896889955389e+01 1.338712073131e+01 2.132110864621e+01 1 1 1 0.0 0.0 0.0
Bi 2.031971552943e+01 1.737834279867e+01 2.132110864621e+01 1 1 1 0.0 0.0 0.0
Bi 3.931139355156e+00 2.411260046094e+00 2.132110864621e+01 1 1 1 0.0 0.0 0.0
Bi 5.281955330692e+00 6.402482113446e+00 2.132110864621e+01 1 1 1 0.0 0.0 0.0
Bi 6.632771306229e+00 1.039370418080e+01 2.132110864621e+01 1 1 1 0.0 0.0 0.0
Bi 7.983587281765e+00 1.438492624815e+01 2.132110864621e+01 1 1 1 0.0 0.0 0.0
Bi 9.334403257301e+00 1.837614831550e+01 2.132110864621e+01 1 1 1 0.0 0.0 0.0
Bi 8.043182104378e+00 3.409065562932e+00 2.132110864621e+01 1 1 1 0.0 0.0 0.0
Bi 9.393998079914e+00 7.400287630284e+00 2.132110864621e+01 1 1 1 0.0 0.0 0.0
Bi 1.074481405545e+01 1.139150969764e+01 2.132110864621e+01 1 1 1 0.0 0.0 0.0
Bi 1.209563003099e+01 1.538273176499e+01 2.132110864621e+01 1 1 1 0.0 0.0 0.0
Bi 1.344644600652e+01 1.937395383234e+01 2.132110864621e+01 1 1 1 0.0 0.0 0.0
Bi 1.215522485360e+01 4.406871079770e+00 2.132110864621e+01 1 1 1 0.0 0.0 0.0
Bi 1.350604082914e+01 8.398093147122e+00 2.132110864621e+01 1 1 1 0.0 0.0 0.0
Bi 1.485685680467e+01 1.238931521447e+01 2.132110864621e+01 1 1 1 0.0 0.0 0.0
Bi 1.620767278021e+01 1.638053728183e+01 2.132110864621e+01 1 1 1 0.0 0.0 0.0
Bi 1.080440887806e+01 4.156490124176e-01 2.132110864621e+01 1 1 1 0.0 0.0 0.0
Se 6.276548168987e+00 1.409056038987e+01 7.500000000000e+00 1 1 1 0.0 0.0 0.0
Se 9.057639883416e+00 1.615498559713e+01 7.500000000000e+00 1 1 1 0.0 0.0 0.0
Se 3.892755270959e+00 8.585426503871e+00 7.500000000000e+00 1 1 1 0.0 0.0 0.0
Se 6.673846985388e+00 1.064985171112e+01 7.500000000000e+00 1 1 1 0.0 0.0 0.0
Se 9.454938699818e+00 1.271427691837e+01 7.500000000000e+00 1 1 1 0.0 0.0 0.0
Se 1.223603041425e+01 1.477870212563e+01 7.500000000000e+00 1 1 1 0.0 0.0 0.0
Se 1.501712212868e+01 1.684312733288e+01 7.500000000000e+00 1 1 1 0.0 0.0 0.0
Se 1.508962372931e+00 3.080292617868e+00 7.500000000000e+00 1 1 1 0.0 0.0 0.0
Se 4.290054087360e+00 5.144717825119e+00 7.500000000000e+00 1 1 1 0.0 0.0 0.0
Se 7.071145801790e+00 7.209143032371e+00 7.500000000000e+00 1 1 1 0.0 0.0 0.0
Se 9.852237516219e+00 9.273568239622e+00 7.500000000000e+00 1 1 1 0.0 0.0 0.0
Se 1.263332923065e+01 1.133799344687e+01 7.500000000000e+00 1 1 1 0.0 0.0 0.0
Se 1.541442094508e+01 1.340241865412e+01 7.500000000000e+00 1 1 1 0.0 0.0 0.0
Se 1.819551265951e+01 1.546684386138e+01 7.500000000000e+00 1 1 1 0.0 0.0 0.0
Se 2.097660437394e+01 1.753126906863e+01 7.500000000000e+00 1 1 1 0.0 0.0 0.0
Se 8.660341067015e+00 1.959569427588e+01 7.500000000000e+00 1 1 1 0.0 0.0 0.0
Se 4.687352903762e+00 1.704009146367e+00 7.500000000000e+00 1 1 1 0.0 0.0 0.0
Se 7.468444618191e+00 3.768434353619e+00 7.500000000000e+00 1 1 1 0.0 0.0 0.0
Se 1.024953633262e+01 5.832859560870e+00 7.500000000000e+00 1 1 1 0.0 0.0 0.0
Se 1.303062804705e+01 7.897284768121e+00 7.500000000000e+00 1 1 1 0.0 0.0 0.0
Se 1.581171976148e+01 9.961709975372e+00 7.500000000000e+00 1 1 1 0.0 0.0 0.0
Se 1.859281147591e+01 1.202613518262e+01 7.500000000000e+00 1 1 1 0.0 0.0 0.0
Se 1.183873159785e+01 1.821941080438e+01 7.500000000000e+00 1 1 1 0.0 0.0 0.0
Se 7.865743434593e+00 3.277256748666e-01 7.500000000000e+00 1 1 1 0.0 0.0 0.0
Se 1.064683514902e+01 2.392150882118e+00 7.500000000000e+00 1 1 1 0.0 0.0 0.0
Se 1.342792686345e+01 4.456576089369e+00 7.500000000000e+00 1 1 1 0.0 0.0 0.0
Se 1.620901857788e+01 6.521001296620e+00 7.500000000000e+00 1 1 1 0.0 0.0 0.0
Se 1.779821384311e+01 1.890755254013e+01 7.500000000000e+00 1 1 1 0.0 0.0 0.0
Se 1.382522567985e+01 1.015867410617e+00 7.500000000000e+00 1 1 1 0.0 0.0 0.0
Se 7.064539231597e+00 1.593314857382e+01 1.364602824434e+01 1 1 1 0.0 0.0 0.0
Se 9.845630946026e+00 1.799757378107e+01 1.364602824434e+01 1 1 1 0.0 0.0 0.0
Se 4.680746333569e+00 1.042801468781e+01 1.364602824434e+01 1 1 1 0.0 0.0 0.0
Se 7.461838047998e+00 1.249243989506e+01 1.364602824434e+01 1 1 1 0.0 0.0 0.0
Se 1.024292976243e+01 1.455686510232e+01 1.364602824434e+01 1 1 1 0.0 0.0 0.0
Se 1.302402147686e+01 1.662129030957e+01 1.364602824434e+01 1 1 1 0.0 0.0 0.0
Se 1.580511319129e+01 1.868571551682e+01 1.364602824434e+01 1 1 1 0.0 0.0 0.0
Se 2.296953435541e+00 4.922880801810e+00 1.364602824434e+01 1 1 1 0.0 0.0 0.0
Se 5.078045149970e+00 6.987306009061e+00 1.364602824434e+01 1 1 1 0.0 0.0 0.0
Se 7.859136864400e+00 9.051731216313e+00 1.364602824434e+01 1 1 1 0.0 0.0 0.0
Se 1.064022857883e+01 1.111615642356e+01 1.364602824434e+01 1 1 1 0.0 0.0 0.0
Se 1.342132029326e+01 1.318058163082e+01 1.364602824434e+01 1 1 1 0.0 0.0 0.0
Se 1.620241200769e+01 1.524500683807e+01 1.364602824434e+01 1 1 1 0.0 0.0 0.0
Se 1.898350372212e+01 1.730943204532e+01 1.364602824434e+01 1 1 1 0.0 0.0 0.0
Se 6.667240415195e+00 1.937385725257e+01 1.364602824434e+01 1 1 1 0.0 0.0 0.0
Se 2.694252251942e+00 1.482172123058e+00 1.364602824434e+01 1 1 1 0.0 0.0 0.0
Se 5.475343966372e+00 3.546597330309e+00 1.364602824434e+01 1 1 1 0.0 0.0 0.0
Se 8.256435680801e+00 5.611022537561e+00 1.364602824434e+01 1 1 1 0.0 0.0 0.0
Se 1.103752739523e+01 7.675447744812e+00 1.364602824434e+01 1 1 1 0.0 0.0 0.0
Se 1.381861910966e+01 9.739872952063e+00 1.364602824434e+01 1 1 1 0.0 0.0 0.0
Se 1.659971082409e+01 1.180429815931e+01 1.364602824434e+01 1 1 1 0.0 0.0 0.0
Se 1.938080253852e+01 1.386872336657e+01 1.364602824434e+01 1 1 1 0.0 0.0 0.0
Se 5.872642782773e+00 1.058886515573e-01 1.364602824434e+01 1 1 1 0.0 0.0 0.0
Se 8.653734497203e+00 2.170313858809e+00 1.364602824434e+01 1 1 1 0.0 0.0 0.0
Se 1.143482621163e+01 4.234739066060e+00 1.364602824434e+01 1 1 1 0.0 0.0 0.0
Se 1.421591792606e+01 6.299164273311e+00 1.364602824434e+01 1 1 1 0.0 0.0 0.0
Se 1.699700964049e+01 8.363589480562e+00 1.364602824434e+01 1 1 1 0.0 0.0 0.0
Se 1.183212502803e+01 7.940303873077e-01 1.364602824434e+01 1 1 1 0.0 0.0 0.0
Se 1.461321674246e+01 2.858455594559e+00 1.364602824434e+01 1 1 1 0.0 0.0 0.0
Se 6.276180224464e+00 1.409157173068e+01 1.086443756309e+01 1 1 1 0.0 0.0 0.0
Se 9.057271938893e+00 1.615599693794e+01 1.086443756309e+01 1 1 1 0.0 0.0 0.0
Se 3.892387326436e+00 8.586437844682e+00 1.086443756309e+01 1 1 1 0.0 0.0 0.0
Se 6.673479040865e+00 1.065086305193e+01 1.086443756309e+01 1 1 1 0.0 0.0 0.0
Se 9.454570755294e+00 1.271528825918e+01 1.086443756309e+01 1 1 1 0.0 0.0 0.0
Se 1.223566246972e+01 1.477971346644e+01 1.086443756309e+01 1 1 1 0.0 0.0 0.0
Se 1.501675418415e+01 1.684413867369e+01 1.086443756309e+01 1 1 1 0.0 0.0 0.0
Se 1.508594428408e+00 3.081303958678e+00 1.086443756309e+01 1 1 1 0.0 0.0 0.0
Se 4.289686142837e+00 5.145729165930e+00 1.086443756309e+01 1 1 1 0.0 0.0 0.0
Se 7.070777857267e+00 7.210154373181e+00 1.086443756309e+01 1 1 1 0.0 0.0 0.0
Se 9.851869571696e+00 9.274579580432e+00 1.086443756309e+01 1 1 1 0.0 0.0 0.0
Se 1.263296128613e+01 1.133900478768e+01 1.086443756309e+01 1 1 1 0.0 0.0 0.0
Se 1.541405300055e+01 1.340342999493e+01 1.086443756309e+01 1 1 1 0.0 0.0 0.0
Se 1.819514471498e+01 1.546785520219e+01 1.086443756309e+01 1 1 1 0.0 0.0 0.0
Se 2.097623642941e+01 1.753228040944e+01 1.086443756309e+01 1 1 1 0.0 0.0 0.0
Se 8.659973122491e+00 1.959670561669e+01 1.086443756309e+01 1 1 1 0.0 0.0 0.0
Se 4.686984959239e+00 1.705020487177e+00 1.086443756309e+01 1 1 1 0.0 0.0 0.0
Se 7.468076673668e+00 3.769445694429e+00 1.086443756309e+01 1 1 1 0.0 0.0 0.0
Se 1.024916838810e+01 5.833870901680e+00 1.086443756309e+01 1 1 1 0.0 0.0 0.0
Se 1.303026010253e+01 7.898296108931e+00 1.086443756309e+01 1 1 1 0.0 0.0 0.0
Se 1.581135181696e+01 9.962721316182e+00 1.086443756309e+01 1 1 1 0.0 0.0 0.0
Se 1.859244353139e+01 1.202714652343e+01 1.086443756309e+01 1 1 1 0.0 0.0 0.0
Se 1.183836365332e+01 1.822042214519e+01 1.086443756309e+01 1 1 1 0.0 0.0 0.0
Se 7.865375490070e+00 3.287370156767e-01 1.086443756309e+01 1 1 1 0.0 0.0 0.0
Se 1.064646720450e+01 2.393162222928e+00 1.086443756309e+01 1 1 1 0.0 0.0 0.0
Se 1.342755891893e+01 4.457587430179e+00 1.086443756309e+01 1 1 1 0.0 0.0 0.0
Se 1.620865063336e+01 6.522012637430e+00 1.086443756309e+01 1 1 1 0.0 0.0 0.0
Se 1.779784589858e+01 1.890856388094e+01 1.086443756309e+01 1 1 1 0.0 0.0 0.0
Se 1.382485773533e+01 1.016878751427e+00 1.086443756309e+01 1 1 1 0.0 0.0 0.0
Se 7.064351201763e+00 1.593418969190e+01 1.701046802998e+01 1 1 1 0.0 0.0 0.0
Se 9.845442916192e+00 1.799861489916e+01 1.701046802998e+01 1 1 1 0.0 0.0 0.0
Se 4.680558303735e+00 1.042905580590e+01 1.701046802998e+01 1 1 1 0.0 0.0 0.0
Se 7.461650018165e+00 1.249348101315e+01 1.701046802998e+01 1 1 1 0.0 0.0 0.0
Se 1.024274173259e+01 1.455790622040e+01 1.701046802998e+01 1 1 1 0.0 0.0 0.0
Se 1.302383344702e+01 1.662233142765e+01 1.701046802998e+01 1 1 1 0.0 0.0 0.0
Se 1.580492516145e+01 1.868675663491e+01 1.701046802998e+01 1 1 1 0.0 0.0 0.0
Se 2.296765405707e+00 4.923921919898e+00 1.701046802998e+01 1 1 1 0.0 0.0 0.0
Se 5.077857120137e+00 6.988347127149e+00 1.701046802998e+01 1 1 1 0.0 0.0 0.0
Se 7.858948834566e+00 9.052772334400e+00 1.701046802998e+01 1 1 1 0.0 0.0 0.0
Se 1.064004054900e+01 1.111719754165e+01 1.701046802998e+01 1 1 1 0.0 0.0 0.0
Se 1.342113226342e+01 1.318162274890e+01 1.701046802998e+01 1 1 1 0.0 0.0 0.0
Se 1.620222397785e+01 1.524604795615e+01 1.701046802998e+01 1 1 1 0.0 0.0 0.0
Se 1.898331569228e+01 1.731047316341e+01 1.701046802998e+01 1 1 1 0.0 0.0 0.0
Se 6.667052385362e+00 1.937489837066e+01 1.701046802998e+01 1 1 1 0.0 0.0 0.0
Se 2.694064222109e+00 1.483213241146e+00 1.701046802998e+01 1 1 1 0.0 0.0 0.0
Se 5.475155936538e+00 3.547638448397e+00 1.701046802998e+01 1 1 1 0.0 0.0 0.0
Se 8.256247650968e+00 5.612063655648e+00 1.701046802998e+01 1 1 1 0.0 0.0 0.0
Se 1.103733936540e+01 7.676488862900e+00 1.701046802998e+01 1 1 1 0.0 0.0 0.0
Se 1.381843107983e+01 9.740914070151e+00 1.701046802998e+01 1 1 1 0.0 0.0 0.0
Se 1.659952279426e+01 1.180533927740e+01 1.701046802998e+01 1 1 1 0.0 0.0 0.0
Se 1.938061450869e+01 1.386976448465e+01 1.701046802998e+01 1 1 1 0.0 0.0 0.0
Se 5.872454752940e+00 1.069297696451e-01 1.701046802998e+01 1 1 1 0.0 0.0 0.0
Se 8.653546467369e+00 2.171354976896e+00 1.701046802998e+01 1 1 1 0.0 0.0 0.0
Se 1.143463818180e+01 4.235780184148e+00 1.701046802998e+01 1 1 1 0.0 0.0 0.0
Se 1.421572989623e+01 6.300205391399e+00 1.701046802998e+01 1 1 1 0.0 0.0 0.0
Se 1.699682161066e+01 8.364630598650e+00 1.701046802998e+01 1 1 1 0.0 0.0 0.0
Se 1.183193699820e+01 7.950715053955e-01 1.701046802998e+01 1 1 1 0.0 0.0 0.0
Se 1.461302871263e+01 2.859496712647e+00 1.701046802998e+01 1 1 1 0.0 0.0 0.0
Se 7.612187291076e+00 1.669479423657e+01 3.696241589303e+01 1 1 1 0.0 0.0 0.0
Se 2.208923388930e+00 7.299059671615e-01 3.696241589303e+01 1 1 1 0.0 0.0 0.0
Se 3.559739364467e+00 4.721128034514e+00 3.696241589303e+01 1 1 1 0.0 0.0 0.0
Se 4.910555340003e+00 8.712350101866e+00 3.696241589303e+01 1 1 1 0.0 0.0 0.0
Se 6.261371315540e+00 1.270357216922e+01 3.696241589303e+01 1 1 1 0.0 0.0 0.0
Se 1.172423004030e+01 1.769259975341e+01 3.696241589303e+01 1 1 1 0.0 0.0 0.0
Se 6.320966138152e+00 1.727711484000e+00 3.696241589303e+01 1 1 1 0.0 0.0 0.0
Se 7.671782113689e+00 5.718933551352e+00 3.696241589303e+01 1 1 1 0.0 0.0 0.0
Se 9.022598089225e+00 9.710155618704e+00 3.696241589303e+01 1 1 1 0.0 0.0 0.0
Se 1.037341406476e+01 1.370137768606e+01 3.696241589303e+01 1 1 1 0.0 0.0 0.0
Se 1.583627278952e+01 1.869040527025e+01 3.696241589303e+01 1 1 1 0.0 0.0 0.0
Se 1.043300888737e+01 2.725517000838e+00 3.696241589303e+01 1 1 1 0.0 0.0 0.0
Se 1.178382486291e+01 6.716739068190e+00 3.696241589303e+01 1 1 1 0.0 0.0 0.0
Se 1.313464083845e+01 1.070796113554e+01 3.696241589303e+01 1 1 1 0.0 0.0 0.0
Se 1.448545681398e+01 1.469918320289e+01 3.696241589303e+01 1 1 1 0.0 0.0 0.0
Se 1.994831553874e+01 1.968821078709e+01 3.696241589303e+01 1 1 1 0.0 0.0 0.0
Se 1.454505163660e+01 3.723322517676e+00 3.696241589303e+01 1 1 1 0.0 0.0 0.0
Se 1.589586761213e+01 7.714544585028e+00 3.696241589303e+01 1 1 1 0.0 0.0 0.0
Se 1.724668358767e+01 1.170576665238e+01 3.696241589303e+01 1 1 1 0.0 0.0 0.0
Se 1.859749956321e+01 1.569698871973e+01 3.696241589303e+01 1 1 1 0.0 0.0 0.0
Se 1.500213118588e+01 1.429379754442e+00 3.332483142763e+01 1 1 1 0.0 0.0 0.0
Se 1.635294716142e+01 5.420601821794e+00 3.332483142763e+01 1 1 1 0.0 0.0 0.0
Se 1.770376313695e+01 9.411823889147e+00 3.332483142763e+01 1 1 1 0.0 0.0 0.0
Se 1.905457911249e+01 1.340304595650e+01 3.332483142763e+01 1 1 1 0.0 0.0 0.0
Se 2.040539508802e+01 1.739426802385e+01 3.332483142763e+01 1 1 1 0.0 0.0 0.0
Se 4.016818913750e+00 2.427185271280e+00 3.332483142763e+01 1 1 1 0.0 0.0 0.0
Se 5.367634889286e+00 6.418407338632e+00 3.332483142763e+01 1 1 1 0.0 0.0 0.0
Se 6.718450864823e+00 1.040962940598e+01 3.332483142763e+01 1 1 1 0.0 0.0 0.0
Se 8.069266840359e+00 1.440085147334e+01 3.332483142763e+01 1 1 1 0.0 0.0 0.0
Se 9.420082815895e+00 1.839207354069e+01 3.332483142763e+01 1 1 1 0.0 0.0 0.0
Se 8.128861662972e+00 3.424990788118e+00 3.332483142763e+01 1 1 1 0.0 0.0 0.0
Se 9.479677638508e+00 7.416212855471e+00 3.332483142763e+01 1 1 1 0.0 0.0 0.0
Se 1.083049361404e+01 1.140743492282e+01 3.332483142763e+01 1 1 1 0.0 0.0 0.0
Se 1.218130958958e+01 1.539865699018e+01 3.332483142763e+01 1 1 1 0.0 0.0 0.0
Se 1.353212556512e+01 1.938987905753e+01 3.332483142763e+01 1 1 1 0.0 0.0 0.0
Se 1.224090441219e+01 4.422796304956e+00 3.332483142763e+01 1 1 1 0.0 0.0 0.0
Se 1.359172038773e+01 8.414018372309e+00 3.332483142763e+01 1 1 1 0.0 0.0 0.0
Se 1.494253636327e+01 1.240524043966e+01 3.332483142763e+01 1 1 1 0.0 0.0 0.0
Se 1.629335233880e+01 1.639646250701e+01 3.332483142763e+01 1 1 1 0.0 0.0 0.0
Se 1.089008843666e+01 4.315742376039e-01 3.332483142763e+01 1 1 1 0.0 0.0 0.0
Se 7.122146341097e+00 1.904592858143e+01 2.969131231352e+01 1 1 1 0.0 0.0 0.0
Se 1.718882438951e+00 3.081040312022e+00 2.969131231352e+01 1 1 1 0.0 0.0 0.0
Se 3.069698414488e+00 7.072262379374e+00 2.969131231352e+01 1 1 1 0.0 0.0 0.0
Se 4.420514390024e+00 1.106348444673e+01 2.969131231352e+01 1 1 1 0.0 0.0 0.0
Se 5.771330365561e+00 1.505470651408e+01 2.969131231352e+01 1 1 1 0.0 0.0 0.0
Se 4.480109212637e+00 8.762376150730e-02 2.969131231352e+01 1 1 1 0.0 0.0 0.0
Se 5.830925188173e+00 4.078845828860e+00 2.969131231352e+01 1 1 1 0.0 0.0 0.0
Se 7.181741163710e+00 8.070067896212e+00 2.969131231352e+01 1 1 1 0.0 0.0 0.0
Se 8.532557139246e+00 1.206128996356e+01 2.969131231352e+01 1 1 1 0.0 0.0 0.0
Se 9.883373114783e+00 1.605251203092e+01 2.969131231352e+01 1 1 1 0.0 0.0 0.0
Se 8.592151961859e+00 1.085429278345e+00 2.969131231352e+01 1 1 1 0.0 0.0 0.0
Se 9.942967937395e+00 5.076651345698e+00 2.969131231352e+01 1 1 1 0.0 0.0 0.0
Se 1.129378391293e+01 9.067873413050e+00 2.969131231352e+01 1 1 1 0.0 0.0 0.0
Se 1.264459988847e+01 1.305909548040e+01 2.969131231352e+01 1 1 1 0.0 0.0 0.0
Se 1.399541586400e+01 1.705031754775e+01 2.969131231352e+01 1 1 1 0.0 0.0 0.0
Se 1.270419471108e+01 2.083234795183e+00 2.969131231352e+01 1 1 1 0.0 0.0 0.0
Se 1.405501068662e+01 6.074456862536e+00 2.969131231352e+01 1 1 1 0.0 0.0 0.0
Se 1.540582666215e+01 1.006567892989e+01 2.969131231352e+01 1 1 1 0.0 0.0 0.0
Se 1.675664263769e+01 1.405690099724e+01 2.969131231352e+01 1 1 1 0.0 0.0 0.0
Se 1.810745861323e+01 1.804812306459e+01 2.969131231352e+01 1 1 1 0.0 0.0 0.0
Se 1.492012041032e+01 1.415612109655e+00 2.692457590224e+01 1 1 1 0.0 0.0 0.0
Se 1.627093638586e+01 5.406834177008e+00 2.692457590224e+01 1 1 1 0.0 0.0 0.0
Se 1.762175236140e+01 9.398056244360e+00 2.692457590224e+01 1 1 1 0.0 0.0 0.0
Se 1.897256833693e+01 1.338927831171e+01 2.692457590224e+01 1 1 1 0.0 0.0 0.0
Se 2.032338431247e+01 1.738050037906e+01 2.692457590224e+01 1 1 1 0.0 0.0 0.0
Se 3.934808138193e+00 2.413417626494e+00 2.692457590224e+01 1 1 1 0.0 0.0 0.0
Se 5.285624113729e+00 6.404639693846e+00 2.692457590224e+01 1 1 1 0.0 0.0 0.0
Se 6.636440089266e+00 1.039586176120e+01 2.692457590224e+01 1 1 1 0.0 0.0 0.0
Se 7.987256064802e+00 1.438708382855e+01 2.692457590224e+01 1 1 1 0.0 0.0 0.0
Se 9.338072040339e+00 1.837830589590e+01 2.692457590224e+01 1 1 1 0.0 0.0 0.0
Se 8.046850887415e+00 3.411223143332e+00 2.692457590224e+01 1 1 1 0.0 0.0 0.0
Se 9.397666862951e+00 7.402445210684e+00 2.692457590224e+01 1 1 1 0.0 0.0 0.0
Se 1.074848283849e+01 1.139366727804e+01 2.692457590224e+01 1 1 1 0.0 0.0 0.0
Se 1.209929881402e+01 1.538488934539e+01 2.692457590224e+01 1 1 1 0.0 0.0 0.0
Se 1.345011478956e+01 1.937611141274e+01 2.692457590224e+01 1 1 1 0.0 0.0 0.0
Se 1.215889363664e+01 4.409028660170e+00 2.692457590224e+01 1 1 1 0.0 0.0 0.0
Se 1.350970961217e+01 8.400250727522e+00 2.692457590224e+01 1 1 1 0.0 0.0 0.0
Se 1.486052558771e+01 1.239147279487e+01 2.692457590224e+01 1 1 1 0.0 0.0 0.0
Se 1.621134156325e+01 1.638269486223e+01 2.692457590224e+01 1 1 1 0.0 0.0 0.0
Se 1.080807766110e+01 4.178065928173e-01 2.692457590224e+01 1 1 1 0.0 0.0 0.0
Se 7.041909227739e+00 1.902427726016e+01 2.330671355540e+01 1 1 1 0.0 0.0 0.0
Se 1.638645325593e+00 3.059388990751e+00 2.330671355540e+01 1 1 1 0.0 0.0 0.0
Se 2.989461301130e+00 7.050611058104e+00 2.330671355540e+01 1 1 1 0.0 0.0 0.0
Se 4.340277276666e+00 1.104183312546e+01 2.330671355540e+01 1 1 1 0.0 0.0 0.0
Se 5.691093252202e+00 1.503305519281e+01 2.330671355540e+01 1 1 1 0.0 0.0 0.0
Se 4.399872099279e+00 6.597244023720e-02 2.330671355540e+01 1 1 1 0.0 0.0 0.0
Se 5.750688074815e+00 4.057194507590e+00 2.330671355540e+01 1 1 1 0.0 0.0 0.0
Se 7.101504050352e+00 8.048416574942e+00 2.330671355540e+01 1 1 1 0.0 0.0 0.0
Se 8.452320025888e+00 1.203963864229e+01 2.330671355540e+01 1 1 1 0.0 0.0 0.0
Se 9.803136001424e+00 1.603086070965e+01 2.330671355540e+01 1 1 1 0.0 0.0 0.0
Se 8.511914848501e+00 1.063777957075e+00 2.330671355540e+01 1 1 1 0.0 0.0 0.0
Se 9.862730824037e+00 5.055000024428e+00 2.330671355540e+01 1 1 1 0.0 0.0 0.0
Se 1.121354679957e+01 9.046222091780e+00 2.330671355540e+01 1 1 1 0.0 0.0 0.0
Se 1.256436277511e+01 1.303744415913e+01 2.330671355540e+01 1 1 1 0.0 0.0 0.0
Se 1.391517875065e+01 1.702866622648e+01 2.330671355540e+01 1 1 1 0.0 0.0 0.0
Se 1.262395759772e+01 2.061583473913e+00 2.330671355540e+01 1 1 1 0.0 0.0 0.0
Se 1.397477357326e+01 6.052805541266e+00 2.330671355540e+01 1 1 1 0.0 0.0 0.0
Se 1.532558954880e+01 1.004402760862e+01 2.330671355540e+01 1 1 1 0.0 0.0 0.0
Se 1.667640552433e+01 1.403524967597e+01 2.330671355540e+01 1 1 1 0.0 0.0 0.0
Se 1.802722149987e+01 1.802647174332e+01 2.330671355540e+01 1 1 1 0.0 0.0 0.0
Se 7.520242001260e+00 1.668520492160e+01 1.968357859229e+01 1 1 1 0.0 0.0 0.0
Se 2.116978099114e+00 7.203166521918e-01 1.968357859229e+01 1 1 1 0.0 0.0 0.0
Se 3.467794074651e+00 4.711538719544e+00 1.968357859229e+01 1 1 1 0.0 0.0 0.0
Se 4.818610050187e+00 8.702760786897e+00 1.968357859229e+01 1 1 1 0.0 0.0 0.0
Se 6.169426025724e+00 1.269398285425e+01 1.968357859229e+01 1 1 1 0.0 0.0 0.0
Se 1.163228475048e+01 1.768301043844e+01 1.968357859229e+01 1 1 1 0.0 0.0 0.0
Se 6.229020848336e+00 1.718122169030e+00 1.968357859229e+01 1 1 1 0.0 0.0 0.0
Se 7.579836823873e+00 5.709344236382e+00 1.968357859229e+01 1 1 1 0.0 0.0 0.0
Se 8.930652799409e+00 9.700566303735e+00 1.968357859229e+01 1 1 1 0.0 0.0 0.0
Se 1.028146877495e+01 1.369178837109e+01 1.968357859229e+01 1 1 1 0.0 0.0 0.0
Se 1.574432749970e+01 1.868081595528e+01 1.968357859229e+01 1 1 1 0.0 0.0 0.0
Se 1.034106359756e+01 2.715927685868e+00 1.968357859229e+01 1 1 1 0.0 0.0 0.0
Se 1.169187957309e+01 6.707149753220e+00 1.968357859229e+01 1 1 1 0.0 0.0 0.0
Se 1.304269554863e+01 1.069837182057e+01 1.968357859229e+01 1 1 1 0.0 0.0 0.0
Se 1.439351152417e+01 1.468959388793e+01 1.968357859229e+01 1 1 1 0.0 0.0 0.0
Se 1.985637024893e+01 1.967862147212e+01 1.968357859229e+01 1 1 1 0.0 0.0 0.0
Se 1.445310634678e+01 3.713733202706e+00 1.968357859229e+01 1 1 1 0.0 0.0 0.0
Se 1.580392232232e+01 7.704955270058e+00 1.968357859229e+01 1 1 1 0.0 0.0 0.0
Se 1.715473829785e+01 1.169617733741e+01 1.968357859229e+01 1 1 1 0.0 0.0 0.0
Se 1.850555427339e+01 1.568739940476e+01 1.968357859229e+01 1 1 1 0.0 0.0 0.0
"