calculation_mode = "Quench Electrons"
cell_relax = "False"
charge_density_mixing = "0.1"
charge_mixing_type = "Broyden"
description = "Example parameters for high-throughput bulk relaxation of a vdW material"
dos_broading = "0.05"
dos_method = "Gaussian"
energy_convergence_criterion = "1e-10"
energy_output_units = "Hartrees"
kohn_sham_mucycles = "3"
kohn_sham_solver = "davidson"
kpoint_mesh = "1 1 1"
localize_projectors = "False"
max_md_steps = "100"
max_scf_steps = "200"
non_local_block_size = "4000"
potential_acceleration_constant_step = "1.5"
processor_grid = "6 6 18"
rms_convergence_criterion = "1e-08"
scalapack_block_factor = "64"
start_mode = "LCAO Start"
state_block_size = "64"
stress = "True"
subdiag_driver = "scalapack"
use_async_allreduce = "False"
vdw_corr = "DFT-D3"
vdwdf_kernel_filepath = "/lustre/orion/world-shared/cph162/rjmorelock/rmgdft/XC/vdW_kernel_table"
wavefunction_grid = "128 128 378"
write_data_period = "50"

atomic_coordinate_type = "Absolute"
crds_units = "Angstrom"
lattice_units = "Angstrom"

lattice_vector = "
1.509735502135e+01 0.000000000000e+00 9.000000000000e-16
4.370286979654e+00 1.445097645076e+01 9.000000000000e-16
0.000000000000e+00 0.000000000000e+00 4.446241589303e+01
"
atoms = "
Nb 5.737175571597e+00 8.686987760188e+00 1.532833092694e+01 1 1 1 0.0 0.0 0.0
Nb 8.518267286026e+00 1.075141296744e+01 1.532833092694e+01 1 1 1 0.0 0.0 0.0
Nb 3.353382673569e+00 3.181853874184e+00 1.532833092694e+01 1 1 1 0.0 0.0 0.0
Nb 6.134474387998e+00 5.246279081436e+00 1.532833092694e+01 1 1 1 0.0 0.0 0.0
Nb 8.915566102428e+00 7.310704288687e+00 1.532833092694e+01 1 1 1 0.0 0.0 0.0
Nb 1.169665781686e+01 9.375129495938e+00 1.532833092694e+01 1 1 1 0.0 0.0 0.0
Nb 1.447774953129e+01 1.143955470319e+01 1.532833092694e+01 1 1 1 0.0 0.0 0.0
Nb 5.339876755195e+00 1.212769643894e+01 1.532833092694e+01 1 1 1 0.0 0.0 0.0
Nb 8.120968469625e+00 1.419212164619e+01 1.532833092694e+01 1 1 1 0.0 0.0 0.0
Nb 6.531773204400e+00 1.805570402684e+00 1.532833092694e+01 1 1 1 0.0 0.0 0.0
Nb 9.312864918829e+00 3.869995609935e+00 1.532833092694e+01 1 1 1 0.0 0.0 0.0
Nb 1.209395663326e+01 5.934420817186e+00 1.532833092694e+01 1 1 1 0.0 0.0 0.0
Nb 1.487504834769e+01 7.998846024437e+00 1.532833092694e+01 1 1 1 0.0 0.0 0.0
Nb 1.765614006212e+01 1.006327123169e+01 1.532833092694e+01 1 1 1 0.0 0.0 0.0
Nb 1.129935900046e+01 1.281583817469e+01 1.532833092694e+01 1 1 1 0.0 0.0 0.0
Nb 9.710163735231e+00 4.292869311828e-01 1.532833092694e+01 1 1 1 0.0 0.0 0.0
Nb 1.249125544966e+01 2.493712138434e+00 1.532833092694e+01 1 1 1 0.0 0.0 0.0
Nb 1.527234716409e+01 4.558137345685e+00 1.532833092694e+01 1 1 1 0.0 0.0 0.0
Nb 2.956083857167e+00 6.622562552937e+00 1.532833092694e+01 1 1 1 0.0 0.0 0.0
Nb 1.725884124572e+01 1.350397991044e+01 1.532833092694e+01 1 1 1 0.0 0.0 0.0
Nb 5.722909591396e-01 1.117428666933e+00 1.532833092694e+01 1 1 1 0.0 0.0 0.0
Nb 5.743779804110e+00 8.679739814227e+00 9.182088683320e+00 1 1 1 0.0 0.0 0.0
Nb 8.524871518539e+00 1.074416502148e+01 9.182088683320e+00 1 1 1 0.0 0.0 0.0
Nb 3.359986906082e+00 3.174605928224e+00 9.182088683320e+00 1 1 1 0.0 0.0 0.0
Nb 6.141078620511e+00 5.239031135475e+00 9.182088683320e+00 1 1 1 0.0 0.0 0.0
Nb 8.922170334941e+00 7.303456342726e+00 9.182088683320e+00 1 1 1 0.0 0.0 0.0
Nb 1.170326204937e+01 9.367881549977e+00 9.182088683320e+00 1 1 1 0.0 0.0 0.0
Nb 1.448435376380e+01 1.143230675723e+01 9.182088683320e+00 1 1 1 0.0 0.0 0.0
Nb 5.346480987708e+00 1.212044849298e+01 9.182088683320e+00 1 1 1 0.0 0.0 0.0
Nb 8.127572702137e+00 1.418487370023e+01 9.182088683320e+00 1 1 1 0.0 0.0 0.0
Nb 6.538377436913e+00 1.798322456723e+00 9.182088683320e+00 1 1 1 0.0 0.0 0.0
Nb 9.319469151342e+00 3.862747663974e+00 9.182088683320e+00 1 1 1 0.0 0.0 0.0
Nb 1.210056086577e+01 5.927172871225e+00 9.182088683320e+00 1 1 1 0.0 0.0 0.0
Nb 1.488165258020e+01 7.991598078476e+00 9.182088683320e+00 1 1 1 0.0 0.0 0.0
Nb 1.766274429463e+01 1.005602328573e+01 9.182088683320e+00 1 1 1 0.0 0.0 0.0
Nb 1.130596323297e+01 1.280859022873e+01 9.182088683320e+00 1 1 1 0.0 0.0 0.0
Nb 9.716767967744e+00 4.220389852219e-01 9.182088683320e+00 1 1 1 0.0 0.0 0.0
Nb 1.249785968217e+01 2.486464192473e+00 9.182088683320e+00 1 1 1 0.0 0.0 0.0
Nb 1.527895139660e+01 4.550889399724e+00 9.182088683320e+00 1 1 1 0.0 0.0 0.0
Nb 2.962688089680e+00 6.615314606976e+00 9.182088683320e+00 1 1 1 0.0 0.0 0.0
Nb 1.726544547823e+01 1.349673196448e+01 9.182088683320e+00 1 1 1 0.0 0.0 0.0
Nb 5.788951916524e-01 1.110180720972e+00 9.182088683320e+00 1 1 1 0.0 0.0 0.0
Bi 1.404831910166e+01 9.076334108101e+00 3.532095071834e+01 1 1 1 0.0 0.0 0.0
Bi 6.499641590988e+00 9.076334108101e+00 3.532095071834e+01 1 1 1 0.0 0.0 0.0
Bi 1.018884488571e+01 7.011908900850e+00 3.532095071834e+01 1 1 1 0.0 0.0 0.0
Bi 1.387804818043e+01 4.947483693599e+00 3.532095071834e+01 1 1 1 0.0 0.0 0.0
Bi 2.640167375034e+00 7.011908900850e+00 3.532095071834e+01 1 1 1 0.0 0.0 0.0
Bi 6.329370669755e+00 4.947483693599e+00 3.532095071834e+01 1 1 1 0.0 0.0 0.0
Bi 1.001857396448e+01 2.883058486348e+00 3.532095071834e+01 1 1 1 0.0 0.0 0.0
Bi 1.370777725920e+01 8.186332790964e-01 3.532095071834e+01 1 1 1 0.0 0.0 0.0
Bi 2.469896453801e+00 2.883058486348e+00 3.532095071834e+01 1 1 1 0.0 0.0 0.0
Bi 6.159099748522e+00 8.186332790964e-01 3.532095071834e+01 1 1 1 0.0 0.0 0.0
Bi 1.421859002290e+01 1.320518452260e+01 3.532095071834e+01 1 1 1 0.0 0.0 0.0
Bi 6.669912512222e+00 1.320518452260e+01 3.532095071834e+01 1 1 1 0.0 0.0 0.0
Bi 1.035911580694e+01 1.114075931535e+01 3.532095071834e+01 1 1 1 0.0 0.0 0.0
Bi 1.790779331762e+01 1.114075931535e+01 3.532095071834e+01 1 1 1 0.0 0.0 0.0
Bi 1.155980003835e+01 9.101142527196e+00 3.133430771007e+01 1 1 1 0.0 0.0 0.0
Bi 4.011122527678e+00 9.101142527196e+00 3.133430771007e+01 1 1 1 0.0 0.0 0.0
Bi 7.700325822399e+00 7.036717319945e+00 3.133430771007e+01 1 1 1 0.0 0.0 0.0
Bi 1.138952911712e+01 4.972292112694e+00 3.133430771007e+01 1 1 1 0.0 0.0 0.0
Bi 1.524900333307e+01 7.036717319945e+00 3.133430771007e+01 1 1 1 0.0 0.0 0.0
Bi 3.840851606444e+00 4.972292112694e+00 3.133430771007e+01 1 1 1 0.0 0.0 0.0
Bi 7.530054901166e+00 2.907866905443e+00 3.133430771007e+01 1 1 1 0.0 0.0 0.0
Bi 1.121925819589e+01 8.434416981915e-01 3.133430771007e+01 1 1 1 0.0 0.0 0.0
Bi 1.507873241184e+01 2.907866905443e+00 3.133430771007e+01 1 1 1 0.0 0.0 0.0
Bi 3.670580685211e+00 8.434416981915e-01 3.133430771007e+01 1 1 1 0.0 0.0 0.0
Bi 1.173007095959e+01 1.322999294170e+01 3.133430771007e+01 1 1 1 0.0 0.0 0.0
Bi 4.181393448911e+00 1.322999294170e+01 3.133430771007e+01 1 1 1 0.0 0.0 0.0
Bi 7.870596743632e+00 1.116556773445e+01 3.133430771007e+01 1 1 1 0.0 0.0 0.0
Bi 1.541927425431e+01 1.116556773445e+01 3.133430771007e+01 1 1 1 0.0 0.0 0.0
Bi 1.154431487200e+01 9.166147397225e+00 2.529282906773e+01 1 1 1 0.0 0.0 0.0
Bi 3.995637361322e+00 9.166147397225e+00 2.529282906773e+01 1 1 1 0.0 0.0 0.0
Bi 7.684840656043e+00 7.101722189974e+00 2.529282906773e+01 1 1 1 0.0 0.0 0.0
Bi 1.137404395076e+01 5.037296982723e+00 2.529282906773e+01 1 1 1 0.0 0.0 0.0
Bi 1.523351816672e+01 7.101722189974e+00 2.529282906773e+01 1 1 1 0.0 0.0 0.0
Bi 3.825366440089e+00 5.037296982723e+00 2.529282906773e+01 1 1 1 0.0 0.0 0.0
Bi 7.514569734810e+00 2.972871775471e+00 2.529282906773e+01 1 1 1 0.0 0.0 0.0
Bi 1.120377302953e+01 9.084465682201e-01 2.529282906773e+01 1 1 1 0.0 0.0 0.0
Bi 1.506324724549e+01 2.972871775471e+00 2.529282906773e+01 1 1 1 0.0 0.0 0.0
Bi 3.655095518855e+00 9.084465682201e-01 2.529282906773e+01 1 1 1 0.0 0.0 0.0
Bi 1.171458579323e+01 1.329499781173e+01 2.529282906773e+01 1 1 1 0.0 0.0 0.0
Bi 4.165908282555e+00 1.329499781173e+01 2.529282906773e+01 1 1 1 0.0 0.0 0.0
Bi 7.855111577276e+00 1.123057260448e+01 2.529282906773e+01 1 1 1 0.0 0.0 0.0
Bi 1.540378908795e+01 1.123057260448e+01 2.529282906773e+01 1 1 1 0.0 0.0 0.0
Bi 1.659927714694e+01 9.167780089326e+00 2.132110864621e+01 1 1 1 0.0 0.0 0.0
Bi 9.050599636265e+00 9.167780089326e+00 2.132110864621e+01 1 1 1 0.0 0.0 0.0
Bi 1.273980293099e+01 7.103354882074e+00 2.132110864621e+01 1 1 1 0.0 0.0 0.0
Bi 1.642900622571e+01 5.038929674823e+00 2.132110864621e+01 1 1 1 0.0 0.0 0.0
Bi 5.191125420310e+00 7.103354882074e+00 2.132110864621e+01 1 1 1 0.0 0.0 0.0
Bi 8.880328715032e+00 5.038929674823e+00 2.132110864621e+01 1 1 1 0.0 0.0 0.0
Bi 1.256953200975e+01 2.974504467572e+00 2.132110864621e+01 1 1 1 0.0 0.0 0.0
Bi 1.161380283123e+00 9.100792603207e-01 2.132110864621e+01 1 1 1 0.0 0.0 0.0
Bi 5.020854499077e+00 2.974504467572e+00 2.132110864621e+01 1 1 1 0.0 0.0 0.0
Bi 8.710057793798e+00 9.100792603207e-01 2.132110864621e+01 1 1 1 0.0 0.0 0.0
Bi 1.676954806817e+01 1.329663050383e+01 2.132110864621e+01 1 1 1 0.0 0.0 0.0
Bi 9.220870557498e+00 1.329663050383e+01 2.132110864621e+01 1 1 1 0.0 0.0 0.0
Bi 1.291007385222e+01 1.123220529658e+01 2.132110864621e+01 1 1 1 0.0 0.0 0.0
Bi 5.361396341544e+00 1.123220529658e+01 2.132110864621e+01 1 1 1 0.0 0.0 0.0
Se 3.757142801429e+00 8.449814034341e+00 7.500000000000e+00 1 1 1 0.0 0.0 0.0
Se 6.538234515858e+00 1.051423924159e+01 7.500000000000e+00 1 1 1 0.0 0.0 0.0
Se 1.373349903401e+00 2.944680148338e+00 7.500000000000e+00 1 1 1 0.0 0.0 0.0
Se 4.154441617830e+00 5.009105355589e+00 7.500000000000e+00 1 1 1 0.0 0.0 0.0
Se 6.935533332260e+00 7.073530562840e+00 7.500000000000e+00 1 1 1 0.0 0.0 0.0
Se 9.716625046689e+00 9.137955770092e+00 7.500000000000e+00 1 1 1 0.0 0.0 0.0
Se 1.249771676112e+01 1.120238097734e+01 7.500000000000e+00 1 1 1 0.0 0.0 0.0
Se 1.845719900638e+01 1.189052271309e+01 7.500000000000e+00 1 1 1 0.0 0.0 0.0
Se 6.140935699457e+00 1.395494792034e+01 7.500000000000e+00 1 1 1 0.0 0.0 0.0
Se 4.551740434232e+00 1.568396676837e+00 7.500000000000e+00 1 1 1 0.0 0.0 0.0
Se 7.332832148661e+00 3.632821884088e+00 7.500000000000e+00 1 1 1 0.0 0.0 0.0
Se 1.011392386309e+01 5.697247091340e+00 7.500000000000e+00 1 1 1 0.0 0.0 0.0
Se 1.289501557752e+01 7.761672298591e+00 7.500000000000e+00 1 1 1 0.0 0.0 0.0
Se 1.567610729195e+01 9.826097505842e+00 7.500000000000e+00 1 1 1 0.0 0.0 0.0
Se 9.319326230287e+00 1.257866444884e+01 7.500000000000e+00 1 1 1 0.0 0.0 0.0
Se 7.730130965063e+00 1.921132053363e-01 7.500000000000e+00 1 1 1 0.0 0.0 0.0
Se 1.051122267949e+01 2.256538412588e+00 7.500000000000e+00 1 1 1 0.0 0.0 0.0
Se 1.329231439392e+01 4.320963619839e+00 7.500000000000e+00 1 1 1 0.0 0.0 0.0
Se 1.607340610835e+01 6.385388827090e+00 7.500000000000e+00 1 1 1 0.0 0.0 0.0
Se 1.527880847555e+01 1.326680618459e+01 7.500000000000e+00 1 1 1 0.0 0.0 0.0
Se 1.368961321032e+01 8.802549410867e-01 7.500000000000e+00 1 1 1 0.0 0.0 0.0
Se 4.545133864038e+00 1.029240221828e+01 1.364602824434e+01 1 1 1 0.0 0.0 0.0
Se 7.326225578468e+00 1.235682742553e+01 1.364602824434e+01 1 1 1 0.0 0.0 0.0
Se 2.161340966011e+00 4.787268332280e+00 1.364602824434e+01 1 1 1 0.0 0.0 0.0
Se 4.942432680440e+00 6.851693539531e+00 1.364602824434e+01 1 1 1 0.0 0.0 0.0
Se 7.723524394869e+00 8.916118746782e+00 1.364602824434e+01 1 1 1 0.0 0.0 0.0
Se 1.050461610930e+01 1.098054395403e+01 1.364602824434e+01 1 1 1 0.0 0.0 0.0
Se 1.328570782373e+01 1.304496916128e+01 1.364602824434e+01 1 1 1 0.0 0.0 0.0
Se 1.924519006899e+01 1.373311089704e+01 1.364602824434e+01 1 1 1 0.0 0.0 0.0
Se 2.558639782412e+00 1.346559653528e+00 1.364602824434e+01 1 1 1 0.0 0.0 0.0
Se 5.339731496842e+00 3.410984860779e+00 1.364602824434e+01 1 1 1 0.0 0.0 0.0
Se 8.120823211271e+00 5.475410068030e+00 1.364602824434e+01 1 1 1 0.0 0.0 0.0
Se 1.090191492570e+01 7.539835275282e+00 1.364602824434e+01 1 1 1 0.0 0.0 0.0
Se 1.368300664013e+01 9.604260482533e+00 1.364602824434e+01 1 1 1 0.0 0.0 0.0
Se 1.646409835456e+01 1.166868568978e+01 1.364602824434e+01 1 1 1 0.0 0.0 0.0
Se 1.010731729290e+01 1.442125263279e+01 1.364602824434e+01 1 1 1 0.0 0.0 0.0
Se 8.518122027672e+00 2.034701389278e+00 1.364602824434e+01 1 1 1 0.0 0.0 0.0
Se 1.129921374210e+01 4.099126596530e+00 1.364602824434e+01 1 1 1 0.0 0.0 0.0
Se 1.408030545653e+01 6.163551803781e+00 1.364602824434e+01 1 1 1 0.0 0.0 0.0
Se 1.686139717096e+01 8.227977011032e+00 1.364602824434e+01 1 1 1 0.0 0.0 0.0
Se 1.169651255850e+01 6.584179177775e-01 1.364602824434e+01 1 1 1 0.0 0.0 0.0
Se 1.447760427293e+01 2.722843125029e+00 1.364602824434e+01 1 1 1 0.0 0.0 0.0
Se 3.756774856905e+00 8.450825375151e+00 1.086443756309e+01 1 1 1 0.0 0.0 0.0
Se 6.537866571335e+00 1.051525058240e+01 1.086443756309e+01 1 1 1 0.0 0.0 0.0
Se 1.372981958878e+00 2.945691489148e+00 1.086443756309e+01 1 1 1 0.0 0.0 0.0
Se 4.154073673307e+00 5.010116696399e+00 1.086443756309e+01 1 1 1 0.0 0.0 0.0
Se 6.935165387736e+00 7.074541903651e+00 1.086443756309e+01 1 1 1 0.0 0.0 0.0
Se 9.716257102166e+00 9.138967110902e+00 1.086443756309e+01 1 1 1 0.0 0.0 0.0
Se 1.249734881660e+01 1.120339231815e+01 1.086443756309e+01 1 1 1 0.0 0.0 0.0
Se 1.845683106186e+01 1.189153405390e+01 1.086443756309e+01 1 1 1 0.0 0.0 0.0
Se 6.140567754933e+00 1.395595926115e+01 1.086443756309e+01 1 1 1 0.0 0.0 0.0
Se 4.551372489709e+00 1.569408017647e+00 1.086443756309e+01 1 1 1 0.0 0.0 0.0
Se 7.332464204138e+00 3.633833224898e+00 1.086443756309e+01 1 1 1 0.0 0.0 0.0
Se 1.011355591857e+01 5.698258432150e+00 1.086443756309e+01 1 1 1 0.0 0.0 0.0
Se 1.289464763300e+01 7.762683639401e+00 1.086443756309e+01 1 1 1 0.0 0.0 0.0
Se 1.567573934743e+01 9.827108846652e+00 1.086443756309e+01 1 1 1 0.0 0.0 0.0
Se 9.318958285764e+00 1.257967578965e+01 1.086443756309e+01 1 1 1 0.0 0.0 0.0
Se 7.729763020539e+00 1.931245461464e-01 1.086443756309e+01 1 1 1 0.0 0.0 0.0
Se 1.051085473497e+01 2.257549753398e+00 1.086443756309e+01 1 1 1 0.0 0.0 0.0
Se 1.329194644940e+01 4.321974960649e+00 1.086443756309e+01 1 1 1 0.0 0.0 0.0
Se 1.607303816383e+01 6.386400167900e+00 1.086443756309e+01 1 1 1 0.0 0.0 0.0
Se 1.527844053102e+01 1.326781752540e+01 1.086443756309e+01 1 1 1 0.0 0.0 0.0
Se 1.368924526580e+01 8.812662818968e-01 1.086443756309e+01 1 1 1 0.0 0.0 0.0
Se 4.544945834205e+00 1.029344333637e+01 1.701046802998e+01 1 1 1 0.0 0.0 0.0
Se 7.326037548634e+00 1.235786854362e+01 1.701046802998e+01 1 1 1 0.0 0.0 0.0
Se 2.161152936177e+00 4.788309450368e+00 1.701046802998e+01 1 1 1 0.0 0.0 0.0
Se 4.942244650607e+00 6.852734657619e+00 1.701046802998e+01 1 1 1 0.0 0.0 0.0
Se 7.723336365036e+00 8.917159864870e+00 1.701046802998e+01 1 1 1 0.0 0.0 0.0
Se 1.050442807947e+01 1.098158507212e+01 1.701046802998e+01 1 1 1 0.0 0.0 0.0
Se 1.328551979389e+01 1.304601027937e+01 1.701046802998e+01 1 1 1 0.0 0.0 0.0
Se 1.924500203916e+01 1.373415201512e+01 1.701046802998e+01 1 1 1 0.0 0.0 0.0
Se 2.558451752579e+00 1.347600771616e+00 1.701046802998e+01 1 1 1 0.0 0.0 0.0
Se 5.339543467008e+00 3.412025978867e+00 1.701046802998e+01 1 1 1 0.0 0.0 0.0
Se 8.120635181437e+00 5.476451186118e+00 1.701046802998e+01 1 1 1 0.0 0.0 0.0
Se 1.090172689587e+01 7.540876393369e+00 1.701046802998e+01 1 1 1 0.0 0.0 0.0
Se 1.368281861030e+01 9.605301600621e+00 1.701046802998e+01 1 1 1 0.0 0.0 0.0
Se 1.646391032473e+01 1.166972680787e+01 1.701046802998e+01 1 1 1 0.0 0.0 0.0
Se 1.010712926306e+01 1.442229375087e+01 1.701046802998e+01 1 1 1 0.0 0.0 0.0
Se 8.517933997839e+00 2.035742507366e+00 1.701046802998e+01 1 1 1 0.0 0.0 0.0
Se 1.129902571227e+01 4.100167714617e+00 1.701046802998e+01 1 1 1 0.0 0.0 0.0
Se 1.408011742670e+01 6.164592921869e+00 1.701046802998e+01 1 1 1 0.0 0.0 0.0
Se 1.686120914113e+01 8.229018129120e+00 1.701046802998e+01 1 1 1 0.0 0.0 0.0
Se 1.169632452867e+01 6.594590358652e-01 1.701046802998e+01 1 1 1 0.0 0.0 0.0
Se 1.447741624310e+01 2.723884243116e+00 1.701046802998e+01 1 1 1 0.0 0.0 0.0
Se 1.151948973947e+01 9.076816263211e+00 3.696241589303e+01 1 1 1 0.0 0.0 0.0
Se 3.970812228795e+00 9.076816263211e+00 3.696241589303e+01 1 1 1 0.0 0.0 0.0
Se 7.660015523516e+00 7.012391055960e+00 3.696241589303e+01 1 1 1 0.0 0.0 0.0
Se 1.134921881824e+01 4.947965848709e+00 3.696241589303e+01 1 1 1 0.0 0.0 0.0
Se 1.520869303419e+01 7.012391055960e+00 3.696241589303e+01 1 1 1 0.0 0.0 0.0
Se 3.800541307562e+00 4.947965848709e+00 3.696241589303e+01 1 1 1 0.0 0.0 0.0
Se 7.489744602283e+00 2.883540641458e+00 3.696241589303e+01 1 1 1 0.0 0.0 0.0
Se 1.117894789700e+01 8.191154342064e-01 3.696241589303e+01 1 1 1 0.0 0.0 0.0
Se 1.503842211296e+01 2.883540641458e+00 3.696241589303e+01 1 1 1 0.0 0.0 0.0
Se 3.630270386329e+00 8.191154342064e-01 3.696241589303e+01 1 1 1 0.0 0.0 0.0
Se 1.168976066070e+01 1.320566667771e+01 3.696241589303e+01 1 1 1 0.0 0.0 0.0
Se 4.141083150028e+00 1.320566667771e+01 3.696241589303e+01 1 1 1 0.0 0.0 0.0
Se 7.830286444750e+00 1.114124147046e+01 3.696241589303e+01 1 1 1 0.0 0.0 0.0
Se 1.537896395543e+01 1.114124147046e+01 3.696241589303e+01 1 1 1 0.0 0.0 0.0
Se 1.659075553775e+01 9.082690711557e+00 3.332483142763e+01 1 1 1 0.0 0.0 0.0
Se 9.042078027069e+00 9.082690711557e+00 3.332483142763e+01 1 1 1 0.0 0.0 0.0
Se 1.273128132179e+01 7.018265504305e+00 3.332483142763e+01 1 1 1 0.0 0.0 0.0
Se 1.642048461651e+01 4.953840297054e+00 3.332483142763e+01 1 1 1 0.0 0.0 0.0
Se 5.182603811115e+00 7.018265504305e+00 3.332483142763e+01 1 1 1 0.0 0.0 0.0
Se 8.871807105836e+00 4.953840297054e+00 3.332483142763e+01 1 1 1 0.0 0.0 0.0
Se 1.256101040056e+01 2.889415089803e+00 3.332483142763e+01 1 1 1 0.0 0.0 0.0
Se 1.152858673927e+00 8.249898825518e-01 3.332483142763e+01 1 1 1 0.0 0.0 0.0
Se 5.012332889882e+00 2.889415089803e+00 3.332483142763e+01 1 1 1 0.0 0.0 0.0
Se 8.701536184603e+00 8.249898825518e-01 3.332483142763e+01 1 1 1 0.0 0.0 0.0
Se 1.676102645898e+01 1.321154112606e+01 3.332483142763e+01 1 1 1 0.0 0.0 0.0
Se 9.212348948303e+00 1.321154112606e+01 3.332483142763e+01 1 1 1 0.0 0.0 0.0
Se 1.290155224302e+01 1.114711591881e+01 3.332483142763e+01 1 1 1 0.0 0.0 0.0
Se 5.352874732348e+00 1.114711591881e+01 3.332483142763e+01 1 1 1 0.0 0.0 0.0
Se 1.406490990187e+01 9.091437734029e+00 2.969131231352e+01 1 1 1 0.0 0.0 0.0
Se 6.516232391196e+00 9.091437734029e+00 2.969131231352e+01 1 1 1 0.0 0.0 0.0
Se 1.020543568592e+01 7.027012526778e+00 2.969131231352e+01 1 1 1 0.0 0.0 0.0
Se 1.389463898064e+01 4.962587319526e+00 2.969131231352e+01 1 1 1 0.0 0.0 0.0
Se 2.656758175241e+00 7.027012526778e+00 2.969131231352e+01 1 1 1 0.0 0.0 0.0
Se 6.345961469962e+00 4.962587319526e+00 2.969131231352e+01 1 1 1 0.0 0.0 0.0
Se 1.003516476468e+01 2.898162112275e+00 2.969131231352e+01 1 1 1 0.0 0.0 0.0
Se 1.372436805940e+01 8.337369050240e-01 2.969131231352e+01 1 1 1 0.0 0.0 0.0
Se 2.486487254008e+00 2.898162112275e+00 2.969131231352e+01 1 1 1 0.0 0.0 0.0
Se 6.175690548729e+00 8.337369050240e-01 2.969131231352e+01 1 1 1 0.0 0.0 0.0
Se 1.423518082310e+01 1.322028814853e+01 2.969131231352e+01 1 1 1 0.0 0.0 0.0
Se 6.686503312429e+00 1.322028814853e+01 2.969131231352e+01 1 1 1 0.0 0.0 0.0
Se 1.037570660715e+01 1.115586294128e+01 2.969131231352e+01 1 1 1 0.0 0.0 0.0
Se 1.792438411783e+01 1.115586294128e+01 2.969131231352e+01 1 1 1 0.0 0.0 0.0
Se 1.660042082667e+01 9.163851353875e+00 2.692457590224e+01 1 1 1 0.0 0.0 0.0
Se 9.051743315999e+00 9.163851353875e+00 2.692457590224e+01 1 1 1 0.0 0.0 0.0
Se 1.274094661072e+01 7.099426146624e+00 2.692457590224e+01 1 1 1 0.0 0.0 0.0
Se 1.643014990544e+01 5.035000939373e+00 2.692457590224e+01 1 1 1 0.0 0.0 0.0
Se 5.192269100045e+00 7.099426146624e+00 2.692457590224e+01 1 1 1 0.0 0.0 0.0
Se 8.881472394766e+00 5.035000939373e+00 2.692457590224e+01 1 1 1 0.0 0.0 0.0
Se 1.257067568949e+01 2.970575732121e+00 2.692457590224e+01 1 1 1 0.0 0.0 0.0
Se 1.162523962857e+00 9.061505248702e-01 2.692457590224e+01 1 1 1 0.0 0.0 0.0
Se 5.021998178811e+00 2.970575732121e+00 2.692457590224e+01 1 1 1 0.0 0.0 0.0
Se 8.711201473533e+00 9.061505248702e-01 2.692457590224e+01 1 1 1 0.0 0.0 0.0
Se 1.677069174791e+01 1.329270176838e+01 2.692457590224e+01 1 1 1 0.0 0.0 0.0
Se 9.222014237232e+00 1.329270176838e+01 2.692457590224e+01 1 1 1 0.0 0.0 0.0
Se 1.291121753195e+01 1.122827656113e+01 2.692457590224e+01 1 1 1 0.0 0.0 0.0
Se 5.362540021278e+00 1.122827656113e+01 2.692457590224e+01 1 1 1 0.0 0.0 0.0
Se 1.406600227456e+01 9.172424447679e+00 2.330671355540e+01 1 1 1 0.0 0.0 0.0
Se 6.517324763886e+00 9.172424447679e+00 2.330671355540e+01 1 1 1 0.0 0.0 0.0
Se 1.020652805861e+01 7.107999240428e+00 2.330671355540e+01 1 1 1 0.0 0.0 0.0
Se 1.389573135333e+01 5.043574033177e+00 2.330671355540e+01 1 1 1 0.0 0.0 0.0
Se 2.657850547931e+00 7.107999240428e+00 2.330671355540e+01 1 1 1 0.0 0.0 0.0
Se 6.347053842653e+00 5.043574033177e+00 2.330671355540e+01 1 1 1 0.0 0.0 0.0
Se 1.003625713737e+01 2.979148825925e+00 2.330671355540e+01 1 1 1 0.0 0.0 0.0
Se 1.372546043210e+01 9.147236186741e-01 2.330671355540e+01 1 1 1 0.0 0.0 0.0
Se 2.487579626698e+00 2.979148825925e+00 2.330671355540e+01 1 1 1 0.0 0.0 0.0
Se 6.176782921419e+00 9.147236186741e-01 2.330671355540e+01 1 1 1 0.0 0.0 0.0
Se 1.423627319579e+01 1.330127486218e+01 2.330671355540e+01 1 1 1 0.0 0.0 0.0
Se 6.687595685119e+00 1.330127486218e+01 2.330671355540e+01 1 1 1 0.0 0.0 0.0
Se 1.037679897984e+01 1.123684965493e+01 2.330671355540e+01 1 1 1 0.0 0.0 0.0
Se 1.792547649052e+01 1.123684965493e+01 2.330671355540e+01 1 1 1 0.0 0.0 0.0
Se 1.153630231819e+01 9.166678475011e+00 1.968357859229e+01 1 1 1 0.0 0.0 0.0
Se 3.987624807516e+00 9.166678475011e+00 1.968357859229e+01 1 1 1 0.0 0.0 0.0
Se 7.676828102238e+00 7.102253267759e+00 1.968357859229e+01 1 1 1 0.0 0.0 0.0
Se 1.136603139696e+01 5.037828060508e+00 1.968357859229e+01 1 1 1 0.0 0.0 0.0
Se 1.522550561291e+01 7.102253267759e+00 1.968357859229e+01 1 1 1 0.0 0.0 0.0
Se 3.817353886283e+00 5.037828060508e+00 1.968357859229e+01 1 1 1 0.0 0.0 0.0
Se 7.506557181005e+00 2.973402853257e+00 1.968357859229e+01 1 1 1 0.0 0.0 0.0
Se 1.119576047573e+01 9.089776460057e-01 1.968357859229e+01 1 1 1 0.0 0.0 0.0
Se 1.505523469168e+01 2.973402853257e+00 1.968357859229e+01 1 1 1 0.0 0.0 0.0
Se 3.647082965050e+00 9.089776460057e-01 1.968357859229e+01 1 1 1 0.0 0.0 0.0
Se 1.170657323943e+01 1.329552888951e+01 1.968357859229e+01 1 1 1 0.0 0.0 0.0
Se 4.157895728750e+00 1.329552888951e+01 1.968357859229e+01 1 1 1 0.0 0.0 0.0
Se 7.847099023471e+00 1.123110368226e+01 1.968357859229e+01 1 1 1 0.0 0.0 0.0
Se 1.539577653415e+01 1.123110368226e+01 1.968357859229e+01 1 1 1 0.0 0.0 0.0
"