calculation_mode = "Quench Electrons"
cell_relax = "False"
charge_density_mixing = "0.1"
charge_mixing_type = "Broyden"
description = "Example parameters for high-throughput bulk relaxation of a vdW material"
dipole_moment = "True"
dos_broading = "0.05"
dos_method = "Gaussian"
energy_convergence_criterion = "1e-10"
energy_output_units = "Hartrees"
kohn_sham_mucycles = "3"
kohn_sham_solver = "davidson"
kpoint_distribution = "1"
kpoint_mesh = "1 1 1"
localize_projectors = "False"
max_md_steps = "100"
max_scf_steps = "200"
non_local_block_size = "4000"
output_wave_function_file = "/dev/null"
potential_acceleration_constant_step = "1.5"
processor_grid = "5 8 14"
rms_convergence_criterion = "1e-08"
start_mode = "LCAO Start"
stress = "True"
subdiag_driver = "scalapack"
use_async_allreduce = "False"
vdw_corr = "DFT-D3"
vdwdf_kernel_filepath = "/lustre/orion/world-shared/cph162/rjmorelock/rmgdft/XC/vdW_kernel_table"
wavefunction_grid = "128 222 426"
write_data_period = "50"

atomic_coordinate_type = "Absolute"
crds_units = "Angstrom"
lattice_units = "Angstrom"

lattice_vector = "
1.509735502196e+01 0.000000000000e+00 9.000000000000e-16
1.602011300000e-09 2.614938595746e+01 1.600000000000e-15
0.000000000000e+00 0.000000000000e+00 4.998930533072e+01
"
atoms = "
Nb 1.100936187656e+01 3.309082867348e+00 1.782833092694e+01 1 1 1 0.0 0.0 0.0
Nb 1.061206306040e+01 6.749791545961e+00 1.782833092694e+01 1 1 1 0.0 0.0 0.0
Nb 1.021476424425e+01 1.019050022457e+01 1.782833092694e+01 1 1 1 0.0 0.0 0.0
Nb 9.817465428091e+00 1.363120890319e+01 1.782833092694e+01 1 1 1 0.0 0.0 0.0
Nb 9.420166611934e+00 1.707191758180e+01 1.782833092694e+01 1 1 1 0.0 0.0 0.0
Nb 9.022867795777e+00 2.051262626041e+01 1.782833092694e+01 1 1 1 0.0 0.0 0.0
Nb 8.625568979621e+00 2.395333493903e+01 1.782833092694e+01 1 1 1 0.0 0.0 0.0
Nb 8.228270161862e+00 1.244657660180e+00 1.782833092694e+01 1 1 1 0.0 0.0 0.0
Nb 7.830971345705e+00 4.685366338793e+00 1.782833092694e+01 1 1 1 0.0 0.0 0.0
Nb 7.433672529549e+00 8.126075017406e+00 1.782833092694e+01 1 1 1 0.0 0.0 0.0
Nb 7.036373713392e+00 1.156678369602e+01 1.782833092694e+01 1 1 1 0.0 0.0 0.0
Nb 6.639074897236e+00 1.500749237463e+01 1.782833092694e+01 1 1 1 0.0 0.0 0.0
Nb 6.241776081079e+00 1.844820105325e+01 1.782833092694e+01 1 1 1 0.0 0.0 0.0
Nb 5.844477264922e+00 2.188890973186e+01 1.782833092694e+01 1 1 1 0.0 0.0 0.0
Nb 5.447178448766e+00 2.532961841047e+01 1.782833092694e+01 1 1 1 0.0 0.0 0.0
Nb 5.049879631007e+00 2.620941131626e+00 1.782833092694e+01 1 1 1 0.0 0.0 0.0
Nb 4.652580814850e+00 6.061649810239e+00 1.782833092694e+01 1 1 1 0.0 0.0 0.0
Nb 4.255281998694e+00 9.502358488852e+00 1.782833092694e+01 1 1 1 0.0 0.0 0.0
Nb 3.857983182537e+00 1.294306716746e+01 1.782833092694e+01 1 1 1 0.0 0.0 0.0
Nb 3.460684366381e+00 1.638377584608e+01 1.782833092694e+01 1 1 1 0.0 0.0 0.0
Nb 3.063385550224e+00 1.982448452469e+01 1.782833092694e+01 1 1 1 0.0 0.0 0.0
Nb 2.666086734067e+00 2.326519320330e+01 1.782833092694e+01 1 1 1 0.0 0.0 0.0
Nb 2.268787916309e+00 5.565159244578e-01 1.782833092694e+01 1 1 1 0.0 0.0 0.0
Nb 1.871489100152e+00 3.997224603071e+00 1.782833092694e+01 1 1 1 0.0 0.0 0.0
Nb 1.474190283995e+00 7.437933281684e+00 1.782833092694e+01 1 1 1 0.0 0.0 0.0
Nb 1.076891467839e+00 1.087864196030e+01 1.782833092694e+01 1 1 1 0.0 0.0 0.0
Nb 6.795926516822e-01 1.431935063891e+01 1.782833092694e+01 1 1 1 0.0 0.0 0.0
Nb 2.822938355256e-01 1.776005931752e+01 1.782833092694e+01 1 1 1 0.0 0.0 0.0
Nb 1.498235004133e+01 2.120076799614e+01 1.782833092694e+01 1 1 1 0.0 0.0 0.0
Nb 1.458505122517e+01 2.464147667475e+01 1.782833092694e+01 1 1 1 0.0 0.0 0.0
Nb 1.418775240742e+01 1.932799395903e+00 1.782833092694e+01 1 1 1 0.0 0.0 0.0
Nb 1.379045359126e+01 5.373508074516e+00 1.782833092694e+01 1 1 1 0.0 0.0 0.0
Nb 1.339315477510e+01 8.814216753129e+00 1.782833092694e+01 1 1 1 0.0 0.0 0.0
Nb 1.299585595895e+01 1.225492543174e+01 1.782833092694e+01 1 1 1 0.0 0.0 0.0
Nb 1.259855714279e+01 1.569563411035e+01 1.782833092694e+01 1 1 1 0.0 0.0 0.0
Nb 1.220125832663e+01 1.913634278897e+01 1.782833092694e+01 1 1 1 0.0 0.0 0.0
Nb 1.180395951048e+01 2.257705146758e+01 1.782833092694e+01 1 1 1 0.0 0.0 0.0
Nb 1.140666069432e+01 2.601776014619e+01 1.782833092694e+01 1 1 1 0.0 0.0 0.0
Nb 1.099955737614e+01 3.308940111168e+00 1.168208868332e+01 1 1 1 0.0 0.0 0.0
Nb 1.060225855999e+01 6.749648789781e+00 1.168208868332e+01 1 1 1 0.0 0.0 0.0
Nb 1.020495974383e+01 1.019035746839e+01 1.168208868332e+01 1 1 1 0.0 0.0 0.0
Nb 9.807660927675e+00 1.363106614701e+01 1.168208868332e+01 1 1 1 0.0 0.0 0.0
Nb 9.410362111518e+00 1.707177482562e+01 1.168208868332e+01 1 1 1 0.0 0.0 0.0
Nb 9.013063295361e+00 2.051248350423e+01 1.168208868332e+01 1 1 1 0.0 0.0 0.0
Nb 8.615764479205e+00 2.395319218285e+01 1.168208868332e+01 1 1 1 0.0 0.0 0.0
Nb 8.218465661446e+00 1.244514904000e+00 1.168208868332e+01 1 1 1 0.0 0.0 0.0
Nb 7.821166845289e+00 4.685223582613e+00 1.168208868332e+01 1 1 1 0.0 0.0 0.0
Nb 7.423868029133e+00 8.125932261226e+00 1.168208868332e+01 1 1 1 0.0 0.0 0.0
Nb 7.026569212976e+00 1.156664093984e+01 1.168208868332e+01 1 1 1 0.0 0.0 0.0
Nb 6.629270396820e+00 1.500734961845e+01 1.168208868332e+01 1 1 1 0.0 0.0 0.0
Nb 6.231971580663e+00 1.844805829706e+01 1.168208868332e+01 1 1 1 0.0 0.0 0.0
Nb 5.834672764506e+00 2.188876697568e+01 1.168208868332e+01 1 1 1 0.0 0.0 0.0
Nb 5.437373948350e+00 2.532947565429e+01 1.168208868332e+01 1 1 1 0.0 0.0 0.0
Nb 5.040075130591e+00 2.620798375445e+00 1.168208868332e+01 1 1 1 0.0 0.0 0.0
Nb 4.642776314434e+00 6.061507054058e+00 1.168208868332e+01 1 1 1 0.0 0.0 0.0
Nb 4.245477498278e+00 9.502215732671e+00 1.168208868332e+01 1 1 1 0.0 0.0 0.0
Nb 3.848178682121e+00 1.294292441128e+01 1.168208868332e+01 1 1 1 0.0 0.0 0.0
Nb 3.450879865965e+00 1.638363308990e+01 1.168208868332e+01 1 1 1 0.0 0.0 0.0
Nb 3.053581049808e+00 1.982434176851e+01 1.168208868332e+01 1 1 1 0.0 0.0 0.0
Nb 2.656282233651e+00 2.326505044712e+01 1.168208868332e+01 1 1 1 0.0 0.0 0.0
Nb 2.258983415893e+00 5.563731682773e-01 1.168208868332e+01 1 1 1 0.0 0.0 0.0
Nb 1.861684599736e+00 3.997081846890e+00 1.168208868332e+01 1 1 1 0.0 0.0 0.0
Nb 1.464385783579e+00 7.437790525503e+00 1.168208868332e+01 1 1 1 0.0 0.0 0.0
Nb 1.067086967423e+00 1.087849920412e+01 1.168208868332e+01 1 1 1 0.0 0.0 0.0
Nb 6.697881512662e-01 1.431920788273e+01 1.168208868332e+01 1 1 1 0.0 0.0 0.0
Nb 2.724893351095e-01 1.775991656134e+01 1.168208868332e+01 1 1 1 0.0 0.0 0.0
Nb 1.497254554091e+01 2.120062523996e+01 1.168208868332e+01 1 1 1 0.0 0.0 0.0
Nb 1.457524672476e+01 2.464133391857e+01 1.168208868332e+01 1 1 1 0.0 0.0 0.0
Nb 1.417794790700e+01 1.932656639722e+00 1.168208868332e+01 1 1 1 0.0 0.0 0.0
Nb 1.378064909084e+01 5.373365318335e+00 1.168208868332e+01 1 1 1 0.0 0.0 0.0
Nb 1.338335027469e+01 8.814073996948e+00 1.168208868332e+01 1 1 1 0.0 0.0 0.0
Nb 1.298605145853e+01 1.225478267556e+01 1.168208868332e+01 1 1 1 0.0 0.0 0.0
Nb 1.258875264237e+01 1.569549135417e+01 1.168208868332e+01 1 1 1 0.0 0.0 0.0
Nb 1.219145382622e+01 1.913620003279e+01 1.168208868332e+01 1 1 1 0.0 0.0 0.0
Nb 1.179415501006e+01 2.257690871140e+01 1.168208868332e+01 1 1 1 0.0 0.0 0.0
Nb 1.139685619390e+01 2.601761739001e+01 1.168208868332e+01 1 1 1 0.0 0.0 0.0
Bi 1.657777362483e+00 8.570650104118e-01 3.834784015603e+01 1 1 1 0.0 0.0 0.0
Bi 4.561114866891e+00 3.874301851657e+00 3.834784015603e+01 1 1 1 0.0 0.0 0.0
Bi 8.625787372743e+00 2.868556237909e+00 3.834784015603e+01 1 1 1 0.0 0.0 0.0
Bi 1.269045987859e+01 1.862810624160e+00 3.834784015603e+01 1 1 1 0.0 0.0 0.0
Bi 3.399779865448e+00 7.897284306651e+00 3.834784015603e+01 1 1 1 0.0 0.0 0.0
Bi 7.464452371300e+00 6.891538692902e+00 3.834784015603e+01 1 1 1 0.0 0.0 0.0
Bi 1.152912487715e+01 5.885793079154e+00 3.834784015603e+01 1 1 1 0.0 0.0 0.0
Bi 4.964423610402e-01 4.880047465405e+00 3.834784015603e+01 1 1 1 0.0 0.0 0.0
Bi 2.238444864006e+00 1.192026676164e+01 3.834784015603e+01 1 1 1 0.0 0.0 0.0
Bi 6.303117369857e+00 1.091452114790e+01 3.834784015603e+01 1 1 1 0.0 0.0 0.0
Bi 1.036778987571e+01 9.908775534147e+00 3.834784015603e+01 1 1 1 0.0 0.0 0.0
Bi 1.443246238156e+01 8.903029920399e+00 3.834784015603e+01 1 1 1 0.0 0.0 0.0
Bi 5.141782368414e+00 1.493750360289e+01 3.834784015603e+01 1 1 1 0.0 0.0 0.0
Bi 9.206454874265e+00 1.393175798914e+01 3.834784015603e+01 1 1 1 0.0 0.0 0.0
Bi 1.327112738012e+01 1.292601237539e+01 3.834784015603e+01 1 1 1 0.0 0.0 0.0
Bi 3.980447366971e+00 1.896048605788e+01 3.834784015603e+01 1 1 1 0.0 0.0 0.0
Bi 8.045119872822e+00 1.795474044413e+01 3.834784015603e+01 1 1 1 0.0 0.0 0.0
Bi 1.210979237867e+01 1.694899483039e+01 3.834784015603e+01 1 1 1 0.0 0.0 0.0
Bi 1.077109862563e+00 1.594324921664e+01 3.834784015603e+01 1 1 1 0.0 0.0 0.0
Bi 2.819112365528e+00 2.298346851288e+01 3.834784015603e+01 1 1 1 0.0 0.0 0.0
Bi 6.883784871379e+00 2.197772289913e+01 3.834784015603e+01 1 1 1 0.0 0.0 0.0
Bi 1.094845737723e+01 2.097197728538e+01 3.834784015603e+01 1 1 1 0.0 0.0 0.0
Bi 1.501312988308e+01 1.996623167163e+01 3.834784015603e+01 1 1 1 0.0 0.0 0.0
Bi 5.722449869936e+00 2.600070535412e+01 3.834784015603e+01 1 1 1 0.0 0.0 0.0
Bi 9.787122375787e+00 2.499495974037e+01 3.834784015603e+01 1 1 1 0.0 0.0 0.0
Bi 1.385179488164e+01 2.398921412663e+01 3.834784015603e+01 1 1 1 0.0 0.0 0.0
Bi 1.078138328999e+00 2.462380600788e+01 3.436119714775e+01 1 1 1 0.0 0.0 0.0
Bi 3.981475831806e+00 1.491656891667e+00 3.436119714775e+01 1 1 1 0.0 0.0 0.0
Bi 8.046148337657e+00 4.859112779182e-01 3.436119714775e+01 1 1 1 0.0 0.0 0.0
Bi 1.211082084511e+01 2.562955162163e+01 3.436119714775e+01 1 1 1 0.0 0.0 0.0
Bi 2.820140830363e+00 5.514639346660e+00 3.436119714775e+01 1 1 1 0.0 0.0 0.0
Bi 6.884813336214e+00 4.508893732912e+00 3.436119714775e+01 1 1 1 0.0 0.0 0.0
Bi 1.094948584207e+01 3.503148119163e+00 3.436119714775e+01 1 1 1 0.0 0.0 0.0
Bi 1.501415834792e+01 2.497402505415e+00 3.436119714775e+01 1 1 1 0.0 0.0 0.0
Bi 1.658805828920e+00 9.537621801654e+00 3.436119714775e+01 1 1 1 0.0 0.0 0.0
Bi 5.723478334771e+00 8.531876187905e+00 3.436119714775e+01 1 1 1 0.0 0.0 0.0
Bi 9.788150840622e+00 7.526130574157e+00 3.436119714775e+01 1 1 1 0.0 0.0 0.0
Bi 1.385282334647e+01 6.520384960409e+00 3.436119714775e+01 1 1 1 0.0 0.0 0.0
Bi 4.562143333328e+00 1.255485864290e+01 3.436119714775e+01 1 1 1 0.0 0.0 0.0
Bi 8.626815839179e+00 1.154911302915e+01 3.436119714775e+01 1 1 1 0.0 0.0 0.0
Bi 1.269148834503e+01 1.054336741540e+01 3.436119714775e+01 1 1 1 0.0 0.0 0.0
Bi 3.400808331885e+00 1.657784109789e+01 3.436119714775e+01 1 1 1 0.0 0.0 0.0
Bi 7.465480837736e+00 1.557209548414e+01 3.436119714775e+01 1 1 1 0.0 0.0 0.0
Bi 1.153015334359e+01 1.456634987040e+01 3.436119714775e+01 1 1 1 0.0 0.0 0.0
Bi 4.974708274768e-01 1.356060425665e+01 3.436119714775e+01 1 1 1 0.0 0.0 0.0
Bi 2.239473330442e+00 2.060082355289e+01 3.436119714775e+01 1 1 1 0.0 0.0 0.0
Bi 6.304145836293e+00 1.959507793914e+01 3.436119714775e+01 1 1 1 0.0 0.0 0.0
Bi 1.036881834214e+01 1.858933232539e+01 3.436119714775e+01 1 1 1 0.0 0.0 0.0
Bi 1.443349084800e+01 1.758358671164e+01 3.436119714775e+01 1 1 1 0.0 0.0 0.0
Bi 5.142810834850e+00 2.361806039413e+01 3.436119714775e+01 1 1 1 0.0 0.0 0.0
Bi 9.207483340702e+00 2.261231478038e+01 3.436119714775e+01 1 1 1 0.0 0.0 0.0
Bi 1.327215584655e+01 2.160656916663e+01 3.436119714775e+01 1 1 1 0.0 0.0 0.0
Bi 1.019851600618e+00 2.458840410282e+01 2.831971850542e+01 1 1 1 0.0 0.0 0.0
Bi 3.923189103424e+00 1.456254986606e+00 2.831971850542e+01 1 1 1 0.0 0.0 0.0
Bi 7.987861609276e+00 4.505093728580e-01 2.831971850542e+01 1 1 1 0.0 0.0 0.0
Bi 1.205253411673e+01 2.559414971657e+01 2.831971850542e+01 1 1 1 0.0 0.0 0.0
Bi 2.761854101982e+00 5.479237441600e+00 2.831971850542e+01 1 1 1 0.0 0.0 0.0
Bi 6.826526607833e+00 4.473491827852e+00 2.831971850542e+01 1 1 1 0.0 0.0 0.0
Bi 1.089119911368e+01 3.467746214103e+00 2.831971850542e+01 1 1 1 0.0 0.0 0.0
Bi 1.495587161954e+01 2.462000600355e+00 2.831971850542e+01 1 1 1 0.0 0.0 0.0
Bi 1.600519100539e+00 9.502219896594e+00 2.831971850542e+01 1 1 1 0.0 0.0 0.0
Bi 5.665191606390e+00 8.496474282845e+00 2.831971850542e+01 1 1 1 0.0 0.0 0.0
Bi 9.729864112241e+00 7.490728669097e+00 2.831971850542e+01 1 1 1 0.0 0.0 0.0
Bi 1.379453661809e+01 6.484983055348e+00 2.831971850542e+01 1 1 1 0.0 0.0 0.0
Bi 4.503856604947e+00 1.251945673784e+01 2.831971850542e+01 1 1 1 0.0 0.0 0.0
Bi 8.568529110798e+00 1.151371112409e+01 2.831971850542e+01 1 1 1 0.0 0.0 0.0
Bi 1.263320161665e+01 1.050796551034e+01 2.831971850542e+01 1 1 1 0.0 0.0 0.0
Bi 3.342521603504e+00 1.654243919283e+01 2.831971850542e+01 1 1 1 0.0 0.0 0.0
Bi 7.407194109355e+00 1.553669357908e+01 2.831971850542e+01 1 1 1 0.0 0.0 0.0
Bi 1.147186661521e+01 1.453094796534e+01 2.831971850542e+01 1 1 1 0.0 0.0 0.0
Bi 4.391840990958e-01 1.352520235159e+01 2.831971850542e+01 1 1 1 0.0 0.0 0.0
Bi 2.181186602061e+00 2.056542164783e+01 2.831971850542e+01 1 1 1 0.0 0.0 0.0
Bi 6.245859107912e+00 1.955967603408e+01 2.831971850542e+01 1 1 1 0.0 0.0 0.0
Bi 1.031053161376e+01 1.855393042033e+01 2.831971850542e+01 1 1 1 0.0 0.0 0.0
Bi 1.437520411961e+01 1.754818480658e+01 2.831971850542e+01 1 1 1 0.0 0.0 0.0
Bi 5.084524106469e+00 2.358265848907e+01 2.831971850542e+01 1 1 1 0.0 0.0 0.0
Bi 9.149196612321e+00 2.257691287532e+01 2.831971850542e+01 1 1 1 0.0 0.0 0.0
Bi 1.321386911817e+01 2.157116726157e+01 2.831971850542e+01 1 1 1 0.0 0.0 0.0
Bi 1.438959368570e+01 9.911660454020e-02 2.434799808390e+01 1 1 1 0.0 0.0 0.0
Bi 2.195576168142e+00 3.116353445785e+00 2.434799808390e+01 1 1 1 0.0 0.0 0.0
Bi 6.260248673993e+00 2.110607832037e+00 2.434799808390e+01 1 1 1 0.0 0.0 0.0
Bi 1.032492117984e+01 1.104862218289e+00 2.434799808390e+01 1 1 1 0.0 0.0 0.0
Bi 1.034241166699e+00 7.139335900779e+00 2.434799808390e+01 1 1 1 0.0 0.0 0.0
Bi 5.098913672550e+00 6.133590287031e+00 2.434799808390e+01 1 1 1 0.0 0.0 0.0
Bi 9.163586178401e+00 5.127844673282e+00 2.434799808390e+01 1 1 1 0.0 0.0 0.0
Bi 1.322825868425e+01 4.122099059534e+00 2.434799808390e+01 1 1 1 0.0 0.0 0.0
Bi 1.497026118722e+01 1.116231835577e+01 2.434799808390e+01 1 1 1 0.0 0.0 0.0
Bi 3.937578671107e+00 1.015657274202e+01 2.434799808390e+01 1 1 1 0.0 0.0 0.0
Bi 8.002251176958e+00 9.150827128276e+00 2.434799808390e+01 1 1 1 0.0 0.0 0.0
Bi 1.206692368281e+01 8.145081514527e+00 2.434799808390e+01 1 1 1 0.0 0.0 0.0
Bi 2.776243669664e+00 1.417955519702e+01 2.434799808390e+01 1 1 1 0.0 0.0 0.0
Bi 6.840916175515e+00 1.317380958327e+01 2.434799808390e+01 1 1 1 0.0 0.0 0.0
Bi 1.090558868137e+01 1.216806396952e+01 2.434799808390e+01 1 1 1 0.0 0.0 0.0
Bi 1.614908668221e+00 1.820253765201e+01 2.434799808390e+01 1 1 1 0.0 0.0 0.0
Bi 5.679581174072e+00 1.719679203826e+01 2.434799808390e+01 1 1 1 0.0 0.0 0.0
Bi 9.744253679924e+00 1.619104642451e+01 2.434799808390e+01 1 1 1 0.0 0.0 0.0
Bi 1.380892618577e+01 1.518530081077e+01 2.434799808390e+01 1 1 1 0.0 0.0 0.0
Bi 4.535736667784e-01 2.222552010701e+01 2.434799808390e+01 1 1 1 0.0 0.0 0.0
Bi 4.518246172630e+00 2.121977449326e+01 2.434799808390e+01 1 1 1 0.0 0.0 0.0
Bi 8.582918678481e+00 2.021402887951e+01 2.434799808390e+01 1 1 1 0.0 0.0 0.0
Bi 1.264759118433e+01 1.920828326576e+01 2.434799808390e+01 1 1 1 0.0 0.0 0.0
Bi 3.356911171187e+00 2.524275694825e+01 2.434799808390e+01 1 1 1 0.0 0.0 0.0
Bi 7.421583677038e+00 2.423701133450e+01 2.434799808390e+01 1 1 1 0.0 0.0 0.0
Bi 1.148625618289e+01 2.323126572075e+01 2.434799808390e+01 1 1 1 0.0 0.0 0.0
Se 1.219115400626e+01 1.702798798654e+00 1.000000000000e+01 1 1 1 0.0 0.0 0.0
Se 1.179385519011e+01 5.143507477267e+00 1.000000000000e+01 1 1 1 0.0 0.0 0.0
Se 1.139655637395e+01 8.584216155880e+00 1.000000000000e+01 1 1 1 0.0 0.0 0.0
Se 1.099925755779e+01 1.202492483449e+01 1.000000000000e+01 1 1 1 0.0 0.0 0.0
Se 1.060195874164e+01 1.546563351311e+01 1.000000000000e+01 1 1 1 0.0 0.0 0.0
Se 1.020465992548e+01 1.890634219172e+01 1.000000000000e+01 1 1 1 0.0 0.0 0.0
Se 9.807361109325e+00 2.234705087033e+01 1.000000000000e+01 1 1 1 0.0 0.0 0.0
Se 9.410062293168e+00 2.578775954894e+01 1.000000000000e+01 1 1 1 0.0 0.0 0.0
Se 9.012763475410e+00 3.079082270099e+00 1.000000000000e+01 1 1 1 0.0 0.0 0.0
Se 8.615464659253e+00 6.519790948712e+00 1.000000000000e+01 1 1 1 0.0 0.0 0.0
Se 8.218165843097e+00 9.960499627325e+00 1.000000000000e+01 1 1 1 0.0 0.0 0.0
Se 7.820867026940e+00 1.340120830594e+01 1.000000000000e+01 1 1 1 0.0 0.0 0.0
Se 7.423568210783e+00 1.684191698455e+01 1.000000000000e+01 1 1 1 0.0 0.0 0.0
Se 7.026269394627e+00 2.028262566316e+01 1.000000000000e+01 1 1 1 0.0 0.0 0.0
Se 6.628970578470e+00 2.372333434178e+01 1.000000000000e+01 1 1 1 0.0 0.0 0.0
Se 6.231671760711e+00 1.014657062931e+00 1.000000000000e+01 1 1 1 0.0 0.0 0.0
Se 5.834372944555e+00 4.455365741544e+00 1.000000000000e+01 1 1 1 0.0 0.0 0.0
Se 5.437074128398e+00 7.896074420157e+00 1.000000000000e+01 1 1 1 0.0 0.0 0.0
Se 5.039775312242e+00 1.133678309877e+01 1.000000000000e+01 1 1 1 0.0 0.0 0.0
Se 4.642476496085e+00 1.477749177738e+01 1.000000000000e+01 1 1 1 0.0 0.0 0.0
Se 4.245177679928e+00 1.821820045600e+01 1.000000000000e+01 1 1 1 0.0 0.0 0.0
Se 3.847878863772e+00 2.165890913461e+01 1.000000000000e+01 1 1 1 0.0 0.0 0.0
Se 3.450580047615e+00 2.509961781322e+01 1.000000000000e+01 1 1 1 0.0 0.0 0.0
Se 3.053281229856e+00 2.390940534377e+00 1.000000000000e+01 1 1 1 0.0 0.0 0.0
Se 2.655982413700e+00 5.831649212990e+00 1.000000000000e+01 1 1 1 0.0 0.0 0.0
Se 2.258683597543e+00 9.272357891603e+00 1.000000000000e+01 1 1 1 0.0 0.0 0.0
Se 1.861384781386e+00 1.271306657022e+01 1.000000000000e+01 1 1 1 0.0 0.0 0.0
Se 1.464085965230e+00 1.615377524883e+01 1.000000000000e+01 1 1 1 0.0 0.0 0.0
Se 1.066787149073e+00 1.959448392744e+01 1.000000000000e+01 1 1 1 0.0 0.0 0.0
Se 6.694883329166e-01 2.303519260605e+01 1.000000000000e+01 1 1 1 0.0 0.0 0.0
Se 2.721895151580e-01 3.265153272088e-01 1.000000000000e+01 1 1 1 0.0 0.0 0.0
Se 1.497224572096e+01 3.767224005822e+00 1.000000000000e+01 1 1 1 0.0 0.0 0.0
Se 1.457494690481e+01 7.207932684435e+00 1.000000000000e+01 1 1 1 0.0 0.0 0.0
Se 1.417764808865e+01 1.064864136305e+01 1.000000000000e+01 1 1 1 0.0 0.0 0.0
Se 1.378034927249e+01 1.408935004166e+01 1.000000000000e+01 1 1 1 0.0 0.0 0.0
Se 1.338305045634e+01 1.753005872027e+01 1.000000000000e+01 1 1 1 0.0 0.0 0.0
Se 1.298575164018e+01 2.097076739889e+01 1.000000000000e+01 1 1 1 0.0 0.0 0.0
Se 1.258845282402e+01 2.441147607750e+01 1.000000000000e+01 1 1 1 0.0 0.0 0.0
Se 1.299577332221e+01 3.538186737690e+00 1.614602824434e+01 1 1 1 0.0 0.0 0.0
Se 1.259847450606e+01 6.978895416303e+00 1.614602824434e+01 1 1 1 0.0 0.0 0.0
Se 1.220117568990e+01 1.041960409492e+01 1.614602824434e+01 1 1 1 0.0 0.0 0.0
Se 1.180387687374e+01 1.386031277353e+01 1.614602824434e+01 1 1 1 0.0 0.0 0.0
Se 1.140657805759e+01 1.730102145214e+01 1.614602824434e+01 1 1 1 0.0 0.0 0.0
Se 1.100927924143e+01 2.074173013076e+01 1.614602824434e+01 1 1 1 0.0 0.0 0.0
Se 1.061198042527e+01 2.418243880937e+01 1.614602824434e+01 1 1 1 0.0 0.0 0.0
Se 1.021468160751e+01 1.473761530523e+00 1.614602824434e+01 1 1 1 0.0 0.0 0.0
Se 9.817382791357e+00 4.914470209136e+00 1.614602824434e+01 1 1 1 0.0 0.0 0.0
Se 9.420083975200e+00 8.355178887749e+00 1.614602824434e+01 1 1 1 0.0 0.0 0.0
Se 9.022785159044e+00 1.179588756636e+01 1.614602824434e+01 1 1 1 0.0 0.0 0.0
Se 8.625486342887e+00 1.523659624497e+01 1.614602824434e+01 1 1 1 0.0 0.0 0.0
Se 8.228187526730e+00 1.867730492359e+01 1.614602824434e+01 1 1 1 0.0 0.0 0.0
Se 7.830888710574e+00 2.211801360220e+01 1.614602824434e+01 1 1 1 0.0 0.0 0.0
Se 7.433589894417e+00 2.555872228081e+01 1.614602824434e+01 1 1 1 0.0 0.0 0.0
Se 7.036291076658e+00 2.850045001968e+00 1.614602824434e+01 1 1 1 0.0 0.0 0.0
Se 6.638992260502e+00 6.290753680581e+00 1.614602824434e+01 1 1 1 0.0 0.0 0.0
Se 6.241693444345e+00 9.731462359194e+00 1.614602824434e+01 1 1 1 0.0 0.0 0.0
Se 5.844394628189e+00 1.317217103781e+01 1.614602824434e+01 1 1 1 0.0 0.0 0.0
Se 5.447095812032e+00 1.661287971642e+01 1.614602824434e+01 1 1 1 0.0 0.0 0.0
Se 5.049796995875e+00 2.005358839503e+01 1.614602824434e+01 1 1 1 0.0 0.0 0.0
Se 4.652498179719e+00 2.349429707365e+01 1.614602824434e+01 1 1 1 0.0 0.0 0.0
Se 4.255199361960e+00 7.856197948000e-01 1.614602824434e+01 1 1 1 0.0 0.0 0.0
Se 3.857900545803e+00 4.226328473413e+00 1.614602824434e+01 1 1 1 0.0 0.0 0.0
Se 3.460601729647e+00 7.667037152026e+00 1.614602824434e+01 1 1 1 0.0 0.0 0.0
Se 3.063302913490e+00 1.110774583064e+01 1.614602824434e+01 1 1 1 0.0 0.0 0.0
Se 2.666004097334e+00 1.454845450925e+01 1.614602824434e+01 1 1 1 0.0 0.0 0.0
Se 2.268705281177e+00 1.798916318786e+01 1.614602824434e+01 1 1 1 0.0 0.0 0.0
Se 1.871406465020e+00 2.142987186648e+01 1.614602824434e+01 1 1 1 0.0 0.0 0.0
Se 1.474107648864e+00 2.487058054509e+01 1.614602824434e+01 1 1 1 0.0 0.0 0.0
Se 1.076808831105e+00 2.161903266245e+00 1.614602824434e+01 1 1 1 0.0 0.0 0.0
Se 6.795100149485e-01 5.602611944858e+00 1.614602824434e+01 1 1 1 0.0 0.0 0.0
Se 2.822111987918e-01 9.043320623471e+00 1.614602824434e+01 1 1 1 0.0 0.0 0.0
Se 1.498226740460e+01 1.248402930208e+01 1.614602824434e+01 1 1 1 0.0 0.0 0.0
Se 1.458496858844e+01 1.592473798070e+01 1.614602824434e+01 1 1 1 0.0 0.0 0.0
Se 1.418766977228e+01 1.936544665931e+01 1.614602824434e+01 1 1 1 0.0 0.0 0.0
Se 1.379037095613e+01 2.280615533792e+01 1.614602824434e+01 1 1 1 0.0 0.0 0.0
Se 1.339307213837e+01 9.747805907745e-02 1.614602824434e+01 1 1 1 0.0 0.0 0.0
Se 1.219214331301e+01 1.703222432426e+00 1.336443756309e+01 1 1 1 0.0 0.0 0.0
Se 1.179484449685e+01 5.143931111039e+00 1.336443756309e+01 1 1 1 0.0 0.0 0.0
Se 1.139754568070e+01 8.584639789652e+00 1.336443756309e+01 1 1 1 0.0 0.0 0.0
Se 1.100024686454e+01 1.202534846826e+01 1.336443756309e+01 1 1 1 0.0 0.0 0.0
Se 1.060294804838e+01 1.546605714688e+01 1.336443756309e+01 1 1 1 0.0 0.0 0.0
Se 1.020564923223e+01 1.890676582549e+01 1.336443756309e+01 1 1 1 0.0 0.0 0.0
Se 9.808350416069e+00 2.234747450410e+01 1.336443756309e+01 1 1 1 0.0 0.0 0.0
Se 9.411051599912e+00 2.578818318272e+01 1.336443756309e+01 1 1 1 0.0 0.0 0.0
Se 9.013752782154e+00 3.079505903871e+00 1.336443756309e+01 1 1 1 0.0 0.0 0.0
Se 8.616453965997e+00 6.520214582484e+00 1.336443756309e+01 1 1 1 0.0 0.0 0.0
Se 8.219155149841e+00 9.960923261097e+00 1.336443756309e+01 1 1 1 0.0 0.0 0.0
Se 7.821856333684e+00 1.340163193971e+01 1.336443756309e+01 1 1 1 0.0 0.0 0.0
Se 7.424557517527e+00 1.684234061832e+01 1.336443756309e+01 1 1 1 0.0 0.0 0.0
Se 7.027258701371e+00 2.028304929694e+01 1.336443756309e+01 1 1 1 0.0 0.0 0.0
Se 6.629959885214e+00 2.372375797555e+01 1.336443756309e+01 1 1 1 0.0 0.0 0.0
Se 6.232661067455e+00 1.015080696703e+00 1.336443756309e+01 1 1 1 0.0 0.0 0.0
Se 5.835362251299e+00 4.455789375316e+00 1.336443756309e+01 1 1 1 0.0 0.0 0.0
Se 5.438063435142e+00 7.896498053929e+00 1.336443756309e+01 1 1 1 0.0 0.0 0.0
Se 5.040764618986e+00 1.133720673254e+01 1.336443756309e+01 1 1 1 0.0 0.0 0.0
Se 4.643465802829e+00 1.477791541115e+01 1.336443756309e+01 1 1 1 0.0 0.0 0.0
Se 4.246166986672e+00 1.821862408977e+01 1.336443756309e+01 1 1 1 0.0 0.0 0.0
Se 3.848868170516e+00 2.165933276838e+01 1.336443756309e+01 1 1 1 0.0 0.0 0.0
Se 3.451569354359e+00 2.510004144699e+01 1.336443756309e+01 1 1 1 0.0 0.0 0.0
Se 3.054270536600e+00 2.391364168148e+00 1.336443756309e+01 1 1 1 0.0 0.0 0.0
Se 2.656971720444e+00 5.832072846761e+00 1.336443756309e+01 1 1 1 0.0 0.0 0.0
Se 2.259672904287e+00 9.272781525374e+00 1.336443756309e+01 1 1 1 0.0 0.0 0.0
Se 1.862374088131e+00 1.271349020399e+01 1.336443756309e+01 1 1 1 0.0 0.0 0.0
Se 1.465075271974e+00 1.615419888260e+01 1.336443756309e+01 1 1 1 0.0 0.0 0.0
Se 1.067776455817e+00 1.959490756121e+01 1.336443756309e+01 1 1 1 0.0 0.0 0.0
Se 6.704776396607e-01 2.303561623983e+01 1.336443756309e+01 1 1 1 0.0 0.0 0.0
Se 2.731788219021e-01 3.269389609805e-01 1.336443756309e+01 1 1 1 0.0 0.0 0.0
Se 1.497323502771e+01 3.767647639593e+00 1.336443756309e+01 1 1 1 0.0 0.0 0.0
Se 1.457593621155e+01 7.208356318206e+00 1.336443756309e+01 1 1 1 0.0 0.0 0.0
Se 1.417863739539e+01 1.064906499682e+01 1.336443756309e+01 1 1 1 0.0 0.0 0.0
Se 1.378133857924e+01 1.408977367543e+01 1.336443756309e+01 1 1 1 0.0 0.0 0.0
Se 1.338403976308e+01 1.753048235405e+01 1.336443756309e+01 1 1 1 0.0 0.0 0.0
Se 1.298674094692e+01 2.097119103266e+01 1.336443756309e+01 1 1 1 0.0 0.0 0.0
Se 1.258944213077e+01 2.441189971127e+01 1.336443756309e+01 1 1 1 0.0 0.0 0.0
Se 1.299666124554e+01 3.538761954393e+00 1.951046802998e+01 1 1 1 0.0 0.0 0.0
Se 1.259936242938e+01 6.979470633006e+00 1.951046802998e+01 1 1 1 0.0 0.0 0.0
Se 1.220206361323e+01 1.042017931162e+01 1.951046802998e+01 1 1 1 0.0 0.0 0.0
Se 1.180476479707e+01 1.386088799023e+01 1.951046802998e+01 1 1 1 0.0 0.0 0.0
Se 1.140746598091e+01 1.730159666884e+01 1.951046802998e+01 1 1 1 0.0 0.0 0.0
Se 1.101016716476e+01 2.074230534746e+01 1.951046802998e+01 1 1 1 0.0 0.0 0.0
Se 1.061286834860e+01 2.418301402607e+01 1.951046802998e+01 1 1 1 0.0 0.0 0.0
Se 1.021556953084e+01 1.474336747225e+00 1.951046802998e+01 1 1 1 0.0 0.0 0.0
Se 9.818270714685e+00 4.915045425838e+00 1.951046802998e+01 1 1 1 0.0 0.0 0.0
Se 9.420971898528e+00 8.355754104451e+00 1.951046802998e+01 1 1 1 0.0 0.0 0.0
Se 9.023673082372e+00 1.179646278306e+01 1.951046802998e+01 1 1 1 0.0 0.0 0.0
Se 8.626374266215e+00 1.523717146168e+01 1.951046802998e+01 1 1 1 0.0 0.0 0.0
Se 8.229075450058e+00 1.867788014029e+01 1.951046802998e+01 1 1 1 0.0 0.0 0.0
Se 7.831776633902e+00 2.211858881890e+01 1.951046802998e+01 1 1 1 0.0 0.0 0.0
Se 7.434477817745e+00 2.555929749752e+01 1.951046802998e+01 1 1 1 0.0 0.0 0.0
Se 7.037178999987e+00 2.850620218670e+00 1.951046802998e+01 1 1 1 0.0 0.0 0.0
Se 6.639880183830e+00 6.291328897283e+00 1.951046802998e+01 1 1 1 0.0 0.0 0.0
Se 6.242581367673e+00 9.732037575896e+00 1.951046802998e+01 1 1 1 0.0 0.0 0.0
Se 5.845282551517e+00 1.317274625451e+01 1.951046802998e+01 1 1 1 0.0 0.0 0.0
Se 5.447983735360e+00 1.661345493312e+01 1.951046802998e+01 1 1 1 0.0 0.0 0.0
Se 5.050684919203e+00 2.005416361173e+01 1.951046802998e+01 1 1 1 0.0 0.0 0.0
Se 4.653386103047e+00 2.349487229035e+01 1.951046802998e+01 1 1 1 0.0 0.0 0.0
Se 4.256087285288e+00 7.861950115022e-01 1.951046802998e+01 1 1 1 0.0 0.0 0.0
Se 3.858788469132e+00 4.226903690115e+00 1.951046802998e+01 1 1 1 0.0 0.0 0.0
Se 3.461489652975e+00 7.667612368728e+00 1.951046802998e+01 1 1 1 0.0 0.0 0.0
Se 3.064190836818e+00 1.110832104734e+01 1.951046802998e+01 1 1 1 0.0 0.0 0.0
Se 2.666892020662e+00 1.454902972595e+01 1.951046802998e+01 1 1 1 0.0 0.0 0.0
Se 2.269593204505e+00 1.798973840457e+01 1.951046802998e+01 1 1 1 0.0 0.0 0.0
Se 1.872294388348e+00 2.143044708318e+01 1.951046802998e+01 1 1 1 0.0 0.0 0.0
Se 1.474995572192e+00 2.487115576179e+01 1.951046802998e+01 1 1 1 0.0 0.0 0.0
Se 1.077696754433e+00 2.162478482947e+00 1.951046802998e+01 1 1 1 0.0 0.0 0.0
Se 6.803979382765e-01 5.603187161560e+00 1.951046802998e+01 1 1 1 0.0 0.0 0.0
Se 2.830991221199e-01 9.043895840173e+00 1.951046802998e+01 1 1 1 0.0 0.0 0.0
Se 1.498315532793e+01 1.248460451879e+01 1.951046802998e+01 1 1 1 0.0 0.0 0.0
Se 1.458585651177e+01 1.592531319740e+01 1.951046802998e+01 1 1 1 0.0 0.0 0.0
Se 1.418855769561e+01 1.936602187601e+01 1.951046802998e+01 1 1 1 0.0 0.0 0.0
Se 1.379125887946e+01 2.280673055463e+01 1.951046802998e+01 1 1 1 0.0 0.0 0.0
Se 1.339396006170e+01 9.805327577964e-02 1.951046802998e+01 1 1 1 0.0 0.0 0.0
Se 1.068031536627e+00 2.466776823750e+01 3.998930533072e+01 1 1 1 0.0 0.0 0.0
Se 3.971369039433e+00 1.535619121290e+00 3.998930533072e+01 1 1 1 0.0 0.0 0.0
Se 8.036041545284e+00 5.298735075414e-01 3.998930533072e+01 1 1 1 0.0 0.0 0.0
Se 1.210071405274e+01 2.567351385125e+01 3.998930533072e+01 1 1 1 0.0 0.0 0.0
Se 2.810034037990e+00 5.558601576283e+00 3.998930533072e+01 1 1 1 0.0 0.0 0.0
Se 6.874706543841e+00 4.552855962535e+00 3.998930533072e+01 1 1 1 0.0 0.0 0.0
Se 1.093937904969e+01 3.547110348787e+00 3.998930533072e+01 1 1 1 0.0 0.0 0.0
Se 1.500405155554e+01 2.541364735038e+00 3.998930533072e+01 1 1 1 0.0 0.0 0.0
Se 1.648699036547e+00 9.581584031277e+00 3.998930533072e+01 1 1 1 0.0 0.0 0.0
Se 5.713371542398e+00 8.575838417529e+00 3.998930533072e+01 1 1 1 0.0 0.0 0.0
Se 9.778044048250e+00 7.570092803780e+00 3.998930533072e+01 1 1 1 0.0 0.0 0.0
Se 1.384271655410e+01 6.564347190032e+00 3.998930533072e+01 1 1 1 0.0 0.0 0.0
Se 4.552036540955e+00 1.259882087252e+01 3.998930533072e+01 1 1 1 0.0 0.0 0.0
Se 8.616709046807e+00 1.159307525877e+01 3.998930533072e+01 1 1 1 0.0 0.0 0.0
Se 1.268138155266e+01 1.058732964503e+01 3.998930533072e+01 1 1 1 0.0 0.0 0.0
Se 3.390701539513e+00 1.662180332752e+01 3.998930533072e+01 1 1 1 0.0 0.0 0.0
Se 7.455374045364e+00 1.561605771377e+01 3.998930533072e+01 1 1 1 0.0 0.0 0.0
Se 1.152004655121e+01 1.461031210002e+01 3.998930533072e+01 1 1 1 0.0 0.0 0.0
Se 4.873640351043e-01 1.360456648627e+01 3.998930533072e+01 1 1 1 0.0 0.0 0.0
Se 2.229366538070e+00 2.064478578251e+01 3.998930533072e+01 1 1 1 0.0 0.0 0.0
Se 6.294039043921e+00 1.963904016876e+01 3.998930533072e+01 1 1 1 0.0 0.0 0.0
Se 1.035871154977e+01 1.863329455501e+01 3.998930533072e+01 1 1 1 0.0 0.0 0.0
Se 1.442338405562e+01 1.762754894126e+01 3.998930533072e+01 1 1 1 0.0 0.0 0.0
Se 5.132704042478e+00 2.366202262375e+01 3.998930533072e+01 1 1 1 0.0 0.0 0.0
Se 9.197376548329e+00 2.265627701001e+01 3.998930533072e+01 1 1 1 0.0 0.0 0.0
Se 1.326204905418e+01 2.165053139626e+01 3.998930533072e+01 1 1 1 0.0 0.0 0.0
Se 1.444595684199e+01 1.646365526741e-01 3.635172086532e+01 1 1 1 0.0 0.0 0.0
Se 2.251939324434e+00 3.181873393919e+00 3.635172086532e+01 1 1 1 0.0 0.0 0.0
Se 6.316611830286e+00 2.176127780171e+00 3.635172086532e+01 1 1 1 0.0 0.0 0.0
Se 1.038128433614e+01 1.170382166423e+00 3.635172086532e+01 1 1 1 0.0 0.0 0.0
Se 1.090604322991e+00 7.204855848913e+00 3.635172086532e+01 1 1 1 0.0 0.0 0.0
Se 5.155276828843e+00 6.199110235165e+00 3.635172086532e+01 1 1 1 0.0 0.0 0.0
Se 9.219949334694e+00 5.193364621416e+00 3.635172086532e+01 1 1 1 0.0 0.0 0.0
Se 1.328462184054e+01 4.187619007668e+00 3.635172086532e+01 1 1 1 0.0 0.0 0.0
Se 1.502662434351e+01 1.122783830391e+01 3.635172086532e+01 1 1 1 0.0 0.0 0.0
Se 3.993941827400e+00 1.022209269016e+01 3.635172086532e+01 1 1 1 0.0 0.0 0.0
Se 8.058614333251e+00 9.216347076410e+00 3.635172086532e+01 1 1 1 0.0 0.0 0.0
Se 1.212328683910e+01 8.210601462661e+00 3.635172086532e+01 1 1 1 0.0 0.0 0.0
Se 2.832606825957e+00 1.424507514515e+01 3.635172086532e+01 1 1 1 0.0 0.0 0.0
Se 6.897279331808e+00 1.323932953140e+01 3.635172086532e+01 1 1 1 0.0 0.0 0.0
Se 1.096195183766e+01 1.223358391765e+01 3.635172086532e+01 1 1 1 0.0 0.0 0.0
Se 1.671271824514e+00 1.826805760015e+01 3.635172086532e+01 1 1 1 0.0 0.0 0.0
Se 5.735944330365e+00 1.726231198640e+01 3.635172086532e+01 1 1 1 0.0 0.0 0.0
Se 9.800616836216e+00 1.625656637265e+01 3.635172086532e+01 1 1 1 0.0 0.0 0.0
Se 1.386528934207e+01 1.525082075890e+01 3.635172086532e+01 1 1 1 0.0 0.0 0.0
Se 5.099368230710e-01 2.229104005514e+01 3.635172086532e+01 1 1 1 0.0 0.0 0.0
Se 4.574609328922e+00 2.128529444139e+01 3.635172086532e+01 1 1 1 0.0 0.0 0.0
Se 8.639281834773e+00 2.027954882764e+01 3.635172086532e+01 1 1 1 0.0 0.0 0.0
Se 1.270395434062e+01 1.927380321389e+01 3.635172086532e+01 1 1 1 0.0 0.0 0.0
Se 3.413274327479e+00 2.530827689638e+01 3.635172086532e+01 1 1 1 0.0 0.0 0.0
Se 7.477946833330e+00 2.430253128264e+01 3.635172086532e+01 1 1 1 0.0 0.0 0.0
Se 1.154261933918e+01 2.329678566889e+01 3.635172086532e+01 1 1 1 0.0 0.0 0.0
Se 1.658211474922e+00 8.353903305134e-01 3.271820175121e+01 1 1 1 0.0 0.0 0.0
Se 4.561548979330e+00 3.852627171759e+00 3.271820175121e+01 1 1 1 0.0 0.0 0.0
Se 8.626221485181e+00 2.846881558010e+00 3.271820175121e+01 1 1 1 0.0 0.0 0.0
Se 1.269089399103e+01 1.841135944262e+00 3.271820175121e+01 1 1 1 0.0 0.0 0.0
Se 3.400213977887e+00 7.875609626752e+00 3.271820175121e+01 1 1 1 0.0 0.0 0.0
Se 7.464886483738e+00 6.869864013004e+00 3.271820175121e+01 1 1 1 0.0 0.0 0.0
Se 1.152955898959e+01 5.864118399255e+00 3.271820175121e+01 1 1 1 0.0 0.0 0.0
Se 4.968764734788e-01 4.858372785507e+00 3.271820175121e+01 1 1 1 0.0 0.0 0.0
Se 2.238878976444e+00 1.189859208175e+01 3.271820175121e+01 1 1 1 0.0 0.0 0.0
Se 6.303551482295e+00 1.089284646800e+01 3.271820175121e+01 1 1 1 0.0 0.0 0.0
Se 1.036822398815e+01 9.887100854249e+00 3.271820175121e+01 1 1 1 0.0 0.0 0.0
Se 1.443289649400e+01 8.881355240501e+00 3.271820175121e+01 1 1 1 0.0 0.0 0.0
Se 5.142216480852e+00 1.491582892299e+01 3.271820175121e+01 1 1 1 0.0 0.0 0.0
Se 9.206888986704e+00 1.391008330924e+01 3.271820175121e+01 1 1 1 0.0 0.0 0.0
Se 1.327156149255e+01 1.290433769549e+01 3.271820175121e+01 1 1 1 0.0 0.0 0.0
Se 3.980881479410e+00 1.893881137798e+01 3.271820175121e+01 1 1 1 0.0 0.0 0.0
Se 8.045553985261e+00 1.793306576424e+01 3.271820175121e+01 1 1 1 0.0 0.0 0.0
Se 1.211022649111e+01 1.692732015049e+01 3.271820175121e+01 1 1 1 0.0 0.0 0.0
Se 1.077543975001e+00 1.592157453674e+01 3.271820175121e+01 1 1 1 0.0 0.0 0.0
Se 2.819546477967e+00 2.296179383298e+01 3.271820175121e+01 1 1 1 0.0 0.0 0.0
Se 6.884218983818e+00 2.195604821923e+01 3.271820175121e+01 1 1 1 0.0 0.0 0.0
Se 1.094889148967e+01 2.095030260548e+01 3.271820175121e+01 1 1 1 0.0 0.0 0.0
Se 1.501356399552e+01 1.994455699173e+01 3.271820175121e+01 1 1 1 0.0 0.0 0.0
Se 5.722883982375e+00 2.597903067422e+01 3.271820175121e+01 1 1 1 0.0 0.0 0.0
Se 9.787556488226e+00 2.497328506048e+01 3.271820175121e+01 1 1 1 0.0 0.0 0.0
Se 1.385222899408e+01 2.396753944673e+01 3.271820175121e+01 1 1 1 0.0 0.0 0.0
Se 1.439326025056e+01 1.011177822278e-01 2.995146533993e+01 1 1 1 0.0 0.0 0.0
Se 2.199242733008e+00 3.118354623473e+00 2.995146533993e+01 1 1 1 0.0 0.0 0.0
Se 6.263915238859e+00 2.112609009725e+00 2.995146533993e+01 1 1 1 0.0 0.0 0.0
Se 1.032858774471e+01 1.106863395976e+00 2.995146533993e+01 1 1 1 0.0 0.0 0.0
Se 1.037907731565e+00 7.141337078467e+00 2.995146533993e+01 1 1 1 0.0 0.0 0.0
Se 5.102580237416e+00 6.135591464718e+00 2.995146533993e+01 1 1 1 0.0 0.0 0.0
Se 9.167252743267e+00 5.129845850970e+00 2.995146533993e+01 1 1 1 0.0 0.0 0.0
Se 1.323192524912e+01 4.124100237221e+00 2.995146533993e+01 1 1 1 0.0 0.0 0.0
Se 1.497392775208e+01 1.116431953346e+01 2.995146533993e+01 1 1 1 0.0 0.0 0.0
Se 3.941245235973e+00 1.015857391971e+01 2.995146533993e+01 1 1 1 0.0 0.0 0.0
Se 8.005917741824e+00 9.152828305963e+00 2.995146533993e+01 1 1 1 0.0 0.0 0.0
Se 1.207059024768e+01 8.147082692215e+00 2.995146533993e+01 1 1 1 0.0 0.0 0.0
Se 2.779910234530e+00 1.418155637471e+01 2.995146533993e+01 1 1 1 0.0 0.0 0.0
Se 6.844582740381e+00 1.317581076096e+01 2.995146533993e+01 1 1 1 0.0 0.0 0.0
Se 1.090925524623e+01 1.217006514721e+01 2.995146533993e+01 1 1 1 0.0 0.0 0.0
Se 1.618575233087e+00 1.820453882970e+01 2.995146533993e+01 1 1 1 0.0 0.0 0.0
Se 5.683247738938e+00 1.719879321595e+01 2.995146533993e+01 1 1 1 0.0 0.0 0.0
Se 9.747920244789e+00 1.619304760220e+01 2.995146533993e+01 1 1 1 0.0 0.0 0.0
Se 1.381259275064e+01 1.518730198845e+01 2.995146533993e+01 1 1 1 0.0 0.0 0.0
Se 4.572402316442e-01 2.222752128469e+01 2.995146533993e+01 1 1 1 0.0 0.0 0.0
Se 4.521912737495e+00 2.122177567094e+01 2.995146533993e+01 1 1 1 0.0 0.0 0.0
Se 8.586585243347e+00 2.021603005720e+01 2.995146533993e+01 1 1 1 0.0 0.0 0.0
Se 1.265125774920e+01 1.921028444345e+01 2.995146533993e+01 1 1 1 0.0 0.0 0.0
Se 3.360577736052e+00 2.524475812594e+01 2.995146533993e+01 1 1 1 0.0 0.0 0.0
Se 7.425250241904e+00 2.423901251219e+01 2.995146533993e+01 1 1 1 0.0 0.0 0.0
Se 1.148992274775e+01 2.323326689844e+01 2.995146533993e+01 1 1 1 0.0 0.0 0.0
Se 1.599707057037e+00 7.777049321784e-01 2.633360299309e+01 1 1 1 0.0 0.0 0.0
Se 4.503044561445e+00 3.794941773424e+00 2.633360299309e+01 1 1 1 0.0 0.0 0.0
Se 8.567717067296e+00 2.789196159675e+00 2.633360299309e+01 1 1 1 0.0 0.0 0.0
Se 1.263238957315e+01 1.783450545927e+00 2.633360299309e+01 1 1 1 0.0 0.0 0.0
Se 3.341709560002e+00 7.817924228417e+00 2.633360299309e+01 1 1 1 0.0 0.0 0.0
Se 7.406382065853e+00 6.812178614669e+00 2.633360299309e+01 1 1 1 0.0 0.0 0.0
Se 1.147105457170e+01 5.806433000920e+00 2.633360299309e+01 1 1 1 0.0 0.0 0.0
Se 4.383720555940e-01 4.800687387172e+00 2.633360299309e+01 1 1 1 0.0 0.0 0.0
Se 2.180374558559e+00 1.184090668341e+01 2.633360299309e+01 1 1 1 0.0 0.0 0.0
Se 6.245047064411e+00 1.083516106966e+01 2.633360299309e+01 1 1 1 0.0 0.0 0.0
Se 1.030971957026e+01 9.829415455914e+00 2.633360299309e+01 1 1 1 0.0 0.0 0.0
Se 1.437439207611e+01 8.823669842166e+00 2.633360299309e+01 1 1 1 0.0 0.0 0.0
Se 5.083712062968e+00 1.485814352466e+01 2.633360299309e+01 1 1 1 0.0 0.0 0.0
Se 9.148384568819e+00 1.385239791091e+01 2.633360299309e+01 1 1 1 0.0 0.0 0.0
Se 1.321305707467e+01 1.284665229716e+01 2.633360299309e+01 1 1 1 0.0 0.0 0.0
Se 3.922377061525e+00 1.888112597965e+01 2.633360299309e+01 1 1 1 0.0 0.0 0.0
Se 7.987049567376e+00 1.787538036590e+01 2.633360299309e+01 1 1 1 0.0 0.0 0.0
Se 1.205172207323e+01 1.686963475215e+01 2.633360299309e+01 1 1 1 0.0 0.0 0.0
Se 1.019039557116e+00 1.586388913840e+01 2.633360299309e+01 1 1 1 0.0 0.0 0.0
Se 2.761042060082e+00 2.290410843464e+01 2.633360299309e+01 1 1 1 0.0 0.0 0.0
Se 6.825714565933e+00 2.189836282089e+01 2.633360299309e+01 1 1 1 0.0 0.0 0.0
Se 1.089038707178e+01 2.089261720715e+01 2.633360299309e+01 1 1 1 0.0 0.0 0.0
Se 1.495505957764e+01 1.988687159340e+01 2.633360299309e+01 1 1 1 0.0 0.0 0.0
Se 5.664379564490e+00 2.592134527589e+01 2.633360299309e+01 1 1 1 0.0 0.0 0.0
Se 9.729052070341e+00 2.491559966214e+01 2.633360299309e+01 1 1 1 0.0 0.0 0.0
Se 1.379372457619e+01 2.390985404839e+01 2.633360299309e+01 1 1 1 0.0 0.0 0.0
Se 1.013915840679e+00 2.459336834768e+01 2.271046802998e+01 1 1 1 0.0 0.0 0.0
Se 3.917253343485e+00 1.461219231462e+00 2.271046802998e+01 1 1 1 0.0 0.0 0.0
Se 7.981925849336e+00 4.554736177135e-01 2.271046802998e+01 1 1 1 0.0 0.0 0.0
Se 1.204659835679e+01 2.559911396142e+01 2.271046802998e+01 1 1 1 0.0 0.0 0.0
Se 2.755918342042e+00 5.484201686456e+00 2.271046802998e+01 1 1 1 0.0 0.0 0.0
Se 6.820590847893e+00 4.478456072707e+00 2.271046802998e+01 1 1 1 0.0 0.0 0.0
Se 1.088526335374e+01 3.472710458959e+00 2.271046802998e+01 1 1 1 0.0 0.0 0.0
Se 1.494993585960e+01 2.466964845210e+00 2.271046802998e+01 1 1 1 0.0 0.0 0.0
Se 1.594583340599e+00 9.507184141449e+00 2.271046802998e+01 1 1 1 0.0 0.0 0.0
Se 5.659255846451e+00 8.501438527701e+00 2.271046802998e+01 1 1 1 0.0 0.0 0.0
Se 9.723928352302e+00 7.495692913952e+00 2.271046802998e+01 1 1 1 0.0 0.0 0.0
Se 1.378860085815e+01 6.489947300204e+00 2.271046802998e+01 1 1 1 0.0 0.0 0.0
Se 4.497920845008e+00 1.252442098269e+01 2.271046802998e+01 1 1 1 0.0 0.0 0.0
Se 8.562593350859e+00 1.151867536895e+01 2.271046802998e+01 1 1 1 0.0 0.0 0.0
Se 1.262726585671e+01 1.051292975520e+01 2.271046802998e+01 1 1 1 0.0 0.0 0.0
Se 3.336585843565e+00 1.654740343769e+01 2.271046802998e+01 1 1 1 0.0 0.0 0.0
Se 7.401258349416e+00 1.554165782394e+01 2.271046802998e+01 1 1 1 0.0 0.0 0.0
Se 1.146593085527e+01 1.453591221019e+01 2.271046802998e+01 1 1 1 0.0 0.0 0.0
Se 4.332483391565e-01 1.353016659644e+01 2.271046802998e+01 1 1 1 0.0 0.0 0.0
Se 2.175250842122e+00 2.057038589268e+01 2.271046802998e+01 1 1 1 0.0 0.0 0.0
Se 6.239923347973e+00 1.956464027893e+01 2.271046802998e+01 1 1 1 0.0 0.0 0.0
Se 1.030459585382e+01 1.855889466518e+01 2.271046802998e+01 1 1 1 0.0 0.0 0.0
Se 1.436926835968e+01 1.755314905144e+01 2.271046802998e+01 1 1 1 0.0 0.0 0.0
Se 5.078588346530e+00 2.358762273393e+01 2.271046802998e+01 1 1 1 0.0 0.0 0.0
Se 9.143260852381e+00 2.258187712018e+01 2.271046802998e+01 1 1 1 0.0 0.0 0.0
Se 1.320793335823e+01 2.157613150643e+01 2.271046802998e+01 1 1 1 0.0 0.0 0.0
"