calculation_mode = "Quench Electrons"
cell_relax = "False"
charge_density_mixing = "0.1"
charge_mixing_type = "Broyden"
description = "Example parameters for high-throughput bulk relaxation of a vdW material"
dos_broading = "0.05"
dos_method = "Gaussian"
energy_convergence_criterion = "1e-10"
energy_output_units = "Hartrees"
kohn_sham_mucycles = "3"
kohn_sham_solver = "davidson"
kpoint_mesh = "1 1 1"
localize_projectors = "False"
max_md_steps = "100"
max_scf_steps = "200"
non_local_block_size = "4000"
potential_acceleration_constant_step = "1.5"
processor_grid = "4 8 14"
rms_convergence_criterion = "1e-08"
scalapack_block_factor = "64"
start_mode = "LCAO Start"
state_block_size = "64"
stress = "True"
subdiag_driver = "scalapack"
use_async_allreduce = "False"
vdw_corr = "DFT-D3"
vdwdf_kernel_filepath = "/lustre/orion/world-shared/cph162/rjmorelock/rmgdft/XC/vdW_kernel_table"
wavefunction_grid = "128 194 378"
write_data_period = "50"

atomic_coordinate_type = "Absolute"
crds_units = "Angstrom"
lattice_units = "Angstrom"

lattice_vector = "
1.509735502196e+01 0.000000000000e+00 9.000000000000e-16
5.562183427795e+00 2.202053554312e+01 1.400000000000e-15
0.000000000000e+00 0.000000000000e+00 4.446241589303e+01
"
atoms = "
Nb 8.104950094565e+00 1.660967954827e+00 1.532833092694e+01 1 1 1 0.0 0.0 0.0
Nb 1.128334062542e+01 3.037251426272e+00 1.532833092694e+01 1 1 1 0.0 0.0 0.0
Nb 1.446173115628e+01 4.413534897717e+00 1.532833092694e+01 1 1 1 0.0 0.0 0.0
Nb 1.406443234012e+01 9.728262191042e-01 1.532833092694e+01 1 1 1 0.0 0.0 0.0
Nb 2.145467849012e+00 2.349109690549e+00 1.532833092694e+01 1 1 1 0.0 0.0 0.0
Nb 5.323858379867e+00 3.725393161995e+00 1.532833092694e+01 1 1 1 0.0 0.0 0.0
Nb 8.502248910722e+00 5.101676633440e+00 1.532833092694e+01 1 1 1 0.0 0.0 0.0
Nb 1.168063944158e+01 6.477960104885e+00 1.532833092694e+01 1 1 1 0.0 0.0 0.0
Nb 1.485902997243e+01 7.854243576330e+00 1.532833092694e+01 1 1 1 0.0 0.0 0.0
Nb 2.542766665168e+00 5.789818369162e+00 1.532833092694e+01 1 1 1 0.0 0.0 0.0
Nb 5.721157196023e+00 7.166101840608e+00 1.532833092694e+01 1 1 1 0.0 0.0 0.0
Nb 8.899547726878e+00 8.542385312053e+00 1.532833092694e+01 1 1 1 0.0 0.0 0.0
Nb 1.207793825773e+01 9.918668783498e+00 1.532833092694e+01 1 1 1 0.0 0.0 0.0
Nb 1.525632878859e+01 1.129495225494e+01 1.532833092694e+01 1 1 1 0.0 0.0 0.0
Nb 2.940065481325e+00 9.230527047775e+00 1.532833092694e+01 1 1 1 0.0 0.0 0.0
Nb 6.118456012180e+00 1.060681051922e+01 1.532833092694e+01 1 1 1 0.0 0.0 0.0
Nb 9.296846543035e+00 1.198309399067e+01 1.532833092694e+01 1 1 1 0.0 0.0 0.0
Nb 1.247523707389e+01 1.335937746211e+01 1.532833092694e+01 1 1 1 0.0 0.0 0.0
Nb 1.565362760474e+01 1.473566093356e+01 1.532833092694e+01 1 1 1 0.0 0.0 0.0
Nb 3.337364297481e+00 1.267123572639e+01 1.532833092694e+01 1 1 1 0.0 0.0 0.0
Nb 6.515754828336e+00 1.404751919783e+01 1.532833092694e+01 1 1 1 0.0 0.0 0.0
Nb 9.694145359192e+00 1.542380266928e+01 1.532833092694e+01 1 1 1 0.0 0.0 0.0
Nb 1.287253589005e+01 1.680008614072e+01 1.532833092694e+01 1 1 1 0.0 0.0 0.0
Nb 1.605092642090e+01 1.817636961217e+01 1.532833092694e+01 1 1 1 0.0 0.0 0.0
Nb 1.883201813560e+01 1.611194440500e+01 1.532833092694e+01 1 1 1 0.0 0.0 0.0
Nb 6.913053644493e+00 1.748822787645e+01 1.532833092694e+01 1 1 1 0.0 0.0 0.0
Nb 1.009144417535e+01 1.886451134789e+01 1.532833092694e+01 1 1 1 0.0 0.0 0.0
Nb 1.326983470620e+01 2.024079481934e+01 1.532833092694e+01 1 1 1 0.0 0.0 0.0
Nb 1.644822523706e+01 2.161707829078e+01 1.532833092694e+01 1 1 1 0.0 0.0 0.0
Nb 1.922931695176e+01 1.955265308361e+01 1.532833092694e+01 1 1 1 0.0 0.0 0.0
Nb 7.310352460650e+00 2.092893655506e+01 1.532833092694e+01 1 1 1 0.0 0.0 0.0
Nb 4.926559563710e+00 2.846844833816e-01 1.532833092694e+01 1 1 1 0.0 0.0 0.0
Nb 8.101975305494e+00 1.670311360936e+00 9.182088683320e+00 1 1 1 0.0 0.0 0.0
Nb 1.128036583635e+01 3.046594832381e+00 9.182088683320e+00 1 1 1 0.0 0.0 0.0
Nb 1.445875636720e+01 4.422878303826e+00 9.182088683320e+00 1 1 1 0.0 0.0 0.0
Nb 1.406145755105e+01 9.821696252131e-01 9.182088683320e+00 1 1 1 0.0 0.0 0.0
Nb 2.142493059940e+00 2.358453096658e+00 9.182088683320e+00 1 1 1 0.0 0.0 0.0
Nb 5.320883590795e+00 3.734736568103e+00 9.182088683320e+00 1 1 1 0.0 0.0 0.0
Nb 8.499274121650e+00 5.111020039549e+00 9.182088683320e+00 1 1 1 0.0 0.0 0.0
Nb 1.167766465251e+01 6.487303510994e+00 9.182088683320e+00 1 1 1 0.0 0.0 0.0
Nb 1.485605518336e+01 7.863586982439e+00 9.182088683320e+00 1 1 1 0.0 0.0 0.0
Nb 2.539791876097e+00 5.799161775271e+00 9.182088683320e+00 1 1 1 0.0 0.0 0.0
Nb 5.718182406952e+00 7.175445246716e+00 9.182088683320e+00 1 1 1 0.0 0.0 0.0
Nb 8.896572937807e+00 8.551728718162e+00 9.182088683320e+00 1 1 1 0.0 0.0 0.0
Nb 1.207496346866e+01 9.928012189607e+00 9.182088683320e+00 1 1 1 0.0 0.0 0.0
Nb 1.525335399952e+01 1.130429566105e+01 9.182088683320e+00 1 1 1 0.0 0.0 0.0
Nb 2.937090692254e+00 9.239870453884e+00 9.182088683320e+00 1 1 1 0.0 0.0 0.0
Nb 6.115481223109e+00 1.061615392533e+01 9.182088683320e+00 1 1 1 0.0 0.0 0.0
Nb 9.293871753964e+00 1.199243739677e+01 9.182088683320e+00 1 1 1 0.0 0.0 0.0
Nb 1.247226228482e+01 1.336872086822e+01 9.182088683320e+00 1 1 1 0.0 0.0 0.0
Nb 1.565065281567e+01 1.474500433966e+01 9.182088683320e+00 1 1 1 0.0 0.0 0.0
Nb 3.334389508410e+00 1.268057913250e+01 9.182088683320e+00 1 1 1 0.0 0.0 0.0
Nb 6.512780039265e+00 1.405686260394e+01 9.182088683320e+00 1 1 1 0.0 0.0 0.0
Nb 9.691170570120e+00 1.543314607539e+01 9.182088683320e+00 1 1 1 0.0 0.0 0.0
Nb 1.286956110098e+01 1.680942954683e+01 9.182088683320e+00 1 1 1 0.0 0.0 0.0
Nb 1.604795163183e+01 1.818571301828e+01 9.182088683320e+00 1 1 1 0.0 0.0 0.0
Nb 1.882904334653e+01 1.612128781111e+01 9.182088683320e+00 1 1 1 0.0 0.0 0.0
Nb 6.910078855422e+00 1.749757128256e+01 9.182088683320e+00 1 1 1 0.0 0.0 0.0
Nb 1.008846938628e+01 1.887385475400e+01 9.182088683320e+00 1 1 1 0.0 0.0 0.0
Nb 1.326685991713e+01 2.025013822545e+01 9.182088683320e+00 1 1 1 0.0 0.0 0.0
Nb 1.644525044799e+01 2.162642169689e+01 9.182088683320e+00 1 1 1 0.0 0.0 0.0
Nb 1.922634216269e+01 1.956199648972e+01 9.182088683320e+00 1 1 1 0.0 0.0 0.0
Nb 7.307377671578e+00 2.093827996117e+01 9.182088683320e+00 1 1 1 0.0 0.0 0.0
Nb 4.923584774639e+00 2.940278894905e-01 9.182088683320e+00 1 1 1 0.0 0.0 0.0
Bi 9.021774827459e+00 1.288679280406e+00 3.532095071834e+01 1 1 1 0.0 0.0 0.0
Bi 1.197313746314e+01 4.434470072281e+00 3.532095071834e+01 1 1 1 0.0 0.0 0.0
Bi 4.973110698698e+00 2.337276211031e+00 3.532095071834e+01 1 1 1 0.0 0.0 0.0
Bi 7.924473334377e+00 5.483067002906e+00 3.532095071834e+01 1 1 1 0.0 0.0 0.0
Bi 1.087583597006e+01 8.628857794781e+00 3.532095071834e+01 1 1 1 0.0 0.0 0.0
Bi 1.382719860574e+01 1.177464858666e+01 3.532095071834e+01 1 1 1 0.0 0.0 0.0
Bi 1.307043895622e+01 2.400823497814e-01 3.532095071834e+01 1 1 1 0.0 0.0 0.0
Bi 9.244465699371e-01 3.385873141656e+00 3.532095071834e+01 1 1 1 0.0 0.0 0.0
Bi 3.875809205617e+00 6.531663933531e+00 3.532095071834e+01 1 1 1 0.0 0.0 0.0
Bi 6.827171841296e+00 9.677454725406e+00 3.532095071834e+01 1 1 1 0.0 0.0 0.0
Bi 9.778534476976e+00 1.282324551728e+01 3.532095071834e+01 1 1 1 0.0 0.0 0.0
Bi 1.272989711266e+01 1.596903630916e+01 3.532095071834e+01 1 1 1 0.0 0.0 0.0
Bi 1.568125974833e+01 1.911482710103e+01 3.532095071834e+01 1 1 1 0.0 0.0 0.0
Bi 1.492450009882e+01 7.580260864156e+00 3.532095071834e+01 1 1 1 0.0 0.0 0.0
Bi 2.778507712535e+00 1.072605165603e+01 3.532095071834e+01 1 1 1 0.0 0.0 0.0
Bi 5.729870348215e+00 1.387184244791e+01 3.532095071834e+01 1 1 1 0.0 0.0 0.0
Bi 8.681232983894e+00 1.701763323978e+01 3.532095071834e+01 1 1 1 0.0 0.0 0.0
Bi 1.163259561957e+01 2.016342403165e+01 3.532095071834e+01 1 1 1 0.0 0.0 0.0
Bi 1.677856124142e+01 1.492043937853e+01 3.532095071834e+01 1 1 1 0.0 0.0 0.0
Bi 4.632568855134e+00 1.806623017040e+01 3.532095071834e+01 1 1 1 0.0 0.0 0.0
Bi 7.583931490813e+00 2.121202096228e+01 3.532095071834e+01 1 1 1 0.0 0.0 0.0
Bi 6.719770042940e+00 5.718257913424e-01 3.133430771007e+01 1 1 1 0.0 0.0 0.0
Bi 9.671132678620e+00 3.717616583217e+00 3.133430771007e+01 1 1 1 0.0 0.0 0.0
Bi 2.671105914179e+00 1.620422721967e+00 3.133430771007e+01 1 1 1 0.0 0.0 0.0
Bi 5.622468549859e+00 4.766213513842e+00 3.133430771007e+01 1 1 1 0.0 0.0 0.0
Bi 8.573831185538e+00 7.912004305717e+00 3.133430771007e+01 1 1 1 0.0 0.0 0.0
Bi 1.152519382122e+01 1.105779509759e+01 3.133430771007e+01 1 1 1 0.0 0.0 0.0
Bi 1.633061759950e+01 2.154376440384e+01 3.133430771007e+01 1 1 1 0.0 0.0 0.0
Bi 1.371979680738e+01 2.669019652592e+00 3.133430771007e+01 1 1 1 0.0 0.0 0.0
Bi 1.573804421098e+00 5.814810444467e+00 3.133430771007e+01 1 1 1 0.0 0.0 0.0
Bi 4.525167056777e+00 8.960601236342e+00 3.133430771007e+01 1 1 1 0.0 0.0 0.0
Bi 7.476529692457e+00 1.210639202822e+01 3.133430771007e+01 1 1 1 0.0 0.0 0.0
Bi 1.042789232814e+01 1.525218282009e+01 3.133430771007e+01 1 1 1 0.0 0.0 0.0
Bi 1.337925496382e+01 1.839797361197e+01 3.133430771007e+01 1 1 1 0.0 0.0 0.0
Bi 1.262249531430e+01 6.863407375092e+00 3.133430771007e+01 1 1 1 0.0 0.0 0.0
Bi 1.557385794998e+01 1.000919816697e+01 3.133430771007e+01 1 1 1 0.0 0.0 0.0
Bi 3.427865563696e+00 1.315498895884e+01 3.133430771007e+01 1 1 1 0.0 0.0 0.0
Bi 6.379228199376e+00 1.630077975072e+01 3.133430771007e+01 1 1 1 0.0 0.0 0.0
Bi 9.330590835055e+00 1.944657054259e+01 3.133430771007e+01 1 1 1 0.0 0.0 0.0
Bi 1.447655645690e+01 1.420358588947e+01 3.133430771007e+01 1 1 1 0.0 0.0 0.0
Bi 1.742791909258e+01 1.734937668134e+01 3.133430771007e+01 1 1 1 0.0 0.0 0.0
Bi 5.281926706294e+00 2.049516747322e+01 3.133430771007e+01 1 1 1 0.0 0.0 0.0
Bi 6.720200432008e+00 5.007421927367e-01 2.529282906773e+01 1 1 1 0.0 0.0 0.0
Bi 9.671563067688e+00 3.646532984611e+00 2.529282906773e+01 1 1 1 0.0 0.0 0.0
Bi 2.671536303247e+00 1.549339123362e+00 2.529282906773e+01 1 1 1 0.0 0.0 0.0
Bi 5.622898938927e+00 4.695129915236e+00 2.529282906773e+01 1 1 1 0.0 0.0 0.0
Bi 8.574261574606e+00 7.840920707111e+00 2.529282906773e+01 1 1 1 0.0 0.0 0.0
Bi 1.152562421029e+01 1.098671149899e+01 2.529282906773e+01 1 1 1 0.0 0.0 0.0
Bi 1.633104798856e+01 2.147268080523e+01 2.529282906773e+01 1 1 1 0.0 0.0 0.0
Bi 1.372022719645e+01 2.597936053987e+00 2.529282906773e+01 1 1 1 0.0 0.0 0.0
Bi 1.574234810166e+00 5.743726845861e+00 2.529282906773e+01 1 1 1 0.0 0.0 0.0
Bi 4.525597445846e+00 8.889517637736e+00 2.529282906773e+01 1 1 1 0.0 0.0 0.0
Bi 7.476960081525e+00 1.203530842961e+01 2.529282906773e+01 1 1 1 0.0 0.0 0.0
Bi 1.042832271720e+01 1.518109922149e+01 2.529282906773e+01 1 1 1 0.0 0.0 0.0
Bi 1.337968535288e+01 1.832689001336e+01 2.529282906773e+01 1 1 1 0.0 0.0 0.0
Bi 1.262292570337e+01 6.792323776486e+00 2.529282906773e+01 1 1 1 0.0 0.0 0.0
Bi 1.557428833905e+01 9.938114568361e+00 2.529282906773e+01 1 1 1 0.0 0.0 0.0
Bi 3.428295952764e+00 1.308390536024e+01 2.529282906773e+01 1 1 1 0.0 0.0 0.0
Bi 6.379658588444e+00 1.622969615211e+01 2.529282906773e+01 1 1 1 0.0 0.0 0.0
Bi 9.331021224123e+00 1.937548694399e+01 2.529282906773e+01 1 1 1 0.0 0.0 0.0
Bi 1.447698684597e+01 1.413250229086e+01 2.529282906773e+01 1 1 1 0.0 0.0 0.0
Bi 1.742834948164e+01 1.727829308274e+01 2.529282906773e+01 1 1 1 0.0 0.0 0.0
Bi 5.282357095363e+00 2.042408387461e+01 2.529282906773e+01 1 1 1 0.0 0.0 0.0
Bi 1.140813090804e+01 1.903448075294e+00 2.132110864621e+01 1 1 1 0.0 0.0 0.0
Bi 1.435949354372e+01 5.049238867169e+00 2.132110864621e+01 1 1 1 0.0 0.0 0.0
Bi 7.359466779281e+00 2.952045005919e+00 2.132110864621e+01 1 1 1 0.0 0.0 0.0
Bi 1.031082941496e+01 6.097835797794e+00 2.132110864621e+01 1 1 1 0.0 0.0 0.0
Bi 1.326219205064e+01 9.243626589669e+00 2.132110864621e+01 1 1 1 0.0 0.0 0.0
Bi 1.621355468632e+01 1.238941738154e+01 2.132110864621e+01 1 1 1 0.0 0.0 0.0
Bi 3.594400148406e-01 8.548511446693e-01 2.132110864621e+01 1 1 1 0.0 0.0 0.0
Bi 3.310802650520e+00 4.000641936544e+00 2.132110864621e+01 1 1 1 0.0 0.0 0.0
Bi 6.262165286200e+00 7.146432728419e+00 2.132110864621e+01 1 1 1 0.0 0.0 0.0
Bi 9.213527921879e+00 1.029222352029e+01 2.132110864621e+01 1 1 1 0.0 0.0 0.0
Bi 1.216489055756e+01 1.343801431217e+01 2.132110864621e+01 1 1 1 0.0 0.0 0.0
Bi 1.511625319324e+01 1.658380510404e+01 2.132110864621e+01 1 1 1 0.0 0.0 0.0
Bi 1.806761582892e+01 1.972959589592e+01 2.132110864621e+01 1 1 1 0.0 0.0 0.0
Bi 2.213501157439e+00 8.195029659044e+00 2.132110864621e+01 1 1 1 0.0 0.0 0.0
Bi 5.164863793118e+00 1.134082045092e+01 2.132110864621e+01 1 1 1 0.0 0.0 0.0
Bi 8.116226428798e+00 1.448661124279e+01 2.132110864621e+01 1 1 1 0.0 0.0 0.0
Bi 1.106758906448e+01 1.763240203467e+01 2.132110864621e+01 1 1 1 0.0 0.0 0.0
Bi 1.401895170016e+01 2.077819282654e+01 2.132110864621e+01 1 1 1 0.0 0.0 0.0
Bi 4.067562300037e+00 1.553520817342e+01 2.132110864621e+01 1 1 1 0.0 0.0 0.0
Bi 7.018924935717e+00 1.868099896529e+01 2.132110864621e+01 1 1 1 0.0 0.0 0.0
Bi 9.970287571396e+00 2.182678975717e+01 2.132110864621e+01 1 1 1 0.0 0.0 0.0
Se 6.909535237848e+00 6.479613841341e-02 7.500000000000e+00 1 1 1 0.0 0.0 0.0
Se 1.008792576870e+01 1.441079609859e+00 7.500000000000e+00 1 1 1 0.0 0.0 0.0
Se 1.326631629956e+01 2.817363081304e+00 7.500000000000e+00 1 1 1 0.0 0.0 0.0
Se 1.843120091120e+01 2.139718994581e+01 7.500000000000e+00 1 1 1 0.0 0.0 0.0
Se 9.500529922948e-01 7.529378741360e-01 7.500000000000e+00 1 1 1 0.0 0.0 0.0
Se 4.128443523150e+00 2.129221345581e+00 7.500000000000e+00 1 1 1 0.0 0.0 0.0
Se 7.306834054005e+00 3.505504817026e+00 7.500000000000e+00 1 1 1 0.0 0.0 0.0
Se 1.048522458486e+01 4.881788288472e+00 7.500000000000e+00 1 1 1 0.0 0.0 0.0
Se 1.366361511571e+01 6.258071759917e+00 7.500000000000e+00 1 1 1 0.0 0.0 0.0
Se 1.347351808451e+00 4.193646552749e+00 7.500000000000e+00 1 1 1 0.0 0.0 0.0
Se 4.525742339306e+00 5.569930024194e+00 7.500000000000e+00 1 1 1 0.0 0.0 0.0
Se 7.704132870161e+00 6.946213495639e+00 7.500000000000e+00 1 1 1 0.0 0.0 0.0
Se 1.088252340102e+01 8.322496967085e+00 7.500000000000e+00 1 1 1 0.0 0.0 0.0
Se 1.406091393187e+01 9.698780438530e+00 7.500000000000e+00 1 1 1 0.0 0.0 0.0
Se 1.684200564657e+01 7.634355231362e+00 7.500000000000e+00 1 1 1 0.0 0.0 0.0
Se 4.923041155463e+00 9.010638702807e+00 7.500000000000e+00 1 1 1 0.0 0.0 0.0
Se 8.101431686318e+00 1.038692217425e+01 7.500000000000e+00 1 1 1 0.0 0.0 0.0
Se 1.127982221717e+01 1.176320564570e+01 7.500000000000e+00 1 1 1 0.0 0.0 0.0
Se 1.445821274803e+01 1.313948911714e+01 7.500000000000e+00 1 1 1 0.0 0.0 0.0
Se 1.723930446273e+01 1.107506390997e+01 7.500000000000e+00 1 1 1 0.0 0.0 0.0
Se 5.320339971620e+00 1.245134738142e+01 7.500000000000e+00 1 1 1 0.0 0.0 0.0
Se 8.498730502475e+00 1.382763085287e+01 7.500000000000e+00 1 1 1 0.0 0.0 0.0
Se 1.167712103333e+01 1.520391432431e+01 7.500000000000e+00 1 1 1 0.0 0.0 0.0
Se 1.485551156418e+01 1.658019779576e+01 7.500000000000e+00 1 1 1 0.0 0.0 0.0
Se 1.763660327888e+01 1.451577258859e+01 7.500000000000e+00 1 1 1 0.0 0.0 0.0
Se 5.717638787776e+00 1.589205606003e+01 7.500000000000e+00 1 1 1 0.0 0.0 0.0
Se 8.896029318631e+00 1.726833953148e+01 7.500000000000e+00 1 1 1 0.0 0.0 0.0
Se 1.207441984949e+01 1.864462300292e+01 7.500000000000e+00 1 1 1 0.0 0.0 0.0
Se 1.525281038034e+01 2.002090647437e+01 7.500000000000e+00 1 1 1 0.0 0.0 0.0
Se 1.803390209504e+01 1.795648126720e+01 7.500000000000e+00 1 1 1 0.0 0.0 0.0
Se 6.114937603933e+00 1.933276473865e+01 7.500000000000e+00 1 1 1 0.0 0.0 0.0
Se 9.293328134788e+00 2.070904821009e+01 7.500000000000e+00 1 1 1 0.0 0.0 0.0
Se 1.446144237296e+01 2.184645786782e+01 1.364602824434e+01 1 1 1 0.0 0.0 0.0
Se 1.207764947602e+01 1.202205796138e+00 1.364602824434e+01 1 1 1 0.0 0.0 0.0
Se 1.525604000688e+01 2.578489267583e+00 1.364602824434e+01 1 1 1 0.0 0.0 0.0
Se 2.042092461852e+01 2.115831613209e+01 1.364602824434e+01 1 1 1 0.0 0.0 0.0
Se 2.939776699616e+00 5.140640604156e-01 1.364602824434e+01 1 1 1 0.0 0.0 0.0
Se 6.118167230471e+00 1.890347531861e+00 1.364602824434e+01 1 1 1 0.0 0.0 0.0
Se 9.296557761326e+00 3.266631003306e+00 1.364602824434e+01 1 1 1 0.0 0.0 0.0
Se 1.247494829218e+01 4.642914474751e+00 1.364602824434e+01 1 1 1 0.0 0.0 0.0
Se 1.565333882304e+01 6.019197946196e+00 1.364602824434e+01 1 1 1 0.0 0.0 0.0
Se 3.337075515772e+00 3.954772739029e+00 1.364602824434e+01 1 1 1 0.0 0.0 0.0
Se 6.515466046627e+00 5.331056210474e+00 1.364602824434e+01 1 1 1 0.0 0.0 0.0
Se 9.693856577482e+00 6.707339681919e+00 1.364602824434e+01 1 1 1 0.0 0.0 0.0
Se 1.287224710834e+01 8.083623153364e+00 1.364602824434e+01 1 1 1 0.0 0.0 0.0
Se 1.605063763919e+01 9.459906624809e+00 1.364602824434e+01 1 1 1 0.0 0.0 0.0
Se 3.734374331929e+00 7.395481417642e+00 1.364602824434e+01 1 1 1 0.0 0.0 0.0
Se 6.912764862784e+00 8.771764889087e+00 1.364602824434e+01 1 1 1 0.0 0.0 0.0
Se 1.009115539364e+01 1.014804836053e+01 1.364602824434e+01 1 1 1 0.0 0.0 0.0
Se 1.326954592449e+01 1.152433183198e+01 1.364602824434e+01 1 1 1 0.0 0.0 0.0
Se 1.644793645535e+01 1.290061530342e+01 1.364602824434e+01 1 1 1 0.0 0.0 0.0
Se 4.131673148085e+00 1.083619009625e+01 1.364602824434e+01 1 1 1 0.0 0.0 0.0
Se 7.310063678940e+00 1.221247356770e+01 1.364602824434e+01 1 1 1 0.0 0.0 0.0
Se 1.048845420980e+01 1.358875703914e+01 1.364602824434e+01 1 1 1 0.0 0.0 0.0
Se 1.366684474065e+01 1.496504051059e+01 1.364602824434e+01 1 1 1 0.0 0.0 0.0
Se 1.684523527151e+01 1.634132398204e+01 1.364602824434e+01 1 1 1 0.0 0.0 0.0
Se 4.528971964242e+00 1.427689877487e+01 1.364602824434e+01 1 1 1 0.0 0.0 0.0
Se 7.707362495097e+00 1.565318224631e+01 1.364602824434e+01 1 1 1 0.0 0.0 0.0
Se 1.088575302595e+01 1.702946571776e+01 1.364602824434e+01 1 1 1 0.0 0.0 0.0
Se 1.406414355681e+01 1.840574918920e+01 1.364602824434e+01 1 1 1 0.0 0.0 0.0
Se 1.724253408766e+01 1.978203266065e+01 1.364602824434e+01 1 1 1 0.0 0.0 0.0
Se 4.926270780399e+00 1.771760745348e+01 1.364602824434e+01 1 1 1 0.0 0.0 0.0
Se 8.104661311254e+00 1.909389092493e+01 1.364602824434e+01 1 1 1 0.0 0.0 0.0
Se 1.128305184211e+01 2.047017439637e+01 1.364602824434e+01 1 1 1 0.0 0.0 0.0
Se 6.910227112420e+00 6.397181870406e-02 1.086443756309e+01 1 1 1 0.0 0.0 0.0
Se 1.008861764328e+01 1.440255290149e+00 1.086443756309e+01 1 1 1 0.0 0.0 0.0
Se 1.326700817413e+01 2.816538761594e+00 1.086443756309e+01 1 1 1 0.0 0.0 0.0
Se 1.843189278577e+01 2.139636562610e+01 1.086443756309e+01 1 1 1 0.0 0.0 0.0
Se 9.507448668666e-01 7.521135544267e-01 1.086443756309e+01 1 1 1 0.0 0.0 0.0
Se 4.129135397722e+00 2.128397025872e+00 1.086443756309e+01 1 1 1 0.0 0.0 0.0
Se 7.307525928577e+00 3.504680497317e+00 1.086443756309e+01 1 1 1 0.0 0.0 0.0
Se 1.048591645943e+01 4.880963968762e+00 1.086443756309e+01 1 1 1 0.0 0.0 0.0
Se 1.366430699029e+01 6.257247440207e+00 1.086443756309e+01 1 1 1 0.0 0.0 0.0
Se 1.348043683023e+00 4.192822233040e+00 1.086443756309e+01 1 1 1 0.0 0.0 0.0
Se 4.526434213878e+00 5.569105704485e+00 1.086443756309e+01 1 1 1 0.0 0.0 0.0
Se 7.704824744733e+00 6.945389175930e+00 1.086443756309e+01 1 1 1 0.0 0.0 0.0
Se 1.088321527559e+01 8.321672647375e+00 1.086443756309e+01 1 1 1 0.0 0.0 0.0
Se 1.406160580644e+01 9.697956118820e+00 1.086443756309e+01 1 1 1 0.0 0.0 0.0
Se 1.684269752114e+01 7.633530911653e+00 1.086443756309e+01 1 1 1 0.0 0.0 0.0
Se 4.923733030035e+00 9.009814383098e+00 1.086443756309e+01 1 1 1 0.0 0.0 0.0
Se 8.102123560890e+00 1.038609785454e+01 1.086443756309e+01 1 1 1 0.0 0.0 0.0
Se 1.128051409174e+01 1.176238132599e+01 1.086443756309e+01 1 1 1 0.0 0.0 0.0
Se 1.445890462260e+01 1.313866479743e+01 1.086443756309e+01 1 1 1 0.0 0.0 0.0
Se 1.723999633730e+01 1.107423959027e+01 1.086443756309e+01 1 1 1 0.0 0.0 0.0
Se 5.321031846192e+00 1.245052306171e+01 1.086443756309e+01 1 1 1 0.0 0.0 0.0
Se 8.499422377047e+00 1.382680653316e+01 1.086443756309e+01 1 1 1 0.0 0.0 0.0
Se 1.167781290790e+01 1.520309000460e+01 1.086443756309e+01 1 1 1 0.0 0.0 0.0
Se 1.485620343876e+01 1.657937347605e+01 1.086443756309e+01 1 1 1 0.0 0.0 0.0
Se 1.763729515345e+01 1.451494826888e+01 1.086443756309e+01 1 1 1 0.0 0.0 0.0
Se 5.718330662348e+00 1.589123174032e+01 1.086443756309e+01 1 1 1 0.0 0.0 0.0
Se 8.896721193203e+00 1.726751521177e+01 1.086443756309e+01 1 1 1 0.0 0.0 0.0
Se 1.207511172406e+01 1.864379868321e+01 1.086443756309e+01 1 1 1 0.0 0.0 0.0
Se 1.525350225491e+01 2.002008215466e+01 1.086443756309e+01 1 1 1 0.0 0.0 0.0
Se 1.803459396961e+01 1.795565694749e+01 1.086443756309e+01 1 1 1 0.0 0.0 0.0
Se 6.115629478505e+00 1.933194041894e+01 1.086443756309e+01 1 1 1 0.0 0.0 0.0
Se 9.294020009360e+00 2.070822389038e+01 1.086443756309e+01 1 1 1 0.0 0.0 0.0
Se 1.446224999276e+01 2.184577447016e+01 1.701046802998e+01 1 1 1 0.0 0.0 0.0
Se 1.207845709582e+01 1.201522398482e+00 1.701046802998e+01 1 1 1 0.0 0.0 0.0
Se 1.525684762667e+01 2.577805869927e+00 1.701046802998e+01 1 1 1 0.0 0.0 0.0
Se 2.042173223831e+01 2.115763273444e+01 1.701046802998e+01 1 1 1 0.0 0.0 0.0
Se 2.940584319411e+00 5.133806627594e-01 1.701046802998e+01 1 1 1 0.0 0.0 0.0
Se 6.118974850266e+00 1.889664134205e+00 1.701046802998e+01 1 1 1 0.0 0.0 0.0
Se 9.297365381121e+00 3.265947605650e+00 1.701046802998e+01 1 1 1 0.0 0.0 0.0
Se 1.247575591198e+01 4.642231077095e+00 1.701046802998e+01 1 1 1 0.0 0.0 0.0
Se 1.565414644283e+01 6.018514548540e+00 1.701046802998e+01 1 1 1 0.0 0.0 0.0
Se 3.337883135568e+00 3.954089341372e+00 1.701046802998e+01 1 1 1 0.0 0.0 0.0
Se 6.516273666423e+00 5.330372812818e+00 1.701046802998e+01 1 1 1 0.0 0.0 0.0
Se 9.694664197278e+00 6.706656284263e+00 1.701046802998e+01 1 1 1 0.0 0.0 0.0
Se 1.287305472813e+01 8.082939755708e+00 1.701046802998e+01 1 1 1 0.0 0.0 0.0
Se 1.605144525899e+01 9.459223227153e+00 1.701046802998e+01 1 1 1 0.0 0.0 0.0
Se 3.735181951724e+00 7.394798019985e+00 1.701046802998e+01 1 1 1 0.0 0.0 0.0
Se 6.913572482579e+00 8.771081491430e+00 1.701046802998e+01 1 1 1 0.0 0.0 0.0
Se 1.009196301343e+01 1.014736496288e+01 1.701046802998e+01 1 1 1 0.0 0.0 0.0
Se 1.327035354429e+01 1.152364843432e+01 1.701046802998e+01 1 1 1 0.0 0.0 0.0
Se 1.644874407514e+01 1.289993190577e+01 1.701046802998e+01 1 1 1 0.0 0.0 0.0
Se 4.132480767881e+00 1.083550669860e+01 1.701046802998e+01 1 1 1 0.0 0.0 0.0
Se 7.310871298736e+00 1.221179017004e+01 1.701046802998e+01 1 1 1 0.0 0.0 0.0
Se 1.048926182959e+01 1.358807364149e+01 1.701046802998e+01 1 1 1 0.0 0.0 0.0
Se 1.366765236045e+01 1.496435711293e+01 1.701046802998e+01 1 1 1 0.0 0.0 0.0
Se 1.684604289130e+01 1.634064058438e+01 1.701046802998e+01 1 1 1 0.0 0.0 0.0
Se 4.529779584038e+00 1.427621537721e+01 1.701046802998e+01 1 1 1 0.0 0.0 0.0
Se 7.708170114893e+00 1.565249884866e+01 1.701046802998e+01 1 1 1 0.0 0.0 0.0
Se 1.088656064575e+01 1.702878232010e+01 1.701046802998e+01 1 1 1 0.0 0.0 0.0
Se 1.406495117660e+01 1.840506579155e+01 1.701046802998e+01 1 1 1 0.0 0.0 0.0
Se 1.724334170746e+01 1.978134926299e+01 1.701046802998e+01 1 1 1 0.0 0.0 0.0
Se 4.927078400194e+00 1.771692405582e+01 1.701046802998e+01 1 1 1 0.0 0.0 0.0
Se 8.105468931049e+00 1.909320752727e+01 1.701046802998e+01 1 1 1 0.0 0.0 0.0
Se 1.128385946190e+01 2.046949099871e+01 1.701046802998e+01 1 1 1 0.0 0.0 0.0
Se 6.676854794153e+00 5.856177822182e-01 3.696241589303e+01 1 1 1 0.0 0.0 0.0
Se 9.628217429832e+00 3.731408574093e+00 3.696241589303e+01 1 1 1 0.0 0.0 0.0
Se 2.628190665392e+00 1.634214712843e+00 3.696241589303e+01 1 1 1 0.0 0.0 0.0
Se 5.579553301072e+00 4.780005504718e+00 3.696241589303e+01 1 1 1 0.0 0.0 0.0
Se 8.530915936751e+00 7.925796296593e+00 3.696241589303e+01 1 1 1 0.0 0.0 0.0
Se 1.148227857243e+01 1.107158708847e+01 3.696241589303e+01 1 1 1 0.0 0.0 0.0
Se 1.628770235071e+01 2.155755639472e+01 3.696241589303e+01 1 1 1 0.0 0.0 0.0
Se 1.367688155859e+01 2.682811643468e+00 3.696241589303e+01 1 1 1 0.0 0.0 0.0
Se 1.530889172311e+00 5.828602435343e+00 3.696241589303e+01 1 1 1 0.0 0.0 0.0
Se 4.482251807990e+00 8.974393227217e+00 3.696241589303e+01 1 1 1 0.0 0.0 0.0
Se 7.433614443670e+00 1.212018401909e+01 3.696241589303e+01 1 1 1 0.0 0.0 0.0
Se 1.038497707935e+01 1.526597481097e+01 3.696241589303e+01 1 1 1 0.0 0.0 0.0
Se 1.333633971503e+01 1.841176560284e+01 3.696241589303e+01 1 1 1 0.0 0.0 0.0
Se 1.257958006551e+01 6.877199365968e+00 3.696241589303e+01 1 1 1 0.0 0.0 0.0
Se 1.553094270119e+01 1.002299015784e+01 3.696241589303e+01 1 1 1 0.0 0.0 0.0
Se 3.384950314909e+00 1.316878094972e+01 3.696241589303e+01 1 1 1 0.0 0.0 0.0
Se 6.336312950589e+00 1.631457174159e+01 3.696241589303e+01 1 1 1 0.0 0.0 0.0
Se 9.287675586268e+00 1.946036253347e+01 3.696241589303e+01 1 1 1 0.0 0.0 0.0
Se 1.443364120811e+01 1.421737788034e+01 3.696241589303e+01 1 1 1 0.0 0.0 0.0
Se 1.738500384379e+01 1.736316867222e+01 3.696241589303e+01 1 1 1 0.0 0.0 0.0
Se 5.239011457507e+00 2.050895946409e+01 3.696241589303e+01 1 1 1 0.0 0.0 0.0
Se 1.138086892042e+01 1.988495468998e+00 3.332483142763e+01 1 1 1 0.0 0.0 0.0
Se 1.433223155610e+01 5.134286260873e+00 3.332483142763e+01 1 1 1 0.0 0.0 0.0
Se 7.332204791659e+00 3.037092399623e+00 3.332483142763e+01 1 1 1 0.0 0.0 0.0
Se 1.028356742734e+01 6.182883191498e+00 3.332483142763e+01 1 1 1 0.0 0.0 0.0
Se 1.323493006302e+01 9.328673983372e+00 3.332483142763e+01 1 1 1 0.0 0.0 0.0
Se 1.618629269870e+01 1.247446477525e+01 3.332483142763e+01 1 1 1 0.0 0.0 0.0
Se 3.321780272192e-01 9.398985383730e-01 3.332483142763e+01 1 1 1 0.0 0.0 0.0
Se 3.283540662899e+00 4.085689330248e+00 3.332483142763e+01 1 1 1 0.0 0.0 0.0
Se 6.234903298578e+00 7.231480122122e+00 3.332483142763e+01 1 1 1 0.0 0.0 0.0
Se 9.186265934258e+00 1.037727091400e+01 3.332483142763e+01 1 1 1 0.0 0.0 0.0
Se 1.213762856994e+01 1.352306170587e+01 3.332483142763e+01 1 1 1 0.0 0.0 0.0
Se 1.508899120562e+01 1.666885249775e+01 3.332483142763e+01 1 1 1 0.0 0.0 0.0
Se 1.804035384130e+01 1.981464328962e+01 3.332483142763e+01 1 1 1 0.0 0.0 0.0
Se 2.186239169817e+00 8.280077052747e+00 3.332483142763e+01 1 1 1 0.0 0.0 0.0
Se 5.137601805497e+00 1.142586784462e+01 3.332483142763e+01 1 1 1 0.0 0.0 0.0
Se 8.088964441176e+00 1.457165863650e+01 3.332483142763e+01 1 1 1 0.0 0.0 0.0
Se 1.104032707686e+01 1.771744942837e+01 3.332483142763e+01 1 1 1 0.0 0.0 0.0
Se 1.399168971254e+01 2.086324022025e+01 3.332483142763e+01 1 1 1 0.0 0.0 0.0
Se 4.040300312416e+00 1.562025556712e+01 3.332483142763e+01 1 1 1 0.0 0.0 0.0
Se 6.991662948095e+00 1.876604635900e+01 3.332483142763e+01 1 1 1 0.0 0.0 0.0
Se 9.943025583775e+00 2.191183715087e+01 3.332483142763e+01 1 1 1 0.0 0.0 0.0
Se 9.040596193973e+00 1.277772169579e+00 2.969131231352e+01 1 1 1 0.0 0.0 0.0
Se 1.199195882965e+01 4.423562961454e+00 2.969131231352e+01 1 1 1 0.0 0.0 0.0
Se 4.991932065212e+00 2.326369100204e+00 2.969131231352e+01 1 1 1 0.0 0.0 0.0
Se 7.943294700891e+00 5.472159892079e+00 2.969131231352e+01 1 1 1 0.0 0.0 0.0
Se 1.089465733657e+01 8.617950683954e+00 2.969131231352e+01 1 1 1 0.0 0.0 0.0
Se 1.384601997225e+01 1.176374147583e+01 2.969131231352e+01 1 1 1 0.0 0.0 0.0
Se 1.308926032273e+01 2.291752389544e-01 2.969131231352e+01 1 1 1 0.0 0.0 0.0
Se 9.432679364510e-01 3.374966030829e+00 2.969131231352e+01 1 1 1 0.0 0.0 0.0
Se 3.894630572130e+00 6.520756822704e+00 2.969131231352e+01 1 1 1 0.0 0.0 0.0
Se 6.845993207810e+00 9.666547614579e+00 2.969131231352e+01 1 1 1 0.0 0.0 0.0
Se 9.797355843490e+00 1.281233840645e+01 2.969131231352e+01 1 1 1 0.0 0.0 0.0
Se 1.274871847917e+01 1.595812919833e+01 2.969131231352e+01 1 1 1 0.0 0.0 0.0
Se 1.570008111485e+01 1.910391999020e+01 2.969131231352e+01 1 1 1 0.0 0.0 0.0
Se 1.494332146533e+01 7.569353753329e+00 2.969131231352e+01 1 1 1 0.0 0.0 0.0
Se 2.797329079049e+00 1.071514454520e+01 2.969131231352e+01 1 1 1 0.0 0.0 0.0
Se 5.748691714729e+00 1.386093533708e+01 2.969131231352e+01 1 1 1 0.0 0.0 0.0
Se 8.700054350408e+00 1.700672612895e+01 2.969131231352e+01 1 1 1 0.0 0.0 0.0
Se 1.165141698609e+01 2.015251692083e+01 2.969131231352e+01 1 1 1 0.0 0.0 0.0
Se 1.679738260793e+01 1.490953226770e+01 2.969131231352e+01 1 1 1 0.0 0.0 0.0
Se 4.651390221647e+00 1.805532305958e+01 2.969131231352e+01 1 1 1 0.0 0.0 0.0
Se 7.602752857327e+00 2.120111385145e+01 2.969131231352e+01 1 1 1 0.0 0.0 0.0
Se 1.140829758768e+01 1.907801924165e+00 2.692457590224e+01 1 1 1 0.0 0.0 0.0
Se 1.435966022336e+01 5.053592716040e+00 2.692457590224e+01 1 1 1 0.0 0.0 0.0
Se 7.359633458917e+00 2.956398854790e+00 2.692457590224e+01 1 1 1 0.0 0.0 0.0
Se 1.031099609460e+01 6.102189646665e+00 2.692457590224e+01 1 1 1 0.0 0.0 0.0
Se 1.326235873028e+01 9.247980438539e+00 2.692457590224e+01 1 1 1 0.0 0.0 0.0
Se 1.621372136596e+01 1.239377123041e+01 2.692457590224e+01 1 1 1 0.0 0.0 0.0
Se 3.596066944764e-01 8.592049935400e-01 2.692457590224e+01 1 1 1 0.0 0.0 0.0
Se 3.310969330156e+00 4.004995785415e+00 2.692457590224e+01 1 1 1 0.0 0.0 0.0
Se 6.262331965835e+00 7.150786577289e+00 2.692457590224e+01 1 1 1 0.0 0.0 0.0
Se 9.213694601515e+00 1.029657736916e+01 2.692457590224e+01 1 1 1 0.0 0.0 0.0
Se 1.216505723719e+01 1.344236816104e+01 2.692457590224e+01 1 1 1 0.0 0.0 0.0
Se 1.511641987287e+01 1.658815895291e+01 2.692457590224e+01 1 1 1 0.0 0.0 0.0
Se 1.806778250855e+01 1.973394974479e+01 2.692457590224e+01 1 1 1 0.0 0.0 0.0
Se 2.213667837075e+00 8.199383507914e+00 2.692457590224e+01 1 1 1 0.0 0.0 0.0
Se 5.165030472754e+00 1.134517429979e+01 2.692457590224e+01 1 1 1 0.0 0.0 0.0
Se 8.116393108434e+00 1.449096509166e+01 2.692457590224e+01 1 1 1 0.0 0.0 0.0
Se 1.106775574411e+01 1.763675588354e+01 2.692457590224e+01 1 1 1 0.0 0.0 0.0
Se 1.401911837979e+01 2.078254667541e+01 2.692457590224e+01 1 1 1 0.0 0.0 0.0
Se 4.067728979673e+00 1.553956202229e+01 2.692457590224e+01 1 1 1 0.0 0.0 0.0
Se 7.019091615352e+00 1.868535281416e+01 2.692457590224e+01 1 1 1 0.0 0.0 0.0
Se 9.970454251032e+00 2.183114360604e+01 2.692457590224e+01 1 1 1 0.0 0.0 0.0
Se 9.060035466477e+00 1.194875556309e+00 2.330671355540e+01 1 1 1 0.0 0.0 0.0
Se 1.201139810216e+01 4.340666348184e+00 2.330671355540e+01 1 1 1 0.0 0.0 0.0
Se 5.011371337716e+00 2.243472486934e+00 2.330671355540e+01 1 1 1 0.0 0.0 0.0
Se 7.962733973395e+00 5.389263278809e+00 2.330671355540e+01 1 1 1 0.0 0.0 0.0
Se 1.091409660907e+01 8.535054070684e+00 2.330671355540e+01 1 1 1 0.0 0.0 0.0
Se 1.386545924475e+01 1.168084486256e+01 2.330671355540e+01 1 1 1 0.0 0.0 0.0
Se 1.310869959524e+01 1.462786256844e-01 2.330671355540e+01 1 1 1 0.0 0.0 0.0
Se 9.627072089551e-01 3.292069417559e+00 2.330671355540e+01 1 1 1 0.0 0.0 0.0
Se 3.914069844635e+00 6.437860209434e+00 2.330671355540e+01 1 1 1 0.0 0.0 0.0
Se 6.865432480314e+00 9.583651001309e+00 2.330671355540e+01 1 1 1 0.0 0.0 0.0
Se 9.816795115994e+00 1.272944179318e+01 2.330671355540e+01 1 1 1 0.0 0.0 0.0
Se 1.276815775167e+01 1.587523258506e+01 2.330671355540e+01 1 1 1 0.0 0.0 0.0
Se 1.571952038735e+01 1.902102337693e+01 2.330671355540e+01 1 1 1 0.0 0.0 0.0
Se 1.496276073784e+01 7.486457140059e+00 2.330671355540e+01 1 1 1 0.0 0.0 0.0
Se 2.816768351553e+00 1.063224793193e+01 2.330671355540e+01 1 1 1 0.0 0.0 0.0
Se 5.768130987233e+00 1.377803872381e+01 2.330671355540e+01 1 1 1 0.0 0.0 0.0
Se 8.719493622912e+00 1.692382951568e+01 2.330671355540e+01 1 1 1 0.0 0.0 0.0
Se 1.167085625859e+01 2.006962030756e+01 2.330671355540e+01 1 1 1 0.0 0.0 0.0
Se 1.681682188043e+01 1.482663565443e+01 2.330671355540e+01 1 1 1 0.0 0.0 0.0
Se 4.670829494152e+00 1.797242644631e+01 2.330671355540e+01 1 1 1 0.0 0.0 0.0
Se 7.622192129831e+00 2.111821723818e+01 2.330671355540e+01 1 1 1 0.0 0.0 0.0
Se 6.712891076386e+00 4.979705312536e-01 1.968357859229e+01 1 1 1 0.0 0.0 0.0
Se 9.664253712066e+00 3.643761323128e+00 1.968357859229e+01 1 1 1 0.0 0.0 0.0
Se 2.664226947626e+00 1.546567461878e+00 1.968357859229e+01 1 1 1 0.0 0.0 0.0
Se 5.615589583305e+00 4.692358253753e+00 1.968357859229e+01 1 1 1 0.0 0.0 0.0
Se 8.566952218985e+00 7.838149045628e+00 1.968357859229e+01 1 1 1 0.0 0.0 0.0
Se 1.151831485466e+01 1.098393983750e+01 1.968357859229e+01 1 1 1 0.0 0.0 0.0
Se 1.632373863294e+01 2.146990914375e+01 1.968357859229e+01 1 1 1 0.0 0.0 0.0
Se 1.371291784083e+01 2.595164392503e+00 1.968357859229e+01 1 1 1 0.0 0.0 0.0
Se 1.566925454544e+00 5.740955184378e+00 1.968357859229e+01 1 1 1 0.0 0.0 0.0
Se 4.518288090224e+00 8.886745976253e+00 1.968357859229e+01 1 1 1 0.0 0.0 0.0
Se 7.469650725903e+00 1.203253676813e+01 1.968357859229e+01 1 1 1 0.0 0.0 0.0
Se 1.042101336158e+01 1.517832756000e+01 1.968357859229e+01 1 1 1 0.0 0.0 0.0
Se 1.337237599726e+01 1.832411835188e+01 1.968357859229e+01 1 1 1 0.0 0.0 0.0
Se 1.261561634775e+01 6.789552115003e+00 1.968357859229e+01 1 1 1 0.0 0.0 0.0
Se 1.556697898343e+01 9.935342906878e+00 1.968357859229e+01 1 1 1 0.0 0.0 0.0
Se 3.420986597143e+00 1.308113369875e+01 1.968357859229e+01 1 1 1 0.0 0.0 0.0
Se 6.372349232822e+00 1.622692449063e+01 1.968357859229e+01 1 1 1 0.0 0.0 0.0
Se 9.323711868502e+00 1.937271528250e+01 1.968357859229e+01 1 1 1 0.0 0.0 0.0
Se 1.446967749034e+01 1.412973062938e+01 1.968357859229e+01 1 1 1 0.0 0.0 0.0
Se 1.742104012602e+01 1.727552142125e+01 1.968357859229e+01 1 1 1 0.0 0.0 0.0
Se 5.275047739741e+00 2.042131221313e+01 1.968357859229e+01 1 1 1 0.0 0.0 0.0
"