calculation_mode = "Quench Electrons"
cell_relax = "False"
charge_density_mixing = "0.1"
charge_mixing_type = "Broyden"
description = "Example parameters for high-throughput bulk relaxation of a vdW material"
dos_broading = "0.05"
dos_method = "Gaussian"
energy_convergence_criterion = "1e-10"
energy_output_units = "Hartrees"
kohn_sham_mucycles = "3"
kohn_sham_solver = "davidson"
kpoint_mesh = "1 1 1"
localize_projectors = "False"
max_md_steps = "100"
max_scf_steps = "200"
non_local_block_size = "4000"
potential_acceleration_constant_step = "1.5"
processor_grid = "6 6 18"
rms_convergence_criterion = "1e-08"
scalapack_block_factor = "64"
start_mode = "LCAO Start"
state_block_size = "64"
stress = "True"
subdiag_driver = "scalapack"
use_async_allreduce = "False"
vdw_corr = "DFT-D3"
vdwdf_kernel_filepath = "/lustre/orion/world-shared/cph162/rjmorelock/rmgdft/XC/vdW_kernel_table"
wavefunction_grid = "128 136 378"
write_data_period = "50"

atomic_coordinate_type = "Absolute"
crds_units = "Angstrom"
lattice_units = "Angstrom"

lattice_vector = "
1.509735502196e+01 0.000000000000e+00 9.000000000000e-16
1.191896450072e+00 1.582725992162e+01 1.000000000000e-15
0.000000000000e+00 0.000000000000e+00 4.446241589303e+01
"
atoms = "
Nb 9.530128157095e+00 1.122779654533e+01 1.532833092694e+01 1 1 1 0.0 0.0 0.0
Nb 1.270851868795e+01 9.851513073884e+00 1.532833092694e+01 1 1 1 0.0 0.0 0.0
Nb 3.570645911541e+00 1.053965480961e+01 1.532833092694e+01 1 1 1 0.0 0.0 0.0
Nb 6.749036442396e+00 9.163371338162e+00 1.532833092694e+01 1 1 1 0.0 0.0 0.0
Nb 9.927426973251e+00 7.787087866717e+00 1.532833092694e+01 1 1 1 0.0 0.0 0.0
Nb 1.310581750411e+01 6.410804395272e+00 1.532833092694e+01 1 1 1 0.0 0.0 0.0
Nb 7.895541968427e-01 8.475229602439e+00 1.532833092694e+01 1 1 1 0.0 0.0 0.0
Nb 3.967944727698e+00 7.098946130994e+00 1.532833092694e+01 1 1 1 0.0 0.0 0.0
Nb 7.146335258553e+00 5.722662659549e+00 1.532833092694e+01 1 1 1 0.0 0.0 0.0
Nb 1.032472578941e+01 4.346379188104e+00 1.532833092694e+01 1 1 1 0.0 0.0 0.0
Nb 1.350311632026e+01 2.970095716659e+00 1.532833092694e+01 1 1 1 0.0 0.0 0.0
Nb 1.186853012999e+00 5.034520923826e+00 1.532833092694e+01 1 1 1 0.0 0.0 0.0
Nb 4.365243543854e+00 3.658237452381e+00 1.532833092694e+01 1 1 1 0.0 0.0 0.0
Nb 7.543634074709e+00 2.281953980936e+00 1.532833092694e+01 1 1 1 0.0 0.0 0.0
Nb 1.072202460556e+01 9.056705094908e-01 1.532833092694e+01 1 1 1 0.0 0.0 0.0
Nb 1.509231158649e+01 1.535664695967e+01 1.532833092694e+01 1 1 1 0.0 0.0 0.0
Nb 1.584151829156e+00 1.593812245213e+00 1.532833092694e+01 1 1 1 0.0 0.0 0.0
Nb 4.762542360011e+00 2.175287737682e-01 1.532833092694e+01 1 1 1 0.0 0.0 0.0
Nb 9.132829340938e+00 1.466850522394e+01 1.532833092694e+01 1 1 1 0.0 0.0 0.0
Nb 1.231121987179e+01 1.329222175250e+01 1.532833092694e+01 1 1 1 0.0 0.0 0.0
Nb 3.173347095385e+00 1.398036348822e+01 1.532833092694e+01 1 1 1 0.0 0.0 0.0
Nb 6.351737626240e+00 1.260408001677e+01 1.532833092694e+01 1 1 1 0.0 0.0 0.0
Nb 1.548961040265e+01 1.191593828105e+01 1.532833092694e+01 1 1 1 0.0 0.0 0.0
Nb 9.527153368023e+00 1.121845313922e+01 9.182088683320e+00 1 1 1 0.0 0.0 0.0
Nb 1.270554389888e+01 9.842169667776e+00 9.182088683320e+00 1 1 1 0.0 0.0 0.0
Nb 3.567671122470e+00 1.053031140350e+01 9.182088683320e+00 1 1 1 0.0 0.0 0.0
Nb 6.746061653325e+00 9.154027932053e+00 9.182088683320e+00 1 1 1 0.0 0.0 0.0
Nb 9.924452184180e+00 7.777744460608e+00 9.182088683320e+00 1 1 1 0.0 0.0 0.0
Nb 1.310284271503e+01 6.401460989163e+00 9.182088683320e+00 1 1 1 0.0 0.0 0.0
Nb 7.865794077714e-01 8.465886196330e+00 9.182088683320e+00 1 1 1 0.0 0.0 0.0
Nb 3.964969938626e+00 7.089602724885e+00 9.182088683320e+00 1 1 1 0.0 0.0 0.0
Nb 7.143360469481e+00 5.713319253440e+00 9.182088683320e+00 1 1 1 0.0 0.0 0.0
Nb 1.032175100034e+01 4.337035781995e+00 9.182088683320e+00 1 1 1 0.0 0.0 0.0
Nb 1.350014153119e+01 2.960752310550e+00 9.182088683320e+00 1 1 1 0.0 0.0 0.0
Nb 1.183878223928e+00 5.025177517717e+00 9.182088683320e+00 1 1 1 0.0 0.0 0.0
Nb 4.362268754783e+00 3.648894046272e+00 9.182088683320e+00 1 1 1 0.0 0.0 0.0
Nb 7.540659285638e+00 2.272610574827e+00 9.182088683320e+00 1 1 1 0.0 0.0 0.0
Nb 1.071904981649e+01 8.963271033819e-01 9.182088683320e+00 1 1 1 0.0 0.0 0.0
Nb 1.508933679742e+01 1.534730355356e+01 9.182088683320e+00 1 1 1 0.0 0.0 0.0
Nb 1.581177040085e+00 1.584468839104e+00 9.182088683320e+00 1 1 1 0.0 0.0 0.0
Nb 4.759567570940e+00 2.081853676593e-01 9.182088683320e+00 1 1 1 0.0 0.0 0.0
Nb 9.129854551867e+00 1.465916181783e+01 9.182088683320e+00 1 1 1 0.0 0.0 0.0
Nb 1.230824508272e+01 1.328287834639e+01 9.182088683320e+00 1 1 1 0.0 0.0 0.0
Nb 3.170372306313e+00 1.397102008211e+01 9.182088683320e+00 1 1 1 0.0 0.0 0.0
Nb 6.348762837168e+00 1.259473661067e+01 9.182088683320e+00 1 1 1 0.0 0.0 0.0
Nb 1.548663561358e+01 1.190659487494e+01 9.182088683320e+00 1 1 1 0.0 0.0 0.0
Bi 1.521565458015e+00 1.535995190014e+01 3.532095071834e+01 1 1 1 0.0 0.0 0.0
Bi 6.276431204610e-01 3.489506958924e+00 3.532095071834e+01 1 1 1 0.0 0.0 0.0
Bi 9.256172329790e-01 7.446321939329e+00 3.532095071834e+01 1 1 1 0.0 0.0 0.0
Bi 1.223591345497e+00 1.140313691973e+01 3.532095071834e+01 1 1 1 0.0 0.0 0.0
Bi 4.252994819692e+00 1.511099468722e+00 3.532095071834e+01 1 1 1 0.0 0.0 0.0
Bi 4.550968932210e+00 5.467914449127e+00 3.532095071834e+01 1 1 1 0.0 0.0 0.0
Bi 4.848943044728e+00 9.424729429532e+00 3.532095071834e+01 1 1 1 0.0 0.0 0.0
Bi 5.146917157246e+00 1.338154440994e+01 3.532095071834e+01 1 1 1 0.0 0.0 0.0
Bi 9.070242968996e+00 1.535995190014e+01 3.532095071834e+01 1 1 1 0.0 0.0 0.0
Bi 8.176320631442e+00 3.489506958924e+00 3.532095071834e+01 1 1 1 0.0 0.0 0.0
Bi 8.474294743960e+00 7.446321939329e+00 3.532095071834e+01 1 1 1 0.0 0.0 0.0
Bi 8.772268856478e+00 1.140313691973e+01 3.532095071834e+01 1 1 1 0.0 0.0 0.0
Bi 1.180167233067e+01 1.511099468722e+00 3.532095071834e+01 1 1 1 0.0 0.0 0.0
Bi 1.209964644319e+01 5.467914449127e+00 3.532095071834e+01 1 1 1 0.0 0.0 0.0
Bi 1.239762055571e+01 9.424729429532e+00 3.532095071834e+01 1 1 1 0.0 0.0 0.0
Bi 1.269559466823e+01 1.338154440994e+01 3.532095071834e+01 1 1 1 0.0 0.0 0.0
Bi 2.595355916368e+00 1.339063735932e+01 3.133430771007e+01 1 1 1 0.0 0.0 0.0
Bi 1.701433578814e+00 1.520192418107e+00 3.133430771007e+01 1 1 1 0.0 0.0 0.0
Bi 1.999407691332e+00 5.477007398512e+00 3.133430771007e+01 1 1 1 0.0 0.0 0.0
Bi 2.297381803850e+00 9.433822378917e+00 3.133430771007e+01 1 1 1 0.0 0.0 0.0
Bi 6.518681728118e+00 1.536904484952e+01 3.133430771007e+01 1 1 1 0.0 0.0 0.0
Bi 5.624759390564e+00 3.498599908310e+00 3.133430771007e+01 1 1 1 0.0 0.0 0.0
Bi 5.922733503082e+00 7.455414888715e+00 3.133430771007e+01 1 1 1 0.0 0.0 0.0
Bi 6.220707615600e+00 1.141222986912e+01 3.133430771007e+01 1 1 1 0.0 0.0 0.0
Bi 1.014403342735e+01 1.339063735932e+01 3.133430771007e+01 1 1 1 0.0 0.0 0.0
Bi 9.250111089795e+00 1.520192418107e+00 3.133430771007e+01 1 1 1 0.0 0.0 0.0
Bi 9.548085202313e+00 5.477007398512e+00 3.133430771007e+01 1 1 1 0.0 0.0 0.0
Bi 9.846059314831e+00 9.433822378917e+00 3.133430771007e+01 1 1 1 0.0 0.0 0.0
Bi 1.406735923910e+01 1.536904484952e+01 3.133430771007e+01 1 1 1 0.0 0.0 0.0
Bi 1.317343690154e+01 3.498599908310e+00 3.133430771007e+01 1 1 1 0.0 0.0 0.0
Bi 1.347141101406e+01 7.455414888715e+00 3.133430771007e+01 1 1 1 0.0 0.0 0.0
Bi 1.376938512658e+01 1.141222986912e+01 3.133430771007e+01 1 1 1 0.0 0.0 0.0
Bi 2.541594185287e+00 1.334520605630e+01 2.529282906773e+01 1 1 1 0.0 0.0 0.0
Bi 1.647671847733e+00 1.474761115084e+00 2.529282906773e+01 1 1 1 0.0 0.0 0.0
Bi 1.945645960251e+00 5.431576095489e+00 2.529282906773e+01 1 1 1 0.0 0.0 0.0
Bi 2.243620072769e+00 9.388391075894e+00 2.529282906773e+01 1 1 1 0.0 0.0 0.0
Bi 6.464919997037e+00 1.532361354650e+01 2.529282906773e+01 1 1 1 0.0 0.0 0.0
Bi 5.570997659483e+00 3.453168605287e+00 2.529282906773e+01 1 1 1 0.0 0.0 0.0
Bi 5.868971772001e+00 7.409983585692e+00 2.529282906773e+01 1 1 1 0.0 0.0 0.0
Bi 6.166945884519e+00 1.136679856610e+01 2.529282906773e+01 1 1 1 0.0 0.0 0.0
Bi 1.009027169627e+01 1.334520605630e+01 2.529282906773e+01 1 1 1 0.0 0.0 0.0
Bi 9.196349358714e+00 1.474761115084e+00 2.529282906773e+01 1 1 1 0.0 0.0 0.0
Bi 9.494323471232e+00 5.431576095489e+00 2.529282906773e+01 1 1 1 0.0 0.0 0.0
Bi 9.792297583750e+00 9.388391075894e+00 2.529282906773e+01 1 1 1 0.0 0.0 0.0
Bi 1.401359750802e+01 1.532361354650e+01 2.529282906773e+01 1 1 1 0.0 0.0 0.0
Bi 1.311967517046e+01 3.453168605287e+00 2.529282906773e+01 1 1 1 0.0 0.0 0.0
Bi 1.341764928298e+01 7.409983585692e+00 2.529282906773e+01 1 1 1 0.0 0.0 0.0
Bi 1.371562339550e+01 1.136679856610e+01 2.529282906773e+01 1 1 1 0.0 0.0 0.0
Bi 1.421735685503e+01 1.491625026872e+00 2.132110864621e+01 1 1 1 0.0 0.0 0.0
Bi 1.451533096755e+01 5.448440007277e+00 2.132110864621e+01 1 1 1 0.0 0.0 0.0
Bi 1.481330508006e+01 9.405254987682e+00 2.132110864621e+01 1 1 1 0.0 0.0 0.0
Bi 1.511127919258e+01 1.336206996809e+01 2.132110864621e+01 1 1 1 0.0 0.0 0.0
Bi 3.043327644815e+00 3.470032517074e+00 2.132110864621e+01 1 1 1 0.0 0.0 0.0
Bi 3.341301757333e+00 7.426847497479e+00 2.132110864621e+01 1 1 1 0.0 0.0 0.0
Bi 3.639275869851e+00 1.138366247788e+01 2.132110864621e+01 1 1 1 0.0 0.0 0.0
Bi 3.937249982369e+00 1.534047745829e+01 2.132110864621e+01 1 1 1 0.0 0.0 0.0
Bi 6.668679344046e+00 1.491625026872e+00 2.132110864621e+01 1 1 1 0.0 0.0 0.0
Bi 6.966653456564e+00 5.448440007277e+00 2.132110864621e+01 1 1 1 0.0 0.0 0.0
Bi 7.264627569082e+00 9.405254987682e+00 2.132110864621e+01 1 1 1 0.0 0.0 0.0
Bi 7.562601681600e+00 1.336206996809e+01 2.132110864621e+01 1 1 1 0.0 0.0 0.0
Bi 1.059200515580e+01 3.470032517074e+00 2.132110864621e+01 1 1 1 0.0 0.0 0.0
Bi 1.088997926831e+01 7.426847497479e+00 2.132110864621e+01 1 1 1 0.0 0.0 0.0
Bi 1.118795338083e+01 1.138366247788e+01 2.132110864621e+01 1 1 1 0.0 0.0 0.0
Bi 1.148592749335e+01 1.534047745829e+01 2.132110864621e+01 1 1 1 0.0 0.0 0.0
Se 8.334713300378e+00 1.282396836174e+01 7.500000000000e+00 1 1 1 0.0 0.0 0.0
Se 1.151310383123e+01 1.144768489030e+01 7.500000000000e+00 1 1 1 0.0 0.0 0.0
Se 2.375231054824e+00 1.213582662602e+01 7.500000000000e+00 1 1 1 0.0 0.0 0.0
Se 5.553621585679e+00 1.075954315458e+01 7.500000000000e+00 1 1 1 0.0 0.0 0.0
Se 8.732012116534e+00 9.383259683130e+00 7.500000000000e+00 1 1 1 0.0 0.0 0.0
Se 1.191040264739e+01 8.006976211685e+00 7.500000000000e+00 1 1 1 0.0 0.0 0.0
Se 1.469149436209e+01 1.007140141885e+01 7.500000000000e+00 1 1 1 0.0 0.0 0.0
Se 2.772529870981e+00 8.695117947408e+00 7.500000000000e+00 1 1 1 0.0 0.0 0.0
Se 5.950920401836e+00 7.318834475962e+00 7.500000000000e+00 1 1 1 0.0 0.0 0.0
Se 9.129310932691e+00 5.942551004517e+00 7.500000000000e+00 1 1 1 0.0 0.0 0.0
Se 1.230770146355e+01 4.566267533072e+00 7.500000000000e+00 1 1 1 0.0 0.0 0.0
Se 1.508879317824e+01 6.630692740240e+00 7.500000000000e+00 1 1 1 0.0 0.0 0.0
Se 3.169828687138e+00 5.254409268795e+00 7.500000000000e+00 1 1 1 0.0 0.0 0.0
Se 6.348219217993e+00 3.878125797349e+00 7.500000000000e+00 1 1 1 0.0 0.0 0.0
Se 9.526609748848e+00 2.501842325904e+00 7.500000000000e+00 1 1 1 0.0 0.0 0.0
Se 1.270500027970e+01 1.125558854459e+00 7.500000000000e+00 1 1 1 0.0 0.0 0.0
Se 3.887369724391e-01 3.189984061627e+00 7.500000000000e+00 1 1 1 0.0 0.0 0.0
Se 3.567127503294e+00 1.813700590182e+00 7.500000000000e+00 1 1 1 0.0 0.0 0.0
Se 6.745518034149e+00 4.374171187364e-01 7.500000000000e+00 1 1 1 0.0 0.0 0.0
Se 1.111580501508e+01 1.488839356891e+01 7.500000000000e+00 1 1 1 0.0 0.0 0.0
Se 1.977932238668e+00 1.557653530463e+01 7.500000000000e+00 1 1 1 0.0 0.0 0.0
Se 5.156322769523e+00 1.420025183319e+01 7.500000000000e+00 1 1 1 0.0 0.0 0.0
Se 1.429419554593e+01 1.351211009747e+01 7.500000000000e+00 1 1 1 0.0 0.0 0.0
Se 1.032443700770e+01 1.306284217546e+01 1.364602824434e+01 1 1 1 0.0 0.0 0.0
Se 1.350282753855e+01 1.168655870402e+01 1.364602824434e+01 1 1 1 0.0 0.0 0.0
Se 4.364954762145e+00 1.237470043974e+01 1.364602824434e+01 1 1 1 0.0 0.0 0.0
Se 7.543345293000e+00 1.099841696830e+01 1.364602824434e+01 1 1 1 0.0 0.0 0.0
Se 1.072173582386e+01 9.622133496850e+00 1.364602824434e+01 1 1 1 0.0 0.0 0.0
Se 1.390012635471e+01 8.245850025405e+00 1.364602824434e+01 1 1 1 0.0 0.0 0.0
Se 1.583863047447e+00 1.031027523257e+01 1.364602824434e+01 1 1 1 0.0 0.0 0.0
Se 4.762253578302e+00 8.933991761128e+00 1.364602824434e+01 1 1 1 0.0 0.0 0.0
Se 7.940644109157e+00 7.557708289683e+00 1.364602824434e+01 1 1 1 0.0 0.0 0.0
Se 1.111903464001e+01 6.181424818237e+00 1.364602824434e+01 1 1 1 0.0 0.0 0.0
Se 1.429742517087e+01 4.805141346792e+00 1.364602824434e+01 1 1 1 0.0 0.0 0.0
Se 1.981161863603e+00 6.869566553960e+00 1.364602824434e+01 1 1 1 0.0 0.0 0.0
Se 5.159552394458e+00 5.493283082515e+00 1.364602824434e+01 1 1 1 0.0 0.0 0.0
Se 8.337942925313e+00 4.116999611070e+00 1.364602824434e+01 1 1 1 0.0 0.0 0.0
Se 1.151633345617e+01 2.740716139625e+00 1.364602824434e+01 1 1 1 0.0 0.0 0.0
Se 1.469472398702e+01 1.364432668179e+00 1.364602824434e+01 1 1 1 0.0 0.0 0.0
Se 2.378460679760e+00 3.428857875347e+00 1.364602824434e+01 1 1 1 0.0 0.0 0.0
Se 5.556851210615e+00 2.052574403902e+00 1.364602824434e+01 1 1 1 0.0 0.0 0.0
Se 8.735241741470e+00 6.762909324567e-01 1.364602824434e+01 1 1 1 0.0 0.0 0.0
Se 1.310552872240e+01 1.512726738263e+01 1.364602824434e+01 1 1 1 0.0 0.0 0.0
Se 3.967655945988e+00 1.581540911835e+01 1.364602824434e+01 1 1 1 0.0 0.0 0.0
Se 7.146046476843e+00 1.443912564691e+01 1.364602824434e+01 1 1 1 0.0 0.0 0.0
Se 1.186564231290e+00 1.375098391119e+01 1.364602824434e+01 1 1 1 0.0 0.0 0.0
Se 8.335405174950e+00 1.282479268145e+01 1.086443756309e+01 1 1 1 0.0 0.0 0.0
Se 1.151379570580e+01 1.144850921001e+01 1.086443756309e+01 1 1 1 0.0 0.0 0.0
Se 2.375922929396e+00 1.213665094573e+01 1.086443756309e+01 1 1 1 0.0 0.0 0.0
Se 5.554313460251e+00 1.076036747428e+01 1.086443756309e+01 1 1 1 0.0 0.0 0.0
Se 8.732703991106e+00 9.384084002839e+00 1.086443756309e+01 1 1 1 0.0 0.0 0.0
Se 1.191109452196e+01 8.007800531394e+00 1.086443756309e+01 1 1 1 0.0 0.0 0.0
Se 1.469218623666e+01 1.007222573856e+01 1.086443756309e+01 1 1 1 0.0 0.0 0.0
Se 2.773221745553e+00 8.695942267117e+00 1.086443756309e+01 1 1 1 0.0 0.0 0.0
Se 5.951612276408e+00 7.319658795672e+00 1.086443756309e+01 1 1 1 0.0 0.0 0.0
Se 9.130002807263e+00 5.943375324226e+00 1.086443756309e+01 1 1 1 0.0 0.0 0.0
Se 1.230839333812e+01 4.567091852781e+00 1.086443756309e+01 1 1 1 0.0 0.0 0.0
Se 1.508948505282e+01 6.631517059949e+00 1.086443756309e+01 1 1 1 0.0 0.0 0.0
Se 3.170520561709e+00 5.255233588504e+00 1.086443756309e+01 1 1 1 0.0 0.0 0.0
Se 6.348911092564e+00 3.878950117059e+00 1.086443756309e+01 1 1 1 0.0 0.0 0.0
Se 9.527301623419e+00 2.502666645614e+00 1.086443756309e+01 1 1 1 0.0 0.0 0.0
Se 1.270569215427e+01 1.126383174168e+00 1.086443756309e+01 1 1 1 0.0 0.0 0.0
Se 3.894288470110e-01 3.190808381336e+00 1.086443756309e+01 1 1 1 0.0 0.0 0.0
Se 3.567819377866e+00 1.814524909891e+00 1.086443756309e+01 1 1 1 0.0 0.0 0.0
Se 6.746209908721e+00 4.382414384457e-01 1.086443756309e+01 1 1 1 0.0 0.0 0.0
Se 1.111649688965e+01 1.488921788862e+01 1.086443756309e+01 1 1 1 0.0 0.0 0.0
Se 1.978624113240e+00 1.557735962434e+01 1.086443756309e+01 1 1 1 0.0 0.0 0.0
Se 5.157014644095e+00 1.420107615290e+01 1.086443756309e+01 1 1 1 0.0 0.0 0.0
Se 1.429488742050e+01 1.351293441718e+01 1.086443756309e+01 1 1 1 0.0 0.0 0.0
Se 1.032524462749e+01 1.306352557312e+01 1.701046802998e+01 1 1 1 0.0 0.0 0.0
Se 1.350363515835e+01 1.168724210167e+01 1.701046802998e+01 1 1 1 0.0 0.0 0.0
Se 4.365762381941e+00 1.237538383740e+01 1.701046802998e+01 1 1 1 0.0 0.0 0.0
Se 7.544152912796e+00 1.099910036595e+01 1.701046802998e+01 1 1 1 0.0 0.0 0.0
Se 1.072254344365e+01 9.622816894507e+00 1.701046802998e+01 1 1 1 0.0 0.0 0.0
Se 1.390093397451e+01 8.246533423062e+00 1.701046802998e+01 1 1 1 0.0 0.0 0.0
Se 1.584670667242e+00 1.031095863023e+01 1.701046802998e+01 1 1 1 0.0 0.0 0.0
Se 4.763061198097e+00 8.934675158784e+00 1.701046802998e+01 1 1 1 0.0 0.0 0.0
Se 7.941451728952e+00 7.558391687339e+00 1.701046802998e+01 1 1 1 0.0 0.0 0.0
Se 1.111984225981e+01 6.182108215894e+00 1.701046802998e+01 1 1 1 0.0 0.0 0.0
Se 1.429823279066e+01 4.805824744449e+00 1.701046802998e+01 1 1 1 0.0 0.0 0.0
Se 1.981969483399e+00 6.870249951616e+00 1.701046802998e+01 1 1 1 0.0 0.0 0.0
Se 5.160360014254e+00 5.493966480171e+00 1.701046802998e+01 1 1 1 0.0 0.0 0.0
Se 8.338750545109e+00 4.117683008726e+00 1.701046802998e+01 1 1 1 0.0 0.0 0.0
Se 1.151714107596e+01 2.741399537281e+00 1.701046802998e+01 1 1 1 0.0 0.0 0.0
Se 1.469553160682e+01 1.365116065836e+00 1.701046802998e+01 1 1 1 0.0 0.0 0.0
Se 2.379268299556e+00 3.429541273003e+00 1.701046802998e+01 1 1 1 0.0 0.0 0.0
Se 5.557658830411e+00 2.053257801558e+00 1.701046802998e+01 1 1 1 0.0 0.0 0.0
Se 8.736049361266e+00 6.769743301130e-01 1.701046802998e+01 1 1 1 0.0 0.0 0.0
Se 1.310633634219e+01 1.512795078029e+01 1.701046802998e+01 1 1 1 0.0 0.0 0.0
Se 3.968463565784e+00 1.581609251601e+01 1.701046802998e+01 1 1 1 0.0 0.0 0.0
Se 7.146854096639e+00 1.443980904456e+01 1.701046802998e+01 1 1 1 0.0 0.0 0.0
Se 1.187371851086e+00 1.375166730884e+01 1.701046802998e+01 1 1 1 0.0 0.0 0.0
Se 2.635797431534e+00 1.337138809687e+01 3.696241589303e+01 1 1 1 0.0 0.0 0.0
Se 1.741875093980e+00 1.500943155656e+00 3.696241589303e+01 1 1 1 0.0 0.0 0.0
Se 2.039849206498e+00 5.457758136061e+00 3.696241589303e+01 1 1 1 0.0 0.0 0.0
Se 2.337823319016e+00 9.414573116466e+00 3.696241589303e+01 1 1 1 0.0 0.0 0.0
Se 6.559123243284e+00 1.534979558707e+01 3.696241589303e+01 1 1 1 0.0 0.0 0.0
Se 5.665200905730e+00 3.479350645859e+00 3.696241589303e+01 1 1 1 0.0 0.0 0.0
Se 5.963175018248e+00 7.436165626264e+00 3.696241589303e+01 1 1 1 0.0 0.0 0.0
Se 6.261149130766e+00 1.139298060667e+01 3.696241589303e+01 1 1 1 0.0 0.0 0.0
Se 1.018447494252e+01 1.337138809687e+01 3.696241589303e+01 1 1 1 0.0 0.0 0.0
Se 9.290552604961e+00 1.500943155656e+00 3.696241589303e+01 1 1 1 0.0 0.0 0.0
Se 9.588526717479e+00 5.457758136061e+00 3.696241589303e+01 1 1 1 0.0 0.0 0.0
Se 9.886500829997e+00 9.414573116466e+00 3.696241589303e+01 1 1 1 0.0 0.0 0.0
Se 1.410780075426e+01 1.534979558707e+01 3.696241589303e+01 1 1 1 0.0 0.0 0.0
Se 1.321387841671e+01 3.479350645859e+00 3.696241589303e+01 1 1 1 0.0 0.0 0.0
Se 1.351185252923e+01 7.436165626264e+00 3.696241589303e+01 1 1 1 0.0 0.0 0.0
Se 1.380982664175e+01 1.139298060667e+01 3.696241589303e+01 1 1 1 0.0 0.0 0.0
Se 1.430042017437e+01 1.528455827818e+00 3.332483142763e+01 1 1 1 0.0 0.0 0.0
Se 1.459839428689e+01 5.485270808223e+00 3.332483142763e+01 1 1 1 0.0 0.0 0.0
Se 1.489636839941e+01 9.442085788627e+00 3.332483142763e+01 1 1 1 0.0 0.0 0.0
Se 1.519434251192e+01 1.339890076903e+01 3.332483142763e+01 1 1 1 0.0 0.0 0.0
Se 3.126390964157e+00 3.506863318020e+00 3.332483142763e+01 1 1 1 0.0 0.0 0.0
Se 3.424365076675e+00 7.463678298425e+00 3.332483142763e+01 1 1 1 0.0 0.0 0.0
Se 3.722339189193e+00 1.142049327883e+01 3.332483142763e+01 1 1 1 0.0 0.0 0.0
Se 4.020313301711e+00 1.537730825923e+01 3.332483142763e+01 1 1 1 0.0 0.0 0.0
Se 6.751742663389e+00 1.528455827818e+00 3.332483142763e+01 1 1 1 0.0 0.0 0.0
Se 7.049716775907e+00 5.485270808223e+00 3.332483142763e+01 1 1 1 0.0 0.0 0.0
Se 7.347690888425e+00 9.442085788627e+00 3.332483142763e+01 1 1 1 0.0 0.0 0.0
Se 7.645665000943e+00 1.339890076903e+01 3.332483142763e+01 1 1 1 0.0 0.0 0.0
Se 1.067506847514e+01 3.506863318020e+00 3.332483142763e+01 1 1 1 0.0 0.0 0.0
Se 1.097304258766e+01 7.463678298425e+00 3.332483142763e+01 1 1 1 0.0 0.0 0.0
Se 1.127101670017e+01 1.142049327883e+01 3.332483142763e+01 1 1 1 0.0 0.0 0.0
Se 1.156899081269e+01 1.537730825923e+01 3.332483142763e+01 1 1 1 0.0 0.0 0.0
Se 1.500175156954e+00 1.536526969483e+01 2.969131231352e+01 1 1 1 0.0 0.0 0.0
Se 6.062528193998e-01 3.494824753616e+00 2.969131231352e+01 1 1 1 0.0 0.0 0.0
Se 9.042269319177e-01 7.451639734020e+00 2.969131231352e+01 1 1 1 0.0 0.0 0.0
Se 1.202201044436e+00 1.140845471443e+01 2.969131231352e+01 1 1 1 0.0 0.0 0.0
Se 4.231604518631e+00 1.516417263413e+00 2.969131231352e+01 1 1 1 0.0 0.0 0.0
Se 4.529578631149e+00 5.473232243818e+00 2.969131231352e+01 1 1 1 0.0 0.0 0.0
Se 4.827552743667e+00 9.430047224223e+00 2.969131231352e+01 1 1 1 0.0 0.0 0.0
Se 5.125526856185e+00 1.338686220463e+01 2.969131231352e+01 1 1 1 0.0 0.0 0.0
Se 9.048852667935e+00 1.536526969483e+01 2.969131231352e+01 1 1 1 0.0 0.0 0.0
Se 8.154930330381e+00 3.494824753616e+00 2.969131231352e+01 1 1 1 0.0 0.0 0.0
Se 8.452904442899e+00 7.451639734020e+00 2.969131231352e+01 1 1 1 0.0 0.0 0.0
Se 8.750878555417e+00 1.140845471443e+01 2.969131231352e+01 1 1 1 0.0 0.0 0.0
Se 1.178028202961e+01 1.516417263413e+00 2.969131231352e+01 1 1 1 0.0 0.0 0.0
Se 1.207825614213e+01 5.473232243818e+00 2.969131231352e+01 1 1 1 0.0 0.0 0.0
Se 1.237623025465e+01 9.430047224223e+00 2.969131231352e+01 1 1 1 0.0 0.0 0.0
Se 1.267420436717e+01 1.338686220463e+01 2.969131231352e+01 1 1 1 0.0 0.0 0.0
Se 1.422051448918e+01 1.494534163971e+00 2.692457590224e+01 1 1 1 0.0 0.0 0.0
Se 1.451848860169e+01 5.451349144376e+00 2.692457590224e+01 1 1 1 0.0 0.0 0.0
Se 1.481646271421e+01 9.408164124780e+00 2.692457590224e+01 1 1 1 0.0 0.0 0.0
Se 1.511443682673e+01 1.336497910519e+01 2.692457590224e+01 1 1 1 0.0 0.0 0.0
Se 3.046485278964e+00 3.472941654173e+00 2.692457590224e+01 1 1 1 0.0 0.0 0.0
Se 3.344459391482e+00 7.429756634578e+00 2.692457590224e+01 1 1 1 0.0 0.0 0.0
Se 3.642433504000e+00 1.138657161498e+01 2.692457590224e+01 1 1 1 0.0 0.0 0.0
Se 3.940407616518e+00 1.534338659539e+01 2.692457590224e+01 1 1 1 0.0 0.0 0.0
Se 6.671836978195e+00 1.494534163971e+00 2.692457590224e+01 1 1 1 0.0 0.0 0.0
Se 6.969811090713e+00 5.451349144376e+00 2.692457590224e+01 1 1 1 0.0 0.0 0.0
Se 7.267785203231e+00 9.408164124780e+00 2.692457590224e+01 1 1 1 0.0 0.0 0.0
Se 7.565759315749e+00 1.336497910519e+01 2.692457590224e+01 1 1 1 0.0 0.0 0.0
Se 1.059516278994e+01 3.472941654173e+00 2.692457590224e+01 1 1 1 0.0 0.0 0.0
Se 1.089313690246e+01 7.429756634578e+00 2.692457590224e+01 1 1 1 0.0 0.0 0.0
Se 1.119111101498e+01 1.138657161498e+01 2.692457590224e+01 1 1 1 0.0 0.0 0.0
Se 1.148908512750e+01 1.534338659539e+01 2.692457590224e+01 1 1 1 0.0 0.0 0.0
Se 1.424210432250e+00 1.532469647109e+01 2.330671355540e+01 1 1 1 0.0 0.0 0.0
Se 5.302880946958e-01 3.454251529876e+00 2.330671355540e+01 1 1 1 0.0 0.0 0.0
Se 8.282622072138e-01 7.411066510281e+00 2.330671355540e+01 1 1 1 0.0 0.0 0.0
Se 1.126236319732e+00 1.136788149069e+01 2.330671355540e+01 1 1 1 0.0 0.0 0.0
Se 4.155639793927e+00 1.475844039673e+00 2.330671355540e+01 1 1 1 0.0 0.0 0.0
Se 4.453613906445e+00 5.432659020078e+00 2.330671355540e+01 1 1 1 0.0 0.0 0.0
Se 4.751588018963e+00 9.389474000483e+00 2.330671355540e+01 1 1 1 0.0 0.0 0.0
Se 5.049562131481e+00 1.334628898089e+01 2.330671355540e+01 1 1 1 0.0 0.0 0.0
Se 8.972887943231e+00 1.532469647109e+01 2.330671355540e+01 1 1 1 0.0 0.0 0.0
Se 8.078965605677e+00 3.454251529876e+00 2.330671355540e+01 1 1 1 0.0 0.0 0.0
Se 8.376939718195e+00 7.411066510281e+00 2.330671355540e+01 1 1 1 0.0 0.0 0.0
Se 8.674913830713e+00 1.136788149069e+01 2.330671355540e+01 1 1 1 0.0 0.0 0.0
Se 1.170431730491e+01 1.475844039673e+00 2.330671355540e+01 1 1 1 0.0 0.0 0.0
Se 1.200229141743e+01 5.432659020078e+00 2.330671355540e+01 1 1 1 0.0 0.0 0.0
Se 1.230026552994e+01 9.389474000483e+00 2.330671355540e+01 1 1 1 0.0 0.0 0.0
Se 1.259823964246e+01 1.334628898089e+01 2.330671355540e+01 1 1 1 0.0 0.0 0.0
Se 2.544631046550e+00 1.333863441163e+01 1.968357859229e+01 1 1 1 0.0 0.0 0.0
Se 1.650708708997e+00 1.468189470412e+00 1.968357859229e+01 1 1 1 0.0 0.0 0.0
Se 1.948682821515e+00 5.425004450817e+00 1.968357859229e+01 1 1 1 0.0 0.0 0.0
Se 2.246656934032e+00 9.381819431222e+00 1.968357859229e+01 1 1 1 0.0 0.0 0.0
Se 6.467956858300e+00 1.531704190183e+01 1.968357859229e+01 1 1 1 0.0 0.0 0.0
Se 5.574034520746e+00 3.446596960615e+00 1.968357859229e+01 1 1 1 0.0 0.0 0.0
Se 5.872008633264e+00 7.403411941020e+00 1.968357859229e+01 1 1 1 0.0 0.0 0.0
Se 6.169982745782e+00 1.136022692142e+01 1.968357859229e+01 1 1 1 0.0 0.0 0.0
Se 1.009330855753e+01 1.333863441163e+01 1.968357859229e+01 1 1 1 0.0 0.0 0.0
Se 9.199386219977e+00 1.468189470412e+00 1.968357859229e+01 1 1 1 0.0 0.0 0.0
Se 9.497360332495e+00 5.425004450817e+00 1.968357859229e+01 1 1 1 0.0 0.0 0.0
Se 9.795334445013e+00 9.381819431222e+00 1.968357859229e+01 1 1 1 0.0 0.0 0.0
Se 1.401663436928e+01 1.531704190183e+01 1.968357859229e+01 1 1 1 0.0 0.0 0.0
Se 1.312271203173e+01 3.446596960615e+00 1.968357859229e+01 1 1 1 0.0 0.0 0.0
Se 1.342068614424e+01 7.403411941020e+00 1.968357859229e+01 1 1 1 0.0 0.0 0.0
Se 1.371866025676e+01 1.136022692142e+01 1.968357859229e+01 1 1 1 0.0 0.0 0.0
"