calculation_mode = "Quench Electrons"
cell_relax = "False"
charge_density_mixing = "0.15"
charge_mixing_type = "Broyden"
description = "Example parameters for high-throughput bulk relaxation of a vdW material"
dipole_moment = "True"
dos_broading = "0.05"
dos_method = "Gaussian"
energy_convergence_criterion = "1e-08"
energy_output_units = "Hartrees"
kohn_sham_mucycles = "3"
kohn_sham_solver = "davidson"
kpoint_distribution = "1"
kpoint_mesh = "1 1 1"
localize_projectors = "False"
max_md_steps = "100"
max_scf_steps = "200"
non_local_block_size = "4000"
output_wave_function_file = "/dev/null"
potential_acceleration_constant_step = "1.5"
processor_grid = "5 16 14"
rms_convergence_criterion = "1e-08"
scalapack_block_factor = "64"
start_mode = "LCAO Start"
state_block_size = "64"
stress = "True"
subdiag_driver = "scalapack"
test_energy_tolerance = "1e-05"
use_async_allreduce = "False"
vdw_corr = "DFT-D3"
vdwdf_kernel_filepath = "/lustre/orion/world-shared/cph162/rjmorelock/rmgdft/XC/vdW_kernel_table"
wavefunction_grid = "128 434 426"
write_data_period = "50"

atomic_coordinate_type = "Absolute"
crds_units = "Angstrom"
lattice_units = "Angstrom"

lattice_vector = "
1.509735502215e+01 0.000000000000e+00 9.000000000000e-16
3.178390528603e+00 5.092248844283e+01 3.100000000000e-15
0.000000000000e+00 0.000000000000e+00 4.998930533072e+01
"
atoms = "
Nb 1.050257608978e+01 2.622017532346e+00 1.782833092694e+01 1 1 1 0.0 0.0 0.0
Nb 1.328366780429e+01 4.686442739488e+00 1.782833092694e+01 1 1 1 0.0 0.0 0.0
Nb 4.543093844225e+00 1.933875796632e+00 1.782833092694e+01 1 1 1 0.0 0.0 0.0
Nb 7.324185558736e+00 3.998301003774e+00 1.782833092694e+01 1 1 1 0.0 0.0 0.0
Nb 1.010527727325e+01 6.062726210915e+00 1.782833092694e+01 1 1 1 0.0 0.0 0.0
Nb 1.288636898776e+01 8.127151418057e+00 1.782833092694e+01 1 1 1 0.0 0.0 0.0
Nb 1.368096662082e+01 1.245734060918e+00 1.782833092694e+01 1 1 1 0.0 0.0 0.0
Nb 1.364703313181e+00 3.310159268060e+00 1.782833092694e+01 1 1 1 0.0 0.0 0.0
Nb 4.145795027692e+00 5.374584475202e+00 1.782833092694e+01 1 1 1 0.0 0.0 0.0
Nb 6.926886742203e+00 7.439009682343e+00 1.782833092694e+01 1 1 1 0.0 0.0 0.0
Nb 9.707978456713e+00 9.503434889485e+00 1.782833092694e+01 1 1 1 0.0 0.0 0.0
Nb 1.248907017122e+01 1.156786009663e+01 1.782833092694e+01 1 1 1 0.0 0.0 0.0
Nb 9.674044966482e-01 6.750867946629e+00 1.782833092694e+01 1 1 1 0.0 0.0 0.0
Nb 3.748496211159e+00 8.815293153771e+00 1.782833092694e+01 1 1 1 0.0 0.0 0.0
Nb 6.529587925670e+00 1.087971836091e+01 1.782833092694e+01 1 1 1 0.0 0.0 0.0
Nb 9.310679640180e+00 1.294414356805e+01 1.782833092694e+01 1 1 1 0.0 0.0 0.0
Nb 1.209177135469e+01 1.500856877520e+01 1.782833092694e+01 1 1 1 0.0 0.0 0.0
Nb 1.566746070227e+01 1.019157662520e+01 1.782833092694e+01 1 1 1 0.0 0.0 0.0
Nb 3.351197394626e+00 1.225600183234e+01 1.782833092694e+01 1 1 1 0.0 0.0 0.0
Nb 6.132289109137e+00 1.432042703948e+01 1.782833092694e+01 1 1 1 0.0 0.0 0.0
Nb 8.913380823647e+00 1.638485224662e+01 1.782833092694e+01 1 1 1 0.0 0.0 0.0
Nb 1.169447253816e+01 1.844927745377e+01 1.782833092694e+01 1 1 1 0.0 0.0 0.0
Nb 1.447556425267e+01 2.051370266091e+01 1.782833092694e+01 1 1 1 0.0 0.0 0.0
Nb 1.527016188573e+01 1.363228530377e+01 1.782833092694e+01 1 1 1 0.0 0.0 0.0
Nb 2.953898578093e+00 1.569671051091e+01 1.782833092694e+01 1 1 1 0.0 0.0 0.0
Nb 5.734990292604e+00 1.776113571805e+01 1.782833092694e+01 1 1 1 0.0 0.0 0.0
Nb 8.516082007114e+00 1.982556092519e+01 1.782833092694e+01 1 1 1 0.0 0.0 0.0
Nb 1.129717372162e+01 2.188998613234e+01 1.782833092694e+01 1 1 1 0.0 0.0 0.0
Nb 1.407826543614e+01 2.395441133948e+01 1.782833092694e+01 1 1 1 0.0 0.0 0.0
Nb 1.487286306920e+01 1.707299398234e+01 1.782833092694e+01 1 1 1 0.0 0.0 0.0
Nb 2.556599761560e+00 1.913741918948e+01 1.782833092694e+01 1 1 1 0.0 0.0 0.0
Nb 5.337691476070e+00 2.120184439662e+01 1.782833092694e+01 1 1 1 0.0 0.0 0.0
Nb 8.118783190581e+00 2.326626960376e+01 1.782833092694e+01 1 1 1 0.0 0.0 0.0
Nb 1.089987490509e+01 2.533069481090e+01 1.782833092694e+01 1 1 1 0.0 0.0 0.0
Nb 1.368096661960e+01 2.739512001805e+01 1.782833092694e+01 1 1 1 0.0 0.0 0.0
Nb 2.159300945027e+00 2.257812786805e+01 1.782833092694e+01 1 1 1 0.0 0.0 0.0
Nb 4.940392659537e+00 2.464255307519e+01 1.782833092694e+01 1 1 1 0.0 0.0 0.0
Nb 7.721484374048e+00 2.670697828233e+01 1.782833092694e+01 1 1 1 0.0 0.0 0.0
Nb 1.050257608856e+01 2.877140348947e+01 1.782833092694e+01 1 1 1 0.0 0.0 0.0
Nb 1.328366780307e+01 3.083582869662e+01 1.782833092694e+01 1 1 1 0.0 0.0 0.0
Nb 1.762002128494e+00 2.601883654662e+01 1.782833092694e+01 1 1 1 0.0 0.0 0.0
Nb 4.543093843004e+00 2.808326175376e+01 1.782833092694e+01 1 1 1 0.0 0.0 0.0
Nb 7.324185557515e+00 3.014768696090e+01 1.782833092694e+01 1 1 1 0.0 0.0 0.0
Nb 1.010527727203e+01 3.221211216804e+01 1.782833092694e+01 1 1 1 0.0 0.0 0.0
Nb 1.288636898654e+01 3.427653737519e+01 1.782833092694e+01 1 1 1 0.0 0.0 0.0
Nb 1.566746070105e+01 3.634096258233e+01 1.782833092694e+01 1 1 1 0.0 0.0 0.0
Nb 1.646205833411e+01 2.945954522519e+01 1.782833092694e+01 1 1 1 0.0 0.0 0.0
Nb 4.145795026471e+00 3.152397043233e+01 1.782833092694e+01 1 1 1 0.0 0.0 0.0
Nb 6.926886740982e+00 3.358839563947e+01 1.782833092694e+01 1 1 1 0.0 0.0 0.0
Nb 9.707978455493e+00 3.565282084661e+01 1.782833092694e+01 1 1 1 0.0 0.0 0.0
Nb 1.248907017000e+01 3.771724605375e+01 1.782833092694e+01 1 1 1 0.0 0.0 0.0
Nb 1.527016188451e+01 3.978167126090e+01 1.782833092694e+01 1 1 1 0.0 0.0 0.0
Nb 1.606475951758e+01 3.290025390376e+01 1.782833092694e+01 1 1 1 0.0 0.0 0.0
Nb 3.748496209938e+00 3.496467911090e+01 1.782833092694e+01 1 1 1 0.0 0.0 0.0
Nb 6.529587924449e+00 3.702910431804e+01 1.782833092694e+01 1 1 1 0.0 0.0 0.0
Nb 9.310679638960e+00 3.909352952518e+01 1.782833092694e+01 1 1 1 0.0 0.0 0.0
Nb 1.209177135347e+01 4.115795473232e+01 1.782833092694e+01 1 1 1 0.0 0.0 0.0
Nb 1.487286306798e+01 4.322237993947e+01 1.782833092694e+01 1 1 1 0.0 0.0 0.0
Nb 3.351197393405e+00 3.840538778947e+01 1.782833092694e+01 1 1 1 0.0 0.0 0.0
Nb 6.132289107916e+00 4.046981299661e+01 1.782833092694e+01 1 1 1 0.0 0.0 0.0
Nb 8.913380822427e+00 4.253423820375e+01 1.782833092694e+01 1 1 1 0.0 0.0 0.0
Nb 1.169447253694e+01 4.459866341089e+01 1.782833092694e+01 1 1 1 0.0 0.0 0.0
Nb 1.447556425145e+01 4.666308861804e+01 1.782833092694e+01 1 1 1 0.0 0.0 0.0
Nb 2.953898576872e+00 4.184609646804e+01 1.782833092694e+01 1 1 1 0.0 0.0 0.0
Nb 5.734990291383e+00 4.391052167518e+01 1.782833092694e+01 1 1 1 0.0 0.0 0.0
Nb 8.516082005894e+00 4.597494688232e+01 1.782833092694e+01 1 1 1 0.0 0.0 0.0
Nb 1.129717372040e+01 4.803937208946e+01 1.782833092694e+01 1 1 1 0.0 0.0 0.0
Nb 1.407826543491e+01 5.010379729661e+01 1.782833092694e+01 1 1 1 0.0 0.0 0.0
Nb 1.765395478249e+01 4.528680514661e+01 1.782833092694e+01 1 1 1 0.0 0.0 0.0
Nb 5.337691474850e+00 4.735123035375e+01 1.782833092694e+01 1 1 1 0.0 0.0 0.0
Nb 8.118783189361e+00 4.941565556089e+01 1.782833092694e+01 1 1 1 0.0 0.0 0.0
Nb 7.721484375269e+00 5.575923252042e-01 1.782833092694e+01 1 1 1 0.0 0.0 0.0
Nb 1.725665596596e+01 4.872751382518e+01 1.782833092694e+01 1 1 1 0.0 0.0 0.0
Nb 4.940392658317e+00 5.079193903232e+01 1.782833092694e+01 1 1 1 0.0 0.0 0.0
Nb 1.049755020909e+01 2.630437100687e+00 1.168208868332e+01 1 1 1 0.0 0.0 0.0
Nb 1.327864192360e+01 4.694862307829e+00 1.168208868332e+01 1 1 1 0.0 0.0 0.0
Nb 4.538067963538e+00 1.942295364973e+00 1.168208868332e+01 1 1 1 0.0 0.0 0.0
Nb 7.319159678048e+00 4.006720572115e+00 1.168208868332e+01 1 1 1 0.0 0.0 0.0
Nb 1.010025139256e+01 6.071145779257e+00 1.168208868332e+01 1 1 1 0.0 0.0 0.0
Nb 1.288134310707e+01 8.135570986398e+00 1.168208868332e+01 1 1 1 0.0 0.0 0.0
Nb 1.367594074014e+01 1.254153629259e+00 1.168208868332e+01 1 1 1 0.0 0.0 0.0
Nb 1.359677432494e+00 3.318578836401e+00 1.168208868332e+01 1 1 1 0.0 0.0 0.0
Nb 4.140769147005e+00 5.383004043543e+00 1.168208868332e+01 1 1 1 0.0 0.0 0.0
Nb 6.921860861515e+00 7.447429250684e+00 1.168208868332e+01 1 1 1 0.0 0.0 0.0
Nb 9.702952576026e+00 9.511854457826e+00 1.168208868332e+01 1 1 1 0.0 0.0 0.0
Nb 1.248404429054e+01 1.157627966497e+01 1.168208868332e+01 1 1 1 0.0 0.0 0.0
Nb 9.623786159609e-01 6.759287514970e+00 1.168208868332e+01 1 1 1 0.0 0.0 0.0
Nb 3.743470330472e+00 8.823712722112e+00 1.168208868332e+01 1 1 1 0.0 0.0 0.0
Nb 6.524562044982e+00 1.088813792925e+01 1.168208868332e+01 1 1 1 0.0 0.0 0.0
Nb 9.305653759493e+00 1.295256313640e+01 1.168208868332e+01 1 1 1 0.0 0.0 0.0
Nb 1.208674547400e+01 1.501698834354e+01 1.168208868332e+01 1 1 1 0.0 0.0 0.0
Nb 1.566243482158e+01 1.019999619354e+01 1.168208868332e+01 1 1 1 0.0 0.0 0.0
Nb 3.346171513939e+00 1.226442140068e+01 1.168208868332e+01 1 1 1 0.0 0.0 0.0
Nb 6.127263228449e+00 1.432884660782e+01 1.168208868332e+01 1 1 1 0.0 0.0 0.0
Nb 8.908354942960e+00 1.639327181497e+01 1.168208868332e+01 1 1 1 0.0 0.0 0.0
Nb 1.168944665747e+01 1.845769702211e+01 1.168208868332e+01 1 1 1 0.0 0.0 0.0
Nb 1.447053837198e+01 2.052212222925e+01 1.168208868332e+01 1 1 1 0.0 0.0 0.0
Nb 1.526513600505e+01 1.364070487211e+01 1.168208868332e+01 1 1 1 0.0 0.0 0.0
Nb 2.948872697405e+00 1.570513007925e+01 1.168208868332e+01 1 1 1 0.0 0.0 0.0
Nb 5.729964411916e+00 1.776955528639e+01 1.168208868332e+01 1 1 1 0.0 0.0 0.0
Nb 8.511056126427e+00 1.983398049353e+01 1.168208868332e+01 1 1 1 0.0 0.0 0.0
Nb 1.129214784094e+01 2.189840570068e+01 1.168208868332e+01 1 1 1 0.0 0.0 0.0
Nb 1.407323955545e+01 2.396283090782e+01 1.168208868332e+01 1 1 1 0.0 0.0 0.0
Nb 1.486783718851e+01 1.708141355068e+01 1.168208868332e+01 1 1 1 0.0 0.0 0.0
Nb 2.551573880872e+00 1.914583875782e+01 1.168208868332e+01 1 1 1 0.0 0.0 0.0
Nb 5.332665595383e+00 2.121026396496e+01 1.168208868332e+01 1 1 1 0.0 0.0 0.0
Nb 8.113757309894e+00 2.327468917210e+01 1.168208868332e+01 1 1 1 0.0 0.0 0.0
Nb 1.089484902440e+01 2.533911437925e+01 1.168208868332e+01 1 1 1 0.0 0.0 0.0
Nb 1.367594073892e+01 2.740353958639e+01 1.168208868332e+01 1 1 1 0.0 0.0 0.0
Nb 2.154275064339e+00 2.258654743639e+01 1.168208868332e+01 1 1 1 0.0 0.0 0.0
Nb 4.935366778850e+00 2.465097264353e+01 1.168208868332e+01 1 1 1 0.0 0.0 0.0
Nb 7.716458493361e+00 2.671539785067e+01 1.168208868332e+01 1 1 1 0.0 0.0 0.0
Nb 1.049755020787e+01 2.877982305782e+01 1.168208868332e+01 1 1 1 0.0 0.0 0.0
Nb 1.327864192238e+01 3.084424826496e+01 1.168208868332e+01 1 1 1 0.0 0.0 0.0
Nb 1.756976247806e+00 2.602725611496e+01 1.168208868332e+01 1 1 1 0.0 0.0 0.0
Nb 4.538067962317e+00 2.809168132210e+01 1.168208868332e+01 1 1 1 0.0 0.0 0.0
Nb 7.319159676828e+00 3.015610652924e+01 1.168208868332e+01 1 1 1 0.0 0.0 0.0
Nb 1.010025139134e+01 3.222053173638e+01 1.168208868332e+01 1 1 1 0.0 0.0 0.0
Nb 1.288134310585e+01 3.428495694353e+01 1.168208868332e+01 1 1 1 0.0 0.0 0.0
Nb 1.566243482036e+01 3.634938215067e+01 1.168208868332e+01 1 1 1 0.0 0.0 0.0
Nb 1.645703245343e+01 2.946796479353e+01 1.168208868332e+01 1 1 1 0.0 0.0 0.0
Nb 4.140769145784e+00 3.153239000067e+01 1.168208868332e+01 1 1 1 0.0 0.0 0.0
Nb 6.921860860295e+00 3.359681520781e+01 1.168208868332e+01 1 1 1 0.0 0.0 0.0
Nb 9.702952574805e+00 3.566124041495e+01 1.168208868332e+01 1 1 1 0.0 0.0 0.0
Nb 1.248404428932e+01 3.772566562210e+01 1.168208868332e+01 1 1 1 0.0 0.0 0.0
Nb 1.526513600383e+01 3.979009082924e+01 1.168208868332e+01 1 1 1 0.0 0.0 0.0
Nb 1.605973363689e+01 3.290867347210e+01 1.168208868332e+01 1 1 1 0.0 0.0 0.0
Nb 3.743470329251e+00 3.497309867924e+01 1.168208868332e+01 1 1 1 0.0 0.0 0.0
Nb 6.524562043762e+00 3.703752388638e+01 1.168208868332e+01 1 1 1 0.0 0.0 0.0
Nb 9.305653758272e+00 3.910194909352e+01 1.168208868332e+01 1 1 1 0.0 0.0 0.0
Nb 1.208674547278e+01 4.116637430067e+01 1.168208868332e+01 1 1 1 0.0 0.0 0.0
Nb 1.486783718729e+01 4.323079950781e+01 1.168208868332e+01 1 1 1 0.0 0.0 0.0
Nb 3.346171512718e+00 3.841380735781e+01 1.168208868332e+01 1 1 1 0.0 0.0 0.0
Nb 6.127263227229e+00 4.047823256495e+01 1.168208868332e+01 1 1 1 0.0 0.0 0.0
Nb 8.908354941739e+00 4.254265777209e+01 1.168208868332e+01 1 1 1 0.0 0.0 0.0
Nb 1.168944665625e+01 4.460708297924e+01 1.168208868332e+01 1 1 1 0.0 0.0 0.0
Nb 1.447053837076e+01 4.667150818638e+01 1.168208868332e+01 1 1 1 0.0 0.0 0.0
Nb 2.948872696185e+00 4.185451603638e+01 1.168208868332e+01 1 1 1 0.0 0.0 0.0
Nb 5.729964410696e+00 4.391894124352e+01 1.168208868332e+01 1 1 1 0.0 0.0 0.0
Nb 8.511056125206e+00 4.598336645066e+01 1.168208868332e+01 1 1 1 0.0 0.0 0.0
Nb 1.129214783972e+01 4.804779165780e+01 1.168208868332e+01 1 1 1 0.0 0.0 0.0
Nb 1.407323955423e+01 5.011221686495e+01 1.168208868332e+01 1 1 1 0.0 0.0 0.0
Nb 1.764892890180e+01 4.529522471495e+01 1.168208868332e+01 1 1 1 0.0 0.0 0.0
Nb 5.332665594163e+00 4.735964992209e+01 1.168208868332e+01 1 1 1 0.0 0.0 0.0
Nb 8.113757308673e+00 4.942407512923e+01 1.168208868332e+01 1 1 1 0.0 0.0 0.0
Nb 7.716458494581e+00 5.660118935454e-01 1.168208868332e+01 1 1 1 0.0 0.0 0.0
Nb 1.725163008527e+01 4.873593339352e+01 1.168208868332e+01 1 1 1 0.0 0.0 0.0
Nb 4.935366777629e+00 5.080035860066e+01 1.168208868332e+01 1 1 1 0.0 0.0 0.0
Bi 1.648680139102e+00 8.706783193009e-01 3.834784015603e+01 1 1 1 0.0 0.0 0.0
Bi 4.499883409400e+00 3.866118815938e+00 3.834784015603e+01 1 1 1 0.0 0.0 0.0
Bi 8.581933993351e+00 2.867638650392e+00 3.834784015603e+01 1 1 1 0.0 0.0 0.0
Bi 1.266398457730e+01 1.869158484847e+00 3.834784015603e+01 1 1 1 0.0 0.0 0.0
Bi 3.269036095746e+00 7.860039478121e+00 3.834784015603e+01 1 1 1 0.0 0.0 0.0
Bi 7.351086679697e+00 6.861559312575e+00 3.834784015603e+01 1 1 1 0.0 0.0 0.0
Bi 1.143313726365e+01 5.863079147029e+00 3.834784015603e+01 1 1 1 0.0 0.0 0.0
Bi 4.178328254481e-01 4.864598981484e+00 3.834784015603e+01 1 1 1 0.0 0.0 0.0
Bi 6.120239366043e+00 1.085547997476e+01 3.834784015603e+01 1 1 1 0.0 0.0 0.0
Bi 1.020228995000e+01 9.856999809212e+00 3.834784015603e+01 1 1 1 0.0 0.0 0.0
Bi 1.428434053395e+01 8.858519643666e+00 3.834784015603e+01 1 1 1 0.0 0.0 0.0
Bi 4.889392052389e+00 1.484940063694e+01 3.834784015603e+01 1 1 1 0.0 0.0 0.0
Bi 8.971442636341e+00 1.385092047139e+01 3.834784015603e+01 1 1 1 0.0 0.0 0.0
Bi 1.305349322029e+01 1.285244030585e+01 3.834784015603e+01 1 1 1 0.0 0.0 0.0
Bi 2.038188782092e+00 1.185396014030e+01 3.834784015603e+01 1 1 1 0.0 0.0 0.0
Bi 3.658544738735e+00 1.884332129912e+01 3.834784015603e+01 1 1 1 0.0 0.0 0.0
Bi 7.740595322687e+00 1.784484113358e+01 3.834784015603e+01 1 1 1 0.0 0.0 0.0
Bi 1.182264590664e+01 1.684636096803e+01 3.834784015603e+01 1 1 1 0.0 0.0 0.0
Bi 1.590469649059e+01 1.584788080249e+01 3.834784015603e+01 1 1 1 0.0 0.0 0.0
Bi 6.509748009033e+00 2.183876179576e+01 3.834784015603e+01 1 1 1 0.0 0.0 0.0
Bi 1.059179859298e+01 2.084028163021e+01 3.834784015603e+01 1 1 1 0.0 0.0 0.0
Bi 1.467384917694e+01 1.984180146467e+01 3.834784015603e+01 1 1 1 0.0 0.0 0.0
Bi 5.278900695379e+00 2.583268245794e+01 3.834784015603e+01 1 1 1 0.0 0.0 0.0
Bi 9.360951279331e+00 2.483420229240e+01 3.834784015603e+01 1 1 1 0.0 0.0 0.0
Bi 1.344300186328e+01 2.383572212685e+01 3.834784015603e+01 1 1 1 0.0 0.0 0.0
Bi 2.427697425082e+00 2.283724196131e+01 3.834784015603e+01 1 1 1 0.0 0.0 0.0
Bi 4.048053381725e+00 2.982660312013e+01 3.834784015603e+01 1 1 1 0.0 0.0 0.0
Bi 8.130103965677e+00 2.882812295458e+01 3.834784015603e+01 1 1 1 0.0 0.0 0.0
Bi 1.221215454963e+01 2.782964278903e+01 3.834784015603e+01 1 1 1 0.0 0.0 0.0
Bi 1.629420513358e+01 2.683116262349e+01 3.834784015603e+01 1 1 1 0.0 0.0 0.0
Bi 6.899256652023e+00 3.282204361676e+01 3.834784015603e+01 1 1 1 0.0 0.0 0.0
Bi 1.098130723597e+01 3.182356345122e+01 3.834784015603e+01 1 1 1 0.0 0.0 0.0
Bi 1.506335781993e+01 3.082508328567e+01 3.834784015603e+01 1 1 1 0.0 0.0 0.0
Bi 5.668409338369e+00 3.681596427894e+01 3.834784015603e+01 1 1 1 0.0 0.0 0.0
Bi 9.750459922321e+00 3.581748411340e+01 3.834784015603e+01 1 1 1 0.0 0.0 0.0
Bi 1.383251050627e+01 3.481900394785e+01 3.834784015603e+01 1 1 1 0.0 0.0 0.0
Bi 2.817206068071e+00 3.382052378231e+01 3.834784015603e+01 1 1 1 0.0 0.0 0.0
Bi 4.437562024715e+00 4.080988494113e+01 3.834784015603e+01 1 1 1 0.0 0.0 0.0
Bi 8.519612608667e+00 3.981140477558e+01 3.834784015603e+01 1 1 1 0.0 0.0 0.0
Bi 1.260166319262e+01 3.881292461004e+01 3.834784015603e+01 1 1 1 0.0 0.0 0.0
Bi 1.668371377657e+01 3.781444444449e+01 3.834784015603e+01 1 1 1 0.0 0.0 0.0
Bi 7.288765295013e+00 4.380532543776e+01 3.834784015603e+01 1 1 1 0.0 0.0 0.0
Bi 1.137081587896e+01 4.280684527222e+01 3.834784015603e+01 1 1 1 0.0 0.0 0.0
Bi 1.545286646292e+01 4.180836510667e+01 3.834784015603e+01 1 1 1 0.0 0.0 0.0
Bi 6.057917981359e+00 4.779924609995e+01 3.834784015603e+01 1 1 1 0.0 0.0 0.0
Bi 1.013996856531e+01 4.680076593440e+01 3.834784015603e+01 1 1 1 0.0 0.0 0.0
Bi 1.422201914926e+01 4.580228576886e+01 3.834784015603e+01 1 1 1 0.0 0.0 0.0
Bi 3.206714711061e+00 4.480380560331e+01 3.834784015603e+01 1 1 1 0.0 0.0 0.0
Bi 8.909121251656e+00 5.079468659658e+01 3.834784015603e+01 1 1 1 0.0 0.0 0.0
Bi 1.299117183561e+01 4.979620643104e+01 3.834784015603e+01 1 1 1 0.0 0.0 0.0
Bi 1.707322241956e+01 4.879772626549e+01 3.834784015603e+01 1 1 1 0.0 0.0 0.0
Bi 4.288600880095e+00 4.942773389166e+01 3.436119714775e+01 1 1 1 0.0 0.0 0.0
Bi 3.961413621790e+00 1.500685945472e+00 3.436119714775e+01 1 1 1 0.0 0.0 0.0
Bi 8.043464205742e+00 5.022057799260e-01 3.436119714775e+01 1 1 1 0.0 0.0 0.0
Bi 1.530390531830e+01 5.042621405721e+01 3.436119714775e+01 1 1 1 0.0 0.0 0.0
Bi 2.730566308136e+00 5.494606607654e+00 3.436119714775e+01 1 1 1 0.0 0.0 0.0
Bi 6.812616892088e+00 4.496126442109e+00 3.436119714775e+01 1 1 1 0.0 0.0 0.0
Bi 1.089466747604e+01 3.497646276563e+00 3.436119714775e+01 1 1 1 0.0 0.0 0.0
Bi 1.497671805999e+01 2.499166111017e+00 3.436119714775e+01 1 1 1 0.0 0.0 0.0
Bi 5.581769578434e+00 8.490047104291e+00 3.436119714775e+01 1 1 1 0.0 0.0 0.0
Bi 9.663820162386e+00 7.491566938746e+00 3.436119714775e+01 1 1 1 0.0 0.0 0.0
Bi 1.374587074634e+01 6.493086773200e+00 3.436119714775e+01 1 1 1 0.0 0.0 0.0
Bi 4.350922264780e+00 1.248396776647e+01 3.436119714775e+01 1 1 1 0.0 0.0 0.0
Bi 8.432972848732e+00 1.148548760093e+01 3.436119714775e+01 1 1 1 0.0 0.0 0.0
Bi 1.251502343268e+01 1.048700743538e+01 3.436119714775e+01 1 1 1 0.0 0.0 0.0
Bi 1.499718994482e+00 9.488527269837e+00 3.436119714775e+01 1 1 1 0.0 0.0 0.0
Bi 3.120074951126e+00 1.647788842866e+01 3.436119714775e+01 1 1 1 0.0 0.0 0.0
Bi 7.202125535078e+00 1.547940826311e+01 3.436119714775e+01 1 1 1 0.0 0.0 0.0
Bi 1.128417611903e+01 1.448092809757e+01 3.436119714775e+01 1 1 1 0.0 0.0 0.0
Bi 1.536622670298e+01 1.348244793202e+01 3.436119714775e+01 1 1 1 0.0 0.0 0.0
Bi 5.971278221424e+00 1.947332892529e+01 3.436119714775e+01 1 1 1 0.0 0.0 0.0
Bi 1.005332880538e+01 1.847484875975e+01 3.436119714775e+01 1 1 1 0.0 0.0 0.0
Bi 1.413537938933e+01 1.747636859420e+01 3.436119714775e+01 1 1 1 0.0 0.0 0.0
Bi 4.740430907770e+00 2.346724958748e+01 3.436119714775e+01 1 1 1 0.0 0.0 0.0
Bi 8.822481491721e+00 2.246876942193e+01 3.436119714775e+01 1 1 1 0.0 0.0 0.0
Bi 1.290453207567e+01 2.147028925638e+01 3.436119714775e+01 1 1 1 0.0 0.0 0.0
Bi 1.889227637472e+00 2.047180909084e+01 3.436119714775e+01 1 1 1 0.0 0.0 0.0
Bi 3.509583594116e+00 2.746117024966e+01 3.436119714775e+01 1 1 1 0.0 0.0 0.0
Bi 7.591634178067e+00 2.646269008411e+01 3.436119714775e+01 1 1 1 0.0 0.0 0.0
Bi 1.167368476202e+01 2.546420991857e+01 3.436119714775e+01 1 1 1 0.0 0.0 0.0
Bi 1.575573534597e+01 2.446572975302e+01 3.436119714775e+01 1 1 1 0.0 0.0 0.0
Bi 6.360786864413e+00 3.045661074630e+01 3.436119714775e+01 1 1 1 0.0 0.0 0.0
Bi 1.044283744837e+01 2.945813058075e+01 3.436119714775e+01 1 1 1 0.0 0.0 0.0
Bi 1.452488803232e+01 2.845965041520e+01 3.436119714775e+01 1 1 1 0.0 0.0 0.0
Bi 5.129939550759e+00 3.445053140848e+01 3.436119714775e+01 1 1 1 0.0 0.0 0.0
Bi 9.211990134711e+00 3.345205124293e+01 3.436119714775e+01 1 1 1 0.0 0.0 0.0
Bi 1.329404071866e+01 3.245357107739e+01 3.436119714775e+01 1 1 1 0.0 0.0 0.0
Bi 2.278736280462e+00 3.145509091184e+01 3.436119714775e+01 1 1 1 0.0 0.0 0.0
Bi 3.899092237105e+00 3.844445207066e+01 3.436119714775e+01 1 1 1 0.0 0.0 0.0
Bi 7.981142821057e+00 3.744597190512e+01 3.436119714775e+01 1 1 1 0.0 0.0 0.0
Bi 1.206319340501e+01 3.644749173957e+01 3.436119714775e+01 1 1 1 0.0 0.0 0.0
Bi 1.614524398896e+01 3.544901157402e+01 3.436119714775e+01 1 1 1 0.0 0.0 0.0
Bi 6.750295507403e+00 4.143989256730e+01 3.436119714775e+01 1 1 1 0.0 0.0 0.0
Bi 1.083234609135e+01 4.044141240175e+01 3.436119714775e+01 1 1 1 0.0 0.0 0.0
Bi 1.491439667531e+01 3.944293223621e+01 3.436119714775e+01 1 1 1 0.0 0.0 0.0
Bi 5.519448193749e+00 4.543381322948e+01 3.436119714775e+01 1 1 1 0.0 0.0 0.0
Bi 9.601498777701e+00 4.443533306393e+01 3.436119714775e+01 1 1 1 0.0 0.0 0.0
Bi 1.368354936165e+01 4.343685289839e+01 3.436119714775e+01 1 1 1 0.0 0.0 0.0
Bi 2.668244923451e+00 4.243837273284e+01 3.436119714775e+01 1 1 1 0.0 0.0 0.0
Bi 8.370651464047e+00 4.842925372612e+01 3.436119714775e+01 1 1 1 0.0 0.0 0.0
Bi 1.245270204800e+01 4.743077356057e+01 3.436119714775e+01 1 1 1 0.0 0.0 0.0
Bi 1.653475263195e+01 4.643229339503e+01 3.436119714775e+01 1 1 1 0.0 0.0 0.0
Bi 4.230925854176e+00 4.939258772792e+01 2.831971850542e+01 1 1 1 0.0 0.0 0.0
Bi 3.903738595872e+00 1.465539781728e+00 2.831971850542e+01 1 1 1 0.0 0.0 0.0
Bi 7.985789179823e+00 4.670596161824e-01 2.831971850542e+01 1 1 1 0.0 0.0 0.0
Bi 1.524623029238e+01 5.039106789347e+01 2.831971850542e+01 1 1 1 0.0 0.0 0.0
Bi 2.672891282218e+00 5.459460443911e+00 2.831971850542e+01 1 1 1 0.0 0.0 0.0
Bi 6.754941866169e+00 4.460980278365e+00 2.831971850542e+01 1 1 1 0.0 0.0 0.0
Bi 1.083699245012e+01 3.462500112819e+00 2.831971850542e+01 1 1 1 0.0 0.0 0.0
Bi 1.491904303407e+01 2.464019947274e+00 2.831971850542e+01 1 1 1 0.0 0.0 0.0
Bi 5.524094552515e+00 8.454900940548e+00 2.831971850542e+01 1 1 1 0.0 0.0 0.0
Bi 9.606145136467e+00 7.456420775002e+00 2.831971850542e+01 1 1 1 0.0 0.0 0.0
Bi 1.368819572042e+01 6.457940609456e+00 2.831971850542e+01 1 1 1 0.0 0.0 0.0
Bi 4.293247238861e+00 1.244882160273e+01 2.831971850542e+01 1 1 1 0.0 0.0 0.0
Bi 8.375297822813e+00 1.145034143718e+01 2.831971850542e+01 1 1 1 0.0 0.0 0.0
Bi 1.245734840676e+01 1.045186127164e+01 2.831971850542e+01 1 1 1 0.0 0.0 0.0
Bi 1.442043968564e+00 9.453381106093e+00 2.831971850542e+01 1 1 1 0.0 0.0 0.0
Bi 3.062399925207e+00 1.644274226491e+01 2.831971850542e+01 1 1 1 0.0 0.0 0.0
Bi 7.144450509159e+00 1.544426209937e+01 2.831971850542e+01 1 1 1 0.0 0.0 0.0
Bi 1.122650109311e+01 1.444578193382e+01 2.831971850542e+01 1 1 1 0.0 0.0 0.0
Bi 1.530855167706e+01 1.344730176828e+01 2.831971850542e+01 1 1 1 0.0 0.0 0.0
Bi 5.913603195505e+00 1.943818276155e+01 2.831971850542e+01 1 1 1 0.0 0.0 0.0
Bi 9.995653779457e+00 1.843970259600e+01 2.831971850542e+01 1 1 1 0.0 0.0 0.0
Bi 1.407770436341e+01 1.744122243046e+01 2.831971850542e+01 1 1 1 0.0 0.0 0.0
Bi 4.682755881851e+00 2.343210342373e+01 2.831971850542e+01 1 1 1 0.0 0.0 0.0
Bi 8.764806465803e+00 2.243362325819e+01 2.831971850542e+01 1 1 1 0.0 0.0 0.0
Bi 1.284685704975e+01 2.143514309264e+01 2.831971850542e+01 1 1 1 0.0 0.0 0.0
Bi 1.831552611553e+00 2.043666292710e+01 2.831971850542e+01 1 1 1 0.0 0.0 0.0
Bi 3.451908568197e+00 2.742602408592e+01 2.831971850542e+01 1 1 1 0.0 0.0 0.0
Bi 7.533959152149e+00 2.642754392037e+01 2.831971850542e+01 1 1 1 0.0 0.0 0.0
Bi 1.161600973610e+01 2.542906375482e+01 2.831971850542e+01 1 1 1 0.0 0.0 0.0
Bi 1.569806032005e+01 2.443058358928e+01 2.831971850542e+01 1 1 1 0.0 0.0 0.0
Bi 6.303111838495e+00 3.042146458255e+01 2.831971850542e+01 1 1 1 0.0 0.0 0.0
Bi 1.038516242245e+01 2.942298441701e+01 2.831971850542e+01 1 1 1 0.0 0.0 0.0
Bi 1.446721300640e+01 2.842450425146e+01 2.831971850542e+01 1 1 1 0.0 0.0 0.0
Bi 5.072264524841e+00 3.441538524473e+01 2.831971850542e+01 1 1 1 0.0 0.0 0.0
Bi 9.154315108792e+00 3.341690507919e+01 2.831971850542e+01 1 1 1 0.0 0.0 0.0
Bi 1.323636569274e+01 3.241842491364e+01 2.831971850542e+01 1 1 1 0.0 0.0 0.0
Bi 2.221061254543e+00 3.141994474810e+01 2.831971850542e+01 1 1 1 0.0 0.0 0.0
Bi 3.841417211187e+00 3.840930590692e+01 2.831971850542e+01 1 1 1 0.0 0.0 0.0
Bi 7.923467795138e+00 3.741082574137e+01 2.831971850542e+01 1 1 1 0.0 0.0 0.0
Bi 1.200551837909e+01 3.641234557583e+01 2.831971850542e+01 1 1 1 0.0 0.0 0.0
Bi 1.608756896304e+01 3.541386541028e+01 2.831971850542e+01 1 1 1 0.0 0.0 0.0
Bi 6.692620481484e+00 4.140474640355e+01 2.831971850542e+01 1 1 1 0.0 0.0 0.0
Bi 1.077467106544e+01 4.040626623801e+01 2.831971850542e+01 1 1 1 0.0 0.0 0.0
Bi 1.485672164939e+01 3.940778607246e+01 2.831971850542e+01 1 1 1 0.0 0.0 0.0
Bi 5.461773167830e+00 4.539866706574e+01 2.831971850542e+01 1 1 1 0.0 0.0 0.0
Bi 9.543823751782e+00 4.440018690019e+01 2.831971850542e+01 1 1 1 0.0 0.0 0.0
Bi 1.362587433573e+01 4.340170673465e+01 2.831971850542e+01 1 1 1 0.0 0.0 0.0
Bi 1.770792491969e+01 4.240322656910e+01 2.831971850542e+01 1 1 1 0.0 0.0 0.0
Bi 8.312976438128e+00 4.839410756237e+01 2.831971850542e+01 1 1 1 0.0 0.0 0.0
Bi 1.239502702208e+01 4.739562739683e+01 2.831971850542e+01 1 1 1 0.0 0.0 0.0
Bi 1.647707760603e+01 4.639714723128e+01 2.831971850542e+01 1 1 1 0.0 0.0 0.0
Bi 1.439359290195e+01 1.182052889198e-01 2.434799808390e+01 1 1 1 0.0 0.0 0.0
Bi 2.147441150092e+00 3.113645785557e+00 2.434799808390e+01 1 1 1 0.0 0.0 0.0
Bi 6.229491734044e+00 2.115165620011e+00 2.434799808390e+01 1 1 1 0.0 0.0 0.0
Bi 1.031154231800e+01 1.116685454465e+00 2.434799808390e+01 1 1 1 0.0 0.0 0.0
Bi 9.165938364380e-01 7.107566447739e+00 2.434799808390e+01 1 1 1 0.0 0.0 0.0
Bi 4.998644420390e+00 6.109086282194e+00 2.434799808390e+01 1 1 1 0.0 0.0 0.0
Bi 9.080695004341e+00 5.110606116648e+00 2.434799808390e+01 1 1 1 0.0 0.0 0.0
Bi 1.316274558829e+01 4.112125951102e+00 2.434799808390e+01 1 1 1 0.0 0.0 0.0
Bi 3.767797106736e+00 1.010300694438e+01 2.434799808390e+01 1 1 1 0.0 0.0 0.0
Bi 7.849847690687e+00 9.104526778831e+00 2.434799808390e+01 1 1 1 0.0 0.0 0.0
Bi 1.193189827464e+01 8.106046613285e+00 2.434799808390e+01 1 1 1 0.0 0.0 0.0
Bi 2.536949793082e+00 1.409692760656e+01 2.434799808390e+01 1 1 1 0.0 0.0 0.0
Bi 6.619000377033e+00 1.309844744101e+01 2.434799808390e+01 1 1 1 0.0 0.0 0.0
Bi 1.070105096098e+01 1.209996727547e+01 2.434799808390e+01 1 1 1 0.0 0.0 0.0
Bi 1.478310154494e+01 1.110148710992e+01 2.434799808390e+01 1 1 1 0.0 0.0 0.0
Bi 1.306102479428e+00 1.809084826874e+01 2.434799808390e+01 1 1 1 0.0 0.0 0.0
Bi 5.388153063379e+00 1.709236810320e+01 2.434799808390e+01 1 1 1 0.0 0.0 0.0
Bi 9.470203647331e+00 1.609388793765e+01 2.434799808390e+01 1 1 1 0.0 0.0 0.0
Bi 1.355225423128e+01 1.509540777210e+01 2.434799808390e+01 1 1 1 0.0 0.0 0.0
Bi 4.157305749725e+00 2.108628876538e+01 2.434799808390e+01 1 1 1 0.0 0.0 0.0
Bi 8.239356333677e+00 2.008780859983e+01 2.434799808390e+01 1 1 1 0.0 0.0 0.0
Bi 1.232140691763e+01 1.908932843429e+01 2.434799808390e+01 1 1 1 0.0 0.0 0.0
Bi 2.926458436071e+00 2.508020942756e+01 2.434799808390e+01 1 1 1 0.0 0.0 0.0
Bi 7.008509020023e+00 2.408172926202e+01 2.434799808390e+01 1 1 1 0.0 0.0 0.0
Bi 1.109055960397e+01 2.308324909647e+01 2.434799808390e+01 1 1 1 0.0 0.0 0.0
Bi 1.517261018793e+01 2.208476893092e+01 2.434799808390e+01 1 1 1 0.0 0.0 0.0
Bi 1.679296614457e+01 2.907413008974e+01 2.434799808390e+01 1 1 1 0.0 0.0 0.0
Bi 5.777661706369e+00 2.807564992420e+01 2.434799808390e+01 1 1 1 0.0 0.0 0.0
Bi 9.859712290321e+00 2.707716975865e+01 2.434799808390e+01 1 1 1 0.0 0.0 0.0
Bi 1.394176287427e+01 2.607868959311e+01 2.434799808390e+01 1 1 1 0.0 0.0 0.0
Bi 4.546814392715e+00 3.206957058638e+01 2.434799808390e+01 1 1 1 0.0 0.0 0.0
Bi 8.628864976667e+00 3.107109042084e+01 2.434799808390e+01 1 1 1 0.0 0.0 0.0
Bi 1.271091556062e+01 3.007261025529e+01 2.434799808390e+01 1 1 1 0.0 0.0 0.0
Bi 3.315967079061e+00 3.606349124856e+01 2.434799808390e+01 1 1 1 0.0 0.0 0.0
Bi 7.398017663013e+00 3.506501108302e+01 2.434799808390e+01 1 1 1 0.0 0.0 0.0
Bi 1.148006824696e+01 3.406653091747e+01 2.434799808390e+01 1 1 1 0.0 0.0 0.0
Bi 1.556211883092e+01 3.306805075193e+01 2.434799808390e+01 1 1 1 0.0 0.0 0.0
Bi 1.718247478756e+01 4.005741191075e+01 2.434799808390e+01 1 1 1 0.0 0.0 0.0
Bi 6.167170349359e+00 3.905893174520e+01 2.434799808390e+01 1 1 1 0.0 0.0 0.0
Bi 1.024922093331e+01 3.806045157965e+01 2.434799808390e+01 1 1 1 0.0 0.0 0.0
Bi 1.433127151726e+01 3.706197141411e+01 2.434799808390e+01 1 1 1 0.0 0.0 0.0
Bi 4.936323035705e+00 4.305285240738e+01 2.434799808390e+01 1 1 1 0.0 0.0 0.0
Bi 9.018373619656e+00 4.205437224184e+01 2.434799808390e+01 1 1 1 0.0 0.0 0.0
Bi 1.310042420361e+01 4.105589207629e+01 2.434799808390e+01 1 1 1 0.0 0.0 0.0
Bi 3.705475722051e+00 4.704677306957e+01 2.434799808390e+01 1 1 1 0.0 0.0 0.0
Bi 7.787526306002e+00 4.604829290402e+01 2.434799808390e+01 1 1 1 0.0 0.0 0.0
Bi 1.186957688995e+01 4.504981273847e+01 2.434799808390e+01 1 1 1 0.0 0.0 0.0
Bi 1.595162747391e+01 4.405133257293e+01 2.434799808390e+01 1 1 1 0.0 0.0 0.0
Bi 6.556678992349e+00 5.004221356620e+01 2.434799808390e+01 1 1 1 0.0 0.0 0.0
Bi 1.063872957630e+01 4.904373340066e+01 2.434799808390e+01 1 1 1 0.0 0.0 0.0
Bi 1.472078016025e+01 4.804525323511e+01 2.434799808390e+01 1 1 1 0.0 0.0 0.0
Se 9.702389345547e+00 7.954134916392e-01 1.000000000000e+01 1 1 1 0.0 0.0 0.0
Se 1.248348106006e+01 2.859838698781e+00 1.000000000000e+01 1 1 1 0.0 0.0 0.0
Se 3.742907099992e+00 1.072717559253e-01 1.000000000000e+01 1 1 1 0.0 0.0 0.0
Se 6.523998814503e+00 2.171696963067e+00 1.000000000000e+01 1 1 1 0.0 0.0 0.0
Se 9.305090529014e+00 4.236122170209e+00 1.000000000000e+01 1 1 1 0.0 0.0 0.0
Se 1.208618224352e+01 6.300547377350e+00 1.000000000000e+01 1 1 1 0.0 0.0 0.0
Se 1.605917040519e+01 5.034161846304e+01 1.000000000000e+01 1 1 1 0.0 0.0 0.0
Se 5.645165689486e-01 1.483555227353e+00 1.000000000000e+01 1 1 1 0.0 0.0 0.0
Se 3.345608283459e+00 3.547980434495e+00 1.000000000000e+01 1 1 1 0.0 0.0 0.0
Se 6.126699997970e+00 5.612405641637e+00 1.000000000000e+01 1 1 1 0.0 0.0 0.0
Se 8.907791712481e+00 7.676830848778e+00 1.000000000000e+01 1 1 1 0.0 0.0 0.0
Se 1.168888342699e+01 9.741256055920e+00 1.000000000000e+01 1 1 1 0.0 0.0 0.0
Se 1.526457277457e+01 4.924263905923e+00 1.000000000000e+01 1 1 1 0.0 0.0 0.0
Se 2.948309466926e+00 6.988689113064e+00 1.000000000000e+01 1 1 1 0.0 0.0 0.0
Se 5.729401181437e+00 9.053114320206e+00 1.000000000000e+01 1 1 1 0.0 0.0 0.0
Se 8.510492895948e+00 1.111753952735e+01 1.000000000000e+01 1 1 1 0.0 0.0 0.0
Se 1.129158461046e+01 1.318196473449e+01 1.000000000000e+01 1 1 1 0.0 0.0 0.0
Se 1.486727395804e+01 8.364972584492e+00 1.000000000000e+01 1 1 1 0.0 0.0 0.0
Se 2.551010650393e+00 1.042939779163e+01 1.000000000000e+01 1 1 1 0.0 0.0 0.0
Se 5.332102364904e+00 1.249382299878e+01 1.000000000000e+01 1 1 1 0.0 0.0 0.0
Se 8.113194079415e+00 1.455824820592e+01 1.000000000000e+01 1 1 1 0.0 0.0 0.0
Se 1.089428579393e+01 1.662267341306e+01 1.000000000000e+01 1 1 1 0.0 0.0 0.0
Se 1.367537750844e+01 1.868709862020e+01 1.000000000000e+01 1 1 1 0.0 0.0 0.0
Se 1.446997514150e+01 1.180568126306e+01 1.000000000000e+01 1 1 1 0.0 0.0 0.0
Se 2.153711833860e+00 1.387010647020e+01 1.000000000000e+01 1 1 1 0.0 0.0 0.0
Se 4.934803548371e+00 1.593453167735e+01 1.000000000000e+01 1 1 1 0.0 0.0 0.0
Se 7.715895262882e+00 1.799895688449e+01 1.000000000000e+01 1 1 1 0.0 0.0 0.0
Se 1.049698697739e+01 2.006338209163e+01 1.000000000000e+01 1 1 1 0.0 0.0 0.0
Se 1.327807869190e+01 2.212780729877e+01 1.000000000000e+01 1 1 1 0.0 0.0 0.0
Se 1.407267632497e+01 1.524638994163e+01 1.000000000000e+01 1 1 1 0.0 0.0 0.0
Se 1.756413017327e+00 1.731081514877e+01 1.000000000000e+01 1 1 1 0.0 0.0 0.0
Se 4.537504731838e+00 1.937524035591e+01 1.000000000000e+01 1 1 1 0.0 0.0 0.0
Se 7.318596446348e+00 2.143966556306e+01 1.000000000000e+01 1 1 1 0.0 0.0 0.0
Se 1.009968816086e+01 2.350409077020e+01 1.000000000000e+01 1 1 1 0.0 0.0 0.0
Se 1.288077987537e+01 2.556851597734e+01 1.000000000000e+01 1 1 1 0.0 0.0 0.0
Se 1.359114200794e+00 2.075152382734e+01 1.000000000000e+01 1 1 1 0.0 0.0 0.0
Se 4.140205915305e+00 2.281594903448e+01 1.000000000000e+01 1 1 1 0.0 0.0 0.0
Se 6.921297629815e+00 2.488037424163e+01 1.000000000000e+01 1 1 1 0.0 0.0 0.0
Se 9.702389344326e+00 2.694479944877e+01 1.000000000000e+01 1 1 1 0.0 0.0 0.0
Se 1.248348105884e+01 2.900922465591e+01 1.000000000000e+01 1 1 1 0.0 0.0 0.0
Se 1.605917040641e+01 2.419223250591e+01 1.000000000000e+01 1 1 1 0.0 0.0 0.0
Se 3.742907098772e+00 2.625665771305e+01 1.000000000000e+01 1 1 1 0.0 0.0 0.0
Se 6.523998813282e+00 2.832108292020e+01 1.000000000000e+01 1 1 1 0.0 0.0 0.0
Se 9.305090527793e+00 3.038550812734e+01 1.000000000000e+01 1 1 1 0.0 0.0 0.0
Se 1.208618224230e+01 3.244993333448e+01 1.000000000000e+01 1 1 1 0.0 0.0 0.0
Se 1.486727395681e+01 3.451435854162e+01 1.000000000000e+01 1 1 1 0.0 0.0 0.0
Se 1.566187158988e+01 2.763294118448e+01 1.000000000000e+01 1 1 1 0.0 0.0 0.0
Se 3.345608282239e+00 2.969736639162e+01 1.000000000000e+01 1 1 1 0.0 0.0 0.0
Se 6.126699996749e+00 3.176179159876e+01 1.000000000000e+01 1 1 1 0.0 0.0 0.0
Se 8.907791711260e+00 3.382621680591e+01 1.000000000000e+01 1 1 1 0.0 0.0 0.0
Se 1.168888342577e+01 3.589064201305e+01 1.000000000000e+01 1 1 1 0.0 0.0 0.0
Se 1.446997514028e+01 3.795506722019e+01 1.000000000000e+01 1 1 1 0.0 0.0 0.0
Se 1.526457277335e+01 3.107364986305e+01 1.000000000000e+01 1 1 1 0.0 0.0 0.0
Se 2.948309465706e+00 3.313807507019e+01 1.000000000000e+01 1 1 1 0.0 0.0 0.0
Se 5.729401180216e+00 3.520250027733e+01 1.000000000000e+01 1 1 1 0.0 0.0 0.0
Se 8.510492894727e+00 3.726692548448e+01 1.000000000000e+01 1 1 1 0.0 0.0 0.0
Se 1.129158460924e+01 3.933135069162e+01 1.000000000000e+01 1 1 1 0.0 0.0 0.0
Se 1.407267632375e+01 4.139577589876e+01 1.000000000000e+01 1 1 1 0.0 0.0 0.0
Se 2.551010649173e+00 3.657878374876e+01 1.000000000000e+01 1 1 1 0.0 0.0 0.0
Se 5.332102363683e+00 3.864320895590e+01 1.000000000000e+01 1 1 1 0.0 0.0 0.0
Se 8.113194078194e+00 4.070763416305e+01 1.000000000000e+01 1 1 1 0.0 0.0 0.0
Se 1.089428579270e+01 4.277205937019e+01 1.000000000000e+01 1 1 1 0.0 0.0 0.0
Se 1.367537750722e+01 4.483648457733e+01 1.000000000000e+01 1 1 1 0.0 0.0 0.0
Se 1.725106685479e+01 4.001949242733e+01 1.000000000000e+01 1 1 1 0.0 0.0 0.0
Se 4.934803547150e+00 4.208391763447e+01 1.000000000000e+01 1 1 1 0.0 0.0 0.0
Se 7.715895261661e+00 4.414834284161e+01 1.000000000000e+01 1 1 1 0.0 0.0 0.0
Se 1.049698697617e+01 4.621276804876e+01 1.000000000000e+01 1 1 1 0.0 0.0 0.0
Se 1.327807869068e+01 4.827719325590e+01 1.000000000000e+01 1 1 1 0.0 0.0 0.0
Se 1.685376803826e+01 4.346020110590e+01 1.000000000000e+01 1 1 1 0.0 0.0 0.0
Se 4.537504730617e+00 4.552462631304e+01 1.000000000000e+01 1 1 1 0.0 0.0 0.0
Se 7.318596445128e+00 4.758905152018e+01 1.000000000000e+01 1 1 1 0.0 0.0 0.0
Se 1.009968815964e+01 4.965347672733e+01 1.000000000000e+01 1 1 1 0.0 0.0 0.0
Se 1.645646922173e+01 4.690090978447e+01 1.000000000000e+01 1 1 1 0.0 0.0 0.0
Se 4.140205914084e+00 4.896533499161e+01 1.000000000000e+01 1 1 1 0.0 0.0 0.0
Se 1.169419158451e+01 1.016286693279e+00 1.614602824434e+01 1 1 1 0.0 0.0 0.0
Se 1.447528329902e+01 3.080711900421e+00 1.614602824434e+01 1 1 1 0.0 0.0 0.0
Se 5.734709338959e+00 3.281449575651e-01 1.614602824434e+01 1 1 1 0.0 0.0 0.0
Se 8.515801053470e+00 2.392570164707e+00 1.614602824434e+01 1 1 1 0.0 0.0 0.0
Se 1.129689276798e+01 4.456995371849e+00 1.614602824434e+01 1 1 1 0.0 0.0 0.0
Se 1.407798448249e+01 6.521420578990e+00 1.614602824434e+01 1 1 1 0.0 0.0 0.0
Se 1.805097264416e+01 5.056249166468e+01 1.614602824434e+01 1 1 1 0.0 0.0 0.0
Se 2.556318807915e+00 1.704428428993e+00 1.614602824434e+01 1 1 1 0.0 0.0 0.0
Se 5.337410522426e+00 3.768853636135e+00 1.614602824434e+01 1 1 1 0.0 0.0 0.0
Se 8.118502236937e+00 5.833278843276e+00 1.614602824434e+01 1 1 1 0.0 0.0 0.0
Se 1.089959395145e+01 7.897704050418e+00 1.614602824434e+01 1 1 1 0.0 0.0 0.0
Se 1.368068566596e+01 9.962129257560e+00 1.614602824434e+01 1 1 1 0.0 0.0 0.0
Se 2.159019991382e+00 5.145137107562e+00 1.614602824434e+01 1 1 1 0.0 0.0 0.0
Se 4.940111705893e+00 7.209562314704e+00 1.614602824434e+01 1 1 1 0.0 0.0 0.0
Se 7.721203420404e+00 9.273987521846e+00 1.614602824434e+01 1 1 1 0.0 0.0 0.0
Se 1.050229513491e+01 1.133841272899e+01 1.614602824434e+01 1 1 1 0.0 0.0 0.0
Se 1.328338684943e+01 1.340283793613e+01 1.614602824434e+01 1 1 1 0.0 0.0 0.0
Se 1.761721174849e+00 8.585845786132e+00 1.614602824434e+01 1 1 1 0.0 0.0 0.0
Se 4.542812889360e+00 1.065027099327e+01 1.614602824434e+01 1 1 1 0.0 0.0 0.0
Se 7.323904603871e+00 1.271469620042e+01 1.614602824434e+01 1 1 1 0.0 0.0 0.0
Se 1.010499631838e+01 1.477912140756e+01 1.614602824434e+01 1 1 1 0.0 0.0 0.0
Se 1.288608803289e+01 1.684354661470e+01 1.614602824434e+01 1 1 1 0.0 0.0 0.0
Se 1.566717974740e+01 1.890797182184e+01 1.614602824434e+01 1 1 1 0.0 0.0 0.0
Se 1.364422358316e+00 1.202655446470e+01 1.614602824434e+01 1 1 1 0.0 0.0 0.0
Se 4.145514072827e+00 1.409097967184e+01 1.614602824434e+01 1 1 1 0.0 0.0 0.0
Se 6.926605787338e+00 1.615540487898e+01 1.614602824434e+01 1 1 1 0.0 0.0 0.0
Se 9.707697501848e+00 1.821983008613e+01 1.614602824434e+01 1 1 1 0.0 0.0 0.0
Se 1.248878921636e+01 2.028425529327e+01 1.614602824434e+01 1 1 1 0.0 0.0 0.0
Se 1.526988093087e+01 2.234868050041e+01 1.614602824434e+01 1 1 1 0.0 0.0 0.0
Se 9.671235417832e-01 1.546726314327e+01 1.614602824434e+01 1 1 1 0.0 0.0 0.0
Se 3.748215256294e+00 1.753168835041e+01 1.614602824434e+01 1 1 1 0.0 0.0 0.0
Se 6.529306970805e+00 1.959611355755e+01 1.614602824434e+01 1 1 1 0.0 0.0 0.0
Se 9.310398685315e+00 2.166053876470e+01 1.614602824434e+01 1 1 1 0.0 0.0 0.0
Se 1.209149039983e+01 2.372496397184e+01 1.614602824434e+01 1 1 1 0.0 0.0 0.0
Se 1.487258211434e+01 2.578938917898e+01 1.614602824434e+01 1 1 1 0.0 0.0 0.0
Se 3.350916439761e+00 2.097239702898e+01 1.614602824434e+01 1 1 1 0.0 0.0 0.0
Se 6.132008154271e+00 2.303682223612e+01 1.614602824434e+01 1 1 1 0.0 0.0 0.0
Se 8.913099868782e+00 2.510124744327e+01 1.614602824434e+01 1 1 1 0.0 0.0 0.0
Se 1.169419158329e+01 2.716567265041e+01 1.614602824434e+01 1 1 1 0.0 0.0 0.0
Se 1.447528329780e+01 2.923009785755e+01 1.614602824434e+01 1 1 1 0.0 0.0 0.0
Se 2.953617623228e+00 2.441310570755e+01 1.614602824434e+01 1 1 1 0.0 0.0 0.0
Se 5.734709337738e+00 2.647753091469e+01 1.614602824434e+01 1 1 1 0.0 0.0 0.0
Se 8.515801052249e+00 2.854195612184e+01 1.614602824434e+01 1 1 1 0.0 0.0 0.0
Se 1.129689276676e+01 3.060638132898e+01 1.614602824434e+01 1 1 1 0.0 0.0 0.0
Se 1.407798448127e+01 3.267080653612e+01 1.614602824434e+01 1 1 1 0.0 0.0 0.0
Se 1.685907619578e+01 3.473523174326e+01 1.614602824434e+01 1 1 1 0.0 0.0 0.0
Se 2.556318806695e+00 2.785381438612e+01 1.614602824434e+01 1 1 1 0.0 0.0 0.0
Se 5.337410521205e+00 2.991823959326e+01 1.614602824434e+01 1 1 1 0.0 0.0 0.0
Se 8.118502235716e+00 3.198266480040e+01 1.614602824434e+01 1 1 1 0.0 0.0 0.0
Se 1.089959395023e+01 3.404709000755e+01 1.614602824434e+01 1 1 1 0.0 0.0 0.0
Se 1.368068566474e+01 3.611151521469e+01 1.614602824434e+01 1 1 1 0.0 0.0 0.0
Se 1.646177737925e+01 3.817594042183e+01 1.614602824434e+01 1 1 1 0.0 0.0 0.0
Se 2.159019990162e+00 3.129452306469e+01 1.614602824434e+01 1 1 1 0.0 0.0 0.0
Se 4.940111704672e+00 3.335894827183e+01 1.614602824434e+01 1 1 1 0.0 0.0 0.0
Se 7.721203419183e+00 3.542337347897e+01 1.614602824434e+01 1 1 1 0.0 0.0 0.0
Se 1.050229513369e+01 3.748779868612e+01 1.614602824434e+01 1 1 1 0.0 0.0 0.0
Se 1.328338684820e+01 3.955222389326e+01 1.614602824434e+01 1 1 1 0.0 0.0 0.0
Se 1.606447856272e+01 4.161664910040e+01 1.614602824434e+01 1 1 1 0.0 0.0 0.0
Se 4.542812888139e+00 3.679965695040e+01 1.614602824434e+01 1 1 1 0.0 0.0 0.0
Se 7.323904602650e+00 3.886408215754e+01 1.614602824434e+01 1 1 1 0.0 0.0 0.0
Se 1.010499631716e+01 4.092850736469e+01 1.614602824434e+01 1 1 1 0.0 0.0 0.0
Se 1.288608803167e+01 4.299293257183e+01 1.614602824434e+01 1 1 1 0.0 0.0 0.0
Se 1.566717974618e+01 4.505735777897e+01 1.614602824434e+01 1 1 1 0.0 0.0 0.0
Se 4.145514071606e+00 4.024036562897e+01 1.614602824434e+01 1 1 1 0.0 0.0 0.0
Se 6.926605786117e+00 4.230479083611e+01 1.614602824434e+01 1 1 1 0.0 0.0 0.0
Se 9.707697500628e+00 4.436921604325e+01 1.614602824434e+01 1 1 1 0.0 0.0 0.0
Se 1.248878921514e+01 4.643364125040e+01 1.614602824434e+01 1 1 1 0.0 0.0 0.0
Se 1.526988092965e+01 4.849806645754e+01 1.614602824434e+01 1 1 1 0.0 0.0 0.0
Se 3.748215255073e+00 4.368107430754e+01 1.614602824434e+01 1 1 1 0.0 0.0 0.0
Se 6.529306969584e+00 4.574549951468e+01 1.614602824434e+01 1 1 1 0.0 0.0 0.0
Se 9.310398684095e+00 4.780992472182e+01 1.614602824434e+01 1 1 1 0.0 0.0 0.0
Se 1.209149039861e+01 4.987434992897e+01 1.614602824434e+01 1 1 1 0.0 0.0 0.0
Se 3.350916438540e+00 4.712178298611e+01 1.614602824434e+01 1 1 1 0.0 0.0 0.0
Se 6.132008153051e+00 4.918620819325e+01 1.614602824434e+01 1 1 1 0.0 0.0 0.0
Se 9.703250876527e+00 7.947685437526e-01 1.336443756309e+01 1 1 1 0.0 0.0 0.0
Se 1.248434259104e+01 2.859193750894e+00 1.336443756309e+01 1 1 1 0.0 0.0 0.0
Se 3.743768630973e+00 1.066268080387e-01 1.336443756309e+01 1 1 1 0.0 0.0 0.0
Se 6.524860345483e+00 2.171052015180e+00 1.336443756309e+01 1 1 1 0.0 0.0 0.0
Se 9.305952059994e+00 4.235477222322e+00 1.336443756309e+01 1 1 1 0.0 0.0 0.0
Se 1.208704377450e+01 6.299902429464e+00 1.336443756309e+01 1 1 1 0.0 0.0 0.0
Se 1.606003193617e+01 5.034097351515e+01 1.336443756309e+01 1 1 1 0.0 0.0 0.0
Se 5.653780999288e-01 1.482910279466e+00 1.336443756309e+01 1 1 1 0.0 0.0 0.0
Se 3.346469814440e+00 3.547335486608e+00 1.336443756309e+01 1 1 1 0.0 0.0 0.0
Se 6.127561528950e+00 5.611760693750e+00 1.336443756309e+01 1 1 1 0.0 0.0 0.0
Se 8.908653243461e+00 7.676185900892e+00 1.336443756309e+01 1 1 1 0.0 0.0 0.0
Se 1.168974495797e+01 9.740611108033e+00 1.336443756309e+01 1 1 1 0.0 0.0 0.0
Se 1.526543430555e+01 4.923618958036e+00 1.336443756309e+01 1 1 1 0.0 0.0 0.0
Se 2.949170997906e+00 6.988044165178e+00 1.336443756309e+01 1 1 1 0.0 0.0 0.0
Se 5.730262712417e+00 9.052469372319e+00 1.336443756309e+01 1 1 1 0.0 0.0 0.0
Se 8.511354426928e+00 1.111689457946e+01 1.336443756309e+01 1 1 1 0.0 0.0 0.0
Se 1.129244614144e+01 1.318131978660e+01 1.336443756309e+01 1 1 1 0.0 0.0 0.0
Se 1.486813548902e+01 8.364327636605e+00 1.336443756309e+01 1 1 1 0.0 0.0 0.0
Se 2.551872181373e+00 1.042875284375e+01 1.336443756309e+01 1 1 1 0.0 0.0 0.0
Se 5.332963895884e+00 1.249317805089e+01 1.336443756309e+01 1 1 1 0.0 0.0 0.0
Se 8.114055610395e+00 1.455760325803e+01 1.336443756309e+01 1 1 1 0.0 0.0 0.0
Se 1.089514732491e+01 1.662202846517e+01 1.336443756309e+01 1 1 1 0.0 0.0 0.0
Se 1.367623903942e+01 1.868645367231e+01 1.336443756309e+01 1 1 1 0.0 0.0 0.0
Se 1.447083667248e+01 1.180503631517e+01 1.336443756309e+01 1 1 1 0.0 0.0 0.0
Se 2.154573364840e+00 1.386946152232e+01 1.336443756309e+01 1 1 1 0.0 0.0 0.0
Se 4.935665079351e+00 1.593388672946e+01 1.336443756309e+01 1 1 1 0.0 0.0 0.0
Se 7.716756793862e+00 1.799831193660e+01 1.336443756309e+01 1 1 1 0.0 0.0 0.0
Se 1.049784850837e+01 2.006273714374e+01 1.336443756309e+01 1 1 1 0.0 0.0 0.0
Se 1.327894022288e+01 2.212716235088e+01 1.336443756309e+01 1 1 1 0.0 0.0 0.0
Se 1.407353785595e+01 1.524574499374e+01 1.336443756309e+01 1 1 1 0.0 0.0 0.0
Se 1.757274548307e+00 1.731017020089e+01 1.336443756309e+01 1 1 1 0.0 0.0 0.0
Se 4.538366262818e+00 1.937459540803e+01 1.336443756309e+01 1 1 1 0.0 0.0 0.0
Se 7.319457977329e+00 2.143902061517e+01 1.336443756309e+01 1 1 1 0.0 0.0 0.0
Se 1.010054969184e+01 2.350344582231e+01 1.336443756309e+01 1 1 1 0.0 0.0 0.0
Se 1.288164140635e+01 2.556787102945e+01 1.336443756309e+01 1 1 1 0.0 0.0 0.0
Se 1.359975731774e+00 2.075087887946e+01 1.336443756309e+01 1 1 1 0.0 0.0 0.0
Se 4.141067446285e+00 2.281530408660e+01 1.336443756309e+01 1 1 1 0.0 0.0 0.0
Se 6.922159160796e+00 2.487972929374e+01 1.336443756309e+01 1 1 1 0.0 0.0 0.0
Se 9.703250875306e+00 2.694415450088e+01 1.336443756309e+01 1 1 1 0.0 0.0 0.0
Se 1.248434258982e+01 2.900857970802e+01 1.336443756309e+01 1 1 1 0.0 0.0 0.0
Se 1.606003193739e+01 2.419158755803e+01 1.336443756309e+01 1 1 1 0.0 0.0 0.0
Se 3.743768629752e+00 2.625601276517e+01 1.336443756309e+01 1 1 1 0.0 0.0 0.0
Se 6.524860344263e+00 2.832043797231e+01 1.336443756309e+01 1 1 1 0.0 0.0 0.0
Se 9.305952058773e+00 3.038486317945e+01 1.336443756309e+01 1 1 1 0.0 0.0 0.0
Se 1.208704377328e+01 3.244928838659e+01 1.336443756309e+01 1 1 1 0.0 0.0 0.0
Se 1.486813548779e+01 3.451371359373e+01 1.336443756309e+01 1 1 1 0.0 0.0 0.0
Se 1.566273312086e+01 2.763229623659e+01 1.336443756309e+01 1 1 1 0.0 0.0 0.0
Se 3.346469813219e+00 2.969672144374e+01 1.336443756309e+01 1 1 1 0.0 0.0 0.0
Se 6.127561527730e+00 3.176114665088e+01 1.336443756309e+01 1 1 1 0.0 0.0 0.0
Se 8.908653242240e+00 3.382557185802e+01 1.336443756309e+01 1 1 1 0.0 0.0 0.0
Se 1.168974495675e+01 3.588999706516e+01 1.336443756309e+01 1 1 1 0.0 0.0 0.0
Se 1.447083667126e+01 3.795442227230e+01 1.336443756309e+01 1 1 1 0.0 0.0 0.0
Se 1.526543430433e+01 3.107300491516e+01 1.336443756309e+01 1 1 1 0.0 0.0 0.0
Se 2.949170996686e+00 3.313743012231e+01 1.336443756309e+01 1 1 1 0.0 0.0 0.0
Se 5.730262711197e+00 3.520185532945e+01 1.336443756309e+01 1 1 1 0.0 0.0 0.0
Se 8.511354425707e+00 3.726628053659e+01 1.336443756309e+01 1 1 1 0.0 0.0 0.0
Se 1.129244614022e+01 3.933070574373e+01 1.336443756309e+01 1 1 1 0.0 0.0 0.0
Se 1.407353785473e+01 4.139513095087e+01 1.336443756309e+01 1 1 1 0.0 0.0 0.0
Se 2.551872180153e+00 3.657813880088e+01 1.336443756309e+01 1 1 1 0.0 0.0 0.0
Se 5.332963894664e+00 3.864256400802e+01 1.336443756309e+01 1 1 1 0.0 0.0 0.0
Se 8.114055609174e+00 4.070698921516e+01 1.336443756309e+01 1 1 1 0.0 0.0 0.0
Se 1.089514732368e+01 4.277141442230e+01 1.336443756309e+01 1 1 1 0.0 0.0 0.0
Se 1.367623903820e+01 4.483583962944e+01 1.336443756309e+01 1 1 1 0.0 0.0 0.0
Se 1.725192838577e+01 4.001884747944e+01 1.336443756309e+01 1 1 1 0.0 0.0 0.0
Se 4.935665078131e+00 4.208327268659e+01 1.336443756309e+01 1 1 1 0.0 0.0 0.0
Se 7.716756792641e+00 4.414769789373e+01 1.336443756309e+01 1 1 1 0.0 0.0 0.0
Se 1.049784850715e+01 4.621212310087e+01 1.336443756309e+01 1 1 1 0.0 0.0 0.0
Se 1.327894022166e+01 4.827654830801e+01 1.336443756309e+01 1 1 1 0.0 0.0 0.0
Se 1.685462956924e+01 4.345955615801e+01 1.336443756309e+01 1 1 1 0.0 0.0 0.0
Se 4.538366261597e+00 4.552398136516e+01 1.336443756309e+01 1 1 1 0.0 0.0 0.0
Se 7.319457976108e+00 4.758840657230e+01 1.336443756309e+01 1 1 1 0.0 0.0 0.0
Se 1.010054969062e+01 4.965283177944e+01 1.336443756309e+01 1 1 1 0.0 0.0 0.0
Se 1.645733075271e+01 4.690026483658e+01 1.336443756309e+01 1 1 1 0.0 0.0 0.0
Se 4.141067445064e+00 4.896469004373e+01 1.336443756309e+01 1 1 1 0.0 0.0 0.0
Se 1.169513369845e+01 1.015805337471e+00 1.951046802998e+01 1 1 1 0.0 0.0 0.0
Se 1.447622541296e+01 3.080230544613e+00 1.951046802998e+01 1 1 1 0.0 0.0 0.0
Se 5.735651452900e+00 3.276636017576e-01 1.951046802998e+01 1 1 1 0.0 0.0 0.0
Se 8.516743167411e+00 2.392088808899e+00 1.951046802998e+01 1 1 1 0.0 0.0 0.0
Se 1.129783488192e+01 4.456514016041e+00 1.951046802998e+01 1 1 1 0.0 0.0 0.0
Se 1.407892659643e+01 6.520939223183e+00 1.951046802998e+01 1 1 1 0.0 0.0 0.0
Se 1.805191475810e+01 5.056201030887e+01 1.951046802998e+01 1 1 1 0.0 0.0 0.0
Se 2.557260921856e+00 1.703947073185e+00 1.951046802998e+01 1 1 1 0.0 0.0 0.0
Se 5.338352636367e+00 3.768372280327e+00 1.951046802998e+01 1 1 1 0.0 0.0 0.0
Se 8.119444350877e+00 5.832797487469e+00 1.951046802998e+01 1 1 1 0.0 0.0 0.0
Se 1.090053606539e+01 7.897222694611e+00 1.951046802998e+01 1 1 1 0.0 0.0 0.0
Se 1.368162777990e+01 9.961647901752e+00 1.951046802998e+01 1 1 1 0.0 0.0 0.0
Se 2.159962105323e+00 5.144655751755e+00 1.951046802998e+01 1 1 1 0.0 0.0 0.0
Se 4.941053819834e+00 7.209080958897e+00 1.951046802998e+01 1 1 1 0.0 0.0 0.0
Se 7.722145534344e+00 9.273506166038e+00 1.951046802998e+01 1 1 1 0.0 0.0 0.0
Se 1.050323724886e+01 1.133793137318e+01 1.951046802998e+01 1 1 1 0.0 0.0 0.0
Se 1.328432896337e+01 1.340235658032e+01 1.951046802998e+01 1 1 1 0.0 0.0 0.0
Se 1.762663288790e+00 8.585364430324e+00 1.951046802998e+01 1 1 1 0.0 0.0 0.0
Se 4.543755003301e+00 1.064978963747e+01 1.951046802998e+01 1 1 1 0.0 0.0 0.0
Se 7.324846717811e+00 1.271421484461e+01 1.951046802998e+01 1 1 1 0.0 0.0 0.0
Se 1.010593843232e+01 1.477864005175e+01 1.951046802998e+01 1 1 1 0.0 0.0 0.0
Se 1.288703014683e+01 1.684306525889e+01 1.951046802998e+01 1 1 1 0.0 0.0 0.0
Se 1.566812186134e+01 1.890749046603e+01 1.951046802998e+01 1 1 1 0.0 0.0 0.0
Se 1.365364472257e+00 1.202607310889e+01 1.951046802998e+01 1 1 1 0.0 0.0 0.0
Se 4.146456186768e+00 1.409049831604e+01 1.951046802998e+01 1 1 1 0.0 0.0 0.0
Se 6.927547901278e+00 1.615492352318e+01 1.951046802998e+01 1 1 1 0.0 0.0 0.0
Se 9.708639615789e+00 1.821934873032e+01 1.951046802998e+01 1 1 1 0.0 0.0 0.0
Se 1.248973133030e+01 2.028377393746e+01 1.951046802998e+01 1 1 1 0.0 0.0 0.0
Se 1.527082304481e+01 2.234819914460e+01 1.951046802998e+01 1 1 1 0.0 0.0 0.0
Se 9.680656557240e-01 1.546678178746e+01 1.951046802998e+01 1 1 1 0.0 0.0 0.0
Se 3.749157370235e+00 1.753120699461e+01 1.951046802998e+01 1 1 1 0.0 0.0 0.0
Se 6.530249084745e+00 1.959563220175e+01 1.951046802998e+01 1 1 1 0.0 0.0 0.0
Se 9.311340799256e+00 2.166005740889e+01 1.951046802998e+01 1 1 1 0.0 0.0 0.0
Se 1.209243251377e+01 2.372448261603e+01 1.951046802998e+01 1 1 1 0.0 0.0 0.0
Se 1.487352422828e+01 2.578890782317e+01 1.951046802998e+01 1 1 1 0.0 0.0 0.0
Se 3.351858553702e+00 2.097191567317e+01 1.951046802998e+01 1 1 1 0.0 0.0 0.0
Se 6.132950268212e+00 2.303634088032e+01 1.951046802998e+01 1 1 1 0.0 0.0 0.0
Se 8.914041982723e+00 2.510076608746e+01 1.951046802998e+01 1 1 1 0.0 0.0 0.0
Se 1.169513369723e+01 2.716519129460e+01 1.951046802998e+01 1 1 1 0.0 0.0 0.0
Se 1.447622541174e+01 2.922961650174e+01 1.951046802998e+01 1 1 1 0.0 0.0 0.0
Se 2.954559737169e+00 2.441262435174e+01 1.951046802998e+01 1 1 1 0.0 0.0 0.0
Se 5.735651451679e+00 2.647704955889e+01 1.951046802998e+01 1 1 1 0.0 0.0 0.0
Se 8.516743166190e+00 2.854147476603e+01 1.951046802998e+01 1 1 1 0.0 0.0 0.0
Se 1.129783488070e+01 3.060589997317e+01 1.951046802998e+01 1 1 1 0.0 0.0 0.0
Se 1.407892659521e+01 3.267032518031e+01 1.951046802998e+01 1 1 1 0.0 0.0 0.0
Se 1.686001830972e+01 3.473475038745e+01 1.951046802998e+01 1 1 1 0.0 0.0 0.0
Se 2.557260920636e+00 2.785333303031e+01 1.951046802998e+01 1 1 1 0.0 0.0 0.0
Se 5.338352635146e+00 2.991775823746e+01 1.951046802998e+01 1 1 1 0.0 0.0 0.0
Se 8.119444349657e+00 3.198218344460e+01 1.951046802998e+01 1 1 1 0.0 0.0 0.0
Se 1.090053606417e+01 3.404660865174e+01 1.951046802998e+01 1 1 1 0.0 0.0 0.0
Se 1.368162777868e+01 3.611103385888e+01 1.951046802998e+01 1 1 1 0.0 0.0 0.0
Se 1.646271949319e+01 3.817545906602e+01 1.951046802998e+01 1 1 1 0.0 0.0 0.0
Se 2.159962104103e+00 3.129404170888e+01 1.951046802998e+01 1 1 1 0.0 0.0 0.0
Se 4.941053818613e+00 3.335846691602e+01 1.951046802998e+01 1 1 1 0.0 0.0 0.0
Se 7.722145533124e+00 3.542289212317e+01 1.951046802998e+01 1 1 1 0.0 0.0 0.0
Se 1.050323724763e+01 3.748731733031e+01 1.951046802998e+01 1 1 1 0.0 0.0 0.0
Se 1.328432896215e+01 3.955174253745e+01 1.951046802998e+01 1 1 1 0.0 0.0 0.0
Se 1.606542067666e+01 4.161616774459e+01 1.951046802998e+01 1 1 1 0.0 0.0 0.0
Se 4.543755002080e+00 3.679917559459e+01 1.951046802998e+01 1 1 1 0.0 0.0 0.0
Se 7.324846716591e+00 3.886360080174e+01 1.951046802998e+01 1 1 1 0.0 0.0 0.0
Se 1.010593843110e+01 4.092802600888e+01 1.951046802998e+01 1 1 1 0.0 0.0 0.0
Se 1.288703014561e+01 4.299245121602e+01 1.951046802998e+01 1 1 1 0.0 0.0 0.0
Se 1.566812186012e+01 4.505687642316e+01 1.951046802998e+01 1 1 1 0.0 0.0 0.0
Se 4.146456185547e+00 4.023988427316e+01 1.951046802998e+01 1 1 1 0.0 0.0 0.0
Se 6.927547900058e+00 4.230430948031e+01 1.951046802998e+01 1 1 1 0.0 0.0 0.0
Se 9.708639614568e+00 4.436873468745e+01 1.951046802998e+01 1 1 1 0.0 0.0 0.0
Se 1.248973132908e+01 4.643315989459e+01 1.951046802998e+01 1 1 1 0.0 0.0 0.0
Se 1.527082304359e+01 4.849758510173e+01 1.951046802998e+01 1 1 1 0.0 0.0 0.0
Se 3.749157369014e+00 4.368059295173e+01 1.951046802998e+01 1 1 1 0.0 0.0 0.0
Se 6.530249083525e+00 4.574501815888e+01 1.951046802998e+01 1 1 1 0.0 0.0 0.0
Se 9.311340798035e+00 4.780944336602e+01 1.951046802998e+01 1 1 1 0.0 0.0 0.0
Se 1.209243251255e+01 4.987386857316e+01 1.951046802998e+01 1 1 1 0.0 0.0 0.0
Se 3.351858552481e+00 4.712130163030e+01 1.951046802998e+01 1 1 1 0.0 0.0 0.0
Se 6.132950266992e+00 4.918572683744e+01 1.951046802998e+01 1 1 1 0.0 0.0 0.0
Se 4.277734473117e+00 4.947137854068e+01 3.998930533072e+01 1 1 1 0.0 0.0 0.0
Se 3.950547214812e+00 1.544330594488e+00 3.998930533072e+01 1 1 1 0.0 0.0 0.0
Se 8.032597798764e+00 5.458504289425e-01 3.998930533072e+01 1 1 1 0.0 0.0 0.0
Se 1.529303891132e+01 5.046985870623e+01 3.998930533072e+01 1 1 1 0.0 0.0 0.0
Se 2.719699901158e+00 5.538251256671e+00 3.998930533072e+01 1 1 1 0.0 0.0 0.0
Se 6.801750485110e+00 4.539771091125e+00 3.998930533072e+01 1 1 1 0.0 0.0 0.0
Se 1.088380106906e+01 3.541290925579e+00 3.998930533072e+01 1 1 1 0.0 0.0 0.0
Se 1.496585165301e+01 2.542810760034e+00 3.998930533072e+01 1 1 1 0.0 0.0 0.0
Se 5.570903171456e+00 8.533691753308e+00 3.998930533072e+01 1 1 1 0.0 0.0 0.0
Se 9.652953755407e+00 7.535211587762e+00 3.998930533072e+01 1 1 1 0.0 0.0 0.0
Se 1.373500433936e+01 6.536731422216e+00 3.998930533072e+01 1 1 1 0.0 0.0 0.0
Se 4.340055857802e+00 1.252761241549e+01 3.998930533072e+01 1 1 1 0.0 0.0 0.0
Se 8.422106441753e+00 1.152913224994e+01 3.998930533072e+01 1 1 1 0.0 0.0 0.0
Se 1.250415702571e+01 1.053065208440e+01 3.998930533072e+01 1 1 1 0.0 0.0 0.0
Se 1.488852587504e+00 9.532171918853e+00 3.998930533072e+01 1 1 1 0.0 0.0 0.0
Se 3.109208544148e+00 1.652153307767e+01 3.998930533072e+01 1 1 1 0.0 0.0 0.0
Se 7.191259128099e+00 1.552305291213e+01 3.998930533072e+01 1 1 1 0.0 0.0 0.0
Se 1.127330971205e+01 1.452457274658e+01 3.998930533072e+01 1 1 1 0.0 0.0 0.0
Se 1.535536029600e+01 1.352609258104e+01 3.998930533072e+01 1 1 1 0.0 0.0 0.0
Se 5.960411814446e+00 1.951697357431e+01 3.998930533072e+01 1 1 1 0.0 0.0 0.0
Se 1.004246239840e+01 1.851849340876e+01 3.998930533072e+01 1 1 1 0.0 0.0 0.0
Se 1.412451298235e+01 1.752001324322e+01 3.998930533072e+01 1 1 1 0.0 0.0 0.0
Se 4.729564500792e+00 2.351089423649e+01 3.998930533072e+01 1 1 1 0.0 0.0 0.0
Se 8.811615084743e+00 2.251241407095e+01 3.998930533072e+01 1 1 1 0.0 0.0 0.0
Se 1.289366566869e+01 2.151393390540e+01 3.998930533072e+01 1 1 1 0.0 0.0 0.0
Se 1.878361230494e+00 2.051545373986e+01 3.998930533072e+01 1 1 1 0.0 0.0 0.0
Se 3.498717187138e+00 2.750481489868e+01 3.998930533072e+01 1 1 1 0.0 0.0 0.0
Se 7.580767771089e+00 2.650633473313e+01 3.998930533072e+01 1 1 1 0.0 0.0 0.0
Se 1.166281835504e+01 2.550785456758e+01 3.998930533072e+01 1 1 1 0.0 0.0 0.0
Se 1.574486893899e+01 2.450937440204e+01 3.998930533072e+01 1 1 1 0.0 0.0 0.0
Se 6.349920457435e+00 3.050025539531e+01 3.998930533072e+01 1 1 1 0.0 0.0 0.0
Se 1.043197104139e+01 2.950177522977e+01 3.998930533072e+01 1 1 1 0.0 0.0 0.0
Se 1.451402162534e+01 2.850329506422e+01 3.998930533072e+01 1 1 1 0.0 0.0 0.0
Se 5.119073143781e+00 3.449417605749e+01 3.998930533072e+01 1 1 1 0.0 0.0 0.0
Se 9.201123727733e+00 3.349569589195e+01 3.998930533072e+01 1 1 1 0.0 0.0 0.0
Se 1.328317431168e+01 3.249721572640e+01 3.998930533072e+01 1 1 1 0.0 0.0 0.0
Se 2.267869873484e+00 3.149873556086e+01 3.998930533072e+01 1 1 1 0.0 0.0 0.0
Se 3.888225830127e+00 3.848809671968e+01 3.998930533072e+01 1 1 1 0.0 0.0 0.0
Se 7.970276414079e+00 3.748961655413e+01 3.998930533072e+01 1 1 1 0.0 0.0 0.0
Se 1.205232699803e+01 3.649113638859e+01 3.998930533072e+01 1 1 1 0.0 0.0 0.0
Se 1.613437758198e+01 3.549265622304e+01 3.998930533072e+01 1 1 1 0.0 0.0 0.0
Se 6.739429100425e+00 4.148353721631e+01 3.998930533072e+01 1 1 1 0.0 0.0 0.0
Se 1.082147968438e+01 4.048505705077e+01 3.998930533072e+01 1 1 1 0.0 0.0 0.0
Se 1.490353026833e+01 3.948657688522e+01 3.998930533072e+01 1 1 1 0.0 0.0 0.0
Se 5.508581786771e+00 4.547745787850e+01 3.998930533072e+01 1 1 1 0.0 0.0 0.0
Se 9.590632370723e+00 4.447897771295e+01 3.998930533072e+01 1 1 1 0.0 0.0 0.0
Se 1.367268295467e+01 4.348049754741e+01 3.998930533072e+01 1 1 1 0.0 0.0 0.0
Se 2.657378516473e+00 4.248201738186e+01 3.998930533072e+01 1 1 1 0.0 0.0 0.0
Se 8.359785057069e+00 4.847289837513e+01 3.998930533072e+01 1 1 1 0.0 0.0 0.0
Se 1.244183564102e+01 4.747441820959e+01 3.998930533072e+01 1 1 1 0.0 0.0 0.0
Se 1.652388622497e+01 4.647593804404e+01 3.998930533072e+01 1 1 1 0.0 0.0 0.0
Se 1.444882395211e+01 1.832519247341e-01 3.635172086532e+01 1 1 1 0.0 0.0 0.0
Se 2.202672200257e+00 3.178692421371e+00 3.635172086532e+01 1 1 1 0.0 0.0 0.0
Se 6.284722784209e+00 2.180212255825e+00 3.635172086532e+01 1 1 1 0.0 0.0 0.0
Se 1.036677336816e+01 1.181732090280e+00 3.635172086532e+01 1 1 1 0.0 0.0 0.0
Se 9.718248866034e-01 7.172613083554e+00 3.635172086532e+01 1 1 1 0.0 0.0 0.0
Se 5.053875470555e+00 6.174132918008e+00 3.635172086532e+01 1 1 1 0.0 0.0 0.0
Se 9.135926054507e+00 5.175652752462e+00 3.635172086532e+01 1 1 1 0.0 0.0 0.0
Se 1.321797663846e+01 4.177172586917e+00 3.635172086532e+01 1 1 1 0.0 0.0 0.0
Se 3.823028156901e+00 1.016805358019e+01 3.635172086532e+01 1 1 1 0.0 0.0 0.0
Se 7.905078740853e+00 9.169573414645e+00 3.635172086532e+01 1 1 1 0.0 0.0 0.0
Se 1.198712932480e+01 8.171093249099e+00 3.635172086532e+01 1 1 1 0.0 0.0 0.0
Se 2.592180843247e+00 1.416197424237e+01 3.635172086532e+01 1 1 1 0.0 0.0 0.0
Se 6.674231427199e+00 1.316349407683e+01 3.635172086532e+01 1 1 1 0.0 0.0 0.0
Se 1.075628201115e+01 1.216501391128e+01 3.635172086532e+01 1 1 1 0.0 0.0 0.0
Se 1.483833259510e+01 1.116653374574e+01 3.635172086532e+01 1 1 1 0.0 0.0 0.0
Se 1.361333529593e+00 1.815589490456e+01 3.635172086532e+01 1 1 1 0.0 0.0 0.0
Se 5.443384113545e+00 1.715741473901e+01 3.635172086532e+01 1 1 1 0.0 0.0 0.0
Se 9.525434697496e+00 1.615893457346e+01 3.635172086532e+01 1 1 1 0.0 0.0 0.0
Se 1.360748528145e+01 1.516045440792e+01 3.635172086532e+01 1 1 1 0.0 0.0 0.0
Se 4.212536799891e+00 2.115133540119e+01 3.635172086532e+01 1 1 1 0.0 0.0 0.0
Se 8.294587383842e+00 2.015285523565e+01 3.635172086532e+01 1 1 1 0.0 0.0 0.0
Se 1.237663796779e+01 1.915437507010e+01 3.635172086532e+01 1 1 1 0.0 0.0 0.0
Se 2.981689486237e+00 2.514525606338e+01 3.635172086532e+01 1 1 1 0.0 0.0 0.0
Se 7.063740070188e+00 2.414677589783e+01 3.635172086532e+01 1 1 1 0.0 0.0 0.0
Se 1.114579065414e+01 2.314829573228e+01 3.635172086532e+01 1 1 1 0.0 0.0 0.0
Se 1.522784123809e+01 2.214981556674e+01 3.635172086532e+01 1 1 1 0.0 0.0 0.0
Se 1.684819719474e+01 2.913917672556e+01 3.635172086532e+01 1 1 1 0.0 0.0 0.0
Se 5.832892756534e+00 2.814069656001e+01 3.635172086532e+01 1 1 1 0.0 0.0 0.0
Se 9.914943340486e+00 2.714221639447e+01 3.635172086532e+01 1 1 1 0.0 0.0 0.0
Se 1.399699392444e+01 2.614373622892e+01 3.635172086532e+01 1 1 1 0.0 0.0 0.0
Se 4.602045442881e+00 3.213461722220e+01 3.635172086532e+01 1 1 1 0.0 0.0 0.0
Se 8.684096026832e+00 3.113613705665e+01 3.635172086532e+01 1 1 1 0.0 0.0 0.0
Se 1.276614661078e+01 3.013765689110e+01 3.635172086532e+01 1 1 1 0.0 0.0 0.0
Se 3.371198129227e+00 3.612853788438e+01 3.635172086532e+01 1 1 1 0.0 0.0 0.0
Se 7.453248713178e+00 3.513005771883e+01 3.635172086532e+01 1 1 1 0.0 0.0 0.0
Se 1.153529929713e+01 3.413157755329e+01 3.635172086532e+01 1 1 1 0.0 0.0 0.0
Se 1.561734988108e+01 3.313309738774e+01 3.635172086532e+01 1 1 1 0.0 0.0 0.0
Se 1.723770583773e+01 4.012245854656e+01 3.635172086532e+01 1 1 1 0.0 0.0 0.0
Se 6.222401399524e+00 3.912397838101e+01 3.635172086532e+01 1 1 1 0.0 0.0 0.0
Se 1.030445198348e+01 3.812549821547e+01 3.635172086532e+01 1 1 1 0.0 0.0 0.0
Se 1.438650256743e+01 3.712701804992e+01 3.635172086532e+01 1 1 1 0.0 0.0 0.0
Se 4.991554085870e+00 4.311789904320e+01 3.635172086532e+01 1 1 1 0.0 0.0 0.0
Se 9.073604669822e+00 4.211941887765e+01 3.635172086532e+01 1 1 1 0.0 0.0 0.0
Se 1.315565525377e+01 4.112093871211e+01 3.635172086532e+01 1 1 1 0.0 0.0 0.0
Se 3.760706772216e+00 4.711181970538e+01 3.635172086532e+01 1 1 1 0.0 0.0 0.0
Se 7.842757356168e+00 4.611333953983e+01 3.635172086532e+01 1 1 1 0.0 0.0 0.0
Se 1.192480794012e+01 4.511485937429e+01 3.635172086532e+01 1 1 1 0.0 0.0 0.0
Se 1.600685852407e+01 4.411637920874e+01 3.635172086532e+01 1 1 1 0.0 0.0 0.0
Se 6.611910042514e+00 5.010726020202e+01 3.635172086532e+01 1 1 1 0.0 0.0 0.0
Se 1.069396062647e+01 4.910878003647e+01 3.635172086532e+01 1 1 1 0.0 0.0 0.0
Se 1.477601121042e+01 4.811029987093e+01 3.635172086532e+01 1 1 1 0.0 0.0 0.0
Se 1.649488764016e+00 8.491602160378e-01 3.271820175121e+01 1 1 1 0.0 0.0 0.0
Se 4.500692034313e+00 3.844600712675e+00 3.271820175121e+01 1 1 1 0.0 0.0 0.0
Se 8.582742618265e+00 2.846120547129e+00 3.271820175121e+01 1 1 1 0.0 0.0 0.0
Se 1.266479320222e+01 1.847640381583e+00 3.271820175121e+01 1 1 1 0.0 0.0 0.0
Se 3.269844720659e+00 7.838521374857e+00 3.271820175121e+01 1 1 1 0.0 0.0 0.0
Se 7.351895304611e+00 6.840041209312e+00 3.271820175121e+01 1 1 1 0.0 0.0 0.0
Se 1.143394588856e+01 5.841561043766e+00 3.271820175121e+01 1 1 1 0.0 0.0 0.0
Se 4.186414503617e-01 4.843080878220e+00 3.271820175121e+01 1 1 1 0.0 0.0 0.0
Se 6.121047990957e+00 1.083396187149e+01 3.271820175121e+01 1 1 1 0.0 0.0 0.0
Se 1.020309857491e+01 9.835481705949e+00 3.271820175121e+01 1 1 1 0.0 0.0 0.0
Se 1.428514915886e+01 8.837001540403e+00 3.271820175121e+01 1 1 1 0.0 0.0 0.0
Se 4.890200677303e+00 1.482788253368e+01 3.271820175121e+01 1 1 1 0.0 0.0 0.0
Se 8.972251261255e+00 1.382940236813e+01 3.271820175121e+01 1 1 1 0.0 0.0 0.0
Se 1.305430184521e+01 1.283092220259e+01 3.271820175121e+01 1 1 1 0.0 0.0 0.0
Se 2.038997407005e+00 1.183244203704e+01 3.271820175121e+01 1 1 1 0.0 0.0 0.0
Se 3.659353363649e+00 1.882180319586e+01 3.271820175121e+01 1 1 1 0.0 0.0 0.0
Se 7.741403947601e+00 1.782332303031e+01 3.271820175121e+01 1 1 1 0.0 0.0 0.0
Se 1.182345453155e+01 1.682484286477e+01 3.271820175121e+01 1 1 1 0.0 0.0 0.0
Se 1.590550511550e+01 1.582636269922e+01 3.271820175121e+01 1 1 1 0.0 0.0 0.0
Se 6.510556633947e+00 2.181724369250e+01 3.271820175121e+01 1 1 1 0.0 0.0 0.0
Se 1.059260721790e+01 2.081876352695e+01 3.271820175121e+01 1 1 1 0.0 0.0 0.0
Se 1.467465780185e+01 1.982028336141e+01 3.271820175121e+01 1 1 1 0.0 0.0 0.0
Se 5.279709320293e+00 2.581116435468e+01 3.271820175121e+01 1 1 1 0.0 0.0 0.0
Se 9.361759904244e+00 2.481268418913e+01 3.271820175121e+01 1 1 1 0.0 0.0 0.0
Se 1.344381048820e+01 2.381420402359e+01 3.271820175121e+01 1 1 1 0.0 0.0 0.0
Se 2.428506049995e+00 2.281572385804e+01 3.271820175121e+01 1 1 1 0.0 0.0 0.0
Se 4.048862006639e+00 2.980508501686e+01 3.271820175121e+01 1 1 1 0.0 0.0 0.0
Se 8.130912590590e+00 2.880660485132e+01 3.271820175121e+01 1 1 1 0.0 0.0 0.0
Se 1.221296317454e+01 2.780812468577e+01 3.271820175121e+01 1 1 1 0.0 0.0 0.0
Se 1.629501375849e+01 2.680964452022e+01 3.271820175121e+01 1 1 1 0.0 0.0 0.0
Se 6.900065276936e+00 3.280052551350e+01 3.271820175121e+01 1 1 1 0.0 0.0 0.0
Se 1.098211586089e+01 3.180204534795e+01 3.271820175121e+01 1 1 1 0.0 0.0 0.0
Se 1.506416644484e+01 3.080356518241e+01 3.271820175121e+01 1 1 1 0.0 0.0 0.0
Se 5.669217963282e+00 3.679444617568e+01 3.271820175121e+01 1 1 1 0.0 0.0 0.0
Se 9.751268547234e+00 3.579596601014e+01 3.271820175121e+01 1 1 1 0.0 0.0 0.0
Se 1.383331913119e+01 3.479748584459e+01 3.271820175121e+01 1 1 1 0.0 0.0 0.0
Se 2.818014692985e+00 3.379900567904e+01 3.271820175121e+01 1 1 1 0.0 0.0 0.0
Se 4.438370649629e+00 4.078836683786e+01 3.271820175121e+01 1 1 1 0.0 0.0 0.0
Se 8.520421233580e+00 3.978988667232e+01 3.271820175121e+01 1 1 1 0.0 0.0 0.0
Se 1.260247181753e+01 3.879140650677e+01 3.271820175121e+01 1 1 1 0.0 0.0 0.0
Se 1.668452240148e+01 3.779292634123e+01 3.271820175121e+01 1 1 1 0.0 0.0 0.0
Se 7.289573919926e+00 4.378380733450e+01 3.271820175121e+01 1 1 1 0.0 0.0 0.0
Se 1.137162450388e+01 4.278532716896e+01 3.271820175121e+01 1 1 1 0.0 0.0 0.0
Se 1.545367508783e+01 4.178684700341e+01 3.271820175121e+01 1 1 1 0.0 0.0 0.0
Se 6.058726606272e+00 4.777772799668e+01 3.271820175121e+01 1 1 1 0.0 0.0 0.0
Se 1.014077719022e+01 4.677924783114e+01 3.271820175121e+01 1 1 1 0.0 0.0 0.0
Se 1.422282777418e+01 4.578076766559e+01 3.271820175121e+01 1 1 1 0.0 0.0 0.0
Se 3.207523335975e+00 4.478228750005e+01 3.271820175121e+01 1 1 1 0.0 0.0 0.0
Se 8.909929876570e+00 5.077316849332e+01 3.271820175121e+01 1 1 1 0.0 0.0 0.0
Se 1.299198046052e+01 4.977468832778e+01 3.271820175121e+01 1 1 1 0.0 0.0 0.0
Se 1.707403104447e+01 4.877620816223e+01 3.271820175121e+01 1 1 1 0.0 0.0 0.0
Se 1.439722488886e+01 1.201920102154e-01 2.995146533993e+01 1 1 1 0.0 0.0 0.0
Se 2.151073137007e+00 3.115632506852e+00 2.995146533993e+01 1 1 1 0.0 0.0 0.0
Se 6.233123720959e+00 2.117152341307e+00 2.995146533993e+01 1 1 1 0.0 0.0 0.0
Se 1.031517430491e+01 1.118672175761e+00 2.995146533993e+01 1 1 1 0.0 0.0 0.0
Se 9.202258233534e-01 7.109553169035e+00 2.995146533993e+01 1 1 1 0.0 0.0 0.0
Se 5.002276407305e+00 6.111073003489e+00 2.995146533993e+01 1 1 1 0.0 0.0 0.0
Se 9.084326991257e+00 5.112592837944e+00 2.995146533993e+01 1 1 1 0.0 0.0 0.0
Se 1.316637757521e+01 4.114112672398e+00 2.995146533993e+01 1 1 1 0.0 0.0 0.0
Se 3.771429093651e+00 1.010499366567e+01 2.995146533993e+01 1 1 1 0.0 0.0 0.0
Se 7.853479677603e+00 9.106513500126e+00 2.995146533993e+01 1 1 1 0.0 0.0 0.0
Se 1.193553026155e+01 8.108033334581e+00 2.995146533993e+01 1 1 1 0.0 0.0 0.0
Se 2.540581779997e+00 1.409891432785e+01 2.995146533993e+01 1 1 1 0.0 0.0 0.0
Se 6.622632363949e+00 1.310043416231e+01 2.995146533993e+01 1 1 1 0.0 0.0 0.0
Se 1.070468294790e+01 1.210195399676e+01 2.995146533993e+01 1 1 1 0.0 0.0 0.0
Se 1.478673353185e+01 1.110347383122e+01 2.995146533993e+01 1 1 1 0.0 0.0 0.0
Se 1.309734466343e+00 1.809283499004e+01 2.995146533993e+01 1 1 1 0.0 0.0 0.0
Se 5.391785050295e+00 1.709435482449e+01 2.995146533993e+01 1 1 1 0.0 0.0 0.0
Se 9.473835634246e+00 1.609587465895e+01 2.995146533993e+01 1 1 1 0.0 0.0 0.0
Se 1.355588621820e+01 1.509739449340e+01 2.995146533993e+01 1 1 1 0.0 0.0 0.0
Se 4.160937736641e+00 2.108827548667e+01 2.995146533993e+01 1 1 1 0.0 0.0 0.0
Se 8.242988320592e+00 2.008979532113e+01 2.995146533993e+01 1 1 1 0.0 0.0 0.0
Se 1.232503890454e+01 1.909131515558e+01 2.995146533993e+01 1 1 1 0.0 0.0 0.0
Se 2.930090422987e+00 2.508219614886e+01 2.995146533993e+01 1 1 1 0.0 0.0 0.0
Se 7.012141006938e+00 2.408371598331e+01 2.995146533993e+01 1 1 1 0.0 0.0 0.0
Se 1.109419159089e+01 2.308523581777e+01 2.995146533993e+01 1 1 1 0.0 0.0 0.0
Se 1.517624217484e+01 2.208675565222e+01 2.995146533993e+01 1 1 1 0.0 0.0 0.0
Se 1.679659813149e+01 2.907611681104e+01 2.995146533993e+01 1 1 1 0.0 0.0 0.0
Se 5.781293693284e+00 2.807763664549e+01 2.995146533993e+01 1 1 1 0.0 0.0 0.0
Se 9.863344277236e+00 2.707915647995e+01 2.995146533993e+01 1 1 1 0.0 0.0 0.0
Se 1.394539486119e+01 2.608067631440e+01 2.995146533993e+01 1 1 1 0.0 0.0 0.0
Se 4.550446379630e+00 3.207155730768e+01 2.995146533993e+01 1 1 1 0.0 0.0 0.0
Se 8.632496963582e+00 3.107307714213e+01 2.995146533993e+01 1 1 1 0.0 0.0 0.0
Se 1.271454754753e+01 3.007459697659e+01 2.995146533993e+01 1 1 1 0.0 0.0 0.0
Se 3.319599065977e+00 3.606547796986e+01 2.995146533993e+01 1 1 1 0.0 0.0 0.0
Se 7.401649649928e+00 3.506699780431e+01 2.995146533993e+01 1 1 1 0.0 0.0 0.0
Se 1.148370023388e+01 3.406851763877e+01 2.995146533993e+01 1 1 1 0.0 0.0 0.0
Se 1.556575081783e+01 3.307003747322e+01 2.995146533993e+01 1 1 1 0.0 0.0 0.0
Se 1.718610677448e+01 4.005939863204e+01 2.995146533993e+01 1 1 1 0.0 0.0 0.0
Se 6.170802336274e+00 3.906091846650e+01 2.995146533993e+01 1 1 1 0.0 0.0 0.0
Se 1.025285292023e+01 3.806243830095e+01 2.995146533993e+01 1 1 1 0.0 0.0 0.0
Se 1.433490350418e+01 3.706395813540e+01 2.995146533993e+01 1 1 1 0.0 0.0 0.0
Se 4.939955022620e+00 4.305483912868e+01 2.995146533993e+01 1 1 1 0.0 0.0 0.0
Se 9.022005606572e+00 4.205635896313e+01 2.995146533993e+01 1 1 1 0.0 0.0 0.0
Se 1.310405619052e+01 4.105787879759e+01 2.995146533993e+01 1 1 1 0.0 0.0 0.0
Se 3.709107708966e+00 4.704875979086e+01 2.995146533993e+01 1 1 1 0.0 0.0 0.0
Se 7.791158292918e+00 4.605027962532e+01 2.995146533993e+01 1 1 1 0.0 0.0 0.0
Se 1.187320887687e+01 4.505179945977e+01 2.995146533993e+01 1 1 1 0.0 0.0 0.0
Se 1.595525946082e+01 4.405331929422e+01 2.995146533993e+01 1 1 1 0.0 0.0 0.0
Se 6.560310979264e+00 5.004420028750e+01 2.995146533993e+01 1 1 1 0.0 0.0 0.0
Se 1.064236156322e+01 4.904572012195e+01 2.995146533993e+01 1 1 1 0.0 0.0 0.0
Se 1.472441214717e+01 4.804723995641e+01 2.995146533993e+01 1 1 1 0.0 0.0 0.0
Se 1.591981080633e+00 7.918915336873e-01 2.633360299309e+01 1 1 1 0.0 0.0 0.0
Se 4.443184350931e+00 3.787332030324e+00 2.633360299309e+01 1 1 1 0.0 0.0 0.0
Se 8.525234934882e+00 2.788851864779e+00 2.633360299309e+01 1 1 1 0.0 0.0 0.0
Se 1.260728551883e+01 1.790371699233e+00 2.633360299309e+01 1 1 1 0.0 0.0 0.0
Se 3.212337037277e+00 7.781252692507e+00 2.633360299309e+01 1 1 1 0.0 0.0 0.0
Se 7.294387621228e+00 6.782772526961e+00 2.633360299309e+01 1 1 1 0.0 0.0 0.0
Se 1.137643820518e+01 5.784292361416e+00 2.633360299309e+01 1 1 1 0.0 0.0 0.0
Se 3.611337669792e-01 4.785812195870e+00 2.633360299309e+01 1 1 1 0.0 0.0 0.0
Se 6.063540307575e+00 1.077669318914e+01 2.633360299309e+01 1 1 1 0.0 0.0 0.0
Se 1.014559089153e+01 9.778213023598e+00 2.633360299309e+01 1 1 1 0.0 0.0 0.0
Se 1.422764147548e+01 8.779732858053e+00 2.633360299309e+01 1 1 1 0.0 0.0 0.0
Se 4.832692993921e+00 1.477061385133e+01 2.633360299309e+01 1 1 1 0.0 0.0 0.0
Se 8.914743577872e+00 1.377213368578e+01 2.633360299309e+01 1 1 1 0.0 0.0 0.0
Se 1.299679416182e+01 1.277365352024e+01 2.633360299309e+01 1 1 1 0.0 0.0 0.0
Se 1.981489723623e+00 1.177517335469e+01 2.633360299309e+01 1 1 1 0.0 0.0 0.0
Se 3.601845680267e+00 1.876453451351e+01 2.633360299309e+01 1 1 1 0.0 0.0 0.0
Se 7.683896264218e+00 1.776605434796e+01 2.633360299309e+01 1 1 1 0.0 0.0 0.0
Se 1.176594684817e+01 1.676757418242e+01 2.633360299309e+01 1 1 1 0.0 0.0 0.0
Se 1.584799743212e+01 1.576909401687e+01 2.633360299309e+01 1 1 1 0.0 0.0 0.0
Se 6.453048950564e+00 2.175997501015e+01 2.633360299309e+01 1 1 1 0.0 0.0 0.0
Se 1.053509953452e+01 2.076149484460e+01 2.633360299309e+01 1 1 1 0.0 0.0 0.0
Se 1.461715011847e+01 1.976301467905e+01 2.633360299309e+01 1 1 1 0.0 0.0 0.0
Se 5.222201636910e+00 2.575389567233e+01 2.633360299309e+01 1 1 1 0.0 0.0 0.0
Se 9.304252220862e+00 2.475541550678e+01 2.633360299309e+01 1 1 1 0.0 0.0 0.0
Se 1.338630280481e+01 2.375693534124e+01 2.633360299309e+01 1 1 1 0.0 0.0 0.0
Se 2.370998366613e+00 2.275845517569e+01 2.633360299309e+01 1 1 1 0.0 0.0 0.0
Se 3.991354323256e+00 2.974781633451e+01 2.633360299309e+01 1 1 1 0.0 0.0 0.0
Se 8.073404907208e+00 2.874933616897e+01 2.633360299309e+01 1 1 1 0.0 0.0 0.0
Se 1.215545549116e+01 2.775085600342e+01 2.633360299309e+01 1 1 1 0.0 0.0 0.0
Se 1.623750607511e+01 2.675237583787e+01 2.633360299309e+01 1 1 1 0.0 0.0 0.0
Se 6.842557593554e+00 3.274325683115e+01 2.633360299309e+01 1 1 1 0.0 0.0 0.0
Se 1.092460817751e+01 3.174477666560e+01 2.633360299309e+01 1 1 1 0.0 0.0 0.0
Se 1.500665876146e+01 3.074629650006e+01 2.633360299309e+01 1 1 1 0.0 0.0 0.0
Se 5.611710279900e+00 3.673717749333e+01 2.633360299309e+01 1 1 1 0.0 0.0 0.0
Se 9.693760863852e+00 3.573869732779e+01 2.633360299309e+01 1 1 1 0.0 0.0 0.0
Se 1.377581144780e+01 3.474021716224e+01 2.633360299309e+01 1 1 1 0.0 0.0 0.0
Se 2.760507009602e+00 3.374173699669e+01 2.633360299309e+01 1 1 1 0.0 0.0 0.0
Se 4.380862966246e+00 4.073109815551e+01 2.633360299309e+01 1 1 1 0.0 0.0 0.0
Se 8.462913550198e+00 3.973261798997e+01 2.633360299309e+01 1 1 1 0.0 0.0 0.0
Se 1.254496413415e+01 3.873413782442e+01 2.633360299309e+01 1 1 1 0.0 0.0 0.0
Se 1.662701471810e+01 3.773565765888e+01 2.633360299309e+01 1 1 1 0.0 0.0 0.0
Se 7.232066236544e+00 4.372653865215e+01 2.633360299309e+01 1 1 1 0.0 0.0 0.0
Se 1.131411682050e+01 4.272805848661e+01 2.633360299309e+01 1 1 1 0.0 0.0 0.0
Se 1.539616740445e+01 4.172957832106e+01 2.633360299309e+01 1 1 1 0.0 0.0 0.0
Se 6.001218922890e+00 4.772045931433e+01 2.633360299309e+01 1 1 1 0.0 0.0 0.0
Se 1.008326950684e+01 4.672197914879e+01 2.633360299309e+01 1 1 1 0.0 0.0 0.0
Se 1.416532009079e+01 4.572349898324e+01 2.633360299309e+01 1 1 1 0.0 0.0 0.0
Se 3.150015652592e+00 4.472501881770e+01 2.633360299309e+01 1 1 1 0.0 0.0 0.0
Se 8.852422193187e+00 5.071589981097e+01 2.633360299309e+01 1 1 1 0.0 0.0 0.0
Se 1.293447277714e+01 4.971741964542e+01 2.633360299309e+01 1 1 1 0.0 0.0 0.0
Se 1.701652336109e+01 4.871893947988e+01 2.633360299309e+01 1 1 1 0.0 0.0 0.0
Se 4.224904318039e+00 4.939751611136e+01 2.271046802998e+01 1 1 1 0.0 0.0 0.0
Se 3.897717059735e+00 1.470468165166e+00 2.271046802998e+01 1 1 1 0.0 0.0 0.0
Se 7.979767643686e+00 4.719879996199e-01 2.271046802998e+01 1 1 1 0.0 0.0 0.0
Se 1.524020875624e+01 5.039599627690e+01 2.271046802998e+01 1 1 1 0.0 0.0 0.0
Se 2.666869746081e+00 5.464388827348e+00 2.271046802998e+01 1 1 1 0.0 0.0 0.0
Se 6.748920330032e+00 4.465908661803e+00 2.271046802998e+01 1 1 1 0.0 0.0 0.0
Se 1.083097091398e+01 3.467428496257e+00 2.271046802998e+01 1 1 1 0.0 0.0 0.0
Se 1.491302149794e+01 2.468948330711e+00 2.271046802998e+01 1 1 1 0.0 0.0 0.0
Se 5.518073016378e+00 8.459829323985e+00 2.271046802998e+01 1 1 1 0.0 0.0 0.0
Se 9.600123600330e+00 7.461349158440e+00 2.271046802998e+01 1 1 1 0.0 0.0 0.0
Se 1.368217418428e+01 6.462868992894e+00 2.271046802998e+01 1 1 1 0.0 0.0 0.0
Se 4.287225702724e+00 1.245374998617e+01 2.271046802998e+01 1 1 1 0.0 0.0 0.0
Se 8.369276286676e+00 1.145526982062e+01 2.271046802998e+01 1 1 1 0.0 0.0 0.0
Se 1.245132687063e+01 1.045678965508e+01 2.271046802998e+01 1 1 1 0.0 0.0 0.0
Se 1.436022432427e+00 9.458309489531e+00 2.271046802998e+01 1 1 1 0.0 0.0 0.0
Se 3.056378389070e+00 1.644767064835e+01 2.271046802998e+01 1 1 1 0.0 0.0 0.0
Se 7.138428973022e+00 1.544919048280e+01 2.271046802998e+01 1 1 1 0.0 0.0 0.0
Se 1.122047955697e+01 1.445071031726e+01 2.271046802998e+01 1 1 1 0.0 0.0 0.0
Se 1.530253014093e+01 1.345223015171e+01 2.271046802998e+01 1 1 1 0.0 0.0 0.0
Se 5.907581659368e+00 1.944311114499e+01 2.271046802998e+01 1 1 1 0.0 0.0 0.0
Se 9.989632243320e+00 1.844463097944e+01 2.271046802998e+01 1 1 1 0.0 0.0 0.0
Se 1.407168282727e+01 1.744615081390e+01 2.271046802998e+01 1 1 1 0.0 0.0 0.0
Se 4.676734345714e+00 2.343703180717e+01 2.271046802998e+01 1 1 1 0.0 0.0 0.0
Se 8.758784929666e+00 2.243855164162e+01 2.271046802998e+01 1 1 1 0.0 0.0 0.0
Se 1.284083551362e+01 2.144007147608e+01 2.271046802998e+01 1 1 1 0.0 0.0 0.0
Se 1.825531075416e+00 2.044159131053e+01 2.271046802998e+01 1 1 1 0.0 0.0 0.0
Se 3.445887032060e+00 2.743095246935e+01 2.271046802998e+01 1 1 1 0.0 0.0 0.0
Se 7.527937616012e+00 2.643247230381e+01 2.271046802998e+01 1 1 1 0.0 0.0 0.0
Se 1.160998819996e+01 2.543399213826e+01 2.271046802998e+01 1 1 1 0.0 0.0 0.0
Se 1.569203878391e+01 2.443551197272e+01 2.271046802998e+01 1 1 1 0.0 0.0 0.0
Se 6.297090302358e+00 3.042639296599e+01 2.271046802998e+01 1 1 1 0.0 0.0 0.0
Se 1.037914088631e+01 2.942791280044e+01 2.271046802998e+01 1 1 1 0.0 0.0 0.0
Se 1.446119147026e+01 2.842943263490e+01 2.271046802998e+01 1 1 1 0.0 0.0 0.0
Se 5.066242988704e+00 3.442031362817e+01 2.271046802998e+01 1 1 1 0.0 0.0 0.0
Se 9.148293572655e+00 3.342183346263e+01 2.271046802998e+01 1 1 1 0.0 0.0 0.0
Se 1.323034415661e+01 3.242335329708e+01 2.271046802998e+01 1 1 1 0.0 0.0 0.0
Se 2.215039718406e+00 3.142487313154e+01 2.271046802998e+01 1 1 1 0.0 0.0 0.0
Se 3.835395675050e+00 3.841423429035e+01 2.271046802998e+01 1 1 1 0.0 0.0 0.0
Se 7.917446259001e+00 3.741575412481e+01 2.271046802998e+01 1 1 1 0.0 0.0 0.0
Se 1.199949684295e+01 3.641727395926e+01 2.271046802998e+01 1 1 1 0.0 0.0 0.0
Se 1.608154742690e+01 3.541879379372e+01 2.271046802998e+01 1 1 1 0.0 0.0 0.0
Se 6.686598945347e+00 4.140967478699e+01 2.271046802998e+01 1 1 1 0.0 0.0 0.0
Se 1.076864952930e+01 4.041119462145e+01 2.271046802998e+01 1 1 1 0.0 0.0 0.0
Se 1.485070011325e+01 3.941271445590e+01 2.271046802998e+01 1 1 1 0.0 0.0 0.0
Se 5.455751631693e+00 4.540359544917e+01 2.271046802998e+01 1 1 1 0.0 0.0 0.0
Se 9.537802215645e+00 4.440511528363e+01 2.271046802998e+01 1 1 1 0.0 0.0 0.0
Se 1.361985279960e+01 4.340663511808e+01 2.271046802998e+01 1 1 1 0.0 0.0 0.0
Se 1.770190338355e+01 4.240815495254e+01 2.271046802998e+01 1 1 1 0.0 0.0 0.0
Se 8.306954901991e+00 4.839903594581e+01 2.271046802998e+01 1 1 1 0.0 0.0 0.0
Se 1.238900548594e+01 4.740055578027e+01 2.271046802998e+01 1 1 1 0.0 0.0 0.0
Se 1.647105606989e+01 4.640207561472e+01 2.271046802998e+01 1 1 1 0.0 0.0 0.0
"