calculation_mode = "Relax Structure"
cell_relax = "False"
charge_density_mixing = "0.15"
charge_mixing_type = "Broyden"
description = "Example parameters for high-throughput bulk relaxation of a vdW material"
dipole_moment = "True"
dos_broading = "0.05"
dos_method = "Gaussian"
energy_convergence_criterion = "2.928e-08"
energy_output_units = "Hartrees"
kohn_sham_mucycles = "3"
kohn_sham_solver = "davidson"
kpoint_distribution = "1"
kpoint_mesh = "1 1 1"
localize_projectors = "False"
max_md_steps = "100"
max_scf_steps = "200"
non_local_block_size = "4000"
potential_acceleration_constant_step = "1.5"
processor_grid = "5 8 14"
rms_convergence_criterion = "2.928e-05"
scalapack_block_factor = "64"
start_mode = "LCAO Start"
state_block_size = "64"
stress = "True"
subdiag_driver = "scalapack"
use_async_allreduce = "False"
vdw_corr = "DFT-D3"
vdwdf_kernel_filepath = "/lustre/orion/world-shared/cph162/rjmorelock/rmgdft/XC/vdW_kernel_table"
wavefunction_grid = "128 222 426"
write_data_period = "50"

atomic_coordinate_type = "Absolute"
crds_units = "Angstrom"
lattice_units = "Angstrom"

lattice_vector = "
1.509742691380e+01 0.000000000000e+00 0.000000000000e+00
0.000000000000e+00 2.614929375904e+01 0.000000000000e+00
0.000000000000e+00 0.000000000000e+00 4.998925800348e+01
"
atoms = "
Nb 1.103236713988e+01 3.337444654964e+00 1.792320712332e+01 1 1 1 0.0 0.0 0.0
Nb 1.059774296423e+01 6.713217035978e+00 1.790485118166e+01 1 1 1 0.0 0.0 0.0
Nb 1.023406611153e+01 1.020993631690e+01 1.787186587036e+01 1 1 1 0.0 0.0 0.0
Nb 9.819407475973e+00 1.358558238331e+01 1.788935226797e+01 1 1 1 0.0 0.0 0.0
Nb 9.433137506463e+00 1.710855129000e+01 1.792874713286e+01 1 1 1 0.0 0.0 0.0
Nb 9.006774951859e+00 2.045433233875e+01 1.793342082632e+01 1 1 1 0.0 0.0 0.0
Nb 8.639825455380e+00 2.393652660379e+01 1.791716211993e+01 1 1 1 0.0 0.0 0.0
Nb 8.213121422698e+00 1.195962543582e+00 1.791125422637e+01 1 1 1 0.0 0.0 0.0
Nb 7.821595823504e+00 4.710461333389e+00 1.792591211866e+01 1 1 1 0.0 0.0 0.0
Nb 7.385325483267e+00 8.067753257336e+00 1.791943498914e+01 1 1 1 0.0 0.0 0.0
Nb 7.034698882375e+00 1.158114421457e+01 1.790738467066e+01 1 1 1 0.0 0.0 0.0
Nb 6.590583806929e+00 1.499360022084e+01 1.792231561841e+01 1 1 1 0.0 0.0 0.0
Nb 6.224819667488e+00 1.847733777841e+01 1.791470260992e+01 1 1 1 0.0 0.0 0.0
Nb 5.812465175513e+00 2.182220636683e+01 1.788452569520e+01 1 1 1 0.0 0.0 0.0
Nb 5.453782856442e+00 2.534635909595e+01 1.787299608713e+01 1 1 1 0.0 0.0 0.0
Nb 5.018716076941e+00 2.604776052028e+00 1.791449205029e+01 1 1 1 0.0 0.0 0.0
Nb 4.668557427490e+00 6.098772345581e+00 1.793411621814e+01 1 1 1 0.0 0.0 0.0
Nb 4.244356138607e+00 9.446639993148e+00 1.791942784524e+01 1 1 1 0.0 0.0 0.0
Nb 3.882839810779e+00 1.298958195425e+01 1.790509391527e+01 1 1 1 0.0 0.0 0.0
Nb 3.472509315947e+00 1.635303297220e+01 1.791383878098e+01 1 1 1 0.0 0.0 0.0
Nb 3.081396898348e+00 1.982519498912e+01 1.789800500392e+01 1 1 1 0.0 0.0 0.0
Nb 2.662178554113e+00 2.321926108055e+01 1.787221904326e+01 1 1 1 0.0 0.0 0.0
Nb 2.285948823300e+00 6.021576180169e-01 1.788306405472e+01 1 1 1 0.0 0.0 0.0
Nb 1.870821971718e+00 3.944469380729e+00 1.792248765393e+01 1 1 1 0.0 0.0 0.0
Nb 1.483586941659e+00 7.440378332531e+00 1.791878939289e+01 1 1 1 0.0 0.0 0.0
Nb 1.047981883060e+00 1.081852063385e+01 1.790438778114e+01 1 1 1 0.0 0.0 0.0
Nb 6.866320343942e-01 1.432699865659e+01 1.791050750436e+01 1 1 1 0.0 0.0 0.0
Nb 2.431374192723e-01 1.770618814677e+01 1.792434755321e+01 1 1 1 0.0 0.0 0.0
Nb 1.494967903835e+01 2.120370833746e+01 1.791041394582e+01 1 1 1 0.0 0.0 0.0
Nb 1.452582970526e+01 2.461506175002e+01 1.789787837180e+01 1 1 1 0.0 0.0 0.0
Nb 1.418973473496e+01 1.954055943706e+00 1.791534328481e+01 1 1 1 0.0 0.0 0.0
Nb 1.375523354011e+01 5.323682777657e+00 1.791815353351e+01 1 1 1 0.0 0.0 0.0
Nb 1.338950353260e+01 8.846724446217e+00 1.788460999313e+01 1 1 1 0.0 0.0 0.0
Nb 1.298335369678e+01 1.220581065146e+01 1.787745509339e+01 1 1 1 0.0 0.0 0.0
Nb 1.262386427657e+01 1.572316530505e+01 1.790628472283e+01 1 1 1 0.0 0.0 0.0
Nb 1.217734229133e+01 1.911438833879e+01 1.793479917430e+01 1 1 1 0.0 0.0 0.0
Nb 1.181603049051e+01 2.261792035345e+01 1.793150409341e+01 1 1 1 0.0 0.0 0.0
Nb 1.141852942182e+01 2.596758630406e+01 1.793148800642e+01 1 1 1 0.0 0.0 0.0
Nb 1.098270348463e+01 3.346824057114e+00 1.148919908546e+01 1 1 1 0.0 0.0 0.0
Nb 1.057812403523e+01 6.713143056999e+00 1.149356754949e+01 1 1 1 0.0 0.0 0.0
Nb 1.023767578829e+01 1.019012635491e+01 1.148380661054e+01 1 1 1 0.0 0.0 0.0
Nb 9.808705395290e+00 1.362853289597e+01 1.148646620248e+01 1 1 1 0.0 0.0 0.0
Nb 9.400611521018e+00 1.705608077279e+01 1.148757398213e+01 1 1 1 0.0 0.0 0.0
Nb 9.065919293777e+00 2.053486888263e+01 1.148949711809e+01 1 1 1 0.0 0.0 0.0
Nb 8.654008093584e+00 2.393972272854e+01 1.150085760111e+01 1 1 1 0.0 0.0 0.0
Nb 8.238439326081e+00 1.237460729284e+00 1.149606426067e+01 1 1 1 0.0 0.0 0.0
Nb 7.866252721122e+00 4.732734456717e+00 1.148962152766e+01 1 1 1 0.0 0.0 0.0
Nb 7.450754122523e+00 8.099044989765e+00 1.149592503413e+01 1 1 1 0.0 0.0 0.0
Nb 7.059051090197e+00 1.160693864207e+01 1.149144755959e+01 1 1 1 0.0 0.0 0.0
Nb 6.630116945834e+00 1.506061697394e+01 1.148402172109e+01 1 1 1 0.0 0.0 0.0
Nb 6.247461045263e+00 1.842884963751e+01 1.148538615171e+01 1 1 1 0.0 0.0 0.0
Nb 5.865401686205e+00 2.192574386443e+01 1.149112216850e+01 1 1 1 0.0 0.0 0.0
Nb 5.425788268698e+00 2.536381734132e+01 1.149854747783e+01 1 1 1 0.0 0.0 0.0
Nb 5.041135835285e+00 2.589684551899e+00 1.149136193872e+01 1 1 1 0.0 0.0 0.0
Nb 4.665898417650e+00 6.084780687447e+00 1.148073494828e+01 1 1 1 0.0 0.0 0.0
Nb 4.216309321069e+00 9.490269228549e+00 1.148362161018e+01 1 1 1 0.0 0.0 0.0
Nb 3.815302982281e+00 1.296191503306e+01 1.148398367325e+01 1 1 1 0.0 0.0 0.0
Nb 3.447176966025e+00 1.638073328448e+01 1.148836346167e+01 1 1 1 0.0 0.0 0.0
Nb 3.040674486494e+00 1.977688020668e+01 1.148870112967e+01 1 1 1 0.0 0.0 0.0
Nb 2.648689032270e+00 2.329530750255e+01 1.148454751161e+01 1 1 1 0.0 0.0 0.0
Nb 2.272577413819e+00 5.533076786305e-01 1.148031361736e+01 1 1 1 0.0 0.0 0.0
Nb 1.879640975161e+00 3.928584167644e+00 1.147422728523e+01 1 1 1 0.0 0.0 0.0
Nb 1.489524998323e+00 7.476169659108e+00 1.147409419715e+01 1 1 1 0.0 0.0 0.0
Nb 1.063364483593e+00 1.087146571722e+01 1.147716908739e+01 1 1 1 0.0 0.0 0.0
Nb 7.161340364497e-01 1.429870381368e+01 1.147807493301e+01 1 1 1 0.0 0.0 0.0
Nb 3.173165864350e-01 1.778711485304e+01 1.148106896496e+01 1 1 1 0.0 0.0 0.0
Nb 1.498223640401e+01 2.121408989549e+01 1.148538551670e+01 1 1 1 0.0 0.0 0.0
Nb 1.462744332604e+01 2.465086127884e+01 1.148445559352e+01 1 1 1 0.0 0.0 0.0
Nb 1.423868437134e+01 1.947072232798e+00 1.147056548450e+01 1 1 1 0.0 0.0 0.0
Nb 1.378322579947e+01 5.374130408993e+00 1.147961049955e+01 1 1 1 0.0 0.0 0.0
Nb 1.338418604209e+01 8.875414849126e+00 1.148284842930e+01 1 1 1 0.0 0.0 0.0
Nb 1.298651833549e+01 1.223586172783e+01 1.148816285057e+01 1 1 1 0.0 0.0 0.0
Nb 1.258329728408e+01 1.567741052339e+01 1.148361769427e+01 1 1 1 0.0 0.0 0.0
Nb 1.216621676301e+01 1.919944289218e+01 1.148172144051e+01 1 1 1 0.0 0.0 0.0
Nb 1.177783669922e+01 2.255558766569e+01 1.148446077946e+01 1 1 1 0.0 0.0 0.0
Nb 1.140515907069e+01 2.597841327058e+01 1.148948933918e+01 1 1 1 0.0 0.0 0.0
Bi 1.646030968915e+00 8.382912176456e-01 3.836990835572e+01 1 1 1 0.0 0.0 0.0
Bi 4.548361165508e+00 3.866593910482e+00 3.836702460430e+01 1 1 1 0.0 0.0 0.0
Bi 8.614963596950e+00 2.845962447701e+00 3.837001747207e+01 1 1 1 0.0 0.0 0.0
Bi 1.268362495123e+01 1.848820951332e+00 3.835965512318e+01 1 1 1 0.0 0.0 0.0
Bi 3.388527934012e+00 7.880941570282e+00 3.836548078259e+01 1 1 1 0.0 0.0 0.0
Bi 7.458242880197e+00 6.866545879285e+00 3.837370657834e+01 1 1 1 0.0 0.0 0.0
Bi 1.152462776687e+01 5.866461416564e+00 3.837156351632e+01 1 1 1 0.0 0.0 0.0
Bi 4.896284993601e-01 4.860332850058e+00 3.835947536167e+01 1 1 1 0.0 0.0 0.0
Bi 2.225839844176e+00 1.190048712653e+01 3.836635831723e+01 1 1 1 0.0 0.0 0.0
Bi 6.291089804405e+00 1.089592968727e+01 3.836593682755e+01 1 1 1 0.0 0.0 0.0
Bi 1.035715924852e+01 9.889287025070e+00 3.836155709204e+01 1 1 1 0.0 0.0 0.0
Bi 1.442203941969e+01 8.882090102616e+00 3.836690516899e+01 1 1 1 0.0 0.0 0.0
Bi 5.129489279650e+00 1.491994864339e+01 3.837449865085e+01 1 1 1 0.0 0.0 0.0
Bi 9.193422117706e+00 1.390736236817e+01 3.837471688354e+01 1 1 1 0.0 0.0 0.0
Bi 1.326342017372e+01 1.289582232928e+01 3.837461803323e+01 1 1 1 0.0 0.0 0.0
Bi 3.965339443499e+00 1.894274615259e+01 3.839067380015e+01 1 1 1 0.0 0.0 0.0
Bi 8.036013946789e+00 1.793968496201e+01 3.838822180444e+01 1 1 1 0.0 0.0 0.0
Bi 1.210476515537e+01 1.693159478836e+01 3.838710360000e+01 1 1 1 0.0 0.0 0.0
Bi 1.068356371336e+00 1.591530802954e+01 3.837082129231e+01 1 1 1 0.0 0.0 0.0
Bi 2.807869570514e+00 2.295818407628e+01 3.838111214935e+01 1 1 1 0.0 0.0 0.0
Bi 6.882292924190e+00 2.195566476320e+01 3.837374420284e+01 1 1 1 0.0 0.0 0.0
Bi 1.093811458629e+01 2.095582229323e+01 3.838901250109e+01 1 1 1 0.0 0.0 0.0
Bi 1.500561212105e+01 1.994981220951e+01 3.838310063870e+01 1 1 1 0.0 0.0 0.0
Bi 5.712361879511e+00 2.598318274512e+01 3.837587715758e+01 1 1 1 0.0 0.0 0.0
Bi 9.776917030012e+00 2.497213023723e+01 3.837706246170e+01 1 1 1 0.0 0.0 0.0
Bi 1.384227732370e+01 2.397428498804e+01 3.837466195495e+01 1 1 1 0.0 0.0 0.0
Bi 1.063067191815e+00 2.463137088700e+01 3.447048344202e+01 1 1 1 0.0 0.0 0.0
Bi 3.966144216259e+00 1.499354783229e+00 3.447350837793e+01 1 1 1 0.0 0.0 0.0
Bi 8.033894009812e+00 4.952076680140e-01 3.446943514189e+01 1 1 1 0.0 0.0 0.0
Bi 1.209870374749e+01 2.563567866042e+01 3.448261451295e+01 1 1 1 0.0 0.0 0.0
Bi 2.808855586482e+00 5.525566755705e+00 3.446145271476e+01 1 1 1 0.0 0.0 0.0
Bi 6.871684560797e+00 4.516451830312e+00 3.447330834893e+01 1 1 1 0.0 0.0 0.0
Bi 1.093709152792e+01 3.512260793385e+00 3.447146951091e+01 1 1 1 0.0 0.0 0.0
Bi 1.500252580058e+01 2.504469551962e+00 3.447078380303e+01 1 1 1 0.0 0.0 0.0
Bi 1.648958430375e+00 9.549944229412e+00 3.446246063867e+01 1 1 1 0.0 0.0 0.0
Bi 5.707922770322e+00 8.540422525467e+00 3.446561760430e+01 1 1 1 0.0 0.0 0.0
Bi 9.768149303845e+00 7.539291403065e+00 3.447286902598e+01 1 1 1 0.0 0.0 0.0
Bi 1.384186959263e+01 6.532914387840e+00 3.446236321714e+01 1 1 1 0.0 0.0 0.0
Bi 4.547285453997e+00 1.256901897063e+01 3.446376966443e+01 1 1 1 0.0 0.0 0.0
Bi 8.608119006741e+00 1.156013746532e+01 3.447092297665e+01 1 1 1 0.0 0.0 0.0
Bi 1.267465449726e+01 1.055571390791e+01 3.446749798274e+01 1 1 1 0.0 0.0 0.0
Bi 3.394065721005e+00 1.659306819569e+01 3.447879364154e+01 1 1 1 0.0 0.0 0.0
Bi 7.454460532893e+00 1.559282281016e+01 3.448101137048e+01 1 1 1 0.0 0.0 0.0
Bi 1.151489931941e+01 1.457885564690e+01 3.447581093398e+01 1 1 1 0.0 0.0 0.0
Bi 4.819567521928e-01 1.357457729573e+01 3.447158635325e+01 1 1 1 0.0 0.0 0.0
Bi 2.229682835193e+00 2.061107612160e+01 3.447812148060e+01 1 1 1 0.0 0.0 0.0
Bi 6.293032943263e+00 1.960888992560e+01 3.448742658627e+01 1 1 1 0.0 0.0 0.0
Bi 1.035743643156e+01 1.859950120390e+01 3.448272262386e+01 1 1 1 0.0 0.0 0.0
Bi 1.442203396916e+01 1.760168648823e+01 3.448789289726e+01 1 1 1 0.0 0.0 0.0
Bi 5.131624880274e+00 2.362321980504e+01 3.447237181104e+01 1 1 1 0.0 0.0 0.0
Bi 9.192255017284e+00 2.261899119653e+01 3.447749255344e+01 1 1 1 0.0 0.0 0.0
Bi 1.325579552333e+01 2.161800713249e+01 3.448495617520e+01 1 1 1 0.0 0.0 0.0
Bi 1.021233084395e+00 2.458759014815e+01 2.830438054124e+01 1 1 1 0.0 0.0 0.0
Bi 3.928364770757e+00 1.456684734510e+00 2.829970176767e+01 1 1 1 0.0 0.0 0.0
Bi 7.995986820922e+00 4.465208739734e-01 2.830944328581e+01 1 1 1 0.0 0.0 0.0
Bi 1.205308840404e+01 2.558842789468e+01 2.830581842166e+01 1 1 1 0.0 0.0 0.0
Bi 2.765730286576e+00 5.483507060025e+00 2.829477994300e+01 1 1 1 0.0 0.0 0.0
Bi 6.827506939013e+00 4.466933487142e+00 2.830287439695e+01 1 1 1 0.0 0.0 0.0
Bi 1.089410624831e+01 3.467899758766e+00 2.831092656964e+01 1 1 1 0.0 0.0 0.0
Bi 1.496370800348e+01 2.468840735718e+00 2.830629309365e+01 1 1 1 0.0 0.0 0.0
Bi 1.610828563698e+00 9.499735257014e+00 2.829015160002e+01 1 1 1 0.0 0.0 0.0
Bi 5.667371653143e+00 8.496485150154e+00 2.828963300632e+01 1 1 1 0.0 0.0 0.0
Bi 9.726320329445e+00 7.494628419908e+00 2.830830200924e+01 1 1 1 0.0 0.0 0.0
Bi 1.379343505738e+01 6.486297788115e+00 2.830153637228e+01 1 1 1 0.0 0.0 0.0
Bi 4.507276320156e+00 1.252550366709e+01 2.830149208014e+01 1 1 1 0.0 0.0 0.0
Bi 8.565090705024e+00 1.151590994212e+01 2.831311551133e+01 1 1 1 0.0 0.0 0.0
Bi 1.264193874885e+01 1.050598818017e+01 2.830720513064e+01 1 1 1 0.0 0.0 0.0
Bi 3.338102528120e+00 1.654457354590e+01 2.830959489510e+01 1 1 1 0.0 0.0 0.0
Bi 7.407972840746e+00 1.554218366958e+01 2.831084629345e+01 1 1 1 0.0 0.0 0.0
Bi 1.147769768255e+01 1.453694729592e+01 2.830866338438e+01 1 1 1 0.0 0.0 0.0
Bi 4.483846362444e-01 1.352873742237e+01 2.830566517193e+01 1 1 1 0.0 0.0 0.0
Bi 2.177293282106e+00 2.056130758343e+01 2.830487786202e+01 1 1 1 0.0 0.0 0.0
Bi 6.242987433718e+00 1.956041882420e+01 2.830134010044e+01 1 1 1 0.0 0.0 0.0
Bi 1.030072974464e+01 1.855590488332e+01 2.829061367760e+01 1 1 1 0.0 0.0 0.0
Bi 1.437298696417e+01 1.754698850523e+01 2.830551234554e+01 1 1 1 0.0 0.0 0.0
Bi 5.085008227631e+00 2.357096175250e+01 2.829718912826e+01 1 1 1 0.0 0.0 0.0
Bi 9.155602507651e+00 2.256905490917e+01 2.829611913186e+01 1 1 1 0.0 0.0 0.0
Bi 1.320834488734e+01 2.156414837169e+01 2.829508882376e+01 1 1 1 0.0 0.0 0.0
Bi 1.436566484441e+01 1.090068090520e-01 2.447344471050e+01 1 1 1 0.0 0.0 0.0
Bi 2.171202875312e+00 3.137849474353e+00 2.446158997593e+01 1 1 1 0.0 0.0 0.0
Bi 6.251698749591e+00 2.128950929537e+00 2.446481668713e+01 1 1 1 0.0 0.0 0.0
Bi 1.031721313969e+01 1.111745889443e+00 2.446410102782e+01 1 1 1 0.0 0.0 0.0
Bi 1.026016529220e+00 7.155629060284e+00 2.443702117586e+01 1 1 1 0.0 0.0 0.0
Bi 5.086394777859e+00 6.141238608142e+00 2.443431221169e+01 1 1 1 0.0 0.0 0.0
Bi 9.155715963253e+00 5.135445116670e+00 2.444900550594e+01 1 1 1 0.0 0.0 0.0
Bi 1.321582930576e+01 4.131337901419e+00 2.446097390778e+01 1 1 1 0.0 0.0 0.0
Bi -1.306789457782e-01 1.117866528134e+01 2.446745601157e+01 1 1 1 0.0 0.0 0.0
Bi 3.922801477421e+00 1.016366976793e+01 2.444867667520e+01 1 1 1 0.0 0.0 0.0
Bi 7.985718983089e+00 9.150111129503e+00 2.446909032259e+01 1 1 1 0.0 0.0 0.0
Bi 1.205969946833e+01 8.146131869311e+00 2.447270142814e+01 1 1 1 0.0 0.0 0.0
Bi 2.765214391676e+00 1.419683041978e+01 2.444860946969e+01 1 1 1 0.0 0.0 0.0
Bi 6.814261685389e+00 1.319442461522e+01 2.446575724677e+01 1 1 1 0.0 0.0 0.0
Bi 1.089507850567e+01 1.218849528395e+01 2.449217282252e+01 1 1 1 0.0 0.0 0.0
Bi 1.603245347885e+00 1.820889669062e+01 2.445108205038e+01 1 1 1 0.0 0.0 0.0
Bi 5.665500535309e+00 1.720655364648e+01 2.445041010111e+01 1 1 1 0.0 0.0 0.0
Bi 9.720791379712e+00 1.621497724265e+01 2.445904177581e+01 1 1 1 0.0 0.0 0.0
Bi 1.380282647185e+01 1.521108953013e+01 2.446223461966e+01 1 1 1 0.0 0.0 0.0
Bi 4.339505859299e-01 2.223118772427e+01 2.445973192878e+01 1 1 1 0.0 0.0 0.0
Bi 4.518622779976e+00 2.122158812544e+01 2.446940846395e+01 1 1 1 0.0 0.0 0.0
Bi 8.576021496115e+00 2.021860826940e+01 2.443525875104e+01 1 1 1 0.0 0.0 0.0
Bi 1.263476479873e+01 1.921639884251e+01 2.443894775148e+01 1 1 1 0.0 0.0 0.0
Bi 3.342700655072e+00 2.525361512086e+01 2.448285443451e+01 1 1 1 0.0 0.0 0.0
Bi 7.423293792129e+00 2.424766049492e+01 2.446197775702e+01 1 1 1 0.0 0.0 0.0
Bi 1.146866864865e+01 2.323081767665e+01 2.443877852059e+01 1 1 1 0.0 0.0 0.0
Se 1.219619211411e+01 1.702405385441e+00 9.821586416214e+00 1 1 1 0.0 0.0 0.0
Se 1.180242751306e+01 5.145790849394e+00 9.784172473438e+00 1 1 1 0.0 0.0 0.0
Se 1.139752103211e+01 8.574978064415e+00 9.807508078846e+00 1 1 1 0.0 0.0 0.0
Se 1.099967467527e+01 1.203271539746e+01 9.790089098423e+00 1 1 1 0.0 0.0 0.0
Se 1.059523757454e+01 1.546816759485e+01 9.787214131347e+00 1 1 1 0.0 0.0 0.0
Se 1.020174280097e+01 1.889843179140e+01 9.780526548028e+00 1 1 1 0.0 0.0 0.0
Se 9.819159397679e+00 2.235372638935e+01 9.776876918377e+00 1 1 1 0.0 0.0 0.0
Se 9.415781762721e+00 2.578803291799e+01 9.797770688287e+00 1 1 1 0.0 0.0 0.0
Se 9.011718102378e+00 3.073376105867e+00 9.794949379784e+00 1 1 1 0.0 0.0 0.0
Se 8.620732740237e+00 6.524096019410e+00 9.765456797084e+00 1 1 1 0.0 0.0 0.0
Se 8.222258620421e+00 9.961983543417e+00 9.816592676351e+00 1 1 1 0.0 0.0 0.0
Se 7.815775561695e+00 1.341164060445e+01 9.788219832709e+00 1 1 1 0.0 0.0 0.0
Se 7.429901099260e+00 1.683952524968e+01 9.773496057851e+00 1 1 1 0.0 0.0 0.0
Se 7.038653159368e+00 2.027814335579e+01 9.813569063385e+00 1 1 1 0.0 0.0 0.0
Se 6.649293747243e+00 2.373924556821e+01 9.811421609191e+00 1 1 1 0.0 0.0 0.0
Se 6.253145414354e+00 1.007383192846e+00 9.788147547097e+00 1 1 1 0.0 0.0 0.0
Se 5.850020726121e+00 4.439653394520e+00 9.817697439693e+00 1 1 1 0.0 0.0 0.0
Se 5.453473975682e+00 7.900917641007e+00 9.793970825216e+00 1 1 1 0.0 0.0 0.0
Se 5.045454768320e+00 1.133836975797e+01 9.816602942389e+00 1 1 1 0.0 0.0 0.0
Se 4.654718436992e+00 1.477866874270e+01 9.794541595796e+00 1 1 1 0.0 0.0 0.0
Se 4.259442823223e+00 1.821595369258e+01 9.791275196309e+00 1 1 1 0.0 0.0 0.0
Se 3.850579578149e+00 2.165274238003e+01 9.827434353992e+00 1 1 1 0.0 0.0 0.0
Se 3.471943413797e+00 2.509700527278e+01 9.795035900265e+00 1 1 1 0.0 0.0 0.0
Se 3.073813153357e+00 2.379875297864e+00 9.766988712302e+00 1 1 1 0.0 0.0 0.0
Se 2.661269956776e+00 5.825055466457e+00 9.808824618924e+00 1 1 1 0.0 0.0 0.0
Se 2.267410844667e+00 9.285172139162e+00 9.760518885420e+00 1 1 1 0.0 0.0 0.0
Se 1.861970053450e+00 1.270835107570e+01 9.775112006416e+00 1 1 1 0.0 0.0 0.0
Se 1.461602854944e+00 1.615024235477e+01 9.796916119948e+00 1 1 1 0.0 0.0 0.0
Se 1.062727407103e+00 1.960529474829e+01 9.775400513852e+00 1 1 1 0.0 0.0 0.0
Se 6.814348787964e-01 2.301948264586e+01 9.782046768429e+00 1 1 1 0.0 0.0 0.0
Se 2.941378291632e-01 3.204195230699e-01 9.774266169501e+00 1 1 1 0.0 0.0 0.0
Se 1.497878167034e+01 3.776981447605e+00 9.772287734520e+00 1 1 1 0.0 0.0 0.0
Se 1.457920712643e+01 7.207664011697e+00 9.802125658293e+00 1 1 1 0.0 0.0 0.0
Se 1.418588735177e+01 1.065174883630e+01 9.767505242215e+00 1 1 1 0.0 0.0 0.0
Se 1.379187165612e+01 1.408418694592e+01 9.811063144523e+00 1 1 1 0.0 0.0 0.0
Se 1.338605213274e+01 1.753942799112e+01 9.823248773624e+00 1 1 1 0.0 0.0 0.0
Se 1.299786749411e+01 2.097374875463e+01 9.779392679936e+00 1 1 1 0.0 0.0 0.0
Se 1.260916923604e+01 2.439533560850e+01 9.805159378544e+00 1 1 1 0.0 0.0 0.0
Se 1.299236780788e+01 3.524790017274e+00 1.621244354199e+01 1 1 1 0.0 0.0 0.0
Se 1.260013713292e+01 6.966665262276e+00 1.624339051544e+01 1 1 1 0.0 0.0 0.0
Se 1.219557033085e+01 1.040326842018e+01 1.616971523085e+01 1 1 1 0.0 0.0 0.0
Se 1.181293967203e+01 1.387123374401e+01 1.622857831506e+01 1 1 1 0.0 0.0 0.0
Se 1.139629974394e+01 1.730417219071e+01 1.623780732504e+01 1 1 1 0.0 0.0 0.0
Se 1.100996696109e+01 2.074303228959e+01 1.627553967376e+01 1 1 1 0.0 0.0 0.0
Se 1.062216274798e+01 2.417009088912e+01 1.622555830050e+01 1 1 1 0.0 0.0 0.0
Se 1.022537633317e+01 1.473805470635e+00 1.627031177297e+01 1 1 1 0.0 0.0 0.0
Se 9.802773529999e+00 4.893630905109e+00 1.623432787879e+01 1 1 1 0.0 0.0 0.0
Se 9.399314930922e+00 8.347326541075e+00 1.624508515266e+01 1 1 1 0.0 0.0 0.0
Se 9.008518379224e+00 1.179760263366e+01 1.619108901744e+01 1 1 1 0.0 0.0 0.0
Se 8.626570570730e+00 1.525311742225e+01 1.626942254352e+01 1 1 1 0.0 0.0 0.0
Se 8.212283788031e+00 1.867272012602e+01 1.623721723949e+01 1 1 1 0.0 0.0 0.0
Se 7.831088945844e+00 2.210734723025e+01 1.625518423587e+01 1 1 1 0.0 0.0 0.0
Se 7.453057684005e+00 2.553954324127e+01 1.620723993043e+01 1 1 1 0.0 0.0 0.0
Se 7.042624370033e+00 2.848006924002e+00 1.625965461943e+01 1 1 1 0.0 0.0 0.0
Se 6.621267885123e+00 6.274935081347e+00 1.622106944865e+01 1 1 1 0.0 0.0 0.0
Se 6.238921447408e+00 9.731785883743e+00 1.624778088740e+01 1 1 1 0.0 0.0 0.0
Se 5.843053472626e+00 1.317623859237e+01 1.621533168557e+01 1 1 1 0.0 0.0 0.0
Se 5.447068867178e+00 1.661620615339e+01 1.624468625885e+01 1 1 1 0.0 0.0 0.0
Se 5.042047448931e+00 2.001961566292e+01 1.619505758222e+01 1 1 1 0.0 0.0 0.0
Se 4.663778692343e+00 2.348078042408e+01 1.620932319542e+01 1 1 1 0.0 0.0 0.0
Se 4.265098405071e+00 7.864091455402e-01 1.619799843187e+01 1 1 1 0.0 0.0 0.0
Se 3.855693441248e+00 4.237990930068e+00 1.625318696218e+01 1 1 1 0.0 0.0 0.0
Se 3.452662258635e+00 7.649328573138e+00 1.622767183443e+01 1 1 1 0.0 0.0 0.0
Se 3.075879960939e+00 1.111116507190e+01 1.627560021164e+01 1 1 1 0.0 0.0 0.0
Se 2.666890877515e+00 1.454906249152e+01 1.622509521749e+01 1 1 1 0.0 0.0 0.0
Se 2.252578905979e+00 1.797523524835e+01 1.625769549942e+01 1 1 1 0.0 0.0 0.0
Se 1.845181746473e+00 2.140248974930e+01 1.621067571955e+01 1 1 1 0.0 0.0 0.0
Se 1.461877445019e+00 2.487882152419e+01 1.623597039205e+01 1 1 1 0.0 0.0 0.0
Se 1.058881399775e+00 2.171394754982e+00 1.621160431979e+01 1 1 1 0.0 0.0 0.0
Se 6.736323719309e-01 5.595231564674e+00 1.626714930389e+01 1 1 1 0.0 0.0 0.0
Se 2.828470387900e-01 9.016707555905e+00 1.620667831461e+01 1 1 1 0.0 0.0 0.0
Se 1.499564279210e+01 1.248606530383e+01 1.623018569095e+01 1 1 1 0.0 0.0 0.0
Se 1.458147015294e+01 1.592551935125e+01 1.620905437338e+01 1 1 1 0.0 0.0 0.0
Se 1.417566851575e+01 1.935524913170e+01 1.625927144219e+01 1 1 1 0.0 0.0 0.0
Se 1.378062790960e+01 2.279311109645e+01 1.621479171311e+01 1 1 1 0.0 0.0 0.0
Se 1.339112747174e+01 1.142167178216e-01 1.623904094304e+01 1 1 1 0.0 0.0 0.0
Se 1.220915081826e+01 1.706737442072e+00 1.312393122051e+01 1 1 1 0.0 0.0 0.0
Se 1.180393572114e+01 5.147988575427e+00 1.316831157010e+01 1 1 1 0.0 0.0 0.0
Se 1.140501989707e+01 8.570788673970e+00 1.314709389080e+01 1 1 1 0.0 0.0 0.0
Se 1.099771777780e+01 1.203212102557e+01 1.316048265729e+01 1 1 1 0.0 0.0 0.0
Se 1.059516936359e+01 1.547028361591e+01 1.315785402222e+01 1 1 1 0.0 0.0 0.0
Se 1.020464793115e+01 1.889987173562e+01 1.316361337573e+01 1 1 1 0.0 0.0 0.0
Se 9.818662341489e+00 2.234637775781e+01 1.318868642880e+01 1 1 1 0.0 0.0 0.0
Se 9.425910797362e+00 2.578711490130e+01 1.317098968324e+01 1 1 1 0.0 0.0 0.0
Se 9.018941636415e+00 3.076945671001e+00 1.317149113160e+01 1 1 1 0.0 0.0 0.0
Se 8.623652528626e+00 6.525085475030e+00 1.319564473920e+01 1 1 1 0.0 0.0 0.0
Se 8.223723065540e+00 9.960668326282e+00 1.314589027714e+01 1 1 1 0.0 0.0 0.0
Se 7.821398493307e+00 1.341330730112e+01 1.316600848488e+01 1 1 1 0.0 0.0 0.0
Se 7.430741538567e+00 1.683872481617e+01 1.318980574452e+01 1 1 1 0.0 0.0 0.0
Se 7.037280156078e+00 2.027150752601e+01 1.313971848289e+01 1 1 1 0.0 0.0 0.0
Se 6.643947628249e+00 2.372817719103e+01 1.315831281890e+01 1 1 1 0.0 0.0 0.0
Se 6.246317757817e+00 1.012168278120e+00 1.317581604434e+01 1 1 1 0.0 0.0 0.0
Se 5.847736902950e+00 4.444035670072e+00 1.313582490252e+01 1 1 1 0.0 0.0 0.0
Se 5.445940767118e+00 7.909295469378e+00 1.316076010492e+01 1 1 1 0.0 0.0 0.0
Se 5.035694570222e+00 1.133847585801e+01 1.313799601094e+01 1 1 1 0.0 0.0 0.0
Se 4.642079832166e+00 1.477433065345e+01 1.315417036648e+01 1 1 1 0.0 0.0 0.0
Se 4.257638170051e+00 1.821449528008e+01 1.316250384979e+01 1 1 1 0.0 0.0 0.0
Se 3.845311195293e+00 2.165381735069e+01 1.312845616225e+01 1 1 1 0.0 0.0 0.0
Se 3.454828022361e+00 2.510103855593e+01 1.317169306564e+01 1 1 1 0.0 0.0 0.0
Se 3.061491102361e+00 2.383607955425e+00 1.317203904172e+01 1 1 1 0.0 0.0 0.0
Se 2.650375784751e+00 5.820232121668e+00 1.312690842463e+01 1 1 1 0.0 0.0 0.0
Se 2.255776512423e+00 9.280479712825e+00 1.317986414446e+01 1 1 1 0.0 0.0 0.0
Se 1.862091711300e+00 1.270162734957e+01 1.317575788776e+01 1 1 1 0.0 0.0 0.0
Se 1.462955114486e+00 1.615244383796e+01 1.315808813024e+01 1 1 1 0.0 0.0 0.0
Se 1.062627921780e+00 1.960328234013e+01 1.317042468069e+01 1 1 1 0.0 0.0 0.0
Se 6.723819790092e-01 2.302605280474e+01 1.316738312862e+01 1 1 1 0.0 0.0 0.0
Se 2.818259383703e-01 3.217881341890e-01 1.315981166054e+01 1 1 1 0.0 0.0 0.0
Se 1.497647795010e+01 3.769732883484e+00 1.315599983806e+01 1 1 1 0.0 0.0 0.0
Se 1.457973842039e+01 7.209405798612e+00 1.312972460012e+01 1 1 1 0.0 0.0 0.0
Se 1.419341341644e+01 1.064770152995e+01 1.317202956945e+01 1 1 1 0.0 0.0 0.0
Se 1.378038676353e+01 1.408617252479e+01 1.313715726500e+01 1 1 1 0.0 0.0 0.0
Se 1.338442480687e+01 1.753285015916e+01 1.312172862605e+01 1 1 1 0.0 0.0 0.0
Se 1.299958186964e+01 2.097245491626e+01 1.316479153596e+01 1 1 1 0.0 0.0 0.0
Se 1.261605637210e+01 2.439637210798e+01 1.314871655991e+01 1 1 1 0.0 0.0 0.0
Se 1.298882523079e+01 3.528813087309e+00 1.963244847338e+01 1 1 1 0.0 0.0 0.0
Se 1.258992681665e+01 6.984808845106e+00 1.955754158167e+01 1 1 1 0.0 0.0 0.0
Se 1.219368249101e+01 1.041145817896e+01 1.957265525432e+01 1 1 1 0.0 0.0 0.0
Se 1.182299446310e+01 1.385153882516e+01 1.954602414468e+01 1 1 1 0.0 0.0 0.0
Se 1.140348274300e+01 1.728079996624e+01 1.962232139670e+01 1 1 1 0.0 0.0 0.0
Se 1.100655461452e+01 2.074291153134e+01 1.960253318389e+01 1 1 1 0.0 0.0 0.0
Se 1.060208481064e+01 2.418272621305e+01 1.963282567092e+01 1 1 1 0.0 0.0 0.0
Se 1.021586760010e+01 1.469199829366e+00 1.958481368371e+01 1 1 1 0.0 0.0 0.0
Se 9.804655072626e+00 4.901766423217e+00 1.961040845263e+01 1 1 1 0.0 0.0 0.0
Se 9.422504747999e+00 8.372120135640e+00 1.953763599735e+01 1 1 1 0.0 0.0 0.0
Se 9.023424561480e+00 1.178909886110e+01 1.956763161594e+01 1 1 1 0.0 0.0 0.0
Se 8.630804941241e+00 1.522790434888e+01 1.955590922861e+01 1 1 1 0.0 0.0 0.0
Se 8.199358263300e+00 1.866799457319e+01 1.963122681478e+01 1 1 1 0.0 0.0 0.0
Se 7.809021196207e+00 2.211604928552e+01 1.957898675427e+01 1 1 1 0.0 0.0 0.0
Se 7.420194083476e+00 2.553896575014e+01 1.959354045156e+01 1 1 1 0.0 0.0 0.0
Se 7.036204285813e+00 2.840780214901e+00 1.957473116375e+01 1 1 1 0.0 0.0 0.0
Se 6.634551133674e+00 6.286552532836e+00 1.964334470920e+01 1 1 1 0.0 0.0 0.0
Se 6.240154906657e+00 9.736805182868e+00 1.957455695860e+01 1 1 1 0.0 0.0 0.0
Se 5.845096255560e+00 1.316360411513e+01 1.960861639388e+01 1 1 1 0.0 0.0 0.0
Se 5.444674869303e+00 1.661573343936e+01 1.960734319342e+01 1 1 1 0.0 0.0 0.0
Se 5.026898374318e+00 2.004835856021e+01 1.962162177146e+01 1 1 1 0.0 0.0 0.0
Se 4.648420804388e+00 2.348802226765e+01 1.953047517082e+01 1 1 1 0.0 0.0 0.0
Se 4.259834467305e+00 7.577027085608e-01 1.958053062889e+01 1 1 1 0.0 0.0 0.0
Se 3.863281313821e+00 4.220439390744e+00 1.959221189916e+01 1 1 1 0.0 0.0 0.0
Se 3.446969158119e+00 7.660637355538e+00 1.963275073943e+01 1 1 1 0.0 0.0 0.0
Se 3.058553163193e+00 1.111615981720e+01 1.955921192965e+01 1 1 1 0.0 0.0 0.0
Se 2.649521798507e+00 1.454670146139e+01 1.961211150377e+01 1 1 1 0.0 0.0 0.0
Se 2.258951946341e+00 1.798558203943e+01 1.957467702892e+01 1 1 1 0.0 0.0 0.0
Se 1.866448268838e+00 2.142859390424e+01 1.956814004944e+01 1 1 1 0.0 0.0 0.0
Se 1.486069312134e+00 2.487148643959e+01 1.951259458908e+01 1 1 1 0.0 0.0 0.0
Se 1.075865290664e+00 2.143726457930e+00 1.960511022418e+01 1 1 1 0.0 0.0 0.0
Se 6.684223573259e-01 5.593969900277e+00 1.958366933791e+01 1 1 1 0.0 0.0 0.0
Se 2.632630354883e-01 9.036126138399e+00 1.960337192983e+01 1 1 1 0.0 0.0 0.0
Se 1.497237899605e+01 1.247926945084e+01 1.955498375052e+01 1 1 1 0.0 0.0 0.0
Se 1.458636477790e+01 1.590313801117e+01 1.962529262111e+01 1 1 1 0.0 0.0 0.0
Se 1.419577973835e+01 1.935940539565e+01 1.959848513669e+01 1 1 1 0.0 0.0 0.0
Se 1.379721581715e+01 2.280938700109e+01 1.961936895807e+01 1 1 1 0.0 0.0 0.0
Se 1.340377454340e+01 1.061115215696e-01 1.959656337660e+01 1 1 1 0.0 0.0 0.0
Se 1.063611662286e+00 2.464240915399e+01 3.994199447716e+01 1 1 1 0.0 0.0 0.0
Se 3.962359910998e+00 1.515563111942e+00 3.993290898005e+01 1 1 1 0.0 0.0 0.0
Se 8.028912758532e+00 4.973336905295e-01 3.993621543826e+01 1 1 1 0.0 0.0 0.0
Se 1.209448239474e+01 2.565192805329e+01 3.993088387164e+01 1 1 1 0.0 0.0 0.0
Se 2.800977142682e+00 5.536197662049e+00 3.993477057269e+01 1 1 1 0.0 0.0 0.0
Se 6.864791868376e+00 4.522690459653e+00 3.994105232998e+01 1 1 1 0.0 0.0 0.0
Se 1.093612360981e+01 3.517237970000e+00 3.993330004204e+01 1 1 1 0.0 0.0 0.0
Se 1.500085196002e+01 2.516562998386e+00 3.992751306548e+01 1 1 1 0.0 0.0 0.0
Se 1.638842043070e+00 9.550015086245e+00 3.993445110839e+01 1 1 1 0.0 0.0 0.0
Se 5.703368247576e+00 8.542522406627e+00 3.993001792599e+01 1 1 1 0.0 0.0 0.0
Se 9.773125686694e+00 7.542096148320e+00 3.992994140696e+01 1 1 1 0.0 0.0 0.0
Se 1.384480991309e+01 6.539190006671e+00 3.993279552445e+01 1 1 1 0.0 0.0 0.0
Se 4.537890652789e+00 1.256698121488e+01 3.993471913667e+01 1 1 1 0.0 0.0 0.0
Se 8.609136138331e+00 1.155566528255e+01 3.993643933315e+01 1 1 1 0.0 0.0 0.0
Se 1.267499031314e+01 1.054677594542e+01 3.993920566014e+01 1 1 1 0.0 0.0 0.0
Se 3.379897952682e+00 1.658637076967e+01 3.994634341454e+01 1 1 1 0.0 0.0 0.0
Se 7.449089965910e+00 1.558153879326e+01 3.994683957113e+01 1 1 1 0.0 0.0 0.0
Se 1.151814042422e+01 1.456934913638e+01 3.993702317441e+01 1 1 1 0.0 0.0 0.0
Se 4.786960149022e-01 1.356821081716e+01 3.993988089031e+01 1 1 1 0.0 0.0 0.0
Se 2.217578858142e+00 2.062279501637e+01 3.995481591272e+01 1 1 1 0.0 0.0 0.0
Se 6.289088085625e+00 1.961914289355e+01 3.994860278972e+01 1 1 1 0.0 0.0 0.0
Se 1.035487680121e+01 1.860758565640e+01 3.995465673621e+01 1 1 1 0.0 0.0 0.0
Se 1.442754254557e+01 1.759696559216e+01 3.994560357183e+01 1 1 1 0.0 0.0 0.0
Se 5.129786465593e+00 2.363253946308e+01 3.994395947104e+01 1 1 1 0.0 0.0 0.0
Se 9.190695267342e+00 2.262949557659e+01 3.994804842364e+01 1 1 1 0.0 0.0 0.0
Se 1.325882363430e+01 2.162943757274e+01 3.994474826264e+01 1 1 1 0.0 0.0 0.0
Se 1.442375464191e+01 1.604417263820e-01 3.641121263881e+01 1 1 1 0.0 0.0 0.0
Se 2.224977020671e+00 3.183895250579e+00 3.641106923178e+01 1 1 1 0.0 0.0 0.0
Se 6.287710637246e+00 2.174845837329e+00 3.641772882162e+01 1 1 1 0.0 0.0 0.0
Se 1.034731115408e+01 1.168745952230e+00 3.641847374443e+01 1 1 1 0.0 0.0 0.0
Se 1.060018284177e+00 7.206558613341e+00 3.640643612621e+01 1 1 1 0.0 0.0 0.0
Se 5.129206011069e+00 6.202313600335e+00 3.641185722962e+01 1 1 1 0.0 0.0 0.0
Se 9.193976007533e+00 5.190933161303e+00 3.641772405902e+01 1 1 1 0.0 0.0 0.0
Se 1.326009889855e+01 4.190801919313e+00 3.640504359628e+01 1 1 1 0.0 0.0 0.0
Se 1.499989192666e+01 1.122491076906e+01 3.640217566726e+01 1 1 1 0.0 0.0 0.0
Se 3.963051598580e+00 1.022559557130e+01 3.641087179574e+01 1 1 1 0.0 0.0 0.0
Se 8.028560326484e+00 9.216457309191e+00 3.641672862370e+01 1 1 1 0.0 0.0 0.0
Se 1.209593128204e+01 8.207776203306e+00 3.640982725277e+01 1 1 1 0.0 0.0 0.0
Se 2.807512957966e+00 1.424167422280e+01 3.640889029154e+01 1 1 1 0.0 0.0 0.0
Se 6.866993880744e+00 1.324020728452e+01 3.641269100129e+01 1 1 1 0.0 0.0 0.0
Se 1.093217277247e+01 1.223255606339e+01 3.641332511439e+01 1 1 1 0.0 0.0 0.0
Se 1.646205597408e+00 1.826999967629e+01 3.642557683773e+01 1 1 1 0.0 0.0 0.0
Se 5.705504271541e+00 1.726764403773e+01 3.643363689516e+01 1 1 1 0.0 0.0 0.0
Se 9.776991961511e+00 1.625797067159e+01 3.642952995053e+01 1 1 1 0.0 0.0 0.0
Se 1.383313774468e+01 1.525268979412e+01 3.642335027153e+01 1 1 1 0.0 0.0 0.0
Se 4.861427029855e-01 2.228950385088e+01 3.642464522118e+01 1 1 1 0.0 0.0 0.0
Se 4.548148330419e+00 2.128594025941e+01 3.642733016071e+01 1 1 1 0.0 0.0 0.0
Se 8.616492760447e+00 2.027340113388e+01 3.642663513931e+01 1 1 1 0.0 0.0 0.0
Se 1.267695435450e+01 1.927163346416e+01 3.643443330692e+01 1 1 1 0.0 0.0 0.0
Se 3.387393325073e+00 2.530002618815e+01 3.641936355598e+01 1 1 1 0.0 0.0 0.0
Se 7.446658713957e+00 2.430487074691e+01 3.641889655705e+01 1 1 1 0.0 0.0 0.0
Se 1.151690204363e+01 2.329744125105e+01 3.642533833754e+01 1 1 1 0.0 0.0 0.0
Se 1.651133454703e+00 8.294888303681e-01 3.289613387074e+01 1 1 1 0.0 0.0 0.0
Se 4.551891465690e+00 3.849426977183e+00 3.290130250368e+01 1 1 1 0.0 0.0 0.0
Se 8.617722039196e+00 2.840184943414e+00 3.290138865374e+01 1 1 1 0.0 0.0 0.0
Se 1.268042755646e+01 1.836180282714e+00 3.289523315814e+01 1 1 1 0.0 0.0 0.0
Se 3.391650450205e+00 7.873841652050e+00 3.288496278026e+01 1 1 1 0.0 0.0 0.0
Se 7.451595091007e+00 6.865528694777e+00 3.289892014771e+01 1 1 1 0.0 0.0 0.0
Se 1.151456112223e+01 5.862500048596e+00 3.289955383746e+01 1 1 1 0.0 0.0 0.0
Se 4.865325478649e-01 4.853365649480e+00 3.289468392508e+01 1 1 1 0.0 0.0 0.0
Se 2.222464434175e+00 1.189893002247e+01 3.289429778444e+01 1 1 1 0.0 0.0 0.0
Se 6.291410062476e+00 1.088768801621e+01 3.288949909931e+01 1 1 1 0.0 0.0 0.0
Se 1.035526849821e+01 9.882279342433e+00 3.289652630859e+01 1 1 1 0.0 0.0 0.0
Se 1.442578123202e+01 8.882206574528e+00 3.289594146189e+01 1 1 1 0.0 0.0 0.0
Se 5.135758125013e+00 1.492082226211e+01 3.289869911037e+01 1 1 1 0.0 0.0 0.0
Se 9.190739665314e+00 1.391606659306e+01 3.290307863420e+01 1 1 1 0.0 0.0 0.0
Se 1.325836922980e+01 1.290290224461e+01 3.289582525457e+01 1 1 1 0.0 0.0 0.0
Se 3.975376824640e+00 1.894028553130e+01 3.290318378172e+01 1 1 1 0.0 0.0 0.0
Se 8.037301011694e+00 1.794178738322e+01 3.291022639006e+01 1 1 1 0.0 0.0 0.0
Se 1.210718497709e+01 1.692746191404e+01 3.290636964043e+01 1 1 1 0.0 0.0 0.0
Se 1.070069476844e+00 1.592741819797e+01 3.290557153530e+01 1 1 1 0.0 0.0 0.0
Se 2.812220254185e+00 2.295078570207e+01 3.289186806710e+01 1 1 1 0.0 0.0 0.0
Se 6.879332071647e+00 2.194110979588e+01 3.290757081987e+01 1 1 1 0.0 0.0 0.0
Se 1.094001211007e+01 2.094746261564e+01 3.290093213253e+01 1 1 1 0.0 0.0 0.0
Se 1.500436156938e+01 1.994805433561e+01 3.290662279883e+01 1 1 1 0.0 0.0 0.0
Se 5.712487294519e+00 2.597854138439e+01 3.289964131046e+01 1 1 1 0.0 0.0 0.0
Se 9.775858940103e+00 2.496514536213e+01 3.290270461172e+01 1 1 1 0.0 0.0 0.0
Se 1.383293803318e+01 2.395722637732e+01 3.290745159623e+01 1 1 1 0.0 0.0 0.0
Se 1.437501434805e+01 1.169030861261e-01 2.986706794556e+01 1 1 1 0.0 0.0 0.0
Se 2.187392735739e+00 3.137504292034e+00 2.986838490898e+01 1 1 1 0.0 0.0 0.0
Se 6.245591567878e+00 2.118284409564e+00 2.986953888580e+01 1 1 1 0.0 0.0 0.0
Se 1.031793525497e+01 1.116989930145e+00 2.987352750640e+01 1 1 1 0.0 0.0 0.0
Se 1.018663875934e+00 7.159580903062e+00 2.985713042016e+01 1 1 1 0.0 0.0 0.0
Se 5.086278623453e+00 6.152424568502e+00 2.986583861389e+01 1 1 1 0.0 0.0 0.0
Se 9.144822902501e+00 5.146154923341e+00 2.986692644356e+01 1 1 1 0.0 0.0 0.0
Se 1.321017488810e+01 4.137096937420e+00 2.987081658427e+01 1 1 1 0.0 0.0 0.0
Se 1.496332715461e+01 1.117397237874e+01 2.986601467116e+01 1 1 1 0.0 0.0 0.0
Se 3.922300346566e+00 1.017677373123e+01 2.985263326023e+01 1 1 1 0.0 0.0 0.0
Se 7.977709409166e+00 9.172233701904e+00 2.986800495971e+01 1 1 1 0.0 0.0 0.0
Se 1.204898664534e+01 8.164931631930e+00 2.986966705253e+01 1 1 1 0.0 0.0 0.0
Se 2.764618008916e+00 1.419347929901e+01 2.987598833936e+01 1 1 1 0.0 0.0 0.0
Se 6.823245210038e+00 1.319531527345e+01 2.987344961151e+01 1 1 1 0.0 0.0 0.0
Se 1.089151809530e+01 1.218424588480e+01 2.986524874001e+01 1 1 1 0.0 0.0 0.0
Se 1.588932055819e+00 1.821792916417e+01 2.986825150339e+01 1 1 1 0.0 0.0 0.0
Se 5.660344338030e+00 1.721859285224e+01 2.987257038351e+01 1 1 1 0.0 0.0 0.0
Se 9.731053290760e+00 1.621294954127e+01 2.986948686768e+01 1 1 1 0.0 0.0 0.0
Se 1.379553742567e+01 1.520140003011e+01 2.987589822047e+01 1 1 1 0.0 0.0 0.0
Se 4.329022328820e-01 2.224079721269e+01 2.985848469058e+01 1 1 1 0.0 0.0 0.0
Se 4.493288207509e+00 2.123166847577e+01 2.987334261187e+01 1 1 1 0.0 0.0 0.0
Se 8.562430425158e+00 2.022332874213e+01 2.986648505682e+01 1 1 1 0.0 0.0 0.0
Se 1.262201252663e+01 1.921951823656e+01 2.986686611735e+01 1 1 1 0.0 0.0 0.0
Se 3.347757843288e+00 2.525145909400e+01 2.986119640647e+01 1 1 1 0.0 0.0 0.0
Se 7.401390193274e+00 2.424068895509e+01 2.985860920598e+01 1 1 1 0.0 0.0 0.0
Se 1.147271521416e+01 2.324062227272e+01 2.986801522575e+01 1 1 1 0.0 0.0 0.0
Se 1.602283991577e+00 7.912372000068e-01 2.638065153400e+01 1 1 1 0.0 0.0 0.0
Se 4.504106601352e+00 3.798941985932e+00 2.637201271541e+01 1 1 1 0.0 0.0 0.0
Se 8.573951460552e+00 2.787251343197e+00 2.637922032121e+01 1 1 1 0.0 0.0 0.0
Se 1.264068507503e+01 1.795468666076e+00 2.639001151534e+01 1 1 1 0.0 0.0 0.0
Se 3.350003989039e+00 7.818719057225e+00 2.636478711758e+01 1 1 1 0.0 0.0 0.0
Se 7.408790260842e+00 6.802767955540e+00 2.637482963174e+01 1 1 1 0.0 0.0 0.0
Se 1.146533292695e+01 5.811988704318e+00 2.638461612995e+01 1 1 1 0.0 0.0 0.0
Se 4.395895516129e-01 4.820174011973e+00 2.637894456695e+01 1 1 1 0.0 0.0 0.0
Se 2.197813082455e+00 1.185374706975e+01 2.637529689525e+01 1 1 1 0.0 0.0 0.0
Se 6.252631900752e+00 1.084457467571e+01 2.637674996306e+01 1 1 1 0.0 0.0 0.0
Se 1.030989070243e+01 9.838433779372e+00 2.638735890855e+01 1 1 1 0.0 0.0 0.0
Se 1.438052414156e+01 8.828577688324e+00 2.637588602828e+01 1 1 1 0.0 0.0 0.0
Se 5.087416195785e+00 1.487702337249e+01 2.638355359495e+01 1 1 1 0.0 0.0 0.0
Se 9.147741685453e+00 1.386852356273e+01 2.638840149356e+01 1 1 1 0.0 0.0 0.0
Se 1.322607026139e+01 1.285877489466e+01 2.638893045914e+01 1 1 1 0.0 0.0 0.0
Se 3.916961265630e+00 1.888581414200e+01 2.638565289402e+01 1 1 1 0.0 0.0 0.0
Se 7.981041797056e+00 1.789406723726e+01 2.637799220665e+01 1 1 1 0.0 0.0 0.0
Se 1.205329832865e+01 1.687604520041e+01 2.637505400290e+01 1 1 1 0.0 0.0 0.0
Se 1.027234377741e+00 1.586670288755e+01 2.638021549195e+01 1 1 1 0.0 0.0 0.0
Se 2.757054796002e+00 2.290153808599e+01 2.637432564333e+01 1 1 1 0.0 0.0 0.0
Se 6.838774445587e+00 2.189919170803e+01 2.637320468716e+01 1 1 1 0.0 0.0 0.0
Se 1.089764152276e+01 2.089350013610e+01 2.636550584612e+01 1 1 1 0.0 0.0 0.0
Se 1.495390335449e+01 1.988602280262e+01 2.637621951579e+01 1 1 1 0.0 0.0 0.0
Se 5.681358548682e+00 2.592160514038e+01 2.637903071700e+01 1 1 1 0.0 0.0 0.0
Se 9.745785056194e+00 2.491483939155e+01 2.637618485468e+01 1 1 1 0.0 0.0 0.0
Se 1.380066324818e+01 2.390845290405e+01 2.637771258939e+01 1 1 1 0.0 0.0 0.0
Se 1.023499973895e+00 2.458707954502e+01 2.292339337096e+01 1 1 1 0.0 0.0 0.0
Se 3.919489939114e+00 1.460910320678e+00 2.292574159500e+01 1 1 1 0.0 0.0 0.0
Se 8.006104266581e+00 4.510070270195e-01 2.291306044432e+01 1 1 1 0.0 0.0 0.0
Se 1.206336677250e+01 2.558601389391e+01 2.289762143350e+01 1 1 1 0.0 0.0 0.0
Se 2.761708010306e+00 5.474453842731e+00 2.287504366282e+01 1 1 1 0.0 0.0 0.0
Se 6.838499643842e+00 4.459508865750e+00 2.288962334272e+01 1 1 1 0.0 0.0 0.0
Se 1.090538925978e+01 3.454513320651e+00 2.289490855341e+01 1 1 1 0.0 0.0 0.0
Se 1.494992156028e+01 2.457700496272e+00 2.291017224782e+01 1 1 1 0.0 0.0 0.0
Se 1.612884099804e+00 9.510410773000e+00 2.289005388133e+01 1 1 1 0.0 0.0 0.0
Se 5.683661316399e+00 8.484806472857e+00 2.288497314473e+01 1 1 1 0.0 0.0 0.0
Se 9.743140916234e+00 7.483041501946e+00 2.290742158448e+01 1 1 1 0.0 0.0 0.0
Se 1.380129714961e+01 6.481942659356e+00 2.289430518551e+01 1 1 1 0.0 0.0 0.0
Se 4.515941174266e+00 1.250983647503e+01 2.289206078604e+01 1 1 1 0.0 0.0 0.0
Se 8.578203876007e+00 1.150768742727e+01 2.293882566123e+01 1 1 1 0.0 0.0 0.0
Se 1.264035825517e+01 1.051101303566e+01 2.293798363440e+01 1 1 1 0.0 0.0 0.0
Se 3.348983206125e+00 1.654769309871e+01 2.288631651409e+01 1 1 1 0.0 0.0 0.0
Se 7.407866211530e+00 1.553610628055e+01 2.289752094274e+01 1 1 1 0.0 0.0 0.0
Se 1.147392613046e+01 1.453294576339e+01 2.291928166373e+01 1 1 1 0.0 0.0 0.0
Se 4.436117749648e-01 1.352912790226e+01 2.290169630998e+01 1 1 1 0.0 0.0 0.0
Se 2.197233580449e+00 2.055544668081e+01 2.290551834558e+01 1 1 1 0.0 0.0 0.0
Se 6.258676904138e+00 1.955471741561e+01 2.288895774357e+01 1 1 1 0.0 0.0 0.0
Se 1.031680895411e+01 1.854759849388e+01 2.287521363456e+01 1 1 1 0.0 0.0 0.0
Se 1.438376688683e+01 1.753975613393e+01 2.288811561090e+01 1 1 1 0.0 0.0 0.0
Se 5.100638536035e+00 2.358563065168e+01 2.292107991386e+01 1 1 1 0.0 0.0 0.0
Se 9.162491389996e+00 2.257851940302e+01 2.287708274152e+01 1 1 1 0.0 0.0 0.0
Se 1.321889101949e+01 2.155473970603e+01 2.288192169704e+01 1 1 1 0.0 0.0 0.0
"