calculation_mode = "Quench Electrons"
cell_relax = "False"
charge_density_mixing = "0.1"
charge_mixing_type = "Broyden"
description = "Example parameters for high-throughput bulk relaxation of a vdW material"
dos_broading = "0.05"
dos_method = "Gaussian"
energy_convergence_criterion = "1e-10"
energy_output_units = "Hartrees"
kohn_sham_mucycles = "3"
kohn_sham_solver = "davidson"
kpoint_mesh = "1 1 1"
localize_projectors = "False"
max_md_steps = "100"
max_scf_steps = "200"
non_local_block_size = "4000"
potential_acceleration_constant_step = "1.5"
processor_grid = "5 11 16"
rms_convergence_criterion = "1e-08"
scalapack_block_factor = "64"
start_mode = "LCAO Start"
state_block_size = "64"
stress = "True"
subdiag_driver = "scalapack"
use_async_allreduce = "False"
vdw_corr = "DFT-D3"
vdwdf_kernel_filepath = "/lustre/orion/world-shared/cph162/rjmorelock/rmgdft/XC/vdW_kernel_table"
wavefunction_grid = "102 222 378"
write_data_period = "50"

atomic_coordinate_type = "Absolute"
crds_units = "Angstrom"
lattice_units = "Angstrom"

lattice_vector = "
1.199816113912e+01 0.000000000000e+00 7.000000000000e-16
2.999540284779e+00 2.597678086460e+01 1.600000000000e-15
0.000000000000e+00 0.000000000000e+00 4.446241589303e+01
"
atoms = "
Nb 4.055930981573e+00 2.010438981262e+01 1.532833092694e+01 1 1 1 0.0 0.0 0.0
Nb 7.055471266352e+00 2.183617520359e+01 1.532833092694e+01 1 1 1 0.0 0.0 0.0
Nb 4.055930981573e+00 1.664081903067e+01 1.532833092694e+01 1 1 1 0.0 0.0 0.0
Nb 7.055471266352e+00 1.837260442164e+01 1.532833092694e+01 1 1 1 0.0 0.0 0.0
Nb 1.005501155113e+01 2.010438981262e+01 1.532833092694e+01 1 1 1 0.0 0.0 0.0
Nb 1.305455183591e+01 2.183617520359e+01 1.532833092694e+01 1 1 1 0.0 0.0 0.0
Nb 4.055930981573e+00 1.317724824872e+01 1.532833092694e+01 1 1 1 0.0 0.0 0.0
Nb 7.055471266352e+00 1.490903363970e+01 1.532833092694e+01 1 1 1 0.0 0.0 0.0
Nb 1.005501155113e+01 1.664081903067e+01 1.532833092694e+01 1 1 1 0.0 0.0 0.0
Nb 1.305455183591e+01 1.837260442164e+01 1.532833092694e+01 1 1 1 0.0 0.0 0.0
Nb 4.055930981573e+00 9.713677466777e+00 1.532833092694e+01 1 1 1 0.0 0.0 0.0
Nb 7.055471266352e+00 1.144546285775e+01 1.532833092694e+01 1 1 1 0.0 0.0 0.0
Nb 1.005501155113e+01 1.317724824872e+01 1.532833092694e+01 1 1 1 0.0 0.0 0.0
Nb 1.305455183591e+01 1.490903363970e+01 1.532833092694e+01 1 1 1 0.0 0.0 0.0
Nb 4.055930981573e+00 6.250106684830e+00 1.532833092694e+01 1 1 1 0.0 0.0 0.0
Nb 7.055471266352e+00 7.981892075803e+00 1.532833092694e+01 1 1 1 0.0 0.0 0.0
Nb 1.005501155113e+01 9.713677466777e+00 1.532833092694e+01 1 1 1 0.0 0.0 0.0
Nb 1.305455183591e+01 1.144546285775e+01 1.532833092694e+01 1 1 1 0.0 0.0 0.0
Nb 4.055930981573e+00 2.786535902884e+00 1.532833092694e+01 1 1 1 0.0 0.0 0.0
Nb 7.055471266352e+00 4.518321293857e+00 1.532833092694e+01 1 1 1 0.0 0.0 0.0
Nb 1.005501155113e+01 6.250106684830e+00 1.532833092694e+01 1 1 1 0.0 0.0 0.0
Nb 1.056390696794e+00 7.981892075803e+00 1.532833092694e+01 1 1 1 0.0 0.0 0.0
Nb 4.055930981573e+00 2.356796059456e+01 1.532833092694e+01 1 1 1 0.0 0.0 0.0
Nb 7.055471266352e+00 2.529974598554e+01 1.532833092694e+01 1 1 1 0.0 0.0 0.0
Nb 7.055471266352e+00 1.054750511910e+00 1.532833092694e+01 1 1 1 0.0 0.0 0.0
Nb 1.005501155113e+01 2.786535902884e+00 1.532833092694e+01 1 1 1 0.0 0.0 0.0
Nb 1.056390696794e+00 4.518321293857e+00 1.532833092694e+01 1 1 1 0.0 0.0 0.0
Nb 1.005501155113e+01 2.356796059456e+01 1.532833092694e+01 1 1 1 0.0 0.0 0.0
Nb 1.305455183591e+01 2.529974598554e+01 1.532833092694e+01 1 1 1 0.0 0.0 0.0
Nb 1.056390696794e+00 1.054750511910e+00 1.532833092694e+01 1 1 1 0.0 0.0 0.0
Nb 4.061660224895e+00 2.009643215098e+01 9.182088683320e+00 1 1 1 0.0 0.0 0.0
Nb 7.061200509674e+00 2.182821754195e+01 9.182088683320e+00 1 1 1 0.0 0.0 0.0
Nb 4.061660224895e+00 1.663286136903e+01 9.182088683320e+00 1 1 1 0.0 0.0 0.0
Nb 7.061200509674e+00 1.836464676001e+01 9.182088683320e+00 1 1 1 0.0 0.0 0.0
Nb 1.006074079445e+01 2.009643215098e+01 9.182088683320e+00 1 1 1 0.0 0.0 0.0
Nb 1.306028107923e+01 2.182821754195e+01 9.182088683320e+00 1 1 1 0.0 0.0 0.0
Nb 4.061660224895e+00 1.316929058709e+01 9.182088683320e+00 1 1 1 0.0 0.0 0.0
Nb 7.061200509674e+00 1.490107597806e+01 9.182088683320e+00 1 1 1 0.0 0.0 0.0
Nb 1.006074079445e+01 1.663286136903e+01 9.182088683320e+00 1 1 1 0.0 0.0 0.0
Nb 1.306028107923e+01 1.836464676001e+01 9.182088683320e+00 1 1 1 0.0 0.0 0.0
Nb 4.061660224895e+00 9.705719805142e+00 9.182088683320e+00 1 1 1 0.0 0.0 0.0
Nb 7.061200509674e+00 1.143750519612e+01 9.182088683320e+00 1 1 1 0.0 0.0 0.0
Nb 1.006074079445e+01 1.316929058709e+01 9.182088683320e+00 1 1 1 0.0 0.0 0.0
Nb 1.306028107923e+01 1.490107597806e+01 9.182088683320e+00 1 1 1 0.0 0.0 0.0
Nb 4.061660224895e+00 6.242149023195e+00 9.182088683320e+00 1 1 1 0.0 0.0 0.0
Nb 7.061200509674e+00 7.973934414169e+00 9.182088683320e+00 1 1 1 0.0 0.0 0.0
Nb 1.006074079445e+01 9.705719805142e+00 9.182088683320e+00 1 1 1 0.0 0.0 0.0
Nb 1.306028107923e+01 1.143750519612e+01 9.182088683320e+00 1 1 1 0.0 0.0 0.0
Nb 4.061660224895e+00 2.778578241249e+00 9.182088683320e+00 1 1 1 0.0 0.0 0.0
Nb 7.061200509674e+00 4.510363632222e+00 9.182088683320e+00 1 1 1 0.0 0.0 0.0
Nb 1.006074079445e+01 6.242149023195e+00 9.182088683320e+00 1 1 1 0.0 0.0 0.0
Nb 1.062119940115e+00 7.973934414169e+00 9.182088683320e+00 1 1 1 0.0 0.0 0.0
Nb 4.061660224895e+00 2.356000293293e+01 9.182088683320e+00 1 1 1 0.0 0.0 0.0
Nb 7.061200509674e+00 2.529178832390e+01 9.182088683320e+00 1 1 1 0.0 0.0 0.0
Nb 7.061200509674e+00 1.046792850275e+00 9.182088683320e+00 1 1 1 0.0 0.0 0.0
Nb 1.006074079445e+01 2.778578241249e+00 9.182088683320e+00 1 1 1 0.0 0.0 0.0
Nb 1.062119940115e+00 4.510363632222e+00 9.182088683320e+00 1 1 1 0.0 0.0 0.0
Nb 1.006074079445e+01 2.356000293293e+01 9.182088683320e+00 1 1 1 0.0 0.0 0.0
Nb 1.306028107923e+01 2.529178832390e+01 9.182088683320e+00 1 1 1 0.0 0.0 0.0
Nb 1.062119940115e+00 1.046792850275e+00 9.182088683320e+00 1 1 1 0.0 0.0 0.0
Bi 1.057147621485e+01 1.934959886285e+01 3.532095071834e+01 1 1 1 0.0 0.0 0.0
Bi 6.572089168474e+00 1.934959886285e+01 3.532095071834e+01 1 1 1 0.0 0.0 0.0
Bi 2.572702122102e+00 1.934959886285e+01 3.532095071834e+01 1 1 1 0.0 0.0 0.0
Bi 8.428947440004e+00 1.563863016791e+01 3.532095071834e+01 1 1 1 0.0 0.0 0.0
Bi 4.429560393632e+00 1.563863016791e+01 3.532095071834e+01 1 1 1 0.0 0.0 0.0
Bi 1.242833448638e+01 1.563863016791e+01 3.532095071834e+01 1 1 1 0.0 0.0 0.0
Bi 1.028580571153e+01 1.192766147296e+01 3.532095071834e+01 1 1 1 0.0 0.0 0.0
Bi 6.286418665162e+00 1.192766147296e+01 3.532095071834e+01 1 1 1 0.0 0.0 0.0
Bi 2.287031618790e+00 1.192766147296e+01 3.532095071834e+01 1 1 1 0.0 0.0 0.0
Bi 8.143276936692e+00 8.216692778020e+00 3.532095071834e+01 1 1 1 0.0 0.0 0.0
Bi 4.143889890320e+00 8.216692778020e+00 3.532095071834e+01 1 1 1 0.0 0.0 0.0
Bi 1.214266398306e+01 8.216692778020e+00 3.532095071834e+01 1 1 1 0.0 0.0 0.0
Bi 1.000013520822e+01 4.505724083077e+00 3.532095071834e+01 1 1 1 0.0 0.0 0.0
Bi 6.000748161850e+00 4.505724083077e+00 3.532095071834e+01 1 1 1 0.0 0.0 0.0
Bi 2.001361115477e+00 4.505724083077e+00 3.532095071834e+01 1 1 1 0.0 0.0 0.0
Bi 7.857606433380e+00 7.947553881346e-01 3.532095071834e+01 1 1 1 0.0 0.0 0.0
Bi 3.858219387007e+00 7.947553881346e-01 3.532095071834e+01 1 1 1 0.0 0.0 0.0
Bi 1.185699347975e+01 7.947553881346e-01 3.532095071834e+01 1 1 1 0.0 0.0 0.0
Bi 8.714617943317e+00 2.306056755779e+01 3.532095071834e+01 1 1 1 0.0 0.0 0.0
Bi 4.715230896944e+00 2.306056755779e+01 3.532095071834e+01 1 1 1 0.0 0.0 0.0
Bi 1.271400498969e+01 2.306056755779e+01 3.532095071834e+01 1 1 1 0.0 0.0 0.0
Bi 1.251573034463e+01 1.814802469231e+01 3.133430771007e+01 1 1 1 0.0 0.0 0.0
Bi 8.516343298254e+00 1.814802469231e+01 3.133430771007e+01 1 1 1 0.0 0.0 0.0
Bi 4.516956251882e+00 1.814802469231e+01 3.133430771007e+01 1 1 1 0.0 0.0 0.0
Bi 1.037320156978e+01 1.443705599736e+01 3.133430771007e+01 1 1 1 0.0 0.0 0.0
Bi 6.373814523412e+00 1.443705599736e+01 3.133430771007e+01 1 1 1 0.0 0.0 0.0
Bi 2.374427477039e+00 1.443705599736e+01 3.133430771007e+01 1 1 1 0.0 0.0 0.0
Bi 1.223005984131e+01 1.072608730242e+01 3.133430771007e+01 1 1 1 0.0 0.0 0.0
Bi 8.230672794942e+00 1.072608730242e+01 3.133430771007e+01 1 1 1 0.0 0.0 0.0
Bi 4.231285748569e+00 1.072608730242e+01 3.133430771007e+01 1 1 1 0.0 0.0 0.0
Bi 1.008753106647e+01 7.015118607479e+00 3.133430771007e+01 1 1 1 0.0 0.0 0.0
Bi 6.088144020099e+00 7.015118607479e+00 3.133430771007e+01 1 1 1 0.0 0.0 0.0
Bi 2.088756973727e+00 7.015118607479e+00 3.133430771007e+01 1 1 1 0.0 0.0 0.0
Bi 1.194438933800e+01 3.304149912537e+00 3.133430771007e+01 1 1 1 0.0 0.0 0.0
Bi 7.945002291629e+00 3.304149912537e+00 3.133430771007e+01 1 1 1 0.0 0.0 0.0
Bi 3.945615245257e+00 3.304149912537e+00 3.133430771007e+01 1 1 1 0.0 0.0 0.0
Bi 1.280140084794e+01 2.556996208219e+01 3.133430771007e+01 1 1 1 0.0 0.0 0.0
Bi 8.802013801566e+00 2.556996208219e+01 3.133430771007e+01 1 1 1 0.0 0.0 0.0
Bi 4.802626755194e+00 2.556996208219e+01 3.133430771007e+01 1 1 1 0.0 0.0 0.0
Bi 1.065887207310e+01 2.185899338725e+01 3.133430771007e+01 1 1 1 0.0 0.0 0.0
Bi 6.659485026724e+00 2.185899338725e+01 3.133430771007e+01 1 1 1 0.0 0.0 0.0
Bi 2.660097980352e+00 2.185899338725e+01 3.133430771007e+01 1 1 1 0.0 0.0 0.0
Bi 1.256355552423e+01 1.819751994662e+01 2.529282906773e+01 1 1 1 0.0 0.0 0.0
Bi 8.564168477857e+00 1.819751994662e+01 2.529282906773e+01 1 1 1 0.0 0.0 0.0
Bi 4.564781431484e+00 1.819751994662e+01 2.529282906773e+01 1 1 1 0.0 0.0 0.0
Bi 1.042102674939e+01 1.448655125168e+01 2.529282906773e+01 1 1 1 0.0 0.0 0.0
Bi 6.421639703014e+00 1.448655125168e+01 2.529282906773e+01 1 1 1 0.0 0.0 0.0
Bi 2.422252656642e+00 1.448655125168e+01 2.529282906773e+01 1 1 1 0.0 0.0 0.0
Bi 1.227788502092e+01 1.077558255674e+01 2.529282906773e+01 1 1 1 0.0 0.0 0.0
Bi 8.278497974544e+00 1.077558255674e+01 2.529282906773e+01 1 1 1 0.0 0.0 0.0
Bi 4.279110928172e+00 1.077558255674e+01 2.529282906773e+01 1 1 1 0.0 0.0 0.0
Bi 1.013535624607e+01 7.064613861796e+00 2.529282906773e+01 1 1 1 0.0 0.0 0.0
Bi 6.135969199702e+00 7.064613861796e+00 2.529282906773e+01 1 1 1 0.0 0.0 0.0
Bi 2.136582153330e+00 7.064613861796e+00 2.529282906773e+01 1 1 1 0.0 0.0 0.0
Bi 1.199221451760e+01 3.353645166853e+00 2.529282906773e+01 1 1 1 0.0 0.0 0.0
Bi 7.992827471232e+00 3.353645166853e+00 2.529282906773e+01 1 1 1 0.0 0.0 0.0
Bi 3.993440424860e+00 3.353645166853e+00 2.529282906773e+01 1 1 1 0.0 0.0 0.0
Bi 1.284922602754e+01 2.561945733651e+01 2.529282906773e+01 1 1 1 0.0 0.0 0.0
Bi 8.849838981169e+00 2.561945733651e+01 2.529282906773e+01 1 1 1 0.0 0.0 0.0
Bi 4.850451934797e+00 2.561945733651e+01 2.529282906773e+01 1 1 1 0.0 0.0 0.0
Bi 1.070669725270e+01 2.190848864157e+01 2.529282906773e+01 1 1 1 0.0 0.0 0.0
Bi 6.707310206327e+00 2.190848864157e+01 2.529282906773e+01 1 1 1 0.0 0.0 0.0
Bi 2.707923159954e+00 2.190848864157e+01 2.529282906773e+01 1 1 1 0.0 0.0 0.0
Bi 8.642827776559e+00 2.068399975063e+01 2.132110864621e+01 1 1 1 0.0 0.0 0.0
Bi 4.643440730186e+00 2.068399975063e+01 2.132110864621e+01 1 1 1 0.0 0.0 0.0
Bi 1.264221482293e+01 2.068399975063e+01 2.132110864621e+01 1 1 1 0.0 0.0 0.0
Bi 6.500299001716e+00 1.697303105569e+01 2.132110864621e+01 1 1 1 0.0 0.0 0.0
Bi 2.500911955344e+00 1.697303105569e+01 2.132110864621e+01 1 1 1 0.0 0.0 0.0
Bi 1.049968604809e+01 1.697303105569e+01 2.132110864621e+01 1 1 1 0.0 0.0 0.0
Bi 8.357157273246e+00 1.326206236075e+01 2.132110864621e+01 1 1 1 0.0 0.0 0.0
Bi 4.357770226874e+00 1.326206236075e+01 2.132110864621e+01 1 1 1 0.0 0.0 0.0
Bi 1.235654431962e+01 1.326206236075e+01 2.132110864621e+01 1 1 1 0.0 0.0 0.0
Bi 6.214628498404e+00 9.551093665803e+00 2.132110864621e+01 1 1 1 0.0 0.0 0.0
Bi 2.215241452032e+00 9.551093665803e+00 2.132110864621e+01 1 1 1 0.0 0.0 0.0
Bi 1.021401554478e+01 9.551093665803e+00 2.132110864621e+01 1 1 1 0.0 0.0 0.0
Bi 8.071486769934e+00 5.840124970860e+00 2.132110864621e+01 1 1 1 0.0 0.0 0.0
Bi 4.072099723562e+00 5.840124970860e+00 2.132110864621e+01 1 1 1 0.0 0.0 0.0
Bi 1.207087381631e+01 5.840124970860e+00 2.132110864621e+01 1 1 1 0.0 0.0 0.0
Bi 5.928957995092e+00 2.129156275918e+00 2.132110864621e+01 1 1 1 0.0 0.0 0.0
Bi 1.929570948719e+00 2.129156275918e+00 2.132110864621e+01 1 1 1 0.0 0.0 0.0
Bi 9.928345041464e+00 2.129156275918e+00 2.132110864621e+01 1 1 1 0.0 0.0 0.0
Bi 6.785969505029e+00 2.439496844557e+01 2.132110864621e+01 1 1 1 0.0 0.0 0.0
Bi 1.478474359777e+01 2.439496844557e+01 2.132110864621e+01 1 1 1 0.0 0.0 0.0
Bi 1.078535655140e+01 2.439496844557e+01 2.132110864621e+01 1 1 1 0.0 0.0 0.0
Se 1.405992332440e+01 2.009590694256e+01 7.500000000000e+00 1 1 1 0.0 0.0 0.0
Se 5.061302470064e+00 2.182769233354e+01 7.500000000000e+00 1 1 1 0.0 0.0 0.0
Se 2.061762185285e+00 1.663233616062e+01 7.500000000000e+00 1 1 1 0.0 0.0 0.0
Se 5.061302470064e+00 1.836412155159e+01 7.500000000000e+00 1 1 1 0.0 0.0 0.0
Se 8.060842754844e+00 2.009590694256e+01 7.500000000000e+00 1 1 1 0.0 0.0 0.0
Se 1.106038303962e+01 2.182769233354e+01 7.500000000000e+00 1 1 1 0.0 0.0 0.0
Se 2.061762185285e+00 1.316876537867e+01 7.500000000000e+00 1 1 1 0.0 0.0 0.0
Se 5.061302470064e+00 1.490055076964e+01 7.500000000000e+00 1 1 1 0.0 0.0 0.0
Se 8.060842754844e+00 1.663233616062e+01 7.500000000000e+00 1 1 1 0.0 0.0 0.0
Se 1.106038303962e+01 1.836412155159e+01 7.500000000000e+00 1 1 1 0.0 0.0 0.0
Se 2.061762185285e+00 9.705194596722e+00 7.500000000000e+00 1 1 1 0.0 0.0 0.0
Se 5.061302470064e+00 1.143697998770e+01 7.500000000000e+00 1 1 1 0.0 0.0 0.0
Se 8.060842754844e+00 1.316876537867e+01 7.500000000000e+00 1 1 1 0.0 0.0 0.0
Se 1.106038303962e+01 1.490055076964e+01 7.500000000000e+00 1 1 1 0.0 0.0 0.0
Se 2.061762185285e+00 6.241623814776e+00 7.500000000000e+00 1 1 1 0.0 0.0 0.0
Se 5.061302470064e+00 7.973409205749e+00 7.500000000000e+00 1 1 1 0.0 0.0 0.0
Se 8.060842754844e+00 9.705194596722e+00 7.500000000000e+00 1 1 1 0.0 0.0 0.0
Se 1.106038303962e+01 1.143697998770e+01 7.500000000000e+00 1 1 1 0.0 0.0 0.0
Se 2.061762185285e+00 2.778053032829e+00 7.500000000000e+00 1 1 1 0.0 0.0 0.0
Se 5.061302470064e+00 4.509838423802e+00 7.500000000000e+00 1 1 1 0.0 0.0 0.0
Se 8.060842754844e+00 6.241623814776e+00 7.500000000000e+00 1 1 1 0.0 0.0 0.0
Se 1.106038303962e+01 7.973409205749e+00 7.500000000000e+00 1 1 1 0.0 0.0 0.0
Se 1.405992332440e+01 2.355947772451e+01 7.500000000000e+00 1 1 1 0.0 0.0 0.0
Se 5.061302470064e+00 2.529126311548e+01 7.500000000000e+00 1 1 1 0.0 0.0 0.0
Se 5.061302470064e+00 1.046267641856e+00 7.500000000000e+00 1 1 1 0.0 0.0 0.0
Se 8.060842754844e+00 2.778053032829e+00 7.500000000000e+00 1 1 1 0.0 0.0 0.0
Se 1.106038303962e+01 4.509838423802e+00 7.500000000000e+00 1 1 1 0.0 0.0 0.0
Se 8.060842754844e+00 2.355947772451e+01 7.500000000000e+00 1 1 1 0.0 0.0 0.0
Se 1.106038303962e+01 2.529126311548e+01 7.500000000000e+00 1 1 1 0.0 0.0 0.0
Se 1.106038303962e+01 1.046267641856e+00 7.500000000000e+00 1 1 1 0.0 0.0 0.0
Se 3.055911290147e+00 2.183594392138e+01 1.364602824434e+01 1 1 1 0.0 0.0 0.0
Se 6.055451574926e+00 2.356772931235e+01 1.364602824434e+01 1 1 1 0.0 0.0 0.0
Se 3.055911290147e+00 1.837237313943e+01 1.364602824434e+01 1 1 1 0.0 0.0 0.0
Se 6.055451574926e+00 2.010415853041e+01 1.364602824434e+01 1 1 1 0.0 0.0 0.0
Se 9.054991859705e+00 2.183594392138e+01 1.364602824434e+01 1 1 1 0.0 0.0 0.0
Se 1.205453214448e+01 2.356772931235e+01 1.364602824434e+01 1 1 1 0.0 0.0 0.0
Se 3.055911290147e+00 1.490880235749e+01 1.364602824434e+01 1 1 1 0.0 0.0 0.0
Se 6.055451574926e+00 1.664058774846e+01 1.364602824434e+01 1 1 1 0.0 0.0 0.0
Se 9.054991859705e+00 1.837237313943e+01 1.364602824434e+01 1 1 1 0.0 0.0 0.0
Se 1.205453214448e+01 2.010415853041e+01 1.364602824434e+01 1 1 1 0.0 0.0 0.0
Se 3.055911290147e+00 1.144523157554e+01 1.364602824434e+01 1 1 1 0.0 0.0 0.0
Se 6.055451574926e+00 1.317701696651e+01 1.364602824434e+01 1 1 1 0.0 0.0 0.0
Se 9.054991859705e+00 1.490880235749e+01 1.364602824434e+01 1 1 1 0.0 0.0 0.0
Se 1.205453214448e+01 1.664058774846e+01 1.364602824434e+01 1 1 1 0.0 0.0 0.0
Se 3.055911290147e+00 7.981660793595e+00 1.364602824434e+01 1 1 1 0.0 0.0 0.0
Se 6.055451574926e+00 9.713446184568e+00 1.364602824434e+01 1 1 1 0.0 0.0 0.0
Se 9.054991859705e+00 1.144523157554e+01 1.364602824434e+01 1 1 1 0.0 0.0 0.0
Se 1.205453214448e+01 1.317701696651e+01 1.364602824434e+01 1 1 1 0.0 0.0 0.0
Se 3.055911290147e+00 4.518090011648e+00 1.364602824434e+01 1 1 1 0.0 0.0 0.0
Se 6.055451574926e+00 6.249875402622e+00 1.364602824434e+01 1 1 1 0.0 0.0 0.0
Se 9.054991859705e+00 7.981660793595e+00 1.364602824434e+01 1 1 1 0.0 0.0 0.0
Se 1.205453214448e+01 9.713446184568e+00 1.364602824434e+01 1 1 1 0.0 0.0 0.0
Se 3.055911290147e+00 2.529951470333e+01 1.364602824434e+01 1 1 1 0.0 0.0 0.0
Se 3.055911290147e+00 1.054519229702e+00 1.364602824434e+01 1 1 1 0.0 0.0 0.0
Se 6.055451574926e+00 2.786304620675e+00 1.364602824434e+01 1 1 1 0.0 0.0 0.0
Se 9.054991859705e+00 4.518090011648e+00 1.364602824434e+01 1 1 1 0.0 0.0 0.0
Se 1.205453214448e+01 6.249875402622e+00 1.364602824434e+01 1 1 1 0.0 0.0 0.0
Se 9.054991859705e+00 2.529951470333e+01 1.364602824434e+01 1 1 1 0.0 0.0 0.0
Se 9.054991859705e+00 1.054519229702e+00 1.364602824434e+01 1 1 1 0.0 0.0 0.0
Se 1.205453214448e+01 2.786304620675e+00 1.364602824434e+01 1 1 1 0.0 0.0 0.0
Se 1.405967381733e+01 2.009695381391e+01 1.086443756309e+01 1 1 1 0.0 0.0 0.0
Se 5.061052962992e+00 2.182873920489e+01 1.086443756309e+01 1 1 1 0.0 0.0 0.0
Se 2.061512678212e+00 1.663338303197e+01 1.086443756309e+01 1 1 1 0.0 0.0 0.0
Se 5.061052962992e+00 1.836516842294e+01 1.086443756309e+01 1 1 1 0.0 0.0 0.0
Se 8.060593247771e+00 2.009695381391e+01 1.086443756309e+01 1 1 1 0.0 0.0 0.0
Se 1.106013353255e+01 2.182873920489e+01 1.086443756309e+01 1 1 1 0.0 0.0 0.0
Se 2.061512678212e+00 1.316981225002e+01 1.086443756309e+01 1 1 1 0.0 0.0 0.0
Se 5.061052962992e+00 1.490159764099e+01 1.086443756309e+01 1 1 1 0.0 0.0 0.0
Se 8.060593247771e+00 1.663338303197e+01 1.086443756309e+01 1 1 1 0.0 0.0 0.0
Se 1.106013353255e+01 1.836516842294e+01 1.086443756309e+01 1 1 1 0.0 0.0 0.0
Se 2.061512678212e+00 9.706241468074e+00 1.086443756309e+01 1 1 1 0.0 0.0 0.0
Se 5.061052962992e+00 1.143802685905e+01 1.086443756309e+01 1 1 1 0.0 0.0 0.0
Se 8.060593247771e+00 1.316981225002e+01 1.086443756309e+01 1 1 1 0.0 0.0 0.0
Se 1.106013353255e+01 1.490159764099e+01 1.086443756309e+01 1 1 1 0.0 0.0 0.0
Se 2.061512678212e+00 6.242670686127e+00 1.086443756309e+01 1 1 1 0.0 0.0 0.0
Se 5.061052962992e+00 7.974456077101e+00 1.086443756309e+01 1 1 1 0.0 0.0 0.0
Se 8.060593247771e+00 9.706241468074e+00 1.086443756309e+01 1 1 1 0.0 0.0 0.0
Se 1.106013353255e+01 1.143802685905e+01 1.086443756309e+01 1 1 1 0.0 0.0 0.0
Se 2.061512678212e+00 2.779099904181e+00 1.086443756309e+01 1 1 1 0.0 0.0 0.0
Se 5.061052962992e+00 4.510885295154e+00 1.086443756309e+01 1 1 1 0.0 0.0 0.0
Se 8.060593247771e+00 6.242670686127e+00 1.086443756309e+01 1 1 1 0.0 0.0 0.0
Se 1.106013353255e+01 7.974456077101e+00 1.086443756309e+01 1 1 1 0.0 0.0 0.0
Se 1.405967381733e+01 2.356052459586e+01 1.086443756309e+01 1 1 1 0.0 0.0 0.0
Se 5.061052962992e+00 2.529230998683e+01 1.086443756309e+01 1 1 1 0.0 0.0 0.0
Se 5.061052962992e+00 1.047314513207e+00 1.086443756309e+01 1 1 1 0.0 0.0 0.0
Se 8.060593247771e+00 2.779099904181e+00 1.086443756309e+01 1 1 1 0.0 0.0 0.0
Se 1.106013353255e+01 4.510885295154e+00 1.086443756309e+01 1 1 1 0.0 0.0 0.0
Se 8.060593247771e+00 2.356052459586e+01 1.086443756309e+01 1 1 1 0.0 0.0 0.0
Se 1.106013353255e+01 2.529230998683e+01 1.086443756309e+01 1 1 1 0.0 0.0 0.0
Se 1.106013353255e+01 1.047314513207e+00 1.086443756309e+01 1 1 1 0.0 0.0 0.0
Se 3.055843925883e+00 2.183699973583e+01 1.701046802998e+01 1 1 1 0.0 0.0 0.0
Se 6.055384210662e+00 2.356878512680e+01 1.701046802998e+01 1 1 1 0.0 0.0 0.0
Se 3.055843925883e+00 1.837342895388e+01 1.701046802998e+01 1 1 1 0.0 0.0 0.0
Se 6.055384210662e+00 2.010521434486e+01 1.701046802998e+01 1 1 1 0.0 0.0 0.0
Se 9.054924495441e+00 2.183699973583e+01 1.701046802998e+01 1 1 1 0.0 0.0 0.0
Se 1.205446478022e+01 2.356878512680e+01 1.701046802998e+01 1 1 1 0.0 0.0 0.0
Se 3.055843925883e+00 1.490985817194e+01 1.701046802998e+01 1 1 1 0.0 0.0 0.0
Se 6.055384210662e+00 1.664164356291e+01 1.701046802998e+01 1 1 1 0.0 0.0 0.0
Se 9.054924495441e+00 1.837342895388e+01 1.701046802998e+01 1 1 1 0.0 0.0 0.0
Se 1.205446478022e+01 2.010521434486e+01 1.701046802998e+01 1 1 1 0.0 0.0 0.0
Se 3.055843925883e+00 1.144628738999e+01 1.701046802998e+01 1 1 1 0.0 0.0 0.0
Se 6.055384210662e+00 1.317807278096e+01 1.701046802998e+01 1 1 1 0.0 0.0 0.0
Se 9.054924495441e+00 1.490985817194e+01 1.701046802998e+01 1 1 1 0.0 0.0 0.0
Se 1.205446478022e+01 1.664164356291e+01 1.701046802998e+01 1 1 1 0.0 0.0 0.0
Se 3.055843925883e+00 7.982716608042e+00 1.701046802998e+01 1 1 1 0.0 0.0 0.0
Se 6.055384210662e+00 9.714501999015e+00 1.701046802998e+01 1 1 1 0.0 0.0 0.0
Se 9.054924495441e+00 1.144628738999e+01 1.701046802998e+01 1 1 1 0.0 0.0 0.0
Se 1.205446478022e+01 1.317807278096e+01 1.701046802998e+01 1 1 1 0.0 0.0 0.0
Se 3.055843925883e+00 4.519145826096e+00 1.701046802998e+01 1 1 1 0.0 0.0 0.0
Se 6.055384210662e+00 6.250931217069e+00 1.701046802998e+01 1 1 1 0.0 0.0 0.0
Se 9.054924495441e+00 7.982716608042e+00 1.701046802998e+01 1 1 1 0.0 0.0 0.0
Se 1.205446478022e+01 9.714501999015e+00 1.701046802998e+01 1 1 1 0.0 0.0 0.0
Se 3.055843925883e+00 2.530057051777e+01 1.701046802998e+01 1 1 1 0.0 0.0 0.0
Se 3.055843925883e+00 1.055575044149e+00 1.701046802998e+01 1 1 1 0.0 0.0 0.0
Se 6.055384210662e+00 2.787360435122e+00 1.701046802998e+01 1 1 1 0.0 0.0 0.0
Se 9.054924495441e+00 4.519145826096e+00 1.701046802998e+01 1 1 1 0.0 0.0 0.0
Se 1.205446478022e+01 6.250931217069e+00 1.701046802998e+01 1 1 1 0.0 0.0 0.0
Se 9.054924495441e+00 2.530057051777e+01 1.701046802998e+01 1 1 1 0.0 0.0 0.0
Se 9.054924495441e+00 1.055575044149e+00 1.701046802998e+01 1 1 1 0.0 0.0 0.0
Se 1.205446478022e+01 2.787360435122e+00 1.701046802998e+01 1 1 1 0.0 0.0 0.0
Se 1.253360139522e+01 1.810683692115e+01 3.696241589303e+01 1 1 1 0.0 0.0 0.0
Se 8.534214348843e+00 1.810683692115e+01 3.696241589303e+01 1 1 1 0.0 0.0 0.0
Se 4.534827302471e+00 1.810683692115e+01 3.696241589303e+01 1 1 1 0.0 0.0 0.0
Se 1.039107262037e+01 1.439586822621e+01 3.696241589303e+01 1 1 1 0.0 0.0 0.0
Se 6.391685574001e+00 1.439586822621e+01 3.696241589303e+01 1 1 1 0.0 0.0 0.0
Se 2.392298527628e+00 1.439586822621e+01 3.696241589303e+01 1 1 1 0.0 0.0 0.0
Se 1.224793089190e+01 1.068489953126e+01 3.696241589303e+01 1 1 1 0.0 0.0 0.0
Se 8.248543845531e+00 1.068489953126e+01 3.696241589303e+01 1 1 1 0.0 0.0 0.0
Se 4.249156799158e+00 1.068489953126e+01 3.696241589303e+01 1 1 1 0.0 0.0 0.0
Se 1.010540211706e+01 6.973930836320e+00 3.696241589303e+01 1 1 1 0.0 0.0 0.0
Se 6.106015070688e+00 6.973930836320e+00 3.696241589303e+01 1 1 1 0.0 0.0 0.0
Se 2.106628024316e+00 6.973930836320e+00 3.696241589303e+01 1 1 1 0.0 0.0 0.0
Se 1.196226038859e+01 3.262962141377e+00 3.696241589303e+01 1 1 1 0.0 0.0 0.0
Se 7.962873342218e+00 3.262962141377e+00 3.696241589303e+01 1 1 1 0.0 0.0 0.0
Se 3.963486295846e+00 3.262962141377e+00 3.696241589303e+01 1 1 1 0.0 0.0 0.0
Se 1.281927189853e+01 2.552877431103e+01 3.696241589303e+01 1 1 1 0.0 0.0 0.0
Se 8.819884852155e+00 2.552877431103e+01 3.696241589303e+01 1 1 1 0.0 0.0 0.0
Se 4.820497805783e+00 2.552877431103e+01 3.696241589303e+01 1 1 1 0.0 0.0 0.0
Se 1.067674312369e+01 2.181780561609e+01 3.696241589303e+01 1 1 1 0.0 0.0 0.0
Se 6.677356077313e+00 2.181780561609e+01 3.696241589303e+01 1 1 1 0.0 0.0 0.0
Se 2.677969030941e+00 2.181780561609e+01 3.696241589303e+01 1 1 1 0.0 0.0 0.0
Se 8.602562239994e+00 2.060505807334e+01 3.332483142763e+01 1 1 1 0.0 0.0 0.0
Se 4.603175193622e+00 2.060505807334e+01 3.332483142763e+01 1 1 1 0.0 0.0 0.0
Se 1.260194928637e+01 2.060505807334e+01 3.332483142763e+01 1 1 1 0.0 0.0 0.0
Se 6.460033465152e+00 1.689408937840e+01 3.332483142763e+01 1 1 1 0.0 0.0 0.0
Se 2.460646418779e+00 1.689408937840e+01 3.332483142763e+01 1 1 1 0.0 0.0 0.0
Se 1.045942051152e+01 1.689408937840e+01 3.332483142763e+01 1 1 1 0.0 0.0 0.0
Se 8.316891736682e+00 1.318312068346e+01 3.332483142763e+01 1 1 1 0.0 0.0 0.0
Se 4.317504690309e+00 1.318312068346e+01 3.332483142763e+01 1 1 1 0.0 0.0 0.0
Se 1.231627878305e+01 1.318312068346e+01 3.332483142763e+01 1 1 1 0.0 0.0 0.0
Se 6.174362961840e+00 9.472151988516e+00 3.332483142763e+01 1 1 1 0.0 0.0 0.0
Se 2.174975915467e+00 9.472151988516e+00 3.332483142763e+01 1 1 1 0.0 0.0 0.0
Se 1.017375000821e+01 9.472151988516e+00 3.332483142763e+01 1 1 1 0.0 0.0 0.0
Se 8.031221233370e+00 5.761183293573e+00 3.332483142763e+01 1 1 1 0.0 0.0 0.0
Se 4.031834186997e+00 5.761183293573e+00 3.332483142763e+01 1 1 1 0.0 0.0 0.0
Se 1.203060827974e+01 5.761183293573e+00 3.332483142763e+01 1 1 1 0.0 0.0 0.0
Se 5.888692458527e+00 2.050214598630e+00 3.332483142763e+01 1 1 1 0.0 0.0 0.0
Se 1.889305412155e+00 2.050214598630e+00 3.332483142763e+01 1 1 1 0.0 0.0 0.0
Se 9.888079504900e+00 2.050214598630e+00 3.332483142763e+01 1 1 1 0.0 0.0 0.0
Se 6.745703968464e+00 2.431602676829e+01 3.332483142763e+01 1 1 1 0.0 0.0 0.0
Se 1.474447806121e+01 2.431602676829e+01 3.332483142763e+01 1 1 1 0.0 0.0 0.0
Se 1.074509101484e+01 2.431602676829e+01 3.332483142763e+01 1 1 1 0.0 0.0 0.0
Se 1.056692585006e+01 1.937102376804e+01 2.969131231352e+01 1 1 1 0.0 0.0 0.0
Se 6.567538803683e+00 1.937102376804e+01 2.969131231352e+01 1 1 1 0.0 0.0 0.0
Se 2.568151757311e+00 1.937102376804e+01 2.969131231352e+01 1 1 1 0.0 0.0 0.0
Se 8.424397075213e+00 1.566005507309e+01 2.969131231352e+01 1 1 1 0.0 0.0 0.0
Se 4.425010028841e+00 1.566005507309e+01 2.969131231352e+01 1 1 1 0.0 0.0 0.0
Se 1.242378412159e+01 1.566005507309e+01 2.969131231352e+01 1 1 1 0.0 0.0 0.0
Se 1.028125534674e+01 1.194908637815e+01 2.969131231352e+01 1 1 1 0.0 0.0 0.0
Se 6.281868300371e+00 1.194908637815e+01 2.969131231352e+01 1 1 1 0.0 0.0 0.0
Se 2.282481253998e+00 1.194908637815e+01 2.969131231352e+01 1 1 1 0.0 0.0 0.0
Se 8.138726571901e+00 8.238117683207e+00 2.969131231352e+01 1 1 1 0.0 0.0 0.0
Se 4.139339525528e+00 8.238117683207e+00 2.969131231352e+01 1 1 1 0.0 0.0 0.0
Se 1.213811361827e+01 8.238117683207e+00 2.969131231352e+01 1 1 1 0.0 0.0 0.0
Se 9.995584843431e+00 4.527148988265e+00 2.969131231352e+01 1 1 1 0.0 0.0 0.0
Se 5.996197797058e+00 4.527148988265e+00 2.969131231352e+01 1 1 1 0.0 0.0 0.0
Se 1.996810750686e+00 4.527148988265e+00 2.969131231352e+01 1 1 1 0.0 0.0 0.0
Se 7.853056068588e+00 8.161802933220e-01 2.969131231352e+01 1 1 1 0.0 0.0 0.0
Se 3.853669022216e+00 8.161802933220e-01 2.969131231352e+01 1 1 1 0.0 0.0 0.0
Se 1.185244311496e+01 8.161802933220e-01 2.969131231352e+01 1 1 1 0.0 0.0 0.0
Se 8.710067578525e+00 2.308199246298e+01 2.969131231352e+01 1 1 1 0.0 0.0 0.0
Se 4.710680532153e+00 2.308199246298e+01 2.969131231352e+01 1 1 1 0.0 0.0 0.0
Se 1.270945462490e+01 2.308199246298e+01 2.969131231352e+01 1 1 1 0.0 0.0 0.0
Se 8.639776133433e+00 2.068111053111e+01 2.692457590224e+01 1 1 1 0.0 0.0 0.0
Se 4.640389087060e+00 2.068111053111e+01 2.692457590224e+01 1 1 1 0.0 0.0 0.0
Se 1.263916317980e+01 2.068111053111e+01 2.692457590224e+01 1 1 1 0.0 0.0 0.0
Se 6.497247358590e+00 1.697014183616e+01 2.692457590224e+01 1 1 1 0.0 0.0 0.0
Se 2.497860312218e+00 1.697014183616e+01 2.692457590224e+01 1 1 1 0.0 0.0 0.0
Se 1.049663440496e+01 1.697014183616e+01 2.692457590224e+01 1 1 1 0.0 0.0 0.0
Se 8.354105630120e+00 1.325917314122e+01 2.692457590224e+01 1 1 1 0.0 0.0 0.0
Se 4.354718583748e+00 1.325917314122e+01 2.692457590224e+01 1 1 1 0.0 0.0 0.0
Se 1.235349267649e+01 1.325917314122e+01 2.692457590224e+01 1 1 1 0.0 0.0 0.0
Se 6.211576855278e+00 9.548204446279e+00 2.692457590224e+01 1 1 1 0.0 0.0 0.0
Se 2.212189808906e+00 9.548204446279e+00 2.692457590224e+01 1 1 1 0.0 0.0 0.0
Se 1.021096390165e+01 9.548204446279e+00 2.692457590224e+01 1 1 1 0.0 0.0 0.0
Se 8.068435126808e+00 5.837235751336e+00 2.692457590224e+01 1 1 1 0.0 0.0 0.0
Se 4.069048080436e+00 5.837235751336e+00 2.692457590224e+01 1 1 1 0.0 0.0 0.0
Se 1.206782217318e+01 5.837235751336e+00 2.692457590224e+01 1 1 1 0.0 0.0 0.0
Se 5.925906351966e+00 2.126267056393e+00 2.692457590224e+01 1 1 1 0.0 0.0 0.0
Se 1.926519305593e+00 2.126267056393e+00 2.692457590224e+01 1 1 1 0.0 0.0 0.0
Se 9.925293398338e+00 2.126267056393e+00 2.692457590224e+01 1 1 1 0.0 0.0 0.0
Se 6.782917861903e+00 2.439207922605e+01 2.692457590224e+01 1 1 1 0.0 0.0 0.0
Se 1.478169195465e+01 2.439207922605e+01 2.692457590224e+01 1 1 1 0.0 0.0 0.0
Se 1.078230490827e+01 2.439207922605e+01 2.692457590224e+01 1 1 1 0.0 0.0 0.0
Se 1.061069477166e+01 1.944270893690e+01 2.330671355540e+01 1 1 1 0.0 0.0 0.0
Se 6.611307725285e+00 1.944270893690e+01 2.330671355540e+01 1 1 1 0.0 0.0 0.0
Se 2.611920678912e+00 1.944270893690e+01 2.330671355540e+01 1 1 1 0.0 0.0 0.0
Se 8.468165996815e+00 1.573174024195e+01 2.330671355540e+01 1 1 1 0.0 0.0 0.0
Se 4.468778950442e+00 1.573174024195e+01 2.330671355540e+01 1 1 1 0.0 0.0 0.0
Se 1.246755304319e+01 1.573174024195e+01 2.330671355540e+01 1 1 1 0.0 0.0 0.0
Se 1.032502426834e+01 1.202077154701e+01 2.330671355540e+01 1 1 1 0.0 0.0 0.0
Se 6.325637221972e+00 1.202077154701e+01 2.330671355540e+01 1 1 1 0.0 0.0 0.0
Se 2.326250175600e+00 1.202077154701e+01 2.330671355540e+01 1 1 1 0.0 0.0 0.0
Se 8.182495493502e+00 8.309802852068e+00 2.330671355540e+01 1 1 1 0.0 0.0 0.0
Se 4.183108447130e+00 8.309802852068e+00 2.330671355540e+01 1 1 1 0.0 0.0 0.0
Se 1.218188253987e+01 8.309802852068e+00 2.330671355540e+01 1 1 1 0.0 0.0 0.0
Se 1.003935376503e+01 4.598834157125e+00 2.330671355540e+01 1 1 1 0.0 0.0 0.0
Se 6.039966718660e+00 4.598834157125e+00 2.330671355540e+01 1 1 1 0.0 0.0 0.0
Se 2.040579672288e+00 4.598834157125e+00 2.330671355540e+01 1 1 1 0.0 0.0 0.0
Se 7.896824990190e+00 8.878654621822e-01 2.330671355540e+01 1 1 1 0.0 0.0 0.0
Se 3.897437943818e+00 8.878654621822e-01 2.330671355540e+01 1 1 1 0.0 0.0 0.0
Se 1.189621203656e+01 8.878654621822e-01 2.330671355540e+01 1 1 1 0.0 0.0 0.0
Se 8.753836500127e+00 2.315367763184e+01 2.330671355540e+01 1 1 1 0.0 0.0 0.0
Se 4.754449453755e+00 2.315367763184e+01 2.330671355540e+01 1 1 1 0.0 0.0 0.0
Se 1.275322354650e+01 2.315367763184e+01 2.330671355540e+01 1 1 1 0.0 0.0 0.0
Se 1.257006421963e+01 1.819404749448e+01 1.968357859229e+01 1 1 1 0.0 0.0 0.0
Se 8.570677173260e+00 1.819404749448e+01 1.968357859229e+01 1 1 1 0.0 0.0 0.0
Se 4.571290126888e+00 1.819404749448e+01 1.968357859229e+01 1 1 1 0.0 0.0 0.0
Se 1.042753544479e+01 1.448307879954e+01 1.968357859229e+01 1 1 1 0.0 0.0 0.0
Se 6.428148398418e+00 1.448307879954e+01 1.968357859229e+01 1 1 1 0.0 0.0 0.0
Se 2.428761352046e+00 1.448307879954e+01 1.968357859229e+01 1 1 1 0.0 0.0 0.0
Se 1.228439371632e+01 1.077211010459e+01 1.968357859229e+01 1 1 1 0.0 0.0 0.0
Se 8.285006669948e+00 1.077211010459e+01 1.968357859229e+01 1 1 1 0.0 0.0 0.0
Se 4.285619623576e+00 1.077211010459e+01 1.968357859229e+01 1 1 1 0.0 0.0 0.0
Se 1.014186494148e+01 7.061141409651e+00 1.968357859229e+01 1 1 1 0.0 0.0 0.0
Se 6.142477895106e+00 7.061141409651e+00 1.968357859229e+01 1 1 1 0.0 0.0 0.0
Se 2.143090848733e+00 7.061141409651e+00 1.968357859229e+01 1 1 1 0.0 0.0 0.0
Se 1.199872321301e+01 3.350172714708e+00 1.968357859229e+01 1 1 1 0.0 0.0 0.0
Se 7.999336166636e+00 3.350172714708e+00 1.968357859229e+01 1 1 1 0.0 0.0 0.0
Se 3.999949120263e+00 3.350172714708e+00 1.968357859229e+01 1 1 1 0.0 0.0 0.0
Se 1.285573472295e+01 2.561598488436e+01 1.968357859229e+01 1 1 1 0.0 0.0 0.0
Se 8.856347676573e+00 2.561598488436e+01 1.968357859229e+01 1 1 1 0.0 0.0 0.0
Se 4.856960630200e+00 2.561598488436e+01 1.968357859229e+01 1 1 1 0.0 0.0 0.0
Se 1.071320594810e+01 2.190501618942e+01 1.968357859229e+01 1 1 1 0.0 0.0 0.0
Se 6.713818901730e+00 2.190501618942e+01 1.968357859229e+01 1 1 1 0.0 0.0 0.0
Se 2.714431855358e+00 2.190501618942e+01 1.968357859229e+01 1 1 1 0.0 0.0 0.0
"