calculation_mode = "Quench Electrons"
cell_relax = "False"
charge_density_mixing = "0.1"
charge_mixing_type = "Broyden"
description = "Example parameters for high-throughput bulk relaxation of a vdW material"
dos_broading = "0.05"
dos_method = "Gaussian"
energy_convergence_criterion = "1e-10"
energy_output_units = "Hartrees"
kohn_sham_mucycles = "3"
kohn_sham_solver = "davidson"
kpoint_mesh = "1 1 1"
localize_projectors = "False"
max_md_steps = "100"
max_scf_steps = "200"
non_local_block_size = "4000"
potential_acceleration_constant_step = "1.5"
processor_grid = "7 8 16"
rms_convergence_criterion = "1e-08"
scalapack_block_factor = "64"
start_mode = "LCAO Start"
state_block_size = "64"
stress = "True"
subdiag_driver = "scalapack"
use_async_allreduce = "False"
vdw_corr = "DFT-D3"
vdwdf_kernel_filepath = "/lustre/orion/world-shared/cph162/rjmorelock/rmgdft/XC/vdW_kernel_table"
wavefunction_grid = "154 156 378"
write_data_period = "50"

atomic_coordinate_type = "Absolute"
crds_units = "Angstrom"
lattice_units = "Angstrom"

lattice_vector = "
1.799724170954e+01 0.000000000000e+00 1.100000000000e-15
5.999080570806e+00 1.731785390890e+01 1.100000000000e-15
0.000000000000e+00 0.000000000000e+00 4.446241589303e+01
"
atoms = "
Nb 1.992486135863e+01 1.165308185830e+01 1.532833092694e+01 1 1 1 0.0 0.0 0.0
Nb 1.392578078878e+01 1.165308185830e+01 1.532833092694e+01 1 1 1 0.0 0.0 0.0
Nb 1.692532107361e+01 9.921296467413e+00 1.532833092694e+01 1 1 1 0.0 0.0 0.0
Nb 1.992486135843e+01 8.189511076523e+00 1.532833092694e+01 1 1 1 0.0 0.0 0.0
Nb 7.926700218932e+00 1.165308185830e+01 1.532833092694e+01 1 1 1 0.0 0.0 0.0
Nb 1.092624050376e+01 9.921296467413e+00 1.532833092694e+01 1 1 1 0.0 0.0 0.0
Nb 1.392578078859e+01 8.189511076523e+00 1.532833092694e+01 1 1 1 0.0 0.0 0.0
Nb 1.692532107341e+01 6.457725685632e+00 1.532833092694e+01 1 1 1 0.0 0.0 0.0
Nb 4.927159933913e+00 9.921296467413e+00 1.532833092694e+01 1 1 1 0.0 0.0 0.0
Nb 7.926700218740e+00 8.189511076523e+00 1.532833092694e+01 1 1 1 0.0 0.0 0.0
Nb 1.092624050357e+01 6.457725685632e+00 1.532833092694e+01 1 1 1 0.0 0.0 0.0
Nb 1.392578078839e+01 4.725940294742e+00 1.532833092694e+01 1 1 1 0.0 0.0 0.0
Nb 1.692532107322e+01 2.994154903852e+00 1.532833092694e+01 1 1 1 0.0 0.0 0.0
Nb 4.927159933721e+00 6.457725685632e+00 1.532833092694e+01 1 1 1 0.0 0.0 0.0
Nb 7.926700218548e+00 4.725940294742e+00 1.532833092694e+01 1 1 1 0.0 0.0 0.0
Nb 1.092624050338e+01 2.994154903852e+00 1.532833092694e+01 1 1 1 0.0 0.0 0.0
Nb 1.392578078820e+01 1.262369512962e+00 1.532833092694e+01 1 1 1 0.0 0.0 0.0
Nb 2.292440164384e+01 1.684843803097e+01 1.532833092694e+01 1 1 1 0.0 0.0 0.0
Nb 1.927619648702e+00 4.725940294742e+00 1.532833092694e+01 1 1 1 0.0 0.0 0.0
Nb 4.927159933529e+00 2.994154903852e+00 1.532833092694e+01 1 1 1 0.0 0.0 0.0
Nb 7.926700218356e+00 1.262369512962e+00 1.532833092694e+01 1 1 1 0.0 0.0 0.0
Nb 1.692532107399e+01 1.684843803097e+01 1.532833092694e+01 1 1 1 0.0 0.0 0.0
Nb 1.992486135882e+01 1.511665264008e+01 1.532833092694e+01 1 1 1 0.0 0.0 0.0
Nb 1.927619648510e+00 1.262369512962e+00 1.532833092694e+01 1 1 1 0.0 0.0 0.0
Nb 1.092624050414e+01 1.684843803097e+01 1.532833092694e+01 1 1 1 0.0 0.0 0.0
Nb 1.392578078897e+01 1.511665264008e+01 1.532833092694e+01 1 1 1 0.0 0.0 0.0
Nb 1.692532107380e+01 1.338486724919e+01 1.532833092694e+01 1 1 1 0.0 0.0 0.0
Nb 7.926700219124e+00 1.511665264008e+01 1.532833092694e+01 1 1 1 0.0 0.0 0.0
Nb 1.092624050395e+01 1.338486724919e+01 1.532833092694e+01 1 1 1 0.0 0.0 0.0
Nb 4.927159934105e+00 1.338486724919e+01 1.532833092694e+01 1 1 1 0.0 0.0 0.0
Nb 1.992083444316e+01 1.164414135722e+01 9.182088683320e+00 1 1 1 0.0 0.0 0.0
Nb 1.392175387331e+01 1.164414135722e+01 9.182088683320e+00 1 1 1 0.0 0.0 0.0
Nb 1.692129415814e+01 9.912355966334e+00 9.182088683320e+00 1 1 1 0.0 0.0 0.0
Nb 1.992083444296e+01 8.180570575444e+00 9.182088683320e+00 1 1 1 0.0 0.0 0.0
Nb 7.922673303462e+00 1.164414135722e+01 9.182088683320e+00 1 1 1 0.0 0.0 0.0
Nb 1.092221358829e+01 9.912355966334e+00 9.182088683320e+00 1 1 1 0.0 0.0 0.0
Nb 1.392175387312e+01 8.180570575444e+00 9.182088683320e+00 1 1 1 0.0 0.0 0.0
Nb 1.692129415794e+01 6.448785184554e+00 9.182088683320e+00 1 1 1 0.0 0.0 0.0
Nb 4.923133018443e+00 9.912355966334e+00 9.182088683320e+00 1 1 1 0.0 0.0 0.0
Nb 7.922673303270e+00 8.180570575444e+00 9.182088683320e+00 1 1 1 0.0 0.0 0.0
Nb 1.092221358810e+01 6.448785184554e+00 9.182088683320e+00 1 1 1 0.0 0.0 0.0
Nb 1.392175387292e+01 4.716999793664e+00 9.182088683320e+00 1 1 1 0.0 0.0 0.0
Nb 1.692129415775e+01 2.985214402774e+00 9.182088683320e+00 1 1 1 0.0 0.0 0.0
Nb 4.923133018251e+00 6.448785184554e+00 9.182088683320e+00 1 1 1 0.0 0.0 0.0
Nb 7.922673303078e+00 4.716999793664e+00 9.182088683320e+00 1 1 1 0.0 0.0 0.0
Nb 1.092221358791e+01 2.985214402774e+00 9.182088683320e+00 1 1 1 0.0 0.0 0.0
Nb 1.392175387273e+01 1.253429011884e+00 9.182088683320e+00 1 1 1 0.0 0.0 0.0
Nb 2.292037472837e+01 1.683949752989e+01 9.182088683320e+00 1 1 1 0.0 0.0 0.0
Nb 1.923592733232e+00 4.716999793664e+00 9.182088683320e+00 1 1 1 0.0 0.0 0.0
Nb 4.923133018059e+00 2.985214402774e+00 9.182088683320e+00 1 1 1 0.0 0.0 0.0
Nb 7.922673302886e+00 1.253429011884e+00 9.182088683320e+00 1 1 1 0.0 0.0 0.0
Nb 1.692129415852e+01 1.683949752989e+01 9.182088683320e+00 1 1 1 0.0 0.0 0.0
Nb 1.992083444335e+01 1.510771213900e+01 9.182088683320e+00 1 1 1 0.0 0.0 0.0
Nb 1.923592733040e+00 1.253429011884e+00 9.182088683320e+00 1 1 1 0.0 0.0 0.0
Nb 1.092221358867e+01 1.683949752989e+01 9.182088683320e+00 1 1 1 0.0 0.0 0.0
Nb 1.392175387350e+01 1.510771213900e+01 9.182088683320e+00 1 1 1 0.0 0.0 0.0
Nb 1.692129415833e+01 1.337592674811e+01 9.182088683320e+00 1 1 1 0.0 0.0 0.0
Nb 7.922673303654e+00 1.510771213900e+01 9.182088683320e+00 1 1 1 0.0 0.0 0.0
Nb 1.092221358848e+01 1.337592674811e+01 9.182088683320e+00 1 1 1 0.0 0.0 0.0
Nb 4.923133018635e+00 1.337592674811e+01 9.182088683320e+00 1 1 1 0.0 0.0 0.0
Bi 1.286681580388e+01 2.110602044379e+00 3.532095071834e+01 1 1 1 0.0 0.0 0.0
Bi 1.629486184393e+01 4.584581174222e+00 3.532095071834e+01 1 1 1 0.0 0.0 0.0
Bi 5.725053220682e+00 1.285942334431e+00 3.532095071834e+01 1 1 1 0.0 0.0 0.0
Bi 9.153099260731e+00 3.759921464274e+00 3.532095071834e+01 1 1 1 0.0 0.0 0.0
Bi 1.258114530078e+01 6.233900594117e+00 3.532095071834e+01 1 1 1 0.0 0.0 0.0
Bi 1.600919134083e+01 8.707879723960e+00 3.532095071834e+01 1 1 1 0.0 0.0 0.0
Bi 1.943723738088e+01 1.118185885380e+01 3.532095071834e+01 1 1 1 0.0 0.0 0.0
Bi 1.658053234703e+01 4.612826244834e-01 3.532095071834e+01 1 1 1 0.0 0.0 0.0
Bi 2.011336677535e+00 2.935261754327e+00 3.532095071834e+01 1 1 1 0.0 0.0 0.0
Bi 5.439382717584e+00 5.409240884170e+00 3.532095071834e+01 1 1 1 0.0 0.0 0.0
Bi 8.867428757634e+00 7.883220014013e+00 3.532095071834e+01 1 1 1 0.0 0.0 0.0
Bi 1.229547479768e+01 1.035719914386e+01 3.532095071834e+01 1 1 1 0.0 0.0 0.0
Bi 1.572352083773e+01 1.283117827370e+01 3.532095071834e+01 1 1 1 0.0 0.0 0.0
Bi 1.915156687778e+01 1.530515740354e+01 3.532095071834e+01 1 1 1 0.0 0.0 0.0
Bi 1.972290788398e+01 7.058560304065e+00 3.532095071834e+01 1 1 1 0.0 0.0 0.0
Bi 5.153712214487e+00 9.532539433908e+00 3.532095071834e+01 1 1 1 0.0 0.0 0.0
Bi 8.581758254536e+00 1.200651856375e+01 3.532095071834e+01 1 1 1 0.0 0.0 0.0
Bi 1.200980429459e+01 1.448049769359e+01 3.532095071834e+01 1 1 1 0.0 0.0 0.0
Bi 1.543785033464e+01 1.695447682344e+01 3.532095071834e+01 1 1 1 0.0 0.0 0.0
Bi 4.868041711389e+00 1.365583798365e+01 3.532095071834e+01 1 1 1 0.0 0.0 0.0
Bi 8.296087751439e+00 1.612981711349e+01 3.532095071834e+01 1 1 1 0.0 0.0 0.0
Bi 1.051319003765e+01 1.813855489548e+00 3.133430771007e+01 1 1 1 0.0 0.0 0.0
Bi 1.394123607770e+01 4.287834619391e+00 3.133430771007e+01 1 1 1 0.0 0.0 0.0
Bi 3.371427454456e+00 9.891957796000e-01 3.133430771007e+01 1 1 1 0.0 0.0 0.0
Bi 6.799473494506e+00 3.463174909443e+00 3.133430771007e+01 1 1 1 0.0 0.0 0.0
Bi 1.022751953456e+01 5.937154039286e+00 3.133430771007e+01 1 1 1 0.0 0.0 0.0
Bi 1.365556557460e+01 8.411133169129e+00 3.133430771007e+01 1 1 1 0.0 0.0 0.0
Bi 1.708361161465e+01 1.088511229897e+01 3.133430771007e+01 1 1 1 0.0 0.0 0.0
Bi 1.422690658080e+01 1.645360696523e-01 3.133430771007e+01 1 1 1 0.0 0.0 0.0
Bi 1.765495262085e+01 2.638515199495e+00 3.133430771007e+01 1 1 1 0.0 0.0 0.0
Bi 3.085756951359e+00 5.112494329338e+00 3.133430771007e+01 1 1 1 0.0 0.0 0.0
Bi 6.513802991408e+00 7.586473459181e+00 3.133430771007e+01 1 1 1 0.0 0.0 0.0
Bi 9.941849031458e+00 1.006045258902e+01 3.133430771007e+01 1 1 1 0.0 0.0 0.0
Bi 1.336989507151e+01 1.253443171887e+01 3.133430771007e+01 1 1 1 0.0 0.0 0.0
Bi 1.679794111156e+01 1.500841084871e+01 3.133430771007e+01 1 1 1 0.0 0.0 0.0
Bi 1.736928211775e+01 6.761813749234e+00 3.133430771007e+01 1 1 1 0.0 0.0 0.0
Bi 2.079732815780e+01 9.235792879077e+00 3.133430771007e+01 1 1 1 0.0 0.0 0.0
Bi 6.228132488311e+00 1.170977200892e+01 3.133430771007e+01 1 1 1 0.0 0.0 0.0
Bi 9.656178528360e+00 1.418375113876e+01 3.133430771007e+01 1 1 1 0.0 0.0 0.0
Bi 1.308422456841e+01 1.665773026861e+01 3.133430771007e+01 1 1 1 0.0 0.0 0.0
Bi 2.051165765470e+01 1.335909142882e+01 3.133430771007e+01 1 1 1 0.0 0.0 0.0
Bi 5.942461985213e+00 1.583307055866e+01 3.133430771007e+01 1 1 1 0.0 0.0 0.0
Bi 1.050050097164e+01 1.746953481589e+00 2.529282906773e+01 1 1 1 0.0 0.0 0.0
Bi 1.392854701169e+01 4.220932611432e+00 2.529282906773e+01 1 1 1 0.0 0.0 0.0
Bi 3.358738388447e+00 9.222937716414e-01 2.529282906773e+01 1 1 1 0.0 0.0 0.0
Bi 6.786784428497e+00 3.396272901484e+00 2.529282906773e+01 1 1 1 0.0 0.0 0.0
Bi 1.021483046855e+01 5.870252031328e+00 2.529282906773e+01 1 1 1 0.0 0.0 0.0
Bi 1.364287650860e+01 8.344231161171e+00 2.529282906773e+01 1 1 1 0.0 0.0 0.0
Bi 1.707092254864e+01 1.081821029101e+01 2.529282906773e+01 1 1 1 0.0 0.0 0.0
Bi 1.421421751479e+01 9.763406169372e-02 2.529282906773e+01 1 1 1 0.0 0.0 0.0
Bi 1.764226355484e+01 2.571613191537e+00 2.529282906773e+01 1 1 1 0.0 0.0 0.0
Bi 3.073067885350e+00 5.045592321380e+00 2.529282906773e+01 1 1 1 0.0 0.0 0.0
Bi 6.501113925399e+00 7.519571451223e+00 2.529282906773e+01 1 1 1 0.0 0.0 0.0
Bi 9.929159965449e+00 9.993550581066e+00 2.529282906773e+01 1 1 1 0.0 0.0 0.0
Bi 1.335720600550e+01 1.246752971091e+01 2.529282906773e+01 1 1 1 0.0 0.0 0.0
Bi 1.678525204555e+01 1.494150884075e+01 2.529282906773e+01 1 1 1 0.0 0.0 0.0
Bi 1.735659305174e+01 6.694911741275e+00 2.529282906773e+01 1 1 1 0.0 0.0 0.0
Bi 2.078463909179e+01 9.168890871118e+00 2.529282906773e+01 1 1 1 0.0 0.0 0.0
Bi 6.215443422302e+00 1.164287000096e+01 2.529282906773e+01 1 1 1 0.0 0.0 0.0
Bi 9.643489462351e+00 1.411684913080e+01 2.529282906773e+01 1 1 1 0.0 0.0 0.0
Bi 1.307153550240e+01 1.659082826065e+01 2.529282906773e+01 1 1 1 0.0 0.0 0.0
Bi 2.049896858869e+01 1.329218942086e+01 2.529282906773e+01 1 1 1 0.0 0.0 0.0
Bi 5.929772919204e+00 1.576616855070e+01 2.529282906773e+01 1 1 1 0.0 0.0 0.0
Bi 1.528302244653e+01 2.297547953081e+00 2.132110864621e+01 1 1 1 0.0 0.0 0.0
Bi 1.871106848657e+01 4.771527082924e+00 2.132110864621e+01 1 1 1 0.0 0.0 0.0
Bi 8.141259863329e+00 1.472888243133e+00 2.132110864621e+01 1 1 1 0.0 0.0 0.0
Bi 1.156930590338e+01 3.946867372977e+00 2.132110864621e+01 1 1 1 0.0 0.0 0.0
Bi 1.499735194343e+01 6.420846502820e+00 2.132110864621e+01 1 1 1 0.0 0.0 0.0
Bi 1.842539798348e+01 8.894825632663e+00 2.132110864621e+01 1 1 1 0.0 0.0 0.0
Bi 2.185344402353e+01 1.136880476251e+01 2.132110864621e+01 1 1 1 0.0 0.0 0.0
Bi 9.994972801330e-01 6.482285331858e-01 2.132110864621e+01 1 1 1 0.0 0.0 0.0
Bi 4.427543320182e+00 3.122207663029e+00 2.132110864621e+01 1 1 1 0.0 0.0 0.0
Bi 7.855589360232e+00 5.596186792872e+00 2.132110864621e+01 1 1 1 0.0 0.0 0.0
Bi 1.128363540028e+01 8.070165922715e+00 2.132110864621e+01 1 1 1 0.0 0.0 0.0
Bi 1.471168144033e+01 1.054414505256e+01 2.132110864621e+01 1 1 1 0.0 0.0 0.0
Bi 1.813972748038e+01 1.301812418240e+01 2.132110864621e+01 1 1 1 0.0 0.0 0.0
Bi 2.156777352043e+01 1.549210331224e+01 2.132110864621e+01 1 1 1 0.0 0.0 0.0
Bi 4.141872817085e+00 7.245506212767e+00 2.132110864621e+01 1 1 1 0.0 0.0 0.0
Bi 7.569918857134e+00 9.719485342610e+00 2.132110864621e+01 1 1 1 0.0 0.0 0.0
Bi 1.099796489718e+01 1.219346447245e+01 2.132110864621e+01 1 1 1 0.0 0.0 0.0
Bi 1.442601093723e+01 1.466744360230e+01 2.132110864621e+01 1 1 1 0.0 0.0 0.0
Bi 1.785405697728e+01 1.714142273214e+01 2.132110864621e+01 1 1 1 0.0 0.0 0.0
Bi 7.284248354037e+00 1.384278389235e+01 2.132110864621e+01 1 1 1 0.0 0.0 0.0
Bi 1.071229439409e+01 1.631676302219e+01 2.132110864621e+01 1 1 1 0.0 0.0 0.0
Se 1.892043057956e+01 1.337584126032e+01 7.500000000000e+00 1 1 1 0.0 0.0 0.0
Se 1.292135000972e+01 1.337584126032e+01 7.500000000000e+00 1 1 1 0.0 0.0 0.0
Se 1.592089029455e+01 1.164405586943e+01 7.500000000000e+00 1 1 1 0.0 0.0 0.0
Se 1.892043057937e+01 9.912270478543e+00 7.500000000000e+00 1 1 1 0.0 0.0 0.0
Se 6.922269439872e+00 1.337584126032e+01 7.500000000000e+00 1 1 1 0.0 0.0 0.0
Se 9.921809724699e+00 1.164405586943e+01 7.500000000000e+00 1 1 1 0.0 0.0 0.0
Se 1.292135000953e+01 9.912270478543e+00 7.500000000000e+00 1 1 1 0.0 0.0 0.0
Se 1.592089029435e+01 8.180485087652e+00 7.500000000000e+00 1 1 1 0.0 0.0 0.0
Se 2.191997086439e+01 1.164405586943e+01 7.500000000000e+00 1 1 1 0.0 0.0 0.0
Se 6.922269439680e+00 9.912270478543e+00 7.500000000000e+00 1 1 1 0.0 0.0 0.0
Se 9.921809724507e+00 8.180485087652e+00 7.500000000000e+00 1 1 1 0.0 0.0 0.0
Se 1.292135000933e+01 6.448699696762e+00 7.500000000000e+00 1 1 1 0.0 0.0 0.0
Se 1.592089029416e+01 4.716914305872e+00 7.500000000000e+00 1 1 1 0.0 0.0 0.0
Se 3.922729154661e+00 8.180485087652e+00 7.500000000000e+00 1 1 1 0.0 0.0 0.0
Se 6.922269439488e+00 6.448699696762e+00 7.500000000000e+00 1 1 1 0.0 0.0 0.0
Se 9.921809724315e+00 4.716914305872e+00 7.500000000000e+00 1 1 1 0.0 0.0 0.0
Se 1.292135000914e+01 2.985128914982e+00 7.500000000000e+00 1 1 1 0.0 0.0 0.0
Se 1.592089029397e+01 1.253343524092e+00 7.500000000000e+00 1 1 1 0.0 0.0 0.0
Se 1.892043057918e+01 6.448699696762e+00 7.500000000000e+00 1 1 1 0.0 0.0 0.0
Se 3.922729154469e+00 4.716914305872e+00 7.500000000000e+00 1 1 1 0.0 0.0 0.0
Se 6.922269439296e+00 2.985128914982e+00 7.500000000000e+00 1 1 1 0.0 0.0 0.0
Se 9.921809724123e+00 1.253343524092e+00 7.500000000000e+00 1 1 1 0.0 0.0 0.0
Se 1.892043057976e+01 1.683941204210e+01 7.500000000000e+00 1 1 1 0.0 0.0 0.0
Se 1.892043057899e+01 2.985128914982e+00 7.500000000000e+00 1 1 1 0.0 0.0 0.0
Se 3.922729154277e+00 1.253343524092e+00 7.500000000000e+00 1 1 1 0.0 0.0 0.0
Se 1.292135000991e+01 1.683941204210e+01 7.500000000000e+00 1 1 1 0.0 0.0 0.0
Se 1.592089029474e+01 1.510762665121e+01 7.500000000000e+00 1 1 1 0.0 0.0 0.0
Se 6.922269440064e+00 1.683941204210e+01 7.500000000000e+00 1 1 1 0.0 0.0 0.0
Se 9.921809724891e+00 1.510762665121e+01 7.500000000000e+00 1 1 1 0.0 0.0 0.0
Se 2.191997086458e+01 1.510762665121e+01 7.500000000000e+00 1 1 1 0.0 0.0 0.0
Se 2.092442135918e+01 1.338490136972e+01 1.364602824434e+01 1 1 1 0.0 0.0 0.0
Se 1.492534078933e+01 1.338490136972e+01 1.364602824434e+01 1 1 1 0.0 0.0 0.0
Se 1.792488107416e+01 1.165311597883e+01 1.364602824434e+01 1 1 1 0.0 0.0 0.0
Se 2.092442135899e+01 9.921330587937e+00 1.364602824434e+01 1 1 1 0.0 0.0 0.0
Se 8.926260219485e+00 1.338490136972e+01 1.364602824434e+01 1 1 1 0.0 0.0 0.0
Se 1.192580050431e+01 1.165311597883e+01 1.364602824434e+01 1 1 1 0.0 0.0 0.0
Se 1.492534078914e+01 9.921330587937e+00 1.364602824434e+01 1 1 1 0.0 0.0 0.0
Se 1.792488107397e+01 8.189545197047e+00 1.364602824434e+01 1 1 1 0.0 0.0 0.0
Se 5.926719934465e+00 1.165311597883e+01 1.364602824434e+01 1 1 1 0.0 0.0 0.0
Se 8.926260219293e+00 9.921330587937e+00 1.364602824434e+01 1 1 1 0.0 0.0 0.0
Se 1.192580050412e+01 8.189545197047e+00 1.364602824434e+01 1 1 1 0.0 0.0 0.0
Se 1.492534078895e+01 6.457759806157e+00 1.364602824434e+01 1 1 1 0.0 0.0 0.0
Se 1.792488107377e+01 4.725974415267e+00 1.364602824434e+01 1 1 1 0.0 0.0 0.0
Se 5.926719934273e+00 8.189545197047e+00 1.364602824434e+01 1 1 1 0.0 0.0 0.0
Se 8.926260219101e+00 6.457759806157e+00 1.364602824434e+01 1 1 1 0.0 0.0 0.0
Se 1.192580050393e+01 4.725974415267e+00 1.364602824434e+01 1 1 1 0.0 0.0 0.0
Se 1.492534078876e+01 2.994189024377e+00 1.364602824434e+01 1 1 1 0.0 0.0 0.0
Se 1.792488107358e+01 1.262403633486e+00 1.364602824434e+01 1 1 1 0.0 0.0 0.0
Se 2.927179649254e+00 6.457759806157e+00 1.364602824434e+01 1 1 1 0.0 0.0 0.0
Se 5.926719934082e+00 4.725974415267e+00 1.364602824434e+01 1 1 1 0.0 0.0 0.0
Se 8.926260218909e+00 2.994189024377e+00 1.364602824434e+01 1 1 1 0.0 0.0 0.0
Se 1.192580050374e+01 1.262403633486e+00 1.364602824434e+01 1 1 1 0.0 0.0 0.0
Se 2.092442135937e+01 1.684847215150e+01 1.364602824434e+01 1 1 1 0.0 0.0 0.0
Se 2.927179649062e+00 2.994189024377e+00 1.364602824434e+01 1 1 1 0.0 0.0 0.0
Se 5.926719933890e+00 1.262403633486e+00 1.364602824434e+01 1 1 1 0.0 0.0 0.0
Se 1.492534078952e+01 1.684847215150e+01 1.364602824434e+01 1 1 1 0.0 0.0 0.0
Se 1.792488107435e+01 1.511668676061e+01 1.364602824434e+01 1 1 1 0.0 0.0 0.0
Se 8.926260219677e+00 1.684847215150e+01 1.364602824434e+01 1 1 1 0.0 0.0 0.0
Se 1.192580050450e+01 1.511668676061e+01 1.364602824434e+01 1 1 1 0.0 0.0 0.0
Se 5.926719934657e+00 1.511668676061e+01 1.364602824434e+01 1 1 1 0.0 0.0 0.0
Se 1.892121244321e+01 1.337658077546e+01 1.086443756309e+01 1 1 1 0.0 0.0 0.0
Se 1.292213187337e+01 1.337658077546e+01 1.086443756309e+01 1 1 1 0.0 0.0 0.0
Se 1.592167215819e+01 1.164479538457e+01 1.086443756309e+01 1 1 1 0.0 0.0 0.0
Se 1.892121244302e+01 9.913009993682e+00 1.086443756309e+01 1 1 1 0.0 0.0 0.0
Se 6.923051303520e+00 1.337658077546e+01 1.086443756309e+01 1 1 1 0.0 0.0 0.0
Se 9.922591588348e+00 1.164479538457e+01 1.086443756309e+01 1 1 1 0.0 0.0 0.0
Se 1.292213187317e+01 9.913009993682e+00 1.086443756309e+01 1 1 1 0.0 0.0 0.0
Se 1.592167215800e+01 8.181224602792e+00 1.086443756309e+01 1 1 1 0.0 0.0 0.0
Se 2.192075272804e+01 1.164479538457e+01 1.086443756309e+01 1 1 1 0.0 0.0 0.0
Se 6.923051303328e+00 9.913009993682e+00 1.086443756309e+01 1 1 1 0.0 0.0 0.0
Se 9.922591588156e+00 8.181224602792e+00 1.086443756309e+01 1 1 1 0.0 0.0 0.0
Se 1.292213187298e+01 6.449439211902e+00 1.086443756309e+01 1 1 1 0.0 0.0 0.0
Se 1.592167215781e+01 4.717653821012e+00 1.086443756309e+01 1 1 1 0.0 0.0 0.0
Se 3.923511018309e+00 8.181224602792e+00 1.086443756309e+01 1 1 1 0.0 0.0 0.0
Se 6.923051303137e+00 6.449439211902e+00 1.086443756309e+01 1 1 1 0.0 0.0 0.0
Se 9.922591587964e+00 4.717653821012e+00 1.086443756309e+01 1 1 1 0.0 0.0 0.0
Se 1.292213187279e+01 2.985868430121e+00 1.086443756309e+01 1 1 1 0.0 0.0 0.0
Se 1.592167215762e+01 1.254083039231e+00 1.086443756309e+01 1 1 1 0.0 0.0 0.0
Se 1.892121244283e+01 6.449439211902e+00 1.086443756309e+01 1 1 1 0.0 0.0 0.0
Se 3.923511018117e+00 4.717653821012e+00 1.086443756309e+01 1 1 1 0.0 0.0 0.0
Se 6.923051302945e+00 2.985868430121e+00 1.086443756309e+01 1 1 1 0.0 0.0 0.0
Se 9.922591587772e+00 1.254083039231e+00 1.086443756309e+01 1 1 1 0.0 0.0 0.0
Se 1.892121244341e+01 1.684015155724e+01 1.086443756309e+01 1 1 1 0.0 0.0 0.0
Se 1.892121244264e+01 2.985868430121e+00 1.086443756309e+01 1 1 1 0.0 0.0 0.0
Se 3.923511017925e+00 1.254083039231e+00 1.086443756309e+01 1 1 1 0.0 0.0 0.0
Se 1.292213187356e+01 1.684015155724e+01 1.086443756309e+01 1 1 1 0.0 0.0 0.0
Se 1.592167215839e+01 1.510836616635e+01 1.086443756309e+01 1 1 1 0.0 0.0 0.0
Se 6.923051303712e+00 1.684015155724e+01 1.086443756309e+01 1 1 1 0.0 0.0 0.0
Se 9.922591588540e+00 1.510836616635e+01 1.086443756309e+01 1 1 1 0.0 0.0 0.0
Se 2.192075272823e+01 1.510836616635e+01 1.086443756309e+01 1 1 1 0.0 0.0 0.0
Se 2.092530203918e+01 1.338548761610e+01 1.701046802998e+01 1 1 1 0.0 0.0 0.0
Se 1.492622146933e+01 1.338548761610e+01 1.701046802998e+01 1 1 1 0.0 0.0 0.0
Se 1.792576175416e+01 1.165370222521e+01 1.701046802998e+01 1 1 1 0.0 0.0 0.0
Se 2.092530203899e+01 9.921916834325e+00 1.701046802998e+01 1 1 1 0.0 0.0 0.0
Se 8.927140899486e+00 1.338548761610e+01 1.701046802998e+01 1 1 1 0.0 0.0 0.0
Se 1.192668118431e+01 1.165370222521e+01 1.701046802998e+01 1 1 1 0.0 0.0 0.0
Se 1.492622146914e+01 9.921916834325e+00 1.701046802998e+01 1 1 1 0.0 0.0 0.0
Se 1.792576175397e+01 8.190131443434e+00 1.701046802998e+01 1 1 1 0.0 0.0 0.0
Se 5.927600614467e+00 1.165370222521e+01 1.701046802998e+01 1 1 1 0.0 0.0 0.0
Se 8.927140899294e+00 9.921916834325e+00 1.701046802998e+01 1 1 1 0.0 0.0 0.0
Se 1.192668118412e+01 8.190131443434e+00 1.701046802998e+01 1 1 1 0.0 0.0 0.0
Se 1.492622146895e+01 6.458346052544e+00 1.701046802998e+01 1 1 1 0.0 0.0 0.0
Se 1.792576175378e+01 4.726560661654e+00 1.701046802998e+01 1 1 1 0.0 0.0 0.0
Se 5.927600614275e+00 8.190131443434e+00 1.701046802998e+01 1 1 1 0.0 0.0 0.0
Se 8.927140899102e+00 6.458346052544e+00 1.701046802998e+01 1 1 1 0.0 0.0 0.0
Se 1.192668118393e+01 4.726560661654e+00 1.701046802998e+01 1 1 1 0.0 0.0 0.0
Se 1.492622146876e+01 2.994775270764e+00 1.701046802998e+01 1 1 1 0.0 0.0 0.0
Se 1.792576175358e+01 1.262989879874e+00 1.701046802998e+01 1 1 1 0.0 0.0 0.0
Se 2.928060329255e+00 6.458346052544e+00 1.701046802998e+01 1 1 1 0.0 0.0 0.0
Se 5.927600614083e+00 4.726560661654e+00 1.701046802998e+01 1 1 1 0.0 0.0 0.0
Se 8.927140898910e+00 2.994775270764e+00 1.701046802998e+01 1 1 1 0.0 0.0 0.0
Se 1.192668118374e+01 1.262989879874e+00 1.701046802998e+01 1 1 1 0.0 0.0 0.0
Se 2.092530203937e+01 1.684905839789e+01 1.701046802998e+01 1 1 1 0.0 0.0 0.0
Se 2.928060329063e+00 2.994775270764e+00 1.701046802998e+01 1 1 1 0.0 0.0 0.0
Se 5.927600613891e+00 1.262989879874e+00 1.701046802998e+01 1 1 1 0.0 0.0 0.0
Se 1.492622146952e+01 1.684905839789e+01 1.701046802998e+01 1 1 1 0.0 0.0 0.0
Se 1.792576175435e+01 1.511727300699e+01 1.701046802998e+01 1 1 1 0.0 0.0 0.0
Se 8.927140899678e+00 1.684905839789e+01 1.701046802998e+01 1 1 1 0.0 0.0 0.0
Se 1.192668118451e+01 1.511727300699e+01 1.701046802998e+01 1 1 1 0.0 0.0 0.0
Se 5.927600614659e+00 1.511727300699e+01 1.701046802998e+01 1 1 1 0.0 0.0 0.0
Se 1.047431869753e+01 1.833854915879e+00 3.696241589303e+01 1 1 1 0.0 0.0 0.0
Se 1.390236473758e+01 4.307834045722e+00 3.696241589303e+01 1 1 1 0.0 0.0 0.0
Se 3.332556114336e+00 1.009195205931e+00 3.696241589303e+01 1 1 1 0.0 0.0 0.0
Se 6.760602154385e+00 3.483174335774e+00 3.696241589303e+01 1 1 1 0.0 0.0 0.0
Se 1.018864819443e+01 5.957153465617e+00 3.696241589303e+01 1 1 1 0.0 0.0 0.0
Se 1.361669423448e+01 8.431132595460e+00 3.696241589303e+01 1 1 1 0.0 0.0 0.0
Se 1.704474027453e+01 1.090511172530e+01 3.696241589303e+01 1 1 1 0.0 0.0 0.0
Se 1.418803524068e+01 1.845354959836e-01 3.696241589303e+01 1 1 1 0.0 0.0 0.0
Se 1.761608128073e+01 2.658514625827e+00 3.696241589303e+01 1 1 1 0.0 0.0 0.0
Se 3.046885611238e+00 5.132493755670e+00 3.696241589303e+01 1 1 1 0.0 0.0 0.0
Se 6.474931651288e+00 7.606472885513e+00 3.696241589303e+01 1 1 1 0.0 0.0 0.0
Se 9.902977691337e+00 1.008045201536e+01 3.696241589303e+01 1 1 1 0.0 0.0 0.0
Se 1.333102373139e+01 1.255443114520e+01 3.696241589303e+01 1 1 1 0.0 0.0 0.0
Se 1.675906977144e+01 1.502841027504e+01 3.696241589303e+01 1 1 1 0.0 0.0 0.0
Se 1.733041077763e+01 6.781813175565e+00 3.696241589303e+01 1 1 1 0.0 0.0 0.0
Se 2.075845681768e+01 9.255792305408e+00 3.696241589303e+01 1 1 1 0.0 0.0 0.0
Se 6.189261148190e+00 1.172977143525e+01 3.696241589303e+01 1 1 1 0.0 0.0 0.0
Se 9.617307188240e+00 1.420375056509e+01 3.696241589303e+01 1 1 1 0.0 0.0 0.0
Se 1.304535322829e+01 1.667772969494e+01 3.696241589303e+01 1 1 1 0.0 0.0 0.0
Se 2.047278631458e+01 1.337909085515e+01 3.696241589303e+01 1 1 1 0.0 0.0 0.0
Se 5.903590645093e+00 1.585306998499e+01 3.696241589303e+01 1 1 1 0.0 0.0 0.0
Se 1.527239283161e+01 2.381975312784e+00 3.332483142763e+01 1 1 1 0.0 0.0 0.0
Se 1.870043887166e+01 4.855954442627e+00 3.332483142763e+01 1 1 1 0.0 0.0 0.0
Se 8.130630248413e+00 1.557315602836e+00 3.332483142763e+01 1 1 1 0.0 0.0 0.0
Se 1.155867628846e+01 4.031294732679e+00 3.332483142763e+01 1 1 1 0.0 0.0 0.0
Se 1.498672232851e+01 6.505273862523e+00 3.332483142763e+01 1 1 1 0.0 0.0 0.0
Se 1.841476836856e+01 8.979252992366e+00 3.332483142763e+01 1 1 1 0.0 0.0 0.0
Se 2.184281440861e+01 1.145323212221e+01 3.332483142763e+01 1 1 1 0.0 0.0 0.0
Se 9.888676652169e-01 7.326558928887e-01 3.332483142763e+01 1 1 1 0.0 0.0 0.0
Se 4.416913705266e+00 3.206635022732e+00 3.332483142763e+01 1 1 1 0.0 0.0 0.0
Se 7.844959745316e+00 5.680614152575e+00 3.332483142763e+01 1 1 1 0.0 0.0 0.0
Se 1.127300578537e+01 8.154593282418e+00 3.332483142763e+01 1 1 1 0.0 0.0 0.0
Se 1.470105182541e+01 1.062857241226e+01 3.332483142763e+01 1 1 1 0.0 0.0 0.0
Se 1.812909786546e+01 1.310255154210e+01 3.332483142763e+01 1 1 1 0.0 0.0 0.0
Se 2.155714390551e+01 1.557653067195e+01 3.332483142763e+01 1 1 1 0.0 0.0 0.0
Se 4.131243202169e+00 7.329933572470e+00 3.332483142763e+01 1 1 1 0.0 0.0 0.0
Se 7.559289242218e+00 9.803912702313e+00 3.332483142763e+01 1 1 1 0.0 0.0 0.0
Se 1.098733528227e+01 1.227789183216e+01 3.332483142763e+01 1 1 1 0.0 0.0 0.0
Se 1.441538132232e+01 1.475187096200e+01 3.332483142763e+01 1 1 1 0.0 0.0 0.0
Se 1.784342736237e+01 1.722585009184e+01 3.332483142763e+01 1 1 1 0.0 0.0 0.0
Se 7.273618739121e+00 1.392721125205e+01 3.332483142763e+01 1 1 1 0.0 0.0 0.0
Se 1.070166477917e+01 1.640119038189e+01 3.332483142763e+01 1 1 1 0.0 0.0 0.0
Se 1.288296798491e+01 2.097263154242e+00 2.969131231352e+01 1 1 1 0.0 0.0 0.0
Se 1.631101402496e+01 4.571242284086e+00 2.969131231352e+01 1 1 1 0.0 0.0 0.0
Se 5.741205401710e+00 1.272603444295e+00 2.969131231352e+01 1 1 1 0.0 0.0 0.0
Se 9.169251441760e+00 3.746582574138e+00 2.969131231352e+01 1 1 1 0.0 0.0 0.0
Se 1.259729748181e+01 6.220561703981e+00 2.969131231352e+01 1 1 1 0.0 0.0 0.0
Se 1.602534352186e+01 8.694540833824e+00 2.969131231352e+01 1 1 1 0.0 0.0 0.0
Se 1.945338956191e+01 1.116851996367e+01 2.969131231352e+01 1 1 1 0.0 0.0 0.0
Se 1.659668452805e+01 4.479437343471e-01 2.969131231352e+01 1 1 1 0.0 0.0 0.0
Se 2.027488858564e+00 2.921922864190e+00 2.969131231352e+01 1 1 1 0.0 0.0 0.0
Se 5.455534898613e+00 5.395901994033e+00 2.969131231352e+01 1 1 1 0.0 0.0 0.0
Se 8.883580938662e+00 7.869881123876e+00 2.969131231352e+01 1 1 1 0.0 0.0 0.0
Se 1.231162697871e+01 1.034386025372e+01 2.969131231352e+01 1 1 1 0.0 0.0 0.0
Se 1.573967301876e+01 1.281783938356e+01 2.969131231352e+01 1 1 1 0.0 0.0 0.0
Se 1.916771905881e+01 1.529181851341e+01 2.969131231352e+01 1 1 1 0.0 0.0 0.0
Se 1.973906006501e+01 7.045221413929e+00 2.969131231352e+01 1 1 1 0.0 0.0 0.0
Se 5.169864395515e+00 9.519200543772e+00 2.969131231352e+01 1 1 1 0.0 0.0 0.0
Se 8.597910435565e+00 1.199317967361e+01 2.969131231352e+01 1 1 1 0.0 0.0 0.0
Se 1.202595647561e+01 1.446715880346e+01 2.969131231352e+01 1 1 1 0.0 0.0 0.0
Se 1.545400251566e+01 1.694113793330e+01 2.969131231352e+01 1 1 1 0.0 0.0 0.0
Se 4.884193892418e+00 1.364249909351e+01 2.969131231352e+01 1 1 1 0.0 0.0 0.0
Se 8.312239932467e+00 1.611647822335e+01 2.969131231352e+01 1 1 1 0.0 0.0 0.0
Se 1.528398593555e+01 2.301614047503e+00 2.692457590224e+01 1 1 1 0.0 0.0 0.0
Se 1.871203197560e+01 4.775593177346e+00 2.692457590224e+01 1 1 1 0.0 0.0 0.0
Se 8.142223352355e+00 1.476954337555e+00 2.692457590224e+01 1 1 1 0.0 0.0 0.0
Se 1.157026939240e+01 3.950933467398e+00 2.692457590224e+01 1 1 1 0.0 0.0 0.0
Se 1.499831543245e+01 6.424912597241e+00 2.692457590224e+01 1 1 1 0.0 0.0 0.0
Se 1.842636147250e+01 8.898891727084e+00 2.692457590224e+01 1 1 1 0.0 0.0 0.0
Se 2.185440751255e+01 1.137287085693e+01 2.692457590224e+01 1 1 1 0.0 0.0 0.0
Se 1.000460769159e+00 6.522946276074e-01 2.692457590224e+01 1 1 1 0.0 0.0 0.0
Se 4.428506809208e+00 3.126273757450e+00 2.692457590224e+01 1 1 1 0.0 0.0 0.0
Se 7.856552849258e+00 5.600252887294e+00 2.692457590224e+01 1 1 1 0.0 0.0 0.0
Se 1.128459888931e+01 8.074232017137e+00 2.692457590224e+01 1 1 1 0.0 0.0 0.0
Se 1.471264492936e+01 1.054821114698e+01 2.692457590224e+01 1 1 1 0.0 0.0 0.0
Se 1.814069096941e+01 1.302219027682e+01 2.692457590224e+01 1 1 1 0.0 0.0 0.0
Se 2.156873700946e+01 1.549616940667e+01 2.692457590224e+01 1 1 1 0.0 0.0 0.0
Se 4.142836306111e+00 7.249572307189e+00 2.692457590224e+01 1 1 1 0.0 0.0 0.0
Se 7.570882346160e+00 9.723551437032e+00 2.692457590224e+01 1 1 1 0.0 0.0 0.0
Se 1.099892838621e+01 1.219753056688e+01 2.692457590224e+01 1 1 1 0.0 0.0 0.0
Se 1.442697442626e+01 1.467150969672e+01 2.692457590224e+01 1 1 1 0.0 0.0 0.0
Se 1.785502046631e+01 1.714548882656e+01 2.692457590224e+01 1 1 1 0.0 0.0 0.0
Se 7.285211843063e+00 1.384684998677e+01 2.692457590224e+01 1 1 1 0.0 0.0 0.0
Se 1.071325788311e+01 1.632082911661e+01 2.692457590224e+01 1 1 1 0.0 0.0 0.0
Se 1.288644505172e+01 2.016139814070e+00 2.330671355540e+01 1 1 1 0.0 0.0 0.0
Se 1.631449109177e+01 4.490118943913e+00 2.330671355540e+01 1 1 1 0.0 0.0 0.0
Se 5.744682468521e+00 1.191480104122e+00 2.330671355540e+01 1 1 1 0.0 0.0 0.0
Se 9.172728508570e+00 3.665459233965e+00 2.330671355540e+01 1 1 1 0.0 0.0 0.0
Se 1.260077454862e+01 6.139438363808e+00 2.330671355540e+01 1 1 1 0.0 0.0 0.0
Se 1.602882058867e+01 8.613417493651e+00 2.330671355540e+01 1 1 1 0.0 0.0 0.0
Se 1.945686662872e+01 1.108739662349e+01 2.330671355540e+01 1 1 1 0.0 0.0 0.0
Se 1.660016159486e+01 3.668203941746e-01 2.330671355540e+01 1 1 1 0.0 0.0 0.0
Se 2.030965925374e+00 2.840799524018e+00 2.330671355540e+01 1 1 1 0.0 0.0 0.0
Se 5.459011965423e+00 5.314778653861e+00 2.330671355540e+01 1 1 1 0.0 0.0 0.0
Se 8.887058005473e+00 7.788757783704e+00 2.330671355540e+01 1 1 1 0.0 0.0 0.0
Se 1.231510404552e+01 1.026273691355e+01 2.330671355540e+01 1 1 1 0.0 0.0 0.0
Se 1.574315008557e+01 1.273671604339e+01 2.330671355540e+01 1 1 1 0.0 0.0 0.0
Se 1.917119612562e+01 1.521069517323e+01 2.330671355540e+01 1 1 1 0.0 0.0 0.0
Se 1.974253713182e+01 6.964098073756e+00 2.330671355540e+01 1 1 1 0.0 0.0 0.0
Se 5.173341462326e+00 9.438077203599e+00 2.330671355540e+01 1 1 1 0.0 0.0 0.0
Se 8.601387502375e+00 1.191205633344e+01 2.330671355540e+01 1 1 1 0.0 0.0 0.0
Se 1.202943354242e+01 1.438603546329e+01 2.330671355540e+01 1 1 1 0.0 0.0 0.0
Se 1.545747958247e+01 1.686001459313e+01 2.330671355540e+01 1 1 1 0.0 0.0 0.0
Se 4.887670959228e+00 1.356137575334e+01 2.330671355540e+01 1 1 1 0.0 0.0 0.0
Se 8.315716999278e+00 1.603535488318e+01 2.330671355540e+01 1 1 1 0.0 0.0 0.0
Se 1.049293636222e+01 1.745545389152e+00 1.968357859229e+01 1 1 1 0.0 0.0 0.0
Se 1.392098240227e+01 4.219524518995e+00 1.968357859229e+01 1 1 1 0.0 0.0 0.0
Se 3.351173779027e+00 9.208856792039e-01 1.968357859229e+01 1 1 1 0.0 0.0 0.0
Se 6.779219819076e+00 3.394864809047e+00 1.968357859229e+01 1 1 1 0.0 0.0 0.0
Se 1.020726585913e+01 5.868843938890e+00 1.968357859229e+01 1 1 1 0.0 0.0 0.0
Se 1.363531189918e+01 8.342823068733e+00 1.968357859229e+01 1 1 1 0.0 0.0 0.0
Se 1.706335793922e+01 1.081680219858e+01 1.968357859229e+01 1 1 1 0.0 0.0 0.0
Se 1.420665290537e+01 9.622596925625e-02 1.968357859229e+01 1 1 1 0.0 0.0 0.0
Se 1.763469894542e+01 2.570205099099e+00 1.968357859229e+01 1 1 1 0.0 0.0 0.0
Se 3.065503275929e+00 5.044184228942e+00 1.968357859229e+01 1 1 1 0.0 0.0 0.0
Se 6.493549315979e+00 7.518163358785e+00 1.968357859229e+01 1 1 1 0.0 0.0 0.0
Se 9.921595356028e+00 9.992142488628e+00 1.968357859229e+01 1 1 1 0.0 0.0 0.0
Se 1.334964139608e+01 1.246612161847e+01 1.968357859229e+01 1 1 1 0.0 0.0 0.0
Se 1.677768743613e+01 1.494010074831e+01 1.968357859229e+01 1 1 1 0.0 0.0 0.0
Se 1.734902844232e+01 6.693503648838e+00 1.968357859229e+01 1 1 1 0.0 0.0 0.0
Se 2.077707448237e+01 9.167482778681e+00 1.968357859229e+01 1 1 1 0.0 0.0 0.0
Se 6.207878812881e+00 1.164146190852e+01 1.968357859229e+01 1 1 1 0.0 0.0 0.0
Se 9.635924852931e+00 1.411544103837e+01 1.968357859229e+01 1 1 1 0.0 0.0 0.0
Se 1.306397089298e+01 1.658942016821e+01 1.968357859229e+01 1 1 1 0.0 0.0 0.0
Se 2.049140397927e+01 1.329078132842e+01 1.968357859229e+01 1 1 1 0.0 0.0 0.0
Se 5.922208309784e+00 1.576476045826e+01 1.968357859229e+01 1 1 1 0.0 0.0 0.0
"