calculation_mode = "Quench Electrons"
cell_relax = "False"
charge_density_mixing = "0.15"
charge_mixing_type = "Broyden"
description = "Example parameters for high-throughput bulk relaxation of a vdW material"
dipole_moment = "True"
dos_broading = "0.05"
dos_method = "Gaussian"
energy_convergence_criterion = "1e-08"
energy_output_units = "Hartrees"
kohn_sham_mucycles = "3"
kohn_sham_solver = "davidson"
kpoint_distribution = "1"
kpoint_mesh = "1 1 1"
localize_projectors = "False"
max_md_steps = "100"
max_scf_steps = "200"
non_local_block_size = "4000"
output_wave_function_file = "/dev/null"
potential_acceleration_constant_step = "1.5"
processor_grid = "6 6 16"
rms_convergence_criterion = "1e-08"
scalapack_block_factor = "64"
start_mode = "LCAO Start"
state_block_size = "64"
stress = "True"
subdiag_driver = "scalapack"
test_energy_tolerance = "1e-05"
use_async_allreduce = "False"
vdw_corr = "DFT-D3"
vdwdf_kernel_filepath = "/lustre/orion/world-shared/cph162/rjmorelock/rmgdft/XC/vdW_kernel_table"
wavefunction_grid = "164 164 426"
write_data_period = "50"

atomic_coordinate_type = "Absolute"
crds_units = "Angstrom"
lattice_units = "Angstrom"

lattice_vector = "
1.928434596679e+01 0.000000000000e+00 1.200000000000e-15
9.642172982676e+00 1.670073350340e+01 1.200000000000e-15
0.000000000000e+00 0.000000000000e+00 4.998930533072e+01
"
atoms = "
Nb 3.938598765297e-01 4.225354248746e-01 1.782833092694e+01 1 1 1 0.0 0.0 0.0
Nb 2.571124743632e+00 3.116202118971e+00 1.782833092694e+01 1 1 1 0.0 0.0 0.0
Nb 5.992540963569e+00 2.577468780152e+00 1.782833092694e+01 1 1 1 0.0 0.0 0.0
Nb 9.413957183506e+00 2.038735441332e+00 1.782833092694e+01 1 1 1 0.0 0.0 0.0
Nb 1.283537340344e+01 1.500002102513e+00 1.782833092694e+01 1 1 1 0.0 0.0 0.0
Nb 1.625678962338e+01 9.612687636939e-01 1.782833092694e+01 1 1 1 0.0 0.0 0.0
Nb 4.748389610734e+00 5.809868813067e+00 1.782833092694e+01 1 1 1 0.0 0.0 0.0
Nb 8.169805830671e+00 5.271135474248e+00 1.782833092694e+01 1 1 1 0.0 0.0 0.0
Nb 1.159122205061e+01 4.732402135429e+00 1.782833092694e+01 1 1 1 0.0 0.0 0.0
Nb 1.501263827054e+01 4.193668796610e+00 1.782833092694e+01 1 1 1 0.0 0.0 0.0
Nb 1.843405449048e+01 3.654935457790e+00 1.782833092694e+01 1 1 1 0.0 0.0 0.0
Nb 6.925654477836e+00 8.503535507164e+00 1.782833092694e+01 1 1 1 0.0 0.0 0.0
Nb 1.034707069777e+01 7.964802168345e+00 1.782833092694e+01 1 1 1 0.0 0.0 0.0
Nb 1.376848691771e+01 7.426068829525e+00 1.782833092694e+01 1 1 1 0.0 0.0 0.0
Nb 1.718990313765e+01 6.887335490706e+00 1.782833092694e+01 1 1 1 0.0 0.0 0.0
Nb 2.061131935758e+01 6.348602151887e+00 1.782833092694e+01 1 1 1 0.0 0.0 0.0
Nb 9.102919344939e+00 1.119720220126e+01 1.782833092694e+01 1 1 1 0.0 0.0 0.0
Nb 1.252433556488e+01 1.065846886244e+01 1.782833092694e+01 1 1 1 0.0 0.0 0.0
Nb 1.594575178481e+01 1.011973552362e+01 1.782833092694e+01 1 1 1 0.0 0.0 0.0
Nb 1.936716800475e+01 9.581002184803e+00 1.782833092694e+01 1 1 1 0.0 0.0 0.0
Nb 2.278858422469e+01 9.042268845983e+00 1.782833092694e+01 1 1 1 0.0 0.0 0.0
Nb 1.128018421204e+01 1.389086889536e+01 1.782833092694e+01 1 1 1 0.0 0.0 0.0
Nb 1.470160043198e+01 1.335213555654e+01 1.782833092694e+01 1 1 1 0.0 0.0 0.0
Nb 1.812301665191e+01 1.281340221772e+01 1.782833092694e+01 1 1 1 0.0 0.0 0.0
Nb 2.154443287185e+01 1.227466887890e+01 1.782833092694e+01 1 1 1 0.0 0.0 0.0
Nb 2.496584909179e+01 1.173593554008e+01 1.782833092694e+01 1 1 1 0.0 0.0 0.0
Nb 1.345744907914e+01 1.658453558945e+01 1.782833092694e+01 1 1 1 0.0 0.0 0.0
Nb 1.687886529908e+01 1.604580225063e+01 1.782833092694e+01 1 1 1 0.0 0.0 0.0
Nb 2.030028151902e+01 1.550706891181e+01 1.782833092694e+01 1 1 1 0.0 0.0 0.0
Nb 2.372169773895e+01 1.496833557300e+01 1.782833092694e+01 1 1 1 0.0 0.0 0.0
Nb 2.714311395889e+01 1.442960223418e+01 1.782833092694e+01 1 1 1 0.0 0.0 0.0
Nb 3.963482538015e-01 4.320199694756e-01 1.168208868332e+01 1 1 1 0.0 0.0 0.0
Nb 2.573613120904e+00 3.125686663572e+00 1.168208868332e+01 1 1 1 0.0 0.0 0.0
Nb 5.995029340841e+00 2.586953324753e+00 1.168208868332e+01 1 1 1 0.0 0.0 0.0
Nb 9.416445560777e+00 2.048219985933e+00 1.168208868332e+01 1 1 1 0.0 0.0 0.0
Nb 1.283786178071e+01 1.509486647114e+00 1.168208868332e+01 1 1 1 0.0 0.0 0.0
Nb 1.625927800065e+01 9.707533082949e-01 1.168208868332e+01 1 1 1 0.0 0.0 0.0
Nb 4.750877988006e+00 5.819353357668e+00 1.168208868332e+01 1 1 1 0.0 0.0 0.0
Nb 8.172294207943e+00 5.280620018849e+00 1.168208868332e+01 1 1 1 0.0 0.0 0.0
Nb 1.159371042788e+01 4.741886680030e+00 1.168208868332e+01 1 1 1 0.0 0.0 0.0
Nb 1.501512664782e+01 4.203153341211e+00 1.168208868332e+01 1 1 1 0.0 0.0 0.0
Nb 1.843654286775e+01 3.664420002391e+00 1.168208868332e+01 1 1 1 0.0 0.0 0.0
Nb 6.928142855108e+00 8.513020051765e+00 1.168208868332e+01 1 1 1 0.0 0.0 0.0
Nb 1.034955907504e+01 7.974286712946e+00 1.168208868332e+01 1 1 1 0.0 0.0 0.0
Nb 1.377097529498e+01 7.435553374126e+00 1.168208868332e+01 1 1 1 0.0 0.0 0.0
Nb 1.719239151492e+01 6.896820035307e+00 1.168208868332e+01 1 1 1 0.0 0.0 0.0
Nb 2.061380773486e+01 6.358086696488e+00 1.168208868332e+01 1 1 1 0.0 0.0 0.0
Nb 9.105407722210e+00 1.120668674586e+01 1.168208868332e+01 1 1 1 0.0 0.0 0.0
Nb 1.252682394215e+01 1.066795340704e+01 1.168208868332e+01 1 1 1 0.0 0.0 0.0
Nb 1.594824016208e+01 1.012922006822e+01 1.168208868332e+01 1 1 1 0.0 0.0 0.0
Nb 1.936965638202e+01 9.590486729403e+00 1.168208868332e+01 1 1 1 0.0 0.0 0.0
Nb 2.279107260196e+01 9.051753390584e+00 1.168208868332e+01 1 1 1 0.0 0.0 0.0
Nb 1.128267258931e+01 1.390035343996e+01 1.168208868332e+01 1 1 1 0.0 0.0 0.0
Nb 1.470408880925e+01 1.336162010114e+01 1.168208868332e+01 1 1 1 0.0 0.0 0.0
Nb 1.812550502919e+01 1.282288676232e+01 1.168208868332e+01 1 1 1 0.0 0.0 0.0
Nb 2.154692124912e+01 1.228415342350e+01 1.168208868332e+01 1 1 1 0.0 0.0 0.0
Nb 2.496833746906e+01 1.174542008468e+01 1.168208868332e+01 1 1 1 0.0 0.0 0.0
Nb 1.345993745641e+01 1.659402013405e+01 1.168208868332e+01 1 1 1 0.0 0.0 0.0
Nb 1.688135367635e+01 1.605528679523e+01 1.168208868332e+01 1 1 1 0.0 0.0 0.0
Nb 2.030276989629e+01 1.551655345642e+01 1.168208868332e+01 1 1 1 0.0 0.0 0.0
Nb 2.372418611623e+01 1.497782011760e+01 1.168208868332e+01 1 1 1 0.0 0.0 0.0
Nb 2.714560233616e+01 1.443908677878e+01 1.168208868332e+01 1 1 1 0.0 0.0 0.0
Bi 2.272439029206e+01 1.069261896378e+01 3.834784015603e+01 1 1 1 0.0 0.0 0.0
Bi 1.859203044207e+01 9.897345939810e+00 3.834784015603e+01 1 1 1 0.0 0.0 0.0
Bi 2.134693700889e+01 6.716253843925e+00 3.834784015603e+01 1 1 1 0.0 0.0 0.0
Bi 1.445967059208e+01 9.102072915839e+00 3.834784015603e+01 1 1 1 0.0 0.0 0.0
Bi 1.721457715890e+01 5.920980819954e+00 3.834784015603e+01 1 1 1 0.0 0.0 0.0
Bi 1.996948372572e+01 2.739888724068e+00 3.834784015603e+01 1 1 1 0.0 0.0 0.0
Bi 1.032731074209e+01 8.306799891868e+00 3.834784015603e+01 1 1 1 0.0 0.0 0.0
Bi 1.308221730891e+01 5.125707795982e+00 3.834784015603e+01 1 1 1 0.0 0.0 0.0
Bi 1.583712387573e+01 1.944615700097e+00 3.834784015603e+01 1 1 1 0.0 0.0 0.0
Bi 8.949857458439e+00 1.546425710761e+01 3.834784015603e+01 1 1 1 0.0 0.0 0.0
Bi 6.194950892096e+00 7.511526867896e+00 3.834784015603e+01 1 1 1 0.0 0.0 0.0
Bi 8.949857458917e+00 4.330434772011e+00 3.834784015603e+01 1 1 1 0.0 0.0 0.0
Bi 1.170476402574e+01 1.149342676126e+00 3.834784015603e+01 1 1 1 0.0 0.0 0.0
Bi 2.410184357523e+01 1.466898408364e+01 3.834784015603e+01 1 1 1 0.0 0.0 0.0
Bi 4.817497608925e+00 3.535161748040e+00 3.834784015603e+01 1 1 1 0.0 0.0 0.0
Bi 7.572404175745e+00 3.540696521545e-01 3.834784015603e+01 1 1 1 0.0 0.0 0.0
Bi 1.996948372524e+01 1.387371105967e+01 3.834784015603e+01 1 1 1 0.0 0.0 0.0
Bi 1.308221730843e+01 1.625953013158e+01 3.834784015603e+01 1 1 1 0.0 0.0 0.0
Bi 1.583712387525e+01 1.307843803570e+01 3.834784015603e+01 1 1 1 0.0 0.0 0.0
Bi 1.170476402526e+01 1.228316501172e+01 3.834784015603e+01 1 1 1 0.0 0.0 0.0
Bi 7.572404175267e+00 1.148789198775e+01 3.834784015603e+01 1 1 1 0.0 0.0 0.0
Bi 2.459361685250e+01 1.229862362353e+01 3.436119714775e+01 1 1 1 0.0 0.0 0.0
Bi 2.046125700251e+01 1.150335059956e+01 3.436119714775e+01 1 1 1 0.0 0.0 0.0
Bi 2.321616356933e+01 8.322258503674e+00 3.436119714775e+01 1 1 1 0.0 0.0 0.0
Bi 1.632889715251e+01 1.070807757559e+01 3.436119714775e+01 1 1 1 0.0 0.0 0.0
Bi 1.908380371933e+01 7.526985479702e+00 3.436119714775e+01 1 1 1 0.0 0.0 0.0
Bi 2.554364319368e+00 4.345893383817e+00 3.436119714775e+01 1 1 1 0.0 0.0 0.0
Bi 1.219653730252e+01 9.912804551616e+00 3.436119714775e+01 1 1 1 0.0 0.0 0.0
Bi 1.495144386934e+01 6.731712455731e+00 3.436119714775e+01 1 1 1 0.0 0.0 0.0
Bi 1.770635043616e+01 3.550620359846e+00 3.436119714775e+01 1 1 1 0.0 0.0 0.0
Bi 1.176911036197e+00 3.695282639605e-01 3.436119714775e+01 1 1 1 0.0 0.0 0.0
Bi 8.064177452531e+00 9.117531527645e+00 3.436119714775e+01 1 1 1 0.0 0.0 0.0
Bi 1.081908401935e+01 5.936439431760e+00 3.436119714775e+01 1 1 1 0.0 0.0 0.0
Bi 1.357399058617e+01 2.755347335874e+00 3.436119714775e+01 1 1 1 0.0 0.0 0.0
Bi 2.597107013567e+01 1.627498874339e+01 3.436119714775e+01 1 1 1 0.0 0.0 0.0
Bi 6.686724169359e+00 5.141166407788e+00 3.436119714775e+01 1 1 1 0.0 0.0 0.0
Bi 9.441630736180e+00 1.960074311903e+00 3.436119714775e+01 1 1 1 0.0 0.0 0.0
Bi 2.183871028568e+01 1.547971571942e+01 3.436119714775e+01 1 1 1 0.0 0.0 0.0
Bi 5.309270886188e+00 1.164801287932e+00 3.436119714775e+01 1 1 1 0.0 0.0 0.0
Bi 1.770635043568e+01 1.468444269544e+01 3.436119714775e+01 1 1 1 0.0 0.0 0.0
Bi 1.357399058569e+01 1.388916967147e+01 3.436119714775e+01 1 1 1 0.0 0.0 0.0
Bi 9.441630735702e+00 1.309389664750e+01 3.436119714775e+01 1 1 1 0.0 0.0 0.0
Bi 2.459872932647e+01 1.236696923883e+01 2.831971850542e+01 1 1 1 0.0 0.0 0.0
Bi 2.046636947648e+01 1.157169621486e+01 2.831971850542e+01 1 1 1 0.0 0.0 0.0
Bi 2.322127604330e+01 8.390604118970e+00 2.831971850542e+01 1 1 1 0.0 0.0 0.0
Bi 1.633400962649e+01 1.077642319088e+01 2.831971850542e+01 1 1 1 0.0 0.0 0.0
Bi 1.908891619331e+01 7.595331094999e+00 2.831971850542e+01 1 1 1 0.0 0.0 0.0
Bi 2.559476793340e+00 4.414238999114e+00 2.831971850542e+01 1 1 1 0.0 0.0 0.0
Bi 1.220164977649e+01 9.981150166913e+00 2.831971850542e+01 1 1 1 0.0 0.0 0.0
Bi 1.495655634331e+01 6.800058071028e+00 2.831971850542e+01 1 1 1 0.0 0.0 0.0
Bi 1.771146291013e+01 3.618965975142e+00 2.831971850542e+01 1 1 1 0.0 0.0 0.0
Bi 1.182023510169e+00 4.378738792569e-01 2.831971850542e+01 1 1 1 0.0 0.0 0.0
Bi 8.069289926503e+00 9.185877142942e+00 2.831971850542e+01 1 1 1 0.0 0.0 0.0
Bi 1.082419649332e+01 6.004785047056e+00 2.831971850542e+01 1 1 1 0.0 0.0 0.0
Bi 1.357910306014e+01 2.823692951171e+00 2.831971850542e+01 1 1 1 0.0 0.0 0.0
Bi 2.597618260964e+01 1.634333435868e+01 2.831971850542e+01 1 1 1 0.0 0.0 0.0
Bi 6.691836643331e+00 5.209512023085e+00 2.831971850542e+01 1 1 1 0.0 0.0 0.0
Bi 9.446743210152e+00 2.028419927200e+00 2.831971850542e+01 1 1 1 0.0 0.0 0.0
Bi 2.184382275965e+01 1.554806133471e+01 2.831971850542e+01 1 1 1 0.0 0.0 0.0
Bi 5.314383360160e+00 1.233146903228e+00 2.831971850542e+01 1 1 1 0.0 0.0 0.0
Bi 1.771146290966e+01 1.475278831074e+01 2.831971850542e+01 1 1 1 0.0 0.0 0.0
Bi 1.357910305967e+01 1.395751528677e+01 2.831971850542e+01 1 1 1 0.0 0.0 0.0
Bi 9.446743209674e+00 1.316224226280e+01 2.831971850542e+01 1 1 1 0.0 0.0 0.0
Bi 2.232399535021e+01 1.315672128433e+01 2.434799808390e+01 1 1 1 0.0 0.0 0.0
Bi 1.819163550022e+01 1.236144826036e+01 2.434799808390e+01 1 1 1 0.0 0.0 0.0
Bi 2.094654206704e+01 9.180356164474e+00 2.434799808390e+01 1 1 1 0.0 0.0 0.0
Bi 1.405927565023e+01 1.156617523639e+01 2.434799808390e+01 1 1 1 0.0 0.0 0.0
Bi 1.681418221705e+01 8.385083140502e+00 2.434799808390e+01 1 1 1 0.0 0.0 0.0
Bi 1.956908878387e+01 5.203991044617e+00 2.434799808390e+01 1 1 1 0.0 0.0 0.0
Bi 9.926915800237e+00 1.077090221242e+01 2.434799808390e+01 1 1 1 0.0 0.0 0.0
Bi 1.268182236706e+01 7.589810116531e+00 2.434799808390e+01 1 1 1 0.0 0.0 0.0
Bi 1.543672893388e+01 4.408718020646e+00 2.434799808390e+01 1 1 1 0.0 0.0 0.0
Bi 1.819163550070e+01 1.227625924761e+00 2.434799808390e+01 1 1 1 0.0 0.0 0.0
Bi 5.794555950246e+00 9.975629188445e+00 2.434799808390e+01 1 1 1 0.0 0.0 0.0
Bi 8.549462517066e+00 6.794537092560e+00 2.434799808390e+01 1 1 1 0.0 0.0 0.0
Bi 1.130436908389e+01 3.613444996675e+00 2.434799808390e+01 1 1 1 0.0 0.0 0.0
Bi 1.405927565071e+01 4.323529007892e-01 2.434799808390e+01 1 1 1 0.0 0.0 0.0
Bi 4.417102667074e+00 5.999264068588e+00 2.434799808390e+01 1 1 1 0.0 0.0 0.0
Bi 7.172009233895e+00 2.818171972703e+00 2.434799808390e+01 1 1 1 0.0 0.0 0.0
Bi 1.956908878339e+01 1.633781338022e+01 2.434799808390e+01 1 1 1 0.0 0.0 0.0
Bi 3.039649383903e+00 2.022898948732e+00 2.434799808390e+01 1 1 1 0.0 0.0 0.0
Bi 1.543672893340e+01 1.554254035624e+01 2.434799808390e+01 1 1 1 0.0 0.0 0.0
Bi 1.130436908341e+01 1.474726733227e+01 2.434799808390e+01 1 1 1 0.0 0.0 0.0
Bi 2.645635520020e+01 1.395199430830e+01 2.434799808390e+01 1 1 1 0.0 0.0 0.0
Se 2.745626064753e+01 1.641485904416e+01 1.000000000000e+01 1 1 1 0.0 0.0 0.0
Se 1.999135253196e+01 2.407792234863e+00 1.000000000000e+01 1 1 1 0.0 0.0 0.0
Se 4.128422785107e+00 1.869058896044e+00 1.000000000000e+01 1 1 1 0.0 0.0 0.0
Se 7.549839005044e+00 1.330325557225e+00 1.000000000000e+01 1 1 1 0.0 0.0 0.0
Se 1.097125522498e+01 7.915922184053e-01 1.000000000000e+01 1 1 1 0.0 0.0 0.0
Se 1.439267144492e+01 2.528588795860e-01 1.000000000000e+01 1 1 1 0.0 0.0 0.0
Se 2.216861739906e+01 5.101458928960e+00 1.000000000000e+01 1 1 1 0.0 0.0 0.0
Se 6.305687652210e+00 4.562725590140e+00 1.000000000000e+01 1 1 1 0.0 0.0 0.0
Se 9.727103872146e+00 4.023992251321e+00 1.000000000000e+01 1 1 1 0.0 0.0 0.0
Se 1.314852009208e+01 3.485258912502e+00 1.000000000000e+01 1 1 1 0.0 0.0 0.0
Se 1.656993631202e+01 2.946525573682e+00 1.000000000000e+01 1 1 1 0.0 0.0 0.0
Se 5.061536299375e+00 7.795125623056e+00 1.000000000000e+01 1 1 1 0.0 0.0 0.0
Se 8.482952519312e+00 7.256392284237e+00 1.000000000000e+01 1 1 1 0.0 0.0 0.0
Se 1.190436873925e+01 6.717658945417e+00 1.000000000000e+01 1 1 1 0.0 0.0 0.0
Se 1.532578495919e+01 6.178925606598e+00 1.000000000000e+01 1 1 1 0.0 0.0 0.0
Se 1.874720117912e+01 5.640192267779e+00 1.000000000000e+01 1 1 1 0.0 0.0 0.0
Se 7.238801166477e+00 1.048879231715e+01 1.000000000000e+01 1 1 1 0.0 0.0 0.0
Se 1.066021738641e+01 9.950058978333e+00 1.000000000000e+01 1 1 1 0.0 0.0 0.0
Se 1.408163360635e+01 9.411325639514e+00 1.000000000000e+01 1 1 1 0.0 0.0 0.0
Se 1.750304982629e+01 8.872592300695e+00 1.000000000000e+01 1 1 1 0.0 0.0 0.0
Se 2.092446604622e+01 8.333858961875e+00 1.000000000000e+01 1 1 1 0.0 0.0 0.0
Se 9.416066033579e+00 1.318245901125e+01 1.000000000000e+01 1 1 1 0.0 0.0 0.0
Se 1.283748225352e+01 1.264372567243e+01 1.000000000000e+01 1 1 1 0.0 0.0 0.0
Se 1.625889847345e+01 1.210499233361e+01 1.000000000000e+01 1 1 1 0.0 0.0 0.0
Se 1.968031469339e+01 1.156625899479e+01 1.000000000000e+01 1 1 1 0.0 0.0 0.0
Se 2.310173091333e+01 1.102752565597e+01 1.000000000000e+01 1 1 1 0.0 0.0 0.0
Se 1.159333090068e+01 1.587612570535e+01 1.000000000000e+01 1 1 1 0.0 0.0 0.0
Se 1.501474712062e+01 1.533739236653e+01 1.000000000000e+01 1 1 1 0.0 0.0 0.0
Se 1.843616334056e+01 1.479865902771e+01 1.000000000000e+01 1 1 1 0.0 0.0 0.0
Se 2.185757956049e+01 1.425992568889e+01 1.000000000000e+01 1 1 1 0.0 0.0 0.0
Se 2.527899578043e+01 1.372119235007e+01 1.000000000000e+01 1 1 1 0.0 0.0 0.0
Se 9.724750554200e+00 1.514806708000e+01 1.614602824434e+01 1 1 1 0.0 0.0 0.0
Se 2.259842438626e+00 1.141000270701e+00 1.614602824434e+01 1 1 1 0.0 0.0 0.0
Se 5.681258658562e+00 6.022669318814e-01 1.614602824434e+01 1 1 1 0.0 0.0 0.0
Se 9.102674878499e+00 6.353359306210e-02 1.614602824434e+01 1 1 1 0.0 0.0 0.0
Se 2.216626408111e+01 1.622553375764e+01 1.614602824434e+01 1 1 1 0.0 0.0 0.0
Se 2.558768030105e+01 1.568680041882e+01 1.614602824434e+01 1 1 1 0.0 0.0 0.0
Se 4.437107305728e+00 3.834666964797e+00 1.614602824434e+01 1 1 1 0.0 0.0 0.0
Se 7.858523525665e+00 3.295933625978e+00 1.614602824434e+01 1 1 1 0.0 0.0 0.0
Se 1.127993974560e+01 2.757200287159e+00 1.614602824434e+01 1 1 1 0.0 0.0 0.0
Se 1.470135596554e+01 2.218466948339e+00 1.614602824434e+01 1 1 1 0.0 0.0 0.0
Se 1.812277218548e+01 1.679733609520e+00 1.614602824434e+01 1 1 1 0.0 0.0 0.0
Se 6.614372172830e+00 6.528333658894e+00 1.614602824434e+01 1 1 1 0.0 0.0 0.0
Se 1.003578839277e+01 5.989600320074e+00 1.614602824434e+01 1 1 1 0.0 0.0 0.0
Se 1.345720461270e+01 5.450866981255e+00 1.614602824434e+01 1 1 1 0.0 0.0 0.0
Se 1.687862083264e+01 4.912133642436e+00 1.614602824434e+01 1 1 1 0.0 0.0 0.0
Se 2.030003705258e+01 4.373400303616e+00 1.614602824434e+01 1 1 1 0.0 0.0 0.0
Se 8.791637039932e+00 9.222000352990e+00 1.614602824434e+01 1 1 1 0.0 0.0 0.0
Se 1.221305325987e+01 8.683267014171e+00 1.614602824434e+01 1 1 1 0.0 0.0 0.0
Se 1.563446947981e+01 8.144533675351e+00 1.614602824434e+01 1 1 1 0.0 0.0 0.0
Se 1.905588569974e+01 7.605800336532e+00 1.614602824434e+01 1 1 1 0.0 0.0 0.0
Se 2.247730191968e+01 7.067066997713e+00 1.614602824434e+01 1 1 1 0.0 0.0 0.0
Se 1.096890190703e+01 1.191566704709e+01 1.614602824434e+01 1 1 1 0.0 0.0 0.0
Se 1.439031812697e+01 1.137693370827e+01 1.614602824434e+01 1 1 1 0.0 0.0 0.0
Se 1.781173434691e+01 1.083820036945e+01 1.614602824434e+01 1 1 1 0.0 0.0 0.0
Se 2.123315056684e+01 1.029946703063e+01 1.614602824434e+01 1 1 1 0.0 0.0 0.0
Se 2.465456678678e+01 9.760733691809e+00 1.614602824434e+01 1 1 1 0.0 0.0 0.0
Se 1.314616677414e+01 1.460933374118e+01 1.614602824434e+01 1 1 1 0.0 0.0 0.0
Se 1.656758299407e+01 1.407060040236e+01 1.614602824434e+01 1 1 1 0.0 0.0 0.0
Se 1.998899921401e+01 1.353186706354e+01 1.614602824434e+01 1 1 1 0.0 0.0 0.0
Se 2.341041543395e+01 1.299313372473e+01 1.614602824434e+01 1 1 1 0.0 0.0 0.0
Se 7.547485687098e+00 1.245440038591e+01 1.614602824434e+01 1 1 1 0.0 0.0 0.0
Se 2.745640384072e+01 1.641379241906e+01 1.336443756309e+01 1 1 1 0.0 0.0 0.0
Se 1.999149572514e+01 2.406725609757e+00 1.336443756309e+01 1 1 1 0.0 0.0 0.0
Se 4.128565978294e+00 1.867992270937e+00 1.336443756309e+01 1 1 1 0.0 0.0 0.0
Se 7.549982198231e+00 1.329258932118e+00 1.336443756309e+01 1 1 1 0.0 0.0 0.0
Se 1.097139841817e+01 7.905255932988e-01 1.336443756309e+01 1 1 1 0.0 0.0 0.0
Se 1.439281463810e+01 2.517922544795e-01 1.336443756309e+01 1 1 1 0.0 0.0 0.0
Se 2.216876059225e+01 5.100392303853e+00 1.336443756309e+01 1 1 1 0.0 0.0 0.0
Se 6.305830845396e+00 4.561658965034e+00 1.336443756309e+01 1 1 1 0.0 0.0 0.0
Se 9.727247065333e+00 4.022925626215e+00 1.336443756309e+01 1 1 1 0.0 0.0 0.0
Se 1.314866328527e+01 3.484192287395e+00 1.336443756309e+01 1 1 1 0.0 0.0 0.0
Se 1.657007950521e+01 2.945458948576e+00 1.336443756309e+01 1 1 1 0.0 0.0 0.0
Se 5.061679492562e+00 7.794058997950e+00 1.336443756309e+01 1 1 1 0.0 0.0 0.0
Se 8.483095712499e+00 7.255325659130e+00 1.336443756309e+01 1 1 1 0.0 0.0 0.0
Se 1.190451193244e+01 6.716592320311e+00 1.336443756309e+01 1 1 1 0.0 0.0 0.0
Se 1.532592815237e+01 6.177858981492e+00 1.336443756309e+01 1 1 1 0.0 0.0 0.0
Se 1.874734437231e+01 5.639125642672e+00 1.336443756309e+01 1 1 1 0.0 0.0 0.0
Se 7.238944359664e+00 1.048772569205e+01 1.336443756309e+01 1 1 1 0.0 0.0 0.0
Se 1.066036057960e+01 9.948992353227e+00 1.336443756309e+01 1 1 1 0.0 0.0 0.0
Se 1.408177679954e+01 9.410259014407e+00 1.336443756309e+01 1 1 1 0.0 0.0 0.0
Se 1.750319301947e+01 8.871525675588e+00 1.336443756309e+01 1 1 1 0.0 0.0 0.0
Se 2.092460923941e+01 8.332792336769e+00 1.336443756309e+01 1 1 1 0.0 0.0 0.0
Se 9.416209226766e+00 1.318139238614e+01 1.336443756309e+01 1 1 1 0.0 0.0 0.0
Se 1.283762544670e+01 1.264265904732e+01 1.336443756309e+01 1 1 1 0.0 0.0 0.0
Se 1.625904166664e+01 1.210392570850e+01 1.336443756309e+01 1 1 1 0.0 0.0 0.0
Se 1.968045788658e+01 1.156519236968e+01 1.336443756309e+01 1 1 1 0.0 0.0 0.0
Se 2.310187410651e+01 1.102645903087e+01 1.336443756309e+01 1 1 1 0.0 0.0 0.0
Se 1.159347409387e+01 1.587505908024e+01 1.336443756309e+01 1 1 1 0.0 0.0 0.0
Se 1.501489031381e+01 1.533632574142e+01 1.336443756309e+01 1 1 1 0.0 0.0 0.0
Se 1.843630653374e+01 1.479759240260e+01 1.336443756309e+01 1 1 1 0.0 0.0 0.0
Se 2.185772275368e+01 1.425885906378e+01 1.336443756309e+01 1 1 1 0.0 0.0 0.0
Se 2.527913897362e+01 1.372012572496e+01 1.336443756309e+01 1 1 1 0.0 0.0 0.0
Se 9.725066945807e+00 1.514705753632e+01 1.951046802998e+01 1 1 1 0.0 0.0 0.0
Se 2.260158830232e+00 1.139990727020e+00 1.951046802998e+01 1 1 1 0.0 0.0 0.0
Se 5.681575050169e+00 6.012573882012e-01 1.951046802998e+01 1 1 1 0.0 0.0 0.0
Se 9.102991270106e+00 6.252404938192e-02 1.951046802998e+01 1 1 1 0.0 0.0 0.0
Se 2.216658047272e+01 1.622452421396e+01 1.951046802998e+01 1 1 1 0.0 0.0 0.0
Se 2.558799669266e+01 1.568579087514e+01 1.951046802998e+01 1 1 1 0.0 0.0 0.0
Se 4.437423697334e+00 3.833657421117e+00 1.951046802998e+01 1 1 1 0.0 0.0 0.0
Se 7.858839917271e+00 3.294924082298e+00 1.951046802998e+01 1 1 1 0.0 0.0 0.0
Se 1.128025613721e+01 2.756190743478e+00 1.951046802998e+01 1 1 1 0.0 0.0 0.0
Se 1.470167235714e+01 2.217457404659e+00 1.951046802998e+01 1 1 1 0.0 0.0 0.0
Se 1.812308857708e+01 1.678724065840e+00 1.951046802998e+01 1 1 1 0.0 0.0 0.0
Se 6.614688564437e+00 6.527324115213e+00 1.951046802998e+01 1 1 1 0.0 0.0 0.0
Se 1.003610478437e+01 5.988590776394e+00 1.951046802998e+01 1 1 1 0.0 0.0 0.0
Se 1.345752100431e+01 5.449857437575e+00 1.951046802998e+01 1 1 1 0.0 0.0 0.0
Se 1.687893722425e+01 4.911124098756e+00 1.951046802998e+01 1 1 1 0.0 0.0 0.0
Se 2.030035344418e+01 4.372390759936e+00 1.951046802998e+01 1 1 1 0.0 0.0 0.0
Se 8.791953431539e+00 9.220990809310e+00 1.951046802998e+01 1 1 1 0.0 0.0 0.0
Se 1.221336965148e+01 8.682257470491e+00 1.951046802998e+01 1 1 1 0.0 0.0 0.0
Se 1.563478587141e+01 8.143524131671e+00 1.951046802998e+01 1 1 1 0.0 0.0 0.0
Se 1.905620209135e+01 7.604790792852e+00 1.951046802998e+01 1 1 1 0.0 0.0 0.0
Se 2.247761831129e+01 7.066057454033e+00 1.951046802998e+01 1 1 1 0.0 0.0 0.0
Se 1.096921829864e+01 1.191465750341e+01 1.951046802998e+01 1 1 1 0.0 0.0 0.0
Se 1.439063451858e+01 1.137592416459e+01 1.951046802998e+01 1 1 1 0.0 0.0 0.0
Se 1.781205073851e+01 1.083719082577e+01 1.951046802998e+01 1 1 1 0.0 0.0 0.0
Se 2.123346695845e+01 1.029845748695e+01 1.951046802998e+01 1 1 1 0.0 0.0 0.0
Se 2.465488317839e+01 9.759724148129e+00 1.951046802998e+01 1 1 1 0.0 0.0 0.0
Se 1.314648316574e+01 1.460832419750e+01 1.951046802998e+01 1 1 1 0.0 0.0 0.0
Se 1.656789938568e+01 1.406959085868e+01 1.951046802998e+01 1 1 1 0.0 0.0 0.0
Se 1.998931560562e+01 1.353085751986e+01 1.951046802998e+01 1 1 1 0.0 0.0 0.0
Se 2.341073182555e+01 1.299212418104e+01 1.951046802998e+01 1 1 1 0.0 0.0 0.0
Se 7.547802078704e+00 1.245339084223e+01 1.951046802998e+01 1 1 1 0.0 0.0 0.0
Se 2.454963817208e+01 1.228761908805e+01 3.998930533072e+01 1 1 1 0.0 0.0 0.0
Se 2.041727832209e+01 1.149234606408e+01 3.998930533072e+01 1 1 1 0.0 0.0 0.0
Se 2.317218488891e+01 8.311253968192e+00 3.998930533072e+01 1 1 1 0.0 0.0 0.0
Se 1.628491847210e+01 1.069707304011e+01 3.998930533072e+01 1 1 1 0.0 0.0 0.0
Se 1.903982503892e+01 7.515980944221e+00 3.998930533072e+01 1 1 1 0.0 0.0 0.0
Se 2.510385638950e+00 4.334888848336e+00 3.998930533072e+01 1 1 1 0.0 0.0 0.0
Se 1.215255862210e+01 9.901800016135e+00 3.998930533072e+01 1 1 1 0.0 0.0 0.0
Se 1.490746518892e+01 6.720707920250e+00 3.998930533072e+01 1 1 1 0.0 0.0 0.0
Se 1.766237175575e+01 3.539615824364e+00 3.998930533072e+01 1 1 1 0.0 0.0 0.0
Se 1.132932355779e+00 3.585237284791e-01 3.998930533072e+01 1 1 1 0.0 0.0 0.0
Se 8.020198772113e+00 9.106526992164e+00 3.998930533072e+01 1 1 1 0.0 0.0 0.0
Se 1.077510533893e+01 5.925434896278e+00 3.998930533072e+01 1 1 1 0.0 0.0 0.0
Se 1.353001190575e+01 2.744342800393e+00 3.998930533072e+01 1 1 1 0.0 0.0 0.0
Se 2.592709145525e+01 1.626398420791e+01 3.998930533072e+01 1 1 1 0.0 0.0 0.0
Se 6.642745488942e+00 5.130161872307e+00 3.998930533072e+01 1 1 1 0.0 0.0 0.0
Se 9.397652055762e+00 1.949069776422e+00 3.998930533072e+01 1 1 1 0.0 0.0 0.0
Se 2.179473160526e+01 1.546871118393e+01 3.998930533072e+01 1 1 1 0.0 0.0 0.0
Se 5.265292205771e+00 1.153796752450e+00 3.998930533072e+01 1 1 1 0.0 0.0 0.0
Se 1.766237175527e+01 1.467343815996e+01 3.998930533072e+01 1 1 1 0.0 0.0 0.0
Se 1.353001190528e+01 1.387816513599e+01 3.998930533072e+01 1 1 1 0.0 0.0 0.0
Se 9.397652055284e+00 1.308289211202e+01 3.998930533072e+01 1 1 1 0.0 0.0 0.0
Se 2.229103473363e+01 1.307635866463e+01 3.635172086532e+01 1 1 1 0.0 0.0 0.0
Se 1.815867488364e+01 1.228108564066e+01 3.635172086532e+01 1 1 1 0.0 0.0 0.0
Se 2.091358145046e+01 9.099993544777e+00 3.635172086532e+01 1 1 1 0.0 0.0 0.0
Se 1.402631503365e+01 1.148581261669e+01 3.635172086532e+01 1 1 1 0.0 0.0 0.0
Se 1.678122160047e+01 8.304720520806e+00 3.635172086532e+01 1 1 1 0.0 0.0 0.0
Se 1.953612816729e+01 5.123628424921e+00 3.635172086532e+01 1 1 1 0.0 0.0 0.0
Se 9.893955183655e+00 1.069053959272e+01 3.635172086532e+01 1 1 1 0.0 0.0 0.0
Se 1.264886175048e+01 7.509447496835e+00 3.635172086532e+01 1 1 1 0.0 0.0 0.0
Se 1.540376831730e+01 4.328355400949e+00 3.635172086532e+01 1 1 1 0.0 0.0 0.0
Se 1.815867488412e+01 1.147263305064e+00 3.635172086532e+01 1 1 1 0.0 0.0 0.0
Se 5.761595333663e+00 9.895266568749e+00 3.635172086532e+01 1 1 1 0.0 0.0 0.0
Se 8.516501900484e+00 6.714174472863e+00 3.635172086532e+01 1 1 1 0.0 0.0 0.0
Se 1.127140846730e+01 3.533082376978e+00 3.635172086532e+01 1 1 1 0.0 0.0 0.0
Se 1.402631503412e+01 3.519902810926e-01 3.635172086532e+01 1 1 1 0.0 0.0 0.0
Se 4.384142050492e+00 5.918901448892e+00 3.635172086532e+01 1 1 1 0.0 0.0 0.0
Se 7.139048617312e+00 2.737809353007e+00 3.635172086532e+01 1 1 1 0.0 0.0 0.0
Se 1.953612816681e+01 1.625745076052e+01 3.635172086532e+01 1 1 1 0.0 0.0 0.0
Se 3.006688767321e+00 1.942536329035e+00 3.635172086532e+01 1 1 1 0.0 0.0 0.0
Se 1.540376831682e+01 1.546217773655e+01 3.635172086532e+01 1 1 1 0.0 0.0 0.0
Se 1.127140846683e+01 1.466690471258e+01 3.635172086532e+01 1 1 1 0.0 0.0 0.0
Se 2.642339458362e+01 1.387163168861e+01 3.635172086532e+01 1 1 1 0.0 0.0 0.0
Se 2.274399794833e+01 1.070211799525e+01 3.271820175121e+01 1 1 1 0.0 0.0 0.0
Se 1.861163809834e+01 9.906844971279e+00 3.271820175121e+01 1 1 1 0.0 0.0 0.0
Se 2.136654466516e+01 6.725752875394e+00 3.271820175121e+01 1 1 1 0.0 0.0 0.0
Se 1.447927824835e+01 9.111571947308e+00 3.271820175121e+01 1 1 1 0.0 0.0 0.0
Se 1.723418481517e+01 5.930479851423e+00 3.271820175121e+01 1 1 1 0.0 0.0 0.0
Se 1.998909138199e+01 2.749387755537e+00 3.271820175121e+01 1 1 1 0.0 0.0 0.0
Se 1.034691839836e+01 8.316298923337e+00 3.271820175121e+01 1 1 1 0.0 0.0 0.0
Se 1.310182496518e+01 5.135206827451e+00 3.271820175121e+01 1 1 1 0.0 0.0 0.0
Se 1.585673153200e+01 1.954114731566e+00 3.271820175121e+01 1 1 1 0.0 0.0 0.0
Se 8.969465114709e+00 1.547375613908e+01 3.271820175121e+01 1 1 1 0.0 0.0 0.0
Se 6.214558548367e+00 7.521025899365e+00 3.271820175121e+01 1 1 1 0.0 0.0 0.0
Se 8.969465115187e+00 4.339933803480e+00 3.271820175121e+01 1 1 1 0.0 0.0 0.0
Se 1.172437168201e+01 1.158841707595e+00 3.271820175121e+01 1 1 1 0.0 0.0 0.0
Se 2.412145123150e+01 1.467848311511e+01 3.271820175121e+01 1 1 1 0.0 0.0 0.0
Se 4.837105265195e+00 3.544660779509e+00 3.271820175121e+01 1 1 1 0.0 0.0 0.0
Se 7.592011832016e+00 3.635686836232e-01 3.271820175121e+01 1 1 1 0.0 0.0 0.0
Se 1.998909138151e+01 1.388321009114e+01 3.271820175121e+01 1 1 1 0.0 0.0 0.0
Se 1.310182496470e+01 1.626902916305e+01 3.271820175121e+01 1 1 1 0.0 0.0 0.0
Se 1.585673153152e+01 1.308793706716e+01 3.271820175121e+01 1 1 1 0.0 0.0 0.0
Se 1.172437168153e+01 1.229266404319e+01 3.271820175121e+01 1 1 1 0.0 0.0 0.0
Se 7.592011831538e+00 1.149739101922e+01 3.271820175121e+01 1 1 1 0.0 0.0 0.0
Se 2.232387595210e+01 1.315252496743e+01 2.995146533993e+01 1 1 1 0.0 0.0 0.0
Se 1.819151610211e+01 1.235725194346e+01 2.995146533993e+01 1 1 1 0.0 0.0 0.0
Se 2.094642266893e+01 9.176159847571e+00 2.995146533993e+01 1 1 1 0.0 0.0 0.0
Se 1.405915625212e+01 1.156197891949e+01 2.995146533993e+01 1 1 1 0.0 0.0 0.0
Se 1.681406281894e+01 8.380886823600e+00 2.995146533993e+01 1 1 1 0.0 0.0 0.0
Se 1.956896938576e+01 5.199794727715e+00 2.995146533993e+01 1 1 1 0.0 0.0 0.0
Se 9.926796402127e+00 1.076670589551e+01 2.995146533993e+01 1 1 1 0.0 0.0 0.0
Se 1.268170296895e+01 7.585613799628e+00 2.995146533993e+01 1 1 1 0.0 0.0 0.0
Se 1.543660953577e+01 4.404521703743e+00 2.995146533993e+01 1 1 1 0.0 0.0 0.0
Se 1.819151610259e+01 1.223429607858e+00 2.995146533993e+01 1 1 1 0.0 0.0 0.0
Se 5.794436552135e+00 9.971432871542e+00 2.995146533993e+01 1 1 1 0.0 0.0 0.0
Se 8.549343118955e+00 6.790340775657e+00 2.995146533993e+01 1 1 1 0.0 0.0 0.0
Se 1.130424968578e+01 3.609248679772e+00 2.995146533993e+01 1 1 1 0.0 0.0 0.0
Se 1.405915625260e+01 4.281565838865e-01 2.995146533993e+01 1 1 1 0.0 0.0 0.0
Se 4.416983268964e+00 5.995067751686e+00 2.995146533993e+01 1 1 1 0.0 0.0 0.0
Se 7.171889835784e+00 2.813975655801e+00 2.995146533993e+01 1 1 1 0.0 0.0 0.0
Se 1.956896938528e+01 1.633361706331e+01 2.995146533993e+01 1 1 1 0.0 0.0 0.0
Se 3.039529985793e+00 2.018702631829e+00 2.995146533993e+01 1 1 1 0.0 0.0 0.0
Se 1.543660953529e+01 1.553834403934e+01 2.995146533993e+01 1 1 1 0.0 0.0 0.0
Se 1.130424968530e+01 1.474307101537e+01 2.995146533993e+01 1 1 1 0.0 0.0 0.0
Se 2.645623580209e+01 1.394779799140e+01 2.995146533993e+01 1 1 1 0.0 0.0 0.0
Se 2.276896592364e+01 1.078082406366e+01 2.633360299309e+01 1 1 1 0.0 0.0 0.0
Se 1.863660607365e+01 9.985551039693e+00 2.633360299309e+01 1 1 1 0.0 0.0 0.0
Se 2.139151264047e+01 6.804458943808e+00 2.633360299309e+01 1 1 1 0.0 0.0 0.0
Se 1.450424622365e+01 9.190278015722e+00 2.633360299309e+01 1 1 1 0.0 0.0 0.0
Se 1.725915279048e+01 6.009185919836e+00 2.633360299309e+01 1 1 1 0.0 0.0 0.0
Se 2.001405935730e+01 2.828093823951e+00 2.633360299309e+01 1 1 1 0.0 0.0 0.0
Se 1.037188637366e+01 8.395004991750e+00 2.633360299309e+01 1 1 1 0.0 0.0 0.0
Se 1.312679294048e+01 5.213912895865e+00 2.633360299309e+01 1 1 1 0.0 0.0 0.0
Se 1.588169950730e+01 2.032820799980e+00 2.633360299309e+01 1 1 1 0.0 0.0 0.0
Se 8.994433090014e+00 1.555246220749e+01 2.633360299309e+01 1 1 1 0.0 0.0 0.0
Se 6.239526523672e+00 7.599731967779e+00 2.633360299309e+01 1 1 1 0.0 0.0 0.0
Se 8.994433090492e+00 4.418639871894e+00 2.633360299309e+01 1 1 1 0.0 0.0 0.0
Se 1.174933965731e+01 1.237547776008e+00 2.633360299309e+01 1 1 1 0.0 0.0 0.0
Se 2.414641920681e+01 1.475718918352e+01 2.633360299309e+01 1 1 1 0.0 0.0 0.0
Se 4.862073240501e+00 3.623366847922e+00 2.633360299309e+01 1 1 1 0.0 0.0 0.0
Se 7.616979807321e+00 4.422747520369e-01 2.633360299309e+01 1 1 1 0.0 0.0 0.0
Se 2.001405935682e+01 1.396191615955e+01 2.633360299309e+01 1 1 1 0.0 0.0 0.0
Se 1.312679294001e+01 1.634773523146e+01 2.633360299309e+01 1 1 1 0.0 0.0 0.0
Se 1.588169950683e+01 1.316664313558e+01 2.633360299309e+01 1 1 1 0.0 0.0 0.0
Se 1.174933965683e+01 1.237137011161e+01 2.633360299309e+01 1 1 1 0.0 0.0 0.0
Se 7.616979806843e+00 1.157609708764e+01 2.633360299309e+01 1 1 1 0.0 0.0 0.0
Se 2.459157602245e+01 1.237002005593e+01 2.271046802998e+01 1 1 1 0.0 0.0 0.0
Se 2.045921617246e+01 1.157474703196e+01 2.271046802998e+01 1 1 1 0.0 0.0 0.0
Se 2.321412273928e+01 8.393654936078e+00 2.271046802998e+01 1 1 1 0.0 0.0 0.0
Se 1.632685632246e+01 1.077947400799e+01 2.271046802998e+01 1 1 1 0.0 0.0 0.0
Se 1.908176288928e+01 7.598381912107e+00 2.271046802998e+01 1 1 1 0.0 0.0 0.0
Se 2.552323489318e+00 4.417289816221e+00 2.271046802998e+01 1 1 1 0.0 0.0 0.0
Se 1.219449647247e+01 9.984200984021e+00 2.271046802998e+01 1 1 1 0.0 0.0 0.0
Se 1.494940303929e+01 6.803108888135e+00 2.271046802998e+01 1 1 1 0.0 0.0 0.0
Se 1.770430960611e+01 3.622016792250e+00 2.271046802998e+01 1 1 1 0.0 0.0 0.0
Se 1.174870206147e+00 4.409246963648e-01 2.271046802998e+01 1 1 1 0.0 0.0 0.0
Se 8.062136622481e+00 9.188927960049e+00 2.271046802998e+01 1 1 1 0.0 0.0 0.0
Se 1.081704318930e+01 6.007835864164e+00 2.271046802998e+01 1 1 1 0.0 0.0 0.0
Se 1.357194975612e+01 2.826743768279e+00 2.271046802998e+01 1 1 1 0.0 0.0 0.0
Se 2.596902930562e+01 1.634638517579e+01 2.271046802998e+01 1 1 1 0.0 0.0 0.0
Se 6.684683339310e+00 5.212562840193e+00 2.271046802998e+01 1 1 1 0.0 0.0 0.0
Se 9.439589906130e+00 2.031470744307e+00 2.271046802998e+01 1 1 1 0.0 0.0 0.0
Se 2.183666945563e+01 1.555111215182e+01 2.271046802998e+01 1 1 1 0.0 0.0 0.0
Se 5.307230056138e+00 1.236197720336e+00 2.271046802998e+01 1 1 1 0.0 0.0 0.0
Se 1.770430960564e+01 1.475583912785e+01 2.271046802998e+01 1 1 1 0.0 0.0 0.0
Se 1.357194975564e+01 1.396056610388e+01 2.271046802998e+01 1 1 1 0.0 0.0 0.0
Se 9.439589905652e+00 1.316529307991e+01 2.271046802998e+01 1 1 1 0.0 0.0 0.0
"