calculation_mode = "Quench Electrons"
cell_relax = "False"
charge_density_mixing = "0.1"
charge_mixing_type = "Broyden"
description = "Example parameters for high-throughput bulk relaxation of a vdW material"
dos_broading = "0.05"
dos_method = "Gaussian"
energy_convergence_criterion = "1e-10"
energy_output_units = "Hartrees"
kohn_sham_mucycles = "3"
kohn_sham_solver = "davidson"
kpoint_mesh = "1 1 1"
localize_projectors = "False"
max_md_steps = "100"
max_scf_steps = "200"
non_local_block_size = "4000"
potential_acceleration_constant_step = "1.5"
processor_grid = "5 8 15"
rms_convergence_criterion = "1e-08"
scalapack_block_factor = "64"
start_mode = "LCAO Start"
state_block_size = "64"
stress = "True"
subdiag_driver = "scalapack"
use_async_allreduce = "False"
vdw_corr = "DFT-D3"
vdwdf_kernel_filepath = "/lustre/orion/world-shared/cph162/rjmorelock/rmgdft/XC/vdW_kernel_table"
wavefunction_grid = "128 194 378"
write_data_period = "50"

atomic_coordinate_type = "Absolute"
crds_units = "Angstrom"
lattice_units = "Angstrom"

lattice_vector = "
1.509735502135e+01 0.000000000000e+00 9.000000000000e-16
3.972988160201e-01 2.270867727976e+01 1.400000000000e-15
0.000000000000e+00 0.000000000000e+00 4.446241589303e+01
"
atoms = "
Nb 1.764187407963e+00 1.694468858919e+01 1.532833092694e+01 1 1 1 0.0 0.0 0.0
Nb 4.545279122392e+00 1.900911379644e+01 1.532833092694e+01 1 1 1 0.0 0.0 0.0
Nb 2.161486224364e+00 1.350397991044e+01 1.532833092694e+01 1 1 1 0.0 0.0 0.0
Nb 4.942577938794e+00 1.556840511769e+01 1.532833092694e+01 1 1 1 0.0 0.0 0.0
Nb 7.723669653223e+00 1.763283032494e+01 1.532833092694e+01 1 1 1 0.0 0.0 0.0
Nb 1.050476136765e+01 1.969725553219e+01 1.532833092694e+01 1 1 1 0.0 0.0 0.0
Nb 2.558785040766e+00 1.006327123169e+01 1.532833092694e+01 1 1 1 0.0 0.0 0.0
Nb 5.339876755195e+00 1.212769643894e+01 1.532833092694e+01 1 1 1 0.0 0.0 0.0
Nb 8.120968469625e+00 1.419212164619e+01 1.532833092694e+01 1 1 1 0.0 0.0 0.0
Nb 1.090206018405e+01 1.625654685344e+01 1.532833092694e+01 1 1 1 0.0 0.0 0.0
Nb 1.368315189848e+01 1.832097206069e+01 1.532833092694e+01 1 1 1 0.0 0.0 0.0
Nb 2.956083857167e+00 6.622562552937e+00 1.532833092694e+01 1 1 1 0.0 0.0 0.0
Nb 5.737175571597e+00 8.686987760188e+00 1.532833092694e+01 1 1 1 0.0 0.0 0.0
Nb 8.518267286026e+00 1.075141296744e+01 1.532833092694e+01 1 1 1 0.0 0.0 0.0
Nb 1.129935900046e+01 1.281583817469e+01 1.532833092694e+01 1 1 1 0.0 0.0 0.0
Nb 1.408045071488e+01 1.488026338194e+01 1.532833092694e+01 1 1 1 0.0 0.0 0.0
Nb 3.353382673569e+00 3.181853874184e+00 1.532833092694e+01 1 1 1 0.0 0.0 0.0
Nb 6.134474387998e+00 5.246279081436e+00 1.532833092694e+01 1 1 1 0.0 0.0 0.0
Nb 8.915566102428e+00 7.310704288687e+00 1.532833092694e+01 1 1 1 0.0 0.0 0.0
Nb 1.169665781686e+01 9.375129495938e+00 1.532833092694e+01 1 1 1 0.0 0.0 0.0
Nb 1.447774953129e+01 1.143955470319e+01 1.532833092694e+01 1 1 1 0.0 0.0 0.0
Nb 1.366888591561e+00 2.038539726794e+01 1.532833092694e+01 1 1 1 0.0 0.0 0.0
Nb 4.147980305991e+00 2.244982247520e+01 1.532833092694e+01 1 1 1 0.0 0.0 0.0
Nb 6.531773204400e+00 1.805570402684e+00 1.532833092694e+01 1 1 1 0.0 0.0 0.0
Nb 9.312864918829e+00 3.869995609935e+00 1.532833092694e+01 1 1 1 0.0 0.0 0.0
Nb 1.209395663326e+01 5.934420817186e+00 1.532833092694e+01 1 1 1 0.0 0.0 0.0
Nb 1.487504834769e+01 7.998846024437e+00 1.532833092694e+01 1 1 1 0.0 0.0 0.0
Nb 7.326370836822e+00 2.107353900370e+01 1.532833092694e+01 1 1 1 0.0 0.0 0.0
Nb 9.710163735231e+00 4.292869311828e-01 1.532833092694e+01 1 1 1 0.0 0.0 0.0
Nb 1.249125544966e+01 2.493712138434e+00 1.532833092694e+01 1 1 1 0.0 0.0 0.0
Nb 1.749921427381e-01 4.558137345685e+00 1.532833092694e+01 1 1 1 0.0 0.0 0.0
Nb 1.328585308208e+01 2.176168073945e+01 1.532833092694e+01 1 1 1 0.0 0.0 0.0
Nb 5.722909591396e-01 1.117428666933e+00 1.532833092694e+01 1 1 1 0.0 0.0 0.0
Nb 1.770791640476e+00 1.693744064323e+01 9.182088683320e+00 1 1 1 0.0 0.0 0.0
Nb 4.551883354905e+00 1.900186585048e+01 9.182088683320e+00 1 1 1 0.0 0.0 0.0
Nb 2.168090456877e+00 1.349673196448e+01 9.182088683320e+00 1 1 1 0.0 0.0 0.0
Nb 4.949182171307e+00 1.556115717173e+01 9.182088683320e+00 1 1 1 0.0 0.0 0.0
Nb 7.730273885736e+00 1.762558237898e+01 9.182088683320e+00 1 1 1 0.0 0.0 0.0
Nb 1.051136560017e+01 1.969000758623e+01 9.182088683320e+00 1 1 1 0.0 0.0 0.0
Nb 2.565389273279e+00 1.005602328573e+01 9.182088683320e+00 1 1 1 0.0 0.0 0.0
Nb 5.346480987708e+00 1.212044849298e+01 9.182088683320e+00 1 1 1 0.0 0.0 0.0
Nb 8.127572702137e+00 1.418487370023e+01 9.182088683320e+00 1 1 1 0.0 0.0 0.0
Nb 1.090866441657e+01 1.624929890748e+01 9.182088683320e+00 1 1 1 0.0 0.0 0.0
Nb 1.368975613100e+01 1.831372411473e+01 9.182088683320e+00 1 1 1 0.0 0.0 0.0
Nb 2.962688089680e+00 6.615314606976e+00 9.182088683320e+00 1 1 1 0.0 0.0 0.0
Nb 5.743779804110e+00 8.679739814227e+00 9.182088683320e+00 1 1 1 0.0 0.0 0.0
Nb 8.524871518539e+00 1.074416502148e+01 9.182088683320e+00 1 1 1 0.0 0.0 0.0
Nb 1.130596323297e+01 1.280859022873e+01 9.182088683320e+00 1 1 1 0.0 0.0 0.0
Nb 1.408705494740e+01 1.487301543598e+01 9.182088683320e+00 1 1 1 0.0 0.0 0.0
Nb 3.359986906082e+00 3.174605928224e+00 9.182088683320e+00 1 1 1 0.0 0.0 0.0
Nb 6.141078620511e+00 5.239031135475e+00 9.182088683320e+00 1 1 1 0.0 0.0 0.0
Nb 8.922170334941e+00 7.303456342726e+00 9.182088683320e+00 1 1 1 0.0 0.0 0.0
Nb 1.170326204937e+01 9.367881549977e+00 9.182088683320e+00 1 1 1 0.0 0.0 0.0
Nb 1.448435376380e+01 1.143230675723e+01 9.182088683320e+00 1 1 1 0.0 0.0 0.0
Nb 1.373492824074e+00 2.037814932198e+01 9.182088683320e+00 1 1 1 0.0 0.0 0.0
Nb 4.154584538503e+00 2.244257452924e+01 9.182088683320e+00 1 1 1 0.0 0.0 0.0
Nb 6.538377436913e+00 1.798322456723e+00 9.182088683320e+00 1 1 1 0.0 0.0 0.0
Nb 9.319469151342e+00 3.862747663974e+00 9.182088683320e+00 1 1 1 0.0 0.0 0.0
Nb 1.210056086577e+01 5.927172871225e+00 9.182088683320e+00 1 1 1 0.0 0.0 0.0
Nb 1.488165258020e+01 7.991598078476e+00 9.182088683320e+00 1 1 1 0.0 0.0 0.0
Nb 7.332975069334e+00 2.106629105773e+01 9.182088683320e+00 1 1 1 0.0 0.0 0.0
Nb 9.716767967744e+00 4.220389852219e-01 9.182088683320e+00 1 1 1 0.0 0.0 0.0
Nb 1.249785968217e+01 2.486464192473e+00 9.182088683320e+00 1 1 1 0.0 0.0 0.0
Nb 1.815963752509e-01 4.550889399724e+00 9.182088683320e+00 1 1 1 0.0 0.0 0.0
Nb 1.329245731459e+01 2.175443279348e+01 9.182088683320e+00 1 1 1 0.0 0.0 0.0
Nb 5.788951916524e-01 1.110180720972e+00 9.182088683320e+00 1 1 1 0.0 0.0 0.0
Bi 1.070556630025e+01 1.444233510155e+01 3.532095071834e+01 1 1 1 0.0 0.0 0.0
Bi 9.405315628495e+00 1.857118551606e+01 3.532095071834e+01 1 1 1 0.0 0.0 0.0
Bi 1.050691689224e+01 3.087996461672e+00 3.532095071834e+01 1 1 1 0.0 0.0 0.0
Bi 9.206666220485e+00 7.216846876175e+00 3.532095071834e+01 1 1 1 0.0 0.0 0.0
Bi 7.906415548730e+00 1.134569729068e+01 3.532095071834e+01 1 1 1 0.0 0.0 0.0
Bi 6.606164876974e+00 1.547454770518e+01 3.532095071834e+01 1 1 1 0.0 0.0 0.0
Bi 5.305914205218e+00 1.960339811968e+01 3.532095071834e+01 1 1 1 0.0 0.0 0.0
Bi 8.105064956740e+00 2.270003593056e+01 3.532095071834e+01 1 1 1 0.0 0.0 0.0
Bi 6.407515468964e+00 4.120209065298e+00 3.532095071834e+01 1 1 1 0.0 0.0 0.0
Bi 5.107264797208e+00 8.249059479801e+00 3.532095071834e+01 1 1 1 0.0 0.0 0.0
Bi 3.807014125453e+00 1.237790989430e+01 3.532095071834e+01 1 1 1 0.0 0.0 0.0
Bi 2.506763453697e+00 1.650676030881e+01 3.532095071834e+01 1 1 1 0.0 0.0 0.0
Bi 1.206512781942e+00 2.063561072331e+01 3.532095071834e+01 1 1 1 0.0 0.0 0.0
Bi 3.608364717443e+00 1.023571254421e+00 3.532095071834e+01 1 1 1 0.0 0.0 0.0
Bi 2.308114045687e+00 5.152421668924e+00 3.532095071834e+01 1 1 1 0.0 0.0 0.0
Bi 1.007863373932e+00 9.281272083426e+00 3.532095071834e+01 1 1 1 0.0 0.0 0.0
Bi 1.480496772353e+01 1.341012249793e+01 3.532095071834e+01 1 1 1 0.0 0.0 0.0
Bi 1.350471705177e+01 1.753897291243e+01 3.532095071834e+01 1 1 1 0.0 0.0 0.0
Bi 1.460631831552e+01 2.055783858047e+00 3.532095071834e+01 1 1 1 0.0 0.0 0.0
Bi 1.330606764376e+01 6.184634272549e+00 3.532095071834e+01 1 1 1 0.0 0.0 0.0
Bi 1.200581697201e+01 1.031348468705e+01 3.532095071834e+01 1 1 1 0.0 0.0 0.0
Bi 1.220446638002e+01 2.166782332693e+01 3.532095071834e+01 1 1 1 0.0 0.0 0.0
Bi 1.023586284996e+01 1.205317817697e+01 3.133430771007e+01 1 1 1 0.0 0.0 0.0
Bi 8.935612178200e+00 1.618202859148e+01 3.133430771007e+01 1 1 1 0.0 0.0 0.0
Bi 1.003721344195e+01 6.988395370910e-01 3.133430771007e+01 1 1 1 0.0 0.0 0.0
Bi 8.736962770190e+00 4.827689951593e+00 3.133430771007e+01 1 1 1 0.0 0.0 0.0
Bi 7.436712098434e+00 8.956540366096e+00 3.133430771007e+01 1 1 1 0.0 0.0 0.0
Bi 6.136461426679e+00 1.308539078060e+01 3.133430771007e+01 1 1 1 0.0 0.0 0.0
Bi 4.836210754923e+00 1.721424119510e+01 3.133430771007e+01 1 1 1 0.0 0.0 0.0
Bi 7.635361506444e+00 2.031087900598e+01 3.133430771007e+01 1 1 1 0.0 0.0 0.0
Bi 5.937812018669e+00 1.731052140717e+00 3.133430771007e+01 1 1 1 0.0 0.0 0.0
Bi 4.637561346913e+00 5.859902555219e+00 3.133430771007e+01 1 1 1 0.0 0.0 0.0
Bi 3.337310675157e+00 9.988752969722e+00 3.133430771007e+01 1 1 1 0.0 0.0 0.0
Bi 2.037060003402e+00 1.411760338422e+01 3.133430771007e+01 1 1 1 0.0 0.0 0.0
Bi 7.368093316463e-01 1.824645379873e+01 3.133430771007e+01 1 1 1 0.0 0.0 0.0
Bi 3.535960083167e+00 2.134309160960e+01 3.133430771007e+01 1 1 1 0.0 0.0 0.0
Bi 1.838410595392e+00 2.763264744342e+00 3.133430771007e+01 1 1 1 0.0 0.0 0.0
Bi 5.381599236362e-01 6.892115158845e+00 3.133430771007e+01 1 1 1 0.0 0.0 0.0
Bi 1.433526427323e+01 1.102096557335e+01 3.133430771007e+01 1 1 1 0.0 0.0 0.0
Bi 1.303501360148e+01 1.514981598785e+01 3.133430771007e+01 1 1 1 0.0 0.0 0.0
Bi 1.453391368124e+01 2.237530421323e+01 3.133430771007e+01 1 1 1 0.0 0.0 0.0
Bi 1.283636419347e+01 3.795477347968e+00 3.133430771007e+01 1 1 1 0.0 0.0 0.0
Bi 1.153611352171e+01 7.924327762470e+00 3.133430771007e+01 1 1 1 0.0 0.0 0.0
Bi 1.173476292972e+01 1.927866640235e+01 3.133430771007e+01 1 1 1 0.0 0.0 0.0
Bi 1.029679696437e+01 1.201953879373e+01 2.529282906773e+01 1 1 1 0.0 0.0 0.0
Bi 8.996546292618e+00 1.614838920824e+01 2.529282906773e+01 1 1 1 0.0 0.0 0.0
Bi 1.009814755636e+01 6.652001538530e-01 2.529282906773e+01 1 1 1 0.0 0.0 0.0
Bi 8.797896884608e+00 4.794050568355e+00 2.529282906773e+01 1 1 1 0.0 0.0 0.0
Bi 7.497646212852e+00 8.922900982858e+00 2.529282906773e+01 1 1 1 0.0 0.0 0.0
Bi 6.197395541097e+00 1.305175139736e+01 2.529282906773e+01 1 1 1 0.0 0.0 0.0
Bi 4.897144869341e+00 1.718060181186e+01 2.529282906773e+01 1 1 1 0.0 0.0 0.0
Bi 7.696295620862e+00 2.027723962274e+01 2.529282906773e+01 1 1 1 0.0 0.0 0.0
Bi 5.998746133086e+00 1.697412757479e+00 2.529282906773e+01 1 1 1 0.0 0.0 0.0
Bi 4.698495461331e+00 5.826263171981e+00 2.529282906773e+01 1 1 1 0.0 0.0 0.0
Bi 3.398244789575e+00 9.955113586484e+00 2.529282906773e+01 1 1 1 0.0 0.0 0.0
Bi 2.097994117820e+00 1.408396400099e+01 2.529282906773e+01 1 1 1 0.0 0.0 0.0
Bi 7.977434460642e-01 1.821281441549e+01 2.529282906773e+01 1 1 1 0.0 0.0 0.0
Bi 3.596894197585e+00 2.130945222637e+01 2.529282906773e+01 1 1 1 0.0 0.0 0.0
Bi 1.899344709810e+00 2.729625361104e+00 2.529282906773e+01 1 1 1 0.0 0.0 0.0
Bi 5.990940380541e-01 6.858475775607e+00 2.529282906773e+01 1 1 1 0.0 0.0 0.0
Bi 1.439619838765e+01 1.098732619011e+01 2.529282906773e+01 1 1 1 0.0 0.0 0.0
Bi 1.309594771589e+01 1.511617660461e+01 2.529282906773e+01 1 1 1 0.0 0.0 0.0
Bi 1.459484779566e+01 2.234166482999e+01 2.529282906773e+01 1 1 1 0.0 0.0 0.0
Bi 1.289729830788e+01 3.761837964730e+00 2.529282906773e+01 1 1 1 0.0 0.0 0.0
Bi 1.159704763613e+01 7.890688379232e+00 2.529282906773e+01 1 1 1 0.0 0.0 0.0
Bi 1.179569704414e+01 1.924502701911e+01 2.529282906773e+01 1 1 1 0.0 0.0 0.0
Bi 1.130214116995e+01 1.685760515426e+01 2.132110864621e+01 1 1 1 0.0 0.0 0.0
Bi 1.000189049819e+01 2.098645556876e+01 2.132110864621e+01 1 1 1 0.0 0.0 0.0
Bi 1.110349176194e+01 5.503266514374e+00 2.132110864621e+01 1 1 1 0.0 0.0 0.0
Bi 9.803241090183e+00 9.632116928877e+00 2.132110864621e+01 1 1 1 0.0 0.0 0.0
Bi 8.502990418427e+00 1.376096734338e+01 2.132110864621e+01 1 1 1 0.0 0.0 0.0
Bi 7.202739746672e+00 1.788981775788e+01 2.132110864621e+01 1 1 1 0.0 0.0 0.0
Bi 5.902489074916e+00 2.201866817238e+01 2.132110864621e+01 1 1 1 0.0 0.0 0.0
Bi 8.304341010417e+00 2.406628703497e+00 2.132110864621e+01 1 1 1 0.0 0.0 0.0
Bi 7.004090338662e+00 6.535479118000e+00 2.132110864621e+01 1 1 1 0.0 0.0 0.0
Bi 5.703839666906e+00 1.066432953250e+01 2.132110864621e+01 1 1 1 0.0 0.0 0.0
Bi 4.403588995151e+00 1.479317994700e+01 2.132110864621e+01 1 1 1 0.0 0.0 0.0
Bi 3.103338323395e+00 1.892203036151e+01 2.132110864621e+01 1 1 1 0.0 0.0 0.0
Bi 1.405788835619e+00 3.422034962461e-01 2.132110864621e+01 1 1 1 0.0 0.0 0.0
Bi 4.204939587141e+00 3.438841307123e+00 2.132110864621e+01 1 1 1 0.0 0.0 0.0
Bi 2.904688915385e+00 7.567691721625e+00 2.132110864621e+01 1 1 1 0.0 0.0 0.0
Bi 1.604438243630e+00 1.169654213613e+01 2.132110864621e+01 1 1 1 0.0 0.0 0.0
Bi 3.041875718739e-01 1.582539255063e+01 2.132110864621e+01 1 1 1 0.0 0.0 0.0
Bi 1.410129192147e+01 1.995424296513e+01 2.132110864621e+01 1 1 1 0.0 0.0 0.0
Bi 1.055381638639e-01 4.471053910749e+00 2.132110864621e+01 1 1 1 0.0 0.0 0.0
Bi 1.390264251346e+01 8.599904325251e+00 2.132110864621e+01 1 1 1 0.0 0.0 0.0
Bi 1.260239184170e+01 1.272875473975e+01 2.132110864621e+01 1 1 1 0.0 0.0 0.0
Bi 1.240374243369e+01 1.374416099872e+00 2.132110864621e+01 1 1 1 0.0 0.0 0.0
Se 1.488150965915e+01 1.670751486335e+01 7.500000000000e+00 1 1 1 0.0 0.0 0.0
Se 2.565246352224e+00 1.877194007060e+01 7.500000000000e+00 1 1 1 0.0 0.0 0.0
Se 1.527880847555e+01 1.326680618459e+01 7.500000000000e+00 1 1 1 0.0 0.0 0.0
Se 2.962545168626e+00 1.533123139185e+01 7.500000000000e+00 1 1 1 0.0 0.0 0.0
Se 5.743636883055e+00 1.739565659910e+01 7.500000000000e+00 1 1 1 0.0 0.0 0.0
Se 8.524728597484e+00 1.946008180635e+01 7.500000000000e+00 1 1 1 0.0 0.0 0.0
Se 5.787522705977e-01 9.826097505842e+00 7.500000000000e+00 1 1 1 0.0 0.0 0.0
Se 3.359843985027e+00 1.189052271309e+01 7.500000000000e+00 1 1 1 0.0 0.0 0.0
Se 6.140935699457e+00 1.395494792034e+01 7.500000000000e+00 1 1 1 0.0 0.0 0.0
Se 8.922027413886e+00 1.601937312760e+01 7.500000000000e+00 1 1 1 0.0 0.0 0.0
Se 1.170311912832e+01 1.808379833485e+01 7.500000000000e+00 1 1 1 0.0 0.0 0.0
Se 9.760510869993e-01 6.385388827090e+00 7.500000000000e+00 1 1 1 0.0 0.0 0.0
Se 3.757142801429e+00 8.449814034341e+00 7.500000000000e+00 1 1 1 0.0 0.0 0.0
Se 6.538234515858e+00 1.051423924159e+01 7.500000000000e+00 1 1 1 0.0 0.0 0.0
Se 9.319326230287e+00 1.257866444884e+01 7.500000000000e+00 1 1 1 0.0 0.0 0.0
Se 1.210041794472e+01 1.464308965609e+01 7.500000000000e+00 1 1 1 0.0 0.0 0.0
Se 1.373349903401e+00 2.944680148338e+00 7.500000000000e+00 1 1 1 0.0 0.0 0.0
Se 4.154441617830e+00 5.009105355589e+00 7.500000000000e+00 1 1 1 0.0 0.0 0.0
Se 6.935533332260e+00 7.073530562840e+00 7.500000000000e+00 1 1 1 0.0 0.0 0.0
Se 9.716625046689e+00 9.137955770092e+00 7.500000000000e+00 1 1 1 0.0 0.0 0.0
Se 1.249771676112e+01 1.120238097734e+01 7.500000000000e+00 1 1 1 0.0 0.0 0.0
Se 1.448421084274e+01 2.014822354210e+01 7.500000000000e+00 1 1 1 0.0 0.0 0.0
Se 2.167947535822e+00 2.221264874935e+01 7.500000000000e+00 1 1 1 0.0 0.0 0.0
Se 4.551740434232e+00 1.568396676837e+00 7.500000000000e+00 1 1 1 0.0 0.0 0.0
Se 7.332832148661e+00 3.632821884088e+00 7.500000000000e+00 1 1 1 0.0 0.0 0.0
Se 1.011392386309e+01 5.697247091340e+00 7.500000000000e+00 1 1 1 0.0 0.0 0.0
Se 1.289501557752e+01 7.761672298591e+00 7.500000000000e+00 1 1 1 0.0 0.0 0.0
Se 5.346338066653e+00 2.083636527785e+01 7.500000000000e+00 1 1 1 0.0 0.0 0.0
Se 7.730130965063e+00 1.921132053363e-01 7.500000000000e+00 1 1 1 0.0 0.0 0.0
Se 1.051122267949e+01 2.256538412588e+00 7.500000000000e+00 1 1 1 0.0 0.0 0.0
Se 1.329231439392e+01 4.320963619839e+00 7.500000000000e+00 1 1 1 0.0 0.0 0.0
Se 1.130582031191e+01 2.152450701360e+01 7.500000000000e+00 1 1 1 0.0 0.0 0.0
Se 1.368961321032e+01 8.802549410867e-01 7.500000000000e+00 1 1 1 0.0 0.0 0.0
Se 5.721457004045e-01 1.855010304729e+01 1.364602824434e+01 1 1 1 0.0 0.0 0.0
Se 3.353237414834e+00 2.061452825454e+01 1.364602824434e+01 1 1 1 0.0 0.0 0.0
Se 9.694445168060e-01 1.510939436854e+01 1.364602824434e+01 1 1 1 0.0 0.0 0.0
Se 3.750536231235e+00 1.717381957579e+01 1.364602824434e+01 1 1 1 0.0 0.0 0.0
Se 6.531627945665e+00 1.923824478304e+01 1.364602824434e+01 1 1 1 0.0 0.0 0.0
Se 9.312719660094e+00 2.130266999029e+01 1.364602824434e+01 1 1 1 0.0 0.0 0.0
Se 1.366743333208e+00 1.166868568978e+01 1.364602824434e+01 1 1 1 0.0 0.0 0.0
Se 4.147835047637e+00 1.373311089704e+01 1.364602824434e+01 1 1 1 0.0 0.0 0.0
Se 6.928926762066e+00 1.579753610429e+01 1.364602824434e+01 1 1 1 0.0 0.0 0.0
Se 9.710018476496e+00 1.786196131154e+01 1.364602824434e+01 1 1 1 0.0 0.0 0.0
Se 1.249111019093e+01 1.992638651879e+01 1.364602824434e+01 1 1 1 0.0 0.0 0.0
Se 1.764042149609e+00 8.227977011032e+00 1.364602824434e+01 1 1 1 0.0 0.0 0.0
Se 4.545133864038e+00 1.029240221828e+01 1.364602824434e+01 1 1 1 0.0 0.0 0.0
Se 7.326225578468e+00 1.235682742553e+01 1.364602824434e+01 1 1 1 0.0 0.0 0.0
Se 1.010731729290e+01 1.442125263279e+01 1.364602824434e+01 1 1 1 0.0 0.0 0.0
Se 1.288840900733e+01 1.648567784004e+01 1.364602824434e+01 1 1 1 0.0 0.0 0.0
Se 2.161340966011e+00 4.787268332280e+00 1.364602824434e+01 1 1 1 0.0 0.0 0.0
Se 4.942432680440e+00 6.851693539531e+00 1.364602824434e+01 1 1 1 0.0 0.0 0.0
Se 7.723524394869e+00 8.916118746782e+00 1.364602824434e+01 1 1 1 0.0 0.0 0.0
Se 1.050461610930e+01 1.098054395403e+01 1.364602824434e+01 1 1 1 0.0 0.0 0.0
Se 1.328570782373e+01 1.304496916128e+01 1.364602824434e+01 1 1 1 0.0 0.0 0.0
Se 1.527220190535e+01 2.199081172604e+01 1.364602824434e+01 1 1 1 0.0 0.0 0.0
Se 2.558639782412e+00 1.346559653528e+00 1.364602824434e+01 1 1 1 0.0 0.0 0.0
Se 5.339731496842e+00 3.410984860779e+00 1.364602824434e+01 1 1 1 0.0 0.0 0.0
Se 8.120823211271e+00 5.475410068030e+00 1.364602824434e+01 1 1 1 0.0 0.0 0.0
Se 1.090191492570e+01 7.539835275282e+00 1.364602824434e+01 1 1 1 0.0 0.0 0.0
Se 1.368300664013e+01 9.604260482533e+00 1.364602824434e+01 1 1 1 0.0 0.0 0.0
Se 6.134329129263e+00 2.267895346179e+01 1.364602824434e+01 1 1 1 0.0 0.0 0.0
Se 8.518122027672e+00 2.034701389278e+00 1.364602824434e+01 1 1 1 0.0 0.0 0.0
Se 1.129921374210e+01 4.099126596530e+00 1.364602824434e+01 1 1 1 0.0 0.0 0.0
Se 1.408030545653e+01 6.163551803781e+00 1.364602824434e+01 1 1 1 0.0 0.0 0.0
Se 1.169651255850e+01 6.584179177775e-01 1.364602824434e+01 1 1 1 0.0 0.0 0.0
Se 1.447760427293e+01 2.722843125029e+00 1.364602824434e+01 1 1 1 0.0 0.0 0.0
Se 1.488114171462e+01 1.670852620416e+01 1.086443756309e+01 1 1 1 0.0 0.0 0.0
Se 2.564878407701e+00 1.877295141141e+01 1.086443756309e+01 1 1 1 0.0 0.0 0.0
Se 1.527844053102e+01 1.326781752540e+01 1.086443756309e+01 1 1 1 0.0 0.0 0.0
Se 2.962177224102e+00 1.533224273266e+01 1.086443756309e+01 1 1 1 0.0 0.0 0.0
Se 5.743268938532e+00 1.739666793991e+01 1.086443756309e+01 1 1 1 0.0 0.0 0.0
Se 8.524360652961e+00 1.946109314716e+01 1.086443756309e+01 1 1 1 0.0 0.0 0.0
Se 5.783843260745e-01 9.827108846652e+00 1.086443756309e+01 1 1 1 0.0 0.0 0.0
Se 3.359476040504e+00 1.189153405390e+01 1.086443756309e+01 1 1 1 0.0 0.0 0.0
Se 6.140567754933e+00 1.395595926115e+01 1.086443756309e+01 1 1 1 0.0 0.0 0.0
Se 8.921659469363e+00 1.602038446841e+01 1.086443756309e+01 1 1 1 0.0 0.0 0.0
Se 1.170275118379e+01 1.808480967566e+01 1.086443756309e+01 1 1 1 0.0 0.0 0.0
Se 9.756831424760e-01 6.386400167900e+00 1.086443756309e+01 1 1 1 0.0 0.0 0.0
Se 3.756774856905e+00 8.450825375151e+00 1.086443756309e+01 1 1 1 0.0 0.0 0.0
Se 6.537866571335e+00 1.051525058240e+01 1.086443756309e+01 1 1 1 0.0 0.0 0.0
Se 9.318958285764e+00 1.257967578965e+01 1.086443756309e+01 1 1 1 0.0 0.0 0.0
Se 1.210005000019e+01 1.464410099691e+01 1.086443756309e+01 1 1 1 0.0 0.0 0.0
Se 1.372981958878e+00 2.945691489148e+00 1.086443756309e+01 1 1 1 0.0 0.0 0.0
Se 4.154073673307e+00 5.010116696399e+00 1.086443756309e+01 1 1 1 0.0 0.0 0.0
Se 6.935165387736e+00 7.074541903651e+00 1.086443756309e+01 1 1 1 0.0 0.0 0.0
Se 9.716257102166e+00 9.138967110902e+00 1.086443756309e+01 1 1 1 0.0 0.0 0.0
Se 1.249734881660e+01 1.120339231815e+01 1.086443756309e+01 1 1 1 0.0 0.0 0.0
Se 1.448384289822e+01 2.014923488291e+01 1.086443756309e+01 1 1 1 0.0 0.0 0.0
Se 2.167579591299e+00 2.221366009016e+01 1.086443756309e+01 1 1 1 0.0 0.0 0.0
Se 4.551372489709e+00 1.569408017647e+00 1.086443756309e+01 1 1 1 0.0 0.0 0.0
Se 7.332464204138e+00 3.633833224898e+00 1.086443756309e+01 1 1 1 0.0 0.0 0.0
Se 1.011355591857e+01 5.698258432150e+00 1.086443756309e+01 1 1 1 0.0 0.0 0.0
Se 1.289464763300e+01 7.762683639401e+00 1.086443756309e+01 1 1 1 0.0 0.0 0.0
Se 5.345970122130e+00 2.083737661866e+01 1.086443756309e+01 1 1 1 0.0 0.0 0.0
Se 7.729763020539e+00 1.931245461464e-01 1.086443756309e+01 1 1 1 0.0 0.0 0.0
Se 1.051085473497e+01 2.257549753398e+00 1.086443756309e+01 1 1 1 0.0 0.0 0.0
Se 1.329194644940e+01 4.321974960649e+00 1.086443756309e+01 1 1 1 0.0 0.0 0.0
Se 1.130545236739e+01 2.152551835441e+01 1.086443756309e+01 1 1 1 0.0 0.0 0.0
Se 1.368924526580e+01 8.812662818968e-01 1.086443756309e+01 1 1 1 0.0 0.0 0.0
Se 5.719576705710e-01 1.855114416538e+01 1.701046802998e+01 1 1 1 0.0 0.0 0.0
Se 3.353049385000e+00 2.061556937263e+01 1.701046802998e+01 1 1 1 0.0 0.0 0.0
Se 9.692564869726e-01 1.511043548662e+01 1.701046802998e+01 1 1 1 0.0 0.0 0.0
Se 3.750348201402e+00 1.717486069388e+01 1.701046802998e+01 1 1 1 0.0 0.0 0.0
Se 6.531439915831e+00 1.923928590113e+01 1.701046802998e+01 1 1 1 0.0 0.0 0.0
Se 9.312531630261e+00 2.130371110838e+01 1.701046802998e+01 1 1 1 0.0 0.0 0.0
Se 1.366555303374e+00 1.166972680787e+01 1.701046802998e+01 1 1 1 0.0 0.0 0.0
Se 4.147647017803e+00 1.373415201512e+01 1.701046802998e+01 1 1 1 0.0 0.0 0.0
Se 6.928738732233e+00 1.579857722237e+01 1.701046802998e+01 1 1 1 0.0 0.0 0.0
Se 9.709830446662e+00 1.786300242963e+01 1.701046802998e+01 1 1 1 0.0 0.0 0.0
Se 1.249092216109e+01 1.992742763688e+01 1.701046802998e+01 1 1 1 0.0 0.0 0.0
Se 1.763854119776e+00 8.229018129120e+00 1.701046802998e+01 1 1 1 0.0 0.0 0.0
Se 4.544945834205e+00 1.029344333637e+01 1.701046802998e+01 1 1 1 0.0 0.0 0.0
Se 7.326037548634e+00 1.235786854362e+01 1.701046802998e+01 1 1 1 0.0 0.0 0.0
Se 1.010712926306e+01 1.442229375087e+01 1.701046802998e+01 1 1 1 0.0 0.0 0.0
Se 1.288822097749e+01 1.648671895812e+01 1.701046802998e+01 1 1 1 0.0 0.0 0.0
Se 2.161152936177e+00 4.788309450368e+00 1.701046802998e+01 1 1 1 0.0 0.0 0.0
Se 4.942244650607e+00 6.852734657619e+00 1.701046802998e+01 1 1 1 0.0 0.0 0.0
Se 7.723336365036e+00 8.917159864870e+00 1.701046802998e+01 1 1 1 0.0 0.0 0.0
Se 1.050442807947e+01 1.098158507212e+01 1.701046802998e+01 1 1 1 0.0 0.0 0.0
Se 1.328551979389e+01 1.304601027937e+01 1.701046802998e+01 1 1 1 0.0 0.0 0.0
Se 1.527201387552e+01 2.199185284413e+01 1.701046802998e+01 1 1 1 0.0 0.0 0.0
Se 2.558451752579e+00 1.347600771616e+00 1.701046802998e+01 1 1 1 0.0 0.0 0.0
Se 5.339543467008e+00 3.412025978867e+00 1.701046802998e+01 1 1 1 0.0 0.0 0.0
Se 8.120635181437e+00 5.476451186118e+00 1.701046802998e+01 1 1 1 0.0 0.0 0.0
Se 1.090172689587e+01 7.540876393369e+00 1.701046802998e+01 1 1 1 0.0 0.0 0.0
Se 1.368281861030e+01 9.605301600621e+00 1.701046802998e+01 1 1 1 0.0 0.0 0.0
Se 6.134141099430e+00 2.267999457988e+01 1.701046802998e+01 1 1 1 0.0 0.0 0.0
Se 8.517933997839e+00 2.035742507366e+00 1.701046802998e+01 1 1 1 0.0 0.0 0.0
Se 1.129902571227e+01 4.100167714617e+00 1.701046802998e+01 1 1 1 0.0 0.0 0.0
Se 1.408011742670e+01 6.164592921869e+00 1.701046802998e+01 1 1 1 0.0 0.0 0.0
Se 1.169632452867e+01 6.594590358652e-01 1.701046802998e+01 1 1 1 0.0 0.0 0.0
Se 1.447741624310e+01 2.723884243116e+00 1.701046802998e+01 1 1 1 0.0 0.0 0.0
Se 1.020390509439e+01 1.202163553759e+01 3.696241589303e+01 1 1 1 0.0 0.0 0.0
Se 8.903654422633e+00 1.615048595209e+01 3.696241589303e+01 1 1 1 0.0 0.0 0.0
Se 1.000525568638e+01 6.672968977054e-01 3.696241589303e+01 1 1 1 0.0 0.0 0.0
Se 8.705005014623e+00 4.796147312208e+00 3.696241589303e+01 1 1 1 0.0 0.0 0.0
Se 7.404754342868e+00 8.924997726710e+00 3.696241589303e+01 1 1 1 0.0 0.0 0.0
Se 6.104503671112e+00 1.305384814121e+01 3.696241589303e+01 1 1 1 0.0 0.0 0.0
Se 4.804252999357e+00 1.718269855572e+01 3.696241589303e+01 1 1 1 0.0 0.0 0.0
Se 7.603403750878e+00 2.027933636659e+01 3.696241589303e+01 1 1 1 0.0 0.0 0.0
Se 5.905854263102e+00 1.699509501331e+00 3.696241589303e+01 1 1 1 0.0 0.0 0.0
Se 4.605603591347e+00 5.828359915833e+00 3.696241589303e+01 1 1 1 0.0 0.0 0.0
Se 3.305352919591e+00 9.957210330336e+00 3.696241589303e+01 1 1 1 0.0 0.0 0.0
Se 2.005102247835e+00 1.408606074484e+01 3.696241589303e+01 1 1 1 0.0 0.0 0.0
Se 7.048515760798e-01 1.821491115934e+01 3.696241589303e+01 1 1 1 0.0 0.0 0.0
Se 3.504002327601e+00 2.131154897022e+01 3.696241589303e+01 1 1 1 0.0 0.0 0.0
Se 1.806452839825e+00 2.731722104957e+00 3.696241589303e+01 1 1 1 0.0 0.0 0.0
Se 5.062021680698e-01 6.860572519459e+00 3.696241589303e+01 1 1 1 0.0 0.0 0.0
Se 1.430330651767e+01 1.098942293396e+01 3.696241589303e+01 1 1 1 0.0 0.0 0.0
Se 1.300305584591e+01 1.511827334846e+01 3.696241589303e+01 1 1 1 0.0 0.0 0.0
Se 1.450195592568e+01 2.234376157384e+01 3.696241589303e+01 1 1 1 0.0 0.0 0.0
Se 1.280440643790e+01 3.763934708582e+00 3.696241589303e+01 1 1 1 0.0 0.0 0.0
Se 1.150415576614e+01 7.892785123085e+00 3.696241589303e+01 1 1 1 0.0 0.0 0.0
Se 1.170280517415e+01 1.924712376297e+01 3.696241589303e+01 1 1 1 0.0 0.0 0.0
Se 1.121666337007e+01 1.687407952514e+01 3.332483142763e+01 1 1 1 0.0 0.0 0.0
Se 9.916412698318e+00 2.100292993964e+01 3.332483142763e+01 1 1 1 0.0 0.0 0.0
Se 1.101801396206e+01 5.519740885257e+00 3.332483142763e+01 1 1 1 0.0 0.0 0.0
Se 9.717763290307e+00 9.648591299759e+00 3.332483142763e+01 1 1 1 0.0 0.0 0.0
Se 8.417512618552e+00 1.377744171426e+01 3.332483142763e+01 1 1 1 0.0 0.0 0.0
Se 7.117261946796e+00 1.790629212876e+01 3.332483142763e+01 1 1 1 0.0 0.0 0.0
Se 5.817011275041e+00 2.203514254327e+01 3.332483142763e+01 1 1 1 0.0 0.0 0.0
Se 8.218863210542e+00 2.423103074380e+00 3.332483142763e+01 1 1 1 0.0 0.0 0.0
Se 6.918612538786e+00 6.551953488882e+00 3.332483142763e+01 1 1 1 0.0 0.0 0.0
Se 5.618361867031e+00 1.068080390338e+01 3.332483142763e+01 1 1 1 0.0 0.0 0.0
Se 4.318111195275e+00 1.480965431789e+01 3.332483142763e+01 1 1 1 0.0 0.0 0.0
Se 3.017860523520e+00 1.893850473239e+01 3.332483142763e+01 1 1 1 0.0 0.0 0.0
Se 1.320311035744e+00 3.586778671285e-01 3.332483142763e+01 1 1 1 0.0 0.0 0.0
Se 4.119461787265e+00 3.455315678005e+00 3.332483142763e+01 1 1 1 0.0 0.0 0.0
Se 2.819211115510e+00 7.584166092508e+00 3.332483142763e+01 1 1 1 0.0 0.0 0.0
Se 1.518960443754e+00 1.171301650701e+01 3.332483142763e+01 1 1 1 0.0 0.0 0.0
Se 1.531606479335e+01 1.584186692151e+01 3.332483142763e+01 1 1 1 0.0 0.0 0.0
Se 1.401581412159e+01 1.997071733602e+01 3.332483142763e+01 1 1 1 0.0 0.0 0.0
Se 1.511741538534e+01 4.487528281631e+00 3.332483142763e+01 1 1 1 0.0 0.0 0.0
Se 1.381716471358e+01 8.616378696133e+00 3.332483142763e+01 1 1 1 0.0 0.0 0.0
Se 1.251691404183e+01 1.274522911064e+01 3.332483142763e+01 1 1 1 0.0 0.0 0.0
Se 1.231826463382e+01 1.390890470754e+00 3.332483142763e+01 1 1 1 0.0 0.0 0.0
Se 1.072373286664e+01 1.445384348055e+01 2.969131231352e+01 1 1 1 0.0 0.0 0.0
Se 9.423482194887e+00 1.858269389505e+01 2.969131231352e+01 1 1 1 0.0 0.0 0.0
Se 1.052508345863e+01 3.099504840664e+00 2.969131231352e+01 1 1 1 0.0 0.0 0.0
Se 9.224832786877e+00 7.228355255167e+00 2.969131231352e+01 1 1 1 0.0 0.0 0.0
Se 7.924582115121e+00 1.135720566967e+01 2.969131231352e+01 1 1 1 0.0 0.0 0.0
Se 6.624331443365e+00 1.548605608417e+01 2.969131231352e+01 1 1 1 0.0 0.0 0.0
Se 5.324080771610e+00 1.961490649867e+01 2.969131231352e+01 1 1 1 0.0 0.0 0.0
Se 7.725932707111e+00 2.867029787197e-03 2.969131231352e+01 1 1 1 0.0 0.0 0.0
Se 6.425682035355e+00 4.131717444290e+00 2.969131231352e+01 1 1 1 0.0 0.0 0.0
Se 5.125431363600e+00 8.260567858792e+00 2.969131231352e+01 1 1 1 0.0 0.0 0.0
Se 3.825180691844e+00 1.238941827329e+01 2.969131231352e+01 1 1 1 0.0 0.0 0.0
Se 2.524930020089e+00 1.651826868780e+01 2.969131231352e+01 1 1 1 0.0 0.0 0.0
Se 1.224679348333e+00 2.064711910230e+01 2.969131231352e+01 1 1 1 0.0 0.0 0.0
Se 3.626531283834e+00 1.035079633413e+00 2.969131231352e+01 1 1 1 0.0 0.0 0.0
Se 2.326280612079e+00 5.163930047915e+00 2.969131231352e+01 1 1 1 0.0 0.0 0.0
Se 1.026029940323e+00 9.292780462418e+00 2.969131231352e+01 1 1 1 0.0 0.0 0.0
Se 1.482313428992e+01 1.342163087692e+01 2.969131231352e+01 1 1 1 0.0 0.0 0.0
Se 1.352288361816e+01 1.755048129142e+01 2.969131231352e+01 1 1 1 0.0 0.0 0.0
Se 1.462448488191e+01 2.067292237038e+00 2.969131231352e+01 1 1 1 0.0 0.0 0.0
Se 1.332423421015e+01 6.196142651541e+00 2.969131231352e+01 1 1 1 0.0 0.0 0.0
Se 1.202398353840e+01 1.032499306604e+01 2.969131231352e+01 1 1 1 0.0 0.0 0.0
Se 1.222263294641e+01 2.167933170593e+01 2.969131231352e+01 1 1 1 0.0 0.0 0.0
Se 1.129849972157e+01 1.685983713398e+01 2.692457590224e+01 1 1 1 0.0 0.0 0.0
Se 9.998249049818e+00 2.098868754848e+01 2.692457590224e+01 1 1 1 0.0 0.0 0.0
Se 1.109985031356e+01 5.505498494098e+00 2.692457590224e+01 1 1 1 0.0 0.0 0.0
Se 9.799599641808e+00 9.634348908601e+00 2.692457590224e+01 1 1 1 0.0 0.0 0.0
Se 8.499348970053e+00 1.376319932310e+01 2.692457590224e+01 1 1 1 0.0 0.0 0.0
Se 7.199098298297e+00 1.789204973761e+01 2.692457590224e+01 1 1 1 0.0 0.0 0.0
Se 5.898847626542e+00 2.202090015211e+01 2.692457590224e+01 1 1 1 0.0 0.0 0.0
Se 8.300699562043e+00 2.408860683221e+00 2.692457590224e+01 1 1 1 0.0 0.0 0.0
Se 7.000448890287e+00 6.537711097724e+00 2.692457590224e+01 1 1 1 0.0 0.0 0.0
Se 5.700198218532e+00 1.066656151223e+01 2.692457590224e+01 1 1 1 0.0 0.0 0.0
Se 4.399947546776e+00 1.479541192673e+01 2.692457590224e+01 1 1 1 0.0 0.0 0.0
Se 3.099696875020e+00 1.892426234123e+01 2.692457590224e+01 1 1 1 0.0 0.0 0.0
Se 1.402147387245e+00 3.444354759700e-01 2.692457590224e+01 1 1 1 0.0 0.0 0.0
Se 4.201298138766e+00 3.441073286847e+00 2.692457590224e+01 1 1 1 0.0 0.0 0.0
Se 2.901047467010e+00 7.569923701349e+00 2.692457590224e+01 1 1 1 0.0 0.0 0.0
Se 1.600796795255e+00 1.169877411585e+01 2.692457590224e+01 1 1 1 0.0 0.0 0.0
Se 3.005461234993e-01 1.582762453035e+01 2.692457590224e+01 1 1 1 0.0 0.0 0.0
Se 1.409765047310e+01 1.995647494486e+01 2.692457590224e+01 1 1 1 0.0 0.0 0.0
Se 1.018967154892e-01 4.473285890472e+00 2.692457590224e+01 1 1 1 0.0 0.0 0.0
Se 1.389900106509e+01 8.602136304975e+00 2.692457590224e+01 1 1 1 0.0 0.0 0.0
Se 1.259875039333e+01 1.273098671948e+01 2.692457590224e+01 1 1 1 0.0 0.0 0.0
Se 1.240010098532e+01 1.376648079596e+00 2.692457590224e+01 1 1 1 0.0 0.0 0.0
Se 1.080369567664e+01 1.443144556199e+01 2.330671355540e+01 1 1 1 0.0 0.0 0.0
Se 9.503445004881e+00 1.856029597649e+01 2.330671355540e+01 1 1 1 0.0 0.0 0.0
Se 1.060504626863e+01 3.077106922109e+00 2.330671355540e+01 1 1 1 0.0 0.0 0.0
Se 9.304795596871e+00 7.205957336611e+00 2.330671355540e+01 1 1 1 0.0 0.0 0.0
Se 8.004544925116e+00 1.133480775111e+01 2.330671355540e+01 1 1 1 0.0 0.0 0.0
Se 6.704294253360e+00 1.546365816562e+01 2.330671355540e+01 1 1 1 0.0 0.0 0.0
Se 5.404043581605e+00 1.959250858012e+01 2.330671355540e+01 1 1 1 0.0 0.0 0.0
Se 8.203194333126e+00 2.268914639100e+01 2.330671355540e+01 1 1 1 0.0 0.0 0.0
Se 6.505644845350e+00 4.109319525734e+00 2.330671355540e+01 1 1 1 0.0 0.0 0.0
Se 5.205394173595e+00 8.238169940237e+00 2.330671355540e+01 1 1 1 0.0 0.0 0.0
Se 3.905143501839e+00 1.236702035474e+01 2.330671355540e+01 1 1 1 0.0 0.0 0.0
Se 2.604892830083e+00 1.649587076924e+01 2.330671355540e+01 1 1 1 0.0 0.0 0.0
Se 1.304642158328e+00 2.062472118374e+01 2.330671355540e+01 1 1 1 0.0 0.0 0.0
Se 3.706494093829e+00 1.012681714858e+00 2.330671355540e+01 1 1 1 0.0 0.0 0.0
Se 2.406243422073e+00 5.141532129360e+00 2.330671355540e+01 1 1 1 0.0 0.0 0.0
Se 1.105992750318e+00 9.270382543862e+00 2.330671355540e+01 1 1 1 0.0 0.0 0.0
Se 1.490309709991e+01 1.339923295836e+01 2.330671355540e+01 1 1 1 0.0 0.0 0.0
Se 1.360284642816e+01 1.752808337287e+01 2.330671355540e+01 1 1 1 0.0 0.0 0.0
Se 1.470444769190e+01 2.044894318483e+00 2.330671355540e+01 1 1 1 0.0 0.0 0.0
Se 1.340419702015e+01 6.173744732986e+00 2.330671355540e+01 1 1 1 0.0 0.0 0.0
Se 1.210394634839e+01 1.030259514749e+01 2.330671355540e+01 1 1 1 0.0 0.0 0.0
Se 1.230259575640e+01 2.165693378737e+01 2.330671355540e+01 1 1 1 0.0 0.0 0.0
Se 1.029572889594e+01 1.201171555658e+01 1.968357859229e+01 1 1 1 0.0 0.0 0.0
Se 8.995478224189e+00 1.614056597109e+01 1.968357859229e+01 1 1 1 0.0 0.0 0.0
Se 1.009707948793e+01 6.573769167022e-01 1.968357859229e+01 1 1 1 0.0 0.0 0.0
Se 8.796828816179e+00 4.786227331205e+00 1.968357859229e+01 1 1 1 0.0 0.0 0.0
Se 7.496578144424e+00 8.915077745707e+00 1.968357859229e+01 1 1 1 0.0 0.0 0.0
Se 6.196327472668e+00 1.304392816021e+01 1.968357859229e+01 1 1 1 0.0 0.0 0.0
Se 4.896076800913e+00 1.717277857471e+01 1.968357859229e+01 1 1 1 0.0 0.0 0.0
Se 7.695227552434e+00 2.026941638559e+01 1.968357859229e+01 1 1 1 0.0 0.0 0.0
Se 5.997678064658e+00 1.689589520328e+00 1.968357859229e+01 1 1 1 0.0 0.0 0.0
Se 4.697427392903e+00 5.818439934830e+00 1.968357859229e+01 1 1 1 0.0 0.0 0.0
Se 3.397176721147e+00 9.947290349333e+00 1.968357859229e+01 1 1 1 0.0 0.0 0.0
Se 2.096926049391e+00 1.407614076384e+01 1.968357859229e+01 1 1 1 0.0 0.0 0.0
Se 7.966753776358e-01 1.820499117834e+01 1.968357859229e+01 1 1 1 0.0 0.0 0.0
Se 3.595826129157e+00 2.130162898921e+01 1.968357859229e+01 1 1 1 0.0 0.0 0.0
Se 1.898276641381e+00 2.721802123953e+00 1.968357859229e+01 1 1 1 0.0 0.0 0.0
Se 5.980259696258e-01 6.850652538456e+00 1.968357859229e+01 1 1 1 0.0 0.0 0.0
Se 1.439513031922e+01 1.097950295296e+01 1.968357859229e+01 1 1 1 0.0 0.0 0.0
Se 1.309487964747e+01 1.510835336746e+01 1.968357859229e+01 1 1 1 0.0 0.0 0.0
Se 1.459377972723e+01 2.233384159284e+01 1.968357859229e+01 1 1 1 0.0 0.0 0.0
Se 1.289623023946e+01 3.754014727579e+00 1.968357859229e+01 1 1 1 0.0 0.0 0.0
Se 1.159597956770e+01 7.882865142082e+00 1.968357859229e+01 1 1 1 0.0 0.0 0.0
Se 1.179462897571e+01 1.923720378196e+01 1.968357859229e+01 1 1 1 0.0 0.0 0.0
"