calculation_mode = "Quench Electrons"
cell_relax = "False"
charge_density_mixing = "0.1"
charge_mixing_type = "Broyden"
description = "Example parameters for high-throughput bulk relaxation of a vdW material"
dipole_moment = "True"
dos_broading = "0.05"
dos_method = "Gaussian"
energy_convergence_criterion = "1e-10"
energy_output_units = "Hartrees"
kohn_sham_mucycles = "3"
kohn_sham_solver = "davidson"
kpoint_distribution = "1"
kpoint_mesh = "1 1 1"
localize_projectors = "False"
max_md_steps = "100"
max_scf_steps = "200"
non_local_block_size = "4000"
output_wave_function_file = "/dev/null"
potential_acceleration_constant_step = "1.5"
processor_grid = "5 5 16"
rms_convergence_criterion = "1e-08"
start_mode = "LCAO Start"
stress = "True"
subdiag_driver = "scalapack"
use_async_allreduce = "False"
vdw_corr = "DFT-D3"
vdwdf_kernel_filepath = "/lustre/orion/world-shared/cph162/rjmorelock/rmgdft/XC/vdW_kernel_table"
wavefunction_grid = "154 154 426"
write_data_period = "50"

atomic_coordinate_type = "Absolute"
crds_units = "Angstrom"
lattice_units = "Angstrom"

lattice_vector = "
1.799724170868e+01 0.000000000000e+00 1.100000000000e-15
8.998620854338e+00 1.558606851876e+01 1.100000000000e-15
0.000000000000e+00 0.000000000000e+00 4.998930533072e+01
"
atoms = "
Nb 7.097486148019e+00 8.023906957470e+00 1.782833092694e+01 1 1 1 0.0 0.0 0.0
Nb 1.009702643280e+01 9.755692348444e+00 1.782833092694e+01 1 1 1 0.0 0.0 0.0
Nb 1.309656671758e+01 1.148747773942e+01 1.782833092694e+01 1 1 1 0.0 0.0 0.0
Nb 4.097945863240e+00 2.828550784551e+00 1.782833092694e+01 1 1 1 0.0 0.0 0.0
Nb 7.097486148019e+00 4.560336175524e+00 1.782833092694e+01 1 1 1 0.0 0.0 0.0
Nb 1.009702643280e+01 6.292121566497e+00 1.782833092694e+01 1 1 1 0.0 0.0 0.0
Nb 1.309656671758e+01 8.023906957470e+00 1.782833092694e+01 1 1 1 0.0 0.0 0.0
Nb 1.609610700236e+01 9.755692348444e+00 1.782833092694e+01 1 1 1 0.0 0.0 0.0
Nb 1.909564728714e+01 1.148747773942e+01 1.782833092694e+01 1 1 1 0.0 0.0 0.0
Nb 1.009702643280e+01 1.321926313039e+01 1.782833092694e+01 1 1 1 0.0 0.0 0.0
Nb 1.309656671758e+01 1.495104852136e+01 1.782833092694e+01 1 1 1 0.0 0.0 0.0
Nb 7.097486148019e+00 1.096765393577e+00 1.782833092694e+01 1 1 1 0.0 0.0 0.0
Nb 1.009702643280e+01 2.828550784551e+00 1.782833092694e+01 1 1 1 0.0 0.0 0.0
Nb 1.309656671758e+01 4.560336175524e+00 1.782833092694e+01 1 1 1 0.0 0.0 0.0
Nb 1.609610700236e+01 6.292121566497e+00 1.782833092694e+01 1 1 1 0.0 0.0 0.0
Nb 1.909564728714e+01 8.023906957470e+00 1.782833092694e+01 1 1 1 0.0 0.0 0.0
Nb 2.209518757192e+01 9.755692348444e+00 1.782833092694e+01 1 1 1 0.0 0.0 0.0
Nb 7.097486148019e+00 1.148747773942e+01 1.782833092694e+01 1 1 1 0.0 0.0 0.0
Nb 1.609610700236e+01 1.321926313039e+01 1.782833092694e+01 1 1 1 0.0 0.0 0.0
Nb 1.909564728714e+01 1.495104852136e+01 1.782833092694e+01 1 1 1 0.0 0.0 0.0
Nb 1.309656671758e+01 1.096765393577e+00 1.782833092694e+01 1 1 1 0.0 0.0 0.0
Nb 1.609610700236e+01 2.828550784551e+00 1.782833092694e+01 1 1 1 0.0 0.0 0.0
Nb 1.909564728714e+01 4.560336175524e+00 1.782833092694e+01 1 1 1 0.0 0.0 0.0
Nb 4.097945863240e+00 6.292121566497e+00 1.782833092694e+01 1 1 1 0.0 0.0 0.0
Nb 2.209518757192e+01 1.321926313039e+01 1.782833092694e+01 1 1 1 0.0 0.0 0.0
Nb 2.509472785669e+01 1.495104852136e+01 1.782833092694e+01 1 1 1 0.0 0.0 0.0
Nb 1.098405578460e+00 1.096765393577e+00 1.782833092694e+01 1 1 1 0.0 0.0 0.0
Nb 7.103215391341e+00 8.015949295835e+00 1.168208868332e+01 1 1 1 0.0 0.0 0.0
Nb 1.010275567612e+01 9.747734686809e+00 1.168208868332e+01 1 1 1 0.0 0.0 0.0
Nb 1.310229596090e+01 1.147952007778e+01 1.168208868332e+01 1 1 1 0.0 0.0 0.0
Nb 4.103675106561e+00 2.820593122916e+00 1.168208868332e+01 1 1 1 0.0 0.0 0.0
Nb 7.103215391341e+00 4.552378513889e+00 1.168208868332e+01 1 1 1 0.0 0.0 0.0
Nb 1.010275567612e+01 6.284163904862e+00 1.168208868332e+01 1 1 1 0.0 0.0 0.0
Nb 1.310229596090e+01 8.015949295835e+00 1.168208868332e+01 1 1 1 0.0 0.0 0.0
Nb 1.610183624568e+01 9.747734686809e+00 1.168208868332e+01 1 1 1 0.0 0.0 0.0
Nb 1.910137653046e+01 1.147952007778e+01 1.168208868332e+01 1 1 1 0.0 0.0 0.0
Nb 1.010275567612e+01 1.321130546876e+01 1.168208868332e+01 1 1 1 0.0 0.0 0.0
Nb 1.310229596090e+01 1.494309085973e+01 1.168208868332e+01 1 1 1 0.0 0.0 0.0
Nb 7.103215391341e+00 1.088807731942e+00 1.168208868332e+01 1 1 1 0.0 0.0 0.0
Nb 1.010275567612e+01 2.820593122916e+00 1.168208868332e+01 1 1 1 0.0 0.0 0.0
Nb 1.310229596090e+01 4.552378513889e+00 1.168208868332e+01 1 1 1 0.0 0.0 0.0
Nb 1.610183624568e+01 6.284163904862e+00 1.168208868332e+01 1 1 1 0.0 0.0 0.0
Nb 1.910137653046e+01 8.015949295835e+00 1.168208868332e+01 1 1 1 0.0 0.0 0.0
Nb 2.210091681524e+01 9.747734686809e+00 1.168208868332e+01 1 1 1 0.0 0.0 0.0
Nb 7.103215391341e+00 1.147952007778e+01 1.168208868332e+01 1 1 1 0.0 0.0 0.0
Nb 1.610183624568e+01 1.321130546876e+01 1.168208868332e+01 1 1 1 0.0 0.0 0.0
Nb 1.910137653046e+01 1.494309085973e+01 1.168208868332e+01 1 1 1 0.0 0.0 0.0
Nb 1.310229596090e+01 1.088807731942e+00 1.168208868332e+01 1 1 1 0.0 0.0 0.0
Nb 1.610183624568e+01 2.820593122916e+00 1.168208868332e+01 1 1 1 0.0 0.0 0.0
Nb 1.910137653046e+01 4.552378513889e+00 1.168208868332e+01 1 1 1 0.0 0.0 0.0
Nb 4.103675106561e+00 6.284163904862e+00 1.168208868332e+01 1 1 1 0.0 0.0 0.0
Nb 2.210091681524e+01 1.321130546876e+01 1.168208868332e+01 1 1 1 0.0 0.0 0.0
Nb 2.510045710002e+01 1.494309085973e+01 1.168208868332e+01 1 1 1 0.0 0.0 0.0
Nb 1.104134821782e+00 1.088807731942e+00 1.168208868332e+01 1 1 1 0.0 0.0 0.0
Bi 1.885469238295e+01 1.126687157220e+01 3.834784015603e+01 1 1 1 0.0 0.0 0.0
Bi 1.932830400686e+01 1.536846855082e+01 3.834784015603e+01 1 1 1 0.0 0.0 0.0
Bi 1.459218776773e+01 5.524635802129e+00 3.834784015603e+01 1 1 1 0.0 0.0 0.0
Bi 1.506579939165e+01 9.626232780750e+00 3.834784015603e+01 1 1 1 0.0 0.0 0.0
Bi 1.553941101556e+01 1.372782975937e+01 3.834784015603e+01 1 1 1 0.0 0.0 0.0
Bi 1.080329477643e+01 3.883997010680e+00 3.834784015603e+01 1 1 1 0.0 0.0 0.0
Bi 1.127690640035e+01 7.985593989301e+00 3.834784015603e+01 1 1 1 0.0 0.0 0.0
Bi 1.175051802426e+01 1.208719096792e+01 3.834784015603e+01 1 1 1 0.0 0.0 0.0
Bi 3.225508793834e+00 6.027194277838e-01 3.834784015603e+01 1 1 1 0.0 0.0 0.0
Bi 7.014401785134e+00 2.243358219232e+00 3.834784015603e+01 1 1 1 0.0 0.0 0.0
Bi 7.488013409046e+00 6.344955197853e+00 3.834784015603e+01 1 1 1 0.0 0.0 0.0
Bi 7.961625032959e+00 1.044655217647e+01 3.834784015603e+01 1 1 1 0.0 0.0 0.0
Bi 8.435236656871e+00 1.454814915509e+01 3.834784015603e+01 1 1 1 0.0 0.0 0.0
Bi 3.699120417746e+00 4.704316406405e+00 3.834784015603e+01 1 1 1 0.0 0.0 0.0
Bi 2.216997375033e+01 8.805913385026e+00 3.834784015603e+01 1 1 1 0.0 0.0 0.0
Bi 2.264358537425e+01 1.290751036365e+01 3.834784015603e+01 1 1 1 0.0 0.0 0.0
Bi 1.790746913512e+01 3.063677614956e+00 3.834784015603e+01 1 1 1 0.0 0.0 0.0
Bi 1.838108075903e+01 7.165274593577e+00 3.834784015603e+01 1 1 1 0.0 0.0 0.0
Bi 1.411857614382e+01 1.423038823508e+00 3.834784015603e+01 1 1 1 0.0 0.0 0.0
Bi 2.125773800336e+01 1.099894310587e+01 3.436119714775e+01 1 1 1 0.0 0.0 0.0
Bi 2.173134962727e+01 1.510054008449e+01 3.436119714775e+01 1 1 1 0.0 0.0 0.0
Bi 1.699523338815e+01 5.256707335801e+00 3.436119714775e+01 1 1 1 0.0 0.0 0.0
Bi 1.746884501206e+01 9.358304314422e+00 3.436119714775e+01 1 1 1 0.0 0.0 0.0
Bi 1.794245663597e+01 1.345990129304e+01 3.436119714775e+01 1 1 1 0.0 0.0 0.0
Bi 1.320634039685e+01 3.616068544353e+00 3.436119714775e+01 1 1 1 0.0 0.0 0.0
Bi 1.367995202076e+01 7.717665522974e+00 3.436119714775e+01 1 1 1 0.0 0.0 0.0
Bi 1.415356364467e+01 1.181926250159e+01 3.436119714775e+01 1 1 1 0.0 0.0 0.0
Bi 5.628554414248e+00 3.347909614563e-01 3.436119714775e+01 1 1 1 0.0 0.0 0.0
Bi 9.417447405548e+00 1.975429752905e+00 3.436119714775e+01 1 1 1 0.0 0.0 0.0
Bi 9.891059029461e+00 6.077026731526e+00 3.436119714775e+01 1 1 1 0.0 0.0 0.0
Bi 1.036467065337e+01 1.017862371015e+01 3.436119714775e+01 1 1 1 0.0 0.0 0.0
Bi 1.083828227729e+01 1.428022068877e+01 3.436119714775e+01 1 1 1 0.0 0.0 0.0
Bi 6.102166038160e+00 4.436387940077e+00 3.436119714775e+01 1 1 1 0.0 0.0 0.0
Bi 6.575777662073e+00 8.537984918698e+00 3.436119714775e+01 1 1 1 0.0 0.0 0.0
Bi 2.504663099466e+01 1.263958189732e+01 3.436119714775e+01 1 1 1 0.0 0.0 0.0
Bi 2.313273046860e+00 2.795749148629e+00 3.436119714775e+01 1 1 1 0.0 0.0 0.0
Bi 2.078412637945e+01 6.897346127250e+00 3.436119714775e+01 1 1 1 0.0 0.0 0.0
Bi 1.652162176424e+01 1.155110357180e+00 3.436119714775e+01 1 1 1 0.0 0.0 0.0
Bi 2.129967625917e+01 1.094637891881e+01 2.831971850542e+01 1 1 1 0.0 0.0 0.0
Bi 2.177328788308e+01 1.504797589743e+01 2.831971850542e+01 1 1 1 0.0 0.0 0.0
Bi 1.703717164395e+01 5.204143148743e+00 2.831971850542e+01 1 1 1 0.0 0.0 0.0
Bi 1.751078326787e+01 9.305740127364e+00 2.831971850542e+01 1 1 1 0.0 0.0 0.0
Bi 1.798439489178e+01 1.340733710598e+01 2.831971850542e+01 1 1 1 0.0 0.0 0.0
Bi 1.324827865265e+01 3.563504357295e+00 2.831971850542e+01 1 1 1 0.0 0.0 0.0
Bi 1.372189027657e+01 7.665101335916e+00 2.831971850542e+01 1 1 1 0.0 0.0 0.0
Bi 1.419550190048e+01 1.176669831454e+01 2.831971850542e+01 1 1 1 0.0 0.0 0.0
Bi 5.670492670053e+00 2.822267743981e-01 2.831971850542e+01 1 1 1 0.0 0.0 0.0
Bi 9.459385661353e+00 1.922865565846e+00 2.831971850542e+01 1 1 1 0.0 0.0 0.0
Bi 9.932997285266e+00 6.024462544467e+00 2.831971850542e+01 1 1 1 0.0 0.0 0.0
Bi 1.040660890918e+01 1.012605952309e+01 2.831971850542e+01 1 1 1 0.0 0.0 0.0
Bi 1.088022053309e+01 1.422765650171e+01 2.831971850542e+01 1 1 1 0.0 0.0 0.0
Bi 6.144104293966e+00 4.383823753019e+00 2.831971850542e+01 1 1 1 0.0 0.0 0.0
Bi 6.617715917878e+00 8.485420731640e+00 2.831971850542e+01 1 1 1 0.0 0.0 0.0
Bi 2.508856925047e+01 1.258701771026e+01 2.831971850542e+01 1 1 1 0.0 0.0 0.0
Bi 2.355211302666e+00 2.743184961571e+00 2.831971850542e+01 1 1 1 0.0 0.0 0.0
Bi 2.082606463525e+01 6.844781940192e+00 2.831971850542e+01 1 1 1 0.0 0.0 0.0
Bi 1.656356002004e+01 1.102546170122e+00 2.831971850542e+01 1 1 1 0.0 0.0 0.0
Bi 1.989282538598e+01 9.048399646774e+00 2.434799808390e+01 1 1 1 0.0 0.0 0.0
Bi 2.036643700990e+01 1.314999662540e+01 2.434799808390e+01 1 1 1 0.0 0.0 0.0
Bi 1.563032077077e+01 3.306163876705e+00 2.434799808390e+01 1 1 1 0.0 0.0 0.0
Bi 1.610393239468e+01 7.407760855326e+00 2.434799808390e+01 1 1 1 0.0 0.0 0.0
Bi 1.657754401860e+01 1.150935783395e+01 2.434799808390e+01 1 1 1 0.0 0.0 0.0
Bi 1.184142777947e+01 1.665525085257e+00 2.434799808390e+01 1 1 1 0.0 0.0 0.0
Bi 1.231503940338e+01 5.767122063878e+00 2.434799808390e+01 1 1 1 0.0 0.0 0.0
Bi 1.278865102730e+01 9.868719042499e+00 2.434799808390e+01 1 1 1 0.0 0.0 0.0
Bi 1.326226265121e+01 1.397031602112e+01 2.434799808390e+01 1 1 1 0.0 0.0 0.0
Bi 8.052534788172e+00 2.488629380844e-02 2.434799808390e+01 1 1 1 0.0 0.0 0.0
Bi 8.526146412084e+00 4.126483272429e+00 2.434799808390e+01 1 1 1 0.0 0.0 0.0
Bi 8.999758035997e+00 8.228080251050e+00 2.434799808390e+01 1 1 1 0.0 0.0 0.0
Bi 9.473369659909e+00 1.232967722967e+01 2.434799808390e+01 1 1 1 0.0 0.0 0.0
Bi 4.737253420784e+00 2.485844480981e+00 2.434799808390e+01 1 1 1 0.0 0.0 0.0
Bi 5.210865044696e+00 6.587441459602e+00 2.434799808390e+01 1 1 1 0.0 0.0 0.0
Bi 2.368171837728e+01 1.068903843822e+01 2.434799808390e+01 1 1 1 0.0 0.0 0.0
Bi 9.483604294838e-01 8.452056895326e-01 2.434799808390e+01 1 1 1 0.0 0.0 0.0
Bi 1.941921376207e+01 4.946802668154e+00 2.434799808390e+01 1 1 1 0.0 0.0 0.0
Bi 2.415533000120e+01 1.479063541684e+01 2.434799808390e+01 1 1 1 0.0 0.0 0.0
Se 5.103317351731e+00 8.015424087416e+00 1.000000000000e+01 1 1 1 0.0 0.0 0.0
Se 8.102857636511e+00 9.747209478389e+00 1.000000000000e+01 1 1 1 0.0 0.0 0.0
Se 1.110239792129e+01 1.147899486936e+01 1.000000000000e+01 1 1 1 0.0 0.0 0.0
Se 2.103777066952e+00 2.820067914496e+00 1.000000000000e+01 1 1 1 0.0 0.0 0.0
Se 5.103317351731e+00 4.551853305469e+00 1.000000000000e+01 1 1 1 0.0 0.0 0.0
Se 8.102857636511e+00 6.283638696442e+00 1.000000000000e+01 1 1 1 0.0 0.0 0.0
Se 1.110239792129e+01 8.015424087416e+00 1.000000000000e+01 1 1 1 0.0 0.0 0.0
Se 1.410193820607e+01 9.747209478389e+00 1.000000000000e+01 1 1 1 0.0 0.0 0.0
Se 1.710147849085e+01 1.147899486936e+01 1.000000000000e+01 1 1 1 0.0 0.0 0.0
Se 8.102857636511e+00 1.321078026034e+01 1.000000000000e+01 1 1 1 0.0 0.0 0.0
Se 1.110239792129e+01 1.494256565131e+01 1.000000000000e+01 1 1 1 0.0 0.0 0.0
Se 5.103317351731e+00 1.088282523523e+00 1.000000000000e+01 1 1 1 0.0 0.0 0.0
Se 8.102857636511e+00 2.820067914496e+00 1.000000000000e+01 1 1 1 0.0 0.0 0.0
Se 1.110239792129e+01 4.551853305469e+00 1.000000000000e+01 1 1 1 0.0 0.0 0.0
Se 1.410193820607e+01 6.283638696442e+00 1.000000000000e+01 1 1 1 0.0 0.0 0.0
Se 1.710147849085e+01 8.015424087416e+00 1.000000000000e+01 1 1 1 0.0 0.0 0.0
Se 2.010101877563e+01 9.747209478389e+00 1.000000000000e+01 1 1 1 0.0 0.0 0.0
Se 2.310055906041e+01 1.147899486936e+01 1.000000000000e+01 1 1 1 0.0 0.0 0.0
Se 1.410193820607e+01 1.321078026034e+01 1.000000000000e+01 1 1 1 0.0 0.0 0.0
Se 1.710147849085e+01 1.494256565131e+01 1.000000000000e+01 1 1 1 0.0 0.0 0.0
Se 1.110239792129e+01 1.088282523523e+00 1.000000000000e+01 1 1 1 0.0 0.0 0.0
Se 1.410193820607e+01 2.820067914496e+00 1.000000000000e+01 1 1 1 0.0 0.0 0.0
Se 1.710147849085e+01 4.551853305469e+00 1.000000000000e+01 1 1 1 0.0 0.0 0.0
Se 2.010101877563e+01 6.283638696442e+00 1.000000000000e+01 1 1 1 0.0 0.0 0.0
Se 2.010101877563e+01 1.321078026034e+01 1.000000000000e+01 1 1 1 0.0 0.0 0.0
Se 2.310055906041e+01 1.494256565131e+01 1.000000000000e+01 1 1 1 0.0 0.0 0.0
Se 1.710147849085e+01 1.088282523523e+00 1.000000000000e+01 1 1 1 0.0 0.0 0.0
Se 6.097466456593e+00 9.755461066235e+00 1.614602824434e+01 1 1 1 0.0 0.0 0.0
Se 9.097006741372e+00 1.148724645721e+01 1.614602824434e+01 1 1 1 0.0 0.0 0.0
Se 1.209654702615e+01 1.321903184818e+01 1.614602824434e+01 1 1 1 0.0 0.0 0.0
Se 3.097926171813e+00 4.560104893315e+00 1.614602824434e+01 1 1 1 0.0 0.0 0.0
Se 6.097466456593e+00 6.291890284289e+00 1.614602824434e+01 1 1 1 0.0 0.0 0.0
Se 9.097006741372e+00 8.023675675262e+00 1.614602824434e+01 1 1 1 0.0 0.0 0.0
Se 1.209654702615e+01 9.755461066235e+00 1.614602824434e+01 1 1 1 0.0 0.0 0.0
Se 1.509608731093e+01 1.148724645721e+01 1.614602824434e+01 1 1 1 0.0 0.0 0.0
Se 1.809562759571e+01 1.321903184818e+01 1.614602824434e+01 1 1 1 0.0 0.0 0.0
Se 9.097006741372e+00 1.495081723915e+01 1.614602824434e+01 1 1 1 0.0 0.0 0.0
Se 3.097926171813e+00 1.096534111369e+00 1.614602824434e+01 1 1 1 0.0 0.0 0.0
Se 6.097466456593e+00 2.828319502342e+00 1.614602824434e+01 1 1 1 0.0 0.0 0.0
Se 9.097006741372e+00 4.560104893315e+00 1.614602824434e+01 1 1 1 0.0 0.0 0.0
Se 1.209654702615e+01 6.291890284289e+00 1.614602824434e+01 1 1 1 0.0 0.0 0.0
Se 1.509608731093e+01 8.023675675262e+00 1.614602824434e+01 1 1 1 0.0 0.0 0.0
Se 1.809562759571e+01 9.755461066235e+00 1.614602824434e+01 1 1 1 0.0 0.0 0.0
Se 2.109516788049e+01 1.148724645721e+01 1.614602824434e+01 1 1 1 0.0 0.0 0.0
Se 2.409470816527e+01 1.321903184818e+01 1.614602824434e+01 1 1 1 0.0 0.0 0.0
Se 1.509608731093e+01 1.495081723915e+01 1.614602824434e+01 1 1 1 0.0 0.0 0.0
Se 9.097006741372e+00 1.096534111369e+00 1.614602824434e+01 1 1 1 0.0 0.0 0.0
Se 1.209654702615e+01 2.828319502342e+00 1.614602824434e+01 1 1 1 0.0 0.0 0.0
Se 1.509608731093e+01 4.560104893315e+00 1.614602824434e+01 1 1 1 0.0 0.0 0.0
Se 1.809562759571e+01 6.291890284289e+00 1.614602824434e+01 1 1 1 0.0 0.0 0.0
Se 2.109516788049e+01 8.023675675262e+00 1.614602824434e+01 1 1 1 0.0 0.0 0.0
Se 2.109516788049e+01 1.495081723915e+01 1.614602824434e+01 1 1 1 0.0 0.0 0.0
Se 1.509608731093e+01 1.096534111369e+00 1.614602824434e+01 1 1 1 0.0 0.0 0.0
Se 1.809562759571e+01 2.828319502342e+00 1.614602824434e+01 1 1 1 0.0 0.0 0.0
Se 5.103067844658e+00 8.016470958767e+00 1.336443756309e+01 1 1 1 0.0 0.0 0.0
Se 8.102608129438e+00 9.748256349741e+00 1.336443756309e+01 1 1 1 0.0 0.0 0.0
Se 1.110214841422e+01 1.148004174071e+01 1.336443756309e+01 1 1 1 0.0 0.0 0.0
Se 2.103527559879e+00 2.821114785848e+00 1.336443756309e+01 1 1 1 0.0 0.0 0.0
Se 5.103067844658e+00 4.552900176821e+00 1.336443756309e+01 1 1 1 0.0 0.0 0.0
Se 8.102608129438e+00 6.284685567794e+00 1.336443756309e+01 1 1 1 0.0 0.0 0.0
Se 1.110214841422e+01 8.016470958767e+00 1.336443756309e+01 1 1 1 0.0 0.0 0.0
Se 1.410168869900e+01 9.748256349741e+00 1.336443756309e+01 1 1 1 0.0 0.0 0.0
Se 1.710122898378e+01 1.148004174071e+01 1.336443756309e+01 1 1 1 0.0 0.0 0.0
Se 8.102608129438e+00 1.321182713169e+01 1.336443756309e+01 1 1 1 0.0 0.0 0.0
Se 1.110214841422e+01 1.494361252266e+01 1.336443756309e+01 1 1 1 0.0 0.0 0.0
Se 5.103067844658e+00 1.089329394874e+00 1.336443756309e+01 1 1 1 0.0 0.0 0.0
Se 8.102608129438e+00 2.821114785848e+00 1.336443756309e+01 1 1 1 0.0 0.0 0.0
Se 1.110214841422e+01 4.552900176821e+00 1.336443756309e+01 1 1 1 0.0 0.0 0.0
Se 1.410168869900e+01 6.284685567794e+00 1.336443756309e+01 1 1 1 0.0 0.0 0.0
Se 1.710122898378e+01 8.016470958767e+00 1.336443756309e+01 1 1 1 0.0 0.0 0.0
Se 2.010076926855e+01 9.748256349741e+00 1.336443756309e+01 1 1 1 0.0 0.0 0.0
Se 2.310030955333e+01 1.148004174071e+01 1.336443756309e+01 1 1 1 0.0 0.0 0.0
Se 1.410168869900e+01 1.321182713169e+01 1.336443756309e+01 1 1 1 0.0 0.0 0.0
Se 1.710122898378e+01 1.494361252266e+01 1.336443756309e+01 1 1 1 0.0 0.0 0.0
Se 1.110214841422e+01 1.089329394874e+00 1.336443756309e+01 1 1 1 0.0 0.0 0.0
Se 1.410168869900e+01 2.821114785848e+00 1.336443756309e+01 1 1 1 0.0 0.0 0.0
Se 1.710122898378e+01 4.552900176821e+00 1.336443756309e+01 1 1 1 0.0 0.0 0.0
Se 2.010076926855e+01 6.284685567794e+00 1.336443756309e+01 1 1 1 0.0 0.0 0.0
Se 2.010076926855e+01 1.321182713169e+01 1.336443756309e+01 1 1 1 0.0 0.0 0.0
Se 2.310030955333e+01 1.494361252266e+01 1.336443756309e+01 1 1 1 0.0 0.0 0.0
Se 1.710122898378e+01 1.089329394874e+00 1.336443756309e+01 1 1 1 0.0 0.0 0.0
Se 6.097399092329e+00 9.756516880682e+00 1.951046802998e+01 1 1 1 0.0 0.0 0.0
Se 9.096939377108e+00 1.148830227166e+01 1.951046802998e+01 1 1 1 0.0 0.0 0.0
Se 1.209647966189e+01 1.322008766263e+01 1.951046802998e+01 1 1 1 0.0 0.0 0.0
Se 3.097858807550e+00 4.561160707763e+00 1.951046802998e+01 1 1 1 0.0 0.0 0.0
Se 6.097399092329e+00 6.292946098736e+00 1.951046802998e+01 1 1 1 0.0 0.0 0.0
Se 9.096939377108e+00 8.024731489709e+00 1.951046802998e+01 1 1 1 0.0 0.0 0.0
Se 1.209647966189e+01 9.756516880682e+00 1.951046802998e+01 1 1 1 0.0 0.0 0.0
Se 1.509601994667e+01 1.148830227166e+01 1.951046802998e+01 1 1 1 0.0 0.0 0.0
Se 1.809556023145e+01 1.322008766263e+01 1.951046802998e+01 1 1 1 0.0 0.0 0.0
Se 9.096939377108e+00 1.495187305360e+01 1.951046802998e+01 1 1 1 0.0 0.0 0.0
Se 3.097858807550e+00 1.097589925816e+00 1.951046802998e+01 1 1 1 0.0 0.0 0.0
Se 6.097399092329e+00 2.829375316789e+00 1.951046802998e+01 1 1 1 0.0 0.0 0.0
Se 9.096939377108e+00 4.561160707763e+00 1.951046802998e+01 1 1 1 0.0 0.0 0.0
Se 1.209647966189e+01 6.292946098736e+00 1.951046802998e+01 1 1 1 0.0 0.0 0.0
Se 1.509601994667e+01 8.024731489709e+00 1.951046802998e+01 1 1 1 0.0 0.0 0.0
Se 1.809556023145e+01 9.756516880682e+00 1.951046802998e+01 1 1 1 0.0 0.0 0.0
Se 2.109510051623e+01 1.148830227166e+01 1.951046802998e+01 1 1 1 0.0 0.0 0.0
Se 2.409464080100e+01 1.322008766263e+01 1.951046802998e+01 1 1 1 0.0 0.0 0.0
Se 1.509601994667e+01 1.495187305360e+01 1.951046802998e+01 1 1 1 0.0 0.0 0.0
Se 9.096939377108e+00 1.097589925816e+00 1.951046802998e+01 1 1 1 0.0 0.0 0.0
Se 1.209647966189e+01 2.829375316789e+00 1.951046802998e+01 1 1 1 0.0 0.0 0.0
Se 1.509601994667e+01 4.561160707763e+00 1.951046802998e+01 1 1 1 0.0 0.0 0.0
Se 1.809556023145e+01 6.292946098736e+00 1.951046802998e+01 1 1 1 0.0 0.0 0.0
Se 2.109510051623e+01 8.024731489709e+00 1.951046802998e+01 1 1 1 0.0 0.0 0.0
Se 2.109510051623e+01 1.495187305360e+01 1.951046802998e+01 1 1 1 0.0 0.0 0.0
Se 1.509601994667e+01 1.097589925816e+00 1.951046802998e+01 1 1 1 0.0 0.0 0.0
Se 1.809556023145e+01 2.829375316789e+00 1.951046802998e+01 1 1 1 0.0 0.0 0.0
Se 2.121600960291e+01 1.098354183511e+01 3.998930533072e+01 1 1 1 0.0 0.0 0.0
Se 2.168962122682e+01 1.508513881373e+01 3.998930533072e+01 1 1 1 0.0 0.0 0.0
Se 1.695350498770e+01 5.241306065038e+00 3.998930533072e+01 1 1 1 0.0 0.0 0.0
Se 1.742711661161e+01 9.342903043659e+00 3.998930533072e+01 1 1 1 0.0 0.0 0.0
Se 1.790072823552e+01 1.344450002228e+01 3.998930533072e+01 1 1 1 0.0 0.0 0.0
Se 1.316461199640e+01 3.600667273589e+00 3.998930533072e+01 1 1 1 0.0 0.0 0.0
Se 1.363822362031e+01 7.702264252210e+00 3.998930533072e+01 1 1 1 0.0 0.0 0.0
Se 1.411183524422e+01 1.180386123083e+01 3.998930533072e+01 1 1 1 0.0 0.0 0.0
Se 5.586826013799e+00 3.193896906926e-01 3.998930533072e+01 1 1 1 0.0 0.0 0.0
Se 9.375719005099e+00 1.960028482141e+00 3.998930533072e+01 1 1 1 0.0 0.0 0.0
Se 9.849330629011e+00 6.061625460762e+00 3.998930533072e+01 1 1 1 0.0 0.0 0.0
Se 1.032294225292e+01 1.016322243938e+01 3.998930533072e+01 1 1 1 0.0 0.0 0.0
Se 1.079655387684e+01 1.426481941800e+01 3.998930533072e+01 1 1 1 0.0 0.0 0.0
Se 6.060437637711e+00 4.420986669314e+00 3.998930533072e+01 1 1 1 0.0 0.0 0.0
Se 6.534049261624e+00 8.522583647934e+00 3.998930533072e+01 1 1 1 0.0 0.0 0.0
Se 2.500490259421e+01 1.262418062656e+01 3.998930533072e+01 1 1 1 0.0 0.0 0.0
Se 2.271544646411e+00 2.780347877865e+00 3.998930533072e+01 1 1 1 0.0 0.0 0.0
Se 2.074239797900e+01 6.881944856486e+00 3.998930533072e+01 1 1 1 0.0 0.0 0.0
Se 1.647989336379e+01 1.139709086417e+00 3.998930533072e+01 1 1 1 0.0 0.0 0.0
Se 1.982167198865e+01 9.095303239381e+00 3.635172086532e+01 1 1 1 0.0 0.0 0.0
Se 2.029528361256e+01 1.319690021800e+01 3.635172086532e+01 1 1 1 0.0 0.0 0.0
Se 1.555916737344e+01 3.353067469312e+00 3.635172086532e+01 1 1 1 0.0 0.0 0.0
Se 1.603277899735e+01 7.454664447933e+00 3.635172086532e+01 1 1 1 0.0 0.0 0.0
Se 1.650639062126e+01 1.155626142655e+01 3.635172086532e+01 1 1 1 0.0 0.0 0.0
Se 1.177027438214e+01 1.712428677864e+00 3.635172086532e+01 1 1 1 0.0 0.0 0.0
Se 1.224388600605e+01 5.814025656485e+00 3.635172086532e+01 1 1 1 0.0 0.0 0.0
Se 1.271749762996e+01 9.915622635106e+00 3.635172086532e+01 1 1 1 0.0 0.0 0.0
Se 1.319110925388e+01 1.401721961373e+01 3.635172086532e+01 1 1 1 0.0 0.0 0.0
Se 7.981381390838e+00 7.178988641535e-02 3.635172086532e+01 1 1 1 0.0 0.0 0.0
Se 8.454993014750e+00 4.173386865036e+00 3.635172086532e+01 1 1 1 0.0 0.0 0.0
Se 8.928604638663e+00 8.274983843657e+00 3.635172086532e+01 1 1 1 0.0 0.0 0.0
Se 9.402216262575e+00 1.237658082228e+01 3.635172086532e+01 1 1 1 0.0 0.0 0.0
Se 4.666100023450e+00 2.532748073588e+00 3.635172086532e+01 1 1 1 0.0 0.0 0.0
Se 5.139711647362e+00 6.634345052209e+00 3.635172086532e+01 1 1 1 0.0 0.0 0.0
Se 2.361056497995e+01 1.073594203083e+01 3.635172086532e+01 1 1 1 0.0 0.0 0.0
Se 8.772070321498e-01 8.921092821395e-01 3.635172086532e+01 1 1 1 0.0 0.0 0.0
Se 1.934806036474e+01 4.993706260760e+00 3.635172086532e+01 1 1 1 0.0 0.0 0.0
Se 2.408417660386e+01 1.483753900945e+01 3.635172086532e+01 1 1 1 0.0 0.0 0.0
Se 1.887583651597e+01 1.127001593203e+01 3.271820175121e+01 1 1 1 0.0 0.0 0.0
Se 1.934944813988e+01 1.537161291066e+01 3.271820175121e+01 1 1 1 0.0 0.0 0.0
Se 1.461333190076e+01 5.527780161965e+00 3.271820175121e+01 1 1 1 0.0 0.0 0.0
Se 1.508694352467e+01 9.629377140586e+00 3.271820175121e+01 1 1 1 0.0 0.0 0.0
Se 1.556055514858e+01 1.373097411921e+01 3.271820175121e+01 1 1 1 0.0 0.0 0.0
Se 1.082443890946e+01 3.887141370517e+00 3.271820175121e+01 1 1 1 0.0 0.0 0.0
Se 1.129805053337e+01 7.988738349137e+00 3.271820175121e+01 1 1 1 0.0 0.0 0.0
Se 1.177166215728e+01 1.209033532776e+01 3.271820175121e+01 1 1 1 0.0 0.0 0.0
Se 3.246652926858e+00 6.058637876198e-01 3.271820175121e+01 1 1 1 0.0 0.0 0.0
Se 7.035545918158e+00 2.246502579068e+00 3.271820175121e+01 1 1 1 0.0 0.0 0.0
Se 7.509157542070e+00 6.348099557689e+00 3.271820175121e+01 1 1 1 0.0 0.0 0.0
Se 7.982769165983e+00 1.044969653631e+01 3.271820175121e+01 1 1 1 0.0 0.0 0.0
Se 8.456380789895e+00 1.455129351493e+01 3.271820175121e+01 1 1 1 0.0 0.0 0.0
Se 3.720264550770e+00 4.707460766241e+00 3.271820175121e+01 1 1 1 0.0 0.0 0.0
Se 2.219111788336e+01 8.809057744862e+00 3.271820175121e+01 1 1 1 0.0 0.0 0.0
Se 2.266472950727e+01 1.291065472348e+01 3.271820175121e+01 1 1 1 0.0 0.0 0.0
Se 1.792861326815e+01 3.066821974792e+00 3.271820175121e+01 1 1 1 0.0 0.0 0.0
Se 1.840222489206e+01 7.168418953413e+00 3.271820175121e+01 1 1 1 0.0 0.0 0.0
Se 1.413972027685e+01 1.426183183344e+00 3.271820175121e+01 1 1 1 0.0 0.0 0.0
Se 1.989040807523e+01 9.051734565561e+00 2.995146533993e+01 1 1 1 0.0 0.0 0.0
Se 2.036401969914e+01 1.315333154418e+01 2.995146533993e+01 1 1 1 0.0 0.0 0.0
Se 1.562790346002e+01 3.309498795492e+00 2.995146533993e+01 1 1 1 0.0 0.0 0.0
Se 1.610151508393e+01 7.411095774113e+00 2.995146533993e+01 1 1 1 0.0 0.0 0.0
Se 1.657512670784e+01 1.151269275273e+01 2.995146533993e+01 1 1 1 0.0 0.0 0.0
Se 1.183901046872e+01 1.668860004044e+00 2.995146533993e+01 1 1 1 0.0 0.0 0.0
Se 1.231262209263e+01 5.770456982664e+00 2.995146533993e+01 1 1 1 0.0 0.0 0.0
Se 1.278623371654e+01 9.872053961285e+00 2.995146533993e+01 1 1 1 0.0 0.0 0.0
Se 1.325984534046e+01 1.397365093991e+01 2.995146533993e+01 1 1 1 0.0 0.0 0.0
Se 8.050117477418e+00 2.822121259516e-02 2.995146533993e+01 1 1 1 0.0 0.0 0.0
Se 8.523729101330e+00 4.129818191216e+00 2.995146533993e+01 1 1 1 0.0 0.0 0.0
Se 8.997340725243e+00 8.231415169837e+00 2.995146533993e+01 1 1 1 0.0 0.0 0.0
Se 9.470952349156e+00 1.233301214846e+01 2.995146533993e+01 1 1 1 0.0 0.0 0.0
Se 4.734836110030e+00 2.489179399768e+00 2.995146533993e+01 1 1 1 0.0 0.0 0.0
Se 5.208447733943e+00 6.590776378389e+00 2.995146533993e+01 1 1 1 0.0 0.0 0.0
Se 2.367930106653e+01 1.069237335701e+01 2.995146533993e+01 1 1 1 0.0 0.0 0.0
Se 9.459431187303e-01 8.485406083193e-01 2.995146533993e+01 1 1 1 0.0 0.0 0.0
Se 1.941679645132e+01 4.950137586940e+00 2.995146533993e+01 1 1 1 0.0 0.0 0.0
Se 2.415291269044e+01 1.479397033563e+01 2.995146533993e+01 1 1 1 0.0 0.0 0.0
Se 1.893959613531e+01 1.122003501450e+01 2.633360299309e+01 1 1 1 0.0 0.0 0.0
Se 1.941320775923e+01 1.532163199312e+01 2.633360299309e+01 1 1 1 0.0 0.0 0.0
Se 1.467709152010e+01 5.477799244434e+00 2.633360299309e+01 1 1 1 0.0 0.0 0.0
Se 1.515070314401e+01 9.579396223055e+00 2.633360299309e+01 1 1 1 0.0 0.0 0.0
Se 1.562431476793e+01 1.368099320168e+01 2.633360299309e+01 1 1 1 0.0 0.0 0.0
Se 1.088819852880e+01 3.837160452985e+00 2.633360299309e+01 1 1 1 0.0 0.0 0.0
Se 1.136181015271e+01 7.938757431606e+00 2.633360299309e+01 1 1 1 0.0 0.0 0.0
Se 1.183542177663e+01 1.204035441023e+01 2.633360299309e+01 1 1 1 0.0 0.0 0.0
Se 3.310412546200e+00 5.558828700887e-01 2.633360299309e+01 1 1 1 0.0 0.0 0.0
Se 7.099305537500e+00 2.196521661537e+00 2.633360299309e+01 1 1 1 0.0 0.0 0.0
Se 7.572917161412e+00 6.298118640158e+00 2.633360299309e+01 1 1 1 0.0 0.0 0.0
Se 8.046528785325e+00 1.039971561878e+01 2.633360299309e+01 1 1 1 0.0 0.0 0.0
Se 8.520140409237e+00 1.450131259740e+01 2.633360299309e+01 1 1 1 0.0 0.0 0.0
Se 3.784024170112e+00 4.657479848710e+00 2.633360299309e+01 1 1 1 0.0 0.0 0.0
Se 2.225487750270e+01 8.759076827331e+00 2.633360299309e+01 1 1 1 0.0 0.0 0.0
Se 2.272848912661e+01 1.286067380595e+01 2.633360299309e+01 1 1 1 0.0 0.0 0.0
Se 1.799237288749e+01 3.016841057261e+00 2.633360299309e+01 1 1 1 0.0 0.0 0.0
Se 1.846598451140e+01 7.118438035882e+00 2.633360299309e+01 1 1 1 0.0 0.0 0.0
Se 1.420347989619e+01 1.376202265813e+00 2.633360299309e+01 1 1 1 0.0 0.0 0.0
Se 2.129556588259e+01 1.093995061145e+01 2.271046802998e+01 1 1 1 0.0 0.0 0.0
Se 2.176917750650e+01 1.504154759007e+01 2.271046802998e+01 1 1 1 0.0 0.0 0.0
Se 1.703306126737e+01 5.197714841384e+00 2.271046802998e+01 1 1 1 0.0 0.0 0.0
Se 1.750667289129e+01 9.299311820005e+00 2.271046802998e+01 1 1 1 0.0 0.0 0.0
Se 1.798028451520e+01 1.340090879863e+01 2.271046802998e+01 1 1 1 0.0 0.0 0.0
Se 1.324416827607e+01 3.557076049936e+00 2.271046802998e+01 1 1 1 0.0 0.0 0.0
Se 1.371777989999e+01 7.658673028556e+00 2.271046802998e+01 1 1 1 0.0 0.0 0.0
Se 1.419139152390e+01 1.176027000718e+01 2.271046802998e+01 1 1 1 0.0 0.0 0.0
Se 5.666382293473e+00 2.757984670388e-01 2.271046802998e+01 1 1 1 0.0 0.0 0.0
Se 9.455275284773e+00 1.916437258487e+00 2.271046802998e+01 1 1 1 0.0 0.0 0.0
Se 9.928886908686e+00 6.018034237108e+00 2.271046802998e+01 1 1 1 0.0 0.0 0.0
Se 1.040249853260e+01 1.011963121573e+01 2.271046802998e+01 1 1 1 0.0 0.0 0.0
Se 1.087611015651e+01 1.422122819435e+01 2.271046802998e+01 1 1 1 0.0 0.0 0.0
Se 6.139993917386e+00 4.377395445660e+00 2.271046802998e+01 1 1 1 0.0 0.0 0.0
Se 6.613605541298e+00 8.478992424281e+00 2.271046802998e+01 1 1 1 0.0 0.0 0.0
Se 2.508445887389e+01 1.258058940290e+01 2.271046802998e+01 1 1 1 0.0 0.0 0.0
Se 2.351100926086e+00 2.736756654211e+00 2.271046802998e+01 1 1 1 0.0 0.0 0.0
Se 2.082195425867e+01 6.838353632832e+00 2.271046802998e+01 1 1 1 0.0 0.0 0.0
Se 1.655944964346e+01 1.096117862763e+00 2.271046802998e+01 1 1 1 0.0 0.0 0.0
"