calculation_mode = "Quench Electrons"
cell_relax = "False"
charge_density_mixing = "0.15"
charge_mixing_type = "Broyden"
description = "Example parameters for high-throughput bulk relaxation of a vdW material"
dipole_moment = "True"
dos_broading = "0.05"
dos_method = "Gaussian"
energy_convergence_criterion = "1e-08"
energy_output_units = "Hartrees"
kohn_sham_mucycles = "3"
kohn_sham_solver = "davidson"
kpoint_distribution = "1"
kpoint_mesh = "1 1 1"
localize_projectors = "False"
max_md_steps = "100"
max_scf_steps = "200"
non_local_block_size = "4000"
output_wave_function_file = "/dev/null"
potential_acceleration_constant_step = "1.5"
processor_grid = "8 8 15"
rms_convergence_criterion = "1e-08"
scalapack_block_factor = "64"
start_mode = "LCAO Start"
state_block_size = "64"
stress = "True"
subdiag_driver = "scalapack"
test_energy_tolerance = "1e-05"
use_async_allreduce = "False"
vdw_corr = "DFT-D3"
vdwdf_kernel_filepath = "/lustre/orion/world-shared/cph162/rjmorelock/rmgdft/XC/vdW_kernel_table"
wavefunction_grid = "234 234 426"
write_data_period = "50"

atomic_coordinate_type = "Absolute"
crds_units = "Angstrom"
lattice_units = "Angstrom"

lattice_vector = "
2.749124081020e+01 0.000000000000e+00 1.700000000000e-15
1.374562040454e+01 2.380811292461e+01 1.700000000000e-15
0.000000000000e+00 0.000000000000e+00 4.998930533072e+01
"
atoms = "
Nb 7.251612150797e-01 1.004705540452e-01 1.782833092694e+01 1 1 1 0.0 0.0 0.0
Nb 3.343374625521e+00 2.367909880198e+00 1.782833092694e+01 1 1 1 0.0 0.0 0.0
Nb 6.616141388668e+00 1.234190217122e+00 1.782833092694e+01 1 1 1 0.0 0.0 0.0
Nb 9.888908151814e+00 1.004705540452e-01 1.782833092694e+01 1 1 1 0.0 0.0 0.0
Nb 5.961588035963e+00 4.635349206351e+00 1.782833092694e+01 1 1 1 0.0 0.0 0.0
Nb 9.234354799109e+00 3.501629543275e+00 1.782833092694e+01 1 1 1 0.0 0.0 0.0
Nb 1.250712156226e+01 2.367909880198e+00 1.782833092694e+01 1 1 1 0.0 0.0 0.0
Nb 1.577988832540e+01 1.234190217122e+00 1.782833092694e+01 1 1 1 0.0 0.0 0.0
Nb 1.905265508855e+01 1.004705540452e-01 1.782833092694e+01 1 1 1 0.0 0.0 0.0
Nb 5.307034683258e+00 8.036508195581e+00 1.782833092694e+01 1 1 1 0.0 0.0 0.0
Nb 8.579801446405e+00 6.902788532504e+00 1.782833092694e+01 1 1 1 0.0 0.0 0.0
Nb 1.185256820955e+01 5.769068869428e+00 1.782833092694e+01 1 1 1 0.0 0.0 0.0
Nb 1.512533497270e+01 4.635349206351e+00 1.782833092694e+01 1 1 1 0.0 0.0 0.0
Nb 1.839810173584e+01 3.501629543275e+00 1.782833092694e+01 1 1 1 0.0 0.0 0.0
Nb 2.167086849899e+01 2.367909880198e+00 1.782833092694e+01 1 1 1 0.0 0.0 0.0
Nb 2.494363526214e+01 1.234190217122e+00 1.782833092694e+01 1 1 1 0.0 0.0 0.0
Nb 7.925248093700e+00 1.030394752173e+01 1.782833092694e+01 1 1 1 0.0 0.0 0.0
Nb 1.119801485685e+01 9.170227858657e+00 1.782833092694e+01 1 1 1 0.0 0.0 0.0
Nb 1.447078161999e+01 8.036508195581e+00 1.782833092694e+01 1 1 1 0.0 0.0 0.0
Nb 1.774354838314e+01 6.902788532504e+00 1.782833092694e+01 1 1 1 0.0 0.0 0.0
Nb 2.101631514629e+01 5.769068869428e+00 1.782833092694e+01 1 1 1 0.0 0.0 0.0
Nb 2.428908190943e+01 4.635349206351e+00 1.782833092694e+01 1 1 1 0.0 0.0 0.0
Nb 2.756184867258e+01 3.501629543275e+00 1.782833092694e+01 1 1 1 0.0 0.0 0.0
Nb 1.054346150414e+01 1.257138684789e+01 1.782833092694e+01 1 1 1 0.0 0.0 0.0
Nb 1.381622826729e+01 1.143766718481e+01 1.782833092694e+01 1 1 1 0.0 0.0 0.0
Nb 1.708899503043e+01 1.030394752173e+01 1.782833092694e+01 1 1 1 0.0 0.0 0.0
Nb 2.036176179358e+01 9.170227858657e+00 1.782833092694e+01 1 1 1 0.0 0.0 0.0
Nb 2.363452855673e+01 8.036508195581e+00 1.782833092694e+01 1 1 1 0.0 0.0 0.0
Nb 2.690729531987e+01 6.902788532504e+00 1.782833092694e+01 1 1 1 0.0 0.0 0.0
Nb 3.018006208302e+01 5.769068869428e+00 1.782833092694e+01 1 1 1 0.0 0.0 0.0
Nb 9.888908151437e+00 1.597254583712e+01 1.782833092694e+01 1 1 1 0.0 0.0 0.0
Nb 1.316167491458e+01 1.483882617404e+01 1.782833092694e+01 1 1 1 0.0 0.0 0.0
Nb 1.643444167773e+01 1.370510651096e+01 1.782833092694e+01 1 1 1 0.0 0.0 0.0
Nb 1.970720844088e+01 1.257138684789e+01 1.782833092694e+01 1 1 1 0.0 0.0 0.0
Nb 2.297997520402e+01 1.143766718481e+01 1.782833092694e+01 1 1 1 0.0 0.0 0.0
Nb 2.625274196717e+01 1.030394752173e+01 1.782833092694e+01 1 1 1 0.0 0.0 0.0
Nb 2.952550873032e+01 9.170227858657e+00 1.782833092694e+01 1 1 1 0.0 0.0 0.0
Nb 1.250712156188e+01 1.823998516327e+01 1.782833092694e+01 1 1 1 0.0 0.0 0.0
Nb 1.577988832503e+01 1.710626550019e+01 1.782833092694e+01 1 1 1 0.0 0.0 0.0
Nb 1.905265508817e+01 1.597254583712e+01 1.782833092694e+01 1 1 1 0.0 0.0 0.0
Nb 2.232542185132e+01 1.483882617404e+01 1.782833092694e+01 1 1 1 0.0 0.0 0.0
Nb 2.559818861446e+01 1.370510651096e+01 1.782833092694e+01 1 1 1 0.0 0.0 0.0
Nb 2.887095537761e+01 1.257138684789e+01 1.782833092694e+01 1 1 1 0.0 0.0 0.0
Nb 3.214372214076e+01 1.143766718481e+01 1.782833092694e+01 1 1 1 0.0 0.0 0.0
Nb 1.512533497232e+01 2.050742448942e+01 1.782833092694e+01 1 1 1 0.0 0.0 0.0
Nb 1.839810173547e+01 1.937370482635e+01 1.782833092694e+01 1 1 1 0.0 0.0 0.0
Nb 2.167086849861e+01 1.823998516327e+01 1.782833092694e+01 1 1 1 0.0 0.0 0.0
Nb 2.494363526176e+01 1.710626550019e+01 1.782833092694e+01 1 1 1 0.0 0.0 0.0
Nb 2.821640202491e+01 1.597254583712e+01 1.782833092694e+01 1 1 1 0.0 0.0 0.0
Nb 3.148916878805e+01 1.483882617404e+01 1.782833092694e+01 1 1 1 0.0 0.0 0.0
Nb 3.476193555120e+01 1.370510651096e+01 1.782833092694e+01 1 1 1 0.0 0.0 0.0
Nb 1.774354838276e+01 2.277486381558e+01 1.782833092694e+01 1 1 1 0.0 0.0 0.0
Nb 2.101631514591e+01 2.164114415250e+01 1.782833092694e+01 1 1 1 0.0 0.0 0.0
Nb 2.428908190906e+01 2.050742448942e+01 1.782833092694e+01 1 1 1 0.0 0.0 0.0
Nb 2.756184867220e+01 1.937370482635e+01 1.782833092694e+01 1 1 1 0.0 0.0 0.0
Nb 3.083461543535e+01 1.823998516327e+01 1.782833092694e+01 1 1 1 0.0 0.0 0.0
Nb 3.410738219849e+01 1.710626550019e+01 1.782833092694e+01 1 1 1 0.0 0.0 0.0
Nb 2.690729531950e+01 2.277486381558e+01 1.782833092694e+01 1 1 1 0.0 0.0 0.0
Nb 3.018006208264e+01 2.164114415250e+01 1.782833092694e+01 1 1 1 0.0 0.0 0.0
Nb 3.345282884579e+01 2.050742448942e+01 1.782833092694e+01 1 1 1 0.0 0.0 0.0
Nb 3.672559560894e+01 1.937370482635e+01 1.782833092694e+01 1 1 1 0.0 0.0 0.0
Nb 3.607104225623e+01 2.277486381558e+01 1.782833092694e+01 1 1 1 0.0 0.0 0.0
Nb 3.934380901938e+01 2.164114415250e+01 1.782833092694e+01 1 1 1 0.0 0.0 0.0
Nb 7.292833636428e-01 1.093675478610e-01 1.168208868332e+01 1 1 1 0.0 0.0 0.0
Nb 3.347496774085e+00 2.376806874014e+00 1.168208868332e+01 1 1 1 0.0 0.0 0.0
Nb 6.620263537231e+00 1.243087210938e+00 1.168208868332e+01 1 1 1 0.0 0.0 0.0
Nb 9.893030300377e+00 1.093675478610e-01 1.168208868332e+01 1 1 1 0.0 0.0 0.0
Nb 5.965710184526e+00 4.644246200167e+00 1.168208868332e+01 1 1 1 0.0 0.0 0.0
Nb 9.238476947673e+00 3.510526537091e+00 1.168208868332e+01 1 1 1 0.0 0.0 0.0
Nb 1.251124371082e+01 2.376806874014e+00 1.168208868332e+01 1 1 1 0.0 0.0 0.0
Nb 1.578401047397e+01 1.243087210938e+00 1.168208868332e+01 1 1 1 0.0 0.0 0.0
Nb 1.905677723711e+01 1.093675478610e-01 1.168208868332e+01 1 1 1 0.0 0.0 0.0
Nb 5.311156831822e+00 8.045405189397e+00 1.168208868332e+01 1 1 1 0.0 0.0 0.0
Nb 8.583923594968e+00 6.911685526320e+00 1.168208868332e+01 1 1 1 0.0 0.0 0.0
Nb 1.185669035811e+01 5.777965863244e+00 1.168208868332e+01 1 1 1 0.0 0.0 0.0
Nb 1.512945712126e+01 4.644246200167e+00 1.168208868332e+01 1 1 1 0.0 0.0 0.0
Nb 1.840222388441e+01 3.510526537091e+00 1.168208868332e+01 1 1 1 0.0 0.0 0.0
Nb 2.167499064755e+01 2.376806874014e+00 1.168208868332e+01 1 1 1 0.0 0.0 0.0
Nb 2.494775741070e+01 1.243087210938e+00 1.168208868332e+01 1 1 1 0.0 0.0 0.0
Nb 7.929370242263e+00 1.031284451555e+01 1.168208868332e+01 1 1 1 0.0 0.0 0.0
Nb 1.120213700541e+01 9.179124852473e+00 1.168208868332e+01 1 1 1 0.0 0.0 0.0
Nb 1.447490376856e+01 8.045405189397e+00 1.168208868332e+01 1 1 1 0.0 0.0 0.0
Nb 1.774767053170e+01 6.911685526320e+00 1.168208868332e+01 1 1 1 0.0 0.0 0.0
Nb 2.102043729485e+01 5.777965863244e+00 1.168208868332e+01 1 1 1 0.0 0.0 0.0
Nb 2.429320405800e+01 4.644246200167e+00 1.168208868332e+01 1 1 1 0.0 0.0 0.0
Nb 2.756597082114e+01 3.510526537091e+00 1.168208868332e+01 1 1 1 0.0 0.0 0.0
Nb 1.054758365270e+01 1.258028384170e+01 1.168208868332e+01 1 1 1 0.0 0.0 0.0
Nb 1.382035041585e+01 1.144656417863e+01 1.168208868332e+01 1 1 1 0.0 0.0 0.0
Nb 1.709311717900e+01 1.031284451555e+01 1.168208868332e+01 1 1 1 0.0 0.0 0.0
Nb 2.036588394214e+01 9.179124852473e+00 1.168208868332e+01 1 1 1 0.0 0.0 0.0
Nb 2.363865070529e+01 8.045405189397e+00 1.168208868332e+01 1 1 1 0.0 0.0 0.0
Nb 2.691141746844e+01 6.911685526320e+00 1.168208868332e+01 1 1 1 0.0 0.0 0.0
Nb 3.018418423158e+01 5.777965863244e+00 1.168208868332e+01 1 1 1 0.0 0.0 0.0
Nb 9.893030300000e+00 1.598144283093e+01 1.168208868332e+01 1 1 1 0.0 0.0 0.0
Nb 1.316579706315e+01 1.484772316786e+01 1.168208868332e+01 1 1 1 0.0 0.0 0.0
Nb 1.643856382629e+01 1.371400350478e+01 1.168208868332e+01 1 1 1 0.0 0.0 0.0
Nb 1.971133058944e+01 1.258028384170e+01 1.168208868332e+01 1 1 1 0.0 0.0 0.0
Nb 2.298409735259e+01 1.144656417863e+01 1.168208868332e+01 1 1 1 0.0 0.0 0.0
Nb 2.625686411573e+01 1.031284451555e+01 1.168208868332e+01 1 1 1 0.0 0.0 0.0
Nb 2.952963087888e+01 9.179124852473e+00 1.168208868332e+01 1 1 1 0.0 0.0 0.0
Nb 1.251124371044e+01 1.824888215709e+01 1.168208868332e+01 1 1 1 0.0 0.0 0.0
Nb 1.578401047359e+01 1.711516249401e+01 1.168208868332e+01 1 1 1 0.0 0.0 0.0
Nb 1.905677723673e+01 1.598144283093e+01 1.168208868332e+01 1 1 1 0.0 0.0 0.0
Nb 2.232954399988e+01 1.484772316786e+01 1.168208868332e+01 1 1 1 0.0 0.0 0.0
Nb 2.560231076303e+01 1.371400350478e+01 1.168208868332e+01 1 1 1 0.0 0.0 0.0
Nb 2.887507752617e+01 1.258028384170e+01 1.168208868332e+01 1 1 1 0.0 0.0 0.0
Nb 3.214784428932e+01 1.144656417863e+01 1.168208868332e+01 1 1 1 0.0 0.0 0.0
Nb 1.512945712088e+01 2.051632148324e+01 1.168208868332e+01 1 1 1 0.0 0.0 0.0
Nb 1.840222388403e+01 1.938260182016e+01 1.168208868332e+01 1 1 1 0.0 0.0 0.0
Nb 2.167499064718e+01 1.824888215709e+01 1.168208868332e+01 1 1 1 0.0 0.0 0.0
Nb 2.494775741032e+01 1.711516249401e+01 1.168208868332e+01 1 1 1 0.0 0.0 0.0
Nb 2.822052417347e+01 1.598144283093e+01 1.168208868332e+01 1 1 1 0.0 0.0 0.0
Nb 3.149329093662e+01 1.484772316786e+01 1.168208868332e+01 1 1 1 0.0 0.0 0.0
Nb 3.476605769976e+01 1.371400350478e+01 1.168208868332e+01 1 1 1 0.0 0.0 0.0
Nb 1.774767053133e+01 2.278376080939e+01 1.168208868332e+01 1 1 1 0.0 0.0 0.0
Nb 2.102043729447e+01 2.165004114631e+01 1.168208868332e+01 1 1 1 0.0 0.0 0.0
Nb 2.429320405762e+01 2.051632148324e+01 1.168208868332e+01 1 1 1 0.0 0.0 0.0
Nb 2.756597082076e+01 1.938260182016e+01 1.168208868332e+01 1 1 1 0.0 0.0 0.0
Nb 3.083873758391e+01 1.824888215709e+01 1.168208868332e+01 1 1 1 0.0 0.0 0.0
Nb 3.411150434706e+01 1.711516249401e+01 1.168208868332e+01 1 1 1 0.0 0.0 0.0
Nb 2.691141746806e+01 2.278376080939e+01 1.168208868332e+01 1 1 1 0.0 0.0 0.0
Nb 3.018418423121e+01 2.165004114631e+01 1.168208868332e+01 1 1 1 0.0 0.0 0.0
Nb 3.345695099435e+01 2.051632148324e+01 1.168208868332e+01 1 1 1 0.0 0.0 0.0
Nb 3.672971775750e+01 1.938260182016e+01 1.168208868332e+01 1 1 1 0.0 0.0 0.0
Nb 3.607516440479e+01 2.278376080939e+01 1.168208868332e+01 1 1 1 0.0 0.0 0.0
Nb 3.934793116794e+01 2.165004114631e+01 1.168208868332e+01 1 1 1 0.0 0.0 0.0
Bi 3.482945478745e+01 1.812911393642e+01 3.834784015603e+01 1 1 1 0.0 0.0 0.0
Bi 3.067380210685e+01 1.757543689166e+01 3.834784015603e+01 1 1 1 0.0 0.0 0.0
Bi 3.323112683346e+01 1.425337462311e+01 3.834784015603e+01 1 1 1 0.0 0.0 0.0
Bi 2.651814942625e+01 1.702175984690e+01 3.834784015603e+01 1 1 1 0.0 0.0 0.0
Bi 2.907547415286e+01 1.369969757835e+01 3.834784015603e+01 1 1 1 0.0 0.0 0.0
Bi 3.163279887947e+01 1.037763530980e+01 3.834784015603e+01 1 1 1 0.0 0.0 0.0
Bi 2.236249674566e+01 1.646808280215e+01 3.834784015603e+01 1 1 1 0.0 0.0 0.0
Bi 2.491982147226e+01 1.314602053360e+01 3.834784015603e+01 1 1 1 0.0 0.0 0.0
Bi 2.747714619887e+01 9.823958265046e+00 3.834784015603e+01 1 1 1 0.0 0.0 0.0
Bi 3.003447092548e+01 6.501895996497e+00 3.834784015603e+01 1 1 1 0.0 0.0 0.0
Bi 1.820684406506e+01 1.591440575739e+01 3.834784015603e+01 1 1 1 0.0 0.0 0.0
Bi 2.076416879167e+01 1.259234348884e+01 3.834784015603e+01 1 1 1 0.0 0.0 0.0
Bi 2.332149351828e+01 9.270281220288e+00 3.834784015603e+01 1 1 1 0.0 0.0 0.0
Bi 2.587881824488e+01 5.948218951738e+00 3.834784015603e+01 1 1 1 0.0 0.0 0.0
Bi 2.843614297149e+01 2.626156683189e+00 3.834784015603e+01 1 1 1 0.0 0.0 0.0
Bi 1.405119138446e+01 1.536072871263e+01 3.834784015603e+01 1 1 1 0.0 0.0 0.0
Bi 1.660851611107e+01 1.203866644408e+01 3.834784015603e+01 1 1 1 0.0 0.0 0.0
Bi 1.916584083768e+01 8.716604175530e+00 3.834784015603e+01 1 1 1 0.0 0.0 0.0
Bi 2.172316556429e+01 5.394541906980e+00 3.834784015603e+01 1 1 1 0.0 0.0 0.0
Bi 2.428049029090e+01 2.072479638430e+00 3.834784015603e+01 1 1 1 0.0 0.0 0.0
Bi 1.309219461184e+01 2.255853029449e+01 3.834784015603e+01 1 1 1 0.0 0.0 0.0
Bi 9.895538703858e+00 1.480705166787e+01 3.834784015603e+01 1 1 1 0.0 0.0 0.0
Bi 1.245286343047e+01 1.148498939932e+01 3.834784015603e+01 1 1 1 0.0 0.0 0.0
Bi 1.501018815708e+01 8.162927130772e+00 3.834784015603e+01 1 1 1 0.0 0.0 0.0
Bi 1.756751288369e+01 4.840864862222e+00 3.834784015603e+01 1 1 1 0.0 0.0 0.0
Bi 2.012483761030e+01 1.518802593672e+00 3.834784015603e+01 1 1 1 0.0 0.0 0.0
Bi 3.642778274144e+01 2.200485324973e+01 3.834784015603e+01 1 1 1 0.0 0.0 0.0
Bi 8.297210749869e+00 1.093131235456e+01 3.834784015603e+01 1 1 1 0.0 0.0 0.0
Bi 1.085453547648e+01 7.609250086013e+00 3.834784015603e+01 1 1 1 0.0 0.0 0.0
Bi 1.341186020309e+01 4.287187817463e+00 3.834784015603e+01 1 1 1 0.0 0.0 0.0
Bi 1.596918492970e+01 9.651255489137e-01 3.834784015603e+01 1 1 1 0.0 0.0 0.0
Bi 3.227213006084e+01 2.145117620497e+01 3.834784015603e+01 1 1 1 0.0 0.0 0.0
Bi 6.698882795879e+00 7.055573041255e+00 3.834784015603e+01 1 1 1 0.0 0.0 0.0
Bi 9.256207522489e+00 3.733510772705e+00 3.834784015603e+01 1 1 1 0.0 0.0 0.0
Bi 1.181353224910e+01 4.114485041554e-01 3.834784015603e+01 1 1 1 0.0 0.0 0.0
Bi 2.811647738024e+01 2.089749916021e+01 3.834784015603e+01 1 1 1 0.0 0.0 0.0
Bi 5.100554841890e+00 3.179833727947e+00 3.834784015603e+01 1 1 1 0.0 0.0 0.0
Bi 2.140349997304e+01 2.366588438400e+01 3.834784015603e+01 1 1 1 0.0 0.0 0.0
Bi 2.396082469964e+01 2.034382211545e+01 3.834784015603e+01 1 1 1 0.0 0.0 0.0
Bi 1.724784729244e+01 2.311220733925e+01 3.834784015603e+01 1 1 1 0.0 0.0 0.0
Bi 1.980517201905e+01 1.979014507070e+01 3.834784015603e+01 1 1 1 0.0 0.0 0.0
Bi 1.564951933845e+01 1.923646802594e+01 3.834784015603e+01 1 1 1 0.0 0.0 0.0
Bi 1.149386665785e+01 1.868279098118e+01 3.834784015603e+01 1 1 1 0.0 0.0 0.0
Bi 3.678078156108e+01 1.961908772545e+01 3.436119714775e+01 1 1 1 0.0 0.0 0.0
Bi 3.262512888048e+01 1.906541068069e+01 3.436119714775e+01 1 1 1 0.0 0.0 0.0
Bi 3.518245360709e+01 1.574334841214e+01 3.436119714775e+01 1 1 1 0.0 0.0 0.0
Bi 2.846947619988e+01 1.851173363593e+01 3.436119714775e+01 1 1 1 0.0 0.0 0.0
Bi 3.102680092649e+01 1.518967136738e+01 3.436119714775e+01 1 1 1 0.0 0.0 0.0
Bi 3.358412565310e+01 1.186760909883e+01 3.436119714775e+01 1 1 1 0.0 0.0 0.0
Bi 2.431382351928e+01 1.795805659118e+01 3.436119714775e+01 1 1 1 0.0 0.0 0.0
Bi 2.687114824589e+01 1.463599432263e+01 3.436119714775e+01 1 1 1 0.0 0.0 0.0
Bi 2.942847297250e+01 1.131393205408e+01 3.436119714775e+01 1 1 1 0.0 0.0 0.0
Bi 3.198579769911e+01 7.991869785527e+00 3.436119714775e+01 1 1 1 0.0 0.0 0.0
Bi 2.015817083868e+01 1.740437954642e+01 3.436119714775e+01 1 1 1 0.0 0.0 0.0
Bi 2.271549556529e+01 1.408231727787e+01 3.436119714775e+01 1 1 1 0.0 0.0 0.0
Bi 2.527282029190e+01 1.076025500932e+01 3.436119714775e+01 1 1 1 0.0 0.0 0.0
Bi 2.783014501851e+01 7.438192740768e+00 3.436119714775e+01 1 1 1 0.0 0.0 0.0
Bi 2.896228934917e+00 4.116130472219e+00 3.436119714775e+01 1 1 1 0.0 0.0 0.0
Bi 1.600251815808e+01 1.685070250166e+01 3.436119714775e+01 1 1 1 0.0 0.0 0.0
Bi 1.855984288469e+01 1.352864023311e+01 3.436119714775e+01 1 1 1 0.0 0.0 0.0
Bi 2.111716761130e+01 1.020657796456e+01 3.436119714775e+01 1 1 1 0.0 0.0 0.0
Bi 2.367449233791e+01 6.884515696010e+00 3.436119714775e+01 1 1 1 0.0 0.0 0.0
Bi 2.623181706452e+01 3.562453427460e+00 3.436119714775e+01 1 1 1 0.0 0.0 0.0
Bi 1.297900980927e+00 2.403911589107e-01 3.436119714775e+01 1 1 1 0.0 0.0 0.0
Bi 1.184686547748e+01 1.629702545690e+01 3.436119714775e+01 1 1 1 0.0 0.0 0.0
Bi 1.440419020409e+01 1.297496318835e+01 3.436119714775e+01 1 1 1 0.0 0.0 0.0
Bi 1.696151493070e+01 9.652900919802e+00 3.436119714775e+01 1 1 1 0.0 0.0 0.0
Bi 1.951883965731e+01 6.330838651252e+00 3.436119714775e+01 1 1 1 0.0 0.0 0.0
Bi 2.207616438392e+01 3.008776382702e+00 3.436119714775e+01 1 1 1 0.0 0.0 0.0
Bi 3.837910951507e+01 2.349482703876e+01 3.436119714775e+01 1 1 1 0.0 0.0 0.0
Bi 1.024853752349e+01 1.242128614359e+01 3.436119714775e+01 1 1 1 0.0 0.0 0.0
Bi 1.280586225010e+01 9.099223875043e+00 3.436119714775e+01 1 1 1 0.0 0.0 0.0
Bi 1.536318697671e+01 5.777161606494e+00 3.436119714775e+01 1 1 1 0.0 0.0 0.0
Bi 1.792051170332e+01 2.455099337944e+00 3.436119714775e+01 1 1 1 0.0 0.0 0.0
Bi 3.422345683447e+01 2.294114999400e+01 3.436119714775e+01 1 1 1 0.0 0.0 0.0
Bi 8.650209569505e+00 8.545546830285e+00 3.436119714775e+01 1 1 1 0.0 0.0 0.0
Bi 1.120753429611e+01 5.223484561735e+00 3.436119714775e+01 1 1 1 0.0 0.0 0.0
Bi 1.376485902272e+01 1.901422293186e+00 3.436119714775e+01 1 1 1 0.0 0.0 0.0
Bi 3.006780415387e+01 2.238747294924e+01 3.436119714775e+01 1 1 1 0.0 0.0 0.0
Bi 7.051881615516e+00 4.669807516977e+00 3.436119714775e+01 1 1 1 0.0 0.0 0.0
Bi 9.609206342125e+00 1.347745248427e+00 3.436119714775e+01 1 1 1 0.0 0.0 0.0
Bi 2.591215147327e+01 2.183379590448e+01 3.436119714775e+01 1 1 1 0.0 0.0 0.0
Bi 5.453553661526e+00 7.940682036690e-01 3.436119714775e+01 1 1 1 0.0 0.0 0.0
Bi 2.175649879267e+01 2.128011885973e+01 3.436119714775e+01 1 1 1 0.0 0.0 0.0
Bi 1.760084611207e+01 2.072644181497e+01 3.436119714775e+01 1 1 1 0.0 0.0 0.0
Bi 1.344519343147e+01 2.017276477021e+01 3.436119714775e+01 1 1 1 0.0 0.0 0.0
Bi 3.678979092638e+01 1.968676972892e+01 2.831971850542e+01 1 1 1 0.0 0.0 0.0
Bi 3.263413824578e+01 1.913309268416e+01 2.831971850542e+01 1 1 1 0.0 0.0 0.0
Bi 3.519146297239e+01 1.581103041561e+01 2.831971850542e+01 1 1 1 0.0 0.0 0.0
Bi 2.847848556518e+01 1.857941563941e+01 2.831971850542e+01 1 1 1 0.0 0.0 0.0
Bi 3.103581029179e+01 1.525735337086e+01 2.831971850542e+01 1 1 1 0.0 0.0 0.0
Bi 3.359313501840e+01 1.193529110231e+01 2.831971850542e+01 1 1 1 0.0 0.0 0.0
Bi 2.432283288458e+01 1.802573859465e+01 2.831971850542e+01 1 1 1 0.0 0.0 0.0
Bi 2.688015761119e+01 1.470367632610e+01 2.831971850542e+01 1 1 1 0.0 0.0 0.0
Bi 2.943748233780e+01 1.138161405755e+01 2.831971850542e+01 1 1 1 0.0 0.0 0.0
Bi 3.199480706441e+01 8.059551788998e+00 2.831971850542e+01 1 1 1 0.0 0.0 0.0
Bi 2.016718020398e+01 1.747206154989e+01 2.831971850542e+01 1 1 1 0.0 0.0 0.0
Bi 2.272450493059e+01 1.414999928134e+01 2.831971850542e+01 1 1 1 0.0 0.0 0.0
Bi 2.528182965720e+01 1.082793701279e+01 2.831971850542e+01 1 1 1 0.0 0.0 0.0
Bi 2.783915438381e+01 7.505874744239e+00 2.831971850542e+01 1 1 1 0.0 0.0 0.0
Bi 2.905238300217e+00 4.183812475690e+00 2.831971850542e+01 1 1 1 0.0 0.0 0.0
Bi 1.601152752338e+01 1.691838450513e+01 2.831971850542e+01 1 1 1 0.0 0.0 0.0
Bi 1.856885224999e+01 1.359632223658e+01 2.831971850542e+01 1 1 1 0.0 0.0 0.0
Bi 2.112617697660e+01 1.027425996803e+01 2.831971850542e+01 1 1 1 0.0 0.0 0.0
Bi 2.368350170321e+01 6.952197699481e+00 2.831971850542e+01 1 1 1 0.0 0.0 0.0
Bi 2.624082642982e+01 3.630135430931e+00 2.831971850542e+01 1 1 1 0.0 0.0 0.0
Bi 1.306910346227e+00 3.080731623816e-01 2.831971850542e+01 1 1 1 0.0 0.0 0.0
Bi 1.185587484278e+01 1.636470746037e+01 2.831971850542e+01 1 1 1 0.0 0.0 0.0
Bi 1.441319956939e+01 1.304264519182e+01 2.831971850542e+01 1 1 1 0.0 0.0 0.0
Bi 1.697052429600e+01 9.720582923273e+00 2.831971850542e+01 1 1 1 0.0 0.0 0.0
Bi 1.952784902261e+01 6.398520654723e+00 2.831971850542e+01 1 1 1 0.0 0.0 0.0
Bi 2.208517374922e+01 3.076458386173e+00 2.831971850542e+01 1 1 1 0.0 0.0 0.0
Bi 3.838811888037e+01 2.356250904223e+01 2.831971850542e+01 1 1 1 0.0 0.0 0.0
Bi 1.025754688879e+01 1.248896814706e+01 2.831971850542e+01 1 1 1 0.0 0.0 0.0
Bi 1.281487161540e+01 9.166905878514e+00 2.831971850542e+01 1 1 1 0.0 0.0 0.0
Bi 1.537219634201e+01 5.844843609965e+00 2.831971850542e+01 1 1 1 0.0 0.0 0.0
Bi 1.792952106862e+01 2.522781341415e+00 2.831971850542e+01 1 1 1 0.0 0.0 0.0
Bi 3.423246619977e+01 2.300883199747e+01 2.831971850542e+01 1 1 1 0.0 0.0 0.0
Bi 8.659218934805e+00 8.613228833756e+00 2.831971850542e+01 1 1 1 0.0 0.0 0.0
Bi 1.121654366141e+01 5.291166565206e+00 2.831971850542e+01 1 1 1 0.0 0.0 0.0
Bi 1.377386838802e+01 1.969104296656e+00 2.831971850542e+01 1 1 1 0.0 0.0 0.0
Bi 3.007681351917e+01 2.245515495271e+01 2.831971850542e+01 1 1 1 0.0 0.0 0.0
Bi 7.060890980816e+00 4.737489520448e+00 2.831971850542e+01 1 1 1 0.0 0.0 0.0
Bi 9.618215707425e+00 1.415427251898e+00 2.831971850542e+01 1 1 1 0.0 0.0 0.0
Bi 2.592116083857e+01 2.190147790796e+01 2.831971850542e+01 1 1 1 0.0 0.0 0.0
Bi 5.462563026826e+00 8.617502071399e-01 2.831971850542e+01 1 1 1 0.0 0.0 0.0
Bi 2.176550815797e+01 2.134780086320e+01 2.831971850542e+01 1 1 1 0.0 0.0 0.0
Bi 1.760985547737e+01 2.079412381844e+01 2.831971850542e+01 1 1 1 0.0 0.0 0.0
Bi 1.345420279677e+01 2.024044677368e+01 2.831971850542e+01 1 1 1 0.0 0.0 0.0
Bi 3.457272244273e+01 2.060286661161e+01 2.434799808390e+01 1 1 1 0.0 0.0 0.0
Bi 3.041706976213e+01 2.004918956685e+01 2.434799808390e+01 1 1 1 0.0 0.0 0.0
Bi 3.297439448874e+01 1.672712729830e+01 2.434799808390e+01 1 1 1 0.0 0.0 0.0
Bi 2.626141708153e+01 1.949551252209e+01 2.434799808390e+01 1 1 1 0.0 0.0 0.0
Bi 2.881874180814e+01 1.617345025354e+01 2.434799808390e+01 1 1 1 0.0 0.0 0.0
Bi 3.137606653475e+01 1.285138798499e+01 2.434799808390e+01 1 1 1 0.0 0.0 0.0
Bi 2.210576440093e+01 1.894183547733e+01 2.434799808390e+01 1 1 1 0.0 0.0 0.0
Bi 2.466308912754e+01 1.561977320878e+01 2.434799808390e+01 1 1 1 0.0 0.0 0.0
Bi 2.722041385415e+01 1.229771094023e+01 2.434799808390e+01 1 1 1 0.0 0.0 0.0
Bi 2.977773858076e+01 8.975648671682e+00 2.434799808390e+01 1 1 1 0.0 0.0 0.0
Bi 1.795011172033e+01 1.838815843257e+01 2.434799808390e+01 1 1 1 0.0 0.0 0.0
Bi 2.050743644694e+01 1.506609616402e+01 2.434799808390e+01 1 1 1 0.0 0.0 0.0
Bi 2.306476117355e+01 1.174403389547e+01 2.434799808390e+01 1 1 1 0.0 0.0 0.0
Bi 2.562208590016e+01 8.421971626923e+00 2.434799808390e+01 1 1 1 0.0 0.0 0.0
Bi 2.817941062677e+01 5.099909358374e+00 2.434799808390e+01 1 1 1 0.0 0.0 0.0
Bi 1.379445903973e+01 1.783448138781e+01 2.434799808390e+01 1 1 1 0.0 0.0 0.0
Bi 1.635178376634e+01 1.451241911926e+01 2.434799808390e+01 1 1 1 0.0 0.0 0.0
Bi 1.890910849295e+01 1.119035685071e+01 2.434799808390e+01 1 1 1 0.0 0.0 0.0
Bi 2.146643321956e+01 7.868294582165e+00 2.434799808390e+01 1 1 1 0.0 0.0 0.0
Bi 2.402375794617e+01 4.546232313615e+00 2.434799808390e+01 1 1 1 0.0 0.0 0.0
Bi 2.658108267278e+01 1.224170045066e+00 2.434799808390e+01 1 1 1 0.0 0.0 0.0
Bi 3.713004716934e+01 1.728080434306e+01 2.434799808390e+01 1 1 1 0.0 0.0 0.0
Bi 1.219613108574e+01 1.395874207451e+01 2.434799808390e+01 1 1 1 0.0 0.0 0.0
Bi 1.475345581235e+01 1.063667980596e+01 2.434799808390e+01 1 1 1 0.0 0.0 0.0
Bi 1.731078053896e+01 7.314617537407e+00 2.434799808390e+01 1 1 1 0.0 0.0 0.0
Bi 1.986810526557e+01 3.992555268857e+00 2.434799808390e+01 1 1 1 0.0 0.0 0.0
Bi 2.242542999218e+01 6.704930003073e-01 2.434799808390e+01 1 1 1 0.0 0.0 0.0
Bi 8.040478405144e+00 1.340506502975e+01 2.434799808390e+01 1 1 1 0.0 0.0 0.0
Bi 1.059780313175e+01 1.008300276120e+01 2.434799808390e+01 1 1 1 0.0 0.0 0.0
Bi 1.315512785836e+01 6.760940492649e+00 2.434799808390e+01 1 1 1 0.0 0.0 0.0
Bi 1.571245258497e+01 3.438878224099e+00 2.434799808390e+01 1 1 1 0.0 0.0 0.0
Bi 1.826977731158e+01 1.168159555490e-01 2.434799808390e+01 1 1 1 0.0 0.0 0.0
Bi 6.442150451154e+00 9.529325716440e+00 2.434799808390e+01 1 1 1 0.0 0.0 0.0
Bi 8.999475177764e+00 6.207263447890e+00 2.434799808390e+01 1 1 1 0.0 0.0 0.0
Bi 1.155679990437e+01 2.885201179340e+00 2.434799808390e+01 1 1 1 0.0 0.0 0.0
Bi 2.785974503552e+01 2.337125183540e+01 2.434799808390e+01 1 1 1 0.0 0.0 0.0
Bi 4.843822497165e+00 5.653586403132e+00 2.434799808390e+01 1 1 1 0.0 0.0 0.0
Bi 7.401147223774e+00 2.331524134582e+00 2.434799808390e+01 1 1 1 0.0 0.0 0.0
Bi 2.370409235492e+01 2.281757479064e+01 2.434799808390e+01 1 1 1 0.0 0.0 0.0
Bi 3.245494543175e+00 1.777847089824e+00 2.434799808390e+01 1 1 1 0.0 0.0 0.0
Bi 1.954843967432e+01 2.226389774588e+01 2.434799808390e+01 1 1 1 0.0 0.0 0.0
Bi 1.539278699372e+01 2.171022070112e+01 2.434799808390e+01 1 1 1 0.0 0.0 0.0
Bi 3.872837512333e+01 2.115654365636e+01 2.434799808390e+01 1 1 1 0.0 0.0 0.0
Se 4.000218443432e+01 2.354005101257e+01 1.000000000000e+01 1 1 1 0.0 0.0 0.0
Se 1.383536630019e+00 1.999377414114e+00 1.000000000000e+01 1 1 1 0.0 0.0 0.0
Se 4.656303393166e+00 8.656577510373e-01 1.000000000000e+01 1 1 1 0.0 0.0 0.0
Se 2.167469056085e+01 2.354005101257e+01 1.000000000000e+01 1 1 1 0.0 0.0 0.0
Se 4.001750040461e+00 4.266816740267e+00 1.000000000000e+01 1 1 1 0.0 0.0 0.0
Se 7.274516803607e+00 3.133097077190e+00 1.000000000000e+01 1 1 1 0.0 0.0 0.0
Se 1.054728356675e+01 1.999377414114e+00 1.000000000000e+01 1 1 1 0.0 0.0 0.0
Se 1.382005032990e+01 8.656577510373e-01 1.000000000000e+01 1 1 1 0.0 0.0 0.0
Se 3.083843749758e+01 2.354005101257e+01 1.000000000000e+01 1 1 1 0.0 0.0 0.0
Se 3.083843749796e+01 7.667975729496e+00 1.000000000000e+01 1 1 1 0.0 0.0 0.0
Se 6.619963450903e+00 6.534256066420e+00 1.000000000000e+01 1 1 1 0.0 0.0 0.0
Se 9.892730214049e+00 5.400536403343e+00 1.000000000000e+01 1 1 1 0.0 0.0 0.0
Se 1.316549697720e+01 4.266816740267e+00 1.000000000000e+01 1 1 1 0.0 0.0 0.0
Se 1.643826374034e+01 3.133097077190e+00 1.000000000000e+01 1 1 1 0.0 0.0 0.0
Se 1.971103050349e+01 1.999377414114e+00 1.000000000000e+01 1 1 1 0.0 0.0 0.0
Se 2.298379726663e+01 8.656577510373e-01 1.000000000000e+01 1 1 1 0.0 0.0 0.0
Se 5.965410098198e+00 9.935415055649e+00 1.000000000000e+01 1 1 1 0.0 0.0 0.0
Se 9.238176861344e+00 8.801695392573e+00 1.000000000000e+01 1 1 1 0.0 0.0 0.0
Se 1.251094362449e+01 7.667975729496e+00 1.000000000000e+01 1 1 1 0.0 0.0 0.0
Se 1.578371038764e+01 6.534256066420e+00 1.000000000000e+01 1 1 1 0.0 0.0 0.0
Se 1.905647715078e+01 5.400536403343e+00 1.000000000000e+01 1 1 1 0.0 0.0 0.0
Se 2.232924391393e+01 4.266816740267e+00 1.000000000000e+01 1 1 1 0.0 0.0 0.0
Se 2.560201067708e+01 3.133097077190e+00 1.000000000000e+01 1 1 1 0.0 0.0 0.0
Se 8.583623508640e+00 1.220285438180e+01 1.000000000000e+01 1 1 1 0.0 0.0 0.0
Se 1.185639027179e+01 1.106913471873e+01 1.000000000000e+01 1 1 1 0.0 0.0 0.0
Se 1.512915703493e+01 9.935415055649e+00 1.000000000000e+01 1 1 1 0.0 0.0 0.0
Se 1.840192379808e+01 8.801695392573e+00 1.000000000000e+01 1 1 1 0.0 0.0 0.0
Se 2.167469056123e+01 7.667975729496e+00 1.000000000000e+01 1 1 1 0.0 0.0 0.0
Se 2.494745732437e+01 6.534256066420e+00 1.000000000000e+01 1 1 1 0.0 0.0 0.0
Se 2.822022408752e+01 5.400536403343e+00 1.000000000000e+01 1 1 1 0.0 0.0 0.0
Se 3.542031096614e+01 1.560401337103e+01 1.000000000000e+01 1 1 1 0.0 0.0 0.0
Se 1.120183691908e+01 1.447029370796e+01 1.000000000000e+01 1 1 1 0.0 0.0 0.0
Se 1.447460368223e+01 1.333657404488e+01 1.000000000000e+01 1 1 1 0.0 0.0 0.0
Se 1.774737044537e+01 1.220285438180e+01 1.000000000000e+01 1 1 1 0.0 0.0 0.0
Se 2.102013720852e+01 1.106913471873e+01 1.000000000000e+01 1 1 1 0.0 0.0 0.0
Se 2.429290397167e+01 9.935415055649e+00 1.000000000000e+01 1 1 1 0.0 0.0 0.0
Se 2.756567073481e+01 8.801695392573e+00 1.000000000000e+01 1 1 1 0.0 0.0 0.0
Se 1.054728356638e+01 1.787145269718e+01 1.000000000000e+01 1 1 1 0.0 0.0 0.0
Se 1.382005032952e+01 1.673773303411e+01 1.000000000000e+01 1 1 1 0.0 0.0 0.0
Se 1.709281709267e+01 1.560401337103e+01 1.000000000000e+01 1 1 1 0.0 0.0 0.0
Se 2.036558385582e+01 1.447029370796e+01 1.000000000000e+01 1 1 1 0.0 0.0 0.0
Se 2.363835061896e+01 1.333657404488e+01 1.000000000000e+01 1 1 1 0.0 0.0 0.0
Se 2.691111738211e+01 1.220285438180e+01 1.000000000000e+01 1 1 1 0.0 0.0 0.0
Se 3.018388414526e+01 1.106913471873e+01 1.000000000000e+01 1 1 1 0.0 0.0 0.0
Se 1.316549697682e+01 2.013889202334e+01 1.000000000000e+01 1 1 1 0.0 0.0 0.0
Se 1.643826373996e+01 1.900517236026e+01 1.000000000000e+01 1 1 1 0.0 0.0 0.0
Se 1.971103050311e+01 1.787145269718e+01 1.000000000000e+01 1 1 1 0.0 0.0 0.0
Se 2.298379726626e+01 1.673773303411e+01 1.000000000000e+01 1 1 1 0.0 0.0 0.0
Se 2.625656402940e+01 1.560401337103e+01 1.000000000000e+01 1 1 1 0.0 0.0 0.0
Se 2.952933079255e+01 1.447029370796e+01 1.000000000000e+01 1 1 1 0.0 0.0 0.0
Se 3.280209755570e+01 1.333657404488e+01 1.000000000000e+01 1 1 1 0.0 0.0 0.0
Se 1.578371038726e+01 2.240633134949e+01 1.000000000000e+01 1 1 1 0.0 0.0 0.0
Se 1.905647715041e+01 2.127261168641e+01 1.000000000000e+01 1 1 1 0.0 0.0 0.0
Se 2.232924391355e+01 2.013889202334e+01 1.000000000000e+01 1 1 1 0.0 0.0 0.0
Se 2.560201067670e+01 1.900517236026e+01 1.000000000000e+01 1 1 1 0.0 0.0 0.0
Se 2.887477743985e+01 1.787145269718e+01 1.000000000000e+01 1 1 1 0.0 0.0 0.0
Se 3.214754420299e+01 1.673773303411e+01 1.000000000000e+01 1 1 1 0.0 0.0 0.0
Se 2.494745732399e+01 2.240633134949e+01 1.000000000000e+01 1 1 1 0.0 0.0 0.0
Se 2.822022408714e+01 2.127261168641e+01 1.000000000000e+01 1 1 1 0.0 0.0 0.0
Se 3.149299085029e+01 2.013889202334e+01 1.000000000000e+01 1 1 1 0.0 0.0 0.0
Se 3.476575761343e+01 1.900517236026e+01 1.000000000000e+01 1 1 1 0.0 0.0 0.0
Se 3.411120426073e+01 2.240633134949e+01 1.000000000000e+01 1 1 1 0.0 0.0 0.0
Se 3.738397102388e+01 2.127261168641e+01 1.000000000000e+01 1 1 1 0.0 0.0 0.0
Se 1.381601474508e+01 2.201924514081e+01 1.614602824434e+01 1 1 1 0.0 0.0 0.0
Se 2.688607750988e+00 4.785715423575e-01 1.614602824434e+01 1 1 1 0.0 0.0 0.0
Se 1.970699491867e+01 2.315296480389e+01 1.614602824434e+01 1 1 1 0.0 0.0 0.0
Se 2.297976168182e+01 2.201924514081e+01 1.614602824434e+01 1 1 1 0.0 0.0 0.0
Se 5.306821161430e+00 2.746010868511e+00 1.614602824434e+01 1 1 1 0.0 0.0 0.0
Se 8.579587924576e+00 1.612291205434e+00 1.614602824434e+01 1 1 1 0.0 0.0 0.0
Se 1.185235468772e+01 4.785715423575e-01 1.614602824434e+01 1 1 1 0.0 0.0 0.0
Se 2.887074185541e+01 2.315296480389e+01 1.614602824434e+01 1 1 1 0.0 0.0 0.0
Se 3.214350861855e+01 2.201924514081e+01 1.614602824434e+01 1 1 1 0.0 0.0 0.0
Se 4.652267808725e+00 6.147169857740e+00 1.614602824434e+01 1 1 1 0.0 0.0 0.0
Se 7.925034571872e+00 5.013450194664e+00 1.614602824434e+01 1 1 1 0.0 0.0 0.0
Se 1.119780133502e+01 3.879730531587e+00 1.614602824434e+01 1 1 1 0.0 0.0 0.0
Se 1.447056809816e+01 2.746010868511e+00 1.614602824434e+01 1 1 1 0.0 0.0 0.0
Se 1.774333486131e+01 1.612291205434e+00 1.614602824434e+01 1 1 1 0.0 0.0 0.0
Se 2.101610162446e+01 4.785715423575e-01 1.614602824434e+01 1 1 1 0.0 0.0 0.0
Se 3.803448879214e+01 2.315296480389e+01 1.614602824434e+01 1 1 1 0.0 0.0 0.0
Se 7.270481219167e+00 8.414609183893e+00 1.614602824434e+01 1 1 1 0.0 0.0 0.0
Se 1.054324798231e+01 7.280889520817e+00 1.614602824434e+01 1 1 1 0.0 0.0 0.0
Se 1.381601474546e+01 6.147169857740e+00 1.614602824434e+01 1 1 1 0.0 0.0 0.0
Se 1.708878150861e+01 5.013450194664e+00 1.614602824434e+01 1 1 1 0.0 0.0 0.0
Se 2.036154827175e+01 3.879730531587e+00 1.614602824434e+01 1 1 1 0.0 0.0 0.0
Se 2.363431503490e+01 2.746010868511e+00 1.614602824434e+01 1 1 1 0.0 0.0 0.0
Se 2.690708179805e+01 1.612291205434e+00 1.614602824434e+01 1 1 1 0.0 0.0 0.0
Se 9.888694629609e+00 1.068204851005e+01 1.614602824434e+01 1 1 1 0.0 0.0 0.0
Se 1.316146139276e+01 9.548328846970e+00 1.614602824434e+01 1 1 1 0.0 0.0 0.0
Se 1.643422815590e+01 8.414609183893e+00 1.614602824434e+01 1 1 1 0.0 0.0 0.0
Se 1.970699491905e+01 7.280889520817e+00 1.614602824434e+01 1 1 1 0.0 0.0 0.0
Se 2.297976168219e+01 6.147169857740e+00 1.614602824434e+01 1 1 1 0.0 0.0 0.0
Se 2.625252844534e+01 5.013450194664e+00 1.614602824434e+01 1 1 1 0.0 0.0 0.0
Se 2.952529520849e+01 3.879730531587e+00 1.614602824434e+01 1 1 1 0.0 0.0 0.0
Se 9.234141276904e+00 1.408320749928e+01 1.614602824434e+01 1 1 1 0.0 0.0 0.0
Se 1.250690804005e+01 1.294948783620e+01 1.614602824434e+01 1 1 1 0.0 0.0 0.0
Se 1.577967480320e+01 1.181576817312e+01 1.614602824434e+01 1 1 1 0.0 0.0 0.0
Se 1.905244156634e+01 1.068204851005e+01 1.614602824434e+01 1 1 1 0.0 0.0 0.0
Se 2.232520832949e+01 9.548328846970e+00 1.614602824434e+01 1 1 1 0.0 0.0 0.0
Se 2.559797509264e+01 8.414609183893e+00 1.614602824434e+01 1 1 1 0.0 0.0 0.0
Se 2.887074185578e+01 7.280889520817e+00 1.614602824434e+01 1 1 1 0.0 0.0 0.0
Se 1.185235468735e+01 1.635064682543e+01 1.614602824434e+01 1 1 1 0.0 0.0 0.0
Se 1.512512145049e+01 1.521692716235e+01 1.614602824434e+01 1 1 1 0.0 0.0 0.0
Se 1.839788821364e+01 1.408320749928e+01 1.614602824434e+01 1 1 1 0.0 0.0 0.0
Se 2.167065497678e+01 1.294948783620e+01 1.614602824434e+01 1 1 1 0.0 0.0 0.0
Se 2.494342173993e+01 1.181576817312e+01 1.614602824434e+01 1 1 1 0.0 0.0 0.0
Se 2.821618850308e+01 1.068204851005e+01 1.614602824434e+01 1 1 1 0.0 0.0 0.0
Se 3.148895526622e+01 9.548328846970e+00 1.614602824434e+01 1 1 1 0.0 0.0 0.0
Se 1.447056809779e+01 1.861808615158e+01 1.614602824434e+01 1 1 1 0.0 0.0 0.0
Se 1.774333486093e+01 1.748436648851e+01 1.614602824434e+01 1 1 1 0.0 0.0 0.0
Se 2.101610162408e+01 1.635064682543e+01 1.614602824434e+01 1 1 1 0.0 0.0 0.0
Se 2.428886838723e+01 1.521692716235e+01 1.614602824434e+01 1 1 1 0.0 0.0 0.0
Se 2.756163515037e+01 1.408320749928e+01 1.614602824434e+01 1 1 1 0.0 0.0 0.0
Se 3.083440191352e+01 1.294948783620e+01 1.614602824434e+01 1 1 1 0.0 0.0 0.0
Se 3.410716867667e+01 1.181576817312e+01 1.614602824434e+01 1 1 1 0.0 0.0 0.0
Se 1.708878150823e+01 2.088552547773e+01 1.614602824434e+01 1 1 1 0.0 0.0 0.0
Se 2.036154827138e+01 1.975180581466e+01 1.614602824434e+01 1 1 1 0.0 0.0 0.0
Se 2.363431503452e+01 1.861808615158e+01 1.614602824434e+01 1 1 1 0.0 0.0 0.0
Se 2.690708179767e+01 1.748436648851e+01 1.614602824434e+01 1 1 1 0.0 0.0 0.0
Se 3.017984856081e+01 1.635064682543e+01 1.614602824434e+01 1 1 1 0.0 0.0 0.0
Se 3.345261532396e+01 1.521692716235e+01 1.614602824434e+01 1 1 1 0.0 0.0 0.0
Se 2.625252844496e+01 2.088552547773e+01 1.614602824434e+01 1 1 1 0.0 0.0 0.0
Se 2.952529520811e+01 1.975180581466e+01 1.614602824434e+01 1 1 1 0.0 0.0 0.0
Se 3.279806197126e+01 1.861808615158e+01 1.614602824434e+01 1 1 1 0.0 0.0 0.0
Se 3.607082873440e+01 1.748436648851e+01 1.614602824434e+01 1 1 1 0.0 0.0 0.0
Se 3.541627538170e+01 2.088552547773e+01 1.614602824434e+01 1 1 1 0.0 0.0 0.0
Se 3.868904214484e+01 1.975180581466e+01 1.614602824434e+01 1 1 1 0.0 0.0 0.0
Se 4.000213726332e+01 2.353897585290e+01 1.336443756309e+01 1 1 1 0.0 0.0 0.0
Se 1.383489459027e+00 1.998302254449e+00 1.336443756309e+01 1 1 1 0.0 0.0 0.0
Se 4.656256222173e+00 8.645825913730e-01 1.336443756309e+01 1 1 1 0.0 0.0 0.0
Se 2.167464338986e+01 2.353897585290e+01 1.336443756309e+01 1 1 1 0.0 0.0 0.0
Se 4.001702869469e+00 4.265741580602e+00 1.336443756309e+01 1 1 1 0.0 0.0 0.0
Se 7.274469632615e+00 3.132021917526e+00 1.336443756309e+01 1 1 1 0.0 0.0 0.0
Se 1.054723639576e+01 1.998302254449e+00 1.336443756309e+01 1 1 1 0.0 0.0 0.0
Se 1.382000315891e+01 8.645825913730e-01 1.336443756309e+01 1 1 1 0.0 0.0 0.0
Se 3.083839032659e+01 2.353897585290e+01 1.336443756309e+01 1 1 1 0.0 0.0 0.0
Se 3.083839032697e+01 7.666900569832e+00 1.336443756309e+01 1 1 1 0.0 0.0 0.0
Se 6.619916279910e+00 6.533180906756e+00 1.336443756309e+01 1 1 1 0.0 0.0 0.0
Se 9.892683043057e+00 5.399461243679e+00 1.336443756309e+01 1 1 1 0.0 0.0 0.0
Se 1.316544980620e+01 4.265741580602e+00 1.336443756309e+01 1 1 1 0.0 0.0 0.0
Se 1.643821656935e+01 3.132021917526e+00 1.336443756309e+01 1 1 1 0.0 0.0 0.0
Se 1.971098333250e+01 1.998302254449e+00 1.336443756309e+01 1 1 1 0.0 0.0 0.0
Se 2.298375009564e+01 8.645825913730e-01 1.336443756309e+01 1 1 1 0.0 0.0 0.0
Se 5.965362927206e+00 9.934339895985e+00 1.336443756309e+01 1 1 1 0.0 0.0 0.0
Se 9.238129690352e+00 8.800620232909e+00 1.336443756309e+01 1 1 1 0.0 0.0 0.0
Se 1.251089645350e+01 7.666900569832e+00 1.336443756309e+01 1 1 1 0.0 0.0 0.0
Se 1.578366321664e+01 6.533180906756e+00 1.336443756309e+01 1 1 1 0.0 0.0 0.0
Se 1.905642997979e+01 5.399461243679e+00 1.336443756309e+01 1 1 1 0.0 0.0 0.0
Se 2.232919674294e+01 4.265741580602e+00 1.336443756309e+01 1 1 1 0.0 0.0 0.0
Se 2.560196350608e+01 3.132021917526e+00 1.336443756309e+01 1 1 1 0.0 0.0 0.0
Se 8.583576337647e+00 1.220177922214e+01 1.336443756309e+01 1 1 1 0.0 0.0 0.0
Se 1.185634310079e+01 1.106805955906e+01 1.336443756309e+01 1 1 1 0.0 0.0 0.0
Se 1.512910986394e+01 9.934339895985e+00 1.336443756309e+01 1 1 1 0.0 0.0 0.0
Se 1.840187662709e+01 8.800620232909e+00 1.336443756309e+01 1 1 1 0.0 0.0 0.0
Se 2.167464339023e+01 7.666900569832e+00 1.336443756309e+01 1 1 1 0.0 0.0 0.0
Se 2.494741015338e+01 6.533180906755e+00 1.336443756309e+01 1 1 1 0.0 0.0 0.0
Se 2.822017691653e+01 5.399461243679e+00 1.336443756309e+01 1 1 1 0.0 0.0 0.0
Se 3.542026379515e+01 1.560293821137e+01 1.336443756309e+01 1 1 1 0.0 0.0 0.0
Se 1.120178974809e+01 1.446921854829e+01 1.336443756309e+01 1 1 1 0.0 0.0 0.0
Se 1.447455651124e+01 1.333549888521e+01 1.336443756309e+01 1 1 1 0.0 0.0 0.0
Se 1.774732327438e+01 1.220177922214e+01 1.336443756309e+01 1 1 1 0.0 0.0 0.0
Se 2.102009003753e+01 1.106805955906e+01 1.336443756309e+01 1 1 1 0.0 0.0 0.0
Se 2.429285680067e+01 9.934339895985e+00 1.336443756309e+01 1 1 1 0.0 0.0 0.0
Se 2.756562356382e+01 8.800620232909e+00 1.336443756309e+01 1 1 1 0.0 0.0 0.0
Se 1.054723639538e+01 1.787037753752e+01 1.336443756309e+01 1 1 1 0.0 0.0 0.0
Se 1.382000315853e+01 1.673665787444e+01 1.336443756309e+01 1 1 1 0.0 0.0 0.0
Se 1.709276992168e+01 1.560293821137e+01 1.336443756309e+01 1 1 1 0.0 0.0 0.0
Se 2.036553668482e+01 1.446921854829e+01 1.336443756309e+01 1 1 1 0.0 0.0 0.0
Se 2.363830344797e+01 1.333549888521e+01 1.336443756309e+01 1 1 1 0.0 0.0 0.0
Se 2.691107021112e+01 1.220177922214e+01 1.336443756309e+01 1 1 1 0.0 0.0 0.0
Se 3.018383697426e+01 1.106805955906e+01 1.336443756309e+01 1 1 1 0.0 0.0 0.0
Se 1.316544980583e+01 2.013781686367e+01 1.336443756309e+01 1 1 1 0.0 0.0 0.0
Se 1.643821656897e+01 1.900409720060e+01 1.336443756309e+01 1 1 1 0.0 0.0 0.0
Se 1.971098333212e+01 1.787037753752e+01 1.336443756309e+01 1 1 1 0.0 0.0 0.0
Se 2.298375009527e+01 1.673665787444e+01 1.336443756309e+01 1 1 1 0.0 0.0 0.0
Se 2.625651685841e+01 1.560293821137e+01 1.336443756309e+01 1 1 1 0.0 0.0 0.0
Se 2.952928362156e+01 1.446921854829e+01 1.336443756309e+01 1 1 1 0.0 0.0 0.0
Se 3.280205038470e+01 1.333549888521e+01 1.336443756309e+01 1 1 1 0.0 0.0 0.0
Se 1.578366321627e+01 2.240525618983e+01 1.336443756309e+01 1 1 1 0.0 0.0 0.0
Se 1.905642997941e+01 2.127153652675e+01 1.336443756309e+01 1 1 1 0.0 0.0 0.0
Se 2.232919674256e+01 2.013781686367e+01 1.336443756309e+01 1 1 1 0.0 0.0 0.0
Se 2.560196350571e+01 1.900409720060e+01 1.336443756309e+01 1 1 1 0.0 0.0 0.0
Se 2.887473026885e+01 1.787037753752e+01 1.336443756309e+01 1 1 1 0.0 0.0 0.0
Se 3.214749703200e+01 1.673665787444e+01 1.336443756309e+01 1 1 1 0.0 0.0 0.0
Se 2.494741015300e+01 2.240525618983e+01 1.336443756309e+01 1 1 1 0.0 0.0 0.0
Se 2.822017691615e+01 2.127153652675e+01 1.336443756309e+01 1 1 1 0.0 0.0 0.0
Se 3.149294367930e+01 2.013781686367e+01 1.336443756309e+01 1 1 1 0.0 0.0 0.0
Se 3.476571044244e+01 1.900409720060e+01 1.336443756309e+01 1 1 1 0.0 0.0 0.0
Se 3.411115708974e+01 2.240525618983e+01 1.336443756309e+01 1 1 1 0.0 0.0 0.0
Se 3.738392385288e+01 2.127153652675e+01 1.336443756309e+01 1 1 1 0.0 0.0 0.0
Se 1.381614812486e+01 2.201819562096e+01 1.951046802998e+01 1 1 1 0.0 0.0 0.0
Se 2.688741130770e+00 4.775220225031e-01 1.951046802998e+01 1 1 1 0.0 0.0 0.0
Se 1.970712829845e+01 2.315191528403e+01 1.951046802998e+01 1 1 1 0.0 0.0 0.0
Se 2.297989506160e+01 2.201819562096e+01 1.951046802998e+01 1 1 1 0.0 0.0 0.0
Se 5.306954541212e+00 2.744961348656e+00 1.951046802998e+01 1 1 1 0.0 0.0 0.0
Se 8.579721304358e+00 1.611241685580e+00 1.951046802998e+01 1 1 1 0.0 0.0 0.0
Se 1.185248806750e+01 4.775220225031e-01 1.951046802998e+01 1 1 1 0.0 0.0 0.0
Se 2.887087523519e+01 2.315191528403e+01 1.951046802998e+01 1 1 1 0.0 0.0 0.0
Se 3.214364199833e+01 2.201819562096e+01 1.951046802998e+01 1 1 1 0.0 0.0 0.0
Se 4.652401188507e+00 6.146120337886e+00 1.951046802998e+01 1 1 1 0.0 0.0 0.0
Se 7.925167951653e+00 5.012400674809e+00 1.951046802998e+01 1 1 1 0.0 0.0 0.0
Se 1.119793471480e+01 3.878681011733e+00 1.951046802998e+01 1 1 1 0.0 0.0 0.0
Se 1.447070147795e+01 2.744961348656e+00 1.951046802998e+01 1 1 1 0.0 0.0 0.0
Se 1.774346824109e+01 1.611241685580e+00 1.951046802998e+01 1 1 1 0.0 0.0 0.0
Se 2.101623500424e+01 4.775220225031e-01 1.951046802998e+01 1 1 1 0.0 0.0 0.0
Se 3.803462217192e+01 2.315191528403e+01 1.951046802998e+01 1 1 1 0.0 0.0 0.0
Se 7.270614598949e+00 8.413559664039e+00 1.951046802998e+01 1 1 1 0.0 0.0 0.0
Se 1.054338136210e+01 7.279840000962e+00 1.951046802998e+01 1 1 1 0.0 0.0 0.0
Se 1.381614812524e+01 6.146120337886e+00 1.951046802998e+01 1 1 1 0.0 0.0 0.0
Se 1.708891488839e+01 5.012400674809e+00 1.951046802998e+01 1 1 1 0.0 0.0 0.0
Se 2.036168165153e+01 3.878681011733e+00 1.951046802998e+01 1 1 1 0.0 0.0 0.0
Se 2.363444841468e+01 2.744961348656e+00 1.951046802998e+01 1 1 1 0.0 0.0 0.0
Se 2.690721517783e+01 1.611241685580e+00 1.951046802998e+01 1 1 1 0.0 0.0 0.0
Se 9.888828009390e+00 1.068099899019e+01 1.951046802998e+01 1 1 1 0.0 0.0 0.0
Se 1.316159477254e+01 9.547279327115e+00 1.951046802998e+01 1 1 1 0.0 0.0 0.0
Se 1.643436153568e+01 8.413559664039e+00 1.951046802998e+01 1 1 1 0.0 0.0 0.0
Se 1.970712829883e+01 7.279840000962e+00 1.951046802998e+01 1 1 1 0.0 0.0 0.0
Se 2.297989506198e+01 6.146120337886e+00 1.951046802998e+01 1 1 1 0.0 0.0 0.0
Se 2.625266182512e+01 5.012400674809e+00 1.951046802998e+01 1 1 1 0.0 0.0 0.0
Se 2.952542858827e+01 3.878681011733e+00 1.951046802998e+01 1 1 1 0.0 0.0 0.0
Se 9.234274656686e+00 1.408215797942e+01 1.951046802998e+01 1 1 1 0.0 0.0 0.0
Se 1.250704141983e+01 1.294843831634e+01 1.951046802998e+01 1 1 1 0.0 0.0 0.0
Se 1.577980818298e+01 1.181471865327e+01 1.951046802998e+01 1 1 1 0.0 0.0 0.0
Se 1.905257494612e+01 1.068099899019e+01 1.951046802998e+01 1 1 1 0.0 0.0 0.0
Se 2.232534170927e+01 9.547279327115e+00 1.951046802998e+01 1 1 1 0.0 0.0 0.0
Se 2.559810847242e+01 8.413559664039e+00 1.951046802998e+01 1 1 1 0.0 0.0 0.0
Se 2.887087523556e+01 7.279840000962e+00 1.951046802998e+01 1 1 1 0.0 0.0 0.0
Se 1.185248806713e+01 1.634959730557e+01 1.951046802998e+01 1 1 1 0.0 0.0 0.0
Se 1.512525483027e+01 1.521587764250e+01 1.951046802998e+01 1 1 1 0.0 0.0 0.0
Se 1.839802159342e+01 1.408215797942e+01 1.951046802998e+01 1 1 1 0.0 0.0 0.0
Se 2.167078835657e+01 1.294843831634e+01 1.951046802998e+01 1 1 1 0.0 0.0 0.0
Se 2.494355511971e+01 1.181471865327e+01 1.951046802998e+01 1 1 1 0.0 0.0 0.0
Se 2.821632188286e+01 1.068099899019e+01 1.951046802998e+01 1 1 1 0.0 0.0 0.0
Se 3.148908864601e+01 9.547279327115e+00 1.951046802998e+01 1 1 1 0.0 0.0 0.0
Se 1.447070147757e+01 1.861703663173e+01 1.951046802998e+01 1 1 1 0.0 0.0 0.0
Se 1.774346824072e+01 1.748331696865e+01 1.951046802998e+01 1 1 1 0.0 0.0 0.0
Se 2.101623500386e+01 1.634959730557e+01 1.951046802998e+01 1 1 1 0.0 0.0 0.0
Se 2.428900176701e+01 1.521587764250e+01 1.951046802998e+01 1 1 1 0.0 0.0 0.0
Se 2.756176853015e+01 1.408215797942e+01 1.951046802998e+01 1 1 1 0.0 0.0 0.0
Se 3.083453529330e+01 1.294843831634e+01 1.951046802998e+01 1 1 1 0.0 0.0 0.0
Se 3.410730205645e+01 1.181471865327e+01 1.951046802998e+01 1 1 1 0.0 0.0 0.0
Se 1.708891488801e+01 2.088447595788e+01 1.951046802998e+01 1 1 1 0.0 0.0 0.0
Se 2.036168165116e+01 1.975075629480e+01 1.951046802998e+01 1 1 1 0.0 0.0 0.0
Se 2.363444841430e+01 1.861703663173e+01 1.951046802998e+01 1 1 1 0.0 0.0 0.0
Se 2.690721517745e+01 1.748331696865e+01 1.951046802998e+01 1 1 1 0.0 0.0 0.0
Se 3.017998194060e+01 1.634959730557e+01 1.951046802998e+01 1 1 1 0.0 0.0 0.0
Se 3.345274870374e+01 1.521587764250e+01 1.951046802998e+01 1 1 1 0.0 0.0 0.0
Se 2.625266182475e+01 2.088447595788e+01 1.951046802998e+01 1 1 1 0.0 0.0 0.0
Se 2.952542858789e+01 1.975075629480e+01 1.951046802998e+01 1 1 1 0.0 0.0 0.0
Se 3.279819535104e+01 1.861703663173e+01 1.951046802998e+01 1 1 1 0.0 0.0 0.0
Se 3.607096211418e+01 1.748331696865e+01 1.951046802998e+01 1 1 1 0.0 0.0 0.0
Se 3.541640876148e+01 2.088447595788e+01 1.951046802998e+01 1 1 1 0.0 0.0 0.0
Se 3.868917552463e+01 1.975075629480e+01 1.951046802998e+01 1 1 1 0.0 0.0 0.0
Se 3.673640908558e+01 1.961066813430e+01 3.998930533072e+01 1 1 1 0.0 0.0 0.0
Se 3.258075640498e+01 1.905699108955e+01 3.998930533072e+01 1 1 1 0.0 0.0 0.0
Se 3.513808113159e+01 1.573492882100e+01 3.998930533072e+01 1 1 1 0.0 0.0 0.0
Se 2.842510372438e+01 1.850331404479e+01 3.998930533072e+01 1 1 1 0.0 0.0 0.0
Se 3.098242845099e+01 1.518125177624e+01 3.998930533072e+01 1 1 1 0.0 0.0 0.0
Se 3.353975317760e+01 1.185918950769e+01 3.998930533072e+01 1 1 1 0.0 0.0 0.0
Se 2.426945104378e+01 1.794963700003e+01 3.998930533072e+01 1 1 1 0.0 0.0 0.0
Se 2.682677577039e+01 1.462757473148e+01 3.998930533072e+01 1 1 1 0.0 0.0 0.0
Se 2.938410049700e+01 1.130551246293e+01 3.998930533072e+01 1 1 1 0.0 0.0 0.0
Se 3.194142522361e+01 7.983450194380e+00 3.998930533072e+01 1 1 1 0.0 0.0 0.0
Se 2.011379836318e+01 1.739595995527e+01 3.998930533072e+01 1 1 1 0.0 0.0 0.0
Se 2.267112308979e+01 1.407389768672e+01 3.998930533072e+01 1 1 1 0.0 0.0 0.0
Se 2.522844781640e+01 1.075183541817e+01 3.998930533072e+01 1 1 1 0.0 0.0 0.0
Se 2.778577254301e+01 7.429773149622e+00 3.998930533072e+01 1 1 1 0.0 0.0 0.0
Se 2.851856459418e+00 4.107710881072e+00 3.998930533072e+01 1 1 1 0.0 0.0 0.0
Se 1.595814568258e+01 1.684228291051e+01 3.998930533072e+01 1 1 1 0.0 0.0 0.0
Se 1.851547040919e+01 1.352022064196e+01 3.998930533072e+01 1 1 1 0.0 0.0 0.0
Se 2.107279513580e+01 1.019815837341e+01 3.998930533072e+01 1 1 1 0.0 0.0 0.0
Se 2.363011986241e+01 6.876096104864e+00 3.998930533072e+01 1 1 1 0.0 0.0 0.0
Se 2.618744458902e+01 3.554033836314e+00 3.998930533072e+01 1 1 1 0.0 0.0 0.0
Se 1.253528505429e+00 2.319715677641e-01 3.998930533072e+01 1 1 1 0.0 0.0 0.0
Se 1.180249300199e+01 1.628860586575e+01 3.998930533072e+01 1 1 1 0.0 0.0 0.0
Se 1.435981772860e+01 1.296654359720e+01 3.998930533072e+01 1 1 1 0.0 0.0 0.0
Se 1.691714245520e+01 9.644481328655e+00 3.998930533072e+01 1 1 1 0.0 0.0 0.0
Se 1.947446718181e+01 6.322419060105e+00 3.998930533072e+01 1 1 1 0.0 0.0 0.0
Se 2.203179190842e+01 3.000356791556e+00 3.998930533072e+01 1 1 1 0.0 0.0 0.0
Se 3.833473703957e+01 2.348640744761e+01 3.998930533072e+01 1 1 1 0.0 0.0 0.0
Se 1.020416504800e+01 1.241286655245e+01 3.998930533072e+01 1 1 1 0.0 0.0 0.0
Se 1.276148977461e+01 9.090804283897e+00 3.998930533072e+01 1 1 1 0.0 0.0 0.0
Se 1.531881450122e+01 5.768742015347e+00 3.998930533072e+01 1 1 1 0.0 0.0 0.0
Se 1.787613922782e+01 2.446679746797e+00 3.998930533072e+01 1 1 1 0.0 0.0 0.0
Se 3.417908435897e+01 2.293273040285e+01 3.998930533072e+01 1 1 1 0.0 0.0 0.0
Se 8.605837094007e+00 8.537127239139e+00 3.998930533072e+01 1 1 1 0.0 0.0 0.0
Se 1.116316182062e+01 5.215064970589e+00 3.998930533072e+01 1 1 1 0.0 0.0 0.0
Se 1.372048654723e+01 1.893002702039e+00 3.998930533072e+01 1 1 1 0.0 0.0 0.0
Se 3.002343167837e+01 2.237905335810e+01 3.998930533072e+01 1 1 1 0.0 0.0 0.0
Se 7.007509140017e+00 4.661387925830e+00 3.998930533072e+01 1 1 1 0.0 0.0 0.0
Se 9.564833866627e+00 1.339325657281e+00 3.998930533072e+01 1 1 1 0.0 0.0 0.0
Se 2.586777899777e+01 2.182537631334e+01 3.998930533072e+01 1 1 1 0.0 0.0 0.0
Se 5.409181186028e+00 7.856486125224e-01 3.998930533072e+01 1 1 1 0.0 0.0 0.0
Se 2.171212631717e+01 2.127169926858e+01 3.998930533072e+01 1 1 1 0.0 0.0 0.0
Se 1.755647363657e+01 2.071802222382e+01 3.998930533072e+01 1 1 1 0.0 0.0 0.0
Se 1.340082095598e+01 2.016434517906e+01 3.998930533072e+01 1 1 1 0.0 0.0 0.0
Se 3.453532566633e+01 2.052483177509e+01 3.635172086532e+01 1 1 1 0.0 0.0 0.0
Se 3.037967298574e+01 1.997115473034e+01 3.635172086532e+01 1 1 1 0.0 0.0 0.0
Se 3.293699771235e+01 1.664909246179e+01 3.635172086532e+01 1 1 1 0.0 0.0 0.0
Se 2.622402030514e+01 1.941747768558e+01 3.635172086532e+01 1 1 1 0.0 0.0 0.0
Se 2.878134503175e+01 1.609541541703e+01 3.635172086532e+01 1 1 1 0.0 0.0 0.0
Se 3.133866975836e+01 1.277335314848e+01 3.635172086532e+01 1 1 1 0.0 0.0 0.0
Se 2.206836762454e+01 1.886380064082e+01 3.635172086532e+01 1 1 1 0.0 0.0 0.0
Se 2.462569235115e+01 1.554173837227e+01 3.635172086532e+01 1 1 1 0.0 0.0 0.0
Se 2.718301707776e+01 1.221967610372e+01 3.635172086532e+01 1 1 1 0.0 0.0 0.0
Se 2.974034180437e+01 8.897613835171e+00 3.635172086532e+01 1 1 1 0.0 0.0 0.0
Se 1.791271494394e+01 1.831012359606e+01 3.635172086532e+01 1 1 1 0.0 0.0 0.0
Se 2.047003967055e+01 1.498806132751e+01 3.635172086532e+01 1 1 1 0.0 0.0 0.0
Se 2.302736439716e+01 1.166599905896e+01 3.635172086532e+01 1 1 1 0.0 0.0 0.0
Se 2.558468912377e+01 8.343936790412e+00 3.635172086532e+01 1 1 1 0.0 0.0 0.0
Se 2.814201385038e+01 5.021874521863e+00 3.635172086532e+01 1 1 1 0.0 0.0 0.0
Se 1.375706226334e+01 1.775644655130e+01 3.635172086532e+01 1 1 1 0.0 0.0 0.0
Se 1.631438698995e+01 1.443438428275e+01 3.635172086532e+01 1 1 1 0.0 0.0 0.0
Se 1.887171171656e+01 1.111232201420e+01 3.635172086532e+01 1 1 1 0.0 0.0 0.0
Se 2.142903644317e+01 7.790259745654e+00 3.635172086532e+01 1 1 1 0.0 0.0 0.0
Se 2.398636116978e+01 4.468197477104e+00 3.635172086532e+01 1 1 1 0.0 0.0 0.0
Se 2.654368589639e+01 1.146135208555e+00 3.635172086532e+01 1 1 1 0.0 0.0 0.0
Se 3.709265039294e+01 1.720276950655e+01 3.635172086532e+01 1 1 1 0.0 0.0 0.0
Se 1.215873430935e+01 1.388070723800e+01 3.635172086532e+01 1 1 1 0.0 0.0 0.0
Se 1.471605903596e+01 1.055864496945e+01 3.635172086532e+01 1 1 1 0.0 0.0 0.0
Se 1.727338376257e+01 7.236582700896e+00 3.635172086532e+01 1 1 1 0.0 0.0 0.0
Se 1.983070848918e+01 3.914520432346e+00 3.635172086532e+01 1 1 1 0.0 0.0 0.0
Se 2.238803321579e+01 5.924581637962e-01 3.635172086532e+01 1 1 1 0.0 0.0 0.0
Se 8.003081628751e+00 1.332703019324e+01 3.635172086532e+01 1 1 1 0.0 0.0 0.0
Se 1.056040635536e+01 1.000496792469e+01 3.635172086532e+01 1 1 1 0.0 0.0 0.0
Se 1.311773108197e+01 6.682905656137e+00 3.635172086532e+01 1 1 1 0.0 0.0 0.0
Se 1.567505580858e+01 3.360843387588e+00 3.635172086532e+01 1 1 1 0.0 0.0 0.0
Se 1.823238053519e+01 3.878111903793e-02 3.635172086532e+01 1 1 1 0.0 0.0 0.0
Se 6.404753674762e+00 9.451290879929e+00 3.635172086532e+01 1 1 1 0.0 0.0 0.0
Se 8.962078401371e+00 6.129228611379e+00 3.635172086532e+01 1 1 1 0.0 0.0 0.0
Se 1.151940312798e+01 2.807166342829e+00 3.635172086532e+01 1 1 1 0.0 0.0 0.0
Se 2.782234825913e+01 2.329321699889e+01 3.635172086532e+01 1 1 1 0.0 0.0 0.0
Se 4.806425720772e+00 5.575551566621e+00 3.635172086532e+01 1 1 1 0.0 0.0 0.0
Se 7.363750447382e+00 2.253489298071e+00 3.635172086532e+01 1 1 1 0.0 0.0 0.0
Se 2.366669557853e+01 2.273953995413e+01 3.635172086532e+01 1 1 1 0.0 0.0 0.0
Se 3.208097766783e+00 1.699812253313e+00 3.635172086532e+01 1 1 1 0.0 0.0 0.0
Se 1.951104289793e+01 2.218586290937e+01 3.635172086532e+01 1 1 1 0.0 0.0 0.0
Se 1.535539021733e+01 2.163218586461e+01 3.635172086532e+01 1 1 1 0.0 0.0 0.0
Se 3.869097834693e+01 2.107850881985e+01 3.635172086532e+01 1 1 1 0.0 0.0 0.0
Se 3.484950174023e+01 1.813743561828e+01 3.271820175121e+01 1 1 1 0.0 0.0 0.0
Se 3.069384905963e+01 1.758375857352e+01 3.271820175121e+01 1 1 1 0.0 0.0 0.0
Se 3.325117378624e+01 1.426169630497e+01 3.271820175121e+01 1 1 1 0.0 0.0 0.0
Se 2.653819637903e+01 1.703008152877e+01 3.271820175121e+01 1 1 1 0.0 0.0 0.0
Se 2.909552110564e+01 1.370801926022e+01 3.271820175121e+01 1 1 1 0.0 0.0 0.0
Se 3.165284583225e+01 1.038595699167e+01 3.271820175121e+01 1 1 1 0.0 0.0 0.0
Se 2.238254369843e+01 1.647640448401e+01 3.271820175121e+01 1 1 1 0.0 0.0 0.0
Se 2.493986842504e+01 1.315434221546e+01 3.271820175121e+01 1 1 1 0.0 0.0 0.0
Se 2.749719315165e+01 9.832279946908e+00 3.271820175121e+01 1 1 1 0.0 0.0 0.0
Se 3.005451787826e+01 6.510217678358e+00 3.271820175121e+01 1 1 1 0.0 0.0 0.0
Se 1.822689101783e+01 1.592272743925e+01 3.271820175121e+01 1 1 1 0.0 0.0 0.0
Se 2.078421574444e+01 1.260066517070e+01 3.271820175121e+01 1 1 1 0.0 0.0 0.0
Se 2.334154047105e+01 9.278602902150e+00 3.271820175121e+01 1 1 1 0.0 0.0 0.0
Se 2.589886519766e+01 5.956540633600e+00 3.271820175121e+01 1 1 1 0.0 0.0 0.0
Se 2.845618992427e+01 2.634478365050e+00 3.271820175121e+01 1 1 1 0.0 0.0 0.0
Se 1.407123833723e+01 1.536905039449e+01 3.271820175121e+01 1 1 1 0.0 0.0 0.0
Se 1.662856306384e+01 1.204698812594e+01 3.271820175121e+01 1 1 1 0.0 0.0 0.0
Se 1.918588779045e+01 8.724925857391e+00 3.271820175121e+01 1 1 1 0.0 0.0 0.0
Se 2.174321251706e+01 5.402863588842e+00 3.271820175121e+01 1 1 1 0.0 0.0 0.0
Se 2.430053724367e+01 2.080801320292e+00 3.271820175121e+01 1 1 1 0.0 0.0 0.0
Se 1.311224156461e+01 2.256685197635e+01 3.271820175121e+01 1 1 1 0.0 0.0 0.0
Se 9.915585656635e+00 1.481537334973e+01 3.271820175121e+01 1 1 1 0.0 0.0 0.0
Se 1.247291038324e+01 1.149331108118e+01 3.271820175121e+01 1 1 1 0.0 0.0 0.0
Se 1.503023510985e+01 8.171248812633e+00 3.271820175121e+01 1 1 1 0.0 0.0 0.0
Se 1.758755983646e+01 4.849186544083e+00 3.271820175121e+01 1 1 1 0.0 0.0 0.0
Se 2.014488456307e+01 1.527124275534e+00 3.271820175121e+01 1 1 1 0.0 0.0 0.0
Se 3.644782969422e+01 2.201317493159e+01 3.271820175121e+01 1 1 1 0.0 0.0 0.0
Se 8.317257702645e+00 1.093963403642e+01 3.271820175121e+01 1 1 1 0.0 0.0 0.0
Se 1.087458242925e+01 7.617571767875e+00 3.271820175121e+01 1 1 1 0.0 0.0 0.0
Se 1.343190715586e+01 4.295509499325e+00 3.271820175121e+01 1 1 1 0.0 0.0 0.0
Se 1.598923188247e+01 9.734472307752e-01 3.271820175121e+01 1 1 1 0.0 0.0 0.0
Se 3.229217701362e+01 2.145949788683e+01 3.271820175121e+01 1 1 1 0.0 0.0 0.0
Se 6.718929748656e+00 7.063894723116e+00 3.271820175121e+01 1 1 1 0.0 0.0 0.0
Se 9.276254475265e+00 3.741832454567e+00 3.271820175121e+01 1 1 1 0.0 0.0 0.0
Se 1.183357920187e+01 4.197701860169e-01 3.271820175121e+01 1 1 1 0.0 0.0 0.0
Se 2.813652433302e+01 2.090582084207e+01 3.271820175121e+01 1 1 1 0.0 0.0 0.0
Se 5.120601794666e+00 3.188155409808e+00 3.271820175121e+01 1 1 1 0.0 0.0 0.0
Se 2.142354692581e+01 2.367420606587e+01 3.271820175121e+01 1 1 1 0.0 0.0 0.0
Se 2.398087165242e+01 2.035214379732e+01 3.271820175121e+01 1 1 1 0.0 0.0 0.0
Se 1.726789424521e+01 2.312052902111e+01 3.271820175121e+01 1 1 1 0.0 0.0 0.0
Se 1.982521897182e+01 1.979846675256e+01 3.271820175121e+01 1 1 1 0.0 0.0 0.0
Se 1.566956629122e+01 1.924478970780e+01 3.271820175121e+01 1 1 1 0.0 0.0 0.0
Se 1.151391361062e+01 1.869111266304e+01 3.271820175121e+01 1 1 1 0.0 0.0 0.0
Se 3.457236272834e+01 2.059869987080e+01 2.995146533993e+01 1 1 1 0.0 0.0 0.0
Se 3.041671004774e+01 2.004502282604e+01 2.995146533993e+01 1 1 1 0.0 0.0 0.0
Se 3.297403477435e+01 1.672296055749e+01 2.995146533993e+01 1 1 1 0.0 0.0 0.0
Se 2.626105736714e+01 1.949134578128e+01 2.995146533993e+01 1 1 1 0.0 0.0 0.0
Se 2.881838209375e+01 1.616928351273e+01 2.995146533993e+01 1 1 1 0.0 0.0 0.0
Se 3.137570682036e+01 1.284722124418e+01 2.995146533993e+01 1 1 1 0.0 0.0 0.0
Se 2.210540468654e+01 1.893766873652e+01 2.995146533993e+01 1 1 1 0.0 0.0 0.0
Se 2.466272941315e+01 1.561560646797e+01 2.995146533993e+01 1 1 1 0.0 0.0 0.0
Se 2.722005413976e+01 1.229354419942e+01 2.995146533993e+01 1 1 1 0.0 0.0 0.0
Se 2.977737886637e+01 8.971481930872e+00 2.995146533993e+01 1 1 1 0.0 0.0 0.0
Se 1.794975200594e+01 1.838399169176e+01 2.995146533993e+01 1 1 1 0.0 0.0 0.0
Se 2.050707673255e+01 1.506192942321e+01 2.995146533993e+01 1 1 1 0.0 0.0 0.0
Se 2.306440145916e+01 1.173986715466e+01 2.995146533993e+01 1 1 1 0.0 0.0 0.0
Se 2.562172618577e+01 8.417804886114e+00 2.995146533993e+01 1 1 1 0.0 0.0 0.0
Se 2.817905091238e+01 5.095742617564e+00 2.995146533993e+01 1 1 1 0.0 0.0 0.0
Se 1.379409932534e+01 1.783031464700e+01 2.995146533993e+01 1 1 1 0.0 0.0 0.0
Se 1.635142405195e+01 1.450825237845e+01 2.995146533993e+01 1 1 1 0.0 0.0 0.0
Se 1.890874877856e+01 1.118619010990e+01 2.995146533993e+01 1 1 1 0.0 0.0 0.0
Se 2.146607350517e+01 7.864127841355e+00 2.995146533993e+01 1 1 1 0.0 0.0 0.0
Se 2.402339823178e+01 4.542065572805e+00 2.995146533993e+01 1 1 1 0.0 0.0 0.0
Se 2.658072295839e+01 1.220003304256e+00 2.995146533993e+01 1 1 1 0.0 0.0 0.0
Se 3.712968745495e+01 1.727663760225e+01 2.995146533993e+01 1 1 1 0.0 0.0 0.0
Se 1.219577137135e+01 1.395457533370e+01 2.995146533993e+01 1 1 1 0.0 0.0 0.0
Se 1.475309609796e+01 1.063251306515e+01 2.995146533993e+01 1 1 1 0.0 0.0 0.0
Se 1.731042082457e+01 7.310450796597e+00 2.995146533993e+01 1 1 1 0.0 0.0 0.0
Se 1.986774555118e+01 3.988388528047e+00 2.995146533993e+01 1 1 1 0.0 0.0 0.0
Se 2.242507027779e+01 6.663262594974e-01 2.995146533993e+01 1 1 1 0.0 0.0 0.0
Se 8.040118690754e+00 1.340089828894e+01 2.995146533993e+01 1 1 1 0.0 0.0 0.0
Se 1.059744341736e+01 1.007883602039e+01 2.995146533993e+01 1 1 1 0.0 0.0 0.0
Se 1.315476814397e+01 6.756773751839e+00 2.995146533993e+01 1 1 1 0.0 0.0 0.0
Se 1.571209287058e+01 3.434711483289e+00 2.995146533993e+01 1 1 1 0.0 0.0 0.0
Se 1.826941759719e+01 1.126492147391e-01 2.995146533993e+01 1 1 1 0.0 0.0 0.0
Se 6.441790736765e+00 9.525158975630e+00 2.995146533993e+01 1 1 1 0.0 0.0 0.0
Se 8.999115463374e+00 6.203096707080e+00 2.995146533993e+01 1 1 1 0.0 0.0 0.0
Se 1.155644018998e+01 2.881034438531e+00 2.995146533993e+01 1 1 1 0.0 0.0 0.0
Se 2.785938532113e+01 2.336708509459e+01 2.995146533993e+01 1 1 1 0.0 0.0 0.0
Se 4.843462782775e+00 5.649419662322e+00 2.995146533993e+01 1 1 1 0.0 0.0 0.0
Se 7.400787509385e+00 2.327357393772e+00 2.995146533993e+01 1 1 1 0.0 0.0 0.0
Se 2.370373264053e+01 2.281340804983e+01 2.995146533993e+01 1 1 1 0.0 0.0 0.0
Se 3.245134828786e+00 1.773680349014e+00 2.995146533993e+01 1 1 1 0.0 0.0 0.0
Se 1.954807995993e+01 2.225973100507e+01 2.995146533993e+01 1 1 1 0.0 0.0 0.0
Se 1.539242727933e+01 2.170605396031e+01 2.995146533993e+01 1 1 1 0.0 0.0 0.0
Se 3.872801540894e+01 2.115237691555e+01 2.995146533993e+01 1 1 1 0.0 0.0 0.0
Se 3.487885402640e+01 1.821428182943e+01 2.633360299309e+01 1 1 1 0.0 0.0 0.0
Se 3.072320134580e+01 1.766060478467e+01 2.633360299309e+01 1 1 1 0.0 0.0 0.0
Se 3.328052607241e+01 1.433854251613e+01 2.633360299309e+01 1 1 1 0.0 0.0 0.0
Se 2.656754866520e+01 1.710692773992e+01 2.633360299309e+01 1 1 1 0.0 0.0 0.0
Se 2.912487339181e+01 1.378486547137e+01 2.633360299309e+01 1 1 1 0.0 0.0 0.0
Se 3.168219811842e+01 1.046280320282e+01 2.633360299309e+01 1 1 1 0.0 0.0 0.0
Se 2.241189598460e+01 1.655325069516e+01 2.633360299309e+01 1 1 1 0.0 0.0 0.0
Se 2.496922071121e+01 1.323118842661e+01 2.633360299309e+01 1 1 1 0.0 0.0 0.0
Se 2.752654543782e+01 9.909126158059e+00 2.633360299309e+01 1 1 1 0.0 0.0 0.0
Se 3.008387016443e+01 6.587063889509e+00 2.633360299309e+01 1 1 1 0.0 0.0 0.0
Se 1.825624330400e+01 1.599957365040e+01 2.633360299309e+01 1 1 1 0.0 0.0 0.0
Se 2.081356803061e+01 1.267751138185e+01 2.633360299309e+01 1 1 1 0.0 0.0 0.0
Se 2.337089275722e+01 9.355449113301e+00 2.633360299309e+01 1 1 1 0.0 0.0 0.0
Se 2.592821748383e+01 6.033386844751e+00 2.633360299309e+01 1 1 1 0.0 0.0 0.0
Se 2.848554221044e+01 2.711324576201e+00 2.633360299309e+01 1 1 1 0.0 0.0 0.0
Se 1.410059062340e+01 1.544589660564e+01 2.633360299309e+01 1 1 1 0.0 0.0 0.0
Se 1.665791535001e+01 1.212383433709e+01 2.633360299309e+01 1 1 1 0.0 0.0 0.0
Se 1.921524007662e+01 8.801772068542e+00 2.633360299309e+01 1 1 1 0.0 0.0 0.0
Se 2.177256480323e+01 5.479709799992e+00 2.633360299309e+01 1 1 1 0.0 0.0 0.0
Se 2.432988952984e+01 2.157647531443e+00 2.633360299309e+01 1 1 1 0.0 0.0 0.0
Se 1.314159385078e+01 2.264369818750e+01 2.633360299309e+01 1 1 1 0.0 0.0 0.0
Se 9.944937942803e+00 1.489221956088e+01 2.633360299309e+01 1 1 1 0.0 0.0 0.0
Se 1.250226266941e+01 1.157015729233e+01 2.633360299309e+01 1 1 1 0.0 0.0 0.0
Se 1.505958739602e+01 8.248095023784e+00 2.633360299309e+01 1 1 1 0.0 0.0 0.0
Se 1.761691212263e+01 4.926032755234e+00 2.633360299309e+01 1 1 1 0.0 0.0 0.0
Se 2.017423684924e+01 1.603970486684e+00 2.633360299309e+01 1 1 1 0.0 0.0 0.0
Se 3.647718198039e+01 2.209002114274e+01 2.633360299309e+01 1 1 1 0.0 0.0 0.0
Se 8.346609988814e+00 1.101648024758e+01 2.633360299309e+01 1 1 1 0.0 0.0 0.0
Se 1.090393471542e+01 7.694417979026e+00 2.633360299309e+01 1 1 1 0.0 0.0 0.0
Se 1.346125944203e+01 4.372355710476e+00 2.633360299309e+01 1 1 1 0.0 0.0 0.0
Se 1.601858416864e+01 1.050293441926e+00 2.633360299309e+01 1 1 1 0.0 0.0 0.0
Se 3.232152929979e+01 2.153634409798e+01 2.633360299309e+01 1 1 1 0.0 0.0 0.0
Se 6.748282034824e+00 7.140740934267e+00 2.633360299309e+01 1 1 1 0.0 0.0 0.0
Se 9.305606761434e+00 3.818678665718e+00 2.633360299309e+01 1 1 1 0.0 0.0 0.0
Se 1.186293148804e+01 4.966163971678e-01 2.633360299309e+01 1 1 1 0.0 0.0 0.0
Se 2.816587661919e+01 2.098266705322e+01 2.633360299309e+01 1 1 1 0.0 0.0 0.0
Se 5.149954080835e+00 3.265001620959e+00 2.633360299309e+01 1 1 1 0.0 0.0 0.0
Se 2.145289921198e+01 2.375105227702e+01 2.633360299309e+01 1 1 1 0.0 0.0 0.0
Se 2.401022393859e+01 2.042899000847e+01 2.633360299309e+01 1 1 1 0.0 0.0 0.0
Se 1.729724653138e+01 2.319737523226e+01 2.633360299309e+01 1 1 1 0.0 0.0 0.0
Se 1.985457125799e+01 1.987531296371e+01 2.633360299309e+01 1 1 1 0.0 0.0 0.0
Se 1.569891857739e+01 1.932163591895e+01 2.633360299309e+01 1 1 1 0.0 0.0 0.0
Se 1.154326589679e+01 1.876795887419e+01 2.633360299309e+01 1 1 1 0.0 0.0 0.0
Se 3.678285153757e+01 1.969021478823e+01 2.271046802998e+01 1 1 1 0.0 0.0 0.0
Se 3.262719885697e+01 1.913653774348e+01 2.271046802998e+01 1 1 1 0.0 0.0 0.0
Se 3.518452358358e+01 1.581447547493e+01 2.271046802998e+01 1 1 1 0.0 0.0 0.0
Se 2.847154617637e+01 1.858286069872e+01 2.271046802998e+01 1 1 1 0.0 0.0 0.0
Se 3.102887090298e+01 1.526079843017e+01 2.271046802998e+01 1 1 1 0.0 0.0 0.0
Se 3.358619562959e+01 1.193873616162e+01 2.271046802998e+01 1 1 1 0.0 0.0 0.0
Se 2.431589349577e+01 1.802918365396e+01 2.271046802998e+01 1 1 1 0.0 0.0 0.0
Se 2.687321822238e+01 1.470712138541e+01 2.271046802998e+01 1 1 1 0.0 0.0 0.0
Se 2.943054294899e+01 1.138505911686e+01 2.271046802998e+01 1 1 1 0.0 0.0 0.0
Se 3.198786767560e+01 8.062996848310e+00 2.271046802998e+01 1 1 1 0.0 0.0 0.0
Se 2.016024081517e+01 1.747550660920e+01 2.271046802998e+01 1 1 1 0.0 0.0 0.0
Se 2.271756554178e+01 1.415344434065e+01 2.271046802998e+01 1 1 1 0.0 0.0 0.0
Se 2.527489026839e+01 1.083138207210e+01 2.271046802998e+01 1 1 1 0.0 0.0 0.0
Se 2.783221499500e+01 7.509319803552e+00 2.271046802998e+01 1 1 1 0.0 0.0 0.0
Se 2.898298911408e+00 4.187257535002e+00 2.271046802998e+01 1 1 1 0.0 0.0 0.0
Se 1.600458813457e+01 1.692182956444e+01 2.271046802998e+01 1 1 1 0.0 0.0 0.0
Se 1.856191286118e+01 1.359976729589e+01 2.271046802998e+01 1 1 1 0.0 0.0 0.0
Se 2.111923758779e+01 1.027770502734e+01 2.271046802998e+01 1 1 1 0.0 0.0 0.0
Se 2.367656231440e+01 6.955642758794e+00 2.271046802998e+01 1 1 1 0.0 0.0 0.0
Se 2.623388704101e+01 3.633580490244e+00 2.271046802998e+01 1 1 1 0.0 0.0 0.0
Se 1.299970957418e+00 3.115182216941e-01 2.271046802998e+01 1 1 1 0.0 0.0 0.0
Se 1.184893545398e+01 1.636815251968e+01 2.271046802998e+01 1 1 1 0.0 0.0 0.0
Se 1.440626018059e+01 1.304609025113e+01 2.271046802998e+01 1 1 1 0.0 0.0 0.0
Se 1.696358490719e+01 9.724027982585e+00 2.271046802998e+01 1 1 1 0.0 0.0 0.0
Se 1.952090963380e+01 6.401965714035e+00 2.271046802998e+01 1 1 1 0.0 0.0 0.0
Se 2.207823436041e+01 3.079903445486e+00 2.271046802998e+01 1 1 1 0.0 0.0 0.0
Se 3.838117949156e+01 2.356595410154e+01 2.271046802998e+01 1 1 1 0.0 0.0 0.0
Se 1.025060749999e+01 1.249241320638e+01 2.271046802998e+01 1 1 1 0.0 0.0 0.0
Se 1.280793222660e+01 9.170350937827e+00 2.271046802998e+01 1 1 1 0.0 0.0 0.0
Se 1.536525695321e+01 5.848288669277e+00 2.271046802998e+01 1 1 1 0.0 0.0 0.0
Se 1.792258167981e+01 2.526226400727e+00 2.271046802998e+01 1 1 1 0.0 0.0 0.0
Se 3.422552681096e+01 2.301227705678e+01 2.271046802998e+01 1 1 1 0.0 0.0 0.0
Se 8.652279545997e+00 8.616673893068e+00 2.271046802998e+01 1 1 1 0.0 0.0 0.0
Se 1.120960427261e+01 5.294611624519e+00 2.271046802998e+01 1 1 1 0.0 0.0 0.0
Se 1.376692899922e+01 1.972549355969e+00 2.271046802998e+01 1 1 1 0.0 0.0 0.0
Se 3.006987413036e+01 2.245860001203e+01 2.271046802998e+01 1 1 1 0.0 0.0 0.0
Se 7.053951592007e+00 4.740934579760e+00 2.271046802998e+01 1 1 1 0.0 0.0 0.0
Se 9.611276318616e+00 1.418872311211e+00 2.271046802998e+01 1 1 1 0.0 0.0 0.0
Se 2.591422144976e+01 2.190492296727e+01 2.271046802998e+01 1 1 1 0.0 0.0 0.0
Se 5.455623638017e+00 8.651952664524e-01 2.271046802998e+01 1 1 1 0.0 0.0 0.0
Se 2.175856876916e+01 2.135124592251e+01 2.271046802998e+01 1 1 1 0.0 0.0 0.0
Se 1.760291608856e+01 2.079756887775e+01 2.271046802998e+01 1 1 1 0.0 0.0 0.0
Se 1.344726340797e+01 2.024389183299e+01 2.271046802998e+01 1 1 1 0.0 0.0 0.0
"