calculation_mode = "Quench Electrons"
cell_relax = "False"
charge_density_mixing = "0.1"
charge_mixing_type = "Broyden"
description = "Example parameters for high-throughput bulk relaxation of a vdW material"
dos_broading = "0.05"
dos_method = "Gaussian"
energy_convergence_criterion = "1e-10"
energy_output_units = "Hartrees"
kohn_sham_mucycles = "3"
kohn_sham_solver = "davidson"
kpoint_mesh = "1 1 1"
localize_projectors = "False"
max_md_steps = "100"
max_scf_steps = "200"
non_local_block_size = "4000"
potential_acceleration_constant_step = "1.5"
processor_grid = "7 7 16"
rms_convergence_criterion = "1e-08"
scalapack_block_factor = "64"
start_mode = "LCAO Start"
state_block_size = "64"
stress = "True"
subdiag_driver = "scalapack"
use_async_allreduce = "False"
vdw_corr = "DFT-D3"
vdwdf_kernel_filepath = "/lustre/orion/world-shared/cph162/rjmorelock/rmgdft/XC/vdW_kernel_table"
wavefunction_grid = "156 156 378"
write_data_period = "50"

atomic_coordinate_type = "Absolute"
crds_units = "Angstrom"
lattice_units = "Angstrom"

lattice_vector = "
1.832749387347e+01 0.000000000000e+00 1.100000000000e-15
9.163746936357e+00 1.587207528307e+01 1.100000000000e-15
0.000000000000e+00 0.000000000000e+00 4.446241589303e+01
"
atoms = "
Nb 5.675373364011e+00 5.873018196751e+00 1.532833092694e+01 1 1 1 0.0 0.0 0.0
Nb 8.293586774453e+00 8.140457522904e+00 1.532833092694e+01 1 1 1 0.0 0.0 0.0
Nb 1.091180018489e+01 1.040789684906e+01 1.532833092694e+01 1 1 1 0.0 0.0 0.0
Nb 1.353001359534e+01 1.267533617521e+01 1.532833092694e+01 1 1 1 0.0 0.0 0.0
Nb 1.025724683219e+01 1.380905583829e+01 1.532833092694e+01 1 1 1 0.0 0.0 0.0
Nb 3.711713306274e+00 2.044198813681e-01 1.532833092694e+01 1 1 1 0.0 0.0 0.0
Nb 6.329926716716e+00 2.471859207521e+00 1.532833092694e+01 1 1 1 0.0 0.0 0.0
Nb 8.948140127158e+00 4.739298533674e+00 1.532833092694e+01 1 1 1 0.0 0.0 0.0
Nb 1.156635353760e+01 7.006737859827e+00 1.532833092694e+01 1 1 1 0.0 0.0 0.0
Nb 1.418456694804e+01 9.274177185980e+00 1.532833092694e+01 1 1 1 0.0 0.0 0.0
Nb 1.680278035848e+01 1.154161651213e+01 1.532833092694e+01 1 1 1 0.0 0.0 0.0
Nb 1.614822700578e+01 1.494277550136e+01 1.532833092694e+01 1 1 1 0.0 0.0 0.0
Nb 9.602693479862e+00 1.338139544445e+00 1.532833092694e+01 1 1 1 0.0 0.0 0.0
Nb 1.222090689030e+01 3.605578870598e+00 1.532833092694e+01 1 1 1 0.0 0.0 0.0
Nb 1.483912030075e+01 5.873018196751e+00 1.532833092694e+01 1 1 1 0.0 0.0 0.0
Nb 1.745733371119e+01 8.140457522904e+00 1.532833092694e+01 1 1 1 0.0 0.0 0.0
Nb 2.007554712163e+01 1.040789684906e+01 1.532833092694e+01 1 1 1 0.0 0.0 0.0
Nb 2.269376053207e+01 1.267533617521e+01 1.532833092694e+01 1 1 1 0.0 0.0 0.0
Nb 1.942099376892e+01 1.380905583829e+01 1.532833092694e+01 1 1 1 0.0 0.0 0.0
Nb 1.287546024301e+01 2.044198813681e-01 1.532833092694e+01 1 1 1 0.0 0.0 0.0
Nb 1.549367365345e+01 2.471859207521e+00 1.532833092694e+01 1 1 1 0.0 0.0 0.0
Nb 1.811188706389e+01 4.739298533674e+00 1.532833092694e+01 1 1 1 0.0 0.0 0.0
Nb 2.073010047433e+01 7.006737859827e+00 1.532833092694e+01 1 1 1 0.0 0.0 0.0
Nb 2.334831388478e+01 9.274177185980e+00 1.532833092694e+01 1 1 1 0.0 0.0 0.0
Nb 7.639033421748e+00 1.154161651213e+01 1.532833092694e+01 1 1 1 0.0 0.0 0.0
Nb 2.531197394251e+01 1.494277550136e+01 1.532833092694e+01 1 1 1 0.0 0.0 0.0
Nb 1.876644041660e+01 1.338139544445e+00 1.532833092694e+01 1 1 1 0.0 0.0 0.0
Nb 3.057159953570e+00 3.605578870598e+00 1.532833092694e+01 1 1 1 0.0 0.0 0.0
Nb 5.682503225961e+00 5.866286653368e+00 9.182088683320e+00 1 1 1 0.0 0.0 0.0
Nb 8.300716636403e+00 8.133725979521e+00 9.182088683320e+00 1 1 1 0.0 0.0 0.0
Nb 1.091893004684e+01 1.040116530567e+01 9.182088683320e+00 1 1 1 0.0 0.0 0.0
Nb 1.353714345729e+01 1.266860463183e+01 9.182088683320e+00 1 1 1 0.0 0.0 0.0
Nb 1.026437669414e+01 1.380232429490e+01 9.182088683320e+00 1 1 1 0.0 0.0 0.0
Nb 3.718843168224e+00 1.976883379853e-01 9.182088683320e+00 1 1 1 0.0 0.0 0.0
Nb 6.337056578666e+00 2.465127664138e+00 9.182088683320e+00 1 1 1 0.0 0.0 0.0
Nb 8.955269989107e+00 4.732566990291e+00 9.182088683320e+00 1 1 1 0.0 0.0 0.0
Nb 1.157348339955e+01 7.000006316444e+00 9.182088683320e+00 1 1 1 0.0 0.0 0.0
Nb 1.419169680999e+01 9.267445642597e+00 9.182088683320e+00 1 1 1 0.0 0.0 0.0
Nb 1.680991022043e+01 1.153488496875e+01 9.182088683320e+00 1 1 1 0.0 0.0 0.0
Nb 1.615535686773e+01 1.493604395798e+01 9.182088683320e+00 1 1 1 0.0 0.0 0.0
Nb 9.609823341812e+00 1.331408001062e+00 9.182088683320e+00 1 1 1 0.0 0.0 0.0
Nb 1.222803675225e+01 3.598847327215e+00 9.182088683320e+00 1 1 1 0.0 0.0 0.0
Nb 1.484625016270e+01 5.866286653368e+00 9.182088683320e+00 1 1 1 0.0 0.0 0.0
Nb 1.746446357314e+01 8.133725979521e+00 9.182088683320e+00 1 1 1 0.0 0.0 0.0
Nb 2.008267698358e+01 1.040116530567e+01 9.182088683320e+00 1 1 1 0.0 0.0 0.0
Nb 2.270089039402e+01 1.266860463183e+01 9.182088683320e+00 1 1 1 0.0 0.0 0.0
Nb 1.942812363087e+01 1.380232429490e+01 9.182088683320e+00 1 1 1 0.0 0.0 0.0
Nb 1.288259010496e+01 1.976883379853e-01 9.182088683320e+00 1 1 1 0.0 0.0 0.0
Nb 1.550080351540e+01 2.465127664138e+00 9.182088683320e+00 1 1 1 0.0 0.0 0.0
Nb 1.811901692584e+01 4.732566990291e+00 9.182088683320e+00 1 1 1 0.0 0.0 0.0
Nb 2.073723033628e+01 7.000006316444e+00 9.182088683320e+00 1 1 1 0.0 0.0 0.0
Nb 2.335544374673e+01 9.267445642597e+00 9.182088683320e+00 1 1 1 0.0 0.0 0.0
Nb 7.646163283698e+00 1.153488496875e+01 9.182088683320e+00 1 1 1 0.0 0.0 0.0
Nb 2.531910380446e+01 1.493604395798e+01 9.182088683320e+00 1 1 1 0.0 0.0 0.0
Nb 1.877357027855e+01 1.331408001062e+00 9.182088683320e+00 1 1 1 0.0 0.0 0.0
Nb 3.064289815519e+00 3.598847327215e+00 9.182088683320e+00 1 1 1 0.0 0.0 0.0
Bi 2.200720216503e+01 1.093710764262e+01 3.532095071834e+01 1 1 1 0.0 0.0 0.0
Bi 1.477266510970e+01 1.177248002594e+01 3.532095071834e+01 1 1 1 0.0 0.0 0.0
Bi 1.814878240224e+01 9.266362875981e+00 3.532095071834e+01 1 1 1 0.0 0.0 0.0
Bi 2.152489969478e+01 6.760245726023e+00 3.532095071834e+01 1 1 1 0.0 0.0 0.0
Bi 1.091424534690e+01 1.010173525930e+01 3.532095071834e+01 1 1 1 0.0 0.0 0.0
Bi 1.429036263944e+01 7.595618109342e+00 3.532095071834e+01 1 1 1 0.0 0.0 0.0
Bi 1.766647993198e+01 5.089500959384e+00 3.532095071834e+01 1 1 1 0.0 0.0 0.0
Bi 7.055825584104e+00 8.430990492662e+00 3.532095071834e+01 1 1 1 0.0 0.0 0.0
Bi 1.043194287664e+01 5.924873342703e+00 3.532095071834e+01 1 1 1 0.0 0.0 0.0
Bi 1.380806016919e+01 3.418756192745e+00 3.532095071834e+01 1 1 1 0.0 0.0 0.0
Bi 1.718417746173e+01 9.126390427859e-01 3.532095071834e+01 1 1 1 0.0 0.0 0.0
Bi 6.573523113849e+00 4.254128576064e+00 3.532095071834e+01 1 1 1 0.0 0.0 0.0
Bi 9.949640406390e+00 1.748011426105e+00 3.532095071834e+01 1 1 1 0.0 0.0 0.0
Bi 2.248950463529e+01 1.511396955922e+01 3.532095071834e+01 1 1 1 0.0 0.0 0.0
Bi 2.715103351053e+00 2.583383809425e+00 3.532095071834e+01 1 1 1 0.0 0.0 0.0
Bi 6.091220643594e+00 7.726665946640e-02 3.532095071834e+01 1 1 1 0.0 0.0 0.0
Bi 1.863108487249e+01 1.344322479258e+01 3.532095071834e+01 1 1 1 0.0 0.0 0.0
Bi 1.139654781716e+01 1.427859717590e+01 3.532095071834e+01 1 1 1 0.0 0.0 0.0
Bi 7.538128054359e+00 1.260785240926e+01 3.532095071834e+01 1 1 1 0.0 0.0 0.0
Bi 1.962416099538e+01 1.123770905889e+01 3.133430771007e+01 1 1 1 0.0 0.0 0.0
Bi 1.238962394004e+01 1.207308144221e+01 3.133430771007e+01 1 1 1 0.0 0.0 0.0
Bi 1.576574123258e+01 9.566964292251e+00 3.133430771007e+01 1 1 1 0.0 0.0 0.0
Bi 1.914185852512e+01 7.060847142293e+00 3.133430771007e+01 1 1 1 0.0 0.0 0.0
Bi 8.531204177247e+00 1.040233667557e+01 3.133430771007e+01 1 1 1 0.0 0.0 0.0
Bi 1.190732146979e+01 7.896219525612e+00 3.133430771007e+01 1 1 1 0.0 0.0 0.0
Bi 1.528343876233e+01 5.390102375654e+00 3.133430771007e+01 1 1 1 0.0 0.0 0.0
Bi 2.300027828792e+01 8.731591908932e+00 3.133430771007e+01 1 1 1 0.0 0.0 0.0
Bi 8.048901706992e+00 6.225474758973e+00 3.133430771007e+01 1 1 1 0.0 0.0 0.0
Bi 1.142501899953e+01 3.719357609015e+00 3.133430771007e+01 1 1 1 0.0 0.0 0.0
Bi 1.480113629207e+01 1.213240459056e+00 3.133430771007e+01 1 1 1 0.0 0.0 0.0
Bi 4.190481944196e+00 4.554729992334e+00 3.133430771007e+01 1 1 1 0.0 0.0 0.0
Bi 7.566599236737e+00 2.048612842376e+00 3.133430771007e+01 1 1 1 0.0 0.0 0.0
Bi 2.010646346564e+01 1.541457097549e+01 3.133430771007e+01 1 1 1 0.0 0.0 0.0
Bi 1.865955605487e+01 2.883985225695e+00 3.133430771007e+01 1 1 1 0.0 0.0 0.0
Bi 3.708179473941e+00 3.778680757365e-01 3.133430771007e+01 1 1 1 0.0 0.0 0.0
Bi 1.624804370284e+01 1.374382620885e+01 3.133430771007e+01 1 1 1 0.0 0.0 0.0
Bi 9.013506647503e+00 1.457919859217e+01 3.133430771007e+01 1 1 1 0.0 0.0 0.0
Bi 2.348258075818e+01 1.290845382553e+01 3.133430771007e+01 1 1 1 0.0 0.0 0.0
Bi 1.961434445279e+01 1.130548015182e+01 2.529282906773e+01 1 1 1 0.0 0.0 0.0
Bi 1.237980739746e+01 1.214085253514e+01 2.529282906773e+01 1 1 1 0.0 0.0 0.0
Bi 1.575592469000e+01 9.634735385180e+00 2.529282906773e+01 1 1 1 0.0 0.0 0.0
Bi 1.913204198254e+01 7.128618235221e+00 2.529282906773e+01 1 1 1 0.0 0.0 0.0
Bi 8.521387634662e+00 1.047010776850e+01 2.529282906773e+01 1 1 1 0.0 0.0 0.0
Bi 1.189750492720e+01 7.963990618541e+00 2.529282906773e+01 1 1 1 0.0 0.0 0.0
Bi 1.527362221974e+01 5.457873468582e+00 2.529282906773e+01 1 1 1 0.0 0.0 0.0
Bi 2.299046174533e+01 8.799363001860e+00 2.529282906773e+01 1 1 1 0.0 0.0 0.0
Bi 8.039085164407e+00 6.293245851902e+00 2.529282906773e+01 1 1 1 0.0 0.0 0.0
Bi 1.141520245695e+01 3.787128701943e+00 2.529282906773e+01 1 1 1 0.0 0.0 0.0
Bi 1.479131974949e+01 1.281011551984e+00 2.529282906773e+01 1 1 1 0.0 0.0 0.0
Bi 4.180665401611e+00 4.622501085263e+00 2.529282906773e+01 1 1 1 0.0 0.0 0.0
Bi 7.556782694151e+00 2.116383935304e+00 2.529282906773e+01 1 1 1 0.0 0.0 0.0
Bi 2.009664692305e+01 1.548234206842e+01 2.529282906773e+01 1 1 1 0.0 0.0 0.0
Bi 1.864973951228e+01 2.951756318624e+00 2.529282906773e+01 1 1 1 0.0 0.0 0.0
Bi 3.698362931355e+00 4.456391686649e-01 2.529282906773e+01 1 1 1 0.0 0.0 0.0
Bi 1.623822716025e+01 1.381159730178e+01 2.529282906773e+01 1 1 1 0.0 0.0 0.0
Bi 9.003690104917e+00 1.464696968510e+01 2.529282906773e+01 1 1 1 0.0 0.0 0.0
Bi 2.347276421559e+01 1.297622491846e+01 2.529282906773e+01 1 1 1 0.0 0.0 0.0
Bi 2.445906916237e+01 1.074773322864e+01 2.132110864621e+01 1 1 1 0.0 0.0 0.0
Bi 1.722453210703e+01 1.158310561196e+01 2.132110864621e+01 1 1 1 0.0 0.0 0.0
Bi 2.060064939958e+01 9.076988462001e+00 2.132110864621e+01 1 1 1 0.0 0.0 0.0
Bi 5.649272818647e+00 6.570871312042e+00 2.132110864621e+01 1 1 1 0.0 0.0 0.0
Bi 1.336611234424e+01 9.912360845320e+00 2.132110864621e+01 1 1 1 0.0 0.0 0.0
Bi 1.674222963678e+01 7.406243695362e+00 2.132110864621e+01 1 1 1 0.0 0.0 0.0
Bi 2.011834692932e+01 4.900126545403e+00 2.132110864621e+01 1 1 1 0.0 0.0 0.0
Bi 9.507692581443e+00 8.241616078681e+00 2.132110864621e+01 1 1 1 0.0 0.0 0.0
Bi 1.288380987398e+01 5.735498928723e+00 2.132110864621e+01 1 1 1 0.0 0.0 0.0
Bi 1.625992716652e+01 3.229381778764e+00 2.132110864621e+01 1 1 1 0.0 0.0 0.0
Bi 1.308550585596e+00 7.232646288056e-01 2.132110864621e+01 1 1 1 0.0 0.0 0.0
Bi 9.025390111188e+00 4.064754162084e+00 2.132110864621e+01 1 1 1 0.0 0.0 0.0
Bi 1.240150740373e+01 1.558637012125e+00 2.132110864621e+01 1 1 1 0.0 0.0 0.0
Bi 2.494137163263e+01 1.492459514524e+01 2.132110864621e+01 1 1 1 0.0 0.0 0.0
Bi 5.166970348392e+00 2.394009395445e+00 2.132110864621e+01 1 1 1 0.0 0.0 0.0
Bi 1.770683457729e+01 1.575996752856e+01 2.132110864621e+01 1 1 1 0.0 0.0 0.0
Bi 2.108295186983e+01 1.325385037860e+01 2.132110864621e+01 1 1 1 0.0 0.0 0.0
Bi 1.384841481449e+01 1.408922276192e+01 2.132110864621e+01 1 1 1 0.0 0.0 0.0
Bi 9.989995051698e+00 1.241847799528e+01 2.132110864621e+01 1 1 1 0.0 0.0 0.0
Se 3.718741592019e+00 5.487825704608e+00 7.500000000000e+00 1 1 1 0.0 0.0 0.0
Se 6.336955002461e+00 7.755265030761e+00 7.500000000000e+00 1 1 1 0.0 0.0 0.0
Se 8.955168412903e+00 1.002270435691e+01 7.500000000000e+00 1 1 1 0.0 0.0 0.0
Se 1.157338182334e+01 1.229014368307e+01 7.500000000000e+00 1 1 1 0.0 0.0 0.0
Se 8.300615060198e+00 1.342386334614e+01 7.500000000000e+00 1 1 1 0.0 0.0 0.0
Se 1.091882847064e+01 1.569130267230e+01 7.500000000000e+00 1 1 1 0.0 0.0 0.0
Se 4.373294944724e+00 2.086666715379e+00 7.500000000000e+00 1 1 1 0.0 0.0 0.0
Se 6.991508355166e+00 4.354106041532e+00 7.500000000000e+00 1 1 1 0.0 0.0 0.0
Se 9.609721765607e+00 6.621545367685e+00 7.500000000000e+00 1 1 1 0.0 0.0 0.0
Se 1.222793517605e+01 8.888984693838e+00 7.500000000000e+00 1 1 1 0.0 0.0 0.0
Se 1.484614858649e+01 1.115642401999e+01 7.500000000000e+00 1 1 1 0.0 0.0 0.0
Se 1.419159523379e+01 1.455758300922e+01 7.500000000000e+00 1 1 1 0.0 0.0 0.0
Se 7.646061707870e+00 9.529470523022e-01 7.500000000000e+00 1 1 1 0.0 0.0 0.0
Se 1.026427511831e+01 3.220386378455e+00 7.500000000000e+00 1 1 1 0.0 0.0 0.0
Se 1.288248852875e+01 5.487825704608e+00 7.500000000000e+00 1 1 1 0.0 0.0 0.0
Se 1.550070193920e+01 7.755265030761e+00 7.500000000000e+00 1 1 1 0.0 0.0 0.0
Se 1.811891534964e+01 1.002270435691e+01 7.500000000000e+00 1 1 1 0.0 0.0 0.0
Se 2.073712876008e+01 1.229014368307e+01 7.500000000000e+00 1 1 1 0.0 0.0 0.0
Se 1.746436199693e+01 1.342386334614e+01 7.500000000000e+00 1 1 1 0.0 0.0 0.0
Se 2.008257540737e+01 1.569130267230e+01 7.500000000000e+00 1 1 1 0.0 0.0 0.0
Se 1.353704188146e+01 2.086666715379e+00 7.500000000000e+00 1 1 1 0.0 0.0 0.0
Se 1.615525529190e+01 4.354106041532e+00 7.500000000000e+00 1 1 1 0.0 0.0 0.0
Se 1.877346870234e+01 6.621545367685e+00 7.500000000000e+00 1 1 1 0.0 0.0 0.0
Se 2.139168211278e+01 8.888984693838e+00 7.500000000000e+00 1 1 1 0.0 0.0 0.0
Se 2.400989552323e+01 1.115642401999e+01 7.500000000000e+00 1 1 1 0.0 0.0 0.0
Se 2.335534217052e+01 1.455758300922e+01 7.500000000000e+00 1 1 1 0.0 0.0 0.0
Se 1.680980864460e+01 9.529470523022e-01 7.500000000000e+00 1 1 1 0.0 0.0 0.0
Se 1.942802205505e+01 3.220386378455e+00 7.500000000000e+00 1 1 1 0.0 0.0 0.0
Se 4.366140553231e+00 7.384384618899e+00 1.364602824434e+01 1 1 1 0.0 0.0 0.0
Se 6.984353963673e+00 9.651823945052e+00 1.364602824434e+01 1 1 1 0.0 0.0 0.0
Se 9.602567374115e+00 1.191926327121e+01 1.364602824434e+01 1 1 1 0.0 0.0 0.0
Se 1.222078078456e+01 1.418670259736e+01 1.364602824434e+01 1 1 1 0.0 0.0 0.0
Se 8.948014021410e+00 1.532042226043e+01 1.364602824434e+01 1 1 1 0.0 0.0 0.0
Se 2.402480495494e+00 1.715786303517e+00 1.364602824434e+01 1 1 1 0.0 0.0 0.0
Se 5.020693905936e+00 3.983225629670e+00 1.364602824434e+01 1 1 1 0.0 0.0 0.0
Se 7.638907316378e+00 6.250664955823e+00 1.364602824434e+01 1 1 1 0.0 0.0 0.0
Se 1.025712072682e+01 8.518104281976e+00 1.364602824434e+01 1 1 1 0.0 0.0 0.0
Se 1.287533413726e+01 1.078554360813e+01 1.364602824434e+01 1 1 1 0.0 0.0 0.0
Se 1.549354754770e+01 1.305298293428e+01 1.364602824434e+01 1 1 1 0.0 0.0 0.0
Se 5.675247258641e+00 5.820666404402e-01 1.364602824434e+01 1 1 1 0.0 0.0 0.0
Se 8.293460669083e+00 2.849505966593e+00 1.364602824434e+01 1 1 1 0.0 0.0 0.0
Se 1.091167407952e+01 5.116945292746e+00 1.364602824434e+01 1 1 1 0.0 0.0 0.0
Se 1.352988748997e+01 7.384384618899e+00 1.364602824434e+01 1 1 1 0.0 0.0 0.0
Se 1.614810090041e+01 9.651823945052e+00 1.364602824434e+01 1 1 1 0.0 0.0 0.0
Se 1.876631431085e+01 1.191926327121e+01 1.364602824434e+01 1 1 1 0.0 0.0 0.0
Se 2.138452772129e+01 1.418670259736e+01 1.364602824434e+01 1 1 1 0.0 0.0 0.0
Se 1.811176095814e+01 1.532042226043e+01 1.364602824434e+01 1 1 1 0.0 0.0 0.0
Se 1.156622743223e+01 1.715786303517e+00 1.364602824434e+01 1 1 1 0.0 0.0 0.0
Se 1.418444084267e+01 3.983225629670e+00 1.364602824434e+01 1 1 1 0.0 0.0 0.0
Se 1.680265425311e+01 6.250664955823e+00 1.364602824434e+01 1 1 1 0.0 0.0 0.0
Se 1.942086766355e+01 8.518104281976e+00 1.364602824434e+01 1 1 1 0.0 0.0 0.0
Se 2.203908107400e+01 1.078554360813e+01 1.364602824434e+01 1 1 1 0.0 0.0 0.0
Se 2.465729448444e+01 1.305298293428e+01 1.364602824434e+01 1 1 1 0.0 0.0 0.0
Se 1.483899419538e+01 5.820666404402e-01 1.364602824434e+01 1 1 1 0.0 0.0 0.0
Se 1.745720760582e+01 2.849505966593e+00 1.364602824434e+01 1 1 1 0.0 0.0 0.0
Se 2.007542101626e+01 5.116945292746e+00 1.364602824434e+01 1 1 1 0.0 0.0 0.0
Se 3.718298740848e+00 5.488806559463e+00 1.086443756309e+01 1 1 1 0.0 0.0 0.0
Se 6.336512151290e+00 7.756245885616e+00 1.086443756309e+01 1 1 1 0.0 0.0 0.0
Se 8.954725561732e+00 1.002368521177e+01 1.086443756309e+01 1 1 1 0.0 0.0 0.0
Se 1.157293897217e+01 1.229112453792e+01 1.086443756309e+01 1 1 1 0.0 0.0 0.0
Se 8.300172209027e+00 1.342484420100e+01 1.086443756309e+01 1 1 1 0.0 0.0 0.0
Se 1.091838561947e+01 1.569228352715e+01 1.086443756309e+01 1 1 1 0.0 0.0 0.0
Se 4.372852093553e+00 2.087647570234e+00 1.086443756309e+01 1 1 1 0.0 0.0 0.0
Se 6.991065503994e+00 4.355086896387e+00 1.086443756309e+01 1 1 1 0.0 0.0 0.0
Se 9.609278914436e+00 6.622526222540e+00 1.086443756309e+01 1 1 1 0.0 0.0 0.0
Se 1.222749232488e+01 8.889965548693e+00 1.086443756309e+01 1 1 1 0.0 0.0 0.0
Se 1.484570573532e+01 1.115740487485e+01 1.086443756309e+01 1 1 1 0.0 0.0 0.0
Se 1.419115238261e+01 1.455856386408e+01 1.086443756309e+01 1 1 1 0.0 0.0 0.0
Se 7.645618856699e+00 9.539279071572e-01 1.086443756309e+01 1 1 1 0.0 0.0 0.0
Se 1.026383226714e+01 3.221367233310e+00 1.086443756309e+01 1 1 1 0.0 0.0 0.0
Se 1.288204567758e+01 5.488806559463e+00 1.086443756309e+01 1 1 1 0.0 0.0 0.0
Se 1.550025908802e+01 7.756245885616e+00 1.086443756309e+01 1 1 1 0.0 0.0 0.0
Se 1.811847249847e+01 1.002368521177e+01 1.086443756309e+01 1 1 1 0.0 0.0 0.0
Se 2.073668590891e+01 1.229112453792e+01 1.086443756309e+01 1 1 1 0.0 0.0 0.0
Se 1.746391914576e+01 1.342484420100e+01 1.086443756309e+01 1 1 1 0.0 0.0 0.0
Se 2.008213255620e+01 1.569228352715e+01 1.086443756309e+01 1 1 1 0.0 0.0 0.0
Se 1.353659903029e+01 2.087647570234e+00 1.086443756309e+01 1 1 1 0.0 0.0 0.0
Se 1.615481244073e+01 4.355086896387e+00 1.086443756309e+01 1 1 1 0.0 0.0 0.0
Se 1.877302585117e+01 6.622526222540e+00 1.086443756309e+01 1 1 1 0.0 0.0 0.0
Se 2.139123926161e+01 8.889965548693e+00 1.086443756309e+01 1 1 1 0.0 0.0 0.0
Se 2.400945267205e+01 1.115740487485e+01 1.086443756309e+01 1 1 1 0.0 0.0 0.0
Se 2.335489931935e+01 1.455856386408e+01 1.086443756309e+01 1 1 1 0.0 0.0 0.0
Se 1.680936579343e+01 9.539279071572e-01 1.086443756309e+01 1 1 1 0.0 0.0 0.0
Se 1.942757920388e+01 3.221367233310e+00 1.086443756309e+01 1 1 1 0.0 0.0 0.0
Se 4.365874872662e+00 7.385408677455e+00 1.701046802998e+01 1 1 1 0.0 0.0 0.0
Se 6.984088283104e+00 9.652848003608e+00 1.701046802998e+01 1 1 1 0.0 0.0 0.0
Se 9.602301693545e+00 1.192028732976e+01 1.701046802998e+01 1 1 1 0.0 0.0 0.0
Se 1.222051510399e+01 1.418772665591e+01 1.701046802998e+01 1 1 1 0.0 0.0 0.0
Se 8.947748340841e+00 1.532144631899e+01 1.701046802998e+01 1 1 1 0.0 0.0 0.0
Se 2.402214814925e+00 1.716810362073e+00 1.701046802998e+01 1 1 1 0.0 0.0 0.0
Se 5.020428225367e+00 3.984249688226e+00 1.701046802998e+01 1 1 1 0.0 0.0 0.0
Se 7.638641635808e+00 6.251689014379e+00 1.701046802998e+01 1 1 1 0.0 0.0 0.0
Se 1.025685504625e+01 8.519128340532e+00 1.701046802998e+01 1 1 1 0.0 0.0 0.0
Se 1.287506845669e+01 1.078656766668e+01 1.701046802998e+01 1 1 1 0.0 0.0 0.0
Se 1.549328186713e+01 1.305400699284e+01 1.701046802998e+01 1 1 1 0.0 0.0 0.0
Se 5.674981578071e+00 5.830906989961e-01 1.701046802998e+01 1 1 1 0.0 0.0 0.0
Se 8.293194988513e+00 2.850530025149e+00 1.701046802998e+01 1 1 1 0.0 0.0 0.0
Se 1.091140839895e+01 5.117969351302e+00 1.701046802998e+01 1 1 1 0.0 0.0 0.0
Se 1.352962180940e+01 7.385408677455e+00 1.701046802998e+01 1 1 1 0.0 0.0 0.0
Se 1.614783521984e+01 9.652848003608e+00 1.701046802998e+01 1 1 1 0.0 0.0 0.0
Se 1.876604863028e+01 1.192028732976e+01 1.701046802998e+01 1 1 1 0.0 0.0 0.0
Se 2.138426204072e+01 1.418772665591e+01 1.701046802998e+01 1 1 1 0.0 0.0 0.0
Se 1.811149527758e+01 1.532144631899e+01 1.701046802998e+01 1 1 1 0.0 0.0 0.0
Se 1.156596175166e+01 1.716810362073e+00 1.701046802998e+01 1 1 1 0.0 0.0 0.0
Se 1.418417516210e+01 3.984249688226e+00 1.701046802998e+01 1 1 1 0.0 0.0 0.0
Se 1.680238857254e+01 6.251689014379e+00 1.701046802998e+01 1 1 1 0.0 0.0 0.0
Se 1.942060198298e+01 8.519128340532e+00 1.701046802998e+01 1 1 1 0.0 0.0 0.0
Se 2.203881539343e+01 1.078656766668e+01 1.701046802998e+01 1 1 1 0.0 0.0 0.0
Se 2.465702880387e+01 1.305400699284e+01 1.701046802998e+01 1 1 1 0.0 0.0 0.0
Se 1.483872851481e+01 5.830906989961e-01 1.701046802998e+01 1 1 1 0.0 0.0 0.0
Se 1.745694192525e+01 2.850530025149e+00 1.701046802998e+01 1 1 1 0.0 0.0 0.0
Se 2.007515533569e+01 5.117969351302e+00 1.701046802998e+01 1 1 1 0.0 0.0 0.0
Se 1.958364805300e+01 1.121744983167e+01 3.696241589303e+01 1 1 1 0.0 0.0 0.0
Se 1.234911099766e+01 1.205282221499e+01 3.696241589303e+01 1 1 1 0.0 0.0 0.0
Se 1.572522829020e+01 9.546705065036e+00 3.696241589303e+01 1 1 1 0.0 0.0 0.0
Se 1.910134558275e+01 7.040587915077e+00 3.696241589303e+01 1 1 1 0.0 0.0 0.0
Se 8.490691234868e+00 1.038207744836e+01 3.696241589303e+01 1 1 1 0.0 0.0 0.0
Se 1.186680852741e+01 7.875960298397e+00 3.696241589303e+01 1 1 1 0.0 0.0 0.0
Se 1.524292581995e+01 5.369843148438e+00 3.696241589303e+01 1 1 1 0.0 0.0 0.0
Se 2.295976534554e+01 8.711332681716e+00 3.696241589303e+01 1 1 1 0.0 0.0 0.0
Se 8.008388764613e+00 6.205215531758e+00 3.696241589303e+01 1 1 1 0.0 0.0 0.0
Se 1.138450605715e+01 3.699098381799e+00 3.696241589303e+01 1 1 1 0.0 0.0 0.0
Se 1.476062334969e+01 1.192981231840e+00 3.696241589303e+01 1 1 1 0.0 0.0 0.0
Se 4.149969001817e+00 4.534470765118e+00 3.696241589303e+01 1 1 1 0.0 0.0 0.0
Se 7.526086294358e+00 2.028353615160e+00 3.696241589303e+01 1 1 1 0.0 0.0 0.0
Se 2.006595052326e+01 1.539431174827e+01 3.696241589303e+01 1 1 1 0.0 0.0 0.0
Se 1.861904311249e+01 2.863725998479e+00 3.696241589303e+01 1 1 1 0.0 0.0 0.0
Se 3.667666531562e+00 3.576088485208e-01 3.696241589303e+01 1 1 1 0.0 0.0 0.0
Se 1.620753076046e+01 1.372356698163e+01 3.696241589303e+01 1 1 1 0.0 0.0 0.0
Se 8.972993705124e+00 1.455893936495e+01 3.696241589303e+01 1 1 1 0.0 0.0 0.0
Se 2.344206781580e+01 1.288819459831e+01 3.696241589303e+01 1 1 1 0.0 0.0 0.0
Se 2.444432565382e+01 1.066220912234e+01 3.332483142763e+01 1 1 1 0.0 0.0 0.0
Se 1.720978859849e+01 1.149758150566e+01 3.332483142763e+01 1 1 1 0.0 0.0 0.0
Se 2.058590589103e+01 8.991464355704e+00 3.332483142763e+01 1 1 1 0.0 0.0 0.0
Se 5.634529310098e+00 6.485347205745e+00 3.332483142763e+01 1 1 1 0.0 0.0 0.0
Se 1.335136883569e+01 9.826836739023e+00 3.332483142763e+01 1 1 1 0.0 0.0 0.0
Se 1.672748612823e+01 7.320719589065e+00 3.332483142763e+01 1 1 1 0.0 0.0 0.0
Se 2.010360342077e+01 4.814602439106e+00 3.332483142763e+01 1 1 1 0.0 0.0 0.0
Se 9.492949072894e+00 8.156091972384e+00 3.332483142763e+01 1 1 1 0.0 0.0 0.0
Se 1.286906636543e+01 5.649974822426e+00 3.332483142763e+01 1 1 1 0.0 0.0 0.0
Se 1.624518365798e+01 3.143857672467e+00 3.332483142763e+01 1 1 1 0.0 0.0 0.0
Se 1.293807077047e+00 6.377405225086e-01 3.332483142763e+01 1 1 1 0.0 0.0 0.0
Se 9.010646602639e+00 3.979230055787e+00 3.332483142763e+01 1 1 1 0.0 0.0 0.0
Se 1.238676389518e+01 1.473112905828e+00 3.332483142763e+01 1 1 1 0.0 0.0 0.0
Se 2.492662812408e+01 1.483907103894e+01 3.332483142763e+01 1 1 1 0.0 0.0 0.0
Se 5.152226839843e+00 2.308485289148e+00 3.332483142763e+01 1 1 1 0.0 0.0 0.0
Se 1.769209106874e+01 1.567444342226e+01 3.332483142763e+01 1 1 1 0.0 0.0 0.0
Se 2.106820836128e+01 1.316832627230e+01 3.332483142763e+01 1 1 1 0.0 0.0 0.0
Se 1.383367130595e+01 1.400369865562e+01 3.332483142763e+01 1 1 1 0.0 0.0 0.0
Se 9.975251543150e+00 1.233295388898e+01 3.332483142763e+01 1 1 1 0.0 0.0 0.0
Se 2.202426988820e+01 1.095061981050e+01 2.969131231352e+01 1 1 1 0.0 0.0 0.0
Se 1.478973283286e+01 1.178599219382e+01 2.969131231352e+01 1 1 1 0.0 0.0 0.0
Se 1.816585012541e+01 9.279875043860e+00 2.969131231352e+01 1 1 1 0.0 0.0 0.0
Se 2.154196741795e+01 6.773757893902e+00 2.969131231352e+01 1 1 1 0.0 0.0 0.0
Se 1.093131307007e+01 1.011524742718e+01 2.969131231352e+01 1 1 1 0.0 0.0 0.0
Se 1.430743036261e+01 7.609130277221e+00 2.969131231352e+01 1 1 1 0.0 0.0 0.0
Se 1.768354765515e+01 5.103013127263e+00 2.969131231352e+01 1 1 1 0.0 0.0 0.0
Se 7.072893307273e+00 8.444502660541e+00 2.969131231352e+01 1 1 1 0.0 0.0 0.0
Se 1.044901059981e+01 5.938385510582e+00 2.969131231352e+01 1 1 1 0.0 0.0 0.0
Se 1.382512789235e+01 3.432268360624e+00 2.969131231352e+01 1 1 1 0.0 0.0 0.0
Se 1.720124518489e+01 9.261512106651e-01 2.969131231352e+01 1 1 1 0.0 0.0 0.0
Se 6.590590837017e+00 4.267640743943e+00 2.969131231352e+01 1 1 1 0.0 0.0 0.0
Se 9.966708129558e+00 1.761523593985e+00 2.969131231352e+01 1 1 1 0.0 0.0 0.0
Se 2.250657235846e+01 1.512748172710e+01 2.969131231352e+01 1 1 1 0.0 0.0 0.0
Se 2.732171074221e+00 2.596895977304e+00 2.969131231352e+01 1 1 1 0.0 0.0 0.0
Se 6.108288366762e+00 9.077882734558e-02 2.969131231352e+01 1 1 1 0.0 0.0 0.0
Se 1.864815259566e+01 1.345673696046e+01 2.969131231352e+01 1 1 1 0.0 0.0 0.0
Se 1.141361554032e+01 1.429210934378e+01 2.969131231352e+01 1 1 1 0.0 0.0 0.0
Se 7.555195777528e+00 1.262136457714e+01 2.969131231352e+01 1 1 1 0.0 0.0 0.0
Se 2.445986159693e+01 1.074361431396e+01 2.692457590224e+01 1 1 1 0.0 0.0 0.0
Se 1.722532454159e+01 1.157898669728e+01 2.692457590224e+01 1 1 1 0.0 0.0 0.0
Se 2.060144183413e+01 9.072869547318e+00 2.692457590224e+01 1 1 1 0.0 0.0 0.0
Se 5.650065253202e+00 6.566752397359e+00 2.692457590224e+01 1 1 1 0.0 0.0 0.0
Se 1.336690477879e+01 9.908241930637e+00 2.692457590224e+01 1 1 1 0.0 0.0 0.0
Se 1.674302207133e+01 7.402124780679e+00 2.692457590224e+01 1 1 1 0.0 0.0 0.0
Se 2.011913936388e+01 4.896007630720e+00 2.692457590224e+01 1 1 1 0.0 0.0 0.0
Se 9.508485015998e+00 8.237497163998e+00 2.692457590224e+01 1 1 1 0.0 0.0 0.0
Se 1.288460230854e+01 5.731380014040e+00 2.692457590224e+01 1 1 1 0.0 0.0 0.0
Se 1.626071960108e+01 3.225262864081e+00 2.692457590224e+01 1 1 1 0.0 0.0 0.0
Se 1.309343020151e+00 7.191457141226e-01 2.692457590224e+01 1 1 1 0.0 0.0 0.0
Se 9.026182545743e+00 4.060635247401e+00 2.692457590224e+01 1 1 1 0.0 0.0 0.0
Se 1.240229983828e+01 1.554518097442e+00 2.692457590224e+01 1 1 1 0.0 0.0 0.0
Se 2.494216406718e+01 1.492047623055e+01 2.692457590224e+01 1 1 1 0.0 0.0 0.0
Se 5.167762782947e+00 2.389890480762e+00 2.692457590224e+01 1 1 1 0.0 0.0 0.0
Se 1.770762701184e+01 1.575584861387e+01 2.692457590224e+01 1 1 1 0.0 0.0 0.0
Se 2.108374430439e+01 1.324973146392e+01 2.692457590224e+01 1 1 1 0.0 0.0 0.0
Se 1.384920724905e+01 1.408510384724e+01 2.692457590224e+01 1 1 1 0.0 0.0 0.0
Se 9.990787486253e+00 1.241435908060e+01 2.692457590224e+01 1 1 1 0.0 0.0 0.0
Se 2.203157623663e+01 1.103279697668e+01 2.330671355540e+01 1 1 1 0.0 0.0 0.0
Se 1.479703918130e+01 1.186816935999e+01 2.330671355540e+01 1 1 1 0.0 0.0 0.0
Se 1.817315647384e+01 9.362052210036e+00 2.330671355540e+01 1 1 1 0.0 0.0 0.0
Se 2.154927376638e+01 6.855935060078e+00 2.330671355540e+01 1 1 1 0.0 0.0 0.0
Se 1.093861941850e+01 1.019742459336e+01 2.330671355540e+01 1 1 1 0.0 0.0 0.0
Se 1.431473671104e+01 7.691307443397e+00 2.330671355540e+01 1 1 1 0.0 0.0 0.0
Se 1.769085400358e+01 5.185190293439e+00 2.330671355540e+01 1 1 1 0.0 0.0 0.0
Se 7.080199655704e+00 8.526679826717e+00 2.330671355540e+01 1 1 1 0.0 0.0 0.0
Se 1.045631694824e+01 6.020562676758e+00 2.330671355540e+01 1 1 1 0.0 0.0 0.0
Se 1.383243424079e+01 3.514445526799e+00 2.330671355540e+01 1 1 1 0.0 0.0 0.0
Se 1.720855153333e+01 1.008328376841e+00 2.330671355540e+01 1 1 1 0.0 0.0 0.0
Se 6.597897185449e+00 4.349817910119e+00 2.330671355540e+01 1 1 1 0.0 0.0 0.0
Se 9.974014477990e+00 1.843700760160e+00 2.330671355540e+01 1 1 1 0.0 0.0 0.0
Se 2.251387870689e+01 1.520965889327e+01 2.330671355540e+01 1 1 1 0.0 0.0 0.0
Se 2.739477422653e+00 2.679073143480e+00 2.330671355540e+01 1 1 1 0.0 0.0 0.0
Se 6.115594715194e+00 1.729559935213e-01 2.330671355540e+01 1 1 1 0.0 0.0 0.0
Se 1.865545894409e+01 1.353891412663e+01 2.330671355540e+01 1 1 1 0.0 0.0 0.0
Se 1.142092188876e+01 1.437428650995e+01 2.330671355540e+01 1 1 1 0.0 0.0 0.0
Se 7.562502125959e+00 1.270354174331e+01 2.330671355540e+01 1 1 1 0.0 0.0 0.0
Se 1.960670639061e+01 1.130690653596e+01 1.968357859229e+01 1 1 1 0.0 0.0 0.0
Se 1.237216933528e+01 1.214227891928e+01 1.968357859229e+01 1 1 1 0.0 0.0 0.0
Se 1.574828662782e+01 9.636161769325e+00 1.968357859229e+01 1 1 1 0.0 0.0 0.0
Se 1.912440392036e+01 7.130044619366e+00 1.968357859229e+01 1 1 1 0.0 0.0 0.0
Se 8.513749572480e+00 1.047153415264e+01 1.968357859229e+01 1 1 1 0.0 0.0 0.0
Se 1.188986686502e+01 7.965417002686e+00 1.968357859229e+01 1 1 1 0.0 0.0 0.0
Se 1.526598415756e+01 5.459299852727e+00 1.968357859229e+01 1 1 1 0.0 0.0 0.0
Se 2.298282368315e+01 8.800789386005e+00 1.968357859229e+01 1 1 1 0.0 0.0 0.0
Se 8.031447102225e+00 6.294672236047e+00 1.968357859229e+01 1 1 1 0.0 0.0 0.0
Se 1.140756439477e+01 3.788555086088e+00 1.968357859229e+01 1 1 1 0.0 0.0 0.0
Se 1.478368168731e+01 1.282437936130e+00 1.968357859229e+01 1 1 1 0.0 0.0 0.0
Se 4.173027339429e+00 4.623927469408e+00 1.968357859229e+01 1 1 1 0.0 0.0 0.0
Se 7.549144631970e+00 2.117810319449e+00 1.968357859229e+01 1 1 1 0.0 0.0 0.0
Se 2.008900886087e+01 1.548376845256e+01 1.968357859229e+01 1 1 1 0.0 0.0 0.0
Se 1.864210145010e+01 2.953182702769e+00 1.968357859229e+01 1 1 1 0.0 0.0 0.0
Se 3.690724869174e+00 4.470655528101e-01 1.968357859229e+01 1 1 1 0.0 0.0 0.0
Se 1.623058909807e+01 1.381302368592e+01 1.968357859229e+01 1 1 1 0.0 0.0 0.0
Se 8.996052042736e+00 1.464839606924e+01 1.968357859229e+01 1 1 1 0.0 0.0 0.0
Se 2.346512615341e+01 1.297765130260e+01 1.968357859229e+01 1 1 1 0.0 0.0 0.0
"