calculation_mode = "Quench Electrons"
cell_relax = "False"
charge_density_mixing = "0.1"
charge_mixing_type = "Broyden"
description = "Example parameters for high-throughput bulk relaxation of a vdW material"
dos_broading = "0.05"
dos_method = "Gaussian"
energy_convergence_criterion = "1e-10"
energy_output_units = "Hartrees"
kohn_sham_mucycles = "3"
kohn_sham_solver = "davidson"
kpoint_distribution = "1"
kpoint_mesh = "2 1 1"
localize_projectors = "False"
max_md_steps = "100"
max_scf_steps = "200"
non_local_block_size = "4000"
output_wave_function_file = "/dev/null"
potential_acceleration_constant_step = "1.5"
processor_grid = "2 16 14"
rms_convergence_criterion = "1e-08"
scalapack_block_factor = "64"
start_mode = "LCAO Start"
state_block_size = "64"
stress = "True"
subdiag_driver = "scalapack"
use_async_allreduce = "False"
vdw_corr = "DFT-D3"
vdwdf_kernel_filepath = "/lustre/orion/world-shared/cph162/rjmorelock/rmgdft/XC/vdW_kernel_table"
wavefunction_grid = "60 384 378"
write_data_period = "50"

atomic_coordinate_type = "Absolute"
crds_units = "Angstrom"
lattice_units = "Angstrom"

lattice_vector = "
6.927141563561e+00 0.000000000000e+00 4.000000000000e-16
1.731785388396e+00 4.499310427385e+01 2.800000000000e-15
0.000000000000e+00 0.000000000000e+00 4.446241589303e+01
"
atoms = "
Nb 4.075243388665e+00 3.853752087250e+01 1.532833092694e+01 1 1 1 0.0 0.0 0.0
Nb 7.538814170445e+00 3.853752087250e+01 1.532833092694e+01 1 1 1 0.0 0.0 0.0
Nb 2.343457997941e+00 3.553798058757e+01 1.532833092694e+01 1 1 1 0.0 0.0 0.0
Nb 5.807028779721e+00 3.553798058757e+01 1.532833092694e+01 1 1 1 0.0 0.0 0.0
Nb 4.075243388997e+00 3.253844030265e+01 1.532833092694e+01 1 1 1 0.0 0.0 0.0
Nb 7.538814170777e+00 3.253844030265e+01 1.532833092694e+01 1 1 1 0.0 0.0 0.0
Nb 2.343457998273e+00 2.953890001773e+01 1.532833092694e+01 1 1 1 0.0 0.0 0.0
Nb 5.807028780054e+00 2.953890001773e+01 1.532833092694e+01 1 1 1 0.0 0.0 0.0
Nb 4.075243389330e+00 2.653935973281e+01 1.532833092694e+01 1 1 1 0.0 0.0 0.0
Nb 7.538814171110e+00 2.653935973281e+01 1.532833092694e+01 1 1 1 0.0 0.0 0.0
Nb 2.343457998606e+00 2.353981944788e+01 1.532833092694e+01 1 1 1 0.0 0.0 0.0
Nb 5.807028780386e+00 2.353981944788e+01 1.532833092694e+01 1 1 1 0.0 0.0 0.0
Nb 4.075243389662e+00 2.054027916296e+01 1.532833092694e+01 1 1 1 0.0 0.0 0.0
Nb 7.538814171442e+00 2.054027916296e+01 1.532833092694e+01 1 1 1 0.0 0.0 0.0
Nb 2.343457998938e+00 1.754073887804e+01 1.532833092694e+01 1 1 1 0.0 0.0 0.0
Nb 5.807028780719e+00 1.754073887804e+01 1.532833092694e+01 1 1 1 0.0 0.0 0.0
Nb 4.075243389995e+00 1.454119859311e+01 1.532833092694e+01 1 1 1 0.0 0.0 0.0
Nb 6.116726082144e-01 1.454119859311e+01 1.532833092694e+01 1 1 1 0.0 0.0 0.0
Nb 2.343457999271e+00 1.154165830819e+01 1.532833092694e+01 1 1 1 0.0 0.0 0.0
Nb 5.807028781051e+00 1.154165830819e+01 1.532833092694e+01 1 1 1 0.0 0.0 0.0
Nb 4.075243390327e+00 8.542118023266e+00 1.532833092694e+01 1 1 1 0.0 0.0 0.0
Nb 6.116726085470e-01 8.542118023266e+00 1.532833092694e+01 1 1 1 0.0 0.0 0.0
Nb 2.343457999603e+00 5.542577738342e+00 1.532833092694e+01 1 1 1 0.0 0.0 0.0
Nb 5.807028781384e+00 5.542577738342e+00 1.532833092694e+01 1 1 1 0.0 0.0 0.0
Nb 4.075243390660e+00 2.543037453419e+00 1.532833092694e+01 1 1 1 0.0 0.0 0.0
Nb 6.116726088795e-01 2.543037453419e+00 1.532833092694e+01 1 1 1 0.0 0.0 0.0
Nb 4.075243388332e+00 4.453660144234e+01 1.532833092694e+01 1 1 1 0.0 0.0 0.0
Nb 7.538814170112e+00 4.453660144234e+01 1.532833092694e+01 1 1 1 0.0 0.0 0.0
Nb 2.343457997608e+00 4.153706115742e+01 1.532833092694e+01 1 1 1 0.0 0.0 0.0
Nb 5.807028779389e+00 4.153706115742e+01 1.532833092694e+01 1 1 1 0.0 0.0 0.0
Nb 4.074260549221e+00 3.852776471371e+01 9.182088683320e+00 1 1 1 0.0 0.0 0.0
Nb 7.537831331002e+00 3.852776471371e+01 9.182088683320e+00 1 1 1 0.0 0.0 0.0
Nb 2.342475158497e+00 3.552822442878e+01 9.182088683320e+00 1 1 1 0.0 0.0 0.0
Nb 5.806045940278e+00 3.552822442878e+01 9.182088683320e+00 1 1 1 0.0 0.0 0.0
Nb 4.074260549554e+00 3.252868414386e+01 9.182088683320e+00 1 1 1 0.0 0.0 0.0
Nb 7.537831331334e+00 3.252868414386e+01 9.182088683320e+00 1 1 1 0.0 0.0 0.0
Nb 2.342475158830e+00 2.952914385894e+01 9.182088683320e+00 1 1 1 0.0 0.0 0.0
Nb 5.806045940610e+00 2.952914385894e+01 9.182088683320e+00 1 1 1 0.0 0.0 0.0
Nb 4.074260549886e+00 2.652960357401e+01 9.182088683320e+00 1 1 1 0.0 0.0 0.0
Nb 7.537831331667e+00 2.652960357401e+01 9.182088683320e+00 1 1 1 0.0 0.0 0.0
Nb 2.342475159162e+00 2.353006328909e+01 9.182088683320e+00 1 1 1 0.0 0.0 0.0
Nb 5.806045940943e+00 2.353006328909e+01 9.182088683320e+00 1 1 1 0.0 0.0 0.0
Nb 4.074260550219e+00 2.053052300417e+01 9.182088683320e+00 1 1 1 0.0 0.0 0.0
Nb 7.537831331999e+00 2.053052300417e+01 9.182088683320e+00 1 1 1 0.0 0.0 0.0
Nb 2.342475159495e+00 1.753098271924e+01 9.182088683320e+00 1 1 1 0.0 0.0 0.0
Nb 5.806045941275e+00 1.753098271924e+01 9.182088683320e+00 1 1 1 0.0 0.0 0.0
Nb 4.074260550551e+00 1.453144243432e+01 9.182088683320e+00 1 1 1 0.0 0.0 0.0
Nb 6.106897687711e-01 1.453144243432e+01 9.182088683320e+00 1 1 1 0.0 0.0 0.0
Nb 2.342475159828e+00 1.153190214940e+01 9.182088683320e+00 1 1 1 0.0 0.0 0.0
Nb 5.806045941608e+00 1.153190214940e+01 9.182088683320e+00 1 1 1 0.0 0.0 0.0
Nb 4.074260550884e+00 8.532361864474e+00 9.182088683320e+00 1 1 1 0.0 0.0 0.0
Nb 6.106897691037e-01 8.532361864474e+00 9.182088683320e+00 1 1 1 0.0 0.0 0.0
Nb 2.342475160160e+00 5.532821579551e+00 9.182088683320e+00 1 1 1 0.0 0.0 0.0
Nb 5.806045941940e+00 5.532821579551e+00 9.182088683320e+00 1 1 1 0.0 0.0 0.0
Nb 4.074260551216e+00 2.533281294628e+00 9.182088683320e+00 1 1 1 0.0 0.0 0.0
Nb 6.106897694362e-01 2.533281294628e+00 9.182088683320e+00 1 1 1 0.0 0.0 0.0
Nb 4.074260548889e+00 4.452684528355e+01 9.182088683320e+00 1 1 1 0.0 0.0 0.0
Nb 7.537831330669e+00 4.452684528355e+01 9.182088683320e+00 1 1 1 0.0 0.0 0.0
Nb 2.342475158165e+00 4.152730499863e+01 9.182088683320e+00 1 1 1 0.0 0.0 0.0
Nb 5.806045939945e+00 4.152730499863e+01 9.182088683320e+00 1 1 1 0.0 0.0 0.0
Bi 4.055139613044e+00 3.966780837951e+01 3.532095071834e+01 1 1 1 0.0 0.0 0.0
Bi 7.601176365938e+00 3.752527960457e+01 3.532095071834e+01 1 1 1 0.0 0.0 0.0
Bi 4.220071555271e+00 3.538275082962e+01 3.532095071834e+01 1 1 1 0.0 0.0 0.0
Bi 7.766108308165e+00 3.324022205468e+01 3.532095071834e+01 1 1 1 0.0 0.0 0.0
Bi 4.385003497499e+00 3.109769327973e+01 3.532095071834e+01 1 1 1 0.0 0.0 0.0
Bi 7.931040250392e+00 2.895516450479e+01 3.532095071834e+01 1 1 1 0.0 0.0 0.0
Bi 4.549935439726e+00 2.681263572984e+01 3.532095071834e+01 1 1 1 0.0 0.0 0.0
Bi 1.168830629059e+00 2.467010695490e+01 3.532095071834e+01 1 1 1 0.0 0.0 0.0
Bi 4.714867381953e+00 2.252757817995e+01 3.532095071834e+01 1 1 1 0.0 0.0 0.0
Bi 1.333762571286e+00 2.038504940501e+01 3.532095071834e+01 1 1 1 0.0 0.0 0.0
Bi 4.879799324180e+00 1.824252063006e+01 3.532095071834e+01 1 1 1 0.0 0.0 0.0
Bi 1.498694513513e+00 1.609999185512e+01 3.532095071834e+01 1 1 1 0.0 0.0 0.0
Bi 5.044731266407e+00 1.395746308017e+01 3.532095071834e+01 1 1 1 0.0 0.0 0.0
Bi 1.663626455740e+00 1.181493430523e+01 3.532095071834e+01 1 1 1 0.0 0.0 0.0
Bi 5.209663208634e+00 9.672405530281e+00 3.532095071834e+01 1 1 1 0.0 0.0 0.0
Bi 1.828558397967e+00 7.529876755336e+00 3.532095071834e+01 1 1 1 0.0 0.0 0.0
Bi 5.374595150861e+00 5.387347980391e+00 3.532095071834e+01 1 1 1 0.0 0.0 0.0
Bi 1.993490340194e+00 3.244819205446e+00 3.532095071834e+01 1 1 1 0.0 0.0 0.0
Bi 5.539527093088e+00 1.102290430501e+00 3.532095071834e+01 1 1 1 0.0 0.0 0.0
Bi 3.890207670817e+00 4.395286592940e+01 3.532095071834e+01 1 1 1 0.0 0.0 0.0
Bi 7.436244423711e+00 4.181033715446e+01 3.532095071834e+01 1 1 1 0.0 0.0 0.0
Bi 1.769588057556e+00 3.969355537756e+01 3.133430771007e+01 1 1 1 0.0 0.0 0.0
Bi 5.315624810450e+00 3.755102660261e+01 3.133430771007e+01 1 1 1 0.0 0.0 0.0
Bi 1.934519999783e+00 3.540849782767e+01 3.133430771007e+01 1 1 1 0.0 0.0 0.0
Bi 5.480556752677e+00 3.326596905272e+01 3.133430771007e+01 1 1 1 0.0 0.0 0.0
Bi 2.099451942010e+00 3.112344027778e+01 3.133430771007e+01 1 1 1 0.0 0.0 0.0
Bi 5.645488694904e+00 2.898091150283e+01 3.133430771007e+01 1 1 1 0.0 0.0 0.0
Bi 2.264383884237e+00 2.683838272789e+01 3.133430771007e+01 1 1 1 0.0 0.0 0.0
Bi 5.810420637131e+00 2.469585395294e+01 3.133430771007e+01 1 1 1 0.0 0.0 0.0
Bi 2.429315826464e+00 2.255332517800e+01 3.133430771007e+01 1 1 1 0.0 0.0 0.0
Bi 5.975352579358e+00 2.041079640305e+01 3.133430771007e+01 1 1 1 0.0 0.0 0.0
Bi 2.594247768691e+00 1.826826762811e+01 3.133430771007e+01 1 1 1 0.0 0.0 0.0
Bi 6.140284521585e+00 1.612573885316e+01 3.133430771007e+01 1 1 1 0.0 0.0 0.0
Bi 2.759179710918e+00 1.398321007822e+01 3.133430771007e+01 1 1 1 0.0 0.0 0.0
Bi 6.305216463812e+00 1.184068130327e+01 3.133430771007e+01 1 1 1 0.0 0.0 0.0
Bi 2.924111653145e+00 9.698152528325e+00 3.133430771007e+01 1 1 1 0.0 0.0 0.0
Bi 6.470148406039e+00 7.555623753380e+00 3.133430771007e+01 1 1 1 0.0 0.0 0.0
Bi 3.089043595372e+00 5.413094978435e+00 3.133430771007e+01 1 1 1 0.0 0.0 0.0
Bi 6.635080348266e+00 3.270566203490e+00 3.133430771007e+01 1 1 1 0.0 0.0 0.0
Bi 3.253975537599e+00 1.128037428544e+00 3.133430771007e+01 1 1 1 0.0 0.0 0.0
Bi 8.531797678889e+00 4.397861292745e+01 3.133430771007e+01 1 1 1 0.0 0.0 0.0
Bi 5.150692868223e+00 4.183608415250e+01 3.133430771007e+01 1 1 1 0.0 0.0 0.0
Bi 1.750321165787e+00 3.976101958215e+01 2.529282906773e+01 1 1 1 0.0 0.0 0.0
Bi 5.296357918680e+00 3.761849080720e+01 2.529282906773e+01 1 1 1 0.0 0.0 0.0
Bi 1.915253108014e+00 3.547596203226e+01 2.529282906773e+01 1 1 1 0.0 0.0 0.0
Bi 5.461289860908e+00 3.333343325731e+01 2.529282906773e+01 1 1 1 0.0 0.0 0.0
Bi 2.080185050241e+00 3.119090448237e+01 2.529282906773e+01 1 1 1 0.0 0.0 0.0
Bi 5.626221803135e+00 2.904837570742e+01 2.529282906773e+01 1 1 1 0.0 0.0 0.0
Bi 2.245116992468e+00 2.690584693248e+01 2.529282906773e+01 1 1 1 0.0 0.0 0.0
Bi 5.791153745362e+00 2.476331815753e+01 2.529282906773e+01 1 1 1 0.0 0.0 0.0
Bi 2.410048934695e+00 2.262078938259e+01 2.529282906773e+01 1 1 1 0.0 0.0 0.0
Bi 5.956085687589e+00 2.047826060764e+01 2.529282906773e+01 1 1 1 0.0 0.0 0.0
Bi 2.574980876922e+00 1.833573183270e+01 2.529282906773e+01 1 1 1 0.0 0.0 0.0
Bi 6.121017629816e+00 1.619320305775e+01 2.529282906773e+01 1 1 1 0.0 0.0 0.0
Bi 2.739912819149e+00 1.405067428281e+01 2.529282906773e+01 1 1 1 0.0 0.0 0.0
Bi 6.285949572043e+00 1.190814550786e+01 2.529282906773e+01 1 1 1 0.0 0.0 0.0
Bi 2.904844761376e+00 9.765616732917e+00 2.529282906773e+01 1 1 1 0.0 0.0 0.0
Bi 6.450881514270e+00 7.623087957972e+00 2.529282906773e+01 1 1 1 0.0 0.0 0.0
Bi 3.069776703603e+00 5.480559183027e+00 2.529282906773e+01 1 1 1 0.0 0.0 0.0
Bi 6.615813456497e+00 3.338030408082e+00 2.529282906773e+01 1 1 1 0.0 0.0 0.0
Bi 3.234708645830e+00 1.195501633137e+00 2.529282906773e+01 1 1 1 0.0 0.0 0.0
Bi 8.512530787120e+00 4.404607713204e+01 2.529282906773e+01 1 1 1 0.0 0.0 0.0
Bi 5.131425976453e+00 4.190354835710e+01 2.529282906773e+01 1 1 1 0.0 0.0 0.0
Bi 6.388945678722e+00 3.976271404402e+01 2.132110864621e+01 1 1 1 0.0 0.0 0.0
Bi 3.007840868055e+00 3.762018526908e+01 2.132110864621e+01 1 1 1 0.0 0.0 0.0
Bi 6.553877620949e+00 3.547765649413e+01 2.132110864621e+01 1 1 1 0.0 0.0 0.0
Bi 3.172772810282e+00 3.333512771919e+01 2.132110864621e+01 1 1 1 0.0 0.0 0.0
Bi 6.718809563176e+00 3.119259894424e+01 2.132110864621e+01 1 1 1 0.0 0.0 0.0
Bi 3.337704752509e+00 2.905007016930e+01 2.132110864621e+01 1 1 1 0.0 0.0 0.0
Bi 6.883741505403e+00 2.690754139435e+01 2.132110864621e+01 1 1 1 0.0 0.0 0.0
Bi 3.502636694736e+00 2.476501261941e+01 2.132110864621e+01 1 1 1 0.0 0.0 0.0
Bi 7.048673447630e+00 2.262248384446e+01 2.132110864621e+01 1 1 1 0.0 0.0 0.0
Bi 3.667568636963e+00 2.047995506952e+01 2.132110864621e+01 1 1 1 0.0 0.0 0.0
Bi 7.213605389857e+00 1.833742629457e+01 2.132110864621e+01 1 1 1 0.0 0.0 0.0
Bi 3.832500579190e+00 1.619489751963e+01 2.132110864621e+01 1 1 1 0.0 0.0 0.0
Bi 7.378537332084e+00 1.405236874468e+01 2.132110864621e+01 1 1 1 0.0 0.0 0.0
Bi 3.997432521417e+00 1.190983996974e+01 2.132110864621e+01 1 1 1 0.0 0.0 0.0
Bi 6.163277107507e-01 9.767311194792e+00 2.132110864621e+01 1 1 1 0.0 0.0 0.0
Bi 4.162364463645e+00 7.624782419847e+00 2.132110864621e+01 1 1 1 0.0 0.0 0.0
Bi 7.812596529778e-01 5.482253644902e+00 2.132110864621e+01 1 1 1 0.0 0.0 0.0
Bi 4.327296405872e+00 3.339724869956e+00 2.132110864621e+01 1 1 1 0.0 0.0 0.0
Bi 9.461915952048e-01 1.197196095011e+00 2.132110864621e+01 1 1 1 0.0 0.0 0.0
Bi 6.224013736495e+00 4.404777159391e+01 2.132110864621e+01 1 1 1 0.0 0.0 0.0
Bi 2.842908925828e+00 4.190524281897e+01 2.132110864621e+01 1 1 1 0.0 0.0 0.0
Se 5.806485660684e+00 3.952725888973e+01 7.500000000000e+00 1 1 1 0.0 0.0 0.0
Se 2.342914878904e+00 3.952725888973e+01 7.500000000000e+00 1 1 1 0.0 0.0 0.0
Se 4.074700269960e+00 3.652771860480e+01 7.500000000000e+00 1 1 1 0.0 0.0 0.0
Se 7.538271051740e+00 3.652771860480e+01 7.500000000000e+00 1 1 1 0.0 0.0 0.0
Se 5.806485661016e+00 3.352817831988e+01 7.500000000000e+00 1 1 1 0.0 0.0 0.0
Se 2.342914879236e+00 3.352817831988e+01 7.500000000000e+00 1 1 1 0.0 0.0 0.0
Se 4.074700270292e+00 3.052863803496e+01 7.500000000000e+00 1 1 1 0.0 0.0 0.0
Se 7.538271052073e+00 3.052863803496e+01 7.500000000000e+00 1 1 1 0.0 0.0 0.0
Se 5.806485661349e+00 2.752909775003e+01 7.500000000000e+00 1 1 1 0.0 0.0 0.0
Se 2.342914879569e+00 2.752909775003e+01 7.500000000000e+00 1 1 1 0.0 0.0 0.0
Se 4.074700270625e+00 2.452955746511e+01 7.500000000000e+00 1 1 1 0.0 0.0 0.0
Se 7.538271052405e+00 2.452955746511e+01 7.500000000000e+00 1 1 1 0.0 0.0 0.0
Se 5.806485661681e+00 2.153001718019e+01 7.500000000000e+00 1 1 1 0.0 0.0 0.0
Se 2.342914879901e+00 2.153001718019e+01 7.500000000000e+00 1 1 1 0.0 0.0 0.0
Se 4.074700270958e+00 1.853047689526e+01 7.500000000000e+00 1 1 1 0.0 0.0 0.0
Se 7.538271052738e+00 1.853047689526e+01 7.500000000000e+00 1 1 1 0.0 0.0 0.0
Se 5.806485662014e+00 1.553093661034e+01 7.500000000000e+00 1 1 1 0.0 0.0 0.0
Se 2.342914880234e+00 1.553093661034e+01 7.500000000000e+00 1 1 1 0.0 0.0 0.0
Se 4.074700271290e+00 1.253139632542e+01 7.500000000000e+00 1 1 1 0.0 0.0 0.0
Se 6.111294895098e-01 1.253139632542e+01 7.500000000000e+00 1 1 1 0.0 0.0 0.0
Se 5.806485662346e+00 9.531856040493e+00 7.500000000000e+00 1 1 1 0.0 0.0 0.0
Se 2.342914880566e+00 9.531856040493e+00 7.500000000000e+00 1 1 1 0.0 0.0 0.0
Se 4.074700271623e+00 6.532315755570e+00 7.500000000000e+00 1 1 1 0.0 0.0 0.0
Se 6.111294898423e-01 6.532315755570e+00 7.500000000000e+00 1 1 1 0.0 0.0 0.0
Se 5.806485662679e+00 3.532775470647e+00 7.500000000000e+00 1 1 1 0.0 0.0 0.0
Se 2.342914880899e+00 3.532775470647e+00 7.500000000000e+00 1 1 1 0.0 0.0 0.0
Se 4.074700271955e+00 5.332351857235e-01 7.500000000000e+00 1 1 1 0.0 0.0 0.0
Se 6.111294901748e-01 5.332351857235e-01 7.500000000000e+00 1 1 1 0.0 0.0 0.0
Se 4.074700269627e+00 4.252679917465e+01 7.500000000000e+00 1 1 1 0.0 0.0 0.0
Se 7.538271051408e+00 4.252679917465e+01 7.500000000000e+00 1 1 1 0.0 0.0 0.0
Se 4.075508791287e+00 4.053710056443e+01 1.364602824434e+01 1 1 1 0.0 0.0 0.0
Se 7.539079573067e+00 4.053710056443e+01 1.364602824434e+01 1 1 1 0.0 0.0 0.0
Se 2.343723400563e+00 3.753756027951e+01 1.364602824434e+01 1 1 1 0.0 0.0 0.0
Se 5.807294182343e+00 3.753756027951e+01 1.364602824434e+01 1 1 1 0.0 0.0 0.0
Se 4.075508791619e+00 3.453801999458e+01 1.364602824434e+01 1 1 1 0.0 0.0 0.0
Se 7.539079573399e+00 3.453801999458e+01 1.364602824434e+01 1 1 1 0.0 0.0 0.0
Se 2.343723400895e+00 3.153847970966e+01 1.364602824434e+01 1 1 1 0.0 0.0 0.0
Se 5.807294182676e+00 3.153847970966e+01 1.364602824434e+01 1 1 1 0.0 0.0 0.0
Se 4.075508791952e+00 2.853893942474e+01 1.364602824434e+01 1 1 1 0.0 0.0 0.0
Se 7.539079573732e+00 2.853893942474e+01 1.364602824434e+01 1 1 1 0.0 0.0 0.0
Se 2.343723401228e+00 2.553939913981e+01 1.364602824434e+01 1 1 1 0.0 0.0 0.0
Se 5.807294183008e+00 2.553939913981e+01 1.364602824434e+01 1 1 1 0.0 0.0 0.0
Se 4.075508792284e+00 2.253985885489e+01 1.364602824434e+01 1 1 1 0.0 0.0 0.0
Se 7.539079574064e+00 2.253985885489e+01 1.364602824434e+01 1 1 1 0.0 0.0 0.0
Se 2.343723401560e+00 1.954031856997e+01 1.364602824434e+01 1 1 1 0.0 0.0 0.0
Se 5.807294183341e+00 1.954031856997e+01 1.364602824434e+01 1 1 1 0.0 0.0 0.0
Se 4.075508792617e+00 1.654077828504e+01 1.364602824434e+01 1 1 1 0.0 0.0 0.0
Se 7.539079574397e+00 1.654077828504e+01 1.364602824434e+01 1 1 1 0.0 0.0 0.0
Se 2.343723401893e+00 1.354123800012e+01 1.364602824434e+01 1 1 1 0.0 0.0 0.0
Se 5.807294183673e+00 1.354123800012e+01 1.364602824434e+01 1 1 1 0.0 0.0 0.0
Se 4.075508792949e+00 1.054169771520e+01 1.364602824434e+01 1 1 1 0.0 0.0 0.0
Se 6.119380111690e-01 1.054169771520e+01 1.364602824434e+01 1 1 1 0.0 0.0 0.0
Se 2.343723402225e+00 7.542157430273e+00 1.364602824434e+01 1 1 1 0.0 0.0 0.0
Se 5.807294184006e+00 7.542157430273e+00 1.364602824434e+01 1 1 1 0.0 0.0 0.0
Se 4.075508793282e+00 4.542617145350e+00 1.364602824434e+01 1 1 1 0.0 0.0 0.0
Se 6.119380115015e-01 4.542617145350e+00 1.364602824434e+01 1 1 1 0.0 0.0 0.0
Se 2.343723402558e+00 1.543076860427e+00 1.364602824434e+01 1 1 1 0.0 0.0 0.0
Se 5.807294184338e+00 1.543076860427e+00 1.364602824434e+01 1 1 1 0.0 0.0 0.0
Se 2.343723400230e+00 4.353664084935e+01 1.364602824434e+01 1 1 1 0.0 0.0 0.0
Se 5.807294182011e+00 4.353664084935e+01 1.364602824434e+01 1 1 1 0.0 0.0 0.0
Se 5.806178304472e+00 3.952829026045e+01 1.086443756309e+01 1 1 1 0.0 0.0 0.0
Se 2.342607522691e+00 3.952829026045e+01 1.086443756309e+01 1 1 1 0.0 0.0 0.0
Se 4.074392913748e+00 3.652874997552e+01 1.086443756309e+01 1 1 1 0.0 0.0 0.0
Se 7.537963695528e+00 3.652874997552e+01 1.086443756309e+01 1 1 1 0.0 0.0 0.0
Se 5.806178304804e+00 3.352920969060e+01 1.086443756309e+01 1 1 1 0.0 0.0 0.0
Se 2.342607523024e+00 3.352920969060e+01 1.086443756309e+01 1 1 1 0.0 0.0 0.0
Se 4.074392914080e+00 3.052966940568e+01 1.086443756309e+01 1 1 1 0.0 0.0 0.0
Se 7.537963695860e+00 3.052966940568e+01 1.086443756309e+01 1 1 1 0.0 0.0 0.0
Se 5.806178305137e+00 2.753012912075e+01 1.086443756309e+01 1 1 1 0.0 0.0 0.0
Se 2.342607523356e+00 2.753012912075e+01 1.086443756309e+01 1 1 1 0.0 0.0 0.0
Se 4.074392914413e+00 2.453058883583e+01 1.086443756309e+01 1 1 1 0.0 0.0 0.0
Se 7.537963696193e+00 2.453058883583e+01 1.086443756309e+01 1 1 1 0.0 0.0 0.0
Se 5.806178305469e+00 2.153104855091e+01 1.086443756309e+01 1 1 1 0.0 0.0 0.0
Se 2.342607523689e+00 2.153104855091e+01 1.086443756309e+01 1 1 1 0.0 0.0 0.0
Se 4.074392914745e+00 1.853150826598e+01 1.086443756309e+01 1 1 1 0.0 0.0 0.0
Se 7.537963696525e+00 1.853150826598e+01 1.086443756309e+01 1 1 1 0.0 0.0 0.0
Se 5.806178305802e+00 1.553196798106e+01 1.086443756309e+01 1 1 1 0.0 0.0 0.0
Se 2.342607524021e+00 1.553196798106e+01 1.086443756309e+01 1 1 1 0.0 0.0 0.0
Se 4.074392915078e+00 1.253242769614e+01 1.086443756309e+01 1 1 1 0.0 0.0 0.0
Se 6.108221332975e-01 1.253242769614e+01 1.086443756309e+01 1 1 1 0.0 0.0 0.0
Se 5.806178306134e+00 9.532887411215e+00 1.086443756309e+01 1 1 1 0.0 0.0 0.0
Se 2.342607524354e+00 9.532887411215e+00 1.086443756309e+01 1 1 1 0.0 0.0 0.0
Se 4.074392915410e+00 6.533347126292e+00 1.086443756309e+01 1 1 1 0.0 0.0 0.0
Se 6.108221336300e-01 6.533347126292e+00 1.086443756309e+01 1 1 1 0.0 0.0 0.0
Se 5.806178306467e+00 3.533806841368e+00 1.086443756309e+01 1 1 1 0.0 0.0 0.0
Se 2.342607524686e+00 3.533806841368e+00 1.086443756309e+01 1 1 1 0.0 0.0 0.0
Se 4.074392915743e+00 5.342665564450e-01 1.086443756309e+01 1 1 1 0.0 0.0 0.0
Se 6.108221339625e-01 5.342665564450e-01 1.086443756309e+01 1 1 1 0.0 0.0 0.0
Se 4.074392913415e+00 4.252783054537e+01 1.086443756309e+01 1 1 1 0.0 0.0 0.0
Se 7.537963695195e+00 4.252783054537e+01 1.086443756309e+01 1 1 1 0.0 0.0 0.0
Se 4.075039223227e+00 4.053804860869e+01 1.701046802998e+01 1 1 1 0.0 0.0 0.0
Se 7.538610005007e+00 4.053804860869e+01 1.701046802998e+01 1 1 1 0.0 0.0 0.0
Se 2.343253832503e+00 3.753850832377e+01 1.701046802998e+01 1 1 1 0.0 0.0 0.0
Se 5.806824614283e+00 3.753850832377e+01 1.701046802998e+01 1 1 1 0.0 0.0 0.0
Se 4.075039223559e+00 3.453896803885e+01 1.701046802998e+01 1 1 1 0.0 0.0 0.0
Se 7.538610005340e+00 3.453896803885e+01 1.701046802998e+01 1 1 1 0.0 0.0 0.0
Se 2.343253832835e+00 3.153942775392e+01 1.701046802998e+01 1 1 1 0.0 0.0 0.0
Se 5.806824614616e+00 3.153942775392e+01 1.701046802998e+01 1 1 1 0.0 0.0 0.0
Se 4.075039223892e+00 2.853988746900e+01 1.701046802998e+01 1 1 1 0.0 0.0 0.0
Se 7.538610005672e+00 2.853988746900e+01 1.701046802998e+01 1 1 1 0.0 0.0 0.0
Se 2.343253833168e+00 2.554034718408e+01 1.701046802998e+01 1 1 1 0.0 0.0 0.0
Se 5.806824614948e+00 2.554034718408e+01 1.701046802998e+01 1 1 1 0.0 0.0 0.0
Se 4.075039224224e+00 2.254080689915e+01 1.701046802998e+01 1 1 1 0.0 0.0 0.0
Se 7.538610006005e+00 2.254080689915e+01 1.701046802998e+01 1 1 1 0.0 0.0 0.0
Se 2.343253833500e+00 1.954126661423e+01 1.701046802998e+01 1 1 1 0.0 0.0 0.0
Se 5.806824615281e+00 1.954126661423e+01 1.701046802998e+01 1 1 1 0.0 0.0 0.0
Se 4.075039224557e+00 1.654172632931e+01 1.701046802998e+01 1 1 1 0.0 0.0 0.0
Se 7.538610006337e+00 1.654172632931e+01 1.701046802998e+01 1 1 1 0.0 0.0 0.0
Se 2.343253833833e+00 1.354218604438e+01 1.701046802998e+01 1 1 1 0.0 0.0 0.0
Se 5.806824615613e+00 1.354218604438e+01 1.701046802998e+01 1 1 1 0.0 0.0 0.0
Se 4.075039224889e+00 1.054264575946e+01 1.701046802998e+01 1 1 1 0.0 0.0 0.0
Se 6.114684431091e-01 1.054264575946e+01 1.701046802998e+01 1 1 1 0.0 0.0 0.0
Se 2.343253834166e+00 7.543105474538e+00 1.701046802998e+01 1 1 1 0.0 0.0 0.0
Se 5.806824615946e+00 7.543105474538e+00 1.701046802998e+01 1 1 1 0.0 0.0 0.0
Se 4.075039225222e+00 4.543565189615e+00 1.701046802998e+01 1 1 1 0.0 0.0 0.0
Se 6.114684434416e-01 4.543565189615e+00 1.701046802998e+01 1 1 1 0.0 0.0 0.0
Se 2.343253834498e+00 1.544024904692e+00 1.701046802998e+01 1 1 1 0.0 0.0 0.0
Se 5.806824616278e+00 1.544024904692e+00 1.701046802998e+01 1 1 1 0.0 0.0 0.0
Se 2.343253832170e+00 4.353758889362e+01 1.701046802998e+01 1 1 1 0.0 0.0 0.0
Se 5.806824613951e+00 4.353758889362e+01 1.701046802998e+01 1 1 1 0.0 0.0 0.0
Se 1.734489130321e+00 3.966830877604e+01 3.696241589303e+01 1 1 1 0.0 0.0 0.0
Se 5.280525883215e+00 3.752578000109e+01 3.696241589303e+01 1 1 1 0.0 0.0 0.0
Se 1.899421072548e+00 3.538325122615e+01 3.696241589303e+01 1 1 1 0.0 0.0 0.0
Se 5.445457825442e+00 3.324072245120e+01 3.696241589303e+01 1 1 1 0.0 0.0 0.0
Se 2.064353014775e+00 3.109819367626e+01 3.696241589303e+01 1 1 1 0.0 0.0 0.0
Se 5.610389767669e+00 2.895566490131e+01 3.696241589303e+01 1 1 1 0.0 0.0 0.0
Se 2.229284957002e+00 2.681313612637e+01 3.696241589303e+01 1 1 1 0.0 0.0 0.0
Se 5.775321709896e+00 2.467060735142e+01 3.696241589303e+01 1 1 1 0.0 0.0 0.0
Se 2.394216899229e+00 2.252807857648e+01 3.696241589303e+01 1 1 1 0.0 0.0 0.0
Se 5.940253652123e+00 2.038554980153e+01 3.696241589303e+01 1 1 1 0.0 0.0 0.0
Se 2.559148841457e+00 1.824302102659e+01 3.696241589303e+01 1 1 1 0.0 0.0 0.0
Se 6.105185594350e+00 1.610049225164e+01 3.696241589303e+01 1 1 1 0.0 0.0 0.0
Se 2.724080783684e+00 1.395796347670e+01 3.696241589303e+01 1 1 1 0.0 0.0 0.0
Se 6.270117536577e+00 1.181543470175e+01 3.696241589303e+01 1 1 1 0.0 0.0 0.0
Se 2.889012725911e+00 9.672905926805e+00 3.696241589303e+01 1 1 1 0.0 0.0 0.0
Se 6.435049478804e+00 7.530377151860e+00 3.696241589303e+01 1 1 1 0.0 0.0 0.0
Se 3.053944668138e+00 5.387848376915e+00 3.696241589303e+01 1 1 1 0.0 0.0 0.0
Se 6.599981421032e+00 3.245319601970e+00 3.696241589303e+01 1 1 1 0.0 0.0 0.0
Se 3.218876610365e+00 1.102790827024e+00 3.696241589303e+01 1 1 1 0.0 0.0 0.0
Se 8.496698751655e+00 4.395336632593e+01 3.696241589303e+01 1 1 1 0.0 0.0 0.0
Se 5.115593940988e+00 4.181083755098e+01 3.696241589303e+01 1 1 1 0.0 0.0 0.0
Se 6.387744816136e+00 3.967440547287e+01 3.332483142763e+01 1 1 1 0.0 0.0 0.0
Se 3.006640005469e+00 3.753187669792e+01 3.332483142763e+01 1 1 1 0.0 0.0 0.0
Se 6.552676758363e+00 3.538934792298e+01 3.332483142763e+01 1 1 1 0.0 0.0 0.0
Se 3.171571947696e+00 3.324681914803e+01 3.332483142763e+01 1 1 1 0.0 0.0 0.0
Se 6.717608700590e+00 3.110429037309e+01 3.332483142763e+01 1 1 1 0.0 0.0 0.0
Se 3.336503889923e+00 2.896176159814e+01 3.332483142763e+01 1 1 1 0.0 0.0 0.0
Se 6.882540642817e+00 2.681923282320e+01 3.332483142763e+01 1 1 1 0.0 0.0 0.0
Se 3.501435832150e+00 2.467670404825e+01 3.332483142763e+01 1 1 1 0.0 0.0 0.0
Se 7.047472585044e+00 2.253417527331e+01 3.332483142763e+01 1 1 1 0.0 0.0 0.0
Se 3.666367774377e+00 2.039164649836e+01 3.332483142763e+01 1 1 1 0.0 0.0 0.0
Se 7.212404527271e+00 1.824911772342e+01 3.332483142763e+01 1 1 1 0.0 0.0 0.0
Se 3.831299716604e+00 1.610658894847e+01 3.332483142763e+01 1 1 1 0.0 0.0 0.0
Se 7.377336469498e+00 1.396406017353e+01 3.332483142763e+01 1 1 1 0.0 0.0 0.0
Se 3.996231658832e+00 1.182153139858e+01 3.332483142763e+01 1 1 1 0.0 0.0 0.0
Se 6.151268481648e-01 9.679002623635e+00 3.332483142763e+01 1 1 1 0.0 0.0 0.0
Se 4.161163601059e+00 7.536473848690e+00 3.332483142763e+01 1 1 1 0.0 0.0 0.0
Se 7.800587903918e-01 5.393945073745e+00 3.332483142763e+01 1 1 1 0.0 0.0 0.0
Se 4.326095543286e+00 3.251416298800e+00 3.332483142763e+01 1 1 1 0.0 0.0 0.0
Se 9.449907326189e-01 1.108887523854e+00 3.332483142763e+01 1 1 1 0.0 0.0 0.0
Se 6.222812873909e+00 4.395946302276e+01 3.332483142763e+01 1 1 1 0.0 0.0 0.0
Se 2.841708063242e+00 4.181693424781e+01 3.332483142763e+01 1 1 1 0.0 0.0 0.0
Se 4.069189464470e+00 3.968348342216e+01 2.969131231352e+01 1 1 1 0.0 0.0 0.0
Se 7.615226217364e+00 3.754095464721e+01 2.969131231352e+01 1 1 1 0.0 0.0 0.0
Se 4.234121406697e+00 3.539842587227e+01 2.969131231352e+01 1 1 1 0.0 0.0 0.0
Se 7.780158159591e+00 3.325589709732e+01 2.969131231352e+01 1 1 1 0.0 0.0 0.0
Se 4.399053348924e+00 3.111336832238e+01 2.969131231352e+01 1 1 1 0.0 0.0 0.0
Se 7.945090101818e+00 2.897083954743e+01 2.969131231352e+01 1 1 1 0.0 0.0 0.0
Se 4.563985291151e+00 2.682831077249e+01 2.969131231352e+01 1 1 1 0.0 0.0 0.0
Se 1.182880480484e+00 2.468578199754e+01 2.969131231352e+01 1 1 1 0.0 0.0 0.0
Se 4.728917233378e+00 2.254325322259e+01 2.969131231352e+01 1 1 1 0.0 0.0 0.0
Se 1.347812422712e+00 2.040072444765e+01 2.969131231352e+01 1 1 1 0.0 0.0 0.0
Se 4.893849175605e+00 1.825819567270e+01 2.969131231352e+01 1 1 1 0.0 0.0 0.0
Se 1.512744364939e+00 1.611566689776e+01 2.969131231352e+01 1 1 1 0.0 0.0 0.0
Se 5.058781117832e+00 1.397313812281e+01 2.969131231352e+01 1 1 1 0.0 0.0 0.0
Se 1.677676307166e+00 1.183060934787e+01 2.969131231352e+01 1 1 1 0.0 0.0 0.0
Se 5.223713060059e+00 9.688080572924e+00 2.969131231352e+01 1 1 1 0.0 0.0 0.0
Se 1.842608249393e+00 7.545551797979e+00 2.969131231352e+01 1 1 1 0.0 0.0 0.0
Se 5.388645002286e+00 5.403023023034e+00 2.969131231352e+01 1 1 1 0.0 0.0 0.0
Se 2.007540191620e+00 3.260494248088e+00 2.969131231352e+01 1 1 1 0.0 0.0 0.0
Se 5.553576944514e+00 1.117965473143e+00 2.969131231352e+01 1 1 1 0.0 0.0 0.0
Se 3.904257522243e+00 4.396854097205e+01 2.969131231352e+01 1 1 1 0.0 0.0 0.0
Se 7.450294275137e+00 4.182601219710e+01 2.969131231352e+01 1 1 1 0.0 0.0 0.0
Se 6.390300807538e+00 3.975863667240e+01 2.692457590224e+01 1 1 1 0.0 0.0 0.0
Se 3.009195996871e+00 3.761610789746e+01 2.692457590224e+01 1 1 1 0.0 0.0 0.0
Se 6.555232749765e+00 3.547357912251e+01 2.692457590224e+01 1 1 1 0.0 0.0 0.0
Se 3.174127939098e+00 3.333105034757e+01 2.692457590224e+01 1 1 1 0.0 0.0 0.0
Se 6.720164691992e+00 3.118852157262e+01 2.692457590224e+01 1 1 1 0.0 0.0 0.0
Se 3.339059881325e+00 2.904599279768e+01 2.692457590224e+01 1 1 1 0.0 0.0 0.0
Se 6.885096634219e+00 2.690346402273e+01 2.692457590224e+01 1 1 1 0.0 0.0 0.0
Se 3.503991823552e+00 2.476093524779e+01 2.692457590224e+01 1 1 1 0.0 0.0 0.0
Se 7.050028576446e+00 2.261840647284e+01 2.692457590224e+01 1 1 1 0.0 0.0 0.0
Se 3.668923765779e+00 2.047587769790e+01 2.692457590224e+01 1 1 1 0.0 0.0 0.0
Se 7.214960518673e+00 1.833334892295e+01 2.692457590224e+01 1 1 1 0.0 0.0 0.0
Se 3.833855708006e+00 1.619082014801e+01 2.692457590224e+01 1 1 1 0.0 0.0 0.0
Se 7.379892460900e+00 1.404829137306e+01 2.692457590224e+01 1 1 1 0.0 0.0 0.0
Se 3.998787650233e+00 1.190576259812e+01 2.692457590224e+01 1 1 1 0.0 0.0 0.0
Se 6.176828395664e-01 9.763233823172e+00 2.692457590224e+01 1 1 1 0.0 0.0 0.0
Se 4.163719592460e+00 7.620705048227e+00 2.692457590224e+01 1 1 1 0.0 0.0 0.0
Se 7.826147817934e-01 5.478176273281e+00 2.692457590224e+01 1 1 1 0.0 0.0 0.0
Se 4.328651534687e+00 3.335647498336e+00 2.692457590224e+01 1 1 1 0.0 0.0 0.0
Se 9.475467240205e-01 1.193118723391e+00 2.692457590224e+01 1 1 1 0.0 0.0 0.0
Se 6.225368865310e+00 4.404369422229e+01 2.692457590224e+01 1 1 1 0.0 0.0 0.0
Se 2.844264054644e+00 4.190116544735e+01 2.692457590224e+01 1 1 1 0.0 0.0 0.0
Se 4.063891938300e+00 3.976753411277e+01 2.330671355540e+01 1 1 1 0.0 0.0 0.0
Se 7.609928691194e+00 3.762500533782e+01 2.330671355540e+01 1 1 1 0.0 0.0 0.0
Se 4.228823880527e+00 3.548247656288e+01 2.330671355540e+01 1 1 1 0.0 0.0 0.0
Se 7.774860633421e+00 3.333994778793e+01 2.330671355540e+01 1 1 1 0.0 0.0 0.0
Se 4.393755822754e+00 3.119741901299e+01 2.330671355540e+01 1 1 1 0.0 0.0 0.0
Se 7.939792575648e+00 2.905489023804e+01 2.330671355540e+01 1 1 1 0.0 0.0 0.0
Se 4.558687764981e+00 2.691236146310e+01 2.330671355540e+01 1 1 1 0.0 0.0 0.0
Se 1.177582954314e+00 2.476983268815e+01 2.330671355540e+01 1 1 1 0.0 0.0 0.0
Se 4.723619707208e+00 2.262730391321e+01 2.330671355540e+01 1 1 1 0.0 0.0 0.0
Se 1.342514896541e+00 2.048477513826e+01 2.330671355540e+01 1 1 1 0.0 0.0 0.0
Se 4.888551649435e+00 1.834224636332e+01 2.330671355540e+01 1 1 1 0.0 0.0 0.0
Se 1.507446838769e+00 1.619971758837e+01 2.330671355540e+01 1 1 1 0.0 0.0 0.0
Se 5.053483591662e+00 1.405718881343e+01 2.330671355540e+01 1 1 1 0.0 0.0 0.0
Se 1.672378780996e+00 1.191466003848e+01 2.330671355540e+01 1 1 1 0.0 0.0 0.0
Se 5.218415533889e+00 9.772131263535e+00 2.330671355540e+01 1 1 1 0.0 0.0 0.0
Se 1.837310723223e+00 7.629602488589e+00 2.330671355540e+01 1 1 1 0.0 0.0 0.0
Se 5.383347476116e+00 5.487073713644e+00 2.330671355540e+01 1 1 1 0.0 0.0 0.0
Se 2.002242665450e+00 3.344544938699e+00 2.330671355540e+01 1 1 1 0.0 0.0 0.0
Se 5.548279418343e+00 1.202016163754e+00 2.330671355540e+01 1 1 1 0.0 0.0 0.0
Se 3.898959996073e+00 4.405259166266e+01 2.330671355540e+01 1 1 1 0.0 0.0 0.0
Se 7.444996748967e+00 4.191006288771e+01 2.330671355540e+01 1 1 1 0.0 0.0 0.0
Se 1.742927029602e+00 3.976157075224e+01 1.968357859229e+01 1 1 1 0.0 0.0 0.0
Se 5.288963782496e+00 3.761904197730e+01 1.968357859229e+01 1 1 1 0.0 0.0 0.0
Se 1.907858971829e+00 3.547651320235e+01 1.968357859229e+01 1 1 1 0.0 0.0 0.0
Se 5.453895724723e+00 3.333398442741e+01 1.968357859229e+01 1 1 1 0.0 0.0 0.0
Se 2.072790914056e+00 3.119145565246e+01 1.968357859229e+01 1 1 1 0.0 0.0 0.0
Se 5.618827666950e+00 2.904892687752e+01 1.968357859229e+01 1 1 1 0.0 0.0 0.0
Se 2.237722856283e+00 2.690639810257e+01 1.968357859229e+01 1 1 1 0.0 0.0 0.0
Se 5.783759609177e+00 2.476386932763e+01 1.968357859229e+01 1 1 1 0.0 0.0 0.0
Se 2.402654798511e+00 2.262134055268e+01 1.968357859229e+01 1 1 1 0.0 0.0 0.0
Se 5.948691551404e+00 2.047881177774e+01 1.968357859229e+01 1 1 1 0.0 0.0 0.0
Se 2.567586740738e+00 1.833628300279e+01 1.968357859229e+01 1 1 1 0.0 0.0 0.0
Se 6.113623493631e+00 1.619375422785e+01 1.968357859229e+01 1 1 1 0.0 0.0 0.0
Se 2.732518682965e+00 1.405122545290e+01 1.968357859229e+01 1 1 1 0.0 0.0 0.0
Se 6.278555435858e+00 1.190869667796e+01 1.968357859229e+01 1 1 1 0.0 0.0 0.0
Se 2.897450625192e+00 9.766167903012e+00 1.968357859229e+01 1 1 1 0.0 0.0 0.0
Se 6.443487378085e+00 7.623639128067e+00 1.968357859229e+01 1 1 1 0.0 0.0 0.0
Se 3.062382567419e+00 5.481110353122e+00 1.968357859229e+01 1 1 1 0.0 0.0 0.0
Se 6.608419320313e+00 3.338581578177e+00 1.968357859229e+01 1 1 1 0.0 0.0 0.0
Se 3.227314509646e+00 1.196052803232e+00 1.968357859229e+01 1 1 1 0.0 0.0 0.0
Se 8.505136650936e+00 4.404662830214e+01 1.968357859229e+01 1 1 1 0.0 0.0 0.0
Se 5.124031840269e+00 4.190409952719e+01 1.968357859229e+01 1 1 1 0.0 0.0 0.0
"