calculation_mode = "Quench Electrons"
cell_relax = "False"
charge_density_mixing = "0.1"
charge_mixing_type = "Broyden"
description = "Example parameters for high-throughput bulk relaxation of a vdW material"
dos_broading = "0.05"
dos_method = "Gaussian"
energy_convergence_criterion = "1e-10"
energy_output_units = "Hartrees"
kohn_sham_mucycles = "3"
kohn_sham_solver = "davidson"
kpoint_mesh = "1 1 1"
localize_projectors = "False"
max_md_steps = "100"
max_scf_steps = "200"
non_local_block_size = "4000"
potential_acceleration_constant_step = "1.5"
processor_grid = "6 6 16"
rms_convergence_criterion = "1e-08"
scalapack_block_factor = "64"
start_mode = "LCAO Start"
state_block_size = "64"
stress = "True"
subdiag_driver = "scalapack"
use_async_allreduce = "False"
vdw_corr = "DFT-D3"
vdwdf_kernel_filepath = "/lustre/orion/world-shared/cph162/rjmorelock/rmgdft/XC/vdW_kernel_table"
wavefunction_grid = "136 156 378"
write_data_period = "50"

atomic_coordinate_type = "Absolute"
crds_units = "Angstrom"
lattice_units = "Angstrom"

lattice_vector = "
1.587207528307e+01 0.000000000000e+00 1.000000000000e-15
6.802317978055e+00 1.701838716822e+01 1.100000000000e-15
0.000000000000e+00 0.000000000000e+00 4.446241589303e+01
"
atoms = "
Nb 5.592366325668e-01 1.183927293688e+00 1.532833092694e+01 1 1 1 0.0 0.0 0.0
Nb 2.826675958658e+00 3.802140704184e+00 1.532833092694e+01 1 1 1 0.0 0.0 0.0
Nb 6.227834947903e+00 3.147587351560e+00 1.532833092694e+01 1 1 1 0.0 0.0 0.0
Nb 5.094115284748e+00 6.420354114679e+00 1.532833092694e+01 1 1 1 0.0 0.0 0.0
Nb 3.960395621594e+00 9.693120877799e+00 1.532833092694e+01 1 1 1 0.0 0.0 0.0
Nb 9.628993937148e+00 2.493033998936e+00 1.532833092694e+01 1 1 1 0.0 0.0 0.0
Nb 8.495274273994e+00 5.765800762055e+00 1.532833092694e+01 1 1 1 0.0 0.0 0.0
Nb 7.361554610839e+00 9.038567525175e+00 1.532833092694e+01 1 1 1 0.0 0.0 0.0
Nb 6.227834947685e+00 1.231133428829e+01 1.532833092694e+01 1 1 1 0.0 0.0 0.0
Nb 1.303015292639e+01 1.838480646312e+00 1.532833092694e+01 1 1 1 0.0 0.0 0.0
Nb 1.189643326324e+01 5.111247409431e+00 1.532833092694e+01 1 1 1 0.0 0.0 0.0
Nb 1.076271360008e+01 8.384014172551e+00 1.532833092694e+01 1 1 1 0.0 0.0 0.0
Nb 9.628993936930e+00 1.165678093567e+01 1.532833092694e+01 1 1 1 0.0 0.0 0.0
Nb 8.495274273776e+00 1.492954769879e+01 1.532833092694e+01 1 1 1 0.0 0.0 0.0
Nb 1.529759225248e+01 4.456694056807e+00 1.532833092694e+01 1 1 1 0.0 0.0 0.0
Nb 1.416387258933e+01 7.729460819927e+00 1.532833092694e+01 1 1 1 0.0 0.0 0.0
Nb 1.303015292618e+01 1.100222758305e+01 1.532833092694e+01 1 1 1 0.0 0.0 0.0
Nb 1.189643326302e+01 1.427499434617e+01 1.532833092694e+01 1 1 1 0.0 0.0 0.0
Nb 3.960395621812e+00 5.293739410641e-01 1.532833092694e+01 1 1 1 0.0 0.0 0.0
Nb 1.756503157857e+01 7.074907467303e+00 1.532833092694e+01 1 1 1 0.0 0.0 0.0
Nb 1.643131191542e+01 1.034767423042e+01 1.532833092694e+01 1 1 1 0.0 0.0 0.0
Nb 1.529759225227e+01 1.362044099354e+01 1.532833092694e+01 1 1 1 0.0 0.0 0.0
Nb 1.416387258911e+01 1.689320775666e+01 1.532833092694e+01 1 1 1 0.0 0.0 0.0
Nb 1.869875124151e+01 1.296588764092e+01 1.532833092694e+01 1 1 1 0.0 0.0 0.0
Nb 1.756503157836e+01 1.623865440404e+01 1.532833092694e+01 1 1 1 0.0 0.0 0.0
Nb 2.096619056760e+01 1.558410105141e+01 1.532833092694e+01 1 1 1 0.0 0.0 0.0
Nb 5.681336263825e-01 1.188049442251e+00 9.182088683320e+00 1 1 1 0.0 0.0 0.0
Nb 2.835572952473e+00 3.806262852747e+00 9.182088683320e+00 1 1 1 0.0 0.0 0.0
Nb 6.236731941718e+00 3.151709500123e+00 9.182088683320e+00 1 1 1 0.0 0.0 0.0
Nb 5.103012278564e+00 6.424476263242e+00 9.182088683320e+00 1 1 1 0.0 0.0 0.0
Nb 3.969292615410e+00 9.697243026362e+00 9.182088683320e+00 1 1 1 0.0 0.0 0.0
Nb 9.637890930964e+00 2.497156147499e+00 9.182088683320e+00 1 1 1 0.0 0.0 0.0
Nb 8.504171267809e+00 5.769922910619e+00 9.182088683320e+00 1 1 1 0.0 0.0 0.0
Nb 7.370451604655e+00 9.042689673738e+00 9.182088683320e+00 1 1 1 0.0 0.0 0.0
Nb 6.236731941501e+00 1.231545643686e+01 9.182088683320e+00 1 1 1 0.0 0.0 0.0
Nb 1.303904992021e+01 1.842602794875e+00 9.182088683320e+00 1 1 1 0.0 0.0 0.0
Nb 1.190533025705e+01 5.115369557995e+00 9.182088683320e+00 1 1 1 0.0 0.0 0.0
Nb 1.077161059390e+01 8.388136321114e+00 9.182088683320e+00 1 1 1 0.0 0.0 0.0
Nb 9.637890930746e+00 1.166090308423e+01 9.182088683320e+00 1 1 1 0.0 0.0 0.0
Nb 8.504171267592e+00 1.493366984735e+01 9.182088683320e+00 1 1 1 0.0 0.0 0.0
Nb 1.530648924630e+01 4.460816205371e+00 9.182088683320e+00 1 1 1 0.0 0.0 0.0
Nb 1.417276958315e+01 7.733582968490e+00 9.182088683320e+00 1 1 1 0.0 0.0 0.0
Nb 1.303904991999e+01 1.100634973161e+01 9.182088683320e+00 1 1 1 0.0 0.0 0.0
Nb 1.190533025684e+01 1.427911649473e+01 9.182088683320e+00 1 1 1 0.0 0.0 0.0
Nb 3.969292615628e+00 5.334960896275e-01 9.182088683320e+00 1 1 1 0.0 0.0 0.0
Nb 1.757392857239e+01 7.079029615866e+00 9.182088683320e+00 1 1 1 0.0 0.0 0.0
Nb 1.644020890924e+01 1.035179637899e+01 9.182088683320e+00 1 1 1 0.0 0.0 0.0
Nb 1.530648924608e+01 1.362456314211e+01 9.182088683320e+00 1 1 1 0.0 0.0 0.0
Nb 1.417276958293e+01 1.689732990522e+01 9.182088683320e+00 1 1 1 0.0 0.0 0.0
Nb 1.870764823533e+01 1.297000978948e+01 9.182088683320e+00 1 1 1 0.0 0.0 0.0
Nb 1.757392857217e+01 1.624277655260e+01 9.182088683320e+00 1 1 1 0.0 0.0 0.0
Nb 2.097508756142e+01 1.558822319998e+01 9.182088683320e+00 1 1 1 0.0 0.0 0.0
Bi 7.565524624666e+00 1.603239214106e+01 3.532095071834e+01 1 1 1 0.0 0.0 0.0
Bi 2.917274006376e+00 2.417682406479e+00 3.532095071834e+01 1 1 1 0.0 0.0 0.0
Bi 1.153354344543e+01 1.603239214106e+01 3.532095071834e+01 1 1 1 0.0 0.0 0.0
Bi 5.071341366140e+00 5.821359840124e+00 3.532095071834e+01 1 1 1 0.0 0.0 0.0
Bi 6.885292827144e+00 2.417682406479e+00 3.532095071834e+01 1 1 1 0.0 0.0 0.0
Bi 1.550156226620e+01 1.603239214106e+01 3.532095071834e+01 1 1 1 0.0 0.0 0.0
Bi 7.225408725905e+00 9.225037273768e+00 3.532095071834e+01 1 1 1 0.0 0.0 0.0
Bi 9.039360186908e+00 5.821359840124e+00 3.532095071834e+01 1 1 1 0.0 0.0 0.0
Bi 1.085331164791e+01 2.417682406479e+00 3.532095071834e+01 1 1 1 0.0 0.0 0.0
Bi 1.946958108697e+01 1.603239214106e+01 3.532095071834e+01 1 1 1 0.0 0.0 0.0
Bi 9.379476085669e+00 1.262871470741e+01 3.532095071834e+01 1 1 1 0.0 0.0 0.0
Bi 1.119342754667e+01 9.225037273768e+00 3.532095071834e+01 1 1 1 0.0 0.0 0.0
Bi 1.300737900768e+01 5.821359840124e+00 3.532095071834e+01 1 1 1 0.0 0.0 0.0
Bi 1.482133046868e+01 2.417682406479e+00 3.532095071834e+01 1 1 1 0.0 0.0 0.0
Bi 1.334749490644e+01 1.262871470741e+01 3.532095071834e+01 1 1 1 0.0 0.0 0.0
Bi 1.516144636744e+01 9.225037273768e+00 3.532095071834e+01 1 1 1 0.0 0.0 0.0
Bi 1.697539782844e+01 5.821359840124e+00 3.532095071834e+01 1 1 1 0.0 0.0 0.0
Bi 1.731551372720e+01 1.262871470741e+01 3.532095071834e+01 1 1 1 0.0 0.0 0.0
Bi 1.912946518821e+01 9.225037273768e+00 3.532095071834e+01 1 1 1 0.0 0.0 0.0
Bi 5.411457264902e+00 1.262871470741e+01 3.532095071834e+01 1 1 1 0.0 0.0 0.0
Bi 8.515342891240e-01 1.259060059102e+00 3.133430771007e+01 1 1 1 0.0 0.0 0.0
Bi 3.005601648889e+00 4.662737492746e+00 3.133430771007e+01 1 1 1 0.0 0.0 0.0
Bi 4.819553109892e+00 1.259060059102e+00 3.133430771007e+01 1 1 1 0.0 0.0 0.0
Bi 5.159669008653e+00 8.066414926390e+00 3.133430771007e+01 1 1 1 0.0 0.0 0.0
Bi 6.973620469656e+00 4.662737492746e+00 3.133430771007e+01 1 1 1 0.0 0.0 0.0
Bi 8.787571930660e+00 1.259060059102e+00 3.133430771007e+01 1 1 1 0.0 0.0 0.0
Bi 7.313736368418e+00 1.147009236003e+01 3.133430771007e+01 1 1 1 0.0 0.0 0.0
Bi 9.127687829421e+00 8.066414926390e+00 3.133430771007e+01 1 1 1 0.0 0.0 0.0
Bi 1.094163929042e+01 4.662737492746e+00 3.133430771007e+01 1 1 1 0.0 0.0 0.0
Bi 1.275559075143e+01 1.259060059102e+00 3.133430771007e+01 1 1 1 0.0 0.0 0.0
Bi 9.467803728182e+00 1.487376979368e+01 3.133430771007e+01 1 1 1 0.0 0.0 0.0
Bi 1.128175518919e+01 1.147009236003e+01 3.133430771007e+01 1 1 1 0.0 0.0 0.0
Bi 1.309570665019e+01 8.066414926390e+00 3.133430771007e+01 1 1 1 0.0 0.0 0.0
Bi 1.490965811119e+01 4.662737492746e+00 3.133430771007e+01 1 1 1 0.0 0.0 0.0
Bi 1.343582254895e+01 1.487376979368e+01 3.133430771007e+01 1 1 1 0.0 0.0 0.0
Bi 1.524977400995e+01 1.147009236003e+01 3.133430771007e+01 1 1 1 0.0 0.0 0.0
Bi 1.706372547096e+01 8.066414926390e+00 3.133430771007e+01 1 1 1 0.0 0.0 0.0
Bi 1.740384136972e+01 1.487376979368e+01 3.133430771007e+01 1 1 1 0.0 0.0 0.0
Bi 1.921779283072e+01 1.147009236003e+01 3.133430771007e+01 1 1 1 0.0 0.0 0.0
Bi 2.137186019049e+01 1.487376979368e+01 3.133430771007e+01 1 1 1 0.0 0.0 0.0
Bi 7.898800516538e-01 1.275441985268e+00 2.529282906773e+01 1 1 1 0.0 0.0 0.0
Bi 2.943947411418e+00 4.679119418912e+00 2.529282906773e+01 1 1 1 0.0 0.0 0.0
Bi 4.757898872422e+00 1.275441985268e+00 2.529282906773e+01 1 1 1 0.0 0.0 0.0
Bi 5.098014771183e+00 8.082796852556e+00 2.529282906773e+01 1 1 1 0.0 0.0 0.0
Bi 6.911966232186e+00 4.679119418912e+00 2.529282906773e+01 1 1 1 0.0 0.0 0.0
Bi 8.725917693189e+00 1.275441985268e+00 2.529282906773e+01 1 1 1 0.0 0.0 0.0
Bi 7.252082130947e+00 1.148647428620e+01 2.529282906773e+01 1 1 1 0.0 0.0 0.0
Bi 9.066033591951e+00 8.082796852556e+00 2.529282906773e+01 1 1 1 0.0 0.0 0.0
Bi 1.087998505295e+01 4.679119418912e+00 2.529282906773e+01 1 1 1 0.0 0.0 0.0
Bi 1.269393651396e+01 1.275441985268e+00 2.529282906773e+01 1 1 1 0.0 0.0 0.0
Bi 9.406149490712e+00 1.489015171984e+01 2.529282906773e+01 1 1 1 0.0 0.0 0.0
Bi 1.122010095172e+01 1.148647428620e+01 2.529282906773e+01 1 1 1 0.0 0.0 0.0
Bi 1.303405241272e+01 8.082796852556e+00 2.529282906773e+01 1 1 1 0.0 0.0 0.0
Bi 1.484800387372e+01 4.679119418912e+00 2.529282906773e+01 1 1 1 0.0 0.0 0.0
Bi 1.337416831148e+01 1.489015171984e+01 2.529282906773e+01 1 1 1 0.0 0.0 0.0
Bi 1.518811977248e+01 1.148647428620e+01 2.529282906773e+01 1 1 1 0.0 0.0 0.0
Bi 1.700207123349e+01 8.082796852556e+00 2.529282906773e+01 1 1 1 0.0 0.0 0.0
Bi 1.734218713225e+01 1.489015171984e+01 2.529282906773e+01 1 1 1 0.0 0.0 0.0
Bi 1.915613859325e+01 1.148647428620e+01 2.529282906773e+01 1 1 1 0.0 0.0 0.0
Bi 2.131020595302e+01 1.489015171984e+01 2.529282906773e+01 1 1 1 0.0 0.0 0.0
Bi 7.362873791588e+00 1.373535336074e+01 2.132110864621e+01 1 1 1 0.0 0.0 0.0
Bi 2.714623173298e+00 1.206436261624e-01 2.132110864621e+01 1 1 1 0.0 0.0 0.0
Bi 1.133089261236e+01 1.373535336074e+01 2.132110864621e+01 1 1 1 0.0 0.0 0.0
Bi 4.868690533063e+00 3.524321059807e+00 2.132110864621e+01 1 1 1 0.0 0.0 0.0
Bi 6.682641994066e+00 1.206436261624e-01 2.132110864621e+01 1 1 1 0.0 0.0 0.0
Bi 1.529891143312e+01 1.373535336074e+01 2.132110864621e+01 1 1 1 0.0 0.0 0.0
Bi 7.022757892827e+00 6.927998493451e+00 2.132110864621e+01 1 1 1 0.0 0.0 0.0
Bi 8.836709353830e+00 3.524321059807e+00 2.132110864621e+01 1 1 1 0.0 0.0 0.0
Bi 1.065066081483e+01 1.206436261624e-01 2.132110864621e+01 1 1 1 0.0 0.0 0.0
Bi 1.926693025389e+01 1.373535336074e+01 2.132110864621e+01 1 1 1 0.0 0.0 0.0
Bi 9.176825252592e+00 1.033167592710e+01 2.132110864621e+01 1 1 1 0.0 0.0 0.0
Bi 1.099077671359e+01 6.927998493451e+00 2.132110864621e+01 1 1 1 0.0 0.0 0.0
Bi 1.280472817460e+01 3.524321059807e+00 2.132110864621e+01 1 1 1 0.0 0.0 0.0
Bi 1.461867963560e+01 1.206436261624e-01 2.132110864621e+01 1 1 1 0.0 0.0 0.0
Bi 1.314484407336e+01 1.033167592710e+01 2.132110864621e+01 1 1 1 0.0 0.0 0.0
Bi 1.495879553436e+01 6.927998493451e+00 2.132110864621e+01 1 1 1 0.0 0.0 0.0
Bi 1.677274699537e+01 3.524321059807e+00 2.132110864621e+01 1 1 1 0.0 0.0 0.0
Bi 1.711286289413e+01 1.033167592710e+01 2.132110864621e+01 1 1 1 0.0 0.0 0.0
Bi 3.054739072059e+00 6.927998493451e+00 2.132110864621e+01 1 1 1 0.0 0.0 0.0
Bi 5.208806431824e+00 1.033167592710e+01 2.132110864621e+01 1 1 1 0.0 0.0 0.0
Se 6.993022144584e+00 1.624247646640e+01 7.500000000000e+00 1 1 1 0.0 0.0 0.0
Se 2.458143492620e+00 1.842302708673e+00 7.500000000000e+00 1 1 1 0.0 0.0 0.0
Se 5.859302481865e+00 1.187749356049e+00 7.500000000000e+00 1 1 1 0.0 0.0 0.0
Se 4.725582818711e+00 4.460516119168e+00 7.500000000000e+00 1 1 1 0.0 0.0 0.0
Se 3.591863155556e+00 7.733282882288e+00 7.500000000000e+00 1 1 1 0.0 0.0 0.0
Se 9.260461471110e+00 5.331960034249e-01 7.500000000000e+00 1 1 1 0.0 0.0 0.0
Se 8.126741807956e+00 3.805962766544e+00 7.500000000000e+00 1 1 1 0.0 0.0 0.0
Se 6.993022144801e+00 7.078729529664e+00 7.500000000000e+00 1 1 1 0.0 0.0 0.0
Se 5.859302481647e+00 1.035149629278e+01 7.500000000000e+00 1 1 1 0.0 0.0 0.0
Se 1.946393843841e+01 1.689702981902e+01 7.500000000000e+00 1 1 1 0.0 0.0 0.0
Se 1.152790079720e+01 3.151409413921e+00 7.500000000000e+00 1 1 1 0.0 0.0 0.0
Se 1.039418113405e+01 6.424176177040e+00 7.500000000000e+00 1 1 1 0.0 0.0 0.0
Se 9.260461470892e+00 9.696942940159e+00 7.500000000000e+00 1 1 1 0.0 0.0 0.0
Se 8.126741807738e+00 1.296970970328e+01 7.500000000000e+00 1 1 1 0.0 0.0 0.0
Se 1.492905978645e+01 2.496856061297e+00 7.500000000000e+00 1 1 1 0.0 0.0 0.0
Se 1.379534012329e+01 5.769622824416e+00 7.500000000000e+00 1 1 1 0.0 0.0 0.0
Se 1.266162046014e+01 9.042389587536e+00 7.500000000000e+00 1 1 1 0.0 0.0 0.0
Se 1.152790079698e+01 1.231515635066e+01 7.500000000000e+00 1 1 1 0.0 0.0 0.0
Se 1.039418113383e+01 1.558792311377e+01 7.500000000000e+00 1 1 1 0.0 0.0 0.0
Se 1.719649911254e+01 5.115069471792e+00 7.500000000000e+00 1 1 1 0.0 0.0 0.0
Se 1.606277944938e+01 8.387836234912e+00 7.500000000000e+00 1 1 1 0.0 0.0 0.0
Se 1.492905978623e+01 1.166060299803e+01 7.500000000000e+00 1 1 1 0.0 0.0 0.0
Se 1.379534012307e+01 1.493336976115e+01 7.500000000000e+00 1 1 1 0.0 0.0 0.0
Se 1.833021877547e+01 1.100604964541e+01 7.500000000000e+00 1 1 1 0.0 0.0 0.0
Se 1.719649911232e+01 1.427881640853e+01 7.500000000000e+00 1 1 1 0.0 0.0 0.0
Se 2.059765810156e+01 1.362426305590e+01 7.500000000000e+00 1 1 1 0.0 0.0 0.0
Se 1.454197357781e+01 5.291604191100e-01 1.364602824434e+01 1 1 1 0.0 0.0 0.0
Se 1.680941290390e+01 3.147373829606e+00 1.364602824434e+01 1 1 1 0.0 0.0 0.0
Se 4.338496610078e+00 2.492820476982e+00 1.364602824434e+01 1 1 1 0.0 0.0 0.0
Se 3.204776946923e+00 5.765587240101e+00 1.364602824434e+01 1 1 1 0.0 0.0 0.0
Se 1.794313256684e+01 9.038354003221e+00 1.364602824434e+01 1 1 1 0.0 0.0 0.0
Se 7.739655599323e+00 1.838267124358e+00 1.364602824434e+01 1 1 1 0.0 0.0 0.0
Se 6.605935936168e+00 5.111033887477e+00 1.364602824434e+01 1 1 1 0.0 0.0 0.0
Se 5.472216273014e+00 8.383800650597e+00 1.364602824434e+01 1 1 1 0.0 0.0 0.0
Se 2.021057189293e+01 1.165656741372e+01 1.364602824434e+01 1 1 1 0.0 0.0 0.0
Se 1.114081458857e+01 1.183713771734e+00 1.364602824434e+01 1 1 1 0.0 0.0 0.0
Se 1.000709492541e+01 4.456480534853e+00 1.364602824434e+01 1 1 1 0.0 0.0 0.0
Se 8.873375262259e+00 7.729247297973e+00 1.364602824434e+01 1 1 1 0.0 0.0 0.0
Se 7.739655599105e+00 1.100201406109e+01 1.364602824434e+01 1 1 1 0.0 0.0 0.0
Se 6.605935935951e+00 1.427478082421e+01 1.364602824434e+01 1 1 1 0.0 0.0 0.0
Se 1.340825391466e+01 3.801927182229e+00 1.364602824434e+01 1 1 1 0.0 0.0 0.0
Se 1.227453425150e+01 7.074693945349e+00 1.364602824434e+01 1 1 1 0.0 0.0 0.0
Se 1.114081458835e+01 1.034746070847e+01 1.364602824434e+01 1 1 1 0.0 0.0 0.0
Se 1.000709492520e+01 1.362022747159e+01 1.364602824434e+01 1 1 1 0.0 0.0 0.0
Se 8.873375262042e+00 1.689299423471e+01 1.364602824434e+01 1 1 1 0.0 0.0 0.0
Se 1.567569324075e+01 6.420140592725e+00 1.364602824434e+01 1 1 1 0.0 0.0 0.0
Se 1.454197357760e+01 9.692907355844e+00 1.364602824434e+01 1 1 1 0.0 0.0 0.0
Se 1.340825391444e+01 1.296567411896e+01 1.364602824434e+01 1 1 1 0.0 0.0 0.0
Se 1.227453425129e+01 1.623844088208e+01 1.364602824434e+01 1 1 1 0.0 0.0 0.0
Se 1.680941290369e+01 1.231112076634e+01 1.364602824434e+01 1 1 1 0.0 0.0 0.0
Se 1.567569324053e+01 1.558388752946e+01 1.364602824434e+01 1 1 1 0.0 0.0 0.0
Se 1.907685222978e+01 1.492933417684e+01 1.364602824434e+01 1 1 1 0.0 0.0 0.0
Se 6.991946984919e+00 1.624242929541e+01 1.086443756309e+01 1 1 1 0.0 0.0 0.0
Se 2.457068332955e+00 1.842255537680e+00 1.086443756309e+01 1 1 1 0.0 0.0 0.0
Se 5.858227322201e+00 1.187702185056e+00 1.086443756309e+01 1 1 1 0.0 0.0 0.0
Se 4.724507659046e+00 4.460468948176e+00 1.086443756309e+01 1 1 1 0.0 0.0 0.0
Se 3.590787995892e+00 7.733235711295e+00 1.086443756309e+01 1 1 1 0.0 0.0 0.0
Se 9.259386311446e+00 5.331488324326e-01 1.086443756309e+01 1 1 1 0.0 0.0 0.0
Se 8.125666648291e+00 3.805915595552e+00 1.086443756309e+01 1 1 1 0.0 0.0 0.0
Se 6.991946985137e+00 7.078682358672e+00 1.086443756309e+01 1 1 1 0.0 0.0 0.0
Se 5.858227321983e+00 1.035144912179e+01 1.086443756309e+01 1 1 1 0.0 0.0 0.0
Se 1.946286327875e+01 1.689698264803e+01 1.086443756309e+01 1 1 1 0.0 0.0 0.0
Se 1.152682563754e+01 3.151362242928e+00 1.086443756309e+01 1 1 1 0.0 0.0 0.0
Se 1.039310597438e+01 6.424129006048e+00 1.086443756309e+01 1 1 1 0.0 0.0 0.0
Se 9.259386311228e+00 9.696895769167e+00 1.086443756309e+01 1 1 1 0.0 0.0 0.0
Se 8.125666648074e+00 1.296966253229e+01 1.086443756309e+01 1 1 1 0.0 0.0 0.0
Se 1.492798462678e+01 2.496808890304e+00 1.086443756309e+01 1 1 1 0.0 0.0 0.0
Se 1.379426496363e+01 5.769575653424e+00 1.086443756309e+01 1 1 1 0.0 0.0 0.0
Se 1.266054530047e+01 9.042342416543e+00 1.086443756309e+01 1 1 1 0.0 0.0 0.0
Se 1.152682563732e+01 1.231510917966e+01 1.086443756309e+01 1 1 1 0.0 0.0 0.0
Se 1.039310597416e+01 1.558787594278e+01 1.086443756309e+01 1 1 1 0.0 0.0 0.0
Se 1.719542395287e+01 5.115022300800e+00 1.086443756309e+01 1 1 1 0.0 0.0 0.0
Se 1.606170428972e+01 8.387789063919e+00 1.086443756309e+01 1 1 1 0.0 0.0 0.0
Se 1.492798462656e+01 1.166055582704e+01 1.086443756309e+01 1 1 1 0.0 0.0 0.0
Se 1.379426496341e+01 1.493332259016e+01 1.086443756309e+01 1 1 1 0.0 0.0 0.0
Se 1.832914361581e+01 1.100600247441e+01 1.086443756309e+01 1 1 1 0.0 0.0 0.0
Se 1.719542395265e+01 1.427876923753e+01 1.086443756309e+01 1 1 1 0.0 0.0 0.0
Se 2.059658294190e+01 1.362421588491e+01 1.086443756309e+01 1 1 1 0.0 0.0 0.0
Se 1.454092405796e+01 5.292937988917e-01 1.701046802998e+01 1 1 1 0.0 0.0 0.0
Se 1.680836338405e+01 3.147507209387e+00 1.701046802998e+01 1 1 1 0.0 0.0 0.0
Se 4.337447090223e+00 2.492953856763e+00 1.701046802998e+01 1 1 1 0.0 0.0 0.0
Se 3.203727427069e+00 5.765720619883e+00 1.701046802998e+01 1 1 1 0.0 0.0 0.0
Se 1.794208304699e+01 9.038487383002e+00 1.701046802998e+01 1 1 1 0.0 0.0 0.0
Se 7.738606079468e+00 1.838400504139e+00 1.701046802998e+01 1 1 1 0.0 0.0 0.0
Se 6.604886416314e+00 5.111167267259e+00 1.701046802998e+01 1 1 1 0.0 0.0 0.0
Se 5.471166753160e+00 8.383934030378e+00 1.701046802998e+01 1 1 1 0.0 0.0 0.0
Se 2.020952237308e+01 1.165670079350e+01 1.701046802998e+01 1 1 1 0.0 0.0 0.0
Se 1.113976506871e+01 1.183847151516e+00 1.701046802998e+01 1 1 1 0.0 0.0 0.0
Se 1.000604540556e+01 4.456613914635e+00 1.701046802998e+01 1 1 1 0.0 0.0 0.0
Se 8.872325742405e+00 7.729380677754e+00 1.701046802998e+01 1 1 1 0.0 0.0 0.0
Se 7.738606079251e+00 1.100214744087e+01 1.701046802998e+01 1 1 1 0.0 0.0 0.0
Se 6.604886416096e+00 1.427491420399e+01 1.701046802998e+01 1 1 1 0.0 0.0 0.0
Se 1.340720439480e+01 3.802060562011e+00 1.701046802998e+01 1 1 1 0.0 0.0 0.0
Se 1.227348473165e+01 7.074827325131e+00 1.701046802998e+01 1 1 1 0.0 0.0 0.0
Se 1.113976506850e+01 1.034759408825e+01 1.701046802998e+01 1 1 1 0.0 0.0 0.0
Se 1.000604540534e+01 1.362036085137e+01 1.701046802998e+01 1 1 1 0.0 0.0 0.0
Se 8.872325742187e+00 1.689312761449e+01 1.701046802998e+01 1 1 1 0.0 0.0 0.0
Se 1.567464372089e+01 6.420273972507e+00 1.701046802998e+01 1 1 1 0.0 0.0 0.0
Se 1.454092405774e+01 9.693040735626e+00 1.701046802998e+01 1 1 1 0.0 0.0 0.0
Se 1.340720439459e+01 1.296580749875e+01 1.701046802998e+01 1 1 1 0.0 0.0 0.0
Se 1.227348473143e+01 1.623857426187e+01 1.701046802998e+01 1 1 1 0.0 0.0 0.0
Se 1.680836338383e+01 1.231125414612e+01 1.701046802998e+01 1 1 1 0.0 0.0 0.0
Se 1.567464372068e+01 1.558402090924e+01 1.701046802998e+01 1 1 1 0.0 0.0 0.0
Se 1.907580270992e+01 1.492946755662e+01 1.701046802998e+01 1 1 1 0.0 0.0 0.0
Se 8.766840040071e-01 1.294506981115e+00 3.696241589303e+01 1 1 1 0.0 0.0 0.0
Se 3.030751363772e+00 4.698184414759e+00 3.696241589303e+01 1 1 1 0.0 0.0 0.0
Se 4.844702824775e+00 1.294506981115e+00 3.696241589303e+01 1 1 1 0.0 0.0 0.0
Se 5.184818723536e+00 8.101861848404e+00 3.696241589303e+01 1 1 1 0.0 0.0 0.0
Se 6.998770184539e+00 4.698184414759e+00 3.696241589303e+01 1 1 1 0.0 0.0 0.0
Se 8.812721645543e+00 1.294506981115e+00 3.696241589303e+01 1 1 1 0.0 0.0 0.0
Se 7.338886083301e+00 1.150553928205e+01 3.696241589303e+01 1 1 1 0.0 0.0 0.0
Se 9.152837544304e+00 8.101861848404e+00 3.696241589303e+01 1 1 1 0.0 0.0 0.0
Se 1.096678900531e+01 4.698184414759e+00 3.696241589303e+01 1 1 1 0.0 0.0 0.0
Se 1.278074046631e+01 1.294506981115e+00 3.696241589303e+01 1 1 1 0.0 0.0 0.0
Se 9.492953443065e+00 1.490921671569e+01 3.696241589303e+01 1 1 1 0.0 0.0 0.0
Se 1.130690490407e+01 1.150553928205e+01 3.696241589303e+01 1 1 1 0.0 0.0 0.0
Se 1.312085636507e+01 8.101861848404e+00 3.696241589303e+01 1 1 1 0.0 0.0 0.0
Se 1.493480782608e+01 4.698184414759e+00 3.696241589303e+01 1 1 1 0.0 0.0 0.0
Se 1.346097226383e+01 1.490921671569e+01 3.696241589303e+01 1 1 1 0.0 0.0 0.0
Se 1.527492372484e+01 1.150553928205e+01 3.696241589303e+01 1 1 1 0.0 0.0 0.0
Se 1.708887518584e+01 8.101861848404e+00 3.696241589303e+01 1 1 1 0.0 0.0 0.0
Se 1.742899108460e+01 1.490921671569e+01 3.696241589303e+01 1 1 1 0.0 0.0 0.0
Se 1.924294254560e+01 1.150553928205e+01 3.696241589303e+01 1 1 1 0.0 0.0 0.0
Se 2.139700990537e+01 1.490921671569e+01 3.696241589303e+01 1 1 1 0.0 0.0 0.0
Se 7.444874521555e+00 1.373987367932e+01 3.332483142763e+01 1 1 1 0.0 0.0 0.0
Se 2.796623903265e+00 1.251639447412e-01 3.332483142763e+01 1 1 1 0.0 0.0 0.0
Se 1.141289334232e+01 1.373987367932e+01 3.332483142763e+01 1 1 1 0.0 0.0 0.0
Se 4.950691263030e+00 3.528841378385e+00 3.332483142763e+01 1 1 1 0.0 0.0 0.0
Se 6.764642724033e+00 1.251639447412e-01 3.332483142763e+01 1 1 1 0.0 0.0 0.0
Se 1.538091216309e+01 1.373987367932e+01 3.332483142763e+01 1 1 1 0.0 0.0 0.0
Se 7.104758622794e+00 6.932518812030e+00 3.332483142763e+01 1 1 1 0.0 0.0 0.0
Se 8.918710083797e+00 3.528841378385e+00 3.332483142763e+01 1 1 1 0.0 0.0 0.0
Se 1.073266154480e+01 1.251639447412e-01 3.332483142763e+01 1 1 1 0.0 0.0 0.0
Se 1.934893098386e+01 1.373987367932e+01 3.332483142763e+01 1 1 1 0.0 0.0 0.0
Se 9.258825982559e+00 1.033619624567e+01 3.332483142763e+01 1 1 1 0.0 0.0 0.0
Se 1.107277744356e+01 6.932518812030e+00 3.332483142763e+01 1 1 1 0.0 0.0 0.0
Se 1.288672890457e+01 3.528841378385e+00 3.332483142763e+01 1 1 1 0.0 0.0 0.0
Se 1.470068036557e+01 1.251639447412e-01 3.332483142763e+01 1 1 1 0.0 0.0 0.0
Se 1.322684480333e+01 1.033619624567e+01 3.332483142763e+01 1 1 1 0.0 0.0 0.0
Se 1.504079626433e+01 6.932518812030e+00 3.332483142763e+01 1 1 1 0.0 0.0 0.0
Se 1.685474772533e+01 3.528841378385e+00 3.332483142763e+01 1 1 1 0.0 0.0 0.0
Se 1.719486362409e+01 1.033619624567e+01 3.332483142763e+01 1 1 1 0.0 0.0 0.0
Se 3.136739802026e+00 6.932518812030e+00 3.332483142763e+01 1 1 1 0.0 0.0 0.0
Se 5.290807161791e+00 1.033619624567e+01 3.332483142763e+01 1 1 1 0.0 0.0 0.0
Se 7.550289874992e+00 1.601799234524e+01 2.969131231352e+01 1 1 1 0.0 0.0 0.0
Se 2.902039256701e+00 2.403282610664e+00 2.969131231352e+01 1 1 1 0.0 0.0 0.0
Se 1.151830869576e+01 1.601799234524e+01 2.969131231352e+01 1 1 1 0.0 0.0 0.0
Se 5.056106616466e+00 5.806960044308e+00 2.969131231352e+01 1 1 1 0.0 0.0 0.0
Se 6.870058077469e+00 2.403282610664e+00 2.969131231352e+01 1 1 1 0.0 0.0 0.0
Se 1.548632751653e+01 1.601799234524e+01 2.969131231352e+01 1 1 1 0.0 0.0 0.0
Se 7.210173976230e+00 9.210637477953e+00 2.969131231352e+01 1 1 1 0.0 0.0 0.0
Se 9.024125437234e+00 5.806960044308e+00 2.969131231352e+01 1 1 1 0.0 0.0 0.0
Se 1.083807689824e+01 2.403282610664e+00 2.969131231352e+01 1 1 1 0.0 0.0 0.0
Se 1.945434633729e+01 1.601799234524e+01 2.969131231352e+01 1 1 1 0.0 0.0 0.0
Se 9.364241335995e+00 1.261431491160e+01 2.969131231352e+01 1 1 1 0.0 0.0 0.0
Se 1.117819279700e+01 9.210637477953e+00 2.969131231352e+01 1 1 1 0.0 0.0 0.0
Se 1.299214425800e+01 5.806960044308e+00 2.969131231352e+01 1 1 1 0.0 0.0 0.0
Se 1.480609571900e+01 2.403282610664e+00 2.969131231352e+01 1 1 1 0.0 0.0 0.0
Se 1.333226015676e+01 1.261431491160e+01 2.969131231352e+01 1 1 1 0.0 0.0 0.0
Se 1.514621161777e+01 9.210637477953e+00 2.969131231352e+01 1 1 1 0.0 0.0 0.0
Se 1.696016307877e+01 5.806960044308e+00 2.969131231352e+01 1 1 1 0.0 0.0 0.0
Se 1.730027897753e+01 1.261431491160e+01 2.969131231352e+01 1 1 1 0.0 0.0 0.0
Se 1.911423043853e+01 9.210637477953e+00 2.969131231352e+01 1 1 1 0.0 0.0 0.0
Se 5.396222515227e+00 1.261431491160e+01 2.969131231352e+01 1 1 1 0.0 0.0 0.0
Se 7.366590660551e+00 1.373417588959e+01 2.692457590224e+01 1 1 1 0.0 0.0 0.0
Se 2.718340042261e+00 1.194661550112e-01 2.692457590224e+01 1 1 1 0.0 0.0 0.0
Se 1.133460948132e+01 1.373417588959e+01 2.692457590224e+01 1 1 1 0.0 0.0 0.0
Se 4.872407402025e+00 3.523143588655e+00 2.692457590224e+01 1 1 1 0.0 0.0 0.0
Se 6.686358863028e+00 1.194661550112e-01 2.692457590224e+01 1 1 1 0.0 0.0 0.0
Se 1.530262830209e+01 1.373417588959e+01 2.692457590224e+01 1 1 1 0.0 0.0 0.0
Se 7.026474761790e+00 6.926821022300e+00 2.692457590224e+01 1 1 1 0.0 0.0 0.0
Se 8.840426222793e+00 3.523143588655e+00 2.692457590224e+01 1 1 1 0.0 0.0 0.0
Se 1.065437768380e+01 1.194661550112e-01 2.692457590224e+01 1 1 1 0.0 0.0 0.0
Se 1.927064712285e+01 1.373417588959e+01 2.692457590224e+01 1 1 1 0.0 0.0 0.0
Se 9.180542121554e+00 1.033049845594e+01 2.692457590224e+01 1 1 1 0.0 0.0 0.0
Se 1.099449358256e+01 6.926821022300e+00 2.692457590224e+01 1 1 1 0.0 0.0 0.0
Se 1.280844504356e+01 3.523143588655e+00 2.692457590224e+01 1 1 1 0.0 0.0 0.0
Se 1.462239650456e+01 1.194661550112e-01 2.692457590224e+01 1 1 1 0.0 0.0 0.0
Se 1.314856094232e+01 1.033049845594e+01 2.692457590224e+01 1 1 1 0.0 0.0 0.0
Se 1.496251240333e+01 6.926821022300e+00 2.692457590224e+01 1 1 1 0.0 0.0 0.0
Se 1.677646386433e+01 3.523143588655e+00 2.692457590224e+01 1 1 1 0.0 0.0 0.0
Se 1.711657976309e+01 1.033049845594e+01 2.692457590224e+01 1 1 1 0.0 0.0 0.0
Se 3.058455941022e+00 6.926821022300e+00 2.692457590224e+01 1 1 1 0.0 0.0 0.0
Se 5.212523300786e+00 1.033049845594e+01 2.692457590224e+01 1 1 1 0.0 0.0 0.0
Se 7.472559108779e+00 1.602001909480e+01 2.330671355540e+01 1 1 1 0.0 0.0 0.0
Se 2.824308490489e+00 2.405309360221e+00 2.330671355540e+01 1 1 1 0.0 0.0 0.0
Se 1.144057792955e+01 1.602001909480e+01 2.330671355540e+01 1 1 1 0.0 0.0 0.0
Se 4.978375850253e+00 5.808986793865e+00 2.330671355540e+01 1 1 1 0.0 0.0 0.0
Se 6.792327311256e+00 2.405309360221e+00 2.330671355540e+01 1 1 1 0.0 0.0 0.0
Se 1.540859675031e+01 1.602001909480e+01 2.330671355540e+01 1 1 1 0.0 0.0 0.0
Se 7.132443210018e+00 9.212664227509e+00 2.330671355540e+01 1 1 1 0.0 0.0 0.0
Se 8.946394671021e+00 5.808986793865e+00 2.330671355540e+01 1 1 1 0.0 0.0 0.0
Se 1.076034613202e+01 2.405309360221e+00 2.330671355540e+01 1 1 1 0.0 0.0 0.0
Se 1.937661557108e+01 1.602001909480e+01 2.330671355540e+01 1 1 1 0.0 0.0 0.0
Se 9.286510569782e+00 1.261634166115e+01 2.330671355540e+01 1 1 1 0.0 0.0 0.0
Se 1.110046203079e+01 9.212664227509e+00 2.330671355540e+01 1 1 1 0.0 0.0 0.0
Se 1.291441349179e+01 5.808986793865e+00 2.330671355540e+01 1 1 1 0.0 0.0 0.0
Se 1.472836495279e+01 2.405309360221e+00 2.330671355540e+01 1 1 1 0.0 0.0 0.0
Se 1.325452939055e+01 1.261634166115e+01 2.330671355540e+01 1 1 1 0.0 0.0 0.0
Se 1.506848085155e+01 9.212664227509e+00 2.330671355540e+01 1 1 1 0.0 0.0 0.0
Se 1.688243231256e+01 5.808986793865e+00 2.330671355540e+01 1 1 1 0.0 0.0 0.0
Se 1.722254821132e+01 1.261634166115e+01 2.330671355540e+01 1 1 1 0.0 0.0 0.0
Se 1.903649967232e+01 9.212664227509e+00 2.330671355540e+01 1 1 1 0.0 0.0 0.0
Se 5.318491749014e+00 1.261634166115e+01 2.330671355540e+01 1 1 1 0.0 0.0 0.0
Se 7.897316642692e-01 1.282687411615e+00 1.968357859229e+01 1 1 1 0.0 0.0 0.0
Se 2.943799024034e+00 4.686364845259e+00 1.968357859229e+01 1 1 1 0.0 0.0 0.0
Se 4.757750485037e+00 1.282687411615e+00 1.968357859229e+01 1 1 1 0.0 0.0 0.0
Se 5.097866383798e+00 8.090042278903e+00 1.968357859229e+01 1 1 1 0.0 0.0 0.0
Se 6.911817844801e+00 4.686364845259e+00 1.968357859229e+01 1 1 1 0.0 0.0 0.0
Se 8.725769305805e+00 1.282687411615e+00 1.968357859229e+01 1 1 1 0.0 0.0 0.0
Se 7.251933743563e+00 1.149371971255e+01 1.968357859229e+01 1 1 1 0.0 0.0 0.0
Se 9.065885204566e+00 8.090042278903e+00 1.968357859229e+01 1 1 1 0.0 0.0 0.0
Se 1.087983666557e+01 4.686364845259e+00 1.968357859229e+01 1 1 1 0.0 0.0 0.0
Se 1.269378812657e+01 1.282687411615e+00 1.968357859229e+01 1 1 1 0.0 0.0 0.0
Se 9.406001103327e+00 1.489739714619e+01 1.968357859229e+01 1 1 1 0.0 0.0 0.0
Se 1.121995256433e+01 1.149371971255e+01 1.968357859229e+01 1 1 1 0.0 0.0 0.0
Se 1.303390402533e+01 8.090042278903e+00 1.968357859229e+01 1 1 1 0.0 0.0 0.0
Se 1.484785548634e+01 4.686364845259e+00 1.968357859229e+01 1 1 1 0.0 0.0 0.0
Se 1.337401992410e+01 1.489739714619e+01 1.968357859229e+01 1 1 1 0.0 0.0 0.0
Se 1.518797138510e+01 1.149371971255e+01 1.968357859229e+01 1 1 1 0.0 0.0 0.0
Se 1.700192284610e+01 8.090042278903e+00 1.968357859229e+01 1 1 1 0.0 0.0 0.0
Se 1.734203874486e+01 1.489739714619e+01 1.968357859229e+01 1 1 1 0.0 0.0 0.0
Se 1.915599020587e+01 1.149371971255e+01 1.968357859229e+01 1 1 1 0.0 0.0 0.0
Se 2.131005756563e+01 1.489739714619e+01 1.968357859229e+01 1 1 1 0.0 0.0 0.0
"