calculation_mode = "Quench Electrons"
cell_relax = "False"
charge_density_mixing = "0.1"
charge_mixing_type = "Broyden"
description = "Example parameters for high-throughput bulk relaxation of a vdW material"
dos_broading = "0.05"
dos_method = "Gaussian"
energy_convergence_criterion = "1e-10"
energy_output_units = "Hartrees"
kohn_sham_mucycles = "3"
kohn_sham_solver = "davidson"
kpoint_distribution = "1"
kpoint_mesh = "2 2 1"
localize_projectors = "False"
max_md_steps = "100"
max_scf_steps = "200"
non_local_block_size = "4000"
output_wave_function_file = "/dev/null"
potential_acceleration_constant_step = "1.5"
processor_grid = "4 4 14"
rms_convergence_criterion = "1e-08"
scalapack_block_factor = "64"
start_mode = "LCAO Start"
state_block_size = "64"
stress = "True"
subdiag_driver = "scalapack"
use_async_allreduce = "False"
vdw_corr = "DFT-D3"
vdwdf_kernel_filepath = "/lustre/orion/world-shared/cph162/rjmorelock/rmgdft/XC/vdW_kernel_table"
wavefunction_grid = "106 106 378"
write_data_period = "50"

atomic_coordinate_type = "Absolute"
crds_units = "Angstrom"
lattice_units = "Angstrom"

lattice_vector = "
1.248808204977e+01 0.000000000000e+00 8.000000000000e-16
6.244041024516e+00 1.081499630023e+01 8.000000000000e-16
0.000000000000e+00 0.000000000000e+00 4.446241589303e+01
"
atoms = "
Nb 7.462616298795e+00 9.065701172280e+00 1.532833092694e+01 1 1 1 0.0 0.0 0.0
Nb 3.620129514534e+00 7.464732490258e-01 1.532833092694e+01 1 1 1 0.0 0.0 0.0
Nb 6.021683754789e+00 3.242241626002e+00 1.532833092694e+01 1 1 1 0.0 0.0 0.0
Nb 8.423237995044e+00 5.738010002978e+00 1.532833092694e+01 1 1 1 0.0 0.0 0.0
Nb 1.082479223530e+01 8.233778379955e+00 1.532833092694e+01 1 1 1 0.0 0.0 0.0
Nb 1.322634647555e+01 1.072954675693e+01 1.532833092694e+01 1 1 1 0.0 0.0 0.0
Nb 9.383859691294e+00 2.410318833677e+00 1.532833092694e+01 1 1 1 0.0 0.0 0.0
Nb 1.178541393155e+01 4.906087210653e+00 1.532833092694e+01 1 1 1 0.0 0.0 0.0
Nb 1.418696817180e+01 7.401855587629e+00 1.532833092694e+01 1 1 1 0.0 0.0 0.0
Nb 1.658852241206e+01 9.897623964605e+00 1.532833092694e+01 1 1 1 0.0 0.0 0.0
Nb 1.274603562780e+01 1.578396041351e+00 1.532833092694e+01 1 1 1 0.0 0.0 0.0
Nb 2.659507818285e+00 4.074164418328e+00 1.532833092694e+01 1 1 1 0.0 0.0 0.0
Nb 5.061062058540e+00 6.569932795304e+00 1.532833092694e+01 1 1 1 0.0 0.0 0.0
Nb 7.470327835965e+00 9.059644704480e+00 9.182088683320e+00 1 1 1 0.0 0.0 0.0
Nb 3.627841051704e+00 7.404167812261e-01 9.182088683320e+00 1 1 1 0.0 0.0 0.0
Nb 6.029395291959e+00 3.236185158202e+00 9.182088683320e+00 1 1 1 0.0 0.0 0.0
Nb 8.430949532215e+00 5.731953535179e+00 9.182088683320e+00 1 1 1 0.0 0.0 0.0
Nb 1.083250377247e+01 8.227721912155e+00 9.182088683320e+00 1 1 1 0.0 0.0 0.0
Nb 1.323405801272e+01 1.072349028913e+01 9.182088683320e+00 1 1 1 0.0 0.0 0.0
Nb 9.391571228464e+00 2.404262365877e+00 9.182088683320e+00 1 1 1 0.0 0.0 0.0
Nb 1.179312546872e+01 4.900030742853e+00 9.182088683320e+00 1 1 1 0.0 0.0 0.0
Nb 1.419467970897e+01 7.395799119829e+00 9.182088683320e+00 1 1 1 0.0 0.0 0.0
Nb 1.659623394923e+01 9.891567496806e+00 9.182088683320e+00 1 1 1 0.0 0.0 0.0
Nb 1.275374716497e+01 1.572339573552e+00 9.182088683320e+00 1 1 1 0.0 0.0 0.0
Nb 2.667219355455e+00 4.068107950528e+00 9.182088683320e+00 1 1 1 0.0 0.0 0.0
Nb 5.068773595710e+00 6.563876327504e+00 9.182088683320e+00 1 1 1 0.0 0.0 0.0
Bi 3.661539384323e+00 4.259998068974e+00 3.532095071834e+01 1 1 1 0.0 0.0 0.0
Bi 1.580192376151e+00 6.549993022303e-01 3.532095071834e+01 1 1 1 0.0 0.0 0.0
Bi 5.742886392495e+00 7.864996835717e+00 3.532095071834e+01 1 1 1 0.0 0.0 0.0
Bi 7.824233400913e+00 4.259998068974e+00 3.532095071834e+01 1 1 1 0.0 0.0 0.0
Bi 5.742886392741e+00 6.549993022303e-01 3.532095071834e+01 1 1 1 0.0 0.0 0.0
Bi 9.905580409085e+00 7.864996835717e+00 3.532095071834e+01 1 1 1 0.0 0.0 0.0
Bi 1.198692741750e+01 4.259998068974e+00 3.532095071834e+01 1 1 1 0.0 0.0 0.0
Bi 9.905580409331e+00 6.549993022303e-01 3.532095071834e+01 1 1 1 0.0 0.0 0.0
Bi 1.406827442567e+01 7.864996835717e+00 3.532095071834e+01 1 1 1 0.0 0.0 0.0
Bi 5.708308553162e+00 5.470581904169e+00 3.133430771007e+01 1 1 1 0.0 0.0 0.0
Bi 3.626961544990e+00 1.865583137425e+00 3.133430771007e+01 1 1 1 0.0 0.0 0.0
Bi 7.789655561334e+00 9.075580670912e+00 3.133430771007e+01 1 1 1 0.0 0.0 0.0
Bi 9.871002569752e+00 5.470581904169e+00 3.133430771007e+01 1 1 1 0.0 0.0 0.0
Bi 7.789655561580e+00 1.865583137425e+00 3.133430771007e+01 1 1 1 0.0 0.0 0.0
Bi 1.195234957792e+01 9.075580670912e+00 3.133430771007e+01 1 1 1 0.0 0.0 0.0
Bi 1.403369658634e+01 5.470581904169e+00 3.133430771007e+01 1 1 1 0.0 0.0 0.0
Bi 1.195234957817e+01 1.865583137425e+00 3.133430771007e+01 1 1 1 0.0 0.0 0.0
Bi 1.611504359451e+01 9.075580670912e+00 3.133430771007e+01 1 1 1 0.0 0.0 0.0
Bi 5.690566009485e+00 5.536014665910e+00 2.529282906773e+01 1 1 1 0.0 0.0 0.0
Bi 3.609219001313e+00 1.931015899167e+00 2.529282906773e+01 1 1 1 0.0 0.0 0.0
Bi 7.771913017657e+00 9.141013432654e+00 2.529282906773e+01 1 1 1 0.0 0.0 0.0
Bi 9.853260026075e+00 5.536014665910e+00 2.529282906773e+01 1 1 1 0.0 0.0 0.0
Bi 7.771913017903e+00 1.931015899167e+00 2.529282906773e+01 1 1 1 0.0 0.0 0.0
Bi 1.193460703425e+01 9.141013432654e+00 2.529282906773e+01 1 1 1 0.0 0.0 0.0
Bi 1.401595404266e+01 5.536014665910e+00 2.529282906773e+01 1 1 1 0.0 0.0 0.0
Bi 1.193460703449e+01 1.931015899167e+00 2.529282906773e+01 1 1 1 0.0 0.0 0.0
Bi 1.609730105084e+01 9.141013432654e+00 2.529282906773e+01 1 1 1 0.0 0.0 0.0
Bi 1.399656660121e+01 3.123389533901e+00 2.132110864621e+01 1 1 1 0.0 0.0 0.0
Bi 1.815926061756e+01 1.033338706739e+01 2.132110864621e+01 1 1 1 0.0 0.0 0.0
Bi 1.607791360938e+01 6.728388300644e+00 2.132110864621e+01 1 1 1 0.0 0.0 0.0
Bi 5.671178568033e+00 3.123389533901e+00 2.132110864621e+01 1 1 1 0.0 0.0 0.0
Bi 9.833872584377e+00 1.033338706739e+01 2.132110864621e+01 1 1 1 0.0 0.0 0.0
Bi 7.752525576205e+00 6.728388300644e+00 2.132110864621e+01 1 1 1 0.0 0.0 0.0
Bi 9.833872584623e+00 3.123389533901e+00 2.132110864621e+01 1 1 1 0.0 0.0 0.0
Bi 1.399656660097e+01 1.033338706739e+01 2.132110864621e+01 1 1 1 0.0 0.0 0.0
Bi 1.191521959279e+01 6.728388300644e+00 2.132110864621e+01 1 1 1 0.0 0.0 0.0
Se 5.549033617295e+00 8.504468183019e+00 7.500000000000e+00 1 1 1 0.0 0.0 0.0
Se 1.706546833034e+00 1.852402597649e-01 7.500000000000e+00 1 1 1 0.0 0.0 0.0
Se 4.108101073289e+00 2.681008636741e+00 7.500000000000e+00 1 1 1 0.0 0.0 0.0
Se 6.509655313544e+00 5.176777013717e+00 7.500000000000e+00 1 1 1 0.0 0.0 0.0
Se 8.911209553800e+00 7.672545390694e+00 7.500000000000e+00 1 1 1 0.0 0.0 0.0
Se 1.131276379405e+01 1.016831376767e+01 7.500000000000e+00 1 1 1 0.0 0.0 0.0
Se 7.470277009794e+00 1.849085844416e+00 7.500000000000e+00 1 1 1 0.0 0.0 0.0
Se 9.871831250049e+00 4.344854221392e+00 7.500000000000e+00 1 1 1 0.0 0.0 0.0
Se 1.227338549030e+01 6.840622598368e+00 7.500000000000e+00 1 1 1 0.0 0.0 0.0
Se 1.467493973056e+01 9.336390975344e+00 7.500000000000e+00 1 1 1 0.0 0.0 0.0
Se 1.083245294630e+01 1.017163052090e+00 7.500000000000e+00 1 1 1 0.0 0.0 0.0
Se 1.323400718655e+01 3.512931429067e+00 7.500000000000e+00 1 1 1 0.0 0.0 0.0
Se 1.563556142681e+01 6.008699806043e+00 7.500000000000e+00 1 1 1 0.0 0.0 0.0
Se 1.850966380485e+01 1.045196898862e+01 1.364602824434e+01 1 1 1 0.0 0.0 0.0
Se 2.179094970816e+00 2.132741065370e+00 1.364602824434e+01 1 1 1 0.0 0.0 0.0
Se 4.580649211072e+00 4.628509442347e+00 1.364602824434e+01 1 1 1 0.0 0.0 0.0
Se 6.982203451327e+00 7.124277819323e+00 1.364602824434e+01 1 1 1 0.0 0.0 0.0
Se 9.383757691582e+00 9.620046196299e+00 1.364602824434e+01 1 1 1 0.0 0.0 0.0
Se 5.541270907321e+00 1.300818273045e+00 1.364602824434e+01 1 1 1 0.0 0.0 0.0
Se 7.942825147576e+00 3.796586650021e+00 1.364602824434e+01 1 1 1 0.0 0.0 0.0
Se 1.034437938783e+01 6.292355026997e+00 1.364602824434e+01 1 1 1 0.0 0.0 0.0
Se 1.274593362809e+01 8.788123403974e+00 1.364602824434e+01 1 1 1 0.0 0.0 0.0
Se 8.903446843826e+00 4.688954807196e-01 1.364602824434e+01 1 1 1 0.0 0.0 0.0
Se 1.130500108408e+01 2.964663857696e+00 1.364602824434e+01 1 1 1 0.0 0.0 0.0
Se 1.370655532434e+01 5.460432234672e+00 1.364602824434e+01 1 1 1 0.0 0.0 0.0
Se 1.610810956459e+01 7.956200611648e+00 1.364602824434e+01 1 1 1 0.0 0.0 0.0
Se 5.548503548781e+00 8.505404783669e+00 1.086443756309e+01 1 1 1 0.0 0.0 0.0
Se 1.706016764520e+00 1.861768604146e-01 1.086443756309e+01 1 1 1 0.0 0.0 0.0
Se 4.107571004775e+00 2.681945237391e+00 1.086443756309e+01 1 1 1 0.0 0.0 0.0
Se 6.509125245031e+00 5.177713614367e+00 1.086443756309e+01 1 1 1 0.0 0.0 0.0
Se 8.910679485286e+00 7.673481991343e+00 1.086443756309e+01 1 1 1 0.0 0.0 0.0
Se 1.131223372554e+01 1.016925036832e+01 1.086443756309e+01 1 1 1 0.0 0.0 0.0
Se 7.469746941280e+00 1.850022445065e+00 1.086443756309e+01 1 1 1 0.0 0.0 0.0
Se 9.871301181535e+00 4.345790822042e+00 1.086443756309e+01 1 1 1 0.0 0.0 0.0
Se 1.227285542179e+01 6.841559199018e+00 1.086443756309e+01 1 1 1 0.0 0.0 0.0
Se 1.467440966205e+01 9.337327575994e+00 1.086443756309e+01 1 1 1 0.0 0.0 0.0
Se 1.083192287778e+01 1.018099652740e+00 1.086443756309e+01 1 1 1 0.0 0.0 0.0
Se 1.323347711804e+01 3.513868029716e+00 1.086443756309e+01 1 1 1 0.0 0.0 0.0
Se 1.563503135830e+01 6.009636406693e+00 1.086443756309e+01 1 1 1 0.0 0.0 0.0
Se 1.850930625311e+01 1.045296469885e+01 1.701046802998e+01 1 1 1 0.0 0.0 0.0
Se 2.178737419085e+00 2.133736775594e+00 1.701046802998e+01 1 1 1 0.0 0.0 0.0
Se 4.580291659340e+00 4.629505152571e+00 1.701046802998e+01 1 1 1 0.0 0.0 0.0
Se 6.981845899595e+00 7.125273529547e+00 1.701046802998e+01 1 1 1 0.0 0.0 0.0
Se 9.383400139850e+00 9.621041906523e+00 1.701046802998e+01 1 1 1 0.0 0.0 0.0
Se 5.540913355589e+00 1.301813983269e+00 1.701046802998e+01 1 1 1 0.0 0.0 0.0
Se 7.942467595845e+00 3.797582360245e+00 1.701046802998e+01 1 1 1 0.0 0.0 0.0
Se 1.034402183610e+01 6.293350737221e+00 1.701046802998e+01 1 1 1 0.0 0.0 0.0
Se 1.274557607635e+01 8.789119114198e+00 1.701046802998e+01 1 1 1 0.0 0.0 0.0
Se 8.903089292094e+00 4.698911909435e-01 1.701046802998e+01 1 1 1 0.0 0.0 0.0
Se 1.130464353235e+01 2.965659567920e+00 1.701046802998e+01 1 1 1 0.0 0.0 0.0
Se 1.370619777260e+01 5.461427944896e+00 1.701046802998e+01 1 1 1 0.0 0.0 0.0
Se 1.610775201286e+01 7.957196321872e+00 1.701046802998e+01 1 1 1 0.0 0.0 0.0
Se 5.753085046623e+00 5.468113828538e+00 3.696241589303e+01 1 1 1 0.0 0.0 0.0
Se 3.671738038451e+00 1.863115061794e+00 3.696241589303e+01 1 1 1 0.0 0.0 0.0
Se 7.834432054795e+00 9.073112595281e+00 3.696241589303e+01 1 1 1 0.0 0.0 0.0
Se 9.915779063213e+00 5.468113828538e+00 3.696241589303e+01 1 1 1 0.0 0.0 0.0
Se 7.834432055041e+00 1.863115061794e+00 3.696241589303e+01 1 1 1 0.0 0.0 0.0
Se 1.199712607138e+01 9.073112595281e+00 3.696241589303e+01 1 1 1 0.0 0.0 0.0
Se 1.407847307980e+01 5.468113828538e+00 3.696241589303e+01 1 1 1 0.0 0.0 0.0
Se 1.199712607163e+01 1.863115061794e+00 3.696241589303e+01 1 1 1 0.0 0.0 0.0
Se 1.615982008797e+01 9.073112595281e+00 3.696241589303e+01 1 1 1 0.0 0.0 0.0
Se 1.404360628163e+01 3.051489791850e+00 3.332483142763e+01 1 1 1 0.0 0.0 0.0
Se 1.820630029798e+01 1.026148732534e+01 3.332483142763e+01 1 1 1 0.0 0.0 0.0
Se 1.612495328981e+01 6.656488558594e+00 3.332483142763e+01 1 1 1 0.0 0.0 0.0
Se 5.718218248454e+00 3.051489791850e+00 3.332483142763e+01 1 1 1 0.0 0.0 0.0
Se 9.880912264798e+00 1.026148732534e+01 3.332483142763e+01 1 1 1 0.0 0.0 0.0
Se 7.799565256626e+00 6.656488558594e+00 3.332483142763e+01 1 1 1 0.0 0.0 0.0
Se 9.880912265044e+00 3.051489791850e+00 3.332483142763e+01 1 1 1 0.0 0.0 0.0
Se 1.404360628139e+01 1.026148732534e+01 3.332483142763e+01 1 1 1 0.0 0.0 0.0
Se 1.196225927322e+01 6.656488558594e+00 3.332483142763e+01 1 1 1 0.0 0.0 0.0
Se 3.640717468563e+00 4.265559649858e+00 2.969131231352e+01 1 1 1 0.0 0.0 0.0
Se 1.559370460391e+00 6.605608831142e-01 2.969131231352e+01 1 1 1 0.0 0.0 0.0
Se 5.722064476735e+00 7.870558416601e+00 2.969131231352e+01 1 1 1 0.0 0.0 0.0
Se 7.803411485153e+00 4.265559649858e+00 2.969131231352e+01 1 1 1 0.0 0.0 0.0
Se 5.722064476981e+00 6.605608831142e-01 2.969131231352e+01 1 1 1 0.0 0.0 0.0
Se 9.884758493325e+00 7.870558416601e+00 2.969131231352e+01 1 1 1 0.0 0.0 0.0
Se 1.196610550174e+01 4.265559649858e+00 2.969131231352e+01 1 1 1 0.0 0.0 0.0
Se 9.884758493571e+00 6.605608831142e-01 2.969131231352e+01 1 1 1 0.0 0.0 0.0
Se 1.404745250991e+01 7.870558416601e+00 2.969131231352e+01 1 1 1 0.0 0.0 0.0
Se 1.399746703607e+01 3.119335702115e+00 2.692457590224e+01 1 1 1 0.0 0.0 0.0
Se 1.816016105242e+01 1.032933323560e+01 2.692457590224e+01 1 1 1 0.0 0.0 0.0
Se 1.607881404424e+01 6.724334468859e+00 2.692457590224e+01 1 1 1 0.0 0.0 0.0
Se 5.672079002893e+00 3.119335702115e+00 2.692457590224e+01 1 1 1 0.0 0.0 0.0
Se 9.834773019237e+00 1.032933323560e+01 2.692457590224e+01 1 1 1 0.0 0.0 0.0
Se 7.753426011065e+00 6.724334468859e+00 2.692457590224e+01 1 1 1 0.0 0.0 0.0
Se 9.834773019483e+00 3.119335702115e+00 2.692457590224e+01 1 1 1 0.0 0.0 0.0
Se 1.399746703583e+01 1.032933323560e+01 2.692457590224e+01 1 1 1 0.0 0.0 0.0
Se 1.191612002765e+01 6.724334468859e+00 2.692457590224e+01 1 1 1 0.0 0.0 0.0
Se 3.601751227899e+00 4.337344414684e+00 2.330671355540e+01 1 1 1 0.0 0.0 0.0
Se 1.520404219727e+00 7.323456479409e-01 2.330671355540e+01 1 1 1 0.0 0.0 0.0
Se 5.683098236071e+00 7.942343181428e+00 2.330671355540e+01 1 1 1 0.0 0.0 0.0
Se 7.764445244489e+00 4.337344414684e+00 2.330671355540e+01 1 1 1 0.0 0.0 0.0
Se 5.683098236317e+00 7.323456479409e-01 2.330671355540e+01 1 1 1 0.0 0.0 0.0
Se 9.845792252661e+00 7.942343181428e+00 2.330671355540e+01 1 1 1 0.0 0.0 0.0
Se 1.192713926108e+01 4.337344414684e+00 2.330671355540e+01 1 1 1 0.0 0.0 0.0
Se 9.845792252907e+00 7.323456479409e-01 2.330671355540e+01 1 1 1 0.0 0.0 0.0
Se 1.400848626925e+01 7.942343181428e+00 2.330671355540e+01 1 1 1 0.0 0.0 0.0
Se 5.696944155761e+00 5.540315352792e+00 1.968357859229e+01 1 1 1 0.0 0.0 0.0
Se 3.615597147589e+00 1.935316586048e+00 1.968357859229e+01 1 1 1 0.0 0.0 0.0
Se 7.778291163933e+00 9.145314119535e+00 1.968357859229e+01 1 1 1 0.0 0.0 0.0
Se 9.859638172351e+00 5.540315352792e+00 1.968357859229e+01 1 1 1 0.0 0.0 0.0
Se 7.778291164179e+00 1.935316586048e+00 1.968357859229e+01 1 1 1 0.0 0.0 0.0
Se 1.194098518052e+01 9.145314119535e+00 1.968357859229e+01 1 1 1 0.0 0.0 0.0
Se 1.402233218894e+01 5.540315352792e+00 1.968357859229e+01 1 1 1 0.0 0.0 0.0
Se 1.194098518077e+01 1.935316586048e+00 1.968357859229e+01 1 1 1 0.0 0.0 0.0
Se 1.610367919711e+01 9.145314119535e+00 1.968357859229e+01 1 1 1 0.0 0.0 0.0
"