calculation_mode = "Quench Electrons"
cell_relax = "False"
charge_density_mixing = "0.1"
charge_mixing_type = "Broyden"
description = "Example parameters for high-throughput bulk relaxation of a vdW material"
dos_broading = "0.05"
dos_method = "Gaussian"
energy_convergence_criterion = "1e-10"
energy_output_units = "Hartrees"
kohn_sham_mucycles = "3"
kohn_sham_solver = "davidson"
kpoint_mesh = "1 1 1"
localize_projectors = "False"
max_md_steps = "100"
max_scf_steps = "200"
non_local_block_size = "4000"
potential_acceleration_constant_step = "1.5"
processor_grid = "6 6 18"
rms_convergence_criterion = "1e-08"
scalapack_block_factor = "64"
start_mode = "LCAO Start"
state_block_size = "64"
stress = "True"
subdiag_driver = "scalapack"
use_async_allreduce = "False"
vdw_corr = "DFT-D3"
vdwdf_kernel_filepath = "/lustre/orion/world-shared/cph162/rjmorelock/rmgdft/XC/vdW_kernel_table"
wavefunction_grid = "128 128 378"
write_data_period = "50"

atomic_coordinate_type = "Absolute"
crds_units = "Angstrom"
lattice_units = "Angstrom"

lattice_vector = "
1.509735502135e+01 0.000000000000e+00 9.000000000000e-16
7.548677510485e+00 1.307469297926e+01 9.000000000000e-16
0.000000000000e+00 0.000000000000e+00 4.446241589303e+01
"
atoms = "
Nb 8.374181084755e+00 1.300325049779e+01 1.532833092694e+01 1 1 1 0.0 0.0 0.0
Nb 3.606595288700e+00 1.992982725787e+00 1.532833092694e+01 1 1 1 0.0 0.0 0.0
Nb 6.784985819531e+00 6.166992542857e-01 1.532833092694e+01 1 1 1 0.0 0.0 0.0
Nb 6.387687003129e+00 4.057407933038e+00 1.532833092694e+01 1 1 1 0.0 0.0 0.0
Nb 9.566077533960e+00 2.681124461537e+00 1.532833092694e+01 1 1 1 0.0 0.0 0.0
Nb 1.274446806479e+01 1.304840990036e+00 1.532833092694e+01 1 1 1 0.0 0.0 0.0
Nb 5.990388186728e+00 7.498116611790e+00 1.532833092694e+01 1 1 1 0.0 0.0 0.0
Nb 9.168778717558e+00 6.121833140289e+00 1.532833092694e+01 1 1 1 0.0 0.0 0.0
Nb 1.234716924839e+01 4.745549668788e+00 1.532833092694e+01 1 1 1 0.0 0.0 0.0
Nb 1.552555977922e+01 3.369266197287e+00 1.532833092694e+01 1 1 1 0.0 0.0 0.0
Nb 8.771479901157e+00 9.562541819041e+00 1.532833092694e+01 1 1 1 0.0 0.0 0.0
Nb 1.194987043199e+01 8.186258347540e+00 1.532833092694e+01 1 1 1 0.0 0.0 0.0
Nb 1.512826096282e+01 6.809974876039e+00 1.532833092694e+01 1 1 1 0.0 0.0 0.0
Nb 3.209296472298e+00 5.433691404539e+00 1.532833092694e+01 1 1 1 0.0 0.0 0.0
Nb 1.155257161559e+01 1.162696702629e+01 1.532833092694e+01 1 1 1 0.0 0.0 0.0
Nb 1.473096214642e+01 1.025068355479e+01 1.532833092694e+01 1 1 1 0.0 0.0 0.0
Nb 1.790935267725e+01 8.874400083291e+00 1.532833092694e+01 1 1 1 0.0 0.0 0.0
Nb 1.751205386085e+01 1.231510876204e+01 1.532833092694e+01 1 1 1 0.0 0.0 0.0
Nb 2.069044439168e+01 1.093882529054e+01 1.532833092694e+01 1 1 1 0.0 0.0 0.0
Nb 8.378959704484e+00 1.301181282232e+01 9.182088683320e+00 1 1 1 0.0 0.0 0.0
Nb 3.611373908428e+00 2.001545050309e+00 9.182088683320e+00 1 1 1 0.0 0.0 0.0
Nb 6.789764439259e+00 6.252615788078e-01 9.182088683320e+00 1 1 1 0.0 0.0 0.0
Nb 6.392465622858e+00 4.065970257560e+00 9.182088683320e+00 1 1 1 0.0 0.0 0.0
Nb 9.570856153689e+00 2.689686786059e+00 9.182088683320e+00 1 1 1 0.0 0.0 0.0
Nb 1.274924668452e+01 1.313403314558e+00 9.182088683320e+00 1 1 1 0.0 0.0 0.0
Nb 5.995166806456e+00 7.506678936312e+00 9.182088683320e+00 1 1 1 0.0 0.0 0.0
Nb 9.173557337287e+00 6.130395464811e+00 9.182088683320e+00 1 1 1 0.0 0.0 0.0
Nb 1.235194786812e+01 4.754111993310e+00 9.182088683320e+00 1 1 1 0.0 0.0 0.0
Nb 1.553033839895e+01 3.377828521809e+00 9.182088683320e+00 1 1 1 0.0 0.0 0.0
Nb 8.776258520886e+00 9.571104143563e+00 9.182088683320e+00 1 1 1 0.0 0.0 0.0
Nb 1.195464905172e+01 8.194820672062e+00 9.182088683320e+00 1 1 1 0.0 0.0 0.0
Nb 1.513303958255e+01 6.818537200562e+00 9.182088683320e+00 1 1 1 0.0 0.0 0.0
Nb 3.214075092027e+00 5.442253729061e+00 9.182088683320e+00 1 1 1 0.0 0.0 0.0
Nb 1.155735023532e+01 1.163552935081e+01 9.182088683320e+00 1 1 1 0.0 0.0 0.0
Nb 1.473574076615e+01 1.025924587931e+01 9.182088683320e+00 1 1 1 0.0 0.0 0.0
Nb 1.791413129698e+01 8.882962407813e+00 9.182088683320e+00 1 1 1 0.0 0.0 0.0
Nb 1.751683248058e+01 1.232367108656e+01 9.182088683320e+00 1 1 1 0.0 0.0 0.0
Nb 2.069522301141e+01 1.094738761506e+01 9.182088683320e+00 1 1 1 0.0 0.0 0.0
Bi 1.360832520940e+01 3.934722852588e+00 3.532095071834e+01 1 1 1 0.0 0.0 0.0
Bi 1.476966021098e+01 7.957705307744e+00 3.532095071834e+01 1 1 1 0.0 0.0 0.0
Bi 1.593099521257e+01 1.198068776290e+01 3.532095071834e+01 1 1 1 0.0 0.0 0.0
Bi 9.543652703665e+00 2.928977238799e+00 3.532095071834e+01 1 1 1 0.0 0.0 0.0
Bi 1.070498770525e+01 6.951959693955e+00 3.532095071834e+01 1 1 1 0.0 0.0 0.0
Bi 1.186632270683e+01 1.097494214911e+01 3.532095071834e+01 1 1 1 0.0 0.0 0.0
Bi 5.478980197931e+00 1.923231625010e+00 3.532095071834e+01 1 1 1 0.0 0.0 0.0
Bi 6.640315199515e+00 5.946214080166e+00 3.532095071834e+01 1 1 1 0.0 0.0 0.0
Bi 7.801650201099e+00 9.969196535322e+00 3.532095071834e+01 1 1 1 0.0 0.0 0.0
Bi 1.414307692197e+00 9.174860112206e-01 3.532095071834e+01 1 1 1 0.0 0.0 0.0
Bi 1.767299771513e+01 4.940468466377e+00 3.532095071834e+01 1 1 1 0.0 0.0 0.0
Bi 1.883433271672e+01 8.963450921533e+00 3.532095071834e+01 1 1 1 0.0 0.0 0.0
Bi 1.999566771830e+01 1.298643337669e+01 3.532095071834e+01 1 1 1 0.0 0.0 0.0
Bi 1.190224089099e+01 2.258126898841e+00 3.133430771007e+01 1 1 1 0.0 0.0 0.0
Bi 1.306357589258e+01 6.281109353997e+00 3.133430771007e+01 1 1 1 0.0 0.0 0.0
Bi 1.422491089416e+01 1.030409180915e+01 3.133430771007e+01 1 1 1 0.0 0.0 0.0
Bi 7.837568385258e+00 1.252381285052e+00 3.133430771007e+01 1 1 1 0.0 0.0 0.0
Bi 8.998903386842e+00 5.275363740208e+00 3.133430771007e+01 1 1 1 0.0 0.0 0.0
Bi 1.016023838843e+01 9.298346195364e+00 3.133430771007e+01 1 1 1 0.0 0.0 0.0
Bi 3.772895879524e+00 2.466356712627e-01 3.133430771007e+01 1 1 1 0.0 0.0 0.0
Bi 4.934230881108e+00 4.269618126419e+00 3.133430771007e+01 1 1 1 0.0 0.0 0.0
Bi 6.095565882692e+00 8.292600581575e+00 3.133430771007e+01 1 1 1 0.0 0.0 0.0
Bi 7.256900884276e+00 1.231558303673e+01 3.133430771007e+01 1 1 1 0.0 0.0 0.0
Bi 1.596691339673e+01 3.263872512630e+00 3.133430771007e+01 1 1 1 0.0 0.0 0.0
Bi 1.712824839831e+01 7.286854967786e+00 3.133430771007e+01 1 1 1 0.0 0.0 0.0
Bi 1.828958339989e+01 1.130983742294e+01 3.133430771007e+01 1 1 1 0.0 0.0 0.0
Bi 1.193537480428e+01 2.198521686168e+00 2.529282906773e+01 1 1 1 0.0 0.0 0.0
Bi 1.309670980586e+01 6.221504141325e+00 2.529282906773e+01 1 1 1 0.0 0.0 0.0
Bi 1.425804480744e+01 1.024448659648e+01 2.529282906773e+01 1 1 1 0.0 0.0 0.0
Bi 7.870702298541e+00 1.192776072379e+00 2.529282906773e+01 1 1 1 0.0 0.0 0.0
Bi 9.032037300125e+00 5.215758527536e+00 2.529282906773e+01 1 1 1 0.0 0.0 0.0
Bi 1.019337230171e+01 9.238740982692e+00 2.529282906773e+01 1 1 1 0.0 0.0 0.0
Bi 3.806029792808e+00 1.870304585903e-01 2.529282906773e+01 1 1 1 0.0 0.0 0.0
Bi 4.967364794391e+00 4.210012913747e+00 2.529282906773e+01 1 1 1 0.0 0.0 0.0
Bi 6.128699795975e+00 8.232995368903e+00 2.529282906773e+01 1 1 1 0.0 0.0 0.0
Bi 7.290034797559e+00 1.225597782406e+01 2.529282906773e+01 1 1 1 0.0 0.0 0.0
Bi 1.600004731001e+01 3.204267299957e+00 2.529282906773e+01 1 1 1 0.0 0.0 0.0
Bi 1.716138231159e+01 7.227249755114e+00 2.529282906773e+01 1 1 1 0.0 0.0 0.0
Bi 1.832271731318e+01 1.125023221027e+01 2.529282906773e+01 1 1 1 0.0 0.0 0.0
Bi 1.543606553903e+01 5.564765053567e+00 2.132110864621e+01 1 1 1 0.0 0.0 0.0
Bi 1.659740054061e+01 9.587747508723e+00 2.132110864621e+01 1 1 1 0.0 0.0 0.0
Bi 1.021005803171e+01 5.360369846214e-01 2.132110864621e+01 1 1 1 0.0 0.0 0.0
Bi 1.137139303329e+01 4.559019439778e+00 2.132110864621e+01 1 1 1 0.0 0.0 0.0
Bi 1.253272803488e+01 8.582001894934e+00 2.132110864621e+01 1 1 1 0.0 0.0 0.0
Bi 1.369406303646e+01 1.260498435009e+01 2.132110864621e+01 1 1 1 0.0 0.0 0.0
Bi 7.306720527559e+00 3.553273825989e+00 2.132110864621e+01 1 1 1 0.0 0.0 0.0
Bi 8.468055529143e+00 7.576256281145e+00 2.132110864621e+01 1 1 1 0.0 0.0 0.0
Bi 9.629390530727e+00 1.159923873630e+01 2.132110864621e+01 1 1 1 0.0 0.0 0.0
Bi 3.242048021825e+00 2.547528212199e+00 2.132110864621e+01 1 1 1 0.0 0.0 0.0
Bi 4.403383023409e+00 6.570510667356e+00 2.132110864621e+01 1 1 1 0.0 0.0 0.0
Bi 2.066207304634e+01 1.059349312251e+01 2.132110864621e+01 1 1 1 0.0 0.0 0.0
Bi 1.427473053744e+01 1.541782598410e+00 2.132110864621e+01 1 1 1 0.0 0.0 0.0
Se 2.148955723208e+01 1.278293052575e+01 7.500000000000e+00 1 1 1 0.0 0.0 0.0
Se 1.624616414672e+00 1.772662753742e+00 7.500000000000e+00 1 1 1 0.0 0.0 0.0
Se 4.803006945503e+00 3.963792822412e-01 7.500000000000e+00 1 1 1 0.0 0.0 0.0
Se 4.405708129102e+00 3.837087960993e+00 7.500000000000e+00 1 1 1 0.0 0.0 0.0
Se 7.584098659933e+00 2.460804489492e+00 7.500000000000e+00 1 1 1 0.0 0.0 0.0
Se 1.076248919076e+01 1.084521017992e+00 7.500000000000e+00 1 1 1 0.0 0.0 0.0
Se 1.910576433405e+01 7.277796639745e+00 7.500000000000e+00 1 1 1 0.0 0.0 0.0
Se 7.186799843531e+00 5.901513168244e+00 7.500000000000e+00 1 1 1 0.0 0.0 0.0
Se 1.036519037436e+01 4.525229696744e+00 7.500000000000e+00 1 1 1 0.0 0.0 0.0
Se 1.354358090519e+01 3.148946225243e+00 7.500000000000e+00 1 1 1 0.0 0.0 0.0
Se 6.789501027130e+00 9.342221846997e+00 7.500000000000e+00 1 1 1 0.0 0.0 0.0
Se 9.967891557961e+00 7.965938375496e+00 7.500000000000e+00 1 1 1 0.0 0.0 0.0
Se 1.314628208879e+01 6.589654903995e+00 7.500000000000e+00 1 1 1 0.0 0.0 0.0
Se 1.632467261962e+01 5.213371432494e+00 7.500000000000e+00 1 1 1 0.0 0.0 0.0
Se 9.570592741559e+00 1.140664705425e+01 7.500000000000e+00 1 1 1 0.0 0.0 0.0
Se 1.274898327239e+01 1.003036358275e+01 7.500000000000e+00 1 1 1 0.0 0.0 0.0
Se 1.592737380322e+01 8.654080111246e+00 7.500000000000e+00 1 1 1 0.0 0.0 0.0
Se 1.553007498682e+01 1.209478879000e+01 7.500000000000e+00 1 1 1 0.0 0.0 0.0
Se 1.870846551765e+01 1.071850531850e+01 7.500000000000e+00 1 1 1 0.0 0.0 0.0
Se 7.579385133821e+00 1.116841578829e+01 1.364602824434e+01 1 1 1 0.0 0.0 0.0
Se 2.811799337765e+00 1.581480162830e-01 1.364602824434e+01 1 1 1 0.0 0.0 0.0
Se 1.353886737908e+01 1.185655752404e+01 1.364602824434e+01 1 1 1 0.0 0.0 0.0
Se 5.592891052195e+00 2.222573223534e+00 1.364602824434e+01 1 1 1 0.0 0.0 0.0
Se 8.771281583026e+00 8.462897520334e-01 1.364602824434e+01 1 1 1 0.0 0.0 0.0
Se 1.949834962434e+01 1.254469925979e+01 1.364602824434e+01 1 1 1 0.0 0.0 0.0
Se 5.195592235793e+00 5.663281902286e+00 1.364602824434e+01 1 1 1 0.0 0.0 0.0
Se 8.373982766624e+00 4.286998430785e+00 1.364602824434e+01 1 1 1 0.0 0.0 0.0
Se 1.155237329745e+01 2.910714959285e+00 1.364602824434e+01 1 1 1 0.0 0.0 0.0
Se 1.473076382829e+01 1.534431487784e+00 1.364602824434e+01 1 1 1 0.0 0.0 0.0
Se 7.976683950222e+00 7.727707109537e+00 1.364602824434e+01 1 1 1 0.0 0.0 0.0
Se 1.115507448105e+01 6.351423638037e+00 1.364602824434e+01 1 1 1 0.0 0.0 0.0
Se 1.433346501188e+01 4.975140166536e+00 1.364602824434e+01 1 1 1 0.0 0.0 0.0
Se 2.414500521364e+00 3.598856695035e+00 1.364602824434e+01 1 1 1 0.0 0.0 0.0
Se 1.075777566465e+01 9.792132316789e+00 1.364602824434e+01 1 1 1 0.0 0.0 0.0
Se 1.393616619548e+01 8.415848845288e+00 1.364602824434e+01 1 1 1 0.0 0.0 0.0
Se 1.711455672631e+01 7.039565373787e+00 1.364602824434e+01 1 1 1 0.0 0.0 0.0
Se 1.671725790991e+01 1.048027405254e+01 1.364602824434e+01 1 1 1 0.0 0.0 0.0
Se 1.989564844074e+01 9.103990581038e+00 1.364602824434e+01 1 1 1 0.0 0.0 0.0
Se 2.148942945632e+01 1.278186194409e+01 1.086443756309e+01 1 1 1 0.0 0.0 0.0
Se 1.624488638909e+00 1.771594172084e+00 1.086443756309e+01 1 1 1 0.0 0.0 0.0
Se 4.802879169740e+00 3.953107005828e-01 1.086443756309e+01 1 1 1 0.0 0.0 0.0
Se 4.405580353338e+00 3.836019379335e+00 1.086443756309e+01 1 1 1 0.0 0.0 0.0
Se 7.583970884169e+00 2.459735907834e+00 1.086443756309e+01 1 1 1 0.0 0.0 0.0
Se 1.076236141500e+01 1.083452436333e+00 1.086443756309e+01 1 1 1 0.0 0.0 0.0
Se 1.910563655829e+01 7.276728058087e+00 1.086443756309e+01 1 1 1 0.0 0.0 0.0
Se 7.186672067767e+00 5.900444586586e+00 1.086443756309e+01 1 1 1 0.0 0.0 0.0
Se 1.036506259860e+01 4.524161115085e+00 1.086443756309e+01 1 1 1 0.0 0.0 0.0
Se 1.354345312943e+01 3.147877643584e+00 1.086443756309e+01 1 1 1 0.0 0.0 0.0
Se 6.789373251366e+00 9.341153265338e+00 1.086443756309e+01 1 1 1 0.0 0.0 0.0
Se 9.967763782197e+00 7.964869793837e+00 1.086443756309e+01 1 1 1 0.0 0.0 0.0
Se 1.314615431303e+01 6.588586322337e+00 1.086443756309e+01 1 1 1 0.0 0.0 0.0
Se 1.632454484386e+01 5.212302850836e+00 1.086443756309e+01 1 1 1 0.0 0.0 0.0
Se 9.570464965795e+00 1.140557847259e+01 1.086443756309e+01 1 1 1 0.0 0.0 0.0
Se 1.274885549663e+01 1.002929500109e+01 1.086443756309e+01 1 1 1 0.0 0.0 0.0
Se 1.592724602746e+01 8.653011529588e+00 1.086443756309e+01 1 1 1 0.0 0.0 0.0
Se 1.552994721106e+01 1.209372020834e+01 1.086443756309e+01 1 1 1 0.0 0.0 0.0
Se 1.870833774189e+01 1.071743673684e+01 1.086443756309e+01 1 1 1 0.0 0.0 0.0
Se 7.579439324434e+00 1.116735921578e+01 1.701046802998e+01 1 1 1 0.0 0.0 0.0
Se 2.811853528378e+00 1.570914437732e-01 1.701046802998e+01 1 1 1 0.0 0.0 0.0
Se 1.353892156969e+01 1.185550095153e+01 1.701046802998e+01 1 1 1 0.0 0.0 0.0
Se 5.592945242807e+00 2.221516651024e+00 1.701046802998e+01 1 1 1 0.0 0.0 0.0
Se 8.771335773638e+00 8.452331795236e-01 1.701046802998e+01 1 1 1 0.0 0.0 0.0
Se 1.949840381495e+01 1.254364268728e+01 1.701046802998e+01 1 1 1 0.0 0.0 0.0
Se 5.195646426406e+00 5.662225329776e+00 1.701046802998e+01 1 1 1 0.0 0.0 0.0
Se 8.374036957237e+00 4.285941858276e+00 1.701046802998e+01 1 1 1 0.0 0.0 0.0
Se 1.155242748807e+01 2.909658386775e+00 1.701046802998e+01 1 1 1 0.0 0.0 0.0
Se 1.473081801890e+01 1.533374915274e+00 1.701046802998e+01 1 1 1 0.0 0.0 0.0
Se 7.976738140835e+00 7.726650537028e+00 1.701046802998e+01 1 1 1 0.0 0.0 0.0
Se 1.115512867167e+01 6.350367065527e+00 1.701046802998e+01 1 1 1 0.0 0.0 0.0
Se 1.433351920250e+01 4.974083594026e+00 1.701046802998e+01 1 1 1 0.0 0.0 0.0
Se 2.414554711977e+00 3.597800122525e+00 1.701046802998e+01 1 1 1 0.0 0.0 0.0
Se 1.075782985526e+01 9.791075744279e+00 1.701046802998e+01 1 1 1 0.0 0.0 0.0
Se 1.393622038610e+01 8.414792272778e+00 1.701046802998e+01 1 1 1 0.0 0.0 0.0
Se 1.711461091693e+01 7.038508801277e+00 1.701046802998e+01 1 1 1 0.0 0.0 0.0
Se 1.671731210052e+01 1.047921748003e+01 1.701046802998e+01 1 1 1 0.0 0.0 0.0
Se 1.989570263136e+01 9.102934008529e+00 1.701046802998e+01 1 1 1 0.0 0.0 0.0
Se 1.185792246706e+01 2.249718439656e+00 3.696241589303e+01 1 1 1 0.0 0.0 0.0
Se 1.301925746865e+01 6.272700894812e+00 3.696241589303e+01 1 1 1 0.0 0.0 0.0
Se 1.418059247023e+01 1.029568334997e+01 3.696241589303e+01 1 1 1 0.0 0.0 0.0
Se 7.793249961329e+00 1.243972825867e+00 3.696241589303e+01 1 1 1 0.0 0.0 0.0
Se 8.954584962912e+00 5.266955281023e+00 3.696241589303e+01 1 1 1 0.0 0.0 0.0
Se 1.011591996450e+01 9.289937736179e+00 3.696241589303e+01 1 1 1 0.0 0.0 0.0
Se 3.728577455595e+00 2.382272120776e-01 3.696241589303e+01 1 1 1 0.0 0.0 0.0
Se 4.889912457179e+00 4.261209667234e+00 3.696241589303e+01 1 1 1 0.0 0.0 0.0
Se 6.051247458762e+00 8.284192122390e+00 3.696241589303e+01 1 1 1 0.0 0.0 0.0
Se 7.212582460346e+00 1.230717457755e+01 3.696241589303e+01 1 1 1 0.0 0.0 0.0
Se 1.592259497280e+01 3.255464053445e+00 3.696241589303e+01 1 1 1 0.0 0.0 0.0
Se 1.708392997438e+01 7.278446508601e+00 3.696241589303e+01 1 1 1 0.0 0.0 0.0
Se 1.824526497596e+01 1.130142896376e+01 3.696241589303e+01 1 1 1 0.0 0.0 0.0
Se 1.537276188403e+01 5.623606503708e+00 3.332483142763e+01 1 1 1 0.0 0.0 0.0
Se 1.653409688562e+01 9.646588958864e+00 3.332483142763e+01 1 1 1 0.0 0.0 0.0
Se 1.014675437671e+01 5.948784347625e-01 3.332483142763e+01 1 1 1 0.0 0.0 0.0
Se 1.130808937830e+01 4.617860889919e+00 3.332483142763e+01 1 1 1 0.0 0.0 0.0
Se 1.246942437988e+01 8.640843345075e+00 3.332483142763e+01 1 1 1 0.0 0.0 0.0
Se 1.363075938147e+01 1.266382580023e+01 3.332483142763e+01 1 1 1 0.0 0.0 0.0
Se 7.243416872565e+00 3.612115276130e+00 3.332483142763e+01 1 1 1 0.0 0.0 0.0
Se 8.404751874149e+00 7.635097731286e+00 3.332483142763e+01 1 1 1 0.0 0.0 0.0
Se 9.566086875732e+00 1.165808018644e+01 3.332483142763e+01 1 1 1 0.0 0.0 0.0
Se 3.178744366831e+00 2.606369662341e+00 3.332483142763e+01 1 1 1 0.0 0.0 0.0
Se 4.340079368415e+00 6.629352117497e+00 3.332483142763e+01 1 1 1 0.0 0.0 0.0
Se 2.059876939135e+01 1.065233457265e+01 3.332483142763e+01 1 1 1 0.0 0.0 0.0
Se 1.421142688245e+01 1.600624048552e+00 3.332483142763e+01 1 1 1 0.0 0.0 0.0
Se 1.363000054843e+01 3.934323002285e+00 2.969131231352e+01 1 1 1 0.0 0.0 0.0
Se 1.479133555001e+01 7.957305457442e+00 2.969131231352e+01 1 1 1 0.0 0.0 0.0
Se 1.595267055160e+01 1.198028791260e+01 2.969131231352e+01 1 1 1 0.0 0.0 0.0
Se 9.565328042694e+00 2.928577388496e+00 2.969131231352e+01 1 1 1 0.0 0.0 0.0
Se 1.072666304428e+01 6.951559843652e+00 2.969131231352e+01 1 1 1 0.0 0.0 0.0
Se 1.188799804586e+01 1.097454229881e+01 2.969131231352e+01 1 1 1 0.0 0.0 0.0
Se 5.500655536960e+00 1.922831774707e+00 2.969131231352e+01 1 1 1 0.0 0.0 0.0
Se 6.661990538544e+00 5.945814229863e+00 2.969131231352e+01 1 1 1 0.0 0.0 0.0
Se 7.823325540128e+00 9.968796685020e+00 2.969131231352e+01 1 1 1 0.0 0.0 0.0
Se 1.435983031226e+00 9.170861609181e-01 2.969131231352e+01 1 1 1 0.0 0.0 0.0
Se 1.769467305416e+01 4.940068616074e+00 2.969131231352e+01 1 1 1 0.0 0.0 0.0
Se 1.885600805575e+01 8.963051071231e+00 2.969131231352e+01 1 1 1 0.0 0.0 0.0
Se 2.001734305733e+01 1.298603352639e+01 2.969131231352e+01 1 1 1 0.0 0.0 0.0
Se 1.543420686377e+01 5.568505873845e+00 2.692457590224e+01 1 1 1 0.0 0.0 0.0
Se 1.659554186536e+01 9.591488329001e+00 2.692457590224e+01 1 1 1 0.0 0.0 0.0
Se 1.020819935646e+01 5.397778048998e-01 2.692457590224e+01 1 1 1 0.0 0.0 0.0
Se 1.136953435804e+01 4.562760260056e+00 2.692457590224e+01 1 1 1 0.0 0.0 0.0
Se 1.253086935962e+01 8.585742715212e+00 2.692457590224e+01 1 1 1 0.0 0.0 0.0
Se 1.369220436121e+01 1.260872517037e+01 2.692457590224e+01 1 1 1 0.0 0.0 0.0
Se 7.304861852306e+00 3.557014646267e+00 2.692457590224e+01 1 1 1 0.0 0.0 0.0
Se 8.466196853890e+00 7.579997101423e+00 2.692457590224e+01 1 1 1 0.0 0.0 0.0
Se 9.627531855474e+00 1.160297955658e+01 2.692457590224e+01 1 1 1 0.0 0.0 0.0
Se 3.240189346572e+00 2.551269032478e+00 2.692457590224e+01 1 1 1 0.0 0.0 0.0
Se 4.401524348156e+00 6.574251487634e+00 2.692457590224e+01 1 1 1 0.0 0.0 0.0
Se 2.066021437109e+01 1.059723394279e+01 2.692457590224e+01 1 1 1 0.0 0.0 0.0
Se 1.427287186219e+01 1.545523418689e+00 2.692457590224e+01 1 1 1 0.0 0.0 0.0
Se 1.368539309434e+01 3.873643203749e+00 2.330671355540e+01 1 1 1 0.0 0.0 0.0
Se 1.484672809592e+01 7.896625658906e+00 2.330671355540e+01 1 1 1 0.0 0.0 0.0
Se 1.600806309751e+01 1.191960811406e+01 2.330671355540e+01 1 1 1 0.0 0.0 0.0
Se 9.620720588605e+00 2.867897589960e+00 2.330671355540e+01 1 1 1 0.0 0.0 0.0
Se 1.078205559019e+01 6.890880045116e+00 2.330671355540e+01 1 1 1 0.0 0.0 0.0
Se 1.194339059177e+01 1.091386250027e+01 2.330671355540e+01 1 1 1 0.0 0.0 0.0
Se 5.556048082871e+00 1.862151976171e+00 2.330671355540e+01 1 1 1 0.0 0.0 0.0
Se 6.717383084455e+00 5.885134431327e+00 2.330671355540e+01 1 1 1 0.0 0.0 0.0
Se 7.878718086038e+00 9.908116886484e+00 2.330671355540e+01 1 1 1 0.0 0.0 0.0
Se 1.491375577137e+00 8.564063623821e-01 2.330671355540e+01 1 1 1 0.0 0.0 0.0
Se 1.775006560007e+01 4.879388817538e+00 2.330671355540e+01 1 1 1 0.0 0.0 0.0
Se 1.891140060166e+01 8.902371272695e+00 2.330671355540e+01 1 1 1 0.0 0.0 0.0
Se 2.007273560324e+01 1.292535372785e+01 2.330671355540e+01 1 1 1 0.0 0.0 0.0
Se 1.193018593410e+01 2.192781250703e+00 1.968357859229e+01 1 1 1 0.0 0.0 0.0
Se 1.309152093568e+01 6.215763705859e+00 1.968357859229e+01 1 1 1 0.0 0.0 0.0
Se 1.425285593727e+01 1.023874616102e+01 1.968357859229e+01 1 1 1 0.0 0.0 0.0
Se 7.865513428365e+00 1.187035636914e+00 1.968357859229e+01 1 1 1 0.0 0.0 0.0
Se 9.026848429948e+00 5.210018092070e+00 1.968357859229e+01 1 1 1 0.0 0.0 0.0
Se 1.018818343153e+01 9.233000547226e+00 1.968357859229e+01 1 1 1 0.0 0.0 0.0
Se 3.800840922631e+00 1.812900231248e-01 1.968357859229e+01 1 1 1 0.0 0.0 0.0
Se 4.962175924214e+00 4.204272478281e+00 1.968357859229e+01 1 1 1 0.0 0.0 0.0
Se 6.123510925798e+00 8.227254933437e+00 1.968357859229e+01 1 1 1 0.0 0.0 0.0
Se 7.284845927382e+00 1.225023738859e+01 1.968357859229e+01 1 1 1 0.0 0.0 0.0
Se 1.599485843983e+01 3.198526864492e+00 1.968357859229e+01 1 1 1 0.0 0.0 0.0
Se 1.715619344142e+01 7.221509319648e+00 1.968357859229e+01 1 1 1 0.0 0.0 0.0
Se 1.831752844300e+01 1.124449177480e+01 1.968357859229e+01 1 1 1 0.0 0.0 0.0
"