calculation_mode = "Quench Electrons"
cell_relax = "False"
charge_density_mixing = "0.15"
charge_mixing_type = "Broyden"
description = "Example parameters for high-throughput bulk relaxation of a vdW material"
dipole_moment = "True"
dos_broading = "0.05"
dos_method = "Gaussian"
energy_convergence_criterion = "1e-08"
energy_output_units = "Hartrees"
kohn_sham_mucycles = "3"
kohn_sham_solver = "davidson"
kpoint_distribution = "1"
kpoint_mesh = "1 1 1"
localize_projectors = "False"
max_md_steps = "100"
max_scf_steps = "200"
non_local_block_size = "4000"
output_wave_function_file = "/dev/null"
potential_acceleration_constant_step = "1.5"
processor_grid = "5 14 16"
rms_convergence_criterion = "1e-08"
scalapack_block_factor = "64"
start_mode = "LCAO Start"
state_block_size = "64"
stress = "True"
subdiag_driver = "scalapack"
test_energy_tolerance = "1e-05"
use_async_allreduce = "False"
vdw_corr = "DFT-D3"
vdwdf_kernel_filepath = "/lustre/orion/world-shared/cph162/rjmorelock/rmgdft/XC/vdW_kernel_table"
wavefunction_grid = "154 386 426"
write_data_period = "50"

atomic_coordinate_type = "Absolute"
crds_units = "Angstrom"
lattice_units = "Angstrom"

lattice_vector = "
1.799724170868e+01 0.000000000000e+00 1.100000000000e-15
5.999080569559e+00 4.502642016531e+01 2.800000000000e-15
0.000000000000e+00 0.000000000000e+00 4.998930533072e+01
"
atoms = "
Nb 7.105818625705e+00 4.483012422877e+01 1.782833092694e+01 1 1 1 0.0 0.0 0.0
Nb 4.106278340926e+00 1.535489454438e+00 1.782833092694e+01 1 1 1 0.0 0.0 0.0
Nb 1.310489919526e+01 4.483012422877e+01 1.782833092694e+01 1 1 1 0.0 0.0 0.0
Nb 4.106278340926e+00 4.999060236385e+00 1.782833092694e+01 1 1 1 0.0 0.0 0.0
Nb 7.105818625705e+00 3.267274845412e+00 1.782833092694e+01 1 1 1 0.0 0.0 0.0
Nb 1.010535891048e+01 1.535489454438e+00 1.782833092694e+01 1 1 1 0.0 0.0 0.0
Nb 1.910397976482e+01 4.483012422877e+01 1.782833092694e+01 1 1 1 0.0 0.0 0.0
Nb 4.106278340926e+00 8.462631018331e+00 1.782833092694e+01 1 1 1 0.0 0.0 0.0
Nb 7.105818625705e+00 6.730845627358e+00 1.782833092694e+01 1 1 1 0.0 0.0 0.0
Nb 1.010535891048e+01 4.999060236385e+00 1.782833092694e+01 1 1 1 0.0 0.0 0.0
Nb 1.310489919526e+01 3.267274845412e+00 1.782833092694e+01 1 1 1 0.0 0.0 0.0
Nb 1.610443948004e+01 1.535489454438e+00 1.782833092694e+01 1 1 1 0.0 0.0 0.0
Nb 4.106278340926e+00 1.192620180028e+01 1.782833092694e+01 1 1 1 0.0 0.0 0.0
Nb 7.105818625705e+00 1.019441640930e+01 1.782833092694e+01 1 1 1 0.0 0.0 0.0
Nb 1.010535891048e+01 8.462631018331e+00 1.782833092694e+01 1 1 1 0.0 0.0 0.0
Nb 1.310489919526e+01 6.730845627358e+00 1.782833092694e+01 1 1 1 0.0 0.0 0.0
Nb 1.610443948004e+01 4.999060236385e+00 1.782833092694e+01 1 1 1 0.0 0.0 0.0
Nb 1.106738056147e+00 3.267274845412e+00 1.782833092694e+01 1 1 1 0.0 0.0 0.0
Nb 4.106278340926e+00 1.538977258222e+01 1.782833092694e+01 1 1 1 0.0 0.0 0.0
Nb 7.105818625705e+00 1.365798719125e+01 1.782833092694e+01 1 1 1 0.0 0.0 0.0
Nb 1.010535891048e+01 1.192620180028e+01 1.782833092694e+01 1 1 1 0.0 0.0 0.0
Nb 1.310489919526e+01 1.019441640930e+01 1.782833092694e+01 1 1 1 0.0 0.0 0.0
Nb 1.610443948004e+01 8.462631018331e+00 1.782833092694e+01 1 1 1 0.0 0.0 0.0
Nb 1.106738056147e+00 6.730845627358e+00 1.782833092694e+01 1 1 1 0.0 0.0 0.0
Nb 4.106278340926e+00 1.885334336417e+01 1.782833092694e+01 1 1 1 0.0 0.0 0.0
Nb 7.105818625705e+00 1.712155797320e+01 1.782833092694e+01 1 1 1 0.0 0.0 0.0
Nb 1.010535891048e+01 1.538977258222e+01 1.782833092694e+01 1 1 1 0.0 0.0 0.0
Nb 1.310489919526e+01 1.365798719125e+01 1.782833092694e+01 1 1 1 0.0 0.0 0.0
Nb 1.610443948004e+01 1.192620180028e+01 1.782833092694e+01 1 1 1 0.0 0.0 0.0
Nb 1.910397976482e+01 1.019441640930e+01 1.782833092694e+01 1 1 1 0.0 0.0 0.0
Nb 4.106278340926e+00 2.231691414612e+01 1.782833092694e+01 1 1 1 0.0 0.0 0.0
Nb 7.105818625705e+00 2.058512875514e+01 1.782833092694e+01 1 1 1 0.0 0.0 0.0
Nb 1.010535891048e+01 1.885334336417e+01 1.782833092694e+01 1 1 1 0.0 0.0 0.0
Nb 1.310489919526e+01 1.712155797320e+01 1.782833092694e+01 1 1 1 0.0 0.0 0.0
Nb 1.610443948004e+01 1.538977258222e+01 1.782833092694e+01 1 1 1 0.0 0.0 0.0
Nb 1.910397976482e+01 1.365798719125e+01 1.782833092694e+01 1 1 1 0.0 0.0 0.0
Nb 7.105818625705e+00 2.404869953709e+01 1.782833092694e+01 1 1 1 0.0 0.0 0.0
Nb 1.010535891048e+01 2.231691414612e+01 1.782833092694e+01 1 1 1 0.0 0.0 0.0
Nb 1.310489919526e+01 2.058512875514e+01 1.782833092694e+01 1 1 1 0.0 0.0 0.0
Nb 1.610443948004e+01 1.885334336417e+01 1.782833092694e+01 1 1 1 0.0 0.0 0.0
Nb 1.910397976482e+01 1.712155797320e+01 1.782833092694e+01 1 1 1 0.0 0.0 0.0
Nb 7.105818625705e+00 2.751227031904e+01 1.782833092694e+01 1 1 1 0.0 0.0 0.0
Nb 1.010535891048e+01 2.578048492806e+01 1.782833092694e+01 1 1 1 0.0 0.0 0.0
Nb 1.310489919526e+01 2.404869953709e+01 1.782833092694e+01 1 1 1 0.0 0.0 0.0
Nb 1.610443948004e+01 2.231691414612e+01 1.782833092694e+01 1 1 1 0.0 0.0 0.0
Nb 1.910397976482e+01 2.058512875514e+01 1.782833092694e+01 1 1 1 0.0 0.0 0.0
Nb 7.105818625705e+00 3.097584110098e+01 1.782833092694e+01 1 1 1 0.0 0.0 0.0
Nb 1.010535891048e+01 2.924405571001e+01 1.782833092694e+01 1 1 1 0.0 0.0 0.0
Nb 1.310489919526e+01 2.751227031904e+01 1.782833092694e+01 1 1 1 0.0 0.0 0.0
Nb 1.610443948004e+01 2.578048492806e+01 1.782833092694e+01 1 1 1 0.0 0.0 0.0
Nb 1.910397976482e+01 2.404869953709e+01 1.782833092694e+01 1 1 1 0.0 0.0 0.0
Nb 7.105818625705e+00 3.443941188293e+01 1.782833092694e+01 1 1 1 0.0 0.0 0.0
Nb 1.010535891048e+01 3.270762649196e+01 1.782833092694e+01 1 1 1 0.0 0.0 0.0
Nb 1.310489919526e+01 3.097584110098e+01 1.782833092694e+01 1 1 1 0.0 0.0 0.0
Nb 1.610443948004e+01 2.924405571001e+01 1.782833092694e+01 1 1 1 0.0 0.0 0.0
Nb 1.910397976482e+01 2.751227031904e+01 1.782833092694e+01 1 1 1 0.0 0.0 0.0
Nb 4.106278340926e+00 2.578048492806e+01 1.782833092694e+01 1 1 1 0.0 0.0 0.0
Nb 7.105818625705e+00 3.790298266488e+01 1.782833092694e+01 1 1 1 0.0 0.0 0.0
Nb 1.010535891048e+01 3.617119727390e+01 1.782833092694e+01 1 1 1 0.0 0.0 0.0
Nb 1.310489919526e+01 3.443941188293e+01 1.782833092694e+01 1 1 1 0.0 0.0 0.0
Nb 1.610443948004e+01 3.270762649196e+01 1.782833092694e+01 1 1 1 0.0 0.0 0.0
Nb 1.910397976482e+01 3.097584110098e+01 1.782833092694e+01 1 1 1 0.0 0.0 0.0
Nb 4.106278340926e+00 2.924405571001e+01 1.782833092694e+01 1 1 1 0.0 0.0 0.0
Nb 7.105818625705e+00 4.136655344682e+01 1.782833092694e+01 1 1 1 0.0 0.0 0.0
Nb 1.010535891048e+01 3.963476805585e+01 1.782833092694e+01 1 1 1 0.0 0.0 0.0
Nb 1.310489919526e+01 3.790298266488e+01 1.782833092694e+01 1 1 1 0.0 0.0 0.0
Nb 1.610443948004e+01 3.617119727390e+01 1.782833092694e+01 1 1 1 0.0 0.0 0.0
Nb 1.910397976482e+01 3.443941188293e+01 1.782833092694e+01 1 1 1 0.0 0.0 0.0
Nb 2.210352004960e+01 3.270762649196e+01 1.782833092694e+01 1 1 1 0.0 0.0 0.0
Nb 1.010535891048e+01 4.309833883780e+01 1.782833092694e+01 1 1 1 0.0 0.0 0.0
Nb 1.310489919526e+01 4.136655344682e+01 1.782833092694e+01 1 1 1 0.0 0.0 0.0
Nb 1.610443948004e+01 3.963476805585e+01 1.782833092694e+01 1 1 1 0.0 0.0 0.0
Nb 1.910397976482e+01 3.790298266488e+01 1.782833092694e+01 1 1 1 0.0 0.0 0.0
Nb 2.210352004960e+01 3.617119727390e+01 1.782833092694e+01 1 1 1 0.0 0.0 0.0
Nb 1.610443948004e+01 4.309833883780e+01 1.782833092694e+01 1 1 1 0.0 0.0 0.0
Nb 1.910397976482e+01 4.136655344682e+01 1.782833092694e+01 1 1 1 0.0 0.0 0.0
Nb 2.210352004960e+01 3.963476805585e+01 1.782833092694e+01 1 1 1 0.0 0.0 0.0
Nb 2.210352004960e+01 4.309833883780e+01 1.782833092694e+01 1 1 1 0.0 0.0 0.0
Nb 7.111547869027e+00 4.483808189041e+01 1.168208868332e+01 1 1 1 0.0 0.0 0.0
Nb 4.112007584248e+00 1.543447116073e+00 1.168208868332e+01 1 1 1 0.0 0.0 0.0
Nb 1.311062843859e+01 4.483808189041e+01 1.168208868332e+01 1 1 1 0.0 0.0 0.0
Nb 4.112007584248e+00 5.007017898020e+00 1.168208868332e+01 1 1 1 0.0 0.0 0.0
Nb 7.111547869027e+00 3.275232507047e+00 1.168208868332e+01 1 1 1 0.0 0.0 0.0
Nb 1.011108815381e+01 1.543447116073e+00 1.168208868332e+01 1 1 1 0.0 0.0 0.0
Nb 1.910970900814e+01 4.483808189041e+01 1.168208868332e+01 1 1 1 0.0 0.0 0.0
Nb 4.112007584248e+00 8.470588679966e+00 1.168208868332e+01 1 1 1 0.0 0.0 0.0
Nb 7.111547869027e+00 6.738803288993e+00 1.168208868332e+01 1 1 1 0.0 0.0 0.0
Nb 1.011108815381e+01 5.007017898020e+00 1.168208868332e+01 1 1 1 0.0 0.0 0.0
Nb 1.311062843859e+01 3.275232507047e+00 1.168208868332e+01 1 1 1 0.0 0.0 0.0
Nb 1.611016872336e+01 1.543447116073e+00 1.168208868332e+01 1 1 1 0.0 0.0 0.0
Nb 4.112007584248e+00 1.193415946191e+01 1.168208868332e+01 1 1 1 0.0 0.0 0.0
Nb 7.111547869027e+00 1.020237407094e+01 1.168208868332e+01 1 1 1 0.0 0.0 0.0
Nb 1.011108815381e+01 8.470588679966e+00 1.168208868332e+01 1 1 1 0.0 0.0 0.0
Nb 1.311062843859e+01 6.738803288993e+00 1.168208868332e+01 1 1 1 0.0 0.0 0.0
Nb 1.611016872336e+01 5.007017898020e+00 1.168208868332e+01 1 1 1 0.0 0.0 0.0
Nb 1.112467299469e+00 3.275232507047e+00 1.168208868332e+01 1 1 1 0.0 0.0 0.0
Nb 4.112007584248e+00 1.539773024386e+01 1.168208868332e+01 1 1 1 0.0 0.0 0.0
Nb 7.111547869027e+00 1.366594485289e+01 1.168208868332e+01 1 1 1 0.0 0.0 0.0
Nb 1.011108815381e+01 1.193415946191e+01 1.168208868332e+01 1 1 1 0.0 0.0 0.0
Nb 1.311062843859e+01 1.020237407094e+01 1.168208868332e+01 1 1 1 0.0 0.0 0.0
Nb 1.611016872336e+01 8.470588679966e+00 1.168208868332e+01 1 1 1 0.0 0.0 0.0
Nb 1.112467299469e+00 6.738803288993e+00 1.168208868332e+01 1 1 1 0.0 0.0 0.0
Nb 4.112007584248e+00 1.886130102581e+01 1.168208868332e+01 1 1 1 0.0 0.0 0.0
Nb 7.111547869027e+00 1.712951563483e+01 1.168208868332e+01 1 1 1 0.0 0.0 0.0
Nb 1.011108815381e+01 1.539773024386e+01 1.168208868332e+01 1 1 1 0.0 0.0 0.0
Nb 1.311062843859e+01 1.366594485289e+01 1.168208868332e+01 1 1 1 0.0 0.0 0.0
Nb 1.611016872336e+01 1.193415946191e+01 1.168208868332e+01 1 1 1 0.0 0.0 0.0
Nb 1.910970900814e+01 1.020237407094e+01 1.168208868332e+01 1 1 1 0.0 0.0 0.0
Nb 4.112007584248e+00 2.232487180775e+01 1.168208868332e+01 1 1 1 0.0 0.0 0.0
Nb 7.111547869027e+00 2.059308641678e+01 1.168208868332e+01 1 1 1 0.0 0.0 0.0
Nb 1.011108815381e+01 1.886130102581e+01 1.168208868332e+01 1 1 1 0.0 0.0 0.0
Nb 1.311062843859e+01 1.712951563483e+01 1.168208868332e+01 1 1 1 0.0 0.0 0.0
Nb 1.611016872336e+01 1.539773024386e+01 1.168208868332e+01 1 1 1 0.0 0.0 0.0
Nb 1.910970900814e+01 1.366594485289e+01 1.168208868332e+01 1 1 1 0.0 0.0 0.0
Nb 7.111547869027e+00 2.405665719873e+01 1.168208868332e+01 1 1 1 0.0 0.0 0.0
Nb 1.011108815381e+01 2.232487180775e+01 1.168208868332e+01 1 1 1 0.0 0.0 0.0
Nb 1.311062843859e+01 2.059308641678e+01 1.168208868332e+01 1 1 1 0.0 0.0 0.0
Nb 1.611016872336e+01 1.886130102581e+01 1.168208868332e+01 1 1 1 0.0 0.0 0.0
Nb 1.910970900814e+01 1.712951563483e+01 1.168208868332e+01 1 1 1 0.0 0.0 0.0
Nb 7.111547869027e+00 2.752022798067e+01 1.168208868332e+01 1 1 1 0.0 0.0 0.0
Nb 1.011108815381e+01 2.578844258970e+01 1.168208868332e+01 1 1 1 0.0 0.0 0.0
Nb 1.311062843859e+01 2.405665719873e+01 1.168208868332e+01 1 1 1 0.0 0.0 0.0
Nb 1.611016872336e+01 2.232487180775e+01 1.168208868332e+01 1 1 1 0.0 0.0 0.0
Nb 1.910970900814e+01 2.059308641678e+01 1.168208868332e+01 1 1 1 0.0 0.0 0.0
Nb 7.111547869027e+00 3.098379876262e+01 1.168208868332e+01 1 1 1 0.0 0.0 0.0
Nb 1.011108815381e+01 2.925201337165e+01 1.168208868332e+01 1 1 1 0.0 0.0 0.0
Nb 1.311062843859e+01 2.752022798067e+01 1.168208868332e+01 1 1 1 0.0 0.0 0.0
Nb 1.611016872336e+01 2.578844258970e+01 1.168208868332e+01 1 1 1 0.0 0.0 0.0
Nb 1.910970900814e+01 2.405665719873e+01 1.168208868332e+01 1 1 1 0.0 0.0 0.0
Nb 7.111547869027e+00 3.444736954457e+01 1.168208868332e+01 1 1 1 0.0 0.0 0.0
Nb 1.011108815381e+01 3.271558415359e+01 1.168208868332e+01 1 1 1 0.0 0.0 0.0
Nb 1.311062843859e+01 3.098379876262e+01 1.168208868332e+01 1 1 1 0.0 0.0 0.0
Nb 1.611016872336e+01 2.925201337165e+01 1.168208868332e+01 1 1 1 0.0 0.0 0.0
Nb 1.910970900814e+01 2.752022798067e+01 1.168208868332e+01 1 1 1 0.0 0.0 0.0
Nb 4.112007584248e+00 2.578844258970e+01 1.168208868332e+01 1 1 1 0.0 0.0 0.0
Nb 7.111547869027e+00 3.791094032651e+01 1.168208868332e+01 1 1 1 0.0 0.0 0.0
Nb 1.011108815381e+01 3.617915493554e+01 1.168208868332e+01 1 1 1 0.0 0.0 0.0
Nb 1.311062843859e+01 3.444736954457e+01 1.168208868332e+01 1 1 1 0.0 0.0 0.0
Nb 1.611016872336e+01 3.271558415359e+01 1.168208868332e+01 1 1 1 0.0 0.0 0.0
Nb 1.910970900814e+01 3.098379876262e+01 1.168208868332e+01 1 1 1 0.0 0.0 0.0
Nb 4.112007584248e+00 2.925201337165e+01 1.168208868332e+01 1 1 1 0.0 0.0 0.0
Nb 7.111547869027e+00 4.137451110846e+01 1.168208868332e+01 1 1 1 0.0 0.0 0.0
Nb 1.011108815381e+01 3.964272571749e+01 1.168208868332e+01 1 1 1 0.0 0.0 0.0
Nb 1.311062843859e+01 3.791094032651e+01 1.168208868332e+01 1 1 1 0.0 0.0 0.0
Nb 1.611016872336e+01 3.617915493554e+01 1.168208868332e+01 1 1 1 0.0 0.0 0.0
Nb 1.910970900814e+01 3.444736954457e+01 1.168208868332e+01 1 1 1 0.0 0.0 0.0
Nb 2.210924929292e+01 3.271558415359e+01 1.168208868332e+01 1 1 1 0.0 0.0 0.0
Nb 1.011108815381e+01 4.310629649943e+01 1.168208868332e+01 1 1 1 0.0 0.0 0.0
Nb 1.311062843859e+01 4.137451110846e+01 1.168208868332e+01 1 1 1 0.0 0.0 0.0
Nb 1.611016872336e+01 3.964272571749e+01 1.168208868332e+01 1 1 1 0.0 0.0 0.0
Nb 1.910970900814e+01 3.791094032651e+01 1.168208868332e+01 1 1 1 0.0 0.0 0.0
Nb 2.210924929292e+01 3.617915493554e+01 1.168208868332e+01 1 1 1 0.0 0.0 0.0
Nb 1.611016872336e+01 4.310629649943e+01 1.168208868332e+01 1 1 1 0.0 0.0 0.0
Nb 1.910970900814e+01 4.137451110846e+01 1.168208868332e+01 1 1 1 0.0 0.0 0.0
Nb 2.210924929292e+01 3.964272571749e+01 1.168208868332e+01 1 1 1 0.0 0.0 0.0
Nb 2.210924929292e+01 4.310629649943e+01 1.168208868332e+01 1 1 1 0.0 0.0 0.0
Bi 8.379613381493e+00 4.463841692602e+01 3.834784015603e+01 1 1 1 0.0 0.0 0.0
Bi 2.925903772803e+00 3.705307684833e+00 3.834784015603e+01 1 1 1 0.0 0.0 0.0
Bi 6.198129538017e+00 1.249321130362e+00 3.834784015603e+01 1 1 1 0.0 0.0 0.0
Bi 3.471274733672e+00 7.798618608951e+00 3.834784015603e+01 1 1 1 0.0 0.0 0.0
Bi 6.743500498886e+00 5.342632054480e+00 3.834784015603e+01 1 1 1 0.0 0.0 0.0
Bi 1.001572626410e+01 2.886645500009e+00 3.834784015603e+01 1 1 1 0.0 0.0 0.0
Bi 1.328795202931e+01 4.306589455379e-01 3.834784015603e+01 1 1 1 0.0 0.0 0.0
Bi 4.016645694541e+00 1.189192953307e+01 3.834784015603e+01 1 1 1 0.0 0.0 0.0
Bi 7.288871459755e+00 9.435942978599e+00 3.834784015603e+01 1 1 1 0.0 0.0 0.0
Bi 1.056109722497e+01 6.979956424128e+00 3.834784015603e+01 1 1 1 0.0 0.0 0.0
Bi 1.383332299018e+01 4.523969869657e+00 3.834784015603e+01 1 1 1 0.0 0.0 0.0
Bi 1.710554875540e+01 2.067983315185e+00 3.834784015603e+01 1 1 1 0.0 0.0 0.0
Bi 4.562016655410e+00 1.598524045719e+01 3.834784015603e+01 1 1 1 0.0 0.0 0.0
Bi 7.834242420624e+00 1.352925390272e+01 3.834784015603e+01 1 1 1 0.0 0.0 0.0
Bi 1.110646818584e+01 1.107326734825e+01 3.834784015603e+01 1 1 1 0.0 0.0 0.0
Bi 1.437869395105e+01 8.617280793775e+00 3.834784015603e+01 1 1 1 0.0 0.0 0.0
Bi 1.765091971626e+01 6.161294239304e+00 3.834784015603e+01 1 1 1 0.0 0.0 0.0
Bi 5.107387616279e+00 2.007855138131e+01 3.834784015603e+01 1 1 1 0.0 0.0 0.0
Bi 8.379613381493e+00 1.762256482684e+01 3.834784015603e+01 1 1 1 0.0 0.0 0.0
Bi 1.165183914671e+01 1.516657827237e+01 3.834784015603e+01 1 1 1 0.0 0.0 0.0
Bi 1.492406491192e+01 1.271059171789e+01 3.834784015603e+01 1 1 1 0.0 0.0 0.0
Bi 1.819629067713e+01 1.025460516342e+01 3.834784015603e+01 1 1 1 0.0 0.0 0.0
Bi 5.652758577148e+00 2.417186230543e+01 3.834784015603e+01 1 1 1 0.0 0.0 0.0
Bi 8.924984342361e+00 2.171587575095e+01 3.834784015603e+01 1 1 1 0.0 0.0 0.0
Bi 1.219721010758e+01 1.925988919648e+01 3.834784015603e+01 1 1 1 0.0 0.0 0.0
Bi 1.546943587279e+01 1.680390264201e+01 3.834784015603e+01 1 1 1 0.0 0.0 0.0
Bi 1.874166163800e+01 1.434791608754e+01 3.834784015603e+01 1 1 1 0.0 0.0 0.0
Bi 6.198129538017e+00 2.826517322954e+01 3.834784015603e+01 1 1 1 0.0 0.0 0.0
Bi 9.470355303230e+00 2.580918667507e+01 3.834784015603e+01 1 1 1 0.0 0.0 0.0
Bi 1.274258106844e+01 2.335320012060e+01 3.834784015603e+01 1 1 1 0.0 0.0 0.0
Bi 1.601480683366e+01 2.089721356613e+01 3.834784015603e+01 1 1 1 0.0 0.0 0.0
Bi 1.928703259887e+01 1.844122701166e+01 3.834784015603e+01 1 1 1 0.0 0.0 0.0
Bi 6.743500498886e+00 3.235848415366e+01 3.834784015603e+01 1 1 1 0.0 0.0 0.0
Bi 1.001572626410e+01 2.990249759919e+01 3.834784015603e+01 1 1 1 0.0 0.0 0.0
Bi 1.328795202931e+01 2.744651104472e+01 3.834784015603e+01 1 1 1 0.0 0.0 0.0
Bi 1.656017779453e+01 2.499052449025e+01 3.834784015603e+01 1 1 1 0.0 0.0 0.0
Bi 1.983240355974e+01 2.253453793578e+01 3.834784015603e+01 1 1 1 0.0 0.0 0.0
Bi 7.288871459755e+00 3.645179507778e+01 3.834784015603e+01 1 1 1 0.0 0.0 0.0
Bi 1.056109722497e+01 3.399580852331e+01 3.834784015603e+01 1 1 1 0.0 0.0 0.0
Bi 1.383332299018e+01 3.153982196884e+01 3.834784015603e+01 1 1 1 0.0 0.0 0.0
Bi 1.710554875540e+01 2.908383541437e+01 3.834784015603e+01 1 1 1 0.0 0.0 0.0
Bi 2.037777452061e+01 2.662784885990e+01 3.834784015603e+01 1 1 1 0.0 0.0 0.0
Bi 7.834242420624e+00 4.054510600190e+01 3.834784015603e+01 1 1 1 0.0 0.0 0.0
Bi 1.110646818584e+01 3.808911944743e+01 3.834784015603e+01 1 1 1 0.0 0.0 0.0
Bi 1.437869395105e+01 3.563313289296e+01 3.834784015603e+01 1 1 1 0.0 0.0 0.0
Bi 1.765091971626e+01 3.317714633849e+01 3.834784015603e+01 1 1 1 0.0 0.0 0.0
Bi 2.092314548148e+01 3.072115978402e+01 3.834784015603e+01 1 1 1 0.0 0.0 0.0
Bi 1.165183914671e+01 4.218243037155e+01 3.834784015603e+01 1 1 1 0.0 0.0 0.0
Bi 1.492406491192e+01 3.972644381708e+01 3.834784015603e+01 1 1 1 0.0 0.0 0.0
Bi 1.819629067713e+01 3.727045726261e+01 3.834784015603e+01 1 1 1 0.0 0.0 0.0
Bi 2.146851644235e+01 3.481447070813e+01 3.834784015603e+01 1 1 1 0.0 0.0 0.0
Bi 1.546943587279e+01 4.381975474120e+01 3.834784015603e+01 1 1 1 0.0 0.0 0.0
Bi 1.874166163800e+01 4.136376818672e+01 3.834784015603e+01 1 1 1 0.0 0.0 0.0
Bi 2.201388740322e+01 3.890778163225e+01 3.834784015603e+01 1 1 1 0.0 0.0 0.0
Bi 2.255925836409e+01 4.300109255637e+01 3.834784015603e+01 1 1 1 0.0 0.0 0.0
Bi 6.911991697181e+00 4.269521621001e+01 3.436119714775e+01 1 1 1 0.0 0.0 0.0
Bi 1.458282088491e+00 1.762106968820e+00 3.436119714775e+01 1 1 1 0.0 0.0 0.0
Bi 1.072958842326e+01 4.433254057965e+01 3.436119714775e+01 1 1 1 0.0 0.0 0.0
Bi 2.003653049360e+00 5.855417892938e+00 3.436119714775e+01 1 1 1 0.0 0.0 0.0
Bi 5.275878814574e+00 3.399431338467e+00 3.436119714775e+01 1 1 1 0.0 0.0 0.0
Bi 8.548104579788e+00 9.434447839961e-01 3.436119714775e+01 1 1 1 0.0 0.0 0.0
Bi 1.781941091456e+01 4.351387839483e+01 3.436119714775e+01 1 1 1 0.0 0.0 0.0
Bi 2.549024010229e+00 9.948728817057e+00 3.436119714775e+01 1 1 1 0.0 0.0 0.0
Bi 5.821249775443e+00 7.492742262586e+00 3.436119714775e+01 1 1 1 0.0 0.0 0.0
Bi 9.093475540657e+00 5.036755708115e+00 3.436119714775e+01 1 1 1 0.0 0.0 0.0
Bi 1.236570130587e+01 2.580769153644e+00 3.436119714775e+01 1 1 1 0.0 0.0 0.0
Bi 1.563792707108e+01 1.247825991724e-01 3.436119714775e+01 1 1 1 0.0 0.0 0.0
Bi 3.094394971098e+00 1.404203974118e+01 3.436119714775e+01 1 1 1 0.0 0.0 0.0
Bi 6.366620736312e+00 1.158605318670e+01 3.436119714775e+01 1 1 1 0.0 0.0 0.0
Bi 9.638846501526e+00 9.130066632233e+00 3.436119714775e+01 1 1 1 0.0 0.0 0.0
Bi 1.291107226674e+01 6.674080077762e+00 3.436119714775e+01 1 1 1 0.0 0.0 0.0
Bi 1.618329803195e+01 4.218093523291e+00 3.436119714775e+01 1 1 1 0.0 0.0 0.0
Bi 3.639765931967e+00 1.813535066529e+01 3.436119714775e+01 1 1 1 0.0 0.0 0.0
Bi 6.911991697181e+00 1.567936411082e+01 3.436119714775e+01 1 1 1 0.0 0.0 0.0
Bi 1.018421746239e+01 1.322337755635e+01 3.436119714775e+01 1 1 1 0.0 0.0 0.0
Bi 1.345644322761e+01 1.076739100188e+01 3.436119714775e+01 1 1 1 0.0 0.0 0.0
Bi 1.672866899282e+01 8.311404447410e+00 3.436119714775e+01 1 1 1 0.0 0.0 0.0
Bi 4.185136892836e+00 2.222866158941e+01 3.436119714775e+01 1 1 1 0.0 0.0 0.0
Bi 7.457362658050e+00 1.977267503494e+01 3.436119714775e+01 1 1 1 0.0 0.0 0.0
Bi 1.072958842326e+01 1.731668848047e+01 3.436119714775e+01 1 1 1 0.0 0.0 0.0
Bi 1.400181418848e+01 1.486070192600e+01 3.436119714775e+01 1 1 1 0.0 0.0 0.0
Bi 1.727403995369e+01 1.240471537153e+01 3.436119714775e+01 1 1 1 0.0 0.0 0.0
Bi 4.730507853705e+00 2.632197251353e+01 3.436119714775e+01 1 1 1 0.0 0.0 0.0
Bi 8.002733618919e+00 2.386598595906e+01 3.436119714775e+01 1 1 1 0.0 0.0 0.0
Bi 1.127495938413e+01 2.140999940459e+01 3.436119714775e+01 1 1 1 0.0 0.0 0.0
Bi 1.454718514935e+01 1.895401285012e+01 3.436119714775e+01 1 1 1 0.0 0.0 0.0
Bi 1.781941091456e+01 1.649802629565e+01 3.436119714775e+01 1 1 1 0.0 0.0 0.0
Bi 5.275878814574e+00 3.041528343765e+01 3.436119714775e+01 1 1 1 0.0 0.0 0.0
Bi 8.548104579788e+00 2.795929688318e+01 3.436119714775e+01 1 1 1 0.0 0.0 0.0
Bi 1.182033034500e+01 2.550331032871e+01 3.436119714775e+01 1 1 1 0.0 0.0 0.0
Bi 1.509255611022e+01 2.304732377424e+01 3.436119714775e+01 1 1 1 0.0 0.0 0.0
Bi 1.836478187543e+01 2.059133721977e+01 3.436119714775e+01 1 1 1 0.0 0.0 0.0
Bi 5.821249775443e+00 3.450859436177e+01 3.436119714775e+01 1 1 1 0.0 0.0 0.0
Bi 9.093475540657e+00 3.205260780730e+01 3.436119714775e+01 1 1 1 0.0 0.0 0.0
Bi 1.236570130587e+01 2.959662125283e+01 3.436119714775e+01 1 1 1 0.0 0.0 0.0
Bi 1.563792707108e+01 2.714063469836e+01 3.436119714775e+01 1 1 1 0.0 0.0 0.0
Bi 1.891015283630e+01 2.468464814388e+01 3.436119714775e+01 1 1 1 0.0 0.0 0.0
Bi 6.366620736312e+00 3.860190528589e+01 3.436119714775e+01 1 1 1 0.0 0.0 0.0
Bi 9.638846501526e+00 3.614591873142e+01 3.436119714775e+01 1 1 1 0.0 0.0 0.0
Bi 1.291107226674e+01 3.368993217695e+01 3.436119714775e+01 1 1 1 0.0 0.0 0.0
Bi 1.618329803195e+01 3.123394562247e+01 3.436119714775e+01 1 1 1 0.0 0.0 0.0
Bi 1.945552379717e+01 2.877795906800e+01 3.436119714775e+01 1 1 1 0.0 0.0 0.0
Bi 1.018421746239e+01 4.023922965554e+01 3.436119714775e+01 1 1 1 0.0 0.0 0.0
Bi 1.345644322761e+01 3.778324310106e+01 3.436119714775e+01 1 1 1 0.0 0.0 0.0
Bi 1.672866899282e+01 3.532725654659e+01 3.436119714775e+01 1 1 1 0.0 0.0 0.0
Bi 2.000089475804e+01 3.287126999212e+01 3.436119714775e+01 1 1 1 0.0 0.0 0.0
Bi 1.400181418848e+01 4.187655402518e+01 3.436119714775e+01 1 1 1 0.0 0.0 0.0
Bi 1.727403995369e+01 3.942056747071e+01 3.436119714775e+01 1 1 1 0.0 0.0 0.0
Bi 2.054626571890e+01 3.696458091624e+01 3.436119714775e+01 1 1 1 0.0 0.0 0.0
Bi 2.109163667977e+01 4.105789184036e+01 3.436119714775e+01 1 1 1 0.0 0.0 0.0
Bi 6.845325037228e+00 4.268519898640e+01 2.831971850542e+01 1 1 1 0.0 0.0 0.0
Bi 1.391615428539e+00 1.752089745209e+00 2.831971850542e+01 1 1 1 0.0 0.0 0.0
Bi 1.066292176331e+01 4.432252335604e+01 2.831971850542e+01 1 1 1 0.0 0.0 0.0
Bi 1.936986389408e+00 5.845400669328e+00 2.831971850542e+01 1 1 1 0.0 0.0 0.0
Bi 5.209212154621e+00 3.389414114857e+00 2.831971850542e+01 1 1 1 0.0 0.0 0.0
Bi 8.481437919835e+00 9.334275603858e-01 2.831971850542e+01 1 1 1 0.0 0.0 0.0
Bi 1.775274425461e+01 4.350386117122e+01 2.831971850542e+01 1 1 1 0.0 0.0 0.0
Bi 2.482357350277e+00 9.938711593447e+00 2.831971850542e+01 1 1 1 0.0 0.0 0.0
Bi 5.754583115490e+00 7.482725038976e+00 2.831971850542e+01 1 1 1 0.0 0.0 0.0
Bi 9.026808880704e+00 5.026738484504e+00 2.831971850542e+01 1 1 1 0.0 0.0 0.0
Bi 1.229903464592e+01 2.570751930033e+00 2.831971850542e+01 1 1 1 0.0 0.0 0.0
Bi 1.557126041113e+01 1.147653755620e-01 2.831971850542e+01 1 1 1 0.0 0.0 0.0
Bi 3.027728311145e+00 1.403202251757e+01 2.831971850542e+01 1 1 1 0.0 0.0 0.0
Bi 6.299954076359e+00 1.157603596309e+01 2.831971850542e+01 1 1 1 0.0 0.0 0.0
Bi 9.572179841573e+00 9.120049408623e+00 2.831971850542e+01 1 1 1 0.0 0.0 0.0
Bi 1.284440560679e+01 6.664062854152e+00 2.831971850542e+01 1 1 1 0.0 0.0 0.0
Bi 1.611663137200e+01 4.208076299681e+00 2.831971850542e+01 1 1 1 0.0 0.0 0.0
Bi 3.573099272014e+00 1.812533344168e+01 2.831971850542e+01 1 1 1 0.0 0.0 0.0
Bi 6.845325037228e+00 1.566934688721e+01 2.831971850542e+01 1 1 1 0.0 0.0 0.0
Bi 1.011755080244e+01 1.321336033274e+01 2.831971850542e+01 1 1 1 0.0 0.0 0.0
Bi 1.338977656766e+01 1.075737377827e+01 2.831971850542e+01 1 1 1 0.0 0.0 0.0
Bi 1.666200233287e+01 8.301387223799e+00 2.831971850542e+01 1 1 1 0.0 0.0 0.0
Bi 4.118470232883e+00 2.221864436580e+01 2.831971850542e+01 1 1 1 0.0 0.0 0.0
Bi 7.390695998097e+00 1.976265781133e+01 2.831971850542e+01 1 1 1 0.0 0.0 0.0
Bi 1.066292176331e+01 1.730667125686e+01 2.831971850542e+01 1 1 1 0.0 0.0 0.0
Bi 1.393514752852e+01 1.485068470239e+01 2.831971850542e+01 1 1 1 0.0 0.0 0.0
Bi 1.720737329374e+01 1.239469814792e+01 2.831971850542e+01 1 1 1 0.0 0.0 0.0
Bi 4.663841193752e+00 2.631195528992e+01 2.831971850542e+01 1 1 1 0.0 0.0 0.0
Bi 7.936066958966e+00 2.385596873545e+01 2.831971850542e+01 1 1 1 0.0 0.0 0.0
Bi 1.120829272418e+01 2.139998218098e+01 2.831971850542e+01 1 1 1 0.0 0.0 0.0
Bi 1.448051848939e+01 1.894399562651e+01 2.831971850542e+01 1 1 1 0.0 0.0 0.0
Bi 1.775274425461e+01 1.648800907204e+01 2.831971850542e+01 1 1 1 0.0 0.0 0.0
Bi 5.209212154621e+00 3.040526621404e+01 2.831971850542e+01 1 1 1 0.0 0.0 0.0
Bi 8.481437919835e+00 2.794927965957e+01 2.831971850542e+01 1 1 1 0.0 0.0 0.0
Bi 1.175366368505e+01 2.549329310510e+01 2.831971850542e+01 1 1 1 0.0 0.0 0.0
Bi 1.502588945026e+01 2.303730655063e+01 2.831971850542e+01 1 1 1 0.0 0.0 0.0
Bi 1.829811521548e+01 2.058131999616e+01 2.831971850542e+01 1 1 1 0.0 0.0 0.0
Bi 5.754583115490e+00 3.449857713816e+01 2.831971850542e+01 1 1 1 0.0 0.0 0.0
Bi 9.026808880704e+00 3.204259058369e+01 2.831971850542e+01 1 1 1 0.0 0.0 0.0
Bi 1.229903464592e+01 2.958660402922e+01 2.831971850542e+01 1 1 1 0.0 0.0 0.0
Bi 1.557126041113e+01 2.713061747475e+01 2.831971850542e+01 1 1 1 0.0 0.0 0.0
Bi 1.884348617635e+01 2.467463092027e+01 2.831971850542e+01 1 1 1 0.0 0.0 0.0
Bi 6.299954076359e+00 3.859188806228e+01 2.831971850542e+01 1 1 1 0.0 0.0 0.0
Bi 9.572179841573e+00 3.613590150781e+01 2.831971850542e+01 1 1 1 0.0 0.0 0.0
Bi 1.284440560679e+01 3.367991495333e+01 2.831971850542e+01 1 1 1 0.0 0.0 0.0
Bi 1.611663137200e+01 3.122392839886e+01 2.831971850542e+01 1 1 1 0.0 0.0 0.0
Bi 1.938885713721e+01 2.876794184439e+01 2.831971850542e+01 1 1 1 0.0 0.0 0.0
Bi 1.011755080244e+01 4.022921243192e+01 2.831971850542e+01 1 1 1 0.0 0.0 0.0
Bi 1.338977656766e+01 3.777322587745e+01 2.831971850542e+01 1 1 1 0.0 0.0 0.0
Bi 1.666200233287e+01 3.531723932298e+01 2.831971850542e+01 1 1 1 0.0 0.0 0.0
Bi 1.993422809808e+01 3.286125276851e+01 2.831971850542e+01 1 1 1 0.0 0.0 0.0
Bi 1.393514752852e+01 4.186653680157e+01 2.831971850542e+01 1 1 1 0.0 0.0 0.0
Bi 1.720737329374e+01 3.941055024710e+01 2.831971850542e+01 1 1 1 0.0 0.0 0.0
Bi 2.047959905895e+01 3.695456369263e+01 2.831971850542e+01 1 1 1 0.0 0.0 0.0
Bi 2.102497001982e+01 4.104787461675e+01 2.831971850542e+01 1 1 1 0.0 0.0 0.0
Bi 2.394021285226e+01 4.484817871653e+01 2.434799808390e+01 1 1 1 0.0 0.0 0.0
Bi 1.848650324357e+01 3.915069475340e+00 2.434799808390e+01 1 1 1 0.0 0.0 0.0
Bi 3.761487300109e+00 1.459082920869e+00 2.434799808390e+01 1 1 1 0.0 0.0 0.0
Bi 1.903187420444e+01 8.008380399459e+00 2.434799808390e+01 1 1 1 0.0 0.0 0.0
Bi 4.306858260978e+00 5.552393844988e+00 2.434799808390e+01 1 1 1 0.0 0.0 0.0
Bi 7.579084026192e+00 3.096407290516e+00 2.434799808390e+01 1 1 1 0.0 0.0 0.0
Bi 1.085130979141e+01 6.404207360452e-01 2.434799808390e+01 1 1 1 0.0 0.0 0.0
Bi 1.957724516531e+01 1.210169132358e+01 2.434799808390e+01 1 1 1 0.0 0.0 0.0
Bi 4.852229221847e+00 9.645704769106e+00 2.434799808390e+01 1 1 1 0.0 0.0 0.0
Bi 8.124454987061e+00 7.189718214635e+00 2.434799808390e+01 1 1 1 0.0 0.0 0.0
Bi 1.139668075227e+01 4.733731660164e+00 2.434799808390e+01 1 1 1 0.0 0.0 0.0
Bi 1.466890651749e+01 2.277745105693e+00 2.434799808390e+01 1 1 1 0.0 0.0 0.0
Bi 2.012261612618e+01 1.619500224770e+01 2.434799808390e+01 1 1 1 0.0 0.0 0.0
Bi 5.397600182716e+00 1.373901569322e+01 2.434799808390e+01 1 1 1 0.0 0.0 0.0
Bi 8.669825947930e+00 1.128302913875e+01 2.434799808390e+01 1 1 1 0.0 0.0 0.0
Bi 1.194205171314e+01 8.827042584283e+00 2.434799808390e+01 1 1 1 0.0 0.0 0.0
Bi 1.521427747836e+01 6.371056029811e+00 2.434799808390e+01 1 1 1 0.0 0.0 0.0
Bi 2.066798708705e+01 2.028831317181e+01 2.434799808390e+01 1 1 1 0.0 0.0 0.0
Bi 5.942971143585e+00 1.783232661734e+01 2.434799808390e+01 1 1 1 0.0 0.0 0.0
Bi 9.215196908799e+00 1.537634006287e+01 2.434799808390e+01 1 1 1 0.0 0.0 0.0
Bi 1.248742267401e+01 1.292035350840e+01 2.434799808390e+01 1 1 1 0.0 0.0 0.0
Bi 1.575964843923e+01 1.046436695393e+01 2.434799808390e+01 1 1 1 0.0 0.0 0.0
Bi 2.121335804792e+01 2.438162409593e+01 2.434799808390e+01 1 1 1 0.0 0.0 0.0
Bi 6.488342104454e+00 2.192563754146e+01 2.434799808390e+01 1 1 1 0.0 0.0 0.0
Bi 9.760567869668e+00 1.946965098699e+01 2.434799808390e+01 1 1 1 0.0 0.0 0.0
Bi 1.303279363488e+01 1.701366443252e+01 2.434799808390e+01 1 1 1 0.0 0.0 0.0
Bi 1.630501940010e+01 1.455767787805e+01 2.434799808390e+01 1 1 1 0.0 0.0 0.0
Bi 2.175872900878e+01 2.847493502005e+01 2.434799808390e+01 1 1 1 0.0 0.0 0.0
Bi 7.033713065323e+00 2.601894846558e+01 2.434799808390e+01 1 1 1 0.0 0.0 0.0
Bi 1.030593883054e+01 2.356296191111e+01 2.434799808390e+01 1 1 1 0.0 0.0 0.0
Bi 1.357816459575e+01 2.110697535664e+01 2.434799808390e+01 1 1 1 0.0 0.0 0.0
Bi 1.685039036096e+01 1.865098880217e+01 2.434799808390e+01 1 1 1 0.0 0.0 0.0
Bi 2.230409996965e+01 3.256824594417e+01 2.434799808390e+01 1 1 1 0.0 0.0 0.0
Bi 7.579084026192e+00 3.011225938970e+01 2.434799808390e+01 1 1 1 0.0 0.0 0.0
Bi 1.085130979141e+01 2.765627283523e+01 2.434799808390e+01 1 1 1 0.0 0.0 0.0
Bi 1.412353555662e+01 2.520028628076e+01 2.434799808390e+01 1 1 1 0.0 0.0 0.0
Bi 1.739576132183e+01 2.274429972629e+01 2.434799808390e+01 1 1 1 0.0 0.0 0.0
Bi 2.284947093052e+01 3.666155686829e+01 2.434799808390e+01 1 1 1 0.0 0.0 0.0
Bi 8.124454987061e+00 3.420557031382e+01 2.434799808390e+01 1 1 1 0.0 0.0 0.0
Bi 1.139668075227e+01 3.174958375935e+01 2.434799808390e+01 1 1 1 0.0 0.0 0.0
Bi 1.466890651749e+01 2.929359720488e+01 2.434799808390e+01 1 1 1 0.0 0.0 0.0
Bi 1.794113228270e+01 2.683761065040e+01 2.434799808390e+01 1 1 1 0.0 0.0 0.0
Bi 2.339484189139e+01 4.075486779241e+01 2.434799808390e+01 1 1 1 0.0 0.0 0.0
Bi 8.669825947930e+00 3.829888123794e+01 2.434799808390e+01 1 1 1 0.0 0.0 0.0
Bi 1.194205171314e+01 3.584289468347e+01 2.434799808390e+01 1 1 1 0.0 0.0 0.0
Bi 1.521427747836e+01 3.338690812899e+01 2.434799808390e+01 1 1 1 0.0 0.0 0.0
Bi 1.848650324357e+01 3.093092157452e+01 2.434799808390e+01 1 1 1 0.0 0.0 0.0
Bi 9.215196908799e+00 4.239219216206e+01 2.434799808390e+01 1 1 1 0.0 0.0 0.0
Bi 1.248742267401e+01 3.993620560758e+01 2.434799808390e+01 1 1 1 0.0 0.0 0.0
Bi 1.575964843923e+01 3.748021905311e+01 2.434799808390e+01 1 1 1 0.0 0.0 0.0
Bi 1.903187420444e+01 3.502423249864e+01 2.434799808390e+01 1 1 1 0.0 0.0 0.0
Bi 1.303279363488e+01 4.402951653170e+01 2.434799808390e+01 1 1 1 0.0 0.0 0.0
Bi 1.630501940010e+01 4.157352997723e+01 2.434799808390e+01 1 1 1 0.0 0.0 0.0
Bi 1.957724516531e+01 3.911754342276e+01 2.434799808390e+01 1 1 1 0.0 0.0 0.0
Bi 2.012261612618e+01 4.321085434688e+01 2.434799808390e+01 1 1 1 0.0 0.0 0.0
Se 2.310889153809e+01 4.483860709882e+01 1.000000000000e+01 1 1 1 0.0 0.0 0.0
Se 2.112109544638e+00 1.543972324493e+00 1.000000000000e+01 1 1 1 0.0 0.0 0.0
Se 1.111073039898e+01 4.483860709882e+01 1.000000000000e+01 1 1 1 0.0 0.0 0.0
Se 2.112109544638e+00 5.007543106439e+00 1.000000000000e+01 1 1 1 0.0 0.0 0.0
Se 5.111649829418e+00 3.275757715466e+00 1.000000000000e+01 1 1 1 0.0 0.0 0.0
Se 8.111190114197e+00 1.543972324493e+00 1.000000000000e+01 1 1 1 0.0 0.0 0.0
Se 1.710981096853e+01 4.483860709882e+01 1.000000000000e+01 1 1 1 0.0 0.0 0.0
Se 2.112109544638e+00 8.471113888386e+00 1.000000000000e+01 1 1 1 0.0 0.0 0.0
Se 5.111649829418e+00 6.739328497413e+00 1.000000000000e+01 1 1 1 0.0 0.0 0.0
Se 8.111190114197e+00 5.007543106439e+00 1.000000000000e+01 1 1 1 0.0 0.0 0.0
Se 1.111073039898e+01 3.275757715466e+00 1.000000000000e+01 1 1 1 0.0 0.0 0.0
Se 1.411027068376e+01 1.543972324493e+00 1.000000000000e+01 1 1 1 0.0 0.0 0.0
Se 2.112109544638e+00 1.193468467033e+01 1.000000000000e+01 1 1 1 0.0 0.0 0.0
Se 5.111649829418e+00 1.020289927936e+01 1.000000000000e+01 1 1 1 0.0 0.0 0.0
Se 8.111190114197e+00 8.471113888386e+00 1.000000000000e+01 1 1 1 0.0 0.0 0.0
Se 1.111073039898e+01 6.739328497413e+00 1.000000000000e+01 1 1 1 0.0 0.0 0.0
Se 1.411027068376e+01 5.007543106439e+00 1.000000000000e+01 1 1 1 0.0 0.0 0.0
Se 1.710981096853e+01 3.275757715466e+00 1.000000000000e+01 1 1 1 0.0 0.0 0.0
Se 2.112109544638e+00 1.539825545228e+01 1.000000000000e+01 1 1 1 0.0 0.0 0.0
Se 5.111649829418e+00 1.366647006131e+01 1.000000000000e+01 1 1 1 0.0 0.0 0.0
Se 8.111190114197e+00 1.193468467033e+01 1.000000000000e+01 1 1 1 0.0 0.0 0.0
Se 1.111073039898e+01 1.020289927936e+01 1.000000000000e+01 1 1 1 0.0 0.0 0.0
Se 1.411027068376e+01 8.471113888386e+00 1.000000000000e+01 1 1 1 0.0 0.0 0.0
Se 1.710981096853e+01 6.739328497413e+00 1.000000000000e+01 1 1 1 0.0 0.0 0.0
Se 2.010935125331e+01 1.886182623423e+01 1.000000000000e+01 1 1 1 0.0 0.0 0.0
Se 5.111649829418e+00 1.713004084325e+01 1.000000000000e+01 1 1 1 0.0 0.0 0.0
Se 8.111190114197e+00 1.539825545228e+01 1.000000000000e+01 1 1 1 0.0 0.0 0.0
Se 1.111073039898e+01 1.366647006131e+01 1.000000000000e+01 1 1 1 0.0 0.0 0.0
Se 1.411027068376e+01 1.193468467033e+01 1.000000000000e+01 1 1 1 0.0 0.0 0.0
Se 1.710981096853e+01 1.020289927936e+01 1.000000000000e+01 1 1 1 0.0 0.0 0.0
Se 2.010935125331e+01 2.232539701617e+01 1.000000000000e+01 1 1 1 0.0 0.0 0.0
Se 5.111649829418e+00 2.059361162520e+01 1.000000000000e+01 1 1 1 0.0 0.0 0.0
Se 8.111190114197e+00 1.886182623423e+01 1.000000000000e+01 1 1 1 0.0 0.0 0.0
Se 1.111073039898e+01 1.713004084325e+01 1.000000000000e+01 1 1 1 0.0 0.0 0.0
Se 1.411027068376e+01 1.539825545228e+01 1.000000000000e+01 1 1 1 0.0 0.0 0.0
Se 1.710981096853e+01 1.366647006131e+01 1.000000000000e+01 1 1 1 0.0 0.0 0.0
Se 5.111649829418e+00 2.405718240715e+01 1.000000000000e+01 1 1 1 0.0 0.0 0.0
Se 8.111190114197e+00 2.232539701617e+01 1.000000000000e+01 1 1 1 0.0 0.0 0.0
Se 1.111073039898e+01 2.059361162520e+01 1.000000000000e+01 1 1 1 0.0 0.0 0.0
Se 1.411027068376e+01 1.886182623423e+01 1.000000000000e+01 1 1 1 0.0 0.0 0.0
Se 1.710981096853e+01 1.713004084325e+01 1.000000000000e+01 1 1 1 0.0 0.0 0.0
Se 5.111649829418e+00 2.752075318909e+01 1.000000000000e+01 1 1 1 0.0 0.0 0.0
Se 8.111190114197e+00 2.578896779812e+01 1.000000000000e+01 1 1 1 0.0 0.0 0.0
Se 1.111073039898e+01 2.405718240715e+01 1.000000000000e+01 1 1 1 0.0 0.0 0.0
Se 1.411027068376e+01 2.232539701617e+01 1.000000000000e+01 1 1 1 0.0 0.0 0.0
Se 1.710981096853e+01 2.059361162520e+01 1.000000000000e+01 1 1 1 0.0 0.0 0.0
Se 5.111649829418e+00 3.098432397104e+01 1.000000000000e+01 1 1 1 0.0 0.0 0.0
Se 8.111190114197e+00 2.925253858007e+01 1.000000000000e+01 1 1 1 0.0 0.0 0.0
Se 1.111073039898e+01 2.752075318909e+01 1.000000000000e+01 1 1 1 0.0 0.0 0.0
Se 1.411027068376e+01 2.578896779812e+01 1.000000000000e+01 1 1 1 0.0 0.0 0.0
Se 1.710981096853e+01 2.405718240715e+01 1.000000000000e+01 1 1 1 0.0 0.0 0.0
Se 5.111649829418e+00 3.444789475299e+01 1.000000000000e+01 1 1 1 0.0 0.0 0.0
Se 8.111190114197e+00 3.271610936201e+01 1.000000000000e+01 1 1 1 0.0 0.0 0.0
Se 1.111073039898e+01 3.098432397104e+01 1.000000000000e+01 1 1 1 0.0 0.0 0.0
Se 1.411027068376e+01 2.925253858007e+01 1.000000000000e+01 1 1 1 0.0 0.0 0.0
Se 1.710981096853e+01 2.752075318909e+01 1.000000000000e+01 1 1 1 0.0 0.0 0.0
Se 2.010935125331e+01 2.578896779812e+01 1.000000000000e+01 1 1 1 0.0 0.0 0.0
Se 5.111649829418e+00 3.791146553493e+01 1.000000000000e+01 1 1 1 0.0 0.0 0.0
Se 8.111190114197e+00 3.617968014396e+01 1.000000000000e+01 1 1 1 0.0 0.0 0.0
Se 1.111073039898e+01 3.444789475299e+01 1.000000000000e+01 1 1 1 0.0 0.0 0.0
Se 1.411027068376e+01 3.271610936201e+01 1.000000000000e+01 1 1 1 0.0 0.0 0.0
Se 1.710981096853e+01 3.098432397104e+01 1.000000000000e+01 1 1 1 0.0 0.0 0.0
Se 2.010935125331e+01 2.925253858007e+01 1.000000000000e+01 1 1 1 0.0 0.0 0.0
Se 2.310889153809e+01 4.137503631688e+01 1.000000000000e+01 1 1 1 0.0 0.0 0.0
Se 8.111190114197e+00 3.964325092590e+01 1.000000000000e+01 1 1 1 0.0 0.0 0.0
Se 1.111073039898e+01 3.791146553493e+01 1.000000000000e+01 1 1 1 0.0 0.0 0.0
Se 1.411027068376e+01 3.617968014396e+01 1.000000000000e+01 1 1 1 0.0 0.0 0.0
Se 1.710981096853e+01 3.444789475299e+01 1.000000000000e+01 1 1 1 0.0 0.0 0.0
Se 2.010935125331e+01 3.271610936201e+01 1.000000000000e+01 1 1 1 0.0 0.0 0.0
Se 8.111190114197e+00 4.310682170785e+01 1.000000000000e+01 1 1 1 0.0 0.0 0.0
Se 1.111073039898e+01 4.137503631688e+01 1.000000000000e+01 1 1 1 0.0 0.0 0.0
Se 1.411027068376e+01 3.964325092590e+01 1.000000000000e+01 1 1 1 0.0 0.0 0.0
Se 1.710981096853e+01 3.791146553493e+01 1.000000000000e+01 1 1 1 0.0 0.0 0.0
Se 2.010935125331e+01 3.617968014396e+01 1.000000000000e+01 1 1 1 0.0 0.0 0.0
Se 1.411027068376e+01 4.310682170785e+01 1.000000000000e+01 1 1 1 0.0 0.0 0.0
Se 1.710981096853e+01 4.137503631688e+01 1.000000000000e+01 1 1 1 0.0 0.0 0.0
Se 2.010935125331e+01 3.964325092590e+01 1.000000000000e+01 1 1 1 0.0 0.0 0.0
Se 2.010935125331e+01 4.310682170785e+01 1.000000000000e+01 1 1 1 0.0 0.0 0.0
Se 6.105798934279e+00 4.309857012001e+01 1.614602824434e+01 1 1 1 0.0 0.0 0.0
Se 9.105339219058e+00 4.483035551098e+01 1.614602824434e+01 1 1 1 0.0 0.0 0.0
Se 1.210487950384e+01 4.309857012001e+01 1.614602824434e+01 1 1 1 0.0 0.0 0.0
Se 3.106258649500e+00 3.267506127620e+00 1.614602824434e+01 1 1 1 0.0 0.0 0.0
Se 6.105798934279e+00 1.535720736647e+00 1.614602824434e+01 1 1 1 0.0 0.0 0.0
Se 1.510441978862e+01 4.483035551098e+01 1.614602824434e+01 1 1 1 0.0 0.0 0.0
Se 1.810396007340e+01 4.309857012001e+01 1.614602824434e+01 1 1 1 0.0 0.0 0.0
Se 3.106258649500e+00 6.731076909567e+00 1.614602824434e+01 1 1 1 0.0 0.0 0.0
Se 6.105798934279e+00 4.999291518593e+00 1.614602824434e+01 1 1 1 0.0 0.0 0.0
Se 9.105339219058e+00 3.267506127620e+00 1.614602824434e+01 1 1 1 0.0 0.0 0.0
Se 1.210487950384e+01 1.535720736647e+00 1.614602824434e+01 1 1 1 0.0 0.0 0.0
Se 2.110350035818e+01 4.483035551098e+01 1.614602824434e+01 1 1 1 0.0 0.0 0.0
Se 3.106258649500e+00 1.019464769151e+01 1.614602824434e+01 1 1 1 0.0 0.0 0.0
Se 6.105798934279e+00 8.462862300540e+00 1.614602824434e+01 1 1 1 0.0 0.0 0.0
Se 9.105339219058e+00 6.731076909567e+00 1.614602824434e+01 1 1 1 0.0 0.0 0.0
Se 1.210487950384e+01 4.999291518593e+00 1.614602824434e+01 1 1 1 0.0 0.0 0.0
Se 1.510441978862e+01 3.267506127620e+00 1.614602824434e+01 1 1 1 0.0 0.0 0.0
Se 1.810396007340e+01 1.535720736647e+00 1.614602824434e+01 1 1 1 0.0 0.0 0.0
Se 3.106258649500e+00 1.365821847346e+01 1.614602824434e+01 1 1 1 0.0 0.0 0.0
Se 6.105798934279e+00 1.192643308249e+01 1.614602824434e+01 1 1 1 0.0 0.0 0.0
Se 9.105339219058e+00 1.019464769151e+01 1.614602824434e+01 1 1 1 0.0 0.0 0.0
Se 1.210487950384e+01 8.462862300540e+00 1.614602824434e+01 1 1 1 0.0 0.0 0.0
Se 1.510441978862e+01 6.731076909567e+00 1.614602824434e+01 1 1 1 0.0 0.0 0.0
Se 1.810396007340e+01 4.999291518593e+00 1.614602824434e+01 1 1 1 0.0 0.0 0.0
Se 3.106258649500e+00 1.712178925541e+01 1.614602824434e+01 1 1 1 0.0 0.0 0.0
Se 6.105798934279e+00 1.539000386443e+01 1.614602824434e+01 1 1 1 0.0 0.0 0.0
Se 9.105339219058e+00 1.365821847346e+01 1.614602824434e+01 1 1 1 0.0 0.0 0.0
Se 1.210487950384e+01 1.192643308249e+01 1.614602824434e+01 1 1 1 0.0 0.0 0.0
Se 1.510441978862e+01 1.019464769151e+01 1.614602824434e+01 1 1 1 0.0 0.0 0.0
Se 1.810396007340e+01 8.462862300540e+00 1.614602824434e+01 1 1 1 0.0 0.0 0.0
Se 3.106258649500e+00 2.058536003735e+01 1.614602824434e+01 1 1 1 0.0 0.0 0.0
Se 6.105798934279e+00 1.885357464638e+01 1.614602824434e+01 1 1 1 0.0 0.0 0.0
Se 9.105339219058e+00 1.712178925541e+01 1.614602824434e+01 1 1 1 0.0 0.0 0.0
Se 1.210487950384e+01 1.539000386443e+01 1.614602824434e+01 1 1 1 0.0 0.0 0.0
Se 1.510441978862e+01 1.365821847346e+01 1.614602824434e+01 1 1 1 0.0 0.0 0.0
Se 1.810396007340e+01 1.192643308249e+01 1.614602824434e+01 1 1 1 0.0 0.0 0.0
Se 6.105798934279e+00 2.231714542833e+01 1.614602824434e+01 1 1 1 0.0 0.0 0.0
Se 9.105339219058e+00 2.058536003735e+01 1.614602824434e+01 1 1 1 0.0 0.0 0.0
Se 1.210487950384e+01 1.885357464638e+01 1.614602824434e+01 1 1 1 0.0 0.0 0.0
Se 1.510441978862e+01 1.712178925541e+01 1.614602824434e+01 1 1 1 0.0 0.0 0.0
Se 1.810396007340e+01 1.539000386443e+01 1.614602824434e+01 1 1 1 0.0 0.0 0.0
Se 6.105798934279e+00 2.578071621027e+01 1.614602824434e+01 1 1 1 0.0 0.0 0.0
Se 9.105339219058e+00 2.404893081930e+01 1.614602824434e+01 1 1 1 0.0 0.0 0.0
Se 1.210487950384e+01 2.231714542833e+01 1.614602824434e+01 1 1 1 0.0 0.0 0.0
Se 1.510441978862e+01 2.058536003735e+01 1.614602824434e+01 1 1 1 0.0 0.0 0.0
Se 1.810396007340e+01 1.885357464638e+01 1.614602824434e+01 1 1 1 0.0 0.0 0.0
Se 6.105798934279e+00 2.924428699222e+01 1.614602824434e+01 1 1 1 0.0 0.0 0.0
Se 9.105339219058e+00 2.751250160125e+01 1.614602824434e+01 1 1 1 0.0 0.0 0.0
Se 1.210487950384e+01 2.578071621027e+01 1.614602824434e+01 1 1 1 0.0 0.0 0.0
Se 1.510441978862e+01 2.404893081930e+01 1.614602824434e+01 1 1 1 0.0 0.0 0.0
Se 1.810396007340e+01 2.231714542833e+01 1.614602824434e+01 1 1 1 0.0 0.0 0.0
Se 6.105798934279e+00 3.270785777417e+01 1.614602824434e+01 1 1 1 0.0 0.0 0.0
Se 9.105339219058e+00 3.097607238319e+01 1.614602824434e+01 1 1 1 0.0 0.0 0.0
Se 1.210487950384e+01 2.924428699222e+01 1.614602824434e+01 1 1 1 0.0 0.0 0.0
Se 1.510441978862e+01 2.751250160125e+01 1.614602824434e+01 1 1 1 0.0 0.0 0.0
Se 1.810396007340e+01 2.578071621027e+01 1.614602824434e+01 1 1 1 0.0 0.0 0.0
Se 2.110350035818e+01 2.404893081930e+01 1.614602824434e+01 1 1 1 0.0 0.0 0.0
Se 6.105798934279e+00 3.617142855611e+01 1.614602824434e+01 1 1 1 0.0 0.0 0.0
Se 9.105339219058e+00 3.443964316514e+01 1.614602824434e+01 1 1 1 0.0 0.0 0.0
Se 1.210487950384e+01 3.270785777417e+01 1.614602824434e+01 1 1 1 0.0 0.0 0.0
Se 1.510441978862e+01 3.097607238319e+01 1.614602824434e+01 1 1 1 0.0 0.0 0.0
Se 1.810396007340e+01 2.924428699222e+01 1.614602824434e+01 1 1 1 0.0 0.0 0.0
Se 2.110350035818e+01 2.751250160125e+01 1.614602824434e+01 1 1 1 0.0 0.0 0.0
Se 6.105798934279e+00 3.963499933806e+01 1.614602824434e+01 1 1 1 0.0 0.0 0.0
Se 9.105339219058e+00 3.790321394709e+01 1.614602824434e+01 1 1 1 0.0 0.0 0.0
Se 1.210487950384e+01 3.617142855611e+01 1.614602824434e+01 1 1 1 0.0 0.0 0.0
Se 1.510441978862e+01 3.443964316514e+01 1.614602824434e+01 1 1 1 0.0 0.0 0.0
Se 1.810396007340e+01 3.270785777417e+01 1.614602824434e+01 1 1 1 0.0 0.0 0.0
Se 2.110350035818e+01 3.097607238319e+01 1.614602824434e+01 1 1 1 0.0 0.0 0.0
Se 9.105339219058e+00 4.136678472903e+01 1.614602824434e+01 1 1 1 0.0 0.0 0.0
Se 1.210487950384e+01 3.963499933806e+01 1.614602824434e+01 1 1 1 0.0 0.0 0.0
Se 1.510441978862e+01 3.790321394709e+01 1.614602824434e+01 1 1 1 0.0 0.0 0.0
Se 1.810396007340e+01 3.617142855611e+01 1.614602824434e+01 1 1 1 0.0 0.0 0.0
Se 2.110350035818e+01 3.443964316514e+01 1.614602824434e+01 1 1 1 0.0 0.0 0.0
Se 1.510441978862e+01 4.136678472903e+01 1.614602824434e+01 1 1 1 0.0 0.0 0.0
Se 1.810396007340e+01 3.963499933806e+01 1.614602824434e+01 1 1 1 0.0 0.0 0.0
Se 2.110350035818e+01 3.790321394709e+01 1.614602824434e+01 1 1 1 0.0 0.0 0.0
Se 2.110350035818e+01 4.136678472903e+01 1.614602824434e+01 1 1 1 0.0 0.0 0.0
Se 2.310864203102e+01 4.483756022747e+01 1.336443756309e+01 1 1 1 0.0 0.0 0.0
Se 2.111860037566e+00 1.542925453141e+00 1.336443756309e+01 1 1 1 0.0 0.0 0.0
Se 1.111048089190e+01 4.483756022747e+01 1.336443756309e+01 1 1 1 0.0 0.0 0.0
Se 2.111860037566e+00 5.006496235088e+00 1.336443756309e+01 1 1 1 0.0 0.0 0.0
Se 5.111400322345e+00 3.274710844114e+00 1.336443756309e+01 1 1 1 0.0 0.0 0.0
Se 8.110940607124e+00 1.542925453141e+00 1.336443756309e+01 1 1 1 0.0 0.0 0.0
Se 1.710956146146e+01 4.483756022747e+01 1.336443756309e+01 1 1 1 0.0 0.0 0.0
Se 2.111860037566e+00 8.470067017034e+00 1.336443756309e+01 1 1 1 0.0 0.0 0.0
Se 5.111400322345e+00 6.738281626061e+00 1.336443756309e+01 1 1 1 0.0 0.0 0.0
Se 8.110940607124e+00 5.006496235088e+00 1.336443756309e+01 1 1 1 0.0 0.0 0.0
Se 1.111048089190e+01 3.274710844114e+00 1.336443756309e+01 1 1 1 0.0 0.0 0.0
Se 1.411002117668e+01 1.542925453141e+00 1.336443756309e+01 1 1 1 0.0 0.0 0.0
Se 2.111860037566e+00 1.193363779898e+01 1.336443756309e+01 1 1 1 0.0 0.0 0.0
Se 5.111400322345e+00 1.020185240801e+01 1.336443756309e+01 1 1 1 0.0 0.0 0.0
Se 8.110940607124e+00 8.470067017034e+00 1.336443756309e+01 1 1 1 0.0 0.0 0.0
Se 1.111048089190e+01 6.738281626061e+00 1.336443756309e+01 1 1 1 0.0 0.0 0.0
Se 1.411002117668e+01 5.006496235088e+00 1.336443756309e+01 1 1 1 0.0 0.0 0.0
Se 1.710956146146e+01 3.274710844114e+00 1.336443756309e+01 1 1 1 0.0 0.0 0.0
Se 2.111860037566e+00 1.539720858093e+01 1.336443756309e+01 1 1 1 0.0 0.0 0.0
Se 5.111400322345e+00 1.366542318995e+01 1.336443756309e+01 1 1 1 0.0 0.0 0.0
Se 8.110940607124e+00 1.193363779898e+01 1.336443756309e+01 1 1 1 0.0 0.0 0.0
Se 1.111048089190e+01 1.020185240801e+01 1.336443756309e+01 1 1 1 0.0 0.0 0.0
Se 1.411002117668e+01 8.470067017034e+00 1.336443756309e+01 1 1 1 0.0 0.0 0.0
Se 1.710956146146e+01 6.738281626061e+00 1.336443756309e+01 1 1 1 0.0 0.0 0.0
Se 2.010910174624e+01 1.886077936287e+01 1.336443756309e+01 1 1 1 0.0 0.0 0.0
Se 5.111400322345e+00 1.712899397190e+01 1.336443756309e+01 1 1 1 0.0 0.0 0.0
Se 8.110940607124e+00 1.539720858093e+01 1.336443756309e+01 1 1 1 0.0 0.0 0.0
Se 1.111048089190e+01 1.366542318995e+01 1.336443756309e+01 1 1 1 0.0 0.0 0.0
Se 1.411002117668e+01 1.193363779898e+01 1.336443756309e+01 1 1 1 0.0 0.0 0.0
Se 1.710956146146e+01 1.020185240801e+01 1.336443756309e+01 1 1 1 0.0 0.0 0.0
Se 2.010910174624e+01 2.232435014482e+01 1.336443756309e+01 1 1 1 0.0 0.0 0.0
Se 5.111400322345e+00 2.059256475385e+01 1.336443756309e+01 1 1 1 0.0 0.0 0.0
Se 8.110940607124e+00 1.886077936287e+01 1.336443756309e+01 1 1 1 0.0 0.0 0.0
Se 1.111048089190e+01 1.712899397190e+01 1.336443756309e+01 1 1 1 0.0 0.0 0.0
Se 1.411002117668e+01 1.539720858093e+01 1.336443756309e+01 1 1 1 0.0 0.0 0.0
Se 1.710956146146e+01 1.366542318995e+01 1.336443756309e+01 1 1 1 0.0 0.0 0.0
Se 5.111400322345e+00 2.405613553579e+01 1.336443756309e+01 1 1 1 0.0 0.0 0.0
Se 8.110940607124e+00 2.232435014482e+01 1.336443756309e+01 1 1 1 0.0 0.0 0.0
Se 1.111048089190e+01 2.059256475385e+01 1.336443756309e+01 1 1 1 0.0 0.0 0.0
Se 1.411002117668e+01 1.886077936287e+01 1.336443756309e+01 1 1 1 0.0 0.0 0.0
Se 1.710956146146e+01 1.712899397190e+01 1.336443756309e+01 1 1 1 0.0 0.0 0.0
Se 5.111400322345e+00 2.751970631774e+01 1.336443756309e+01 1 1 1 0.0 0.0 0.0
Se 8.110940607124e+00 2.578792092677e+01 1.336443756309e+01 1 1 1 0.0 0.0 0.0
Se 1.111048089190e+01 2.405613553579e+01 1.336443756309e+01 1 1 1 0.0 0.0 0.0
Se 1.411002117668e+01 2.232435014482e+01 1.336443756309e+01 1 1 1 0.0 0.0 0.0
Se 1.710956146146e+01 2.059256475385e+01 1.336443756309e+01 1 1 1 0.0 0.0 0.0
Se 5.111400322345e+00 3.098327709969e+01 1.336443756309e+01 1 1 1 0.0 0.0 0.0
Se 8.110940607124e+00 2.925149170871e+01 1.336443756309e+01 1 1 1 0.0 0.0 0.0
Se 1.111048089190e+01 2.751970631774e+01 1.336443756309e+01 1 1 1 0.0 0.0 0.0
Se 1.411002117668e+01 2.578792092677e+01 1.336443756309e+01 1 1 1 0.0 0.0 0.0
Se 1.710956146146e+01 2.405613553579e+01 1.336443756309e+01 1 1 1 0.0 0.0 0.0
Se 5.111400322345e+00 3.444684788163e+01 1.336443756309e+01 1 1 1 0.0 0.0 0.0
Se 8.110940607124e+00 3.271506249066e+01 1.336443756309e+01 1 1 1 0.0 0.0 0.0
Se 1.111048089190e+01 3.098327709969e+01 1.336443756309e+01 1 1 1 0.0 0.0 0.0
Se 1.411002117668e+01 2.925149170871e+01 1.336443756309e+01 1 1 1 0.0 0.0 0.0
Se 1.710956146146e+01 2.751970631774e+01 1.336443756309e+01 1 1 1 0.0 0.0 0.0
Se 2.010910174624e+01 2.578792092677e+01 1.336443756309e+01 1 1 1 0.0 0.0 0.0
Se 5.111400322345e+00 3.791041866358e+01 1.336443756309e+01 1 1 1 0.0 0.0 0.0
Se 8.110940607124e+00 3.617863327261e+01 1.336443756309e+01 1 1 1 0.0 0.0 0.0
Se 1.111048089190e+01 3.444684788163e+01 1.336443756309e+01 1 1 1 0.0 0.0 0.0
Se 1.411002117668e+01 3.271506249066e+01 1.336443756309e+01 1 1 1 0.0 0.0 0.0
Se 1.710956146146e+01 3.098327709969e+01 1.336443756309e+01 1 1 1 0.0 0.0 0.0
Se 2.010910174624e+01 2.925149170871e+01 1.336443756309e+01 1 1 1 0.0 0.0 0.0
Se 2.310864203102e+01 4.137398944553e+01 1.336443756309e+01 1 1 1 0.0 0.0 0.0
Se 8.110940607124e+00 3.964220405455e+01 1.336443756309e+01 1 1 1 0.0 0.0 0.0
Se 1.111048089190e+01 3.791041866358e+01 1.336443756309e+01 1 1 1 0.0 0.0 0.0
Se 1.411002117668e+01 3.617863327261e+01 1.336443756309e+01 1 1 1 0.0 0.0 0.0
Se 1.710956146146e+01 3.444684788163e+01 1.336443756309e+01 1 1 1 0.0 0.0 0.0
Se 2.010910174624e+01 3.271506249066e+01 1.336443756309e+01 1 1 1 0.0 0.0 0.0
Se 8.110940607124e+00 4.310577483650e+01 1.336443756309e+01 1 1 1 0.0 0.0 0.0
Se 1.111048089190e+01 4.137398944553e+01 1.336443756309e+01 1 1 1 0.0 0.0 0.0
Se 1.411002117668e+01 3.964220405455e+01 1.336443756309e+01 1 1 1 0.0 0.0 0.0
Se 1.710956146146e+01 3.791041866358e+01 1.336443756309e+01 1 1 1 0.0 0.0 0.0
Se 2.010910174624e+01 3.617863327261e+01 1.336443756309e+01 1 1 1 0.0 0.0 0.0
Se 1.411002117668e+01 4.310577483650e+01 1.336443756309e+01 1 1 1 0.0 0.0 0.0
Se 1.710956146146e+01 4.137398944553e+01 1.336443756309e+01 1 1 1 0.0 0.0 0.0
Se 2.010910174624e+01 3.964220405455e+01 1.336443756309e+01 1 1 1 0.0 0.0 0.0
Se 2.010910174624e+01 4.310577483650e+01 1.336443756309e+01 1 1 1 0.0 0.0 0.0
Se 6.105731570015e+00 4.309751430556e+01 1.951046802998e+01 1 1 1 0.0 0.0 0.0
Se 9.105271854795e+00 4.482929969653e+01 1.951046802998e+01 1 1 1 0.0 0.0 0.0
Se 1.210481213957e+01 4.309751430556e+01 1.951046802998e+01 1 1 1 0.0 0.0 0.0
Se 3.106191285236e+00 3.266450313173e+00 1.951046802998e+01 1 1 1 0.0 0.0 0.0
Se 6.105731570015e+00 1.534664922200e+00 1.951046802998e+01 1 1 1 0.0 0.0 0.0
Se 1.510435242435e+01 4.482929969653e+01 1.951046802998e+01 1 1 1 0.0 0.0 0.0
Se 1.810389270913e+01 4.309751430556e+01 1.951046802998e+01 1 1 1 0.0 0.0 0.0
Se 3.106191285236e+00 6.730021095119e+00 1.951046802998e+01 1 1 1 0.0 0.0 0.0
Se 6.105731570015e+00 4.998235704146e+00 1.951046802998e+01 1 1 1 0.0 0.0 0.0
Se 9.105271854795e+00 3.266450313173e+00 1.951046802998e+01 1 1 1 0.0 0.0 0.0
Se 1.210481213957e+01 1.534664922200e+00 1.951046802998e+01 1 1 1 0.0 0.0 0.0
Se 2.110343299391e+01 4.482929969653e+01 1.951046802998e+01 1 1 1 0.0 0.0 0.0
Se 3.106191285236e+00 1.019359187707e+01 1.951046802998e+01 1 1 1 0.0 0.0 0.0
Se 6.105731570015e+00 8.461806486093e+00 1.951046802998e+01 1 1 1 0.0 0.0 0.0
Se 9.105271854795e+00 6.730021095119e+00 1.951046802998e+01 1 1 1 0.0 0.0 0.0
Se 1.210481213957e+01 4.998235704146e+00 1.951046802998e+01 1 1 1 0.0 0.0 0.0
Se 1.510435242435e+01 3.266450313173e+00 1.951046802998e+01 1 1 1 0.0 0.0 0.0
Se 1.810389270913e+01 1.534664922200e+00 1.951046802998e+01 1 1 1 0.0 0.0 0.0
Se 3.106191285236e+00 1.365716265901e+01 1.951046802998e+01 1 1 1 0.0 0.0 0.0
Se 6.105731570015e+00 1.192537726804e+01 1.951046802998e+01 1 1 1 0.0 0.0 0.0
Se 9.105271854795e+00 1.019359187707e+01 1.951046802998e+01 1 1 1 0.0 0.0 0.0
Se 1.210481213957e+01 8.461806486093e+00 1.951046802998e+01 1 1 1 0.0 0.0 0.0
Se 1.510435242435e+01 6.730021095119e+00 1.951046802998e+01 1 1 1 0.0 0.0 0.0
Se 1.810389270913e+01 4.998235704146e+00 1.951046802998e+01 1 1 1 0.0 0.0 0.0
Se 3.106191285236e+00 1.712073344096e+01 1.951046802998e+01 1 1 1 0.0 0.0 0.0
Se 6.105731570015e+00 1.538894804999e+01 1.951046802998e+01 1 1 1 0.0 0.0 0.0
Se 9.105271854795e+00 1.365716265901e+01 1.951046802998e+01 1 1 1 0.0 0.0 0.0
Se 1.210481213957e+01 1.192537726804e+01 1.951046802998e+01 1 1 1 0.0 0.0 0.0
Se 1.510435242435e+01 1.019359187707e+01 1.951046802998e+01 1 1 1 0.0 0.0 0.0
Se 1.810389270913e+01 8.461806486093e+00 1.951046802998e+01 1 1 1 0.0 0.0 0.0
Se 3.106191285236e+00 2.058430422291e+01 1.951046802998e+01 1 1 1 0.0 0.0 0.0
Se 6.105731570015e+00 1.885251883193e+01 1.951046802998e+01 1 1 1 0.0 0.0 0.0
Se 9.105271854795e+00 1.712073344096e+01 1.951046802998e+01 1 1 1 0.0 0.0 0.0
Se 1.210481213957e+01 1.538894804999e+01 1.951046802998e+01 1 1 1 0.0 0.0 0.0
Se 1.510435242435e+01 1.365716265901e+01 1.951046802998e+01 1 1 1 0.0 0.0 0.0
Se 1.810389270913e+01 1.192537726804e+01 1.951046802998e+01 1 1 1 0.0 0.0 0.0
Se 6.105731570015e+00 2.231608961388e+01 1.951046802998e+01 1 1 1 0.0 0.0 0.0
Se 9.105271854795e+00 2.058430422291e+01 1.951046802998e+01 1 1 1 0.0 0.0 0.0
Se 1.210481213957e+01 1.885251883193e+01 1.951046802998e+01 1 1 1 0.0 0.0 0.0
Se 1.510435242435e+01 1.712073344096e+01 1.951046802998e+01 1 1 1 0.0 0.0 0.0
Se 1.810389270913e+01 1.538894804999e+01 1.951046802998e+01 1 1 1 0.0 0.0 0.0
Se 6.105731570015e+00 2.577966039583e+01 1.951046802998e+01 1 1 1 0.0 0.0 0.0
Se 9.105271854795e+00 2.404787500485e+01 1.951046802998e+01 1 1 1 0.0 0.0 0.0
Se 1.210481213957e+01 2.231608961388e+01 1.951046802998e+01 1 1 1 0.0 0.0 0.0
Se 1.510435242435e+01 2.058430422291e+01 1.951046802998e+01 1 1 1 0.0 0.0 0.0
Se 1.810389270913e+01 1.885251883193e+01 1.951046802998e+01 1 1 1 0.0 0.0 0.0
Se 6.105731570015e+00 2.924323117777e+01 1.951046802998e+01 1 1 1 0.0 0.0 0.0
Se 9.105271854795e+00 2.751144578680e+01 1.951046802998e+01 1 1 1 0.0 0.0 0.0
Se 1.210481213957e+01 2.577966039583e+01 1.951046802998e+01 1 1 1 0.0 0.0 0.0
Se 1.510435242435e+01 2.404787500485e+01 1.951046802998e+01 1 1 1 0.0 0.0 0.0
Se 1.810389270913e+01 2.231608961388e+01 1.951046802998e+01 1 1 1 0.0 0.0 0.0
Se 6.105731570015e+00 3.270680195972e+01 1.951046802998e+01 1 1 1 0.0 0.0 0.0
Se 9.105271854795e+00 3.097501656875e+01 1.951046802998e+01 1 1 1 0.0 0.0 0.0
Se 1.210481213957e+01 2.924323117777e+01 1.951046802998e+01 1 1 1 0.0 0.0 0.0
Se 1.510435242435e+01 2.751144578680e+01 1.951046802998e+01 1 1 1 0.0 0.0 0.0
Se 1.810389270913e+01 2.577966039583e+01 1.951046802998e+01 1 1 1 0.0 0.0 0.0
Se 2.110343299391e+01 2.404787500485e+01 1.951046802998e+01 1 1 1 0.0 0.0 0.0
Se 6.105731570015e+00 3.617037274167e+01 1.951046802998e+01 1 1 1 0.0 0.0 0.0
Se 9.105271854795e+00 3.443858735069e+01 1.951046802998e+01 1 1 1 0.0 0.0 0.0
Se 1.210481213957e+01 3.270680195972e+01 1.951046802998e+01 1 1 1 0.0 0.0 0.0
Se 1.510435242435e+01 3.097501656875e+01 1.951046802998e+01 1 1 1 0.0 0.0 0.0
Se 1.810389270913e+01 2.924323117777e+01 1.951046802998e+01 1 1 1 0.0 0.0 0.0
Se 2.110343299391e+01 2.751144578680e+01 1.951046802998e+01 1 1 1 0.0 0.0 0.0
Se 6.105731570015e+00 3.963394352361e+01 1.951046802998e+01 1 1 1 0.0 0.0 0.0
Se 9.105271854795e+00 3.790215813264e+01 1.951046802998e+01 1 1 1 0.0 0.0 0.0
Se 1.210481213957e+01 3.617037274167e+01 1.951046802998e+01 1 1 1 0.0 0.0 0.0
Se 1.510435242435e+01 3.443858735069e+01 1.951046802998e+01 1 1 1 0.0 0.0 0.0
Se 1.810389270913e+01 3.270680195972e+01 1.951046802998e+01 1 1 1 0.0 0.0 0.0
Se 2.110343299391e+01 3.097501656875e+01 1.951046802998e+01 1 1 1 0.0 0.0 0.0
Se 9.105271854795e+00 4.136572891458e+01 1.951046802998e+01 1 1 1 0.0 0.0 0.0
Se 1.210481213957e+01 3.963394352361e+01 1.951046802998e+01 1 1 1 0.0 0.0 0.0
Se 1.510435242435e+01 3.790215813264e+01 1.951046802998e+01 1 1 1 0.0 0.0 0.0
Se 1.810389270913e+01 3.617037274167e+01 1.951046802998e+01 1 1 1 0.0 0.0 0.0
Se 2.110343299391e+01 3.443858735069e+01 1.951046802998e+01 1 1 1 0.0 0.0 0.0
Se 1.510435242435e+01 4.136572891458e+01 1.951046802998e+01 1 1 1 0.0 0.0 0.0
Se 1.810389270913e+01 3.963394352361e+01 1.951046802998e+01 1 1 1 0.0 0.0 0.0
Se 2.110343299391e+01 3.790215813264e+01 1.951046802998e+01 1 1 1 0.0 0.0 0.0
Se 2.110343299391e+01 4.136572891458e+01 1.951046802998e+01 1 1 1 0.0 0.0 0.0
Se 6.920284980345e+00 4.273896613763e+01 3.998930533072e+01 1 1 1 0.0 0.0 0.0
Se 1.466575371655e+00 1.805856896446e+00 3.998930533072e+01 1 1 1 0.0 0.0 0.0
Se 1.073788170643e+01 4.437629050728e+01 3.998930533072e+01 1 1 1 0.0 0.0 0.0
Se 2.011946332524e+00 5.899167820564e+00 3.998930533072e+01 1 1 1 0.0 0.0 0.0
Se 5.284172097738e+00 3.443181266093e+00 3.998930533072e+01 1 1 1 0.0 0.0 0.0
Se 8.556397862952e+00 9.871947116219e-01 3.998930533072e+01 1 1 1 0.0 0.0 0.0
Se 1.782770419772e+01 4.355762832246e+01 3.998930533072e+01 1 1 1 0.0 0.0 0.0
Se 2.557317293393e+00 9.992478744683e+00 3.998930533072e+01 1 1 1 0.0 0.0 0.0
Se 5.829543058607e+00 7.536492190212e+00 3.998930533072e+01 1 1 1 0.0 0.0 0.0
Se 9.101768823821e+00 5.080505635741e+00 3.998930533072e+01 1 1 1 0.0 0.0 0.0
Se 1.237399458903e+01 2.624519081269e+00 3.998930533072e+01 1 1 1 0.0 0.0 0.0
Se 1.564622035425e+01 1.685325267982e-01 3.998930533072e+01 1 1 1 0.0 0.0 0.0
Se 3.102688254262e+00 1.408578966880e+01 3.998930533072e+01 1 1 1 0.0 0.0 0.0
Se 6.374914019476e+00 1.162980311433e+01 3.998930533072e+01 1 1 1 0.0 0.0 0.0
Se 9.647139784690e+00 9.173816559859e+00 3.998930533072e+01 1 1 1 0.0 0.0 0.0
Se 1.291936554990e+01 6.717830005388e+00 3.998930533072e+01 1 1 1 0.0 0.0 0.0
Se 1.619159131512e+01 4.261843450917e+00 3.998930533072e+01 1 1 1 0.0 0.0 0.0
Se 3.648059215131e+00 1.817910059292e+01 3.998930533072e+01 1 1 1 0.0 0.0 0.0
Se 6.920284980345e+00 1.572311403845e+01 3.998930533072e+01 1 1 1 0.0 0.0 0.0
Se 1.019251074556e+01 1.326712748398e+01 3.998930533072e+01 1 1 1 0.0 0.0 0.0
Se 1.346473651077e+01 1.081114092951e+01 3.998930533072e+01 1 1 1 0.0 0.0 0.0
Se 1.673696227599e+01 8.355154375035e+00 3.998930533072e+01 1 1 1 0.0 0.0 0.0
Se 4.193430176000e+00 2.227241151704e+01 3.998930533072e+01 1 1 1 0.0 0.0 0.0
Se 7.465655941214e+00 1.981642496257e+01 3.998930533072e+01 1 1 1 0.0 0.0 0.0
Se 1.073788170643e+01 1.736043840810e+01 3.998930533072e+01 1 1 1 0.0 0.0 0.0
Se 1.401010747164e+01 1.490445185363e+01 3.998930533072e+01 1 1 1 0.0 0.0 0.0
Se 1.728233323686e+01 1.244846529915e+01 3.998930533072e+01 1 1 1 0.0 0.0 0.0
Se 4.738801136869e+00 2.636572244116e+01 3.998930533072e+01 1 1 1 0.0 0.0 0.0
Se 8.011026902083e+00 2.390973588669e+01 3.998930533072e+01 1 1 1 0.0 0.0 0.0
Se 1.128325266730e+01 2.145374933222e+01 3.998930533072e+01 1 1 1 0.0 0.0 0.0
Se 1.455547843251e+01 1.899776277774e+01 3.998930533072e+01 1 1 1 0.0 0.0 0.0
Se 1.782770419772e+01 1.654177622327e+01 3.998930533072e+01 1 1 1 0.0 0.0 0.0
Se 5.284172097738e+00 3.045903336528e+01 3.998930533072e+01 1 1 1 0.0 0.0 0.0
Se 8.556397862952e+00 2.800304681080e+01 3.998930533072e+01 1 1 1 0.0 0.0 0.0
Se 1.182862362817e+01 2.554706025633e+01 3.998930533072e+01 1 1 1 0.0 0.0 0.0
Se 1.510084939338e+01 2.309107370186e+01 3.998930533072e+01 1 1 1 0.0 0.0 0.0
Se 1.837307515859e+01 2.063508714739e+01 3.998930533072e+01 1 1 1 0.0 0.0 0.0
Se 5.829543058607e+00 3.455234428939e+01 3.998930533072e+01 1 1 1 0.0 0.0 0.0
Se 9.101768823821e+00 3.209635773492e+01 3.998930533072e+01 1 1 1 0.0 0.0 0.0
Se 1.237399458903e+01 2.964037118045e+01 3.998930533072e+01 1 1 1 0.0 0.0 0.0
Se 1.564622035425e+01 2.718438462598e+01 3.998930533072e+01 1 1 1 0.0 0.0 0.0
Se 1.891844611946e+01 2.472839807151e+01 3.998930533072e+01 1 1 1 0.0 0.0 0.0
Se 6.374914019476e+00 3.864565521351e+01 3.998930533072e+01 1 1 1 0.0 0.0 0.0
Se 9.647139784690e+00 3.618966865904e+01 3.998930533072e+01 1 1 1 0.0 0.0 0.0
Se 1.291936554990e+01 3.373368210457e+01 3.998930533072e+01 1 1 1 0.0 0.0 0.0
Se 1.619159131512e+01 3.127769555010e+01 3.998930533072e+01 1 1 1 0.0 0.0 0.0
Se 1.946381708033e+01 2.882170899563e+01 3.998930533072e+01 1 1 1 0.0 0.0 0.0
Se 1.019251074556e+01 4.028297958316e+01 3.998930533072e+01 1 1 1 0.0 0.0 0.0
Se 1.346473651077e+01 3.782699302869e+01 3.998930533072e+01 1 1 1 0.0 0.0 0.0
Se 1.673696227599e+01 3.537100647422e+01 3.998930533072e+01 1 1 1 0.0 0.0 0.0
Se 2.000918804120e+01 3.291501991975e+01 3.998930533072e+01 1 1 1 0.0 0.0 0.0
Se 1.401010747164e+01 4.192030395281e+01 3.998930533072e+01 1 1 1 0.0 0.0 0.0
Se 1.728233323686e+01 3.946431739834e+01 3.998930533072e+01 1 1 1 0.0 0.0 0.0
Se 2.055455900207e+01 3.700833084387e+01 3.998930533072e+01 1 1 1 0.0 0.0 0.0
Se 2.109992996294e+01 4.110164176798e+01 3.998930533072e+01 1 1 1 0.0 0.0 0.0
Se 6.019835326726e+00 4.488627046109e+01 3.635172086532e+01 1 1 1 0.0 0.0 0.0
Se 5.661257180366e-01 3.953161219903e+00 3.635172086532e+01 1 1 1 0.0 0.0 0.0
Se 3.838351483250e+00 1.497174665432e+00 3.635172086532e+01 1 1 1 0.0 0.0 0.0
Se 1.111496678906e+00 8.046472144021e+00 3.635172086532e+01 1 1 1 0.0 0.0 0.0
Se 4.383722444119e+00 5.590485589550e+00 3.635172086532e+01 1 1 1 0.0 0.0 0.0
Se 7.655948209333e+00 3.134499035079e+00 3.635172086532e+01 1 1 1 0.0 0.0 0.0
Se 1.092817397455e+01 6.785124806079e-01 3.635172086532e+01 1 1 1 0.0 0.0 0.0
Se 1.656867639774e+00 1.213978306814e+01 3.635172086532e+01 1 1 1 0.0 0.0 0.0
Se 4.929093404988e+00 9.683796513669e+00 3.635172086532e+01 1 1 1 0.0 0.0 0.0
Se 8.201319170202e+00 7.227809959198e+00 3.635172086532e+01 1 1 1 0.0 0.0 0.0
Se 1.147354493542e+01 4.771823404727e+00 3.635172086532e+01 1 1 1 0.0 0.0 0.0
Se 1.474577070063e+01 2.315836850255e+00 3.635172086532e+01 1 1 1 0.0 0.0 0.0
Se 2.202238600643e+00 1.623309399226e+01 3.635172086532e+01 1 1 1 0.0 0.0 0.0
Se 5.474464365857e+00 1.377710743779e+01 3.635172086532e+01 1 1 1 0.0 0.0 0.0
Se 8.746690131071e+00 1.132112088332e+01 3.635172086532e+01 1 1 1 0.0 0.0 0.0
Se 1.201891589628e+01 8.865134328845e+00 3.635172086532e+01 1 1 1 0.0 0.0 0.0
Se 1.529114166150e+01 6.409147774374e+00 3.635172086532e+01 1 1 1 0.0 0.0 0.0
Se 2.747609561512e+00 2.032640491638e+01 3.635172086532e+01 1 1 1 0.0 0.0 0.0
Se 6.019835326726e+00 1.787041836191e+01 3.635172086532e+01 1 1 1 0.0 0.0 0.0
Se 9.292061091940e+00 1.541443180743e+01 3.635172086532e+01 1 1 1 0.0 0.0 0.0
Se 1.256428685715e+01 1.295844525296e+01 3.635172086532e+01 1 1 1 0.0 0.0 0.0
Se 1.583651262237e+01 1.050245869849e+01 3.635172086532e+01 1 1 1 0.0 0.0 0.0
Se 3.292980522381e+00 2.441971584050e+01 3.635172086532e+01 1 1 1 0.0 0.0 0.0
Se 6.565206287595e+00 2.196372928602e+01 3.635172086532e+01 1 1 1 0.0 0.0 0.0
Se 9.837432052809e+00 1.950774273155e+01 3.635172086532e+01 1 1 1 0.0 0.0 0.0
Se 1.310965781802e+01 1.705175617708e+01 3.635172086532e+01 1 1 1 0.0 0.0 0.0
Se 1.638188358324e+01 1.459576962261e+01 3.635172086532e+01 1 1 1 0.0 0.0 0.0
Se 3.838351483250e+00 2.851302676461e+01 3.635172086532e+01 1 1 1 0.0 0.0 0.0
Se 7.110577248464e+00 2.605704021014e+01 3.635172086532e+01 1 1 1 0.0 0.0 0.0
Se 1.038280301368e+01 2.360105365567e+01 3.635172086532e+01 1 1 1 0.0 0.0 0.0
Se 1.365502877889e+01 2.114506710120e+01 3.635172086532e+01 1 1 1 0.0 0.0 0.0
Se 1.692725454411e+01 1.868908054673e+01 3.635172086532e+01 1 1 1 0.0 0.0 0.0
Se 4.383722444119e+00 3.260633768873e+01 3.635172086532e+01 1 1 1 0.0 0.0 0.0
Se 7.655948209333e+00 3.015035113426e+01 3.635172086532e+01 1 1 1 0.0 0.0 0.0
Se 1.092817397455e+01 2.769436457979e+01 3.635172086532e+01 1 1 1 0.0 0.0 0.0
Se 1.420039973976e+01 2.523837802532e+01 3.635172086532e+01 1 1 1 0.0 0.0 0.0
Se 1.747262550497e+01 2.278239147085e+01 3.635172086532e+01 1 1 1 0.0 0.0 0.0
Se 4.929093404988e+00 3.669964861285e+01 3.635172086532e+01 1 1 1 0.0 0.0 0.0
Se 8.201319170202e+00 3.424366205838e+01 3.635172086532e+01 1 1 1 0.0 0.0 0.0
Se 1.147354493542e+01 3.178767550391e+01 3.635172086532e+01 1 1 1 0.0 0.0 0.0
Se 1.474577070063e+01 2.933168894944e+01 3.635172086532e+01 1 1 1 0.0 0.0 0.0
Se 1.801799646584e+01 2.687570239497e+01 3.635172086532e+01 1 1 1 0.0 0.0 0.0
Se 5.474464365857e+00 4.079295953697e+01 3.635172086532e+01 1 1 1 0.0 0.0 0.0
Se 8.746690131071e+00 3.833697298250e+01 3.635172086532e+01 1 1 1 0.0 0.0 0.0
Se 1.201891589628e+01 3.588098642803e+01 3.635172086532e+01 1 1 1 0.0 0.0 0.0
Se 1.529114166150e+01 3.342499987356e+01 3.635172086532e+01 1 1 1 0.0 0.0 0.0
Se 1.856336742671e+01 3.096901331909e+01 3.635172086532e+01 1 1 1 0.0 0.0 0.0
Se 9.292061091940e+00 4.243028390662e+01 3.635172086532e+01 1 1 1 0.0 0.0 0.0
Se 1.256428685715e+01 3.997429735215e+01 3.635172086532e+01 1 1 1 0.0 0.0 0.0
Se 1.583651262237e+01 3.751831079768e+01 3.635172086532e+01 1 1 1 0.0 0.0 0.0
Se 1.910873838758e+01 3.506232424320e+01 3.635172086532e+01 1 1 1 0.0 0.0 0.0
Se 1.310965781802e+01 4.406760827627e+01 3.635172086532e+01 1 1 1 0.0 0.0 0.0
Se 1.638188358324e+01 4.161162172179e+01 3.635172086532e+01 1 1 1 0.0 0.0 0.0
Se 1.965410934845e+01 3.915563516732e+01 3.635172086532e+01 1 1 1 0.0 0.0 0.0
Se 2.019948030932e+01 4.324894609144e+01 3.635172086532e+01 1 1 1 0.0 0.0 0.0
Se 8.371416538810e+00 4.461857355852e+01 3.271820175121e+01 1 1 1 0.0 0.0 0.0
Se 2.917706930120e+00 3.685464317334e+00 3.271820175121e+01 1 1 1 0.0 0.0 0.0
Se 6.189932695334e+00 1.229477762863e+00 3.271820175121e+01 1 1 1 0.0 0.0 0.0
Se 3.463077890989e+00 7.778775241453e+00 3.271820175121e+01 1 1 1 0.0 0.0 0.0
Se 6.735303656203e+00 5.322788686981e+00 3.271820175121e+01 1 1 1 0.0 0.0 0.0
Se 1.000752942142e+01 2.866802132510e+00 3.271820175121e+01 1 1 1 0.0 0.0 0.0
Se 1.327975518663e+01 4.108155780390e-01 3.271820175121e+01 1 1 1 0.0 0.0 0.0
Se 4.008448851858e+00 1.187208616557e+01 3.271820175121e+01 1 1 1 0.0 0.0 0.0
Se 7.280674617072e+00 9.416099611100e+00 3.271820175121e+01 1 1 1 0.0 0.0 0.0
Se 1.055290038229e+01 6.960113056629e+00 3.271820175121e+01 1 1 1 0.0 0.0 0.0
Se 1.382512614750e+01 4.504126502158e+00 3.271820175121e+01 1 1 1 0.0 0.0 0.0
Se 1.709735191271e+01 2.048139947686e+00 3.271820175121e+01 1 1 1 0.0 0.0 0.0
Se 4.553819812727e+00 1.596539708969e+01 3.271820175121e+01 1 1 1 0.0 0.0 0.0
Se 7.826045577941e+00 1.350941053522e+01 3.271820175121e+01 1 1 1 0.0 0.0 0.0
Se 1.109827134315e+01 1.105342398075e+01 3.271820175121e+01 1 1 1 0.0 0.0 0.0
Se 1.437049710837e+01 8.597437426276e+00 3.271820175121e+01 1 1 1 0.0 0.0 0.0
Se 1.764272287358e+01 6.141450871805e+00 3.271820175121e+01 1 1 1 0.0 0.0 0.0
Se 5.099190773596e+00 2.005870801381e+01 3.271820175121e+01 1 1 1 0.0 0.0 0.0
Se 8.371416538810e+00 1.760272145934e+01 3.271820175121e+01 1 1 1 0.0 0.0 0.0
Se 1.164364230402e+01 1.514673490487e+01 3.271820175121e+01 1 1 1 0.0 0.0 0.0
Se 1.491586806924e+01 1.269074835039e+01 3.271820175121e+01 1 1 1 0.0 0.0 0.0
Se 1.818809383445e+01 1.023476179592e+01 3.271820175121e+01 1 1 1 0.0 0.0 0.0
Se 5.644561734465e+00 2.415201893793e+01 3.271820175121e+01 1 1 1 0.0 0.0 0.0
Se 8.916787499679e+00 2.169603238346e+01 3.271820175121e+01 1 1 1 0.0 0.0 0.0
Se 1.218901326489e+01 1.924004582898e+01 3.271820175121e+01 1 1 1 0.0 0.0 0.0
Se 1.546123903011e+01 1.678405927451e+01 3.271820175121e+01 1 1 1 0.0 0.0 0.0
Se 1.873346479532e+01 1.432807272004e+01 3.271820175121e+01 1 1 1 0.0 0.0 0.0
Se 6.189932695334e+00 2.824532986205e+01 3.271820175121e+01 1 1 1 0.0 0.0 0.0
Se 9.462158460548e+00 2.578934330757e+01 3.271820175121e+01 1 1 1 0.0 0.0 0.0
Se 1.273438422576e+01 2.333335675310e+01 3.271820175121e+01 1 1 1 0.0 0.0 0.0
Se 1.600660999098e+01 2.087737019863e+01 3.271820175121e+01 1 1 1 0.0 0.0 0.0
Se 1.927883575619e+01 1.842138364416e+01 3.271820175121e+01 1 1 1 0.0 0.0 0.0
Se 6.735303656203e+00 3.233864078616e+01 3.271820175121e+01 1 1 1 0.0 0.0 0.0
Se 1.000752942142e+01 2.988265423169e+01 3.271820175121e+01 1 1 1 0.0 0.0 0.0
Se 1.327975518663e+01 2.742666767722e+01 3.271820175121e+01 1 1 1 0.0 0.0 0.0
Se 1.655198095184e+01 2.497068112275e+01 3.271820175121e+01 1 1 1 0.0 0.0 0.0
Se 1.982420671706e+01 2.251469456828e+01 3.271820175121e+01 1 1 1 0.0 0.0 0.0
Se 7.280674617072e+00 3.643195171028e+01 3.271820175121e+01 1 1 1 0.0 0.0 0.0
Se 1.055290038229e+01 3.397596515581e+01 3.271820175121e+01 1 1 1 0.0 0.0 0.0
Se 1.382512614750e+01 3.151997860134e+01 3.271820175121e+01 1 1 1 0.0 0.0 0.0
Se 1.709735191271e+01 2.906399204687e+01 3.271820175121e+01 1 1 1 0.0 0.0 0.0
Se 2.036957767793e+01 2.660800549240e+01 3.271820175121e+01 1 1 1 0.0 0.0 0.0
Se 7.826045577941e+00 4.052526263440e+01 3.271820175121e+01 1 1 1 0.0 0.0 0.0
Se 1.109827134315e+01 3.806927607993e+01 3.271820175121e+01 1 1 1 0.0 0.0 0.0
Se 1.437049710837e+01 3.561328952546e+01 3.271820175121e+01 1 1 1 0.0 0.0 0.0
Se 1.764272287358e+01 3.315730297099e+01 3.271820175121e+01 1 1 1 0.0 0.0 0.0
Se 2.091494863880e+01 3.070131641652e+01 3.271820175121e+01 1 1 1 0.0 0.0 0.0
Se 1.164364230402e+01 4.216258700405e+01 3.271820175121e+01 1 1 1 0.0 0.0 0.0
Se 1.491586806924e+01 3.970660044958e+01 3.271820175121e+01 1 1 1 0.0 0.0 0.0
Se 1.818809383445e+01 3.725061389511e+01 3.271820175121e+01 1 1 1 0.0 0.0 0.0
Se 2.146031959966e+01 3.479462734064e+01 3.271820175121e+01 1 1 1 0.0 0.0 0.0
Se 1.546123903011e+01 4.379991137370e+01 3.271820175121e+01 1 1 1 0.0 0.0 0.0
Se 1.873346479532e+01 4.134392481923e+01 3.271820175121e+01 1 1 1 0.0 0.0 0.0
Se 2.200569056053e+01 3.888793826475e+01 3.271820175121e+01 1 1 1 0.0 0.0 0.0
Se 2.255106152140e+01 4.298124918887e+01 3.271820175121e+01 1 1 1 0.0 0.0 0.0
Se 2.394431708497e+01 4.484860384906e+01 2.995146533993e+01 1 1 1 0.0 0.0 0.0
Se 1.849060747628e+01 3.915494607876e+00 2.995146533993e+01 1 1 1 0.0 0.0 0.0
Se 3.765591532822e+00 1.459508053405e+00 2.995146533993e+01 1 1 1 0.0 0.0 0.0
Se 1.903597843715e+01 8.008805531995e+00 2.995146533993e+01 1 1 1 0.0 0.0 0.0
Se 4.310962493691e+00 5.552818977524e+00 2.995146533993e+01 1 1 1 0.0 0.0 0.0
Se 7.583188258904e+00 3.096832423052e+00 2.995146533993e+01 1 1 1 0.0 0.0 0.0
Se 1.085541402412e+01 6.408458685813e-01 2.995146533993e+01 1 1 1 0.0 0.0 0.0
Se 1.958134939802e+01 1.210211645611e+01 2.995146533993e+01 1 1 1 0.0 0.0 0.0
Se 4.856333454560e+00 9.646129901642e+00 2.995146533993e+01 1 1 1 0.0 0.0 0.0
Se 8.128559219773e+00 7.190143347171e+00 2.995146533993e+01 1 1 1 0.0 0.0 0.0
Se 1.140078498499e+01 4.734156792700e+00 2.995146533993e+01 1 1 1 0.0 0.0 0.0
Se 1.467301075020e+01 2.278170238229e+00 2.995146533993e+01 1 1 1 0.0 0.0 0.0
Se 2.012672035889e+01 1.619542738023e+01 2.995146533993e+01 1 1 1 0.0 0.0 0.0
Se 5.401704415429e+00 1.373944082576e+01 2.995146533993e+01 1 1 1 0.0 0.0 0.0
Se 8.673930180642e+00 1.128345427129e+01 2.995146533993e+01 1 1 1 0.0 0.0 0.0
Se 1.194615594586e+01 8.827467716819e+00 2.995146533993e+01 1 1 1 0.0 0.0 0.0
Se 1.521838171107e+01 6.371481162347e+00 2.995146533993e+01 1 1 1 0.0 0.0 0.0
Se 2.067209131976e+01 2.028873830435e+01 2.995146533993e+01 1 1 1 0.0 0.0 0.0
Se 5.947075376297e+00 1.783275174988e+01 2.995146533993e+01 1 1 1 0.0 0.0 0.0
Se 9.219301141511e+00 1.537676519541e+01 2.995146533993e+01 1 1 1 0.0 0.0 0.0
Se 1.249152690672e+01 1.292077864094e+01 2.995146533993e+01 1 1 1 0.0 0.0 0.0
Se 1.576375267194e+01 1.046479208647e+01 2.995146533993e+01 1 1 1 0.0 0.0 0.0
Se 2.121746228063e+01 2.438204922847e+01 2.995146533993e+01 1 1 1 0.0 0.0 0.0
Se 6.492446337166e+00 2.192606267400e+01 2.995146533993e+01 1 1 1 0.0 0.0 0.0
Se 9.764672102380e+00 1.947007611953e+01 2.995146533993e+01 1 1 1 0.0 0.0 0.0
Se 1.303689786759e+01 1.701408956506e+01 2.995146533993e+01 1 1 1 0.0 0.0 0.0
Se 1.630912363281e+01 1.455810301058e+01 2.995146533993e+01 1 1 1 0.0 0.0 0.0
Se 2.176283324150e+01 2.847536015259e+01 2.995146533993e+01 1 1 1 0.0 0.0 0.0
Se 7.037817298035e+00 2.601937359812e+01 2.995146533993e+01 1 1 1 0.0 0.0 0.0
Se 1.031004306325e+01 2.356338704365e+01 2.995146533993e+01 1 1 1 0.0 0.0 0.0
Se 1.358226882846e+01 2.110740048917e+01 2.995146533993e+01 1 1 1 0.0 0.0 0.0
Se 1.685449459368e+01 1.865141393470e+01 2.995146533993e+01 1 1 1 0.0 0.0 0.0
Se 2.230820420237e+01 3.256867107671e+01 2.995146533993e+01 1 1 1 0.0 0.0 0.0
Se 7.583188258904e+00 3.011268452224e+01 2.995146533993e+01 1 1 1 0.0 0.0 0.0
Se 1.085541402412e+01 2.765669796776e+01 2.995146533993e+01 1 1 1 0.0 0.0 0.0
Se 1.412763978933e+01 2.520071141329e+01 2.995146533993e+01 1 1 1 0.0 0.0 0.0
Se 1.739986555455e+01 2.274472485882e+01 2.995146533993e+01 1 1 1 0.0 0.0 0.0
Se 2.285357516324e+01 3.666198200083e+01 2.995146533993e+01 1 1 1 0.0 0.0 0.0
Se 8.128559219773e+00 3.420599544635e+01 2.995146533993e+01 1 1 1 0.0 0.0 0.0
Se 1.140078498499e+01 3.175000889188e+01 2.995146533993e+01 1 1 1 0.0 0.0 0.0
Se 1.467301075020e+01 2.929402233741e+01 2.995146533993e+01 1 1 1 0.0 0.0 0.0
Se 1.794523651541e+01 2.683803578294e+01 2.995146533993e+01 1 1 1 0.0 0.0 0.0
Se 2.339894612410e+01 4.075529292494e+01 2.995146533993e+01 1 1 1 0.0 0.0 0.0
Se 8.673930180642e+00 3.829930637047e+01 2.995146533993e+01 1 1 1 0.0 0.0 0.0
Se 1.194615594586e+01 3.584331981600e+01 2.995146533993e+01 1 1 1 0.0 0.0 0.0
Se 1.521838171107e+01 3.338733326153e+01 2.995146533993e+01 1 1 1 0.0 0.0 0.0
Se 1.849060747628e+01 3.093134670706e+01 2.995146533993e+01 1 1 1 0.0 0.0 0.0
Se 9.219301141511e+00 4.239261729459e+01 2.995146533993e+01 1 1 1 0.0 0.0 0.0
Se 1.249152690672e+01 3.993663074012e+01 2.995146533993e+01 1 1 1 0.0 0.0 0.0
Se 1.576375267194e+01 3.748064418565e+01 2.995146533993e+01 1 1 1 0.0 0.0 0.0
Se 1.903597843715e+01 3.502465763118e+01 2.995146533993e+01 1 1 1 0.0 0.0 0.0
Se 1.303689786759e+01 4.402994166424e+01 2.995146533993e+01 1 1 1 0.0 0.0 0.0
Se 1.630912363281e+01 4.157395510977e+01 2.995146533993e+01 1 1 1 0.0 0.0 0.0
Se 1.958134939802e+01 3.911796855530e+01 2.995146533993e+01 1 1 1 0.0 0.0 0.0
Se 2.012672035889e+01 4.321127947942e+01 2.995146533993e+01 1 1 1 0.0 0.0 0.0
Se 8.295723149656e+00 4.458840763183e+01 2.633360299309e+01 1 1 1 0.0 0.0 0.0
Se 2.842013540966e+00 3.655298390639e+00 2.633360299309e+01 1 1 1 0.0 0.0 0.0
Se 6.114239306180e+00 1.199311836168e+00 2.633360299309e+01 1 1 1 0.0 0.0 0.0
Se 3.387384501835e+00 7.748609314758e+00 2.633360299309e+01 1 1 1 0.0 0.0 0.0
Se 6.659610267049e+00 5.292622760286e+00 2.633360299309e+01 1 1 1 0.0 0.0 0.0
Se 9.931836032263e+00 2.836636205815e+00 2.633360299309e+01 1 1 1 0.0 0.0 0.0
Se 1.320406179748e+01 3.806496513440e-01 2.633360299309e+01 1 1 1 0.0 0.0 0.0
Se 3.932755462704e+00 1.184192023888e+01 2.633360299309e+01 1 1 1 0.0 0.0 0.0
Se 7.204981227918e+00 9.385933684405e+00 2.633360299309e+01 1 1 1 0.0 0.0 0.0
Se 1.047720699313e+01 6.929947129934e+00 2.633360299309e+01 1 1 1 0.0 0.0 0.0
Se 1.374943275835e+01 4.473960575463e+00 2.633360299309e+01 1 1 1 0.0 0.0 0.0
Se 1.702165852356e+01 2.017974020991e+00 2.633360299309e+01 1 1 1 0.0 0.0 0.0
Se 4.478126423573e+00 1.593523116299e+01 2.633360299309e+01 1 1 1 0.0 0.0 0.0
Se 7.750352188787e+00 1.347924460852e+01 2.633360299309e+01 1 1 1 0.0 0.0 0.0
Se 1.102257795400e+01 1.102325805405e+01 2.633360299309e+01 1 1 1 0.0 0.0 0.0
Se 1.429480371921e+01 8.567271499581e+00 2.633360299309e+01 1 1 1 0.0 0.0 0.0
Se 1.756702948443e+01 6.111284945110e+00 2.633360299309e+01 1 1 1 0.0 0.0 0.0
Se 5.023497384442e+00 2.002854208711e+01 2.633360299309e+01 1 1 1 0.0 0.0 0.0
Se 8.295723149656e+00 1.757255553264e+01 2.633360299309e+01 1 1 1 0.0 0.0 0.0
Se 1.156794891487e+01 1.511656897817e+01 2.633360299309e+01 1 1 1 0.0 0.0 0.0
Se 1.484017468008e+01 1.266058242370e+01 2.633360299309e+01 1 1 1 0.0 0.0 0.0
Se 1.811240044530e+01 1.020459586923e+01 2.633360299309e+01 1 1 1 0.0 0.0 0.0
Se 5.568868345311e+00 2.412185301123e+01 2.633360299309e+01 1 1 1 0.0 0.0 0.0
Se 8.841094110525e+00 2.166586645676e+01 2.633360299309e+01 1 1 1 0.0 0.0 0.0
Se 1.211331987574e+01 1.920987990229e+01 2.633360299309e+01 1 1 1 0.0 0.0 0.0
Se 1.538554564095e+01 1.675389334782e+01 2.633360299309e+01 1 1 1 0.0 0.0 0.0
Se 1.865777140617e+01 1.429790679335e+01 2.633360299309e+01 1 1 1 0.0 0.0 0.0
Se 6.114239306180e+00 2.821516393535e+01 2.633360299309e+01 1 1 1 0.0 0.0 0.0
Se 9.386465071394e+00 2.575917738088e+01 2.633360299309e+01 1 1 1 0.0 0.0 0.0
Se 1.265869083661e+01 2.330319082641e+01 2.633360299309e+01 1 1 1 0.0 0.0 0.0
Se 1.593091660182e+01 2.084720427194e+01 2.633360299309e+01 1 1 1 0.0 0.0 0.0
Se 1.920314236704e+01 1.839121771747e+01 2.633360299309e+01 1 1 1 0.0 0.0 0.0
Se 6.659610267049e+00 3.230847485947e+01 2.633360299309e+01 1 1 1 0.0 0.0 0.0
Se 9.931836032263e+00 2.985248830500e+01 2.633360299309e+01 1 1 1 0.0 0.0 0.0
Se 1.320406179748e+01 2.739650175053e+01 2.633360299309e+01 1 1 1 0.0 0.0 0.0
Se 1.647628756269e+01 2.494051519606e+01 2.633360299309e+01 1 1 1 0.0 0.0 0.0
Se 1.974851332790e+01 2.248452864158e+01 2.633360299309e+01 1 1 1 0.0 0.0 0.0
Se 7.204981227918e+00 3.640178578359e+01 2.633360299309e+01 1 1 1 0.0 0.0 0.0
Se 1.047720699313e+01 3.394579922912e+01 2.633360299309e+01 1 1 1 0.0 0.0 0.0
Se 1.374943275835e+01 3.148981267465e+01 2.633360299309e+01 1 1 1 0.0 0.0 0.0
Se 1.702165852356e+01 2.903382612017e+01 2.633360299309e+01 1 1 1 0.0 0.0 0.0
Se 2.029388428877e+01 2.657783956570e+01 2.633360299309e+01 1 1 1 0.0 0.0 0.0
Se 7.750352188787e+00 4.049509670771e+01 2.633360299309e+01 1 1 1 0.0 0.0 0.0
Se 1.102257795400e+01 3.803911015324e+01 2.633360299309e+01 1 1 1 0.0 0.0 0.0
Se 1.429480371921e+01 3.558312359876e+01 2.633360299309e+01 1 1 1 0.0 0.0 0.0
Se 1.756702948443e+01 3.312713704429e+01 2.633360299309e+01 1 1 1 0.0 0.0 0.0
Se 2.083925524964e+01 3.067115048982e+01 2.633360299309e+01 1 1 1 0.0 0.0 0.0
Se 1.156794891487e+01 4.213242107735e+01 2.633360299309e+01 1 1 1 0.0 0.0 0.0
Se 1.484017468008e+01 3.967643452288e+01 2.633360299309e+01 1 1 1 0.0 0.0 0.0
Se 1.811240044530e+01 3.722044796841e+01 2.633360299309e+01 1 1 1 0.0 0.0 0.0
Se 2.138462621051e+01 3.476446141394e+01 2.633360299309e+01 1 1 1 0.0 0.0 0.0
Se 1.538554564095e+01 4.376974544700e+01 2.633360299309e+01 1 1 1 0.0 0.0 0.0
Se 1.865777140617e+01 4.131375889253e+01 2.633360299309e+01 1 1 1 0.0 0.0 0.0
Se 2.192999717138e+01 3.885777233806e+01 2.633360299309e+01 1 1 1 0.0 0.0 0.0
Se 2.247536813225e+01 4.295108326218e+01 2.633360299309e+01 1 1 1 0.0 0.0 0.0
Se 6.841931659581e+00 4.269195914608e+01 2.271046802998e+01 1 1 1 0.0 0.0 0.0
Se 1.388222050891e+00 1.758849904893e+00 2.271046802998e+01 1 1 1 0.0 0.0 0.0
Se 1.065952838566e+01 4.432928351573e+01 2.271046802998e+01 1 1 1 0.0 0.0 0.0
Se 1.933593011760e+00 5.852160829012e+00 2.271046802998e+01 1 1 1 0.0 0.0 0.0
Se 5.205818776974e+00 3.396174274540e+00 2.271046802998e+01 1 1 1 0.0 0.0 0.0
Se 8.478044542188e+00 9.401877200692e-01 2.271046802998e+01 1 1 1 0.0 0.0 0.0
Se 1.774935087696e+01 4.351062133090e+01 2.271046802998e+01 1 1 1 0.0 0.0 0.0
Se 2.478963972629e+00 9.945471753130e+00 2.271046802998e+01 1 1 1 0.0 0.0 0.0
Se 5.751189737843e+00 7.489485198659e+00 2.271046802998e+01 1 1 1 0.0 0.0 0.0
Se 9.023415503057e+00 5.033498644188e+00 2.271046802998e+01 1 1 1 0.0 0.0 0.0
Se 1.229564126827e+01 2.577512089717e+00 2.271046802998e+01 1 1 1 0.0 0.0 0.0
Se 1.556786703348e+01 1.215255352455e-01 2.271046802998e+01 1 1 1 0.0 0.0 0.0
Se 3.024334933498e+00 1.403878267725e+01 2.271046802998e+01 1 1 1 0.0 0.0 0.0
Se 6.296560698712e+00 1.158279612278e+01 2.271046802998e+01 1 1 1 0.0 0.0 0.0
Se 9.568786463926e+00 9.126809568307e+00 2.271046802998e+01 1 1 1 0.0 0.0 0.0
Se 1.284101222914e+01 6.670823013835e+00 2.271046802998e+01 1 1 1 0.0 0.0 0.0
Se 1.611323799435e+01 4.214836459364e+00 2.271046802998e+01 1 1 1 0.0 0.0 0.0
Se 3.569705894367e+00 1.813209360137e+01 2.271046802998e+01 1 1 1 0.0 0.0 0.0
Se 6.841931659581e+00 1.567610704690e+01 2.271046802998e+01 1 1 1 0.0 0.0 0.0
Se 1.011415742479e+01 1.322012049243e+01 2.271046802998e+01 1 1 1 0.0 0.0 0.0
Se 1.338638319001e+01 1.076413393795e+01 2.271046802998e+01 1 1 1 0.0 0.0 0.0
Se 1.665860895522e+01 8.308147383483e+00 2.271046802998e+01 1 1 1 0.0 0.0 0.0
Se 4.115076855236e+00 2.222540452549e+01 2.271046802998e+01 1 1 1 0.0 0.0 0.0
Se 7.387302620450e+00 1.976941797101e+01 2.271046802998e+01 1 1 1 0.0 0.0 0.0
Se 1.065952838566e+01 1.731343141654e+01 2.271046802998e+01 1 1 1 0.0 0.0 0.0
Se 1.393175415088e+01 1.485744486207e+01 2.271046802998e+01 1 1 1 0.0 0.0 0.0
Se 1.720397991609e+01 1.240145830760e+01 2.271046802998e+01 1 1 1 0.0 0.0 0.0
Se 4.660447816105e+00 2.631871544960e+01 2.271046802998e+01 1 1 1 0.0 0.0 0.0
Se 7.932673581319e+00 2.386272889513e+01 2.271046802998e+01 1 1 1 0.0 0.0 0.0
Se 1.120489934653e+01 2.140674234066e+01 2.271046802998e+01 1 1 1 0.0 0.0 0.0
Se 1.447712511175e+01 1.895075578619e+01 2.271046802998e+01 1 1 1 0.0 0.0 0.0
Se 1.774935087696e+01 1.649476923172e+01 2.271046802998e+01 1 1 1 0.0 0.0 0.0
Se 5.205818776974e+00 3.041202637372e+01 2.271046802998e+01 1 1 1 0.0 0.0 0.0
Se 8.478044542188e+00 2.795603981925e+01 2.271046802998e+01 1 1 1 0.0 0.0 0.0
Se 1.175027030740e+01 2.550005326478e+01 2.271046802998e+01 1 1 1 0.0 0.0 0.0
Se 1.502249607262e+01 2.304406671031e+01 2.271046802998e+01 1 1 1 0.0 0.0 0.0
Se 1.829472183783e+01 2.058808015584e+01 2.271046802998e+01 1 1 1 0.0 0.0 0.0
Se 5.751189737843e+00 3.450533729784e+01 2.271046802998e+01 1 1 1 0.0 0.0 0.0
Se 9.023415503057e+00 3.204935074337e+01 2.271046802998e+01 1 1 1 0.0 0.0 0.0
Se 1.229564126827e+01 2.959336418890e+01 2.271046802998e+01 1 1 1 0.0 0.0 0.0
Se 1.556786703348e+01 2.713737763443e+01 2.271046802998e+01 1 1 1 0.0 0.0 0.0
Se 1.884009279870e+01 2.468139107996e+01 2.271046802998e+01 1 1 1 0.0 0.0 0.0
Se 6.296560698712e+00 3.859864822196e+01 2.271046802998e+01 1 1 1 0.0 0.0 0.0
Se 9.568786463926e+00 3.614266166749e+01 2.271046802998e+01 1 1 1 0.0 0.0 0.0
Se 1.284101222914e+01 3.368667511302e+01 2.271046802998e+01 1 1 1 0.0 0.0 0.0
Se 1.611323799435e+01 3.123068855855e+01 2.271046802998e+01 1 1 1 0.0 0.0 0.0
Se 1.938546375957e+01 2.877470200408e+01 2.271046802998e+01 1 1 1 0.0 0.0 0.0
Se 1.011415742479e+01 4.023597259161e+01 2.271046802998e+01 1 1 1 0.0 0.0 0.0
Se 1.338638319001e+01 3.777998603714e+01 2.271046802998e+01 1 1 1 0.0 0.0 0.0
Se 1.665860895522e+01 3.532399948267e+01 2.271046802998e+01 1 1 1 0.0 0.0 0.0
Se 1.993083472044e+01 3.286801292819e+01 2.271046802998e+01 1 1 1 0.0 0.0 0.0
Se 1.393175415088e+01 4.187329696126e+01 2.271046802998e+01 1 1 1 0.0 0.0 0.0
Se 1.720397991609e+01 3.941731040678e+01 2.271046802998e+01 1 1 1 0.0 0.0 0.0
Se 2.047620568130e+01 3.696132385231e+01 2.271046802998e+01 1 1 1 0.0 0.0 0.0
Se 2.102157664217e+01 4.105463477643e+01 2.271046802998e+01 1 1 1 0.0 0.0 0.0
"