calculation_mode = "Quench Electrons"
cell_relax = "False"
charge_density_mixing = "0.1"
charge_mixing_type = "Broyden"
description = "Example parameters for high-throughput bulk relaxation of a vdW material"
dos_broading = "0.05"
dos_method = "Gaussian"
energy_convergence_criterion = "1e-10"
energy_output_units = "Hartrees"
kohn_sham_mucycles = "3"
kohn_sham_solver = "davidson"
kpoint_mesh = "1 1 1"
localize_projectors = "False"
max_md_steps = "100"
max_scf_steps = "200"
non_local_block_size = "4000"
potential_acceleration_constant_step = "1.5"
processor_grid = "5 9 16"
rms_convergence_criterion = "1e-08"
scalapack_block_factor = "64"
start_mode = "LCAO Start"
state_block_size = "64"
stress = "True"
subdiag_driver = "scalapack"
use_async_allreduce = "False"
vdw_corr = "DFT-D3"
vdwdf_kernel_filepath = "/lustre/orion/world-shared/cph162/rjmorelock/rmgdft/XC/vdW_kernel_table"
wavefunction_grid = "102 194 378"
write_data_period = "50"

atomic_coordinate_type = "Absolute"
crds_units = "Angstrom"
lattice_units = "Angstrom"

lattice_vector = "
1.199816113912e+01 0.000000000000e+00 7.000000000000e-16
2.999540284779e+00 2.251321008265e+01 1.400000000000e-15
0.000000000000e+00 0.000000000000e+00 4.446241589303e+01
"
atoms = "
Nb 4.011807254078e+00 1.659669530318e+01 1.532833092694e+01 1 1 1 0.0 0.0 0.0
Nb 7.011347538858e+00 1.832848069415e+01 1.532833092694e+01 1 1 1 0.0 0.0 0.0
Nb 4.011807254078e+00 1.313312452123e+01 1.532833092694e+01 1 1 1 0.0 0.0 0.0
Nb 7.011347538858e+00 1.486490991220e+01 1.532833092694e+01 1 1 1 0.0 0.0 0.0
Nb 1.001088782364e+01 1.659669530318e+01 1.532833092694e+01 1 1 1 0.0 0.0 0.0
Nb 1.301042810842e+01 1.832848069415e+01 1.532833092694e+01 1 1 1 0.0 0.0 0.0
Nb 4.011807254078e+00 9.669553739282e+00 1.532833092694e+01 1 1 1 0.0 0.0 0.0
Nb 7.011347538858e+00 1.140133913026e+01 1.532833092694e+01 1 1 1 0.0 0.0 0.0
Nb 1.001088782364e+01 1.313312452123e+01 1.532833092694e+01 1 1 1 0.0 0.0 0.0
Nb 1.301042810842e+01 1.486490991220e+01 1.532833092694e+01 1 1 1 0.0 0.0 0.0
Nb 4.011807254078e+00 6.205982957336e+00 1.532833092694e+01 1 1 1 0.0 0.0 0.0
Nb 7.011347538858e+00 7.937768348309e+00 1.532833092694e+01 1 1 1 0.0 0.0 0.0
Nb 1.001088782364e+01 9.669553739282e+00 1.532833092694e+01 1 1 1 0.0 0.0 0.0
Nb 1.301042810842e+01 1.140133913026e+01 1.532833092694e+01 1 1 1 0.0 0.0 0.0
Nb 4.011807254078e+00 2.742412175389e+00 1.532833092694e+01 1 1 1 0.0 0.0 0.0
Nb 7.011347538858e+00 4.474197566362e+00 1.532833092694e+01 1 1 1 0.0 0.0 0.0
Nb 1.001088782364e+01 6.205982957336e+00 1.532833092694e+01 1 1 1 0.0 0.0 0.0
Nb 1.301042810842e+01 7.937768348309e+00 1.532833092694e+01 1 1 1 0.0 0.0 0.0
Nb 4.011807254078e+00 2.006026608512e+01 1.532833092694e+01 1 1 1 0.0 0.0 0.0
Nb 7.011347538858e+00 2.179205147610e+01 1.532833092694e+01 1 1 1 0.0 0.0 0.0
Nb 7.011347538858e+00 1.010626784416e+00 1.532833092694e+01 1 1 1 0.0 0.0 0.0
Nb 1.001088782364e+01 2.742412175389e+00 1.532833092694e+01 1 1 1 0.0 0.0 0.0
Nb 1.012266969299e+00 4.474197566362e+00 1.532833092694e+01 1 1 1 0.0 0.0 0.0
Nb 1.001088782364e+01 2.006026608512e+01 1.532833092694e+01 1 1 1 0.0 0.0 0.0
Nb 1.301042810842e+01 2.179205147610e+01 1.532833092694e+01 1 1 1 0.0 0.0 0.0
Nb 1.012266969299e+00 1.010626784416e+00 1.532833092694e+01 1 1 1 0.0 0.0 0.0
Nb 4.017536497400e+00 1.658873764154e+01 9.182088683320e+00 1 1 1 0.0 0.0 0.0
Nb 7.017076782179e+00 1.832052303251e+01 9.182088683320e+00 1 1 1 0.0 0.0 0.0
Nb 4.017536497400e+00 1.312516685959e+01 9.182088683320e+00 1 1 1 0.0 0.0 0.0
Nb 7.017076782179e+00 1.485695225057e+01 9.182088683320e+00 1 1 1 0.0 0.0 0.0
Nb 1.001661706696e+01 1.658873764154e+01 9.182088683320e+00 1 1 1 0.0 0.0 0.0
Nb 1.301615735174e+01 1.832052303251e+01 9.182088683320e+00 1 1 1 0.0 0.0 0.0
Nb 4.017536497400e+00 9.661596077647e+00 9.182088683320e+00 1 1 1 0.0 0.0 0.0
Nb 7.017076782179e+00 1.139338146862e+01 9.182088683320e+00 1 1 1 0.0 0.0 0.0
Nb 1.001661706696e+01 1.312516685959e+01 9.182088683320e+00 1 1 1 0.0 0.0 0.0
Nb 1.301615735174e+01 1.485695225057e+01 9.182088683320e+00 1 1 1 0.0 0.0 0.0
Nb 4.017536497400e+00 6.198025295701e+00 9.182088683320e+00 1 1 1 0.0 0.0 0.0
Nb 7.017076782179e+00 7.929810686674e+00 9.182088683320e+00 1 1 1 0.0 0.0 0.0
Nb 1.001661706696e+01 9.661596077647e+00 9.182088683320e+00 1 1 1 0.0 0.0 0.0
Nb 1.301615735174e+01 1.139338146862e+01 9.182088683320e+00 1 1 1 0.0 0.0 0.0
Nb 4.017536497400e+00 2.734454513754e+00 9.182088683320e+00 1 1 1 0.0 0.0 0.0
Nb 7.017076782179e+00 4.466239904727e+00 9.182088683320e+00 1 1 1 0.0 0.0 0.0
Nb 1.001661706696e+01 6.198025295701e+00 9.182088683320e+00 1 1 1 0.0 0.0 0.0
Nb 1.301615735174e+01 7.929810686674e+00 9.182088683320e+00 1 1 1 0.0 0.0 0.0
Nb 4.017536497400e+00 2.005230842349e+01 9.182088683320e+00 1 1 1 0.0 0.0 0.0
Nb 7.017076782179e+00 2.178409381446e+01 9.182088683320e+00 1 1 1 0.0 0.0 0.0
Nb 7.017076782179e+00 1.002669122781e+00 9.182088683320e+00 1 1 1 0.0 0.0 0.0
Nb 1.001661706696e+01 2.734454513754e+00 9.182088683320e+00 1 1 1 0.0 0.0 0.0
Nb 1.017996212621e+00 4.466239904727e+00 9.182088683320e+00 1 1 1 0.0 0.0 0.0
Nb 1.001661706696e+01 2.005230842349e+01 9.182088683320e+00 1 1 1 0.0 0.0 0.0
Nb 1.301615735174e+01 2.178409381446e+01 9.182088683320e+00 1 1 1 0.0 0.0 0.0
Nb 1.017996212621e+00 1.002669122781e+00 9.182088683320e+00 1 1 1 0.0 0.0 0.0
Bi 5.660763817317e+00 2.342758080986e-01 3.532095071834e+01 1 1 1 0.0 0.0 0.0
Bi 1.661376770945e+00 2.342758080986e-01 3.532095071834e+01 1 1 1 0.0 0.0 0.0
Bi 9.660150863689e+00 2.342758080986e-01 3.532095071834e+01 1 1 1 0.0 0.0 0.0
Bi 7.493816213571e+00 3.986477488541e+00 3.532095071834e+01 1 1 1 0.0 0.0 0.0
Bi 3.494429167199e+00 3.986477488541e+00 3.532095071834e+01 1 1 1 0.0 0.0 0.0
Bi 1.149320325994e+01 3.986477488541e+00 3.532095071834e+01 1 1 1 0.0 0.0 0.0
Bi 9.326868609825e+00 7.738679168983e+00 3.532095071834e+01 1 1 1 0.0 0.0 0.0
Bi 5.327481563453e+00 7.738679168983e+00 3.532095071834e+01 1 1 1 0.0 0.0 0.0
Bi 1.328094517080e+00 7.738679168983e+00 3.532095071834e+01 1 1 1 0.0 0.0 0.0
Bi 7.160533959707e+00 1.149088084942e+01 3.532095071834e+01 1 1 1 0.0 0.0 0.0
Bi 3.161146913334e+00 1.149088084942e+01 3.532095071834e+01 1 1 1 0.0 0.0 0.0
Bi 1.115992100608e+01 1.149088084942e+01 3.532095071834e+01 1 1 1 0.0 0.0 0.0
Bi 8.993586355961e+00 1.524308252987e+01 3.532095071834e+01 1 1 1 0.0 0.0 0.0
Bi 4.994199309588e+00 1.524308252987e+01 3.532095071834e+01 1 1 1 0.0 0.0 0.0
Bi 1.299297340233e+01 1.524308252987e+01 3.532095071834e+01 1 1 1 0.0 0.0 0.0
Bi 1.082663875221e+01 1.899528421031e+01 3.532095071834e+01 1 1 1 0.0 0.0 0.0
Bi 6.827251705842e+00 1.899528421031e+01 3.532095071834e+01 1 1 1 0.0 0.0 0.0
Bi 2.827864659470e+00 1.899528421031e+01 3.532095071834e+01 1 1 1 0.0 0.0 0.0
Bi 7.597309845199e+00 1.449200802756e+00 3.133430771007e+01 1 1 1 0.0 0.0 0.0
Bi 3.597922798827e+00 1.449200802756e+00 3.133430771007e+01 1 1 1 0.0 0.0 0.0
Bi 1.159669689157e+01 1.449200802756e+00 3.133430771007e+01 1 1 1 0.0 0.0 0.0
Bi 9.430362241453e+00 5.201402483198e+00 3.133430771007e+01 1 1 1 0.0 0.0 0.0
Bi 5.430975195081e+00 5.201402483198e+00 3.133430771007e+01 1 1 1 0.0 0.0 0.0
Bi 1.431588148708e+00 5.201402483198e+00 3.133430771007e+01 1 1 1 0.0 0.0 0.0
Bi 1.126341463771e+01 8.953604163641e+00 3.133430771007e+01 1 1 1 0.0 0.0 0.0
Bi 7.264027591335e+00 8.953604163641e+00 3.133430771007e+01 1 1 1 0.0 0.0 0.0
Bi 3.264640544962e+00 8.953604163641e+00 3.133430771007e+01 1 1 1 0.0 0.0 0.0
Bi 9.097079987589e+00 1.270580584408e+01 3.133430771007e+01 1 1 1 0.0 0.0 0.0
Bi 5.097692941216e+00 1.270580584408e+01 3.133430771007e+01 1 1 1 0.0 0.0 0.0
Bi 1.309646703396e+01 1.270580584408e+01 3.133430771007e+01 1 1 1 0.0 0.0 0.0
Bi 1.093013238384e+01 1.645800752452e+01 3.133430771007e+01 1 1 1 0.0 0.0 0.0
Bi 6.930745337470e+00 1.645800752452e+01 3.133430771007e+01 1 1 1 0.0 0.0 0.0
Bi 2.931358291098e+00 1.645800752452e+01 3.133430771007e+01 1 1 1 0.0 0.0 0.0
Bi 1.276318478010e+01 2.021020920497e+01 3.133430771007e+01 1 1 1 0.0 0.0 0.0
Bi 8.763797733724e+00 2.021020920497e+01 3.133430771007e+01 1 1 1 0.0 0.0 0.0
Bi 4.764410687352e+00 2.021020920497e+01 3.133430771007e+01 1 1 1 0.0 0.0 0.0
Bi 7.645452537006e+00 1.399155601170e+00 2.529282906773e+01 1 1 1 0.0 0.0 0.0
Bi 3.646065490634e+00 1.399155601170e+00 2.529282906773e+01 1 1 1 0.0 0.0 0.0
Bi 1.164483958338e+01 1.399155601170e+00 2.529282906773e+01 1 1 1 0.0 0.0 0.0
Bi 9.478504933260e+00 5.151357281612e+00 2.529282906773e+01 1 1 1 0.0 0.0 0.0
Bi 5.479117886888e+00 5.151357281612e+00 2.529282906773e+01 1 1 1 0.0 0.0 0.0
Bi 1.479730840516e+00 5.151357281612e+00 2.529282906773e+01 1 1 1 0.0 0.0 0.0
Bi 1.131155732951e+01 8.903558962054e+00 2.529282906773e+01 1 1 1 0.0 0.0 0.0
Bi 7.312170283142e+00 8.903558962054e+00 2.529282906773e+01 1 1 1 0.0 0.0 0.0
Bi 3.312783236770e+00 8.903558962054e+00 2.529282906773e+01 1 1 1 0.0 0.0 0.0
Bi 9.145222679396e+00 1.265576064250e+01 2.529282906773e+01 1 1 1 0.0 0.0 0.0
Bi 5.145835633024e+00 1.265576064250e+01 2.529282906773e+01 1 1 1 0.0 0.0 0.0
Bi 1.314460972577e+01 1.265576064250e+01 2.529282906773e+01 1 1 1 0.0 0.0 0.0
Bi 1.097827507565e+01 1.640796232294e+01 2.529282906773e+01 1 1 1 0.0 0.0 0.0
Bi 6.978888029278e+00 1.640796232294e+01 2.529282906773e+01 1 1 1 0.0 0.0 0.0
Bi 2.979500982905e+00 1.640796232294e+01 2.529282906773e+01 1 1 1 0.0 0.0 0.0
Bi 1.281132747190e+01 2.016016400338e+01 2.529282906773e+01 1 1 1 0.0 0.0 0.0
Bi 8.811940425532e+00 2.016016400338e+01 2.529282906773e+01 1 1 1 0.0 0.0 0.0
Bi 4.812553379159e+00 2.016016400338e+01 2.529282906773e+01 1 1 1 0.0 0.0 0.0
Bi 6.740215849494e+00 2.139825832644e+01 2.132110864621e+01 1 1 1 0.0 0.0 0.0
Bi 1.473898994224e+01 2.139825832644e+01 2.132110864621e+01 1 1 1 0.0 0.0 0.0
Bi 1.073960289587e+01 2.139825832644e+01 2.132110864621e+01 1 1 1 0.0 0.0 0.0
Bi 5.573727960969e+00 2.637249924227e+00 2.132110864621e+01 1 1 1 0.0 0.0 0.0
Bi 1.574340914596e+00 2.637249924227e+00 2.132110864621e+01 1 1 1 0.0 0.0 0.0
Bi 9.573115007341e+00 2.637249924227e+00 2.132110864621e+01 1 1 1 0.0 0.0 0.0
Bi 7.406780357223e+00 6.389451604669e+00 2.132110864621e+01 1 1 1 0.0 0.0 0.0
Bi 3.407393310850e+00 6.389451604669e+00 2.132110864621e+01 1 1 1 0.0 0.0 0.0
Bi 1.140616740359e+01 6.389451604669e+00 2.132110864621e+01 1 1 1 0.0 0.0 0.0
Bi 5.240445707104e+00 1.014165328511e+01 2.132110864621e+01 1 1 1 0.0 0.0 0.0
Bi 1.323921979985e+01 1.014165328511e+01 2.132110864621e+01 1 1 1 0.0 0.0 0.0
Bi 9.239832753477e+00 1.014165328511e+01 2.132110864621e+01 1 1 1 0.0 0.0 0.0
Bi 7.073498103358e+00 1.389385496555e+01 2.132110864621e+01 1 1 1 0.0 0.0 0.0
Bi 3.074111056986e+00 1.389385496555e+01 2.132110864621e+01 1 1 1 0.0 0.0 0.0
Bi 1.107288514973e+01 1.389385496555e+01 2.132110864621e+01 1 1 1 0.0 0.0 0.0
Bi 8.906550499612e+00 1.764605664600e+01 2.132110864621e+01 1 1 1 0.0 0.0 0.0
Bi 4.907163453240e+00 1.764605664600e+01 2.132110864621e+01 1 1 1 0.0 0.0 0.0
Bi 1.290593754598e+01 1.764605664600e+01 2.132110864621e+01 1 1 1 0.0 0.0 0.0
Se 1.401579959691e+01 1.658821243312e+01 7.500000000000e+00 1 1 1 0.0 0.0 0.0
Se 5.017178742570e+00 1.831999782409e+01 7.500000000000e+00 1 1 1 0.0 0.0 0.0
Se 2.017638457791e+00 1.312464165117e+01 7.500000000000e+00 1 1 1 0.0 0.0 0.0
Se 5.017178742570e+00 1.485642704215e+01 7.500000000000e+00 1 1 1 0.0 0.0 0.0
Se 8.016719027349e+00 1.658821243312e+01 7.500000000000e+00 1 1 1 0.0 0.0 0.0
Se 1.101625931213e+01 1.831999782409e+01 7.500000000000e+00 1 1 1 0.0 0.0 0.0
Se 2.017638457791e+00 9.661070869228e+00 7.500000000000e+00 1 1 1 0.0 0.0 0.0
Se 5.017178742570e+00 1.139285626020e+01 7.500000000000e+00 1 1 1 0.0 0.0 0.0
Se 8.016719027349e+00 1.312464165117e+01 7.500000000000e+00 1 1 1 0.0 0.0 0.0
Se 1.101625931213e+01 1.485642704215e+01 7.500000000000e+00 1 1 1 0.0 0.0 0.0
Se 2.017638457791e+00 6.197500087281e+00 7.500000000000e+00 1 1 1 0.0 0.0 0.0
Se 5.017178742570e+00 7.929285478254e+00 7.500000000000e+00 1 1 1 0.0 0.0 0.0
Se 8.016719027349e+00 9.661070869228e+00 7.500000000000e+00 1 1 1 0.0 0.0 0.0
Se 1.101625931213e+01 1.139285626020e+01 7.500000000000e+00 1 1 1 0.0 0.0 0.0
Se 2.017638457791e+00 2.733929305334e+00 7.500000000000e+00 1 1 1 0.0 0.0 0.0
Se 5.017178742570e+00 4.465714696308e+00 7.500000000000e+00 1 1 1 0.0 0.0 0.0
Se 8.016719027349e+00 6.197500087281e+00 7.500000000000e+00 1 1 1 0.0 0.0 0.0
Se 1.101625931213e+01 7.929285478254e+00 7.500000000000e+00 1 1 1 0.0 0.0 0.0
Se 1.401579959691e+01 2.005178321507e+01 7.500000000000e+00 1 1 1 0.0 0.0 0.0
Se 5.017178742570e+00 2.178356860604e+01 7.500000000000e+00 1 1 1 0.0 0.0 0.0
Se 5.017178742570e+00 1.002143914361e+00 7.500000000000e+00 1 1 1 0.0 0.0 0.0
Se 8.016719027349e+00 2.733929305334e+00 7.500000000000e+00 1 1 1 0.0 0.0 0.0
Se 1.101625931213e+01 4.465714696308e+00 7.500000000000e+00 1 1 1 0.0 0.0 0.0
Se 8.016719027349e+00 2.005178321507e+01 7.500000000000e+00 1 1 1 0.0 0.0 0.0
Se 1.101625931213e+01 2.178356860604e+01 7.500000000000e+00 1 1 1 0.0 0.0 0.0
Se 1.101625931213e+01 1.002143914361e+00 7.500000000000e+00 1 1 1 0.0 0.0 0.0
Se 3.011787562652e+00 1.832824941194e+01 1.364602824434e+01 1 1 1 0.0 0.0 0.0
Se 6.011327847431e+00 2.006003480291e+01 1.364602824434e+01 1 1 1 0.0 0.0 0.0
Se 3.011787562652e+00 1.486467862999e+01 1.364602824434e+01 1 1 1 0.0 0.0 0.0
Se 6.011327847431e+00 1.659646402097e+01 1.364602824434e+01 1 1 1 0.0 0.0 0.0
Se 9.010868132210e+00 1.832824941194e+01 1.364602824434e+01 1 1 1 0.0 0.0 0.0
Se 1.201040841699e+01 2.006003480291e+01 1.364602824434e+01 1 1 1 0.0 0.0 0.0
Se 3.011787562652e+00 1.140110784805e+01 1.364602824434e+01 1 1 1 0.0 0.0 0.0
Se 6.011327847431e+00 1.313289323902e+01 1.364602824434e+01 1 1 1 0.0 0.0 0.0
Se 9.010868132210e+00 1.486467862999e+01 1.364602824434e+01 1 1 1 0.0 0.0 0.0
Se 1.201040841699e+01 1.659646402097e+01 1.364602824434e+01 1 1 1 0.0 0.0 0.0
Se 3.011787562652e+00 7.937537066100e+00 1.364602824434e+01 1 1 1 0.0 0.0 0.0
Se 6.011327847431e+00 9.669322457074e+00 1.364602824434e+01 1 1 1 0.0 0.0 0.0
Se 9.010868132210e+00 1.140110784805e+01 1.364602824434e+01 1 1 1 0.0 0.0 0.0
Se 1.201040841699e+01 1.313289323902e+01 1.364602824434e+01 1 1 1 0.0 0.0 0.0
Se 3.011787562652e+00 4.473966284154e+00 1.364602824434e+01 1 1 1 0.0 0.0 0.0
Se 6.011327847431e+00 6.205751675127e+00 1.364602824434e+01 1 1 1 0.0 0.0 0.0
Se 9.010868132210e+00 7.937537066100e+00 1.364602824434e+01 1 1 1 0.0 0.0 0.0
Se 1.201040841699e+01 9.669322457074e+00 1.364602824434e+01 1 1 1 0.0 0.0 0.0
Se 3.011787562652e+00 2.179182019389e+01 1.364602824434e+01 1 1 1 0.0 0.0 0.0
Se 3.011787562652e+00 1.010395502207e+00 1.364602824434e+01 1 1 1 0.0 0.0 0.0
Se 6.011327847431e+00 2.742180893181e+00 1.364602824434e+01 1 1 1 0.0 0.0 0.0
Se 9.010868132210e+00 4.473966284154e+00 1.364602824434e+01 1 1 1 0.0 0.0 0.0
Se 1.201040841699e+01 6.205751675127e+00 1.364602824434e+01 1 1 1 0.0 0.0 0.0
Se 9.010868132210e+00 2.179182019389e+01 1.364602824434e+01 1 1 1 0.0 0.0 0.0
Se 9.010868132210e+00 1.010395502207e+00 1.364602824434e+01 1 1 1 0.0 0.0 0.0
Se 1.201040841699e+01 2.742180893181e+00 1.364602824434e+01 1 1 1 0.0 0.0 0.0
Se 1.401555008983e+01 1.658925930447e+01 1.086443756309e+01 1 1 1 0.0 0.0 0.0
Se 5.016929235497e+00 1.832104469545e+01 1.086443756309e+01 1 1 1 0.0 0.0 0.0
Se 2.017388950718e+00 1.312568852253e+01 1.086443756309e+01 1 1 1 0.0 0.0 0.0
Se 5.016929235497e+00 1.485747391350e+01 1.086443756309e+01 1 1 1 0.0 0.0 0.0
Se 8.016469520276e+00 1.658925930447e+01 1.086443756309e+01 1 1 1 0.0 0.0 0.0
Se 1.101600980506e+01 1.832104469545e+01 1.086443756309e+01 1 1 1 0.0 0.0 0.0
Se 2.017388950718e+00 9.662117740579e+00 1.086443756309e+01 1 1 1 0.0 0.0 0.0
Se 5.016929235497e+00 1.139390313155e+01 1.086443756309e+01 1 1 1 0.0 0.0 0.0
Se 8.016469520276e+00 1.312568852253e+01 1.086443756309e+01 1 1 1 0.0 0.0 0.0
Se 1.101600980506e+01 1.485747391350e+01 1.086443756309e+01 1 1 1 0.0 0.0 0.0
Se 2.017388950718e+00 6.198546958633e+00 1.086443756309e+01 1 1 1 0.0 0.0 0.0
Se 5.016929235497e+00 7.930332349606e+00 1.086443756309e+01 1 1 1 0.0 0.0 0.0
Se 8.016469520276e+00 9.662117740579e+00 1.086443756309e+01 1 1 1 0.0 0.0 0.0
Se 1.101600980506e+01 1.139390313155e+01 1.086443756309e+01 1 1 1 0.0 0.0 0.0
Se 2.017388950718e+00 2.734976176686e+00 1.086443756309e+01 1 1 1 0.0 0.0 0.0
Se 5.016929235497e+00 4.466761567659e+00 1.086443756309e+01 1 1 1 0.0 0.0 0.0
Se 8.016469520276e+00 6.198546958633e+00 1.086443756309e+01 1 1 1 0.0 0.0 0.0
Se 1.101600980506e+01 7.930332349606e+00 1.086443756309e+01 1 1 1 0.0 0.0 0.0
Se 1.401555008983e+01 2.005283008642e+01 1.086443756309e+01 1 1 1 0.0 0.0 0.0
Se 5.016929235497e+00 2.178461547739e+01 1.086443756309e+01 1 1 1 0.0 0.0 0.0
Se 5.016929235497e+00 1.003190785713e+00 1.086443756309e+01 1 1 1 0.0 0.0 0.0
Se 8.016469520276e+00 2.734976176686e+00 1.086443756309e+01 1 1 1 0.0 0.0 0.0
Se 1.101600980506e+01 4.466761567659e+00 1.086443756309e+01 1 1 1 0.0 0.0 0.0
Se 8.016469520276e+00 2.005283008642e+01 1.086443756309e+01 1 1 1 0.0 0.0 0.0
Se 1.101600980506e+01 2.178461547739e+01 1.086443756309e+01 1 1 1 0.0 0.0 0.0
Se 1.101600980506e+01 1.003190785713e+00 1.086443756309e+01 1 1 1 0.0 0.0 0.0
Se 3.011720198388e+00 1.832930522639e+01 1.701046802998e+01 1 1 1 0.0 0.0 0.0
Se 6.011260483167e+00 2.006109061736e+01 1.701046802998e+01 1 1 1 0.0 0.0 0.0
Se 3.011720198388e+00 1.486573444444e+01 1.701046802998e+01 1 1 1 0.0 0.0 0.0
Se 6.011260483167e+00 1.659751983541e+01 1.701046802998e+01 1 1 1 0.0 0.0 0.0
Se 9.010800767947e+00 1.832930522639e+01 1.701046802998e+01 1 1 1 0.0 0.0 0.0
Se 1.201034105273e+01 2.006109061736e+01 1.701046802998e+01 1 1 1 0.0 0.0 0.0
Se 3.011720198388e+00 1.140216366249e+01 1.701046802998e+01 1 1 1 0.0 0.0 0.0
Se 6.011260483167e+00 1.313394905347e+01 1.701046802998e+01 1 1 1 0.0 0.0 0.0
Se 9.010800767947e+00 1.486573444444e+01 1.701046802998e+01 1 1 1 0.0 0.0 0.0
Se 1.201034105273e+01 1.659751983541e+01 1.701046802998e+01 1 1 1 0.0 0.0 0.0
Se 3.011720198388e+00 7.938592880548e+00 1.701046802998e+01 1 1 1 0.0 0.0 0.0
Se 6.011260483167e+00 9.670378271521e+00 1.701046802998e+01 1 1 1 0.0 0.0 0.0
Se 9.010800767947e+00 1.140216366249e+01 1.701046802998e+01 1 1 1 0.0 0.0 0.0
Se 1.201034105273e+01 1.313394905347e+01 1.701046802998e+01 1 1 1 0.0 0.0 0.0
Se 3.011720198388e+00 4.475022098601e+00 1.701046802998e+01 1 1 1 0.0 0.0 0.0
Se 6.011260483167e+00 6.206807489574e+00 1.701046802998e+01 1 1 1 0.0 0.0 0.0
Se 9.010800767947e+00 7.938592880548e+00 1.701046802998e+01 1 1 1 0.0 0.0 0.0
Se 1.201034105273e+01 9.670378271521e+00 1.701046802998e+01 1 1 1 0.0 0.0 0.0
Se 3.011720198388e+00 2.179287600833e+01 1.701046802998e+01 1 1 1 0.0 0.0 0.0
Se 3.011720198388e+00 1.011451316655e+00 1.701046802998e+01 1 1 1 0.0 0.0 0.0
Se 6.011260483167e+00 2.743236707628e+00 1.701046802998e+01 1 1 1 0.0 0.0 0.0
Se 9.010800767947e+00 4.475022098601e+00 1.701046802998e+01 1 1 1 0.0 0.0 0.0
Se 1.201034105273e+01 6.206807489574e+00 1.701046802998e+01 1 1 1 0.0 0.0 0.0
Se 9.010800767947e+00 2.179287600833e+01 1.701046802998e+01 1 1 1 0.0 0.0 0.0
Se 9.010800767947e+00 1.011451316655e+00 1.701046802998e+01 1 1 1 0.0 0.0 0.0
Se 1.201034105273e+01 2.743236707628e+00 1.701046802998e+01 1 1 1 0.0 0.0 0.0
Se 7.614916676113e+00 1.490846215818e+00 3.696241589303e+01 1 1 1 0.0 0.0 0.0
Se 3.615529629741e+00 1.490846215818e+00 3.696241589303e+01 1 1 1 0.0 0.0 0.0
Se 1.161430372249e+01 1.490846215818e+00 3.696241589303e+01 1 1 1 0.0 0.0 0.0
Se 9.447969072367e+00 5.243047896260e+00 3.696241589303e+01 1 1 1 0.0 0.0 0.0
Se 5.448582025995e+00 5.243047896260e+00 3.696241589303e+01 1 1 1 0.0 0.0 0.0
Se 1.449194979622e+00 5.243047896260e+00 3.696241589303e+01 1 1 1 0.0 0.0 0.0
Se 1.128102146862e+01 8.995249576702e+00 3.696241589303e+01 1 1 1 0.0 0.0 0.0
Se 7.281634422249e+00 8.995249576702e+00 3.696241589303e+01 1 1 1 0.0 0.0 0.0
Se 3.282247375876e+00 8.995249576702e+00 3.696241589303e+01 1 1 1 0.0 0.0 0.0
Se 9.114686818503e+00 1.274745125714e+01 3.696241589303e+01 1 1 1 0.0 0.0 0.0
Se 5.115299772130e+00 1.274745125714e+01 3.696241589303e+01 1 1 1 0.0 0.0 0.0
Se 1.311407386487e+01 1.274745125714e+01 3.696241589303e+01 1 1 1 0.0 0.0 0.0
Se 1.094773921476e+01 1.649965293759e+01 3.696241589303e+01 1 1 1 0.0 0.0 0.0
Se 6.948352168384e+00 1.649965293759e+01 3.696241589303e+01 1 1 1 0.0 0.0 0.0
Se 2.948965122012e+00 1.649965293759e+01 3.696241589303e+01 1 1 1 0.0 0.0 0.0
Se 1.278079161101e+01 2.025185461803e+01 3.696241589303e+01 1 1 1 0.0 0.0 0.0
Se 8.781404564638e+00 2.025185461803e+01 3.696241589303e+01 1 1 1 0.0 0.0 0.0
Se 4.782017518266e+00 2.025185461803e+01 3.696241589303e+01 1 1 1 0.0 0.0 0.0
Se 6.699443901833e+00 2.147807713347e+01 3.332483142763e+01 1 1 1 0.0 0.0 0.0
Se 1.469821799458e+01 2.147807713347e+01 3.332483142763e+01 1 1 1 0.0 0.0 0.0
Se 1.069883094821e+01 2.147807713347e+01 3.332483142763e+01 1 1 1 0.0 0.0 0.0
Se 5.532956013308e+00 2.717068731262e+00 3.332483142763e+01 1 1 1 0.0 0.0 0.0
Se 1.533568966936e+00 2.717068731262e+00 3.332483142763e+01 1 1 1 0.0 0.0 0.0
Se 9.532343059681e+00 2.717068731262e+00 3.332483142763e+01 1 1 1 0.0 0.0 0.0
Se 7.366008409562e+00 6.469270411704e+00 3.332483142763e+01 1 1 1 0.0 0.0 0.0
Se 3.366621363190e+00 6.469270411704e+00 3.332483142763e+01 1 1 1 0.0 0.0 0.0
Se 1.136539545593e+01 6.469270411704e+00 3.332483142763e+01 1 1 1 0.0 0.0 0.0
Se 5.199673759444e+00 1.022147209215e+01 3.332483142763e+01 1 1 1 0.0 0.0 0.0
Se 1.319844785219e+01 1.022147209215e+01 3.332483142763e+01 1 1 1 0.0 0.0 0.0
Se 9.199060805816e+00 1.022147209215e+01 3.332483142763e+01 1 1 1 0.0 0.0 0.0
Se 7.032726155698e+00 1.397367377259e+01 3.332483142763e+01 1 1 1 0.0 0.0 0.0
Se 3.033339109325e+00 1.397367377259e+01 3.332483142763e+01 1 1 1 0.0 0.0 0.0
Se 1.103211320207e+01 1.397367377259e+01 3.332483142763e+01 1 1 1 0.0 0.0 0.0
Se 8.865778551952e+00 1.772587545303e+01 3.332483142763e+01 1 1 1 0.0 0.0 0.0
Se 4.866391505579e+00 1.772587545303e+01 3.332483142763e+01 1 1 1 0.0 0.0 0.0
Se 1.286516559832e+01 1.772587545303e+01 3.332483142763e+01 1 1 1 0.0 0.0 0.0
Se 5.656350893356e+00 2.126128484091e-01 2.969131231352e+01 1 1 1 0.0 0.0 0.0
Se 1.656963846984e+00 2.126128484091e-01 2.969131231352e+01 1 1 1 0.0 0.0 0.0
Se 9.655737939729e+00 2.126128484091e-01 2.969131231352e+01 1 1 1 0.0 0.0 0.0
Se 7.489403289610e+00 3.964814528851e+00 2.969131231352e+01 1 1 1 0.0 0.0 0.0
Se 3.490016243238e+00 3.964814528851e+00 2.969131231352e+01 1 1 1 0.0 0.0 0.0
Se 1.148879033598e+01 3.964814528851e+00 2.969131231352e+01 1 1 1 0.0 0.0 0.0
Se 9.322455685864e+00 7.717016209293e+00 2.969131231352e+01 1 1 1 0.0 0.0 0.0
Se 5.323068639492e+00 7.717016209293e+00 2.969131231352e+01 1 1 1 0.0 0.0 0.0
Se 1.323681593120e+00 7.717016209293e+00 2.969131231352e+01 1 1 1 0.0 0.0 0.0
Se 7.156121035746e+00 1.146921788974e+01 2.969131231352e+01 1 1 1 0.0 0.0 0.0
Se 3.156733989374e+00 1.146921788974e+01 2.969131231352e+01 1 1 1 0.0 0.0 0.0
Se 1.115550808212e+01 1.146921788974e+01 2.969131231352e+01 1 1 1 0.0 0.0 0.0
Se 8.989173432000e+00 1.522141957018e+01 2.969131231352e+01 1 1 1 0.0 0.0 0.0
Se 4.989786385628e+00 1.522141957018e+01 2.969131231352e+01 1 1 1 0.0 0.0 0.0
Se 1.298856047837e+01 1.522141957018e+01 2.969131231352e+01 1 1 1 0.0 0.0 0.0
Se 1.082222582825e+01 1.897362125062e+01 2.969131231352e+01 1 1 1 0.0 0.0 0.0
Se 6.822838781882e+00 1.897362125062e+01 2.969131231352e+01 1 1 1 0.0 0.0 0.0
Se 2.823451735509e+00 1.897362125062e+01 2.969131231352e+01 1 1 1 0.0 0.0 0.0
Se 6.737145672016e+00 2.140117964840e+01 2.692457590224e+01 1 1 1 0.0 0.0 0.0
Se 1.473591976476e+01 2.140117964840e+01 2.692457590224e+01 1 1 1 0.0 0.0 0.0
Se 1.073653271839e+01 2.140117964840e+01 2.692457590224e+01 1 1 1 0.0 0.0 0.0
Se 5.570657783491e+00 2.640171246190e+00 2.692457590224e+01 1 1 1 0.0 0.0 0.0
Se 1.571270737118e+00 2.640171246190e+00 2.692457590224e+01 1 1 1 0.0 0.0 0.0
Se 9.570044829863e+00 2.640171246190e+00 2.692457590224e+01 1 1 1 0.0 0.0 0.0
Se 7.403710179745e+00 6.392372926632e+00 2.692457590224e+01 1 1 1 0.0 0.0 0.0
Se 3.404323133372e+00 6.392372926632e+00 2.692457590224e+01 1 1 1 0.0 0.0 0.0
Se 1.140309722612e+01 6.392372926632e+00 2.692457590224e+01 1 1 1 0.0 0.0 0.0
Se 5.237375529626e+00 1.014457460707e+01 2.692457590224e+01 1 1 1 0.0 0.0 0.0
Se 1.323614962237e+01 1.014457460707e+01 2.692457590224e+01 1 1 1 0.0 0.0 0.0
Se 9.236762575999e+00 1.014457460707e+01 2.692457590224e+01 1 1 1 0.0 0.0 0.0
Se 7.070427925880e+00 1.389677628752e+01 2.692457590224e+01 1 1 1 0.0 0.0 0.0
Se 3.071040879508e+00 1.389677628752e+01 2.692457590224e+01 1 1 1 0.0 0.0 0.0
Se 1.106981497225e+01 1.389677628752e+01 2.692457590224e+01 1 1 1 0.0 0.0 0.0
Se 8.903480322134e+00 1.764897796796e+01 2.692457590224e+01 1 1 1 0.0 0.0 0.0
Se 4.904093275762e+00 1.764897796796e+01 2.692457590224e+01 1 1 1 0.0 0.0 0.0
Se 1.290286736851e+01 1.764897796796e+01 2.692457590224e+01 1 1 1 0.0 0.0 0.0
Se 5.700579675531e+00 1.401311776727e-01 2.330671355540e+01 1 1 1 0.0 0.0 0.0
Se 1.701192629158e+00 1.401311776727e-01 2.330671355540e+01 1 1 1 0.0 0.0 0.0
Se 9.699966721903e+00 1.401311776727e-01 2.330671355540e+01 1 1 1 0.0 0.0 0.0
Se 7.533632071785e+00 3.892332858115e+00 2.330671355540e+01 1 1 1 0.0 0.0 0.0
Se 3.534245025412e+00 3.892332858115e+00 2.330671355540e+01 1 1 1 0.0 0.0 0.0
Se 1.153301911816e+01 3.892332858115e+00 2.330671355540e+01 1 1 1 0.0 0.0 0.0
Se 9.366684468039e+00 7.644534538557e+00 2.330671355540e+01 1 1 1 0.0 0.0 0.0
Se 5.367297421666e+00 7.644534538557e+00 2.330671355540e+01 1 1 1 0.0 0.0 0.0
Se 1.367910375294e+00 7.644534538557e+00 2.330671355540e+01 1 1 1 0.0 0.0 0.0
Se 7.200349817920e+00 1.139673621900e+01 2.330671355540e+01 1 1 1 0.0 0.0 0.0
Se 3.200962771548e+00 1.139673621900e+01 2.330671355540e+01 1 1 1 0.0 0.0 0.0
Se 1.119973686429e+01 1.139673621900e+01 2.330671355540e+01 1 1 1 0.0 0.0 0.0
Se 9.033402214174e+00 1.514893789944e+01 2.330671355540e+01 1 1 1 0.0 0.0 0.0
Se 5.034015167802e+00 1.514893789944e+01 2.330671355540e+01 1 1 1 0.0 0.0 0.0
Se 1.303278926055e+01 1.514893789944e+01 2.330671355540e+01 1 1 1 0.0 0.0 0.0
Se 1.086645461043e+01 1.890113957988e+01 2.330671355540e+01 1 1 1 0.0 0.0 0.0
Se 6.867067564056e+00 1.890113957988e+01 2.330671355540e+01 1 1 1 0.0 0.0 0.0
Se 2.867680517684e+00 1.890113957988e+01 2.330671355540e+01 1 1 1 0.0 0.0 0.0
Se 7.651938956619e+00 1.402666636116e+00 1.968357859229e+01 1 1 1 0.0 0.0 0.0
Se 3.652551910247e+00 1.402666636116e+00 1.968357859229e+01 1 1 1 0.0 0.0 0.0
Se 1.165132600299e+01 1.402666636116e+00 1.968357859229e+01 1 1 1 0.0 0.0 0.0
Se 9.484991352873e+00 5.154868316558e+00 1.968357859229e+01 1 1 1 0.0 0.0 0.0
Se 5.485604306501e+00 5.154868316558e+00 1.968357859229e+01 1 1 1 0.0 0.0 0.0
Se 1.486217260128e+00 5.154868316558e+00 1.968357859229e+01 1 1 1 0.0 0.0 0.0
Se 1.131804374913e+01 8.907069997000e+00 1.968357859229e+01 1 1 1 0.0 0.0 0.0
Se 7.318656702755e+00 8.907069997000e+00 1.968357859229e+01 1 1 1 0.0 0.0 0.0
Se 3.319269656382e+00 8.907069997000e+00 1.968357859229e+01 1 1 1 0.0 0.0 0.0
Se 9.151709099009e+00 1.265927167744e+01 1.968357859229e+01 1 1 1 0.0 0.0 0.0
Se 5.152322052636e+00 1.265927167744e+01 1.968357859229e+01 1 1 1 0.0 0.0 0.0
Se 1.315109614538e+01 1.265927167744e+01 1.968357859229e+01 1 1 1 0.0 0.0 0.0
Se 1.098476149526e+01 1.641147335788e+01 1.968357859229e+01 1 1 1 0.0 0.0 0.0
Se 6.985374448890e+00 1.641147335788e+01 1.968357859229e+01 1 1 1 0.0 0.0 0.0
Se 2.985987402518e+00 1.641147335788e+01 1.968357859229e+01 1 1 1 0.0 0.0 0.0
Se 1.281781389152e+01 2.016367503833e+01 1.968357859229e+01 1 1 1 0.0 0.0 0.0
Se 8.818426845144e+00 2.016367503833e+01 1.968357859229e+01 1 1 1 0.0 0.0 0.0
Se 4.819039798772e+00 2.016367503833e+01 1.968357859229e+01 1 1 1 0.0 0.0 0.0
"