calculation_mode = "Quench Electrons"
cell_relax = "False"
charge_density_mixing = "0.1"
charge_mixing_type = "Broyden"
description = "Example parameters for high-throughput bulk relaxation of a vdW material"
dos_broading = "0.05"
dos_method = "Gaussian"
energy_convergence_criterion = "1e-10"
energy_output_units = "Hartrees"
kohn_sham_mucycles = "3"
kohn_sham_solver = "davidson"
kpoint_mesh = "1 1 1"
localize_projectors = "False"
max_md_steps = "100"
max_scf_steps = "200"
non_local_block_size = "4000"
potential_acceleration_constant_step = "1.5"
processor_grid = "4 8 14"
rms_convergence_criterion = "1e-08"
scalapack_block_factor = "64"
start_mode = "LCAO Start"
state_block_size = "64"
stress = "True"
subdiag_driver = "scalapack"
use_async_allreduce = "False"
vdw_corr = "DFT-D3"
vdwdf_kernel_filepath = "/lustre/orion/world-shared/cph162/rjmorelock/rmgdft/XC/vdW_kernel_table"
wavefunction_grid = "106 212 378"
write_data_period = "50"

atomic_coordinate_type = "Absolute"
crds_units = "Angstrom"
lattice_units = "Angstrom"

lattice_vector = "
1.248808204977e+01 0.000000000000e+00 8.000000000000e-16
9.606216969874e-01 2.495768376976e+01 1.500000000000e-15
0.000000000000e+00 0.000000000000e+00 4.446241589303e+01
"
atoms = "
Nb 4.025194943064e+00 1.943427078491e+01 1.532833092694e+01 1 1 1 0.0 0.0 0.0
Nb 7.387370879569e+00 2.026619357723e+01 1.532833092694e+01 1 1 1 0.0 0.0 0.0
Nb 1.074954681607e+01 2.109811636956e+01 1.532833092694e+01 1 1 1 0.0 0.0 0.0
Nb 3.064573246814e+00 1.610657961561e+01 1.532833092694e+01 1 1 1 0.0 0.0 0.0
Nb 6.426749183319e+00 1.693850240793e+01 1.532833092694e+01 1 1 1 0.0 0.0 0.0
Nb 9.788925119824e+00 1.777042520026e+01 1.532833092694e+01 1 1 1 0.0 0.0 0.0
Nb 1.315110105633e+01 1.860234799258e+01 1.532833092694e+01 1 1 1 0.0 0.0 0.0
Nb 2.103951550565e+00 1.277888844630e+01 1.532833092694e+01 1 1 1 0.0 0.0 0.0
Nb 5.466127487070e+00 1.361081123863e+01 1.532833092694e+01 1 1 1 0.0 0.0 0.0
Nb 8.828303423574e+00 1.444273403095e+01 1.532833092694e+01 1 1 1 0.0 0.0 0.0
Nb 1.219047936008e+01 1.527465682328e+01 1.532833092694e+01 1 1 1 0.0 0.0 0.0
Nb 1.143329854315e+00 9.451197277002e+00 1.532833092694e+01 1 1 1 0.0 0.0 0.0
Nb 4.505505790820e+00 1.028312006933e+01 1.532833092694e+01 1 1 1 0.0 0.0 0.0
Nb 7.867681727325e+00 1.111504286165e+01 1.532833092694e+01 1 1 1 0.0 0.0 0.0
Nb 1.122985766383e+01 1.194696565398e+01 1.532833092694e+01 1 1 1 0.0 0.0 0.0
Nb 3.544884094570e+00 6.955428900026e+00 1.532833092694e+01 1 1 1 0.0 0.0 0.0
Nb 6.907060031075e+00 7.787351692351e+00 1.532833092694e+01 1 1 1 0.0 0.0 0.0
Nb 1.026923596758e+01 8.619274484676e+00 1.532833092694e+01 1 1 1 0.0 0.0 0.0
Nb 2.584262398321e+00 3.627737730724e+00 1.532833092694e+01 1 1 1 0.0 0.0 0.0
Nb 5.946438334825e+00 4.459660523049e+00 1.532833092694e+01 1 1 1 0.0 0.0 0.0
Nb 9.308614271330e+00 5.291583315375e+00 1.532833092694e+01 1 1 1 0.0 0.0 0.0
Nb 1.267079020783e+01 6.123506107700e+00 1.532833092694e+01 1 1 1 0.0 0.0 0.0
Nb 1.623640702071e+00 3.000465614222e-01 1.532833092694e+01 1 1 1 0.0 0.0 0.0
Nb 4.985816638576e+00 1.131969353748e+00 1.532833092694e+01 1 1 1 0.0 0.0 0.0
Nb 8.347992575081e+00 1.963892146073e+00 1.532833092694e+01 1 1 1 0.0 0.0 0.0
Nb 1.171016851159e+01 2.795814938398e+00 1.532833092694e+01 1 1 1 0.0 0.0 0.0
Nb 1.623640702809e+00 2.193003916188e+01 1.532833092694e+01 1 1 1 0.0 0.0 0.0
Nb 4.985816639314e+00 2.276196195421e+01 1.532833092694e+01 1 1 1 0.0 0.0 0.0
Nb 8.347992575818e+00 2.359388474653e+01 1.532833092694e+01 1 1 1 0.0 0.0 0.0
Nb 1.171016851232e+01 2.442580753886e+01 1.532833092694e+01 1 1 1 0.0 0.0 0.0
Nb 4.028492363763e+00 1.942503630471e+01 9.182088683320e+00 1 1 1 0.0 0.0 0.0
Nb 7.390668300268e+00 2.025695909704e+01 9.182088683320e+00 1 1 1 0.0 0.0 0.0
Nb 1.075284423677e+01 2.108888188936e+01 9.182088683320e+00 1 1 1 0.0 0.0 0.0
Nb 3.067870667514e+00 1.609734513541e+01 9.182088683320e+00 1 1 1 0.0 0.0 0.0
Nb 6.430046604019e+00 1.692926792774e+01 9.182088683320e+00 1 1 1 0.0 0.0 0.0
Nb 9.792222540523e+00 1.776119072006e+01 9.182088683320e+00 1 1 1 0.0 0.0 0.0
Nb 1.315439847703e+01 1.859311351239e+01 9.182088683320e+00 1 1 1 0.0 0.0 0.0
Nb 2.107248971264e+00 1.276965396611e+01 9.182088683320e+00 1 1 1 0.0 0.0 0.0
Nb 5.469424907769e+00 1.360157675843e+01 9.182088683320e+00 1 1 1 0.0 0.0 0.0
Nb 8.831600844274e+00 1.443349955076e+01 9.182088683320e+00 1 1 1 0.0 0.0 0.0
Nb 1.219377678078e+01 1.526542234309e+01 9.182088683320e+00 1 1 1 0.0 0.0 0.0
Nb 1.146627275015e+00 9.441962796807e+00 9.182088683320e+00 1 1 1 0.0 0.0 0.0
Nb 4.508803211519e+00 1.027388558913e+01 9.182088683320e+00 1 1 1 0.0 0.0 0.0
Nb 7.870979148024e+00 1.110580838146e+01 9.182088683320e+00 1 1 1 0.0 0.0 0.0
Nb 1.123315508453e+01 1.193773117378e+01 9.182088683320e+00 1 1 1 0.0 0.0 0.0
Nb 3.548181515270e+00 6.946194419831e+00 9.182088683320e+00 1 1 1 0.0 0.0 0.0
Nb 6.910357451774e+00 7.778117212156e+00 9.182088683320e+00 1 1 1 0.0 0.0 0.0
Nb 1.027253338828e+01 8.610040004482e+00 9.182088683320e+00 1 1 1 0.0 0.0 0.0
Nb 2.587559819020e+00 3.618503250529e+00 9.182088683320e+00 1 1 1 0.0 0.0 0.0
Nb 5.949735755525e+00 4.450426042855e+00 9.182088683320e+00 1 1 1 0.0 0.0 0.0
Nb 9.311911692030e+00 5.282348835180e+00 9.182088683320e+00 1 1 1 0.0 0.0 0.0
Nb 1.267408762853e+01 6.114271627505e+00 9.182088683320e+00 1 1 1 0.0 0.0 0.0
Nb 1.626938122771e+00 2.908120812275e-01 9.182088683320e+00 1 1 1 0.0 0.0 0.0
Nb 4.989114059275e+00 1.122734873553e+00 9.182088683320e+00 1 1 1 0.0 0.0 0.0
Nb 8.351289995780e+00 1.954657665878e+00 9.182088683320e+00 1 1 1 0.0 0.0 0.0
Nb 1.171346593228e+01 2.786580458204e+00 9.182088683320e+00 1 1 1 0.0 0.0 0.0
Nb 1.626938123508e+00 2.192080468169e+01 9.182088683320e+00 1 1 1 0.0 0.0 0.0
Nb 4.989114060013e+00 2.275272747401e+01 9.182088683320e+00 1 1 1 0.0 0.0 0.0
Nb 8.351289996518e+00 2.358465026634e+01 9.182088683320e+00 1 1 1 0.0 0.0 0.0
Nb 1.171346593302e+01 2.441657305866e+01 9.182088683320e+00 1 1 1 0.0 0.0 0.0
Bi 9.336898667688e+00 1.853840490853e+01 3.532095071834e+01 1 1 1 0.0 0.0 0.0
Bi 5.174204651099e+00 1.853840490853e+01 3.532095071834e+01 1 1 1 0.0 0.0 0.0
Bi 1.011510634509e+00 1.853840490853e+01 3.532095071834e+01 1 1 1 0.0 0.0 0.0
Bi 7.415655275295e+00 1.497302151285e+01 3.532095071834e+01 1 1 1 0.0 0.0 0.0
Bi 3.252961258705e+00 1.497302151285e+01 3.532095071834e+01 1 1 1 0.0 0.0 0.0
Bi 1.157834929188e+01 1.497302151285e+01 3.532095071834e+01 1 1 1 0.0 0.0 0.0
Bi 9.657105899491e+00 1.140763811717e+01 3.532095071834e+01 1 1 1 0.0 0.0 0.0
Bi 5.494411882901e+00 1.140763811717e+01 3.532095071834e+01 1 1 1 0.0 0.0 0.0
Bi 1.331717866311e+00 1.140763811717e+01 3.532095071834e+01 1 1 1 0.0 0.0 0.0
Bi 7.735862507097e+00 7.842254721485e+00 3.532095071834e+01 1 1 1 0.0 0.0 0.0
Bi 3.573168490507e+00 7.842254721485e+00 3.532095071834e+01 1 1 1 0.0 0.0 0.0
Bi 1.189855652369e+01 7.842254721485e+00 3.532095071834e+01 1 1 1 0.0 0.0 0.0
Bi 9.977313131293e+00 4.276871325804e+00 3.532095071834e+01 1 1 1 0.0 0.0 0.0
Bi 5.814619114703e+00 4.276871325804e+00 3.532095071834e+01 1 1 1 0.0 0.0 0.0
Bi 1.651925098113e+00 4.276871325804e+00 3.532095071834e+01 1 1 1 0.0 0.0 0.0
Bi 8.056069738899e+00 7.114879301240e-01 3.532095071834e+01 1 1 1 0.0 0.0 0.0
Bi 3.893375722309e+00 7.114879301240e-01 3.532095071834e+01 1 1 1 0.0 0.0 0.0
Bi 1.221876375549e+01 7.114879301240e-01 3.532095071834e+01 1 1 1 0.0 0.0 0.0
Bi 7.095448043493e+00 2.210378830421e+01 3.532095071834e+01 1 1 1 0.0 0.0 0.0
Bi 2.932754026903e+00 2.210378830421e+01 3.532095071834e+01 1 1 1 0.0 0.0 0.0
Bi 1.125814206008e+01 2.210378830421e+01 3.532095071834e+01 1 1 1 0.0 0.0 0.0
Bi 1.146051954002e+01 1.738396978700e+01 3.133430771007e+01 1 1 1 0.0 0.0 0.0
Bi 7.297825523432e+00 1.738396978700e+01 3.133430771007e+01 1 1 1 0.0 0.0 0.0
Bi 3.135131506842e+00 1.738396978700e+01 3.133430771007e+01 1 1 1 0.0 0.0 0.0
Bi 9.539276147628e+00 1.381858639132e+01 3.133430771007e+01 1 1 1 0.0 0.0 0.0
Bi 5.376582131038e+00 1.381858639132e+01 3.133430771007e+01 1 1 1 0.0 0.0 0.0
Bi 1.213888114448e+00 1.381858639132e+01 3.133430771007e+01 1 1 1 0.0 0.0 0.0
Bi 1.178072677182e+01 1.025320299564e+01 3.133430771007e+01 1 1 1 0.0 0.0 0.0
Bi 7.618032755234e+00 1.025320299564e+01 3.133430771007e+01 1 1 1 0.0 0.0 0.0
Bi 3.455338738644e+00 1.025320299564e+01 3.133430771007e+01 1 1 1 0.0 0.0 0.0
Bi 9.859483379430e+00 6.687819599959e+00 3.133430771007e+01 1 1 1 0.0 0.0 0.0
Bi 5.696789362840e+00 6.687819599959e+00 3.133430771007e+01 1 1 1 0.0 0.0 0.0
Bi 1.534095346251e+00 6.687819599959e+00 3.133430771007e+01 1 1 1 0.0 0.0 0.0
Bi 1.210093400363e+01 3.122436204279e+00 3.133430771007e+01 1 1 1 0.0 0.0 0.0
Bi 7.938239987036e+00 3.122436204279e+00 3.133430771007e+01 1 1 1 0.0 0.0 0.0
Bi 3.775545970447e+00 3.122436204279e+00 3.133430771007e+01 1 1 1 0.0 0.0 0.0
Bi 1.114031230822e+01 2.451473657836e+01 3.133430771007e+01 1 1 1 0.0 0.0 0.0
Bi 6.977618291630e+00 2.451473657836e+01 3.133430771007e+01 1 1 1 0.0 0.0 0.0
Bi 2.814924275040e+00 2.451473657836e+01 3.133430771007e+01 1 1 1 0.0 0.0 0.0
Bi 9.219068915826e+00 2.094935318268e+01 3.133430771007e+01 1 1 1 0.0 0.0 0.0
Bi 5.056374899236e+00 2.094935318268e+01 3.133430771007e+01 1 1 1 0.0 0.0 0.0
Bi 8.936808826463e-01 2.094935318268e+01 3.133430771007e+01 1 1 1 0.0 0.0 0.0
Bi 1.150617931108e+01 1.743152328917e+01 2.529282906773e+01 1 1 1 0.0 0.0 0.0
Bi 7.343485294491e+00 1.743152328917e+01 2.529282906773e+01 1 1 1 0.0 0.0 0.0
Bi 3.180791277901e+00 1.743152328917e+01 2.529282906773e+01 1 1 1 0.0 0.0 0.0
Bi 9.584935918686e+00 1.386613989349e+01 2.529282906773e+01 1 1 1 0.0 0.0 0.0
Bi 5.422241902097e+00 1.386613989349e+01 2.529282906773e+01 1 1 1 0.0 0.0 0.0
Bi 1.259547885507e+00 1.386613989349e+01 2.529282906773e+01 1 1 1 0.0 0.0 0.0
Bi 1.182638654288e+01 1.030075649781e+01 2.529282906773e+01 1 1 1 0.0 0.0 0.0
Bi 7.663692526293e+00 1.030075649781e+01 2.529282906773e+01 1 1 1 0.0 0.0 0.0
Bi 3.500998509703e+00 1.030075649781e+01 2.529282906773e+01 1 1 1 0.0 0.0 0.0
Bi 9.905143150489e+00 6.735373102134e+00 2.529282906773e+01 1 1 1 0.0 0.0 0.0
Bi 5.742449133899e+00 6.735373102134e+00 2.529282906773e+01 1 1 1 0.0 0.0 0.0
Bi 1.579755117309e+00 6.735373102134e+00 2.529282906773e+01 1 1 1 0.0 0.0 0.0
Bi 1.214659377468e+01 3.169989706453e+00 2.529282906773e+01 1 1 1 0.0 0.0 0.0
Bi 7.983899758095e+00 3.169989706453e+00 2.529282906773e+01 1 1 1 0.0 0.0 0.0
Bi 3.821205741505e+00 3.169989706453e+00 2.529282906773e+01 1 1 1 0.0 0.0 0.0
Bi 1.118597207928e+01 2.456229008054e+01 2.529282906773e+01 1 1 1 0.0 0.0 0.0
Bi 7.023278062688e+00 2.456229008054e+01 2.529282906773e+01 1 1 1 0.0 0.0 0.0
Bi 2.860584046099e+00 2.456229008054e+01 2.529282906773e+01 1 1 1 0.0 0.0 0.0
Bi 9.264728686884e+00 2.099690668486e+01 2.529282906773e+01 1 1 1 0.0 0.0 0.0
Bi 5.102034670295e+00 2.099690668486e+01 2.529282906773e+01 1 1 1 0.0 0.0 0.0
Bi 9.393406537048e-01 2.099690668486e+01 2.529282906773e+01 1 1 1 0.0 0.0 0.0
Bi 7.218468863131e+00 1.982045581210e+01 2.132110864621e+01 1 1 1 0.0 0.0 0.0
Bi 3.055774846541e+00 1.982045581210e+01 2.132110864621e+01 1 1 1 0.0 0.0 0.0
Bi 1.138116287972e+01 1.982045581210e+01 2.132110864621e+01 1 1 1 0.0 0.0 0.0
Bi 5.297225470737e+00 1.625507241642e+01 2.132110864621e+01 1 1 1 0.0 0.0 0.0
Bi 1.134531454147e+00 1.625507241642e+01 2.132110864621e+01 1 1 1 0.0 0.0 0.0
Bi 9.459919487327e+00 1.625507241642e+01 2.132110864621e+01 1 1 1 0.0 0.0 0.0
Bi 7.538676094933e+00 1.268968902074e+01 2.132110864621e+01 1 1 1 0.0 0.0 0.0
Bi 3.375982078343e+00 1.268968902074e+01 2.132110864621e+01 1 1 1 0.0 0.0 0.0
Bi 1.170137011152e+01 1.268968902074e+01 2.132110864621e+01 1 1 1 0.0 0.0 0.0
Bi 5.617432702539e+00 9.124305625058e+00 2.132110864621e+01 1 1 1 0.0 0.0 0.0
Bi 1.454738685949e+00 9.124305625058e+00 2.132110864621e+01 1 1 1 0.0 0.0 0.0
Bi 9.780126719129e+00 9.124305625058e+00 2.132110864621e+01 1 1 1 0.0 0.0 0.0
Bi 7.858883326735e+00 5.558922229377e+00 2.132110864621e+01 1 1 1 0.0 0.0 0.0
Bi 3.696189310145e+00 5.558922229377e+00 2.132110864621e+01 1 1 1 0.0 0.0 0.0
Bi 1.202157734332e+01 5.558922229377e+00 2.132110864621e+01 1 1 1 0.0 0.0 0.0
Bi 5.937639934341e+00 1.993538833697e+00 2.132110864621e+01 1 1 1 0.0 0.0 0.0
Bi 1.774945917751e+00 1.993538833697e+00 2.132110864621e+01 1 1 1 0.0 0.0 0.0
Bi 1.010033395093e+01 1.993538833697e+00 2.132110864621e+01 1 1 1 0.0 0.0 0.0
Bi 4.977018238935e+00 2.338583920778e+01 2.132110864621e+01 1 1 1 0.0 0.0 0.0
Bi 1.330240627211e+01 2.338583920778e+01 2.132110864621e+01 1 1 1 0.0 0.0 0.0
Bi 9.139712255524e+00 2.338583920778e+01 2.132110864621e+01 1 1 1 0.0 0.0 0.0
Se 2.106906811880e+00 1.997920361832e+01 7.500000000000e+00 1 1 1 0.0 0.0 0.0
Se 5.469082748385e+00 2.081112641064e+01 7.500000000000e+00 1 1 1 0.0 0.0 0.0
Se 8.831258684889e+00 2.164304920297e+01 7.500000000000e+00 1 1 1 0.0 0.0 0.0
Se 1.146285115630e+00 1.665151244902e+01 7.500000000000e+00 1 1 1 0.0 0.0 0.0
Se 4.508461052135e+00 1.748343524134e+01 7.500000000000e+00 1 1 1 0.0 0.0 0.0
Se 7.870636988640e+00 1.831535803367e+01 7.500000000000e+00 1 1 1 0.0 0.0 0.0
Se 1.123281292514e+01 1.914728082599e+01 7.500000000000e+00 1 1 1 0.0 0.0 0.0
Se 1.267374546915e+01 1.332382127971e+01 7.500000000000e+00 1 1 1 0.0 0.0 0.0
Se 3.547839355885e+00 1.415574407204e+01 7.500000000000e+00 1 1 1 0.0 0.0 0.0
Se 6.910015292390e+00 1.498766686437e+01 7.500000000000e+00 1 1 1 0.0 0.0 0.0
Se 1.027219122889e+01 1.581958965669e+01 7.500000000000e+00 1 1 1 0.0 0.0 0.0
Se 1.171312377290e+01 9.996130110413e+00 7.500000000000e+00 1 1 1 0.0 0.0 0.0
Se 2.587217659636e+00 1.082805290274e+01 7.500000000000e+00 1 1 1 0.0 0.0 0.0
Se 5.949393596140e+00 1.165997569506e+01 7.500000000000e+00 1 1 1 0.0 0.0 0.0
Se 9.311569532645e+00 1.249189848739e+01 7.500000000000e+00 1 1 1 0.0 0.0 0.0
Se 1.626595963386e+00 7.500361733437e+00 7.500000000000e+00 1 1 1 0.0 0.0 0.0
Se 4.988771899891e+00 8.332284525762e+00 7.500000000000e+00 1 1 1 0.0 0.0 0.0
Se 8.350947836396e+00 9.164207318088e+00 7.500000000000e+00 1 1 1 0.0 0.0 0.0
Se 6.659742671365e-01 4.172670564135e+00 7.500000000000e+00 1 1 1 0.0 0.0 0.0
Se 4.028150203641e+00 5.004593356461e+00 7.500000000000e+00 1 1 1 0.0 0.0 0.0
Se 7.390326140146e+00 5.836516148786e+00 7.500000000000e+00 1 1 1 0.0 0.0 0.0
Se 1.075250207665e+01 6.668438941112e+00 7.500000000000e+00 1 1 1 0.0 0.0 0.0
Se 1.219343462066e+01 8.449793948336e-01 7.500000000000e+00 1 1 1 0.0 0.0 0.0
Se 3.067528507392e+00 1.676902187159e+00 7.500000000000e+00 1 1 1 0.0 0.0 0.0
Se 6.429704443896e+00 2.508824979484e+00 7.500000000000e+00 1 1 1 0.0 0.0 0.0
Se 9.791880380401e+00 3.340747771810e+00 7.500000000000e+00 1 1 1 0.0 0.0 0.0
Se 1.219343462139e+01 2.247497199529e+01 7.500000000000e+00 1 1 1 0.0 0.0 0.0
Se 3.067528508129e+00 2.330689478762e+01 7.500000000000e+00 1 1 1 0.0 0.0 0.0
Se 6.429704444634e+00 2.413881757995e+01 7.500000000000e+00 1 1 1 0.0 0.0 0.0
Se 8.831258684151e+00 1.305660250818e-02 7.500000000000e+00 1 1 1 0.0 0.0 0.0
Se 3.544653803309e+00 2.137524972035e+01 1.364602824434e+01 1 1 1 0.0 0.0 0.0
Se 6.906829739814e+00 2.220717251267e+01 1.364602824434e+01 1 1 1 0.0 0.0 0.0
Se 1.026900567632e+01 2.303909530500e+01 1.364602824434e+01 1 1 1 0.0 0.0 0.0
Se 2.584032107060e+00 1.804755855105e+01 1.364602824434e+01 1 1 1 0.0 0.0 0.0
Se 5.946208043565e+00 1.887948134337e+01 1.364602824434e+01 1 1 1 0.0 0.0 0.0
Se 9.308383980069e+00 1.971140413570e+01 1.364602824434e+01 1 1 1 0.0 0.0 0.0
Se 1.267055991657e+01 2.054332692802e+01 1.364602824434e+01 1 1 1 0.0 0.0 0.0
Se 1.623410410810e+00 1.471986738174e+01 1.364602824434e+01 1 1 1 0.0 0.0 0.0
Se 4.985586347315e+00 1.555179017407e+01 1.364602824434e+01 1 1 1 0.0 0.0 0.0
Se 8.347762283820e+00 1.638371296639e+01 1.364602824434e+01 1 1 1 0.0 0.0 0.0
Se 1.170993822032e+01 1.721563575872e+01 1.364602824434e+01 1 1 1 0.0 0.0 0.0
Se 6.627887145605e-01 1.139217621244e+01 1.364602824434e+01 1 1 1 0.0 0.0 0.0
Se 4.024964651065e+00 1.222409900477e+01 1.364602824434e+01 1 1 1 0.0 0.0 0.0
Se 7.387140587570e+00 1.305602179709e+01 1.364602824434e+01 1 1 1 0.0 0.0 0.0
Se 1.074931652407e+01 1.388794458942e+01 1.364602824434e+01 1 1 1 0.0 0.0 0.0
Se 3.064342954816e+00 8.896407835466e+00 1.364602824434e+01 1 1 1 0.0 0.0 0.0
Se 6.426518891320e+00 9.728330627792e+00 1.364602824434e+01 1 1 1 0.0 0.0 0.0
Se 9.788694827825e+00 1.056025342012e+01 1.364602824434e+01 1 1 1 0.0 0.0 0.0
Se 2.103721258566e+00 5.568716666164e+00 1.364602824434e+01 1 1 1 0.0 0.0 0.0
Se 5.465897195071e+00 6.400639458490e+00 1.364602824434e+01 1 1 1 0.0 0.0 0.0
Se 8.828073131576e+00 7.232562250815e+00 1.364602824434e+01 1 1 1 0.0 0.0 0.0
Se 1.219024906808e+01 8.064485043141e+00 1.364602824434e+01 1 1 1 0.0 0.0 0.0
Se 1.143099562316e+00 2.241025496863e+00 1.364602824434e+01 1 1 1 0.0 0.0 0.0
Se 4.505275498821e+00 3.072948289188e+00 1.364602824434e+01 1 1 1 0.0 0.0 0.0
Se 7.867451435326e+00 3.904871081514e+00 1.364602824434e+01 1 1 1 0.0 0.0 0.0
Se 1.122962737183e+01 4.736793873839e+00 1.364602824434e+01 1 1 1 0.0 0.0 0.0
Se 1.143099563054e+00 2.387101809732e+01 1.364602824434e+01 1 1 1 0.0 0.0 0.0
Se 4.505275499559e+00 2.470294088965e+01 1.364602824434e+01 1 1 1 0.0 0.0 0.0
Se 6.906829739076e+00 5.771799122119e-01 1.364602824434e+01 1 1 1 0.0 0.0 0.0
Se 1.026900567558e+01 1.409102704537e+00 1.364602824434e+01 1 1 1 0.0 0.0 0.0
Se 2.106957443110e+00 1.998027862059e+01 1.086443756309e+01 1 1 1 0.0 0.0 0.0
Se 5.469133379615e+00 2.081220141292e+01 1.086443756309e+01 1 1 1 0.0 0.0 0.0
Se 8.831309316120e+00 2.164412420524e+01 1.086443756309e+01 1 1 1 0.0 0.0 0.0
Se 1.146335746861e+00 1.665258745129e+01 1.086443756309e+01 1 1 1 0.0 0.0 0.0
Se 4.508511683365e+00 1.748451024361e+01 1.086443756309e+01 1 1 1 0.0 0.0 0.0
Se 7.870687619870e+00 1.831643303594e+01 1.086443756309e+01 1 1 1 0.0 0.0 0.0
Se 1.123286355637e+01 1.914835582826e+01 1.086443756309e+01 1 1 1 0.0 0.0 0.0
Se 1.267379610038e+01 1.332489628199e+01 1.086443756309e+01 1 1 1 0.0 0.0 0.0
Se 3.547889987116e+00 1.415681907431e+01 1.086443756309e+01 1 1 1 0.0 0.0 0.0
Se 6.910065923621e+00 1.498874186664e+01 1.086443756309e+01 1 1 1 0.0 0.0 0.0
Se 1.027224186013e+01 1.582066465896e+01 1.086443756309e+01 1 1 1 0.0 0.0 0.0
Se 1.171317440413e+01 9.997205112685e+00 1.086443756309e+01 1 1 1 0.0 0.0 0.0
Se 2.587268290866e+00 1.082912790501e+01 1.086443756309e+01 1 1 1 0.0 0.0 0.0
Se 5.949444227371e+00 1.166105069734e+01 1.086443756309e+01 1 1 1 0.0 0.0 0.0
Se 9.311620163876e+00 1.249297348966e+01 1.086443756309e+01 1 1 1 0.0 0.0 0.0
Se 1.626646594617e+00 7.501436735709e+00 1.086443756309e+01 1 1 1 0.0 0.0 0.0
Se 4.988822531121e+00 8.333359528034e+00 1.086443756309e+01 1 1 1 0.0 0.0 0.0
Se 8.350998467626e+00 9.165282320360e+00 1.086443756309e+01 1 1 1 0.0 0.0 0.0
Se 6.660248983670e-01 4.173745566407e+00 1.086443756309e+01 1 1 1 0.0 0.0 0.0
Se 4.028200834872e+00 5.005668358733e+00 1.086443756309e+01 1 1 1 0.0 0.0 0.0
Se 7.390376771376e+00 5.837591151058e+00 1.086443756309e+01 1 1 1 0.0 0.0 0.0
Se 1.075255270788e+01 6.669513943384e+00 1.086443756309e+01 1 1 1 0.0 0.0 0.0
Se 1.219348525189e+01 8.460543971056e-01 1.086443756309e+01 1 1 1 0.0 0.0 0.0
Se 3.067579138622e+00 1.677977189431e+00 1.086443756309e+01 1 1 1 0.0 0.0 0.0
Se 6.429755075127e+00 2.509899981756e+00 1.086443756309e+01 1 1 1 0.0 0.0 0.0
Se 9.791931011632e+00 3.341822774082e+00 1.086443756309e+01 1 1 1 0.0 0.0 0.0
Se 1.219348525262e+01 2.247604699757e+01 1.086443756309e+01 1 1 1 0.0 0.0 0.0
Se 3.067579139360e+00 2.330796978989e+01 1.086443756309e+01 1 1 1 0.0 0.0 0.0
Se 6.429755075865e+00 2.413989258222e+01 1.086443756309e+01 1 1 1 0.0 0.0 0.0
Se 8.831309315382e+00 1.413160478023e-02 1.086443756309e+01 1 1 1 0.0 0.0 0.0
Se 3.544881912059e+00 2.137628279754e+01 1.701046802998e+01 1 1 1 0.0 0.0 0.0
Se 6.907057848563e+00 2.220820558987e+01 1.701046802998e+01 1 1 1 0.0 0.0 0.0
Se 1.026923378507e+01 2.304012838219e+01 1.701046802998e+01 1 1 1 0.0 0.0 0.0
Se 2.584260215809e+00 1.804859162824e+01 1.701046802998e+01 1 1 1 0.0 0.0 0.0
Se 5.946436152314e+00 1.888051442057e+01 1.701046802998e+01 1 1 1 0.0 0.0 0.0
Se 9.308612088819e+00 1.971243721289e+01 1.701046802998e+01 1 1 1 0.0 0.0 0.0
Se 1.267078802532e+01 2.054436000522e+01 1.701046802998e+01 1 1 1 0.0 0.0 0.0
Se 1.623638519560e+00 1.472090045894e+01 1.701046802998e+01 1 1 1 0.0 0.0 0.0
Se 4.985814456064e+00 1.555282325126e+01 1.701046802998e+01 1 1 1 0.0 0.0 0.0
Se 8.347990392569e+00 1.638474604359e+01 1.701046802998e+01 1 1 1 0.0 0.0 0.0
Se 1.171016632907e+01 1.721666883591e+01 1.701046802998e+01 1 1 1 0.0 0.0 0.0
Se 6.630168233099e-01 1.139320928964e+01 1.701046802998e+01 1 1 1 0.0 0.0 0.0
Se 4.025192759815e+00 1.222513208196e+01 1.701046802998e+01 1 1 1 0.0 0.0 0.0
Se 7.387368696319e+00 1.305705487429e+01 1.701046802998e+01 1 1 1 0.0 0.0 0.0
Se 1.074954463282e+01 1.388897766661e+01 1.701046802998e+01 1 1 1 0.0 0.0 0.0
Se 3.064571063565e+00 8.897440912660e+00 1.701046802998e+01 1 1 1 0.0 0.0 0.0
Se 6.426747000070e+00 9.729363704986e+00 1.701046802998e+01 1 1 1 0.0 0.0 0.0
Se 9.788922936575e+00 1.056128649731e+01 1.701046802998e+01 1 1 1 0.0 0.0 0.0
Se 2.103949367315e+00 5.569749743359e+00 1.701046802998e+01 1 1 1 0.0 0.0 0.0
Se 5.466125303820e+00 6.401672535684e+00 1.701046802998e+01 1 1 1 0.0 0.0 0.0
Se 8.828301240325e+00 7.233595328010e+00 1.701046802998e+01 1 1 1 0.0 0.0 0.0
Se 1.219047717683e+01 8.065518120335e+00 1.701046802998e+01 1 1 1 0.0 0.0 0.0
Se 1.143327671066e+00 2.242058574057e+00 1.701046802998e+01 1 1 1 0.0 0.0 0.0
Se 4.505503607571e+00 3.073981366382e+00 1.701046802998e+01 1 1 1 0.0 0.0 0.0
Se 7.867679544075e+00 3.905904158708e+00 1.701046802998e+01 1 1 1 0.0 0.0 0.0
Se 1.122985548058e+01 4.737826951033e+00 1.701046802998e+01 1 1 1 0.0 0.0 0.0
Se 1.143327671804e+00 2.387205117452e+01 1.701046802998e+01 1 1 1 0.0 0.0 0.0
Se 4.505503608308e+00 2.470397396684e+01 1.701046802998e+01 1 1 1 0.0 0.0 0.0
Se 6.907057847826e+00 5.782129894062e-01 1.701046802998e+01 1 1 1 0.0 0.0 0.0
Se 1.026923378433e+01 1.410135781732e+00 1.701046802998e+01 1 1 1 0.0 0.0 0.0
Se 1.148254734892e+01 1.734439785647e+01 3.696241589303e+01 1 1 1 0.0 0.0 0.0
Se 7.319853332335e+00 1.734439785647e+01 3.696241589303e+01 1 1 1 0.0 0.0 0.0
Se 3.157159315745e+00 1.734439785647e+01 3.696241589303e+01 1 1 1 0.0 0.0 0.0
Se 9.561303956531e+00 1.377901446079e+01 3.696241589303e+01 1 1 1 0.0 0.0 0.0
Se 5.398609939941e+00 1.377901446079e+01 3.696241589303e+01 1 1 1 0.0 0.0 0.0
Se 1.235915923352e+00 1.377901446079e+01 3.696241589303e+01 1 1 1 0.0 0.0 0.0
Se 1.180275458073e+01 1.021363106511e+01 3.696241589303e+01 1 1 1 0.0 0.0 0.0
Se 7.640060564137e+00 1.021363106511e+01 3.696241589303e+01 1 1 1 0.0 0.0 0.0
Se 3.477366547548e+00 1.021363106511e+01 3.696241589303e+01 1 1 1 0.0 0.0 0.0
Se 9.881511188333e+00 6.648247669428e+00 3.696241589303e+01 1 1 1 0.0 0.0 0.0
Se 5.718817171743e+00 6.648247669428e+00 3.696241589303e+01 1 1 1 0.0 0.0 0.0
Se 1.556123155154e+00 6.648247669428e+00 3.696241589303e+01 1 1 1 0.0 0.0 0.0
Se 1.212296181253e+01 3.082864273748e+00 3.696241589303e+01 1 1 1 0.0 0.0 0.0
Se 7.960267795939e+00 3.082864273748e+00 3.696241589303e+01 1 1 1 0.0 0.0 0.0
Se 3.797573779350e+00 3.082864273748e+00 3.696241589303e+01 1 1 1 0.0 0.0 0.0
Se 1.116234011712e+01 2.447516464783e+01 3.696241589303e+01 1 1 1 0.0 0.0 0.0
Se 6.999646100533e+00 2.447516464783e+01 3.696241589303e+01 1 1 1 0.0 0.0 0.0
Se 2.836952083943e+00 2.447516464783e+01 3.696241589303e+01 1 1 1 0.0 0.0 0.0
Se 9.241096724729e+00 2.090978125215e+01 3.696241589303e+01 1 1 1 0.0 0.0 0.0
Se 5.078402708139e+00 2.090978125215e+01 3.696241589303e+01 1 1 1 0.0 0.0 0.0
Se 9.157086915494e-01 2.090978125215e+01 3.696241589303e+01 1 1 1 0.0 0.0 0.0
Se 7.183127508501e+00 1.974461110185e+01 3.332483142763e+01 1 1 1 0.0 0.0 0.0
Se 3.020433491912e+00 1.974461110185e+01 3.332483142763e+01 1 1 1 0.0 0.0 0.0
Se 1.134582152509e+01 1.974461110185e+01 3.332483142763e+01 1 1 1 0.0 0.0 0.0
Se 5.261884116108e+00 1.617922770617e+01 3.332483142763e+01 1 1 1 0.0 0.0 0.0
Se 1.099190099518e+00 1.617922770616e+01 3.332483142763e+01 1 1 1 0.0 0.0 0.0
Se 9.424578132697e+00 1.617922770616e+01 3.332483142763e+01 1 1 1 0.0 0.0 0.0
Se 7.503334740303e+00 1.261384431048e+01 3.332483142763e+01 1 1 1 0.0 0.0 0.0
Se 3.340640723714e+00 1.261384431048e+01 3.332483142763e+01 1 1 1 0.0 0.0 0.0
Se 1.166602875689e+01 1.261384431048e+01 3.332483142763e+01 1 1 1 0.0 0.0 0.0
Se 5.582091347910e+00 9.048460914804e+00 3.332483142763e+01 1 1 1 0.0 0.0 0.0
Se 1.419397331320e+00 9.048460914804e+00 3.332483142763e+01 1 1 1 0.0 0.0 0.0
Se 9.744785364499e+00 9.048460914804e+00 3.332483142763e+01 1 1 1 0.0 0.0 0.0
Se 7.823541972106e+00 5.483077519124e+00 3.332483142763e+01 1 1 1 0.0 0.0 0.0
Se 3.660847955516e+00 5.483077519124e+00 3.332483142763e+01 1 1 1 0.0 0.0 0.0
Se 1.198623598870e+01 5.483077519124e+00 3.332483142763e+01 1 1 1 0.0 0.0 0.0
Se 5.902298579712e+00 1.917694123444e+00 3.332483142763e+01 1 1 1 0.0 0.0 0.0
Se 1.739604563122e+00 1.917694123444e+00 3.332483142763e+01 1 1 1 0.0 0.0 0.0
Se 1.006499259630e+01 1.917694123444e+00 3.332483142763e+01 1 1 1 0.0 0.0 0.0
Se 4.941676884305e+00 2.330999449753e+01 3.332483142763e+01 1 1 1 0.0 0.0 0.0
Se 1.326706491748e+01 2.330999449753e+01 3.332483142763e+01 1 1 1 0.0 0.0 0.0
Se 9.104370900895e+00 2.330999449753e+01 3.332483142763e+01 1 1 1 0.0 0.0 0.0
Se 9.330379837987e+00 1.855898929160e+01 2.969131231352e+01 1 1 1 0.0 0.0 0.0
Se 5.167685821397e+00 1.855898929160e+01 2.969131231352e+01 1 1 1 0.0 0.0 0.0
Se 1.004991804807e+00 1.855898929160e+01 2.969131231352e+01 1 1 1 0.0 0.0 0.0
Se 7.409136445593e+00 1.499360589592e+01 2.969131231352e+01 1 1 1 0.0 0.0 0.0
Se 3.246442429003e+00 1.499360589592e+01 2.969131231352e+01 1 1 1 0.0 0.0 0.0
Se 1.157183046218e+01 1.499360589592e+01 2.969131231352e+01 1 1 1 0.0 0.0 0.0
Se 9.650587069789e+00 1.142822250024e+01 2.969131231352e+01 1 1 1 0.0 0.0 0.0
Se 5.487893053199e+00 1.142822250024e+01 2.969131231352e+01 1 1 1 0.0 0.0 0.0
Se 1.325199036609e+00 1.142822250024e+01 2.969131231352e+01 1 1 1 0.0 0.0 0.0
Se 7.729343677395e+00 7.862839104563e+00 2.969131231352e+01 1 1 1 0.0 0.0 0.0
Se 3.566649660805e+00 7.862839104563e+00 2.969131231352e+01 1 1 1 0.0 0.0 0.0
Se 1.189203769398e+01 7.862839104563e+00 2.969131231352e+01 1 1 1 0.0 0.0 0.0
Se 9.970794301591e+00 4.297455708883e+00 2.969131231352e+01 1 1 1 0.0 0.0 0.0
Se 5.808100285001e+00 4.297455708883e+00 2.969131231352e+01 1 1 1 0.0 0.0 0.0
Se 1.645406268411e+00 4.297455708883e+00 2.969131231352e+01 1 1 1 0.0 0.0 0.0
Se 8.049550909197e+00 7.320723132026e-01 2.969131231352e+01 1 1 1 0.0 0.0 0.0
Se 3.886856892607e+00 7.320723132026e-01 2.969131231352e+01 1 1 1 0.0 0.0 0.0
Se 1.221224492579e+01 7.320723132026e-01 2.969131231352e+01 1 1 1 0.0 0.0 0.0
Se 7.088929213791e+00 2.212437268728e+01 2.969131231352e+01 1 1 1 0.0 0.0 0.0
Se 2.926235197201e+00 2.212437268728e+01 2.969131231352e+01 1 1 1 0.0 0.0 0.0
Se 1.125162323038e+01 2.212437268728e+01 2.969131231352e+01 1 1 1 0.0 0.0 0.0
Se 7.215533009857e+00 1.981767993977e+01 2.692457590224e+01 1 1 1 0.0 0.0 0.0
Se 3.052838993267e+00 1.981767993977e+01 2.692457590224e+01 1 1 1 0.0 0.0 0.0
Se 1.137822702645e+01 1.981767993977e+01 2.692457590224e+01 1 1 1 0.0 0.0 0.0
Se 5.294289617463e+00 1.625229654409e+01 2.692457590224e+01 1 1 1 0.0 0.0 0.0
Se 1.131595600873e+00 1.625229654409e+01 2.692457590224e+01 1 1 1 0.0 0.0 0.0
Se 9.456983634053e+00 1.625229654409e+01 2.692457590224e+01 1 1 1 0.0 0.0 0.0
Se 7.535740241659e+00 1.268691314841e+01 2.692457590224e+01 1 1 1 0.0 0.0 0.0
Se 3.373046225069e+00 1.268691314841e+01 2.692457590224e+01 1 1 1 0.0 0.0 0.0
Se 1.169843425825e+01 1.268691314841e+01 2.692457590224e+01 1 1 1 0.0 0.0 0.0
Se 5.614496849265e+00 9.121529752728e+00 2.692457590224e+01 1 1 1 0.0 0.0 0.0
Se 1.451802832675e+00 9.121529752728e+00 2.692457590224e+01 1 1 1 0.0 0.0 0.0
Se 9.777190865855e+00 9.121529752728e+00 2.692457590224e+01 1 1 1 0.0 0.0 0.0
Se 7.855947473461e+00 5.556146357047e+00 2.692457590224e+01 1 1 1 0.0 0.0 0.0
Se 3.693253456871e+00 5.556146357047e+00 2.692457590224e+01 1 1 1 0.0 0.0 0.0
Se 1.201864149005e+01 5.556146357047e+00 2.692457590224e+01 1 1 1 0.0 0.0 0.0
Se 5.934704081067e+00 1.990762961367e+00 2.692457590224e+01 1 1 1 0.0 0.0 0.0
Se 1.772010064478e+00 1.990762961367e+00 2.692457590224e+01 1 1 1 0.0 0.0 0.0
Se 1.009739809766e+01 1.990762961367e+00 2.692457590224e+01 1 1 1 0.0 0.0 0.0
Se 4.974082385661e+00 2.338306333545e+01 2.692457590224e+01 1 1 1 0.0 0.0 0.0
Se 1.329947041884e+01 2.338306333545e+01 2.692457590224e+01 1 1 1 0.0 0.0 0.0
Se 9.136776402251e+00 2.338306333545e+01 2.692457590224e+01 1 1 1 0.0 0.0 0.0
Se 9.369971409370e+00 1.862786217407e+01 2.330671355540e+01 1 1 1 0.0 0.0 0.0
Se 5.207277392781e+00 1.862786217407e+01 2.330671355540e+01 1 1 1 0.0 0.0 0.0
Se 1.044583376191e+00 1.862786217407e+01 2.330671355540e+01 1 1 1 0.0 0.0 0.0
Se 7.448728016977e+00 1.506247877839e+01 2.330671355540e+01 1 1 1 0.0 0.0 0.0
Se 3.286034000387e+00 1.506247877839e+01 2.330671355540e+01 1 1 1 0.0 0.0 0.0
Se 1.161142203357e+01 1.506247877839e+01 2.330671355540e+01 1 1 1 0.0 0.0 0.0
Se 9.690178641173e+00 1.149709538271e+01 2.330671355540e+01 1 1 1 0.0 0.0 0.0
Se 5.527484624583e+00 1.149709538271e+01 2.330671355540e+01 1 1 1 0.0 0.0 0.0
Se 1.364790607993e+00 1.149709538271e+01 2.330671355540e+01 1 1 1 0.0 0.0 0.0
Se 7.768935248779e+00 7.931711987032e+00 2.330671355540e+01 1 1 1 0.0 0.0 0.0
Se 3.606241232189e+00 7.931711987032e+00 2.330671355540e+01 1 1 1 0.0 0.0 0.0
Se 1.193162926537e+01 7.931711987032e+00 2.330671355540e+01 1 1 1 0.0 0.0 0.0
Se 1.001038587297e+01 4.366328591351e+00 2.330671355540e+01 1 1 1 0.0 0.0 0.0
Se 5.847691856385e+00 4.366328591351e+00 2.330671355540e+01 1 1 1 0.0 0.0 0.0
Se 1.684997839795e+00 4.366328591351e+00 2.330671355540e+01 1 1 1 0.0 0.0 0.0
Se 8.089142480581e+00 8.009451956710e-01 2.330671355540e+01 1 1 1 0.0 0.0 0.0
Se 3.926448463991e+00 8.009451956710e-01 2.330671355540e+01 1 1 1 0.0 0.0 0.0
Se 1.225183649717e+01 8.009451956710e-01 2.330671355540e+01 1 1 1 0.0 0.0 0.0
Se 7.128520785175e+00 2.219324556975e+01 2.330671355540e+01 1 1 1 0.0 0.0 0.0
Se 2.965826768585e+00 2.219324556975e+01 2.330671355540e+01 1 1 1 0.0 0.0 0.0
Se 1.129121480176e+01 2.219324556975e+01 2.330671355540e+01 1 1 1 0.0 0.0 0.0
Se 1.151324270152e+01 1.742818706507e+01 1.968357859229e+01 1 1 1 0.0 0.0 0.0
Se 7.350548684935e+00 1.742818706507e+01 1.968357859229e+01 1 1 1 0.0 0.0 0.0
Se 3.187854668345e+00 1.742818706507e+01 1.968357859229e+01 1 1 1 0.0 0.0 0.0
Se 9.591999309131e+00 1.386280366939e+01 1.968357859229e+01 1 1 1 0.0 0.0 0.0
Se 5.429305292541e+00 1.386280366939e+01 1.968357859229e+01 1 1 1 0.0 0.0 0.0
Se 1.266611275951e+00 1.386280366939e+01 1.968357859229e+01 1 1 1 0.0 0.0 0.0
Se 1.183344993333e+01 1.029742027371e+01 1.968357859229e+01 1 1 1 0.0 0.0 0.0
Se 7.670755916737e+00 1.029742027371e+01 1.968357859229e+01 1 1 1 0.0 0.0 0.0
Se 3.508061900147e+00 1.029742027371e+01 1.968357859229e+01 1 1 1 0.0 0.0 0.0
Se 9.912206540933e+00 6.732036878027e+00 1.968357859229e+01 1 1 1 0.0 0.0 0.0
Se 5.749512524343e+00 6.732036878027e+00 1.968357859229e+01 1 1 1 0.0 0.0 0.0
Se 1.586818507753e+00 6.732036878027e+00 1.968357859229e+01 1 1 1 0.0 0.0 0.0
Se 1.215365716513e+01 3.166653482347e+00 1.968357859229e+01 1 1 1 0.0 0.0 0.0
Se 7.990963148539e+00 3.166653482347e+00 1.968357859229e+01 1 1 1 0.0 0.0 0.0
Se 3.828269131949e+00 3.166653482347e+00 1.968357859229e+01 1 1 1 0.0 0.0 0.0
Se 1.119303546972e+01 2.455895385643e+01 1.968357859229e+01 1 1 1 0.0 0.0 0.0
Se 7.030341453133e+00 2.455895385643e+01 1.968357859229e+01 1 1 1 0.0 0.0 0.0
Se 2.867647436543e+00 2.455895385643e+01 1.968357859229e+01 1 1 1 0.0 0.0 0.0
Se 9.271792077329e+00 2.099357046075e+01 1.968357859229e+01 1 1 1 0.0 0.0 0.0
Se 5.109098060739e+00 2.099357046075e+01 1.968357859229e+01 1 1 1 0.0 0.0 0.0
Se 9.464040441489e-01 2.099357046075e+01 1.968357859229e+01 1 1 1 0.0 0.0 0.0
"