calculation_mode = "Quench Electrons"
cell_relax = "False"
charge_density_mixing = "0.1"
charge_mixing_type = "Broyden"
description = "Example parameters for high-throughput bulk relaxation of a vdW material"
dos_broading = "0.05"
dos_method = "Gaussian"
energy_convergence_criterion = "1e-10"
energy_output_units = "Hartrees"
kohn_sham_mucycles = "3"
kohn_sham_solver = "davidson"
kpoint_distribution = "1"
kpoint_mesh = "2 1 1"
localize_projectors = "False"
max_md_steps = "100"
max_scf_steps = "200"
non_local_block_size = "4000"
output_wave_function_file = "/dev/null"
potential_acceleration_constant_step = "1.5"
processor_grid = "2 16 14"
rms_convergence_criterion = "1e-08"
scalapack_block_factor = "64"
start_mode = "LCAO Start"
state_block_size = "64"
stress = "True"
subdiag_driver = "scalapack"
use_async_allreduce = "False"
vdw_corr = "DFT-D3"
vdwdf_kernel_filepath = "/lustre/orion/world-shared/cph162/rjmorelock/rmgdft/XC/vdW_kernel_table"
wavefunction_grid = "60 384 378"
write_data_period = "50"

atomic_coordinate_type = "Absolute"
crds_units = "Angstrom"
lattice_units = "Angstrom"

lattice_vector = "
6.927141563561e+00 0.000000000000e+00 4.000000000000e-16
1.731785393384e+00 4.499310427385e+01 2.800000000000e-15
0.000000000000e+00 0.000000000000e+00 4.446241589303e+01
"
atoms = "
Nb 6.116726092120e-01 8.005795505029e-01 1.532833092694e+01 1 1 1 0.0 0.0 0.0
Nb 4.075243390992e+00 8.005795505029e-01 1.532833092694e+01 1 1 1 0.0 0.0 0.0
Nb 2.343458000268e+00 3.800119835426e+00 1.532833092694e+01 1 1 1 0.0 0.0 0.0
Nb 5.807028782049e+00 3.800119835426e+00 1.532833092694e+01 1 1 1 0.0 0.0 0.0
Nb 4.075243391325e+00 6.799660120349e+00 1.532833092694e+01 1 1 1 0.0 0.0 0.0
Nb 6.116726095445e-01 6.799660120349e+00 1.532833092694e+01 1 1 1 0.0 0.0 0.0
Nb 2.343458000601e+00 9.799200405273e+00 1.532833092694e+01 1 1 1 0.0 0.0 0.0
Nb 5.807028782381e+00 9.799200405273e+00 1.532833092694e+01 1 1 1 0.0 0.0 0.0
Nb 4.075243391657e+00 1.279874069020e+01 1.532833092694e+01 1 1 1 0.0 0.0 0.0
Nb 6.116726098771e-01 1.279874069020e+01 1.532833092694e+01 1 1 1 0.0 0.0 0.0
Nb 2.343458000933e+00 1.579828097512e+01 1.532833092694e+01 1 1 1 0.0 0.0 0.0
Nb 5.807028782714e+00 1.579828097512e+01 1.532833092694e+01 1 1 1 0.0 0.0 0.0
Nb 4.075243391990e+00 1.879782126004e+01 1.532833092694e+01 1 1 1 0.0 0.0 0.0
Nb 7.538814173770e+00 1.879782126004e+01 1.532833092694e+01 1 1 1 0.0 0.0 0.0
Nb 2.343458001266e+00 2.179736154497e+01 1.532833092694e+01 1 1 1 0.0 0.0 0.0
Nb 5.807028783046e+00 2.179736154497e+01 1.532833092694e+01 1 1 1 0.0 0.0 0.0
Nb 4.075243392322e+00 2.479690182989e+01 1.532833092694e+01 1 1 1 0.0 0.0 0.0
Nb 7.538814174103e+00 2.479690182989e+01 1.532833092694e+01 1 1 1 0.0 0.0 0.0
Nb 2.343458001599e+00 2.779644211481e+01 1.532833092694e+01 1 1 1 0.0 0.0 0.0
Nb 5.807028783379e+00 2.779644211481e+01 1.532833092694e+01 1 1 1 0.0 0.0 0.0
Nb 4.075243392655e+00 3.079598239974e+01 1.532833092694e+01 1 1 1 0.0 0.0 0.0
Nb 7.538814174435e+00 3.079598239974e+01 1.532833092694e+01 1 1 1 0.0 0.0 0.0
Nb 2.343458001931e+00 3.379552268466e+01 1.532833092694e+01 1 1 1 0.0 0.0 0.0
Nb 5.807028783711e+00 3.379552268466e+01 1.532833092694e+01 1 1 1 0.0 0.0 0.0
Nb 4.075243392987e+00 3.679506296958e+01 1.532833092694e+01 1 1 1 0.0 0.0 0.0
Nb 7.538814174768e+00 3.679506296958e+01 1.532833092694e+01 1 1 1 0.0 0.0 0.0
Nb 2.343458002264e+00 3.979460325451e+01 1.532833092694e+01 1 1 1 0.0 0.0 0.0
Nb 5.807028784044e+00 3.979460325451e+01 1.532833092694e+01 1 1 1 0.0 0.0 0.0
Nb 4.075243393320e+00 4.279414353943e+01 1.532833092694e+01 1 1 1 0.0 0.0 0.0
Nb 7.538814175100e+00 4.279414353943e+01 1.532833092694e+01 1 1 1 0.0 0.0 0.0
Nb 6.106897697687e-01 8.103357092944e-01 9.182088683320e+00 1 1 1 0.0 0.0 0.0
Nb 4.074260551549e+00 8.103357092944e-01 9.182088683320e+00 1 1 1 0.0 0.0 0.0
Nb 2.342475160825e+00 3.809875994218e+00 9.182088683320e+00 1 1 1 0.0 0.0 0.0
Nb 5.806045942605e+00 3.809875994218e+00 9.182088683320e+00 1 1 1 0.0 0.0 0.0
Nb 4.074260551882e+00 6.809416279141e+00 9.182088683320e+00 1 1 1 0.0 0.0 0.0
Nb 6.106897701012e-01 6.809416279141e+00 9.182088683320e+00 1 1 1 0.0 0.0 0.0
Nb 2.342475161158e+00 9.808956564064e+00 9.182088683320e+00 1 1 1 0.0 0.0 0.0
Nb 5.806045942938e+00 9.808956564064e+00 9.182088683320e+00 1 1 1 0.0 0.0 0.0
Nb 4.074260552214e+00 1.280849684899e+01 9.182088683320e+00 1 1 1 0.0 0.0 0.0
Nb 6.106897704338e-01 1.280849684899e+01 9.182088683320e+00 1 1 1 0.0 0.0 0.0
Nb 2.342475161490e+00 1.580803713391e+01 9.182088683320e+00 1 1 1 0.0 0.0 0.0
Nb 5.806045943270e+00 1.580803713391e+01 9.182088683320e+00 1 1 1 0.0 0.0 0.0
Nb 4.074260552547e+00 1.880757741883e+01 9.182088683320e+00 1 1 1 0.0 0.0 0.0
Nb 7.537831334327e+00 1.880757741883e+01 9.182088683320e+00 1 1 1 0.0 0.0 0.0
Nb 2.342475161823e+00 2.180711770376e+01 9.182088683320e+00 1 1 1 0.0 0.0 0.0
Nb 5.806045943603e+00 2.180711770376e+01 9.182088683320e+00 1 1 1 0.0 0.0 0.0
Nb 4.074260552879e+00 2.480665798868e+01 9.182088683320e+00 1 1 1 0.0 0.0 0.0
Nb 7.537831334659e+00 2.480665798868e+01 9.182088683320e+00 1 1 1 0.0 0.0 0.0
Nb 2.342475162155e+00 2.780619827360e+01 9.182088683320e+00 1 1 1 0.0 0.0 0.0
Nb 5.806045943935e+00 2.780619827360e+01 9.182088683320e+00 1 1 1 0.0 0.0 0.0
Nb 4.074260553212e+00 3.080573855853e+01 9.182088683320e+00 1 1 1 0.0 0.0 0.0
Nb 7.537831334992e+00 3.080573855853e+01 9.182088683320e+00 1 1 1 0.0 0.0 0.0
Nb 2.342475162488e+00 3.380527884345e+01 9.182088683320e+00 1 1 1 0.0 0.0 0.0
Nb 5.806045944268e+00 3.380527884345e+01 9.182088683320e+00 1 1 1 0.0 0.0 0.0
Nb 4.074260553544e+00 3.680481912837e+01 9.182088683320e+00 1 1 1 0.0 0.0 0.0
Nb 7.537831335324e+00 3.680481912837e+01 9.182088683320e+00 1 1 1 0.0 0.0 0.0
Nb 2.342475162820e+00 3.980435941330e+01 9.182088683320e+00 1 1 1 0.0 0.0 0.0
Nb 5.806045944601e+00 3.980435941330e+01 9.182088683320e+00 1 1 1 0.0 0.0 0.0
Nb 4.074260553877e+00 4.280389969822e+01 9.182088683320e+00 1 1 1 0.0 0.0 0.0
Nb 7.537831335657e+00 4.280389969822e+01 9.182088683320e+00 1 1 1 0.0 0.0 0.0
Bi 4.055139617589e+00 3.966780837951e+01 3.532095071834e+01 1 1 1 0.0 0.0 0.0
Bi 7.601176370245e+00 3.752527960457e+01 3.532095071834e+01 1 1 1 0.0 0.0 0.0
Bi 4.220071559341e+00 3.538275082962e+01 3.532095071834e+01 1 1 1 0.0 0.0 0.0
Bi 7.766108311997e+00 3.324022205468e+01 3.532095071834e+01 1 1 1 0.0 0.0 0.0
Bi 4.385003501093e+00 3.109769327973e+01 3.532095071834e+01 1 1 1 0.0 0.0 0.0
Bi 7.931040253749e+00 2.895516450479e+01 3.532095071834e+01 1 1 1 0.0 0.0 0.0
Bi 4.549935442845e+00 2.681263572984e+01 3.532095071834e+01 1 1 1 0.0 0.0 0.0
Bi 1.168830631941e+00 2.467010695490e+01 3.532095071834e+01 1 1 1 0.0 0.0 0.0
Bi 4.714867384597e+00 2.252757817995e+01 3.532095071834e+01 1 1 1 0.0 0.0 0.0
Bi 1.333762573693e+00 2.038504940501e+01 3.532095071834e+01 1 1 1 0.0 0.0 0.0
Bi 4.879799326349e+00 1.824252063006e+01 3.532095071834e+01 1 1 1 0.0 0.0 0.0
Bi 1.498694515445e+00 1.609999185512e+01 3.532095071834e+01 1 1 1 0.0 0.0 0.0
Bi 5.044731268101e+00 1.395746308017e+01 3.532095071834e+01 1 1 1 0.0 0.0 0.0
Bi 1.663626457197e+00 1.181493430523e+01 3.532095071834e+01 1 1 1 0.0 0.0 0.0
Bi 5.209663209853e+00 9.672405530281e+00 3.532095071834e+01 1 1 1 0.0 0.0 0.0
Bi 1.828558398949e+00 7.529876755336e+00 3.532095071834e+01 1 1 1 0.0 0.0 0.0
Bi 5.374595151605e+00 5.387347980391e+00 3.532095071834e+01 1 1 1 0.0 0.0 0.0
Bi 1.993490340701e+00 3.244819205446e+00 3.532095071834e+01 1 1 1 0.0 0.0 0.0
Bi 5.539527093357e+00 1.102290430501e+00 3.532095071834e+01 1 1 1 0.0 0.0 0.0
Bi 3.890207675837e+00 4.395286592940e+01 3.532095071834e+01 1 1 1 0.0 0.0 0.0
Bi 7.436244428493e+00 4.181033715446e+01 3.532095071834e+01 1 1 1 0.0 0.0 0.0
Bi 1.769588062103e+00 3.969355537756e+01 3.133430771007e+01 1 1 1 0.0 0.0 0.0
Bi 5.315624814760e+00 3.755102660261e+01 3.133430771007e+01 1 1 1 0.0 0.0 0.0
Bi 1.934520003855e+00 3.540849782767e+01 3.133430771007e+01 1 1 1 0.0 0.0 0.0
Bi 5.480556756512e+00 3.326596905272e+01 3.133430771007e+01 1 1 1 0.0 0.0 0.0
Bi 2.099451945607e+00 3.112344027778e+01 3.133430771007e+01 1 1 1 0.0 0.0 0.0
Bi 5.645488698264e+00 2.898091150283e+01 3.133430771007e+01 1 1 1 0.0 0.0 0.0
Bi 2.264383887359e+00 2.683838272789e+01 3.133430771007e+01 1 1 1 0.0 0.0 0.0
Bi 5.810420640016e+00 2.469585395294e+01 3.133430771007e+01 1 1 1 0.0 0.0 0.0
Bi 2.429315829111e+00 2.255332517800e+01 3.133430771007e+01 1 1 1 0.0 0.0 0.0
Bi 5.975352581768e+00 2.041079640305e+01 3.133430771007e+01 1 1 1 0.0 0.0 0.0
Bi 2.594247770863e+00 1.826826762811e+01 3.133430771007e+01 1 1 1 0.0 0.0 0.0
Bi 6.140284523520e+00 1.612573885316e+01 3.133430771007e+01 1 1 1 0.0 0.0 0.0
Bi 2.759179712615e+00 1.398321007822e+01 3.133430771007e+01 1 1 1 0.0 0.0 0.0
Bi 6.305216465272e+00 1.184068130327e+01 3.133430771007e+01 1 1 1 0.0 0.0 0.0
Bi 2.924111654367e+00 9.698152528325e+00 3.133430771007e+01 1 1 1 0.0 0.0 0.0
Bi 6.470148407024e+00 7.555623753380e+00 3.133430771007e+01 1 1 1 0.0 0.0 0.0
Bi 3.089043596120e+00 5.413094978435e+00 3.133430771007e+01 1 1 1 0.0 0.0 0.0
Bi 6.635080348776e+00 3.270566203490e+00 3.133430771007e+01 1 1 1 0.0 0.0 0.0
Bi 3.253975537872e+00 1.128037428544e+00 3.133430771007e+01 1 1 1 0.0 0.0 0.0
Bi 8.531797683912e+00 4.397861292745e+01 3.133430771007e+01 1 1 1 0.0 0.0 0.0
Bi 5.150692873008e+00 4.183608415250e+01 3.133430771007e+01 1 1 1 0.0 0.0 0.0
Bi 1.750321170342e+00 3.976101958215e+01 2.529282906773e+01 1 1 1 0.0 0.0 0.0
Bi 5.296357922998e+00 3.761849080720e+01 2.529282906773e+01 1 1 1 0.0 0.0 0.0
Bi 1.915253112094e+00 3.547596203226e+01 2.529282906773e+01 1 1 1 0.0 0.0 0.0
Bi 5.461289864750e+00 3.333343325731e+01 2.529282906773e+01 1 1 1 0.0 0.0 0.0
Bi 2.080185053846e+00 3.119090448237e+01 2.529282906773e+01 1 1 1 0.0 0.0 0.0
Bi 5.626221806502e+00 2.904837570742e+01 2.529282906773e+01 1 1 1 0.0 0.0 0.0
Bi 2.245116995598e+00 2.690584693248e+01 2.529282906773e+01 1 1 1 0.0 0.0 0.0
Bi 5.791153748254e+00 2.476331815753e+01 2.529282906773e+01 1 1 1 0.0 0.0 0.0
Bi 2.410048937350e+00 2.262078938259e+01 2.529282906773e+01 1 1 1 0.0 0.0 0.0
Bi 5.956085690006e+00 2.047826060764e+01 2.529282906773e+01 1 1 1 0.0 0.0 0.0
Bi 2.574980879102e+00 1.833573183270e+01 2.529282906773e+01 1 1 1 0.0 0.0 0.0
Bi 6.121017631758e+00 1.619320305775e+01 2.529282906773e+01 1 1 1 0.0 0.0 0.0
Bi 2.739912820854e+00 1.405067428281e+01 2.529282906773e+01 1 1 1 0.0 0.0 0.0
Bi 6.285949573510e+00 1.190814550786e+01 2.529282906773e+01 1 1 1 0.0 0.0 0.0
Bi 2.904844762606e+00 9.765616732917e+00 2.529282906773e+01 1 1 1 0.0 0.0 0.0
Bi 6.450881515262e+00 7.623087957972e+00 2.529282906773e+01 1 1 1 0.0 0.0 0.0
Bi 3.069776704358e+00 5.480559183027e+00 2.529282906773e+01 1 1 1 0.0 0.0 0.0
Bi 6.615813457014e+00 3.338030408082e+00 2.529282906773e+01 1 1 1 0.0 0.0 0.0
Bi 3.234708646110e+00 1.195501633137e+00 2.529282906773e+01 1 1 1 0.0 0.0 0.0
Bi 8.512530792150e+00 4.404607713204e+01 2.529282906773e+01 1 1 1 0.0 0.0 0.0
Bi 5.131425981246e+00 4.190354835710e+01 2.529282906773e+01 1 1 1 0.0 0.0 0.0
Bi 6.388945683277e+00 3.976271404402e+01 2.132110864621e+01 1 1 1 0.0 0.0 0.0
Bi 3.007840872373e+00 3.762018526908e+01 2.132110864621e+01 1 1 1 0.0 0.0 0.0
Bi 6.553877625029e+00 3.547765649413e+01 2.132110864621e+01 1 1 1 0.0 0.0 0.0
Bi 3.172772814125e+00 3.333512771919e+01 2.132110864621e+01 1 1 1 0.0 0.0 0.0
Bi 6.718809566781e+00 3.119259894424e+01 2.132110864621e+01 1 1 1 0.0 0.0 0.0
Bi 3.337704755877e+00 2.905007016930e+01 2.132110864621e+01 1 1 1 0.0 0.0 0.0
Bi 6.883741508533e+00 2.690754139435e+01 2.132110864621e+01 1 1 1 0.0 0.0 0.0
Bi 3.502636697629e+00 2.476501261941e+01 2.132110864621e+01 1 1 1 0.0 0.0 0.0
Bi 7.048673450285e+00 2.262248384446e+01 2.132110864621e+01 1 1 1 0.0 0.0 0.0
Bi 3.667568639381e+00 2.047995506952e+01 2.132110864621e+01 1 1 1 0.0 0.0 0.0
Bi 7.213605392037e+00 1.833742629457e+01 2.132110864621e+01 1 1 1 0.0 0.0 0.0
Bi 3.832500581133e+00 1.619489751963e+01 2.132110864621e+01 1 1 1 0.0 0.0 0.0
Bi 7.378537333789e+00 1.405236874468e+01 2.132110864621e+01 1 1 1 0.0 0.0 0.0
Bi 3.997432522885e+00 1.190983996974e+01 2.132110864621e+01 1 1 1 0.0 0.0 0.0
Bi 6.163277119807e-01 9.767311194792e+00 2.132110864621e+01 1 1 1 0.0 0.0 0.0
Bi 4.162364464637e+00 7.624782419847e+00 2.132110864621e+01 1 1 1 0.0 0.0 0.0
Bi 7.812596537327e-01 5.482253644902e+00 2.132110864621e+01 1 1 1 0.0 0.0 0.0
Bi 4.327296406389e+00 3.339724869956e+00 2.132110864621e+01 1 1 1 0.0 0.0 0.0
Bi 9.461915954848e-01 1.197196095011e+00 2.132110864621e+01 1 1 1 0.0 0.0 0.0
Bi 6.224013741525e+00 4.404777159391e+01 2.132110864621e+01 1 1 1 0.0 0.0 0.0
Bi 2.842908930621e+00 4.190524281897e+01 2.132110864621e+01 1 1 1 0.0 0.0 0.0
Se 4.074700274615e+00 4.480394580712e+01 7.500000000000e+00 1 1 1 0.0 0.0 0.0
Se 7.538271056396e+00 4.480394580712e+01 7.500000000000e+00 1 1 1 0.0 0.0 0.0
Se 4.074700272288e+00 2.810381818199e+00 7.500000000000e+00 1 1 1 0.0 0.0 0.0
Se 6.111294905073e-01 2.810381818199e+00 7.500000000000e+00 1 1 1 0.0 0.0 0.0
Se 5.806485663344e+00 5.809922103122e+00 7.500000000000e+00 1 1 1 0.0 0.0 0.0
Se 2.342914881564e+00 5.809922103122e+00 7.500000000000e+00 1 1 1 0.0 0.0 0.0
Se 4.074700272620e+00 8.809462388045e+00 7.500000000000e+00 1 1 1 0.0 0.0 0.0
Se 6.111294908399e-01 8.809462388045e+00 7.500000000000e+00 1 1 1 0.0 0.0 0.0
Se 5.806485663677e+00 1.180900267297e+01 7.500000000000e+00 1 1 1 0.0 0.0 0.0
Se 2.342914881896e+00 1.180900267297e+01 7.500000000000e+00 1 1 1 0.0 0.0 0.0
Se 4.074700272953e+00 1.480854295789e+01 7.500000000000e+00 1 1 1 0.0 0.0 0.0
Se 6.111294911724e-01 1.480854295789e+01 7.500000000000e+00 1 1 1 0.0 0.0 0.0
Se 5.806485664009e+00 1.780808324281e+01 7.500000000000e+00 1 1 1 0.0 0.0 0.0
Se 2.342914882229e+00 1.780808324281e+01 7.500000000000e+00 1 1 1 0.0 0.0 0.0
Se 4.074700273285e+00 2.080762352774e+01 7.500000000000e+00 1 1 1 0.0 0.0 0.0
Se 7.538271055065e+00 2.080762352774e+01 7.500000000000e+00 1 1 1 0.0 0.0 0.0
Se 5.806485664342e+00 2.380716381266e+01 7.500000000000e+00 1 1 1 0.0 0.0 0.0
Se 2.342914882561e+00 2.380716381266e+01 7.500000000000e+00 1 1 1 0.0 0.0 0.0
Se 4.074700273618e+00 2.680670409758e+01 7.500000000000e+00 1 1 1 0.0 0.0 0.0
Se 7.538271055398e+00 2.680670409758e+01 7.500000000000e+00 1 1 1 0.0 0.0 0.0
Se 5.806485664674e+00 2.980624438251e+01 7.500000000000e+00 1 1 1 0.0 0.0 0.0
Se 2.342914882894e+00 2.980624438251e+01 7.500000000000e+00 1 1 1 0.0 0.0 0.0
Se 4.074700273950e+00 3.280578466743e+01 7.500000000000e+00 1 1 1 0.0 0.0 0.0
Se 7.538271055731e+00 3.280578466743e+01 7.500000000000e+00 1 1 1 0.0 0.0 0.0
Se 5.806485665007e+00 3.580532495235e+01 7.500000000000e+00 1 1 1 0.0 0.0 0.0
Se 2.342914883226e+00 3.580532495235e+01 7.500000000000e+00 1 1 1 0.0 0.0 0.0
Se 4.074700274283e+00 3.880486523728e+01 7.500000000000e+00 1 1 1 0.0 0.0 0.0
Se 7.538271056063e+00 3.880486523728e+01 7.500000000000e+00 1 1 1 0.0 0.0 0.0
Se 5.806485665339e+00 4.180440552220e+01 7.500000000000e+00 1 1 1 0.0 0.0 0.0
Se 2.342914883559e+00 4.180440552220e+01 7.500000000000e+00 1 1 1 0.0 0.0 0.0
Se 2.343723405218e+00 4.379410413242e+01 1.364602824434e+01 1 1 1 0.0 0.0 0.0
Se 5.807294186998e+00 4.379410413242e+01 1.364602824434e+01 1 1 1 0.0 0.0 0.0
Se 2.343723402890e+00 1.800540143495e+00 1.364602824434e+01 1 1 1 0.0 0.0 0.0
Se 5.807294184671e+00 1.800540143495e+00 1.364602824434e+01 1 1 1 0.0 0.0 0.0
Se 4.075508793947e+00 4.800080428419e+00 1.364602824434e+01 1 1 1 0.0 0.0 0.0
Se 6.119380121665e-01 4.800080428419e+00 1.364602824434e+01 1 1 1 0.0 0.0 0.0
Se 2.343723403223e+00 7.799620713342e+00 1.364602824434e+01 1 1 1 0.0 0.0 0.0
Se 5.807294185003e+00 7.799620713342e+00 1.364602824434e+01 1 1 1 0.0 0.0 0.0
Se 4.075508794279e+00 1.079916099827e+01 1.364602824434e+01 1 1 1 0.0 0.0 0.0
Se 6.119380124991e-01 1.079916099827e+01 1.364602824434e+01 1 1 1 0.0 0.0 0.0
Se 2.343723403555e+00 1.379870128319e+01 1.364602824434e+01 1 1 1 0.0 0.0 0.0
Se 5.807294185336e+00 1.379870128319e+01 1.364602824434e+01 1 1 1 0.0 0.0 0.0
Se 4.075508794612e+00 1.679824156811e+01 1.364602824434e+01 1 1 1 0.0 0.0 0.0
Se 7.539079576392e+00 1.679824156811e+01 1.364602824434e+01 1 1 1 0.0 0.0 0.0
Se 2.343723403888e+00 1.979778185303e+01 1.364602824434e+01 1 1 1 0.0 0.0 0.0
Se 5.807294185668e+00 1.979778185303e+01 1.364602824434e+01 1 1 1 0.0 0.0 0.0
Se 4.075508794944e+00 2.279732213796e+01 1.364602824434e+01 1 1 1 0.0 0.0 0.0
Se 7.539079576725e+00 2.279732213796e+01 1.364602824434e+01 1 1 1 0.0 0.0 0.0
Se 2.343723404221e+00 2.579686242288e+01 1.364602824434e+01 1 1 1 0.0 0.0 0.0
Se 5.807294186001e+00 2.579686242288e+01 1.364602824434e+01 1 1 1 0.0 0.0 0.0
Se 4.075508795277e+00 2.879640270780e+01 1.364602824434e+01 1 1 1 0.0 0.0 0.0
Se 7.539079577057e+00 2.879640270780e+01 1.364602824434e+01 1 1 1 0.0 0.0 0.0
Se 2.343723404553e+00 3.179594299273e+01 1.364602824434e+01 1 1 1 0.0 0.0 0.0
Se 5.807294186333e+00 3.179594299273e+01 1.364602824434e+01 1 1 1 0.0 0.0 0.0
Se 4.075508795609e+00 3.479548327765e+01 1.364602824434e+01 1 1 1 0.0 0.0 0.0
Se 7.539079577390e+00 3.479548327765e+01 1.364602824434e+01 1 1 1 0.0 0.0 0.0
Se 2.343723404886e+00 3.779502356257e+01 1.364602824434e+01 1 1 1 0.0 0.0 0.0
Se 5.807294186666e+00 3.779502356257e+01 1.364602824434e+01 1 1 1 0.0 0.0 0.0
Se 4.075508795942e+00 4.079456384750e+01 1.364602824434e+01 1 1 1 0.0 0.0 0.0
Se 7.539079577722e+00 4.079456384750e+01 1.364602824434e+01 1 1 1 0.0 0.0 0.0
Se 4.074392918403e+00 4.480291443640e+01 1.086443756309e+01 1 1 1 0.0 0.0 0.0
Se 7.537963700183e+00 4.480291443640e+01 1.086443756309e+01 1 1 1 0.0 0.0 0.0
Se 4.074392916075e+00 2.809350447477e+00 1.086443756309e+01 1 1 1 0.0 0.0 0.0
Se 6.108221342950e-01 2.809350447477e+00 1.086443756309e+01 1 1 1 0.0 0.0 0.0
Se 5.806178307132e+00 5.808890732400e+00 1.086443756309e+01 1 1 1 0.0 0.0 0.0
Se 2.342607525351e+00 5.808890732400e+00 1.086443756309e+01 1 1 1 0.0 0.0 0.0
Se 4.074392916408e+00 8.808431017324e+00 1.086443756309e+01 1 1 1 0.0 0.0 0.0
Se 6.108221346276e-01 8.808431017324e+00 1.086443756309e+01 1 1 1 0.0 0.0 0.0
Se 5.806178307464e+00 1.180797130225e+01 1.086443756309e+01 1 1 1 0.0 0.0 0.0
Se 2.342607525684e+00 1.180797130225e+01 1.086443756309e+01 1 1 1 0.0 0.0 0.0
Se 4.074392916740e+00 1.480751158717e+01 1.086443756309e+01 1 1 1 0.0 0.0 0.0
Se 6.108221349601e-01 1.480751158717e+01 1.086443756309e+01 1 1 1 0.0 0.0 0.0
Se 5.806178307797e+00 1.780705187209e+01 1.086443756309e+01 1 1 1 0.0 0.0 0.0
Se 2.342607526016e+00 1.780705187209e+01 1.086443756309e+01 1 1 1 0.0 0.0 0.0
Se 4.074392917073e+00 2.080659215702e+01 1.086443756309e+01 1 1 1 0.0 0.0 0.0
Se 7.537963698853e+00 2.080659215702e+01 1.086443756309e+01 1 1 1 0.0 0.0 0.0
Se 5.806178308129e+00 2.380613244194e+01 1.086443756309e+01 1 1 1 0.0 0.0 0.0
Se 2.342607526349e+00 2.380613244194e+01 1.086443756309e+01 1 1 1 0.0 0.0 0.0
Se 4.074392917405e+00 2.680567272686e+01 1.086443756309e+01 1 1 1 0.0 0.0 0.0
Se 7.537963699186e+00 2.680567272686e+01 1.086443756309e+01 1 1 1 0.0 0.0 0.0
Se 5.806178308462e+00 2.980521301179e+01 1.086443756309e+01 1 1 1 0.0 0.0 0.0
Se 2.342607526682e+00 2.980521301179e+01 1.086443756309e+01 1 1 1 0.0 0.0 0.0
Se 4.074392917738e+00 3.280475329671e+01 1.086443756309e+01 1 1 1 0.0 0.0 0.0
Se 7.537963699518e+00 3.280475329671e+01 1.086443756309e+01 1 1 1 0.0 0.0 0.0
Se 5.806178308794e+00 3.580429358163e+01 1.086443756309e+01 1 1 1 0.0 0.0 0.0
Se 2.342607527014e+00 3.580429358163e+01 1.086443756309e+01 1 1 1 0.0 0.0 0.0
Se 4.074392918070e+00 3.880383386656e+01 1.086443756309e+01 1 1 1 0.0 0.0 0.0
Se 7.537963699851e+00 3.880383386656e+01 1.086443756309e+01 1 1 1 0.0 0.0 0.0
Se 5.806178309127e+00 4.180337415148e+01 1.086443756309e+01 1 1 1 0.0 0.0 0.0
Se 2.342607527347e+00 4.180337415148e+01 1.086443756309e+01 1 1 1 0.0 0.0 0.0
Se 2.343253837158e+00 4.379315608816e+01 1.701046802998e+01 1 1 1 0.0 0.0 0.0
Se 5.806824618939e+00 4.379315608816e+01 1.701046802998e+01 1 1 1 0.0 0.0 0.0
Se 2.343253834831e+00 1.799592099231e+00 1.701046802998e+01 1 1 1 0.0 0.0 0.0
Se 5.806824616611e+00 1.799592099231e+00 1.701046802998e+01 1 1 1 0.0 0.0 0.0
Se 4.075039225887e+00 4.799132384154e+00 1.701046802998e+01 1 1 1 0.0 0.0 0.0
Se 6.114684441067e-01 4.799132384154e+00 1.701046802998e+01 1 1 1 0.0 0.0 0.0
Se 2.343253835163e+00 7.798672669077e+00 1.701046802998e+01 1 1 1 0.0 0.0 0.0
Se 5.806824616943e+00 7.798672669077e+00 1.701046802998e+01 1 1 1 0.0 0.0 0.0
Se 4.075039226219e+00 1.079821295400e+01 1.701046802998e+01 1 1 1 0.0 0.0 0.0
Se 6.114684444392e-01 1.079821295400e+01 1.701046802998e+01 1 1 1 0.0 0.0 0.0
Se 2.343253835496e+00 1.379775323892e+01 1.701046802998e+01 1 1 1 0.0 0.0 0.0
Se 5.806824617276e+00 1.379775323892e+01 1.701046802998e+01 1 1 1 0.0 0.0 0.0
Se 4.075039226552e+00 1.679729352385e+01 1.701046802998e+01 1 1 1 0.0 0.0 0.0
Se 7.538610008332e+00 1.679729352385e+01 1.701046802998e+01 1 1 1 0.0 0.0 0.0
Se 2.343253835828e+00 1.979683380877e+01 1.701046802998e+01 1 1 1 0.0 0.0 0.0
Se 5.806824617608e+00 1.979683380877e+01 1.701046802998e+01 1 1 1 0.0 0.0 0.0
Se 4.075039226885e+00 2.279637409369e+01 1.701046802998e+01 1 1 1 0.0 0.0 0.0
Se 7.538610008665e+00 2.279637409369e+01 1.701046802998e+01 1 1 1 0.0 0.0 0.0
Se 2.343253836161e+00 2.579591437862e+01 1.701046802998e+01 1 1 1 0.0 0.0 0.0
Se 5.806824617941e+00 2.579591437862e+01 1.701046802998e+01 1 1 1 0.0 0.0 0.0
Se 4.075039227217e+00 2.879545466354e+01 1.701046802998e+01 1 1 1 0.0 0.0 0.0
Se 7.538610008997e+00 2.879545466354e+01 1.701046802998e+01 1 1 1 0.0 0.0 0.0
Se 2.343253836493e+00 3.179499494846e+01 1.701046802998e+01 1 1 1 0.0 0.0 0.0
Se 5.806824618273e+00 3.179499494846e+01 1.701046802998e+01 1 1 1 0.0 0.0 0.0
Se 4.075039227550e+00 3.479453523339e+01 1.701046802998e+01 1 1 1 0.0 0.0 0.0
Se 7.538610009330e+00 3.479453523339e+01 1.701046802998e+01 1 1 1 0.0 0.0 0.0
Se 2.343253836826e+00 3.779407551831e+01 1.701046802998e+01 1 1 1 0.0 0.0 0.0
Se 5.806824618606e+00 3.779407551831e+01 1.701046802998e+01 1 1 1 0.0 0.0 0.0
Se 4.075039227882e+00 4.079361580323e+01 1.701046802998e+01 1 1 1 0.0 0.0 0.0
Se 7.538610009662e+00 4.079361580323e+01 1.701046802998e+01 1 1 1 0.0 0.0 0.0
Se 1.734489134866e+00 3.966830877604e+01 3.696241589303e+01 1 1 1 0.0 0.0 0.0
Se 5.280525887522e+00 3.752578000109e+01 3.696241589303e+01 1 1 1 0.0 0.0 0.0
Se 1.899421076618e+00 3.538325122615e+01 3.696241589303e+01 1 1 1 0.0 0.0 0.0
Se 5.445457829274e+00 3.324072245120e+01 3.696241589303e+01 1 1 1 0.0 0.0 0.0
Se 2.064353018370e+00 3.109819367626e+01 3.696241589303e+01 1 1 1 0.0 0.0 0.0
Se 5.610389771026e+00 2.895566490131e+01 3.696241589303e+01 1 1 1 0.0 0.0 0.0
Se 2.229284960122e+00 2.681313612637e+01 3.696241589303e+01 1 1 1 0.0 0.0 0.0
Se 5.775321712778e+00 2.467060735142e+01 3.696241589303e+01 1 1 1 0.0 0.0 0.0
Se 2.394216901874e+00 2.252807857648e+01 3.696241589303e+01 1 1 1 0.0 0.0 0.0
Se 5.940253654530e+00 2.038554980153e+01 3.696241589303e+01 1 1 1 0.0 0.0 0.0
Se 2.559148843626e+00 1.824302102659e+01 3.696241589303e+01 1 1 1 0.0 0.0 0.0
Se 6.105185596282e+00 1.610049225164e+01 3.696241589303e+01 1 1 1 0.0 0.0 0.0
Se 2.724080785378e+00 1.395796347670e+01 3.696241589303e+01 1 1 1 0.0 0.0 0.0
Se 6.270117538034e+00 1.181543470175e+01 3.696241589303e+01 1 1 1 0.0 0.0 0.0
Se 2.889012727130e+00 9.672905926805e+00 3.696241589303e+01 1 1 1 0.0 0.0 0.0
Se 6.435049479786e+00 7.530377151860e+00 3.696241589303e+01 1 1 1 0.0 0.0 0.0
Se 3.053944668882e+00 5.387848376915e+00 3.696241589303e+01 1 1 1 0.0 0.0 0.0
Se 6.599981421538e+00 3.245319601970e+00 3.696241589303e+01 1 1 1 0.0 0.0 0.0
Se 3.218876610634e+00 1.102790827024e+00 3.696241589303e+01 1 1 1 0.0 0.0 0.0
Se 8.496698756675e+00 4.395336632593e+01 3.696241589303e+01 1 1 1 0.0 0.0 0.0
Se 5.115593945770e+00 4.181083755098e+01 3.696241589303e+01 1 1 1 0.0 0.0 0.0
Se 6.387744820681e+00 3.967440547287e+01 3.332483142763e+01 1 1 1 0.0 0.0 0.0
Se 3.006640009777e+00 3.753187669792e+01 3.332483142763e+01 1 1 1 0.0 0.0 0.0
Se 6.552676762433e+00 3.538934792298e+01 3.332483142763e+01 1 1 1 0.0 0.0 0.0
Se 3.171571951529e+00 3.324681914803e+01 3.332483142763e+01 1 1 1 0.0 0.0 0.0
Se 6.717608704185e+00 3.110429037309e+01 3.332483142763e+01 1 1 1 0.0 0.0 0.0
Se 3.336503893281e+00 2.896176159814e+01 3.332483142763e+01 1 1 1 0.0 0.0 0.0
Se 6.882540645937e+00 2.681923282320e+01 3.332483142763e+01 1 1 1 0.0 0.0 0.0
Se 3.501435835033e+00 2.467670404825e+01 3.332483142763e+01 1 1 1 0.0 0.0 0.0
Se 7.047472587689e+00 2.253417527331e+01 3.332483142763e+01 1 1 1 0.0 0.0 0.0
Se 3.666367776785e+00 2.039164649836e+01 3.332483142763e+01 1 1 1 0.0 0.0 0.0
Se 7.212404529441e+00 1.824911772342e+01 3.332483142763e+01 1 1 1 0.0 0.0 0.0
Se 3.831299718537e+00 1.610658894847e+01 3.332483142763e+01 1 1 1 0.0 0.0 0.0
Se 7.377336471193e+00 1.396406017353e+01 3.332483142763e+01 1 1 1 0.0 0.0 0.0
Se 3.996231660289e+00 1.182153139858e+01 3.332483142763e+01 1 1 1 0.0 0.0 0.0
Se 6.151268493850e-01 9.679002623635e+00 3.332483142763e+01 1 1 1 0.0 0.0 0.0
Se 4.161163602041e+00 7.536473848690e+00 3.332483142763e+01 1 1 1 0.0 0.0 0.0
Se 7.800587911370e-01 5.393945073745e+00 3.332483142763e+01 1 1 1 0.0 0.0 0.0
Se 4.326095543793e+00 3.251416298800e+00 3.332483142763e+01 1 1 1 0.0 0.0 0.0
Se 9.449907328890e-01 1.108887523854e+00 3.332483142763e+01 1 1 1 0.0 0.0 0.0
Se 6.222812878929e+00 4.395946302276e+01 3.332483142763e+01 1 1 1 0.0 0.0 0.0
Se 2.841708068025e+00 4.181693424781e+01 3.332483142763e+01 1 1 1 0.0 0.0 0.0
Se 4.069189469017e+00 3.968348342216e+01 2.969131231352e+01 1 1 1 0.0 0.0 0.0
Se 7.615226221673e+00 3.754095464721e+01 2.969131231352e+01 1 1 1 0.0 0.0 0.0
Se 4.234121410769e+00 3.539842587227e+01 2.969131231352e+01 1 1 1 0.0 0.0 0.0
Se 7.780158163425e+00 3.325589709732e+01 2.969131231352e+01 1 1 1 0.0 0.0 0.0
Se 4.399053352521e+00 3.111336832238e+01 2.969131231352e+01 1 1 1 0.0 0.0 0.0
Se 7.945090105177e+00 2.897083954743e+01 2.969131231352e+01 1 1 1 0.0 0.0 0.0
Se 4.563985294273e+00 2.682831077249e+01 2.969131231352e+01 1 1 1 0.0 0.0 0.0
Se 1.182880483368e+00 2.468578199754e+01 2.969131231352e+01 1 1 1 0.0 0.0 0.0
Se 4.728917236025e+00 2.254325322259e+01 2.969131231352e+01 1 1 1 0.0 0.0 0.0
Se 1.347812425120e+00 2.040072444765e+01 2.969131231352e+01 1 1 1 0.0 0.0 0.0
Se 4.893849177777e+00 1.825819567270e+01 2.969131231352e+01 1 1 1 0.0 0.0 0.0
Se 1.512744366872e+00 1.611566689776e+01 2.969131231352e+01 1 1 1 0.0 0.0 0.0
Se 5.058781119529e+00 1.397313812281e+01 2.969131231352e+01 1 1 1 0.0 0.0 0.0
Se 1.677676308624e+00 1.183060934787e+01 2.969131231352e+01 1 1 1 0.0 0.0 0.0
Se 5.223713061281e+00 9.688080572924e+00 2.969131231352e+01 1 1 1 0.0 0.0 0.0
Se 1.842608250376e+00 7.545551797979e+00 2.969131231352e+01 1 1 1 0.0 0.0 0.0
Se 5.388645003033e+00 5.403023023034e+00 2.969131231352e+01 1 1 1 0.0 0.0 0.0
Se 2.007540192128e+00 3.260494248088e+00 2.969131231352e+01 1 1 1 0.0 0.0 0.0
Se 5.553576944785e+00 1.117965473143e+00 2.969131231352e+01 1 1 1 0.0 0.0 0.0
Se 3.904257527264e+00 4.396854097205e+01 2.969131231352e+01 1 1 1 0.0 0.0 0.0
Se 7.450294279921e+00 4.182601219710e+01 2.969131231352e+01 1 1 1 0.0 0.0 0.0
Se 6.390300812092e+00 3.975863667240e+01 2.692457590224e+01 1 1 1 0.0 0.0 0.0
Se 3.009196001188e+00 3.761610789746e+01 2.692457590224e+01 1 1 1 0.0 0.0 0.0
Se 6.555232753844e+00 3.547357912251e+01 2.692457590224e+01 1 1 1 0.0 0.0 0.0
Se 3.174127942940e+00 3.333105034757e+01 2.692457590224e+01 1 1 1 0.0 0.0 0.0
Se 6.720164695596e+00 3.118852157262e+01 2.692457590224e+01 1 1 1 0.0 0.0 0.0
Se 3.339059884692e+00 2.904599279768e+01 2.692457590224e+01 1 1 1 0.0 0.0 0.0
Se 6.885096637348e+00 2.690346402273e+01 2.692457590224e+01 1 1 1 0.0 0.0 0.0
Se 3.503991826444e+00 2.476093524779e+01 2.692457590224e+01 1 1 1 0.0 0.0 0.0
Se 7.050028579100e+00 2.261840647284e+01 2.692457590224e+01 1 1 1 0.0 0.0 0.0
Se 3.668923768196e+00 2.047587769790e+01 2.692457590224e+01 1 1 1 0.0 0.0 0.0
Se 7.214960520852e+00 1.833334892295e+01 2.692457590224e+01 1 1 1 0.0 0.0 0.0
Se 3.833855709948e+00 1.619082014801e+01 2.692457590224e+01 1 1 1 0.0 0.0 0.0
Se 7.379892462604e+00 1.404829137306e+01 2.692457590224e+01 1 1 1 0.0 0.0 0.0
Se 3.998787651700e+00 1.190576259812e+01 2.692457590224e+01 1 1 1 0.0 0.0 0.0
Se 6.176828407959e-01 9.763233823172e+00 2.692457590224e+01 1 1 1 0.0 0.0 0.0
Se 4.163719593452e+00 7.620705048227e+00 2.692457590224e+01 1 1 1 0.0 0.0 0.0
Se 7.826147825479e-01 5.478176273281e+00 2.692457590224e+01 1 1 1 0.0 0.0 0.0
Se 4.328651535204e+00 3.335647498336e+00 2.692457590224e+01 1 1 1 0.0 0.0 0.0
Se 9.475467242999e-01 1.193118723391e+00 2.692457590224e+01 1 1 1 0.0 0.0 0.0
Se 6.225368870340e+00 4.404369422229e+01 2.692457590224e+01 1 1 1 0.0 0.0 0.0
Se 2.844264059436e+00 4.190116544735e+01 2.692457590224e+01 1 1 1 0.0 0.0 0.0
Se 4.063891942856e+00 3.976753411277e+01 2.330671355540e+01 1 1 1 0.0 0.0 0.0
Se 7.609928695512e+00 3.762500533782e+01 2.330671355540e+01 1 1 1 0.0 0.0 0.0
Se 4.228823884608e+00 3.548247656288e+01 2.330671355540e+01 1 1 1 0.0 0.0 0.0
Se 7.774860637264e+00 3.333994778793e+01 2.330671355540e+01 1 1 1 0.0 0.0 0.0
Se 4.393755826360e+00 3.119741901299e+01 2.330671355540e+01 1 1 1 0.0 0.0 0.0
Se 7.939792579016e+00 2.905489023804e+01 2.330671355540e+01 1 1 1 0.0 0.0 0.0
Se 4.558687768112e+00 2.691236146310e+01 2.330671355540e+01 1 1 1 0.0 0.0 0.0
Se 1.177582957208e+00 2.476983268815e+01 2.330671355540e+01 1 1 1 0.0 0.0 0.0
Se 4.723619709864e+00 2.262730391321e+01 2.330671355540e+01 1 1 1 0.0 0.0 0.0
Se 1.342514898960e+00 2.048477513826e+01 2.330671355540e+01 1 1 1 0.0 0.0 0.0
Se 4.888551651616e+00 1.834224636332e+01 2.330671355540e+01 1 1 1 0.0 0.0 0.0
Se 1.507446840712e+00 1.619971758837e+01 2.330671355540e+01 1 1 1 0.0 0.0 0.0
Se 5.053483593368e+00 1.405718881343e+01 2.330671355540e+01 1 1 1 0.0 0.0 0.0
Se 1.672378782464e+00 1.191466003848e+01 2.330671355540e+01 1 1 1 0.0 0.0 0.0
Se 5.218415535120e+00 9.772131263535e+00 2.330671355540e+01 1 1 1 0.0 0.0 0.0
Se 1.837310724216e+00 7.629602488589e+00 2.330671355540e+01 1 1 1 0.0 0.0 0.0
Se 5.383347476872e+00 5.487073713644e+00 2.330671355540e+01 1 1 1 0.0 0.0 0.0
Se 2.002242665968e+00 3.344544938699e+00 2.330671355540e+01 1 1 1 0.0 0.0 0.0
Se 5.548279418624e+00 1.202016163754e+00 2.330671355540e+01 1 1 1 0.0 0.0 0.0
Se 3.898960001104e+00 4.405259166266e+01 2.330671355540e+01 1 1 1 0.0 0.0 0.0
Se 7.444996753760e+00 4.191006288771e+01 2.330671355540e+01 1 1 1 0.0 0.0 0.0
Se 1.742927034157e+00 3.976157075224e+01 1.968357859229e+01 1 1 1 0.0 0.0 0.0
Se 5.288963786814e+00 3.761904197730e+01 1.968357859229e+01 1 1 1 0.0 0.0 0.0
Se 1.907858975909e+00 3.547651320235e+01 1.968357859229e+01 1 1 1 0.0 0.0 0.0
Se 5.453895728566e+00 3.333398442741e+01 1.968357859229e+01 1 1 1 0.0 0.0 0.0
Se 2.072790917661e+00 3.119145565246e+01 1.968357859229e+01 1 1 1 0.0 0.0 0.0
Se 5.618827670318e+00 2.904892687752e+01 1.968357859229e+01 1 1 1 0.0 0.0 0.0
Se 2.237722859413e+00 2.690639810257e+01 1.968357859229e+01 1 1 1 0.0 0.0 0.0
Se 5.783759612070e+00 2.476386932763e+01 1.968357859229e+01 1 1 1 0.0 0.0 0.0
Se 2.402654801165e+00 2.262134055268e+01 1.968357859229e+01 1 1 1 0.0 0.0 0.0
Se 5.948691553822e+00 2.047881177774e+01 1.968357859229e+01 1 1 1 0.0 0.0 0.0
Se 2.567586742917e+00 1.833628300279e+01 1.968357859229e+01 1 1 1 0.0 0.0 0.0
Se 6.113623495574e+00 1.619375422785e+01 1.968357859229e+01 1 1 1 0.0 0.0 0.0
Se 2.732518684670e+00 1.405122545290e+01 1.968357859229e+01 1 1 1 0.0 0.0 0.0
Se 6.278555437326e+00 1.190869667796e+01 1.968357859229e+01 1 1 1 0.0 0.0 0.0
Se 2.897450626422e+00 9.766167903012e+00 1.968357859229e+01 1 1 1 0.0 0.0 0.0
Se 6.443487379078e+00 7.623639128067e+00 1.968357859229e+01 1 1 1 0.0 0.0 0.0
Se 3.062382568174e+00 5.481110353122e+00 1.968357859229e+01 1 1 1 0.0 0.0 0.0
Se 6.608419320830e+00 3.338581578177e+00 1.968357859229e+01 1 1 1 0.0 0.0 0.0
Se 3.227314509926e+00 1.196052803232e+00 1.968357859229e+01 1 1 1 0.0 0.0 0.0
Se 8.505136655966e+00 4.404662830214e+01 1.968357859229e+01 1 1 1 0.0 0.0 0.0
Se 5.124031845062e+00 4.190409952719e+01 1.968357859229e+01 1 1 1 0.0 0.0 0.0
"