calculation_mode = "Quench Electrons"
cell_relax = "False"
charge_density_mixing = "0.1"
charge_mixing_type = "Broyden"
description = "Example parameters for high-throughput bulk relaxation of a vdW material"
dos_broading = "0.05"
dos_method = "Gaussian"
energy_convergence_criterion = "1e-10"
energy_output_units = "Hartrees"
kohn_sham_mucycles = "3"
kohn_sham_solver = "davidson"
kpoint_mesh = "1 1 1"
localize_projectors = "False"
max_md_steps = "100"
max_scf_steps = "200"
non_local_block_size = "4000"
potential_acceleration_constant_step = "1.5"
processor_grid = "4 8 14"
rms_convergence_criterion = "1e-08"
scalapack_block_factor = "64"
start_mode = "LCAO Start"
state_block_size = "64"
stress = "True"
subdiag_driver = "scalapack"
use_async_allreduce = "False"
vdw_corr = "DFT-D3"
vdwdf_kernel_filepath = "/lustre/orion/world-shared/cph162/rjmorelock/rmgdft/XC/vdW_kernel_table"
wavefunction_grid = "106 212 378"
write_data_period = "50"

atomic_coordinate_type = "Absolute"
crds_units = "Angstrom"
lattice_units = "Angstrom"

lattice_vector = "
1.248808204977e+01 0.000000000000e+00 8.000000000000e-16
9.606216969874e-01 2.495768376976e+01 1.500000000000e-15
0.000000000000e+00 0.000000000000e+00 4.446241589303e+01
"
atoms = "
Nb 2.223320698761e+00 2.400739160429e+01 1.532833092694e+01 1 1 1 0.0 0.0 0.0
Nb 2.223320698023e+00 2.377399003833e+00 1.532833092694e+01 1 1 1 0.0 0.0 0.0
Nb 5.585496635266e+00 2.483931439662e+01 1.532833092694e+01 1 1 1 0.0 0.0 0.0
Nb 3.183942394273e+00 5.705090173135e+00 1.532833092694e+01 1 1 1 0.0 0.0 0.0
Nb 5.585496634528e+00 3.209321796159e+00 1.532833092694e+01 1 1 1 0.0 0.0 0.0
Nb 7.987050874783e+00 7.135534191823e-01 1.532833092694e+01 1 1 1 0.0 0.0 0.0
Nb 1.743009850267e+00 1.152854971941e+01 1.532833092694e+01 1 1 1 0.0 0.0 0.0
Nb 4.144564090522e+00 9.032781342436e+00 1.532833092694e+01 1 1 1 0.0 0.0 0.0
Nb 6.546118330778e+00 6.537012965460e+00 1.532833092694e+01 1 1 1 0.0 0.0 0.0
Nb 8.947672571033e+00 4.041244588484e+00 1.532833092694e+01 1 1 1 0.0 0.0 0.0
Nb 1.134922681129e+01 1.545476211508e+00 1.532833092694e+01 1 1 1 0.0 0.0 0.0
Nb 2.703631546517e+00 1.485624088871e+01 1.532833092694e+01 1 1 1 0.0 0.0 0.0
Nb 5.105185786772e+00 1.236047251174e+01 1.532833092694e+01 1 1 1 0.0 0.0 0.0
Nb 7.506740027027e+00 9.864704134762e+00 1.532833092694e+01 1 1 1 0.0 0.0 0.0
Nb 9.908294267282e+00 7.368935757786e+00 1.532833092694e+01 1 1 1 0.0 0.0 0.0
Nb 1.230984850754e+01 4.873167380809e+00 1.532833092694e+01 1 1 1 0.0 0.0 0.0
Nb 3.664253242767e+00 1.818393205802e+01 1.532833092694e+01 1 1 1 0.0 0.0 0.0
Nb 6.065807483022e+00 1.568816368104e+01 1.532833092694e+01 1 1 1 0.0 0.0 0.0
Nb 8.467361723277e+00 1.319239530406e+01 1.532833092694e+01 1 1 1 0.0 0.0 0.0
Nb 1.086891596353e+01 1.069662692709e+01 1.532833092694e+01 1 1 1 0.0 0.0 0.0
Nb 7.823881540178e-01 8.200858550111e+00 1.532833092694e+01 1 1 1 0.0 0.0 0.0
Nb 4.624874939016e+00 2.151162322732e+01 1.532833092694e+01 1 1 1 0.0 0.0 0.0
Nb 7.026429179271e+00 1.901585485034e+01 1.532833092694e+01 1 1 1 0.0 0.0 0.0
Nb 9.427983419526e+00 1.652008647337e+01 1.532833092694e+01 1 1 1 0.0 0.0 0.0
Nb 1.182953765978e+01 1.402431809639e+01 1.532833092694e+01 1 1 1 0.0 0.0 0.0
Nb 7.987050875521e+00 2.234354601964e+01 1.532833092694e+01 1 1 1 0.0 0.0 0.0
Nb 1.038860511578e+01 1.984777764267e+01 1.532833092694e+01 1 1 1 0.0 0.0 0.0
Nb 1.279015935603e+01 1.735200926569e+01 1.532833092694e+01 1 1 1 0.0 0.0 0.0
Nb 1.134922681203e+01 2.317546881197e+01 1.532833092694e+01 1 1 1 0.0 0.0 0.0
Nb 1.262699002511e+00 2.067970043499e+01 1.532833092694e+01 1 1 1 0.0 0.0 0.0
Nb 2.231032235931e+00 2.401344807209e+01 9.182088683320e+00 1 1 1 0.0 0.0 0.0
Nb 2.231032235193e+00 2.383455471633e+00 9.182088683320e+00 1 1 1 0.0 0.0 0.0
Nb 5.593208172436e+00 2.484537086442e+01 9.182088683320e+00 1 1 1 0.0 0.0 0.0
Nb 3.191653931443e+00 5.711146640935e+00 9.182088683320e+00 1 1 1 0.0 0.0 0.0
Nb 5.593208171698e+00 3.215378263958e+00 9.182088683320e+00 1 1 1 0.0 0.0 0.0
Nb 7.994762411953e+00 7.196098869820e-01 9.182088683320e+00 1 1 1 0.0 0.0 0.0
Nb 1.750721387437e+00 1.153460618721e+01 9.182088683320e+00 1 1 1 0.0 0.0 0.0
Nb 4.152275627693e+00 9.038837810236e+00 9.182088683320e+00 1 1 1 0.0 0.0 0.0
Nb 6.553829867948e+00 6.543069433260e+00 9.182088683320e+00 1 1 1 0.0 0.0 0.0
Nb 8.955384108203e+00 4.047301056284e+00 9.182088683320e+00 1 1 1 0.0 0.0 0.0
Nb 1.135693834846e+01 1.551532679307e+00 9.182088683320e+00 1 1 1 0.0 0.0 0.0
Nb 2.711343083687e+00 1.486229735651e+01 9.182088683320e+00 1 1 1 0.0 0.0 0.0
Nb 5.112897323942e+00 1.236652897954e+01 9.182088683320e+00 1 1 1 0.0 0.0 0.0
Nb 7.514451564197e+00 9.870760602562e+00 9.182088683320e+00 1 1 1 0.0 0.0 0.0
Nb 9.916005804452e+00 7.374992225585e+00 9.182088683320e+00 1 1 1 0.0 0.0 0.0
Nb 1.231756004471e+01 4.879223848609e+00 9.182088683320e+00 1 1 1 0.0 0.0 0.0
Nb 3.671964779937e+00 1.818998852582e+01 9.182088683320e+00 1 1 1 0.0 0.0 0.0
Nb 6.073519020192e+00 1.569422014884e+01 9.182088683320e+00 1 1 1 0.0 0.0 0.0
Nb 8.475073260447e+00 1.319845177186e+01 9.182088683320e+00 1 1 1 0.0 0.0 0.0
Nb 1.087662750070e+01 1.070268339489e+01 9.182088683320e+00 1 1 1 0.0 0.0 0.0
Nb 7.900996911879e-01 8.206915017911e+00 9.182088683320e+00 1 1 1 0.0 0.0 0.0
Nb 4.632586476186e+00 2.151767969512e+01 9.182088683320e+00 1 1 1 0.0 0.0 0.0
Nb 7.034140716441e+00 1.902191131814e+01 9.182088683320e+00 1 1 1 0.0 0.0 0.0
Nb 9.435694956697e+00 1.652614294116e+01 9.182088683320e+00 1 1 1 0.0 0.0 0.0
Nb 1.183724919695e+01 1.403037456419e+01 9.182088683320e+00 1 1 1 0.0 0.0 0.0
Nb 7.994762412691e+00 2.234960248744e+01 9.182088683320e+00 1 1 1 0.0 0.0 0.0
Nb 1.039631665295e+01 1.985383411047e+01 9.182088683320e+00 1 1 1 0.0 0.0 0.0
Nb 1.279787089320e+01 1.735806573349e+01 9.182088683320e+00 1 1 1 0.0 0.0 0.0
Nb 1.135693834920e+01 2.318152527977e+01 9.182088683320e+00 1 1 1 0.0 0.0 0.0
Nb 1.270410539682e+00 2.068575690279e+01 9.182088683320e+00 1 1 1 0.0 0.0 0.0
Bi 5.997761522376e+00 1.984318996320e-01 3.532095071834e+01 1 1 1 0.0 0.0 0.0
Bi 1.835067505787e+00 1.984318996320e-01 3.532095071834e+01 1 1 1 0.0 0.0 0.0
Bi 1.016045553897e+01 1.984318996320e-01 3.532095071834e+01 1 1 1 0.0 0.0 0.0
Bi 7.919004914770e+00 3.763815295312e+00 3.532095071834e+01 1 1 1 0.0 0.0 0.0
Bi 3.756310898180e+00 3.763815295312e+00 3.532095071834e+01 1 1 1 0.0 0.0 0.0
Bi 1.208169893136e+01 3.763815295312e+00 3.532095071834e+01 1 1 1 0.0 0.0 0.0
Bi 9.840248307164e+00 7.329198690993e+00 3.532095071834e+01 1 1 1 0.0 0.0 0.0
Bi 5.677554290574e+00 7.329198690993e+00 3.532095071834e+01 1 1 1 0.0 0.0 0.0
Bi 1.514860273984e+00 7.329198690993e+00 3.532095071834e+01 1 1 1 0.0 0.0 0.0
Bi 7.598797682968e+00 1.089458208667e+01 3.532095071834e+01 1 1 1 0.0 0.0 0.0
Bi 3.436103666378e+00 1.089458208667e+01 3.532095071834e+01 1 1 1 0.0 0.0 0.0
Bi 1.176149169956e+01 1.089458208667e+01 3.532095071834e+01 1 1 1 0.0 0.0 0.0
Bi 9.520041075362e+00 1.445996548235e+01 3.532095071834e+01 1 1 1 0.0 0.0 0.0
Bi 5.357347058772e+00 1.445996548235e+01 3.532095071834e+01 1 1 1 0.0 0.0 0.0
Bi 1.194653042182e+00 1.445996548235e+01 3.532095071834e+01 1 1 1 0.0 0.0 0.0
Bi 7.278590451166e+00 1.802534887803e+01 3.532095071834e+01 1 1 1 0.0 0.0 0.0
Bi 3.115896434576e+00 1.802534887803e+01 3.532095071834e+01 1 1 1 0.0 0.0 0.0
Bi 1.144128446776e+01 1.802534887803e+01 3.532095071834e+01 1 1 1 0.0 0.0 0.0
Bi 9.199833843560e+00 2.159073227371e+01 3.532095071834e+01 1 1 1 0.0 0.0 0.0
Bi 5.037139826970e+00 2.159073227371e+01 3.532095071834e+01 1 1 1 0.0 0.0 0.0
Bi 8.744458103802e-01 2.159073227371e+01 3.532095071834e+01 1 1 1 0.0 0.0 0.0
Bi 8.017702528189e+00 1.352867021158e+00 3.133430771007e+01 1 1 1 0.0 0.0 0.0
Bi 3.855008511599e+00 1.352867021158e+00 3.133430771007e+01 1 1 1 0.0 0.0 0.0
Bi 1.218039654478e+01 1.352867021158e+00 3.133430771007e+01 1 1 1 0.0 0.0 0.0
Bi 9.938945920583e+00 4.918250416838e+00 3.133430771007e+01 1 1 1 0.0 0.0 0.0
Bi 5.776251903993e+00 4.918250416838e+00 3.133430771007e+01 1 1 1 0.0 0.0 0.0
Bi 1.613557887403e+00 4.918250416838e+00 3.133430771007e+01 1 1 1 0.0 0.0 0.0
Bi 1.186018931298e+01 8.483633812518e+00 3.133430771007e+01 1 1 1 0.0 0.0 0.0
Bi 7.697495296387e+00 8.483633812518e+00 3.133430771007e+01 1 1 1 0.0 0.0 0.0
Bi 3.534801279797e+00 8.483633812518e+00 3.133430771007e+01 1 1 1 0.0 0.0 0.0
Bi 9.618738688781e+00 1.204901720820e+01 3.133430771007e+01 1 1 1 0.0 0.0 0.0
Bi 5.456044672191e+00 1.204901720820e+01 3.133430771007e+01 1 1 1 0.0 0.0 0.0
Bi 1.293350655601e+00 1.204901720820e+01 3.133430771007e+01 1 1 1 0.0 0.0 0.0
Bi 1.153998208117e+01 1.561440060388e+01 3.133430771007e+01 1 1 1 0.0 0.0 0.0
Bi 7.377288064585e+00 1.561440060388e+01 3.133430771007e+01 1 1 1 0.0 0.0 0.0
Bi 3.214594047995e+00 1.561440060388e+01 3.133430771007e+01 1 1 1 0.0 0.0 0.0
Bi 9.298531456979e+00 1.917978399956e+01 3.133430771007e+01 1 1 1 0.0 0.0 0.0
Bi 5.135837440389e+00 1.917978399956e+01 3.133430771007e+01 1 1 1 0.0 0.0 0.0
Bi 9.731434237991e-01 1.917978399956e+01 3.133430771007e+01 1 1 1 0.0 0.0 0.0
Bi 1.121977484937e+01 2.274516739524e+01 3.133430771007e+01 1 1 1 0.0 0.0 0.0
Bi 7.057080832783e+00 2.274516739524e+01 3.133430771007e+01 1 1 1 0.0 0.0 0.0
Bi 2.894386816193e+00 2.274516739524e+01 3.133430771007e+01 1 1 1 0.0 0.0 0.0
Bi 8.067633081266e+00 1.305313518983e+00 2.529282906773e+01 1 1 1 0.0 0.0 0.0
Bi 3.904939064676e+00 1.305313518983e+00 2.529282906773e+01 1 1 1 0.0 0.0 0.0
Bi 1.223032709786e+01 1.305313518983e+00 2.529282906773e+01 1 1 1 0.0 0.0 0.0
Bi 9.988876473660e+00 4.870696914663e+00 2.529282906773e+01 1 1 1 0.0 0.0 0.0
Bi 5.826182457070e+00 4.870696914663e+00 2.529282906773e+01 1 1 1 0.0 0.0 0.0
Bi 1.663488440480e+00 4.870696914663e+00 2.529282906773e+01 1 1 1 0.0 0.0 0.0
Bi 1.191011986605e+01 8.436080310344e+00 2.529282906773e+01 1 1 1 0.0 0.0 0.0
Bi 7.747425849464e+00 8.436080310344e+00 2.529282906773e+01 1 1 1 0.0 0.0 0.0
Bi 3.584731832874e+00 8.436080310344e+00 2.529282906773e+01 1 1 1 0.0 0.0 0.0
Bi 9.668669241857e+00 1.200146370602e+01 2.529282906773e+01 1 1 1 0.0 0.0 0.0
Bi 5.505975225268e+00 1.200146370602e+01 2.529282906773e+01 1 1 1 0.0 0.0 0.0
Bi 1.343281208678e+00 1.200146370602e+01 2.529282906773e+01 1 1 1 0.0 0.0 0.0
Bi 1.158991263425e+01 1.556684710170e+01 2.529282906773e+01 1 1 1 0.0 0.0 0.0
Bi 7.427218617661e+00 1.556684710170e+01 2.529282906773e+01 1 1 1 0.0 0.0 0.0
Bi 3.264524601072e+00 1.556684710170e+01 2.529282906773e+01 1 1 1 0.0 0.0 0.0
Bi 9.348462010055e+00 1.913223049738e+01 2.529282906773e+01 1 1 1 0.0 0.0 0.0
Bi 5.185767993465e+00 1.913223049738e+01 2.529282906773e+01 1 1 1 0.0 0.0 0.0
Bi 1.023073976876e+00 1.913223049738e+01 2.529282906773e+01 1 1 1 0.0 0.0 0.0
Bi 1.126970540245e+01 2.269761389307e+01 2.529282906773e+01 1 1 1 0.0 0.0 0.0
Bi 7.107011385859e+00 2.269761389307e+01 2.529282906773e+01 1 1 1 0.0 0.0 0.0
Bi 2.944317369269e+00 2.269761389307e+01 2.529282906773e+01 1 1 1 0.0 0.0 0.0
Bi 4.955094460047e+00 2.387406476582e+01 2.132110864621e+01 1 1 1 0.0 0.0 0.0
Bi 1.328048249323e+01 2.387406476582e+01 2.132110864621e+01 1 1 1 0.0 0.0 0.0
Bi 9.117788476636e+00 2.387406476582e+01 2.132110864621e+01 1 1 1 0.0 0.0 0.0
Bi 5.915716155453e+00 2.481764391739e+00 2.132110864621e+01 1 1 1 0.0 0.0 0.0
Bi 1.753022138863e+00 2.481764391739e+00 2.132110864621e+01 1 1 1 0.0 0.0 0.0
Bi 1.007841017204e+01 2.481764391739e+00 2.132110864621e+01 1 1 1 0.0 0.0 0.0
Bi 7.836959547847e+00 6.047147787420e+00 2.132110864621e+01 1 1 1 0.0 0.0 0.0
Bi 3.674265531257e+00 6.047147787420e+00 2.132110864621e+01 1 1 1 0.0 0.0 0.0
Bi 1.199965356444e+01 6.047147787420e+00 2.132110864621e+01 1 1 1 0.0 0.0 0.0
Bi 5.595508923651e+00 9.612531183100e+00 2.132110864621e+01 1 1 1 0.0 0.0 0.0
Bi 1.432814907061e+00 9.612531183100e+00 2.132110864621e+01 1 1 1 0.0 0.0 0.0
Bi 9.758202940241e+00 9.612531183100e+00 2.132110864621e+01 1 1 1 0.0 0.0 0.0
Bi 7.516752316045e+00 1.317791457878e+01 2.132110864621e+01 1 1 1 0.0 0.0 0.0
Bi 3.354058299455e+00 1.317791457878e+01 2.132110864621e+01 1 1 1 0.0 0.0 0.0
Bi 1.167944633263e+01 1.317791457878e+01 2.132110864621e+01 1 1 1 0.0 0.0 0.0
Bi 5.275301691849e+00 1.674329797446e+01 2.132110864621e+01 1 1 1 0.0 0.0 0.0
Bi 1.112607675259e+00 1.674329797446e+01 2.132110864621e+01 1 1 1 0.0 0.0 0.0
Bi 9.437995708439e+00 1.674329797446e+01 2.132110864621e+01 1 1 1 0.0 0.0 0.0
Bi 7.196545084243e+00 2.030868137014e+01 2.132110864621e+01 1 1 1 0.0 0.0 0.0
Bi 3.033851067653e+00 2.030868137014e+01 2.132110864621e+01 1 1 1 0.0 0.0 0.0
Bi 1.135923910083e+01 2.030868137014e+01 2.132110864621e+01 1 1 1 0.0 0.0 0.0
Se 1.279782006703e+01 2.456862459355e+01 7.500000000000e+00 1 1 1 0.0 0.0 0.0
Se 3.097380165232e-01 2.938631993094e+00 7.500000000000e+00 1 1 1 0.0 0.0 0.0
Se 2.711292256778e+00 4.428636161178e-01 7.500000000000e+00 1 1 1 0.0 0.0 0.0
Se 1.270359712773e+00 6.266323162396e+00 7.500000000000e+00 1 1 1 0.0 0.0 0.0
Se 3.671913953028e+00 3.770554785419e+00 7.500000000000e+00 1 1 1 0.0 0.0 0.0
Se 6.073468193283e+00 1.274786408443e+00 7.500000000000e+00 1 1 1 0.0 0.0 0.0
Se 1.231750921854e+01 1.208978270867e+01 7.500000000000e+00 1 1 1 0.0 0.0 0.0
Se 2.230981409022e+00 9.594014331697e+00 7.500000000000e+00 1 1 1 0.0 0.0 0.0
Se 4.632535649278e+00 7.098245954721e+00 7.500000000000e+00 1 1 1 0.0 0.0 0.0
Se 7.034089889533e+00 4.602477577745e+00 7.500000000000e+00 1 1 1 0.0 0.0 0.0
Se 9.435644129788e+00 2.106709200769e+00 7.500000000000e+00 1 1 1 0.0 0.0 0.0
Se 7.900488650169e-01 1.541747387798e+01 7.500000000000e+00 1 1 1 0.0 0.0 0.0
Se 3.191603105272e+00 1.292170550100e+01 7.500000000000e+00 1 1 1 0.0 0.0 0.0
Se 5.593157345527e+00 1.042593712402e+01 7.500000000000e+00 1 1 1 0.0 0.0 0.0
Se 7.994711585782e+00 7.930168747047e+00 7.500000000000e+00 1 1 1 0.0 0.0 0.0
Se 1.039626582604e+01 5.434400370070e+00 7.500000000000e+00 1 1 1 0.0 0.0 0.0
Se 1.750670561267e+00 1.874516504728e+01 7.500000000000e+00 1 1 1 0.0 0.0 0.0
Se 4.152224801522e+00 1.624939667030e+01 7.500000000000e+00 1 1 1 0.0 0.0 0.0
Se 6.553779041777e+00 1.375362829332e+01 7.500000000000e+00 1 1 1 0.0 0.0 0.0
Se 8.955333282032e+00 1.125785991635e+01 7.500000000000e+00 1 1 1 0.0 0.0 0.0
Se 1.135688752229e+01 8.762091539372e+00 7.500000000000e+00 1 1 1 0.0 0.0 0.0
Se 2.711292257516e+00 2.207285621658e+01 7.500000000000e+00 1 1 1 0.0 0.0 0.0
Se 5.112846497771e+00 1.957708783960e+01 7.500000000000e+00 1 1 1 0.0 0.0 0.0
Se 7.514400738026e+00 1.708131946263e+01 7.500000000000e+00 1 1 1 0.0 0.0 0.0
Se 9.915954978282e+00 1.458555108565e+01 7.500000000000e+00 1 1 1 0.0 0.0 0.0
Se 6.073468194021e+00 2.290477900890e+01 7.500000000000e+00 1 1 1 0.0 0.0 0.0
Se 8.475022434276e+00 2.040901063193e+01 7.500000000000e+00 1 1 1 0.0 0.0 0.0
Se 1.087657667453e+01 1.791324225495e+01 7.500000000000e+00 1 1 1 0.0 0.0 0.0
Se 9.435644130526e+00 2.373670180123e+01 7.500000000000e+00 1 1 1 0.0 0.0 0.0
Se 1.183719837078e+01 2.124093342425e+01 7.500000000000e+00 1 1 1 0.0 0.0 0.0
Se 1.327036820481e+01 2.262112378795e+01 1.364602824434e+01 1 1 1 0.0 0.0 0.0
Se 7.822861543055e-01 9.911311874886e-01 1.364602824434e+01 1 1 1 0.0 0.0 0.0
Se 4.144462091548e+00 2.345304658027e+01 1.364602824434e+01 1 1 1 0.0 0.0 0.0
Se 1.742907850555e+00 4.318822356790e+00 1.364602824434e+01 1 1 1 0.0 0.0 0.0
Se 4.144462090810e+00 1.823053979814e+00 1.364602824434e+01 1 1 1 0.0 0.0 0.0
Se 7.506638028053e+00 2.428496937260e+01 1.364602824434e+01 1 1 1 0.0 0.0 0.0
Se 1.279005735632e+01 1.014228190307e+01 1.364602824434e+01 1 1 1 0.0 0.0 0.0
Se 2.703529546805e+00 7.646513526092e+00 1.364602824434e+01 1 1 1 0.0 0.0 0.0
Se 5.105083787060e+00 5.150745149116e+00 1.364602824434e+01 1 1 1 0.0 0.0 0.0
Se 7.506638027315e+00 2.654976772139e+00 1.364602824434e+01 1 1 1 0.0 0.0 0.0
Se 9.908192267570e+00 1.592083951632e-01 1.364602824434e+01 1 1 1 0.0 0.0 0.0
Se 1.262597002799e+00 1.346997307237e+01 1.364602824434e+01 1 1 1 0.0 0.0 0.0
Se 3.664151243054e+00 1.097420469539e+01 1.364602824434e+01 1 1 1 0.0 0.0 0.0
Se 6.065705483309e+00 8.478436318417e+00 1.364602824434e+01 1 1 1 0.0 0.0 0.0
Se 8.467259723565e+00 5.982667941441e+00 1.364602824434e+01 1 1 1 0.0 0.0 0.0
Se 1.086881396382e+01 3.486899564465e+00 1.364602824434e+01 1 1 1 0.0 0.0 0.0
Se 2.223218699049e+00 1.679766424167e+01 1.364602824434e+01 1 1 1 0.0 0.0 0.0
Se 4.624772939304e+00 1.430189586470e+01 1.364602824434e+01 1 1 1 0.0 0.0 0.0
Se 7.026327179559e+00 1.180612748772e+01 1.364602824434e+01 1 1 1 0.0 0.0 0.0
Se 9.427881419814e+00 9.310359110743e+00 1.364602824434e+01 1 1 1 0.0 0.0 0.0
Se 1.182943566007e+01 6.814590733766e+00 1.364602824434e+01 1 1 1 0.0 0.0 0.0
Se 3.183840395298e+00 2.012535541097e+01 1.364602824434e+01 1 1 1 0.0 0.0 0.0
Se 5.585394635554e+00 1.762958703400e+01 1.364602824434e+01 1 1 1 0.0 0.0 0.0
Se 7.986948875809e+00 1.513381865702e+01 1.364602824434e+01 1 1 1 0.0 0.0 0.0
Se 1.038850311606e+01 1.263805028004e+01 1.364602824434e+01 1 1 1 0.0 0.0 0.0
Se 6.546016331803e+00 2.095727820330e+01 1.364602824434e+01 1 1 1 0.0 0.0 0.0
Se 8.947570572058e+00 1.846150982632e+01 1.364602824434e+01 1 1 1 0.0 0.0 0.0
Se 1.134912481231e+01 1.596574144935e+01 1.364602824434e+01 1 1 1 0.0 0.0 0.0
Se 9.908192268308e+00 2.178920099562e+01 1.364602824434e+01 1 1 1 0.0 0.0 0.0
Se 1.230974650856e+01 1.929343261865e+01 1.364602824434e+01 1 1 1 0.0 0.0 0.0
Se 1.279728999852e+01 2.456768799291e+01 1.086443756309e+01 1 1 1 0.0 0.0 0.0
Se 3.092079480094e-01 2.937695392444e+00 1.086443756309e+01 1 1 1 0.0 0.0 0.0
Se 2.710762188265e+00 4.419270154681e-01 1.086443756309e+01 1 1 1 0.0 0.0 0.0
Se 1.269829644259e+00 6.265386561746e+00 1.086443756309e+01 1 1 1 0.0 0.0 0.0
Se 3.671383884514e+00 3.769618184770e+00 1.086443756309e+01 1 1 1 0.0 0.0 0.0
Se 6.072938124769e+00 1.273849807793e+00 1.086443756309e+01 1 1 1 0.0 0.0 0.0
Se 1.231697915002e+01 1.208884610802e+01 1.086443756309e+01 1 1 1 0.0 0.0 0.0
Se 2.230451340509e+00 9.593077731048e+00 1.086443756309e+01 1 1 1 0.0 0.0 0.0
Se 4.632005580764e+00 7.097309354071e+00 1.086443756309e+01 1 1 1 0.0 0.0 0.0
Se 7.033559821019e+00 4.601540977095e+00 1.086443756309e+01 1 1 1 0.0 0.0 0.0
Se 9.435114061274e+00 2.105772600119e+00 1.086443756309e+01 1 1 1 0.0 0.0 0.0
Se 7.895187965031e-01 1.541653727733e+01 1.086443756309e+01 1 1 1 0.0 0.0 0.0
Se 3.191073036758e+00 1.292076890035e+01 1.086443756309e+01 1 1 1 0.0 0.0 0.0
Se 5.592627277013e+00 1.042500052337e+01 1.086443756309e+01 1 1 1 0.0 0.0 0.0
Se 7.994181517269e+00 7.929232146397e+00 1.086443756309e+01 1 1 1 0.0 0.0 0.0
Se 1.039573575752e+01 5.433463769421e+00 1.086443756309e+01 1 1 1 0.0 0.0 0.0
Se 1.750140492753e+00 1.874422844663e+01 1.086443756309e+01 1 1 1 0.0 0.0 0.0
Se 4.151694733008e+00 1.624846006965e+01 1.086443756309e+01 1 1 1 0.0 0.0 0.0
Se 6.553248973263e+00 1.375269169267e+01 1.086443756309e+01 1 1 1 0.0 0.0 0.0
Se 8.954803213518e+00 1.125692331570e+01 1.086443756309e+01 1 1 1 0.0 0.0 0.0
Se 1.135635745377e+01 8.761154938722e+00 1.086443756309e+01 1 1 1 0.0 0.0 0.0
Se 2.710762189002e+00 2.207191961593e+01 1.086443756309e+01 1 1 1 0.0 0.0 0.0
Se 5.112316429257e+00 1.957615123895e+01 1.086443756309e+01 1 1 1 0.0 0.0 0.0
Se 7.513870669513e+00 1.708038286198e+01 1.086443756309e+01 1 1 1 0.0 0.0 0.0
Se 9.915424909768e+00 1.458461448500e+01 1.086443756309e+01 1 1 1 0.0 0.0 0.0
Se 6.072938125507e+00 2.290384240825e+01 1.086443756309e+01 1 1 1 0.0 0.0 0.0
Se 8.474492365762e+00 2.040807403128e+01 1.086443756309e+01 1 1 1 0.0 0.0 0.0
Se 1.087604660602e+01 1.791230565430e+01 1.086443756309e+01 1 1 1 0.0 0.0 0.0
Se 9.435114062012e+00 2.373576520058e+01 1.086443756309e+01 1 1 1 0.0 0.0 0.0
Se 1.183666830227e+01 2.123999682360e+01 1.086443756309e+01 1 1 1 0.0 0.0 0.0
Se 1.327001065308e+01 2.262012807773e+01 1.701046802998e+01 1 1 1 0.0 0.0 0.0
Se 7.819286025738e-01 9.901354772646e-01 1.701046802998e+01 1 1 1 0.0 0.0 0.0
Se 4.144104539816e+00 2.345205087005e+01 1.701046802998e+01 1 1 1 0.0 0.0 0.0
Se 1.742550298823e+00 4.317826646566e+00 1.701046802998e+01 1 1 1 0.0 0.0 0.0
Se 4.144104539078e+00 1.822058269590e+00 1.701046802998e+01 1 1 1 0.0 0.0 0.0
Se 7.506280476321e+00 2.428397366238e+01 1.701046802998e+01 1 1 1 0.0 0.0 0.0
Se 1.278969980459e+01 1.014128619284e+01 1.701046802998e+01 1 1 1 0.0 0.0 0.0
Se 2.703171995073e+00 7.645517815868e+00 1.701046802998e+01 1 1 1 0.0 0.0 0.0
Se 5.104726235328e+00 5.149749438892e+00 1.701046802998e+01 1 1 1 0.0 0.0 0.0
Se 7.506280475583e+00 2.653981061915e+00 1.701046802998e+01 1 1 1 0.0 0.0 0.0
Se 9.907834715838e+00 1.582126849392e-01 1.701046802998e+01 1 1 1 0.0 0.0 0.0
Se 1.262239451067e+00 1.346897736215e+01 1.701046802998e+01 1 1 1 0.0 0.0 0.0
Se 3.663793691323e+00 1.097320898517e+01 1.701046802998e+01 1 1 1 0.0 0.0 0.0
Se 6.065347931578e+00 8.477440608193e+00 1.701046802998e+01 1 1 1 0.0 0.0 0.0
Se 8.466902171833e+00 5.981672231217e+00 1.701046802998e+01 1 1 1 0.0 0.0 0.0
Se 1.086845641209e+01 3.485903854241e+00 1.701046802998e+01 1 1 1 0.0 0.0 0.0
Se 2.222861147317e+00 1.679666853145e+01 1.701046802998e+01 1 1 1 0.0 0.0 0.0
Se 4.624415387572e+00 1.430090015447e+01 1.701046802998e+01 1 1 1 0.0 0.0 0.0
Se 7.025969627827e+00 1.180513177750e+01 1.701046802998e+01 1 1 1 0.0 0.0 0.0
Se 9.427523868082e+00 9.309363400519e+00 1.701046802998e+01 1 1 1 0.0 0.0 0.0
Se 1.182907810834e+01 6.813595023543e+00 1.701046802998e+01 1 1 1 0.0 0.0 0.0
Se 3.183482843567e+00 2.012435970075e+01 1.701046802998e+01 1 1 1 0.0 0.0 0.0
Se 5.585037083822e+00 1.762859132377e+01 1.701046802998e+01 1 1 1 0.0 0.0 0.0
Se 7.986591324077e+00 1.513282294680e+01 1.701046802998e+01 1 1 1 0.0 0.0 0.0
Se 1.038814556433e+01 1.263705456982e+01 1.701046802998e+01 1 1 1 0.0 0.0 0.0
Se 6.545658780071e+00 2.095628249307e+01 1.701046802998e+01 1 1 1 0.0 0.0 0.0
Se 8.947213020327e+00 1.846051411610e+01 1.701046802998e+01 1 1 1 0.0 0.0 0.0
Se 1.134876726058e+01 1.596474573912e+01 1.701046802998e+01 1 1 1 0.0 0.0 0.0
Se 9.907834716576e+00 2.178820528540e+01 1.701046802998e+01 1 1 1 0.0 0.0 0.0
Se 1.230938895683e+01 1.929243690842e+01 1.701046802998e+01 1 1 1 0.0 0.0 0.0
Se 8.036176380357e+00 1.392438951688e+00 3.696241589303e+01 1 1 1 0.0 0.0 0.0
Se 3.873482363767e+00 1.392438951688e+00 3.696241589303e+01 1 1 1 0.0 0.0 0.0
Se 1.219887039695e+01 1.392438951688e+00 3.696241589303e+01 1 1 1 0.0 0.0 0.0
Se 9.957419772751e+00 4.957822347369e+00 3.696241589303e+01 1 1 1 0.0 0.0 0.0
Se 5.794725756161e+00 4.957822347369e+00 3.696241589303e+01 1 1 1 0.0 0.0 0.0
Se 1.632031739571e+00 4.957822347369e+00 3.696241589303e+01 1 1 1 0.0 0.0 0.0
Se 1.187866316514e+01 8.523205743049e+00 3.696241589303e+01 1 1 1 0.0 0.0 0.0
Se 7.715969148555e+00 8.523205743049e+00 3.696241589303e+01 1 1 1 0.0 0.0 0.0
Se 3.553275131965e+00 8.523205743049e+00 3.696241589303e+01 1 1 1 0.0 0.0 0.0
Se 9.637212540949e+00 1.208858913873e+01 3.696241589303e+01 1 1 1 0.0 0.0 0.0
Se 5.474518524359e+00 1.208858913873e+01 3.696241589303e+01 1 1 1 0.0 0.0 0.0
Se 1.311824507769e+00 1.208858913873e+01 3.696241589303e+01 1 1 1 0.0 0.0 0.0
Se 1.155845593334e+01 1.565397253441e+01 3.696241589303e+01 1 1 1 0.0 0.0 0.0
Se 7.395761916753e+00 1.565397253441e+01 3.696241589303e+01 1 1 1 0.0 0.0 0.0
Se 3.233067900163e+00 1.565397253441e+01 3.696241589303e+01 1 1 1 0.0 0.0 0.0
Se 9.317005309147e+00 1.921935593009e+01 3.696241589303e+01 1 1 1 0.0 0.0 0.0
Se 5.154311292557e+00 1.921935593009e+01 3.696241589303e+01 1 1 1 0.0 0.0 0.0
Se 9.916172759671e-01 1.921935593009e+01 3.696241589303e+01 1 1 1 0.0 0.0 0.0
Se 1.123824870154e+01 2.278473932577e+01 3.696241589303e+01 1 1 1 0.0 0.0 0.0
Se 7.075554684951e+00 2.278473932577e+01 3.696241589303e+01 1 1 1 0.0 0.0 0.0
Se 2.912860668361e+00 2.278473932577e+01 3.696241589303e+01 1 1 1 0.0 0.0 0.0
Se 4.912941488819e+00 2.394990947607e+01 3.332483142763e+01 1 1 1 0.0 0.0 0.0
Se 1.323832952200e+01 2.394990947607e+01 3.332483142763e+01 1 1 1 0.0 0.0 0.0
Se 9.075635505409e+00 2.394990947607e+01 3.332483142763e+01 1 1 1 0.0 0.0 0.0
Se 5.873563184226e+00 2.557609101993e+00 3.332483142763e+01 1 1 1 0.0 0.0 0.0
Se 1.710869167636e+00 2.557609101993e+00 3.332483142763e+01 1 1 1 0.0 0.0 0.0
Se 1.003625720082e+01 2.557609101993e+00 3.332483142763e+01 1 1 1 0.0 0.0 0.0
Se 7.794806576619e+00 6.122992497673e+00 3.332483142763e+01 1 1 1 0.0 0.0 0.0
Se 3.632112560030e+00 6.122992497673e+00 3.332483142763e+01 1 1 1 0.0 0.0 0.0
Se 1.195750059321e+01 6.122992497673e+00 3.332483142763e+01 1 1 1 0.0 0.0 0.0
Se 5.553355952423e+00 9.688375893353e+00 3.332483142763e+01 1 1 1 0.0 0.0 0.0
Se 1.390661935834e+00 9.688375893353e+00 3.332483142763e+01 1 1 1 0.0 0.0 0.0
Se 9.716049969013e+00 9.688375893353e+00 3.332483142763e+01 1 1 1 0.0 0.0 0.0
Se 7.474599344817e+00 1.325375928903e+01 3.332483142763e+01 1 1 1 0.0 0.0 0.0
Se 3.311905328227e+00 1.325375928903e+01 3.332483142763e+01 1 1 1 0.0 0.0 0.0
Se 1.163729336141e+01 1.325375928903e+01 3.332483142763e+01 1 1 1 0.0 0.0 0.0
Se 5.233148720621e+00 1.681914268471e+01 3.332483142763e+01 1 1 1 0.0 0.0 0.0
Se 1.070454704031e+00 1.681914268471e+01 3.332483142763e+01 1 1 1 0.0 0.0 0.0
Se 9.395842737211e+00 1.681914268471e+01 3.332483142763e+01 1 1 1 0.0 0.0 0.0
Se 7.154392113015e+00 2.038452608039e+01 3.332483142763e+01 1 1 1 0.0 0.0 0.0
Se 2.991698096425e+00 2.038452608039e+01 3.332483142763e+01 1 1 1 0.0 0.0 0.0
Se 1.131708612960e+01 2.038452608039e+01 3.332483142763e+01 1 1 1 0.0 0.0 0.0
Se 5.993091376979e+00 1.778475165534e-01 2.969131231352e+01 1 1 1 0.0 0.0 0.0
Se 1.830397360390e+00 1.778475165534e-01 2.969131231352e+01 1 1 1 0.0 0.0 0.0
Se 1.015578539357e+01 1.778475165534e-01 2.969131231352e+01 1 1 1 0.0 0.0 0.0
Se 7.914334769373e+00 3.743230912234e+00 2.969131231352e+01 1 1 1 0.0 0.0 0.0
Se 3.751640752783e+00 3.743230912234e+00 2.969131231352e+01 1 1 1 0.0 0.0 0.0
Se 1.207702878596e+01 3.743230912234e+00 2.969131231352e+01 1 1 1 0.0 0.0 0.0
Se 9.835578161767e+00 7.308614307914e+00 2.969131231352e+01 1 1 1 0.0 0.0 0.0
Se 5.672884145177e+00 7.308614307914e+00 2.969131231352e+01 1 1 1 0.0 0.0 0.0
Se 1.510190128587e+00 7.308614307914e+00 2.969131231352e+01 1 1 1 0.0 0.0 0.0
Se 7.594127537571e+00 1.087399770359e+01 2.969131231352e+01 1 1 1 0.0 0.0 0.0
Se 3.431433520981e+00 1.087399770359e+01 2.969131231352e+01 1 1 1 0.0 0.0 0.0
Se 1.175682155416e+01 1.087399770359e+01 2.969131231352e+01 1 1 1 0.0 0.0 0.0
Se 9.515370929965e+00 1.443938109927e+01 2.969131231352e+01 1 1 1 0.0 0.0 0.0
Se 5.352676913375e+00 1.443938109927e+01 2.969131231352e+01 1 1 1 0.0 0.0 0.0
Se 1.189982896785e+00 1.443938109927e+01 2.969131231352e+01 1 1 1 0.0 0.0 0.0
Se 7.273920305769e+00 1.800476449496e+01 2.969131231352e+01 1 1 1 0.0 0.0 0.0
Se 3.111226289179e+00 1.800476449496e+01 2.969131231352e+01 1 1 1 0.0 0.0 0.0
Se 1.143661432236e+01 1.800476449496e+01 2.969131231352e+01 1 1 1 0.0 0.0 0.0
Se 9.195163698163e+00 2.157014789064e+01 2.969131231352e+01 1 1 1 0.0 0.0 0.0
Se 5.032469681573e+00 2.157014789064e+01 2.969131231352e+01 1 1 1 0.0 0.0 0.0
Se 8.697756649832e-01 2.157014789064e+01 2.969131231352e+01 1 1 1 0.0 0.0 0.0
Se 4.951909305563e+00 2.387684063815e+01 2.692457590224e+01 1 1 1 0.0 0.0 0.0
Se 1.327729733874e+01 2.387684063815e+01 2.692457590224e+01 1 1 1 0.0 0.0 0.0
Se 9.114603322153e+00 2.387684063815e+01 2.692457590224e+01 1 1 1 0.0 0.0 0.0
Se 5.912531000969e+00 2.484540264069e+00 2.692457590224e+01 1 1 1 0.0 0.0 0.0
Se 1.749836984380e+00 2.484540264069e+00 2.692457590224e+01 1 1 1 0.0 0.0 0.0
Se 1.007522501756e+01 2.484540264069e+00 2.692457590224e+01 1 1 1 0.0 0.0 0.0
Se 7.833774393363e+00 6.049923659750e+00 2.692457590224e+01 1 1 1 0.0 0.0 0.0
Se 3.671080376773e+00 6.049923659750e+00 2.692457590224e+01 1 1 1 0.0 0.0 0.0
Se 1.199646840995e+01 6.049923659750e+00 2.692457590224e+01 1 1 1 0.0 0.0 0.0
Se 5.592323769167e+00 9.615307055430e+00 2.692457590224e+01 1 1 1 0.0 0.0 0.0
Se 1.429629752577e+00 9.615307055430e+00 2.692457590224e+01 1 1 1 0.0 0.0 0.0
Se 9.755017785757e+00 9.615307055430e+00 2.692457590224e+01 1 1 1 0.0 0.0 0.0
Se 7.513567161561e+00 1.318069045111e+01 2.692457590224e+01 1 1 1 0.0 0.0 0.0
Se 3.350873144971e+00 1.318069045111e+01 2.692457590224e+01 1 1 1 0.0 0.0 0.0
Se 1.167626117815e+01 1.318069045111e+01 2.692457590224e+01 1 1 1 0.0 0.0 0.0
Se 5.272116537365e+00 1.674607384679e+01 2.692457590224e+01 1 1 1 0.0 0.0 0.0
Se 1.109422520775e+00 1.674607384679e+01 2.692457590224e+01 1 1 1 0.0 0.0 0.0
Se 9.434810553955e+00 1.674607384679e+01 2.692457590224e+01 1 1 1 0.0 0.0 0.0
Se 7.193359929759e+00 2.031145724247e+01 2.692457590224e+01 1 1 1 0.0 0.0 0.0
Se 3.030665913169e+00 2.031145724247e+01 2.692457590224e+01 1 1 1 0.0 0.0 0.0
Se 1.135605394635e+01 2.031145724247e+01 2.692457590224e+01 1 1 1 0.0 0.0 0.0
Se 6.038868424817e+00 1.089746340850e-01 2.330671355540e+01 1 1 1 0.0 0.0 0.0
Se 1.876174408227e+00 1.089746340850e-01 2.330671355540e+01 1 1 1 0.0 0.0 0.0
Se 1.020156244141e+01 1.089746340850e-01 2.330671355540e+01 1 1 1 0.0 0.0 0.0
Se 7.960111817210e+00 3.674358029765e+00 2.330671355540e+01 1 1 1 0.0 0.0 0.0
Se 3.797417800621e+00 3.674358029765e+00 2.330671355540e+01 1 1 1 0.0 0.0 0.0
Se 1.212280583380e+01 3.674358029765e+00 2.330671355540e+01 1 1 1 0.0 0.0 0.0
Se 9.881355209604e+00 7.239741425446e+00 2.330671355540e+01 1 1 1 0.0 0.0 0.0
Se 5.718661193014e+00 7.239741425446e+00 2.330671355540e+01 1 1 1 0.0 0.0 0.0
Se 1.555967176425e+00 7.239741425446e+00 2.330671355540e+01 1 1 1 0.0 0.0 0.0
Se 7.639904585408e+00 1.080512482113e+01 2.330671355540e+01 1 1 1 0.0 0.0 0.0
Se 3.477210568818e+00 1.080512482113e+01 2.330671355540e+01 1 1 1 0.0 0.0 0.0
Se 1.180259860200e+01 1.080512482113e+01 2.330671355540e+01 1 1 1 0.0 0.0 0.0
Se 9.561147977802e+00 1.437050821681e+01 2.330671355540e+01 1 1 1 0.0 0.0 0.0
Se 5.398453961212e+00 1.437050821681e+01 2.330671355540e+01 1 1 1 0.0 0.0 0.0
Se 1.235759944622e+00 1.437050821681e+01 2.330671355540e+01 1 1 1 0.0 0.0 0.0
Se 7.319697353606e+00 1.793589161249e+01 2.330671355540e+01 1 1 1 0.0 0.0 0.0
Se 3.157003337016e+00 1.793589161249e+01 2.330671355540e+01 1 1 1 0.0 0.0 0.0
Se 1.148239137020e+01 1.793589161249e+01 2.330671355540e+01 1 1 1 0.0 0.0 0.0
Se 9.240940746000e+00 2.150127500817e+01 2.330671355540e+01 1 1 1 0.0 0.0 0.0
Se 5.078246729410e+00 2.150127500817e+01 2.330671355540e+01 1 1 1 0.0 0.0 0.0
Se 9.155527128204e-01 2.150127500817e+01 2.330671355540e+01 1 1 1 0.0 0.0 0.0
Se 8.074396845283e+00 1.308649743090e+00 1.968357859229e+01 1 1 1 0.0 0.0 0.0
Se 3.911702828694e+00 1.308649743090e+00 1.968357859229e+01 1 1 1 0.0 0.0 0.0
Se 1.223709086187e+01 1.308649743090e+00 1.968357859229e+01 1 1 1 0.0 0.0 0.0
Se 9.995640237677e+00 4.874033138770e+00 1.968357859229e+01 1 1 1 0.0 0.0 0.0
Se 5.832946221087e+00 4.874033138770e+00 1.968357859229e+01 1 1 1 0.0 0.0 0.0
Se 1.670252204498e+00 4.874033138770e+00 1.968357859229e+01 1 1 1 0.0 0.0 0.0
Se 1.191688363007e+01 8.439416534450e+00 1.968357859229e+01 1 1 1 0.0 0.0 0.0
Se 7.754189613481e+00 8.439416534450e+00 1.968357859229e+01 1 1 1 0.0 0.0 0.0
Se 3.591495596891e+00 8.439416534450e+00 1.968357859229e+01 1 1 1 0.0 0.0 0.0
Se 9.675433005875e+00 1.200479993013e+01 1.968357859229e+01 1 1 1 0.0 0.0 0.0
Se 5.512738989285e+00 1.200479993013e+01 1.968357859229e+01 1 1 1 0.0 0.0 0.0
Se 1.350044972695e+00 1.200479993013e+01 1.968357859229e+01 1 1 1 0.0 0.0 0.0
Se 1.159667639827e+01 1.557018332581e+01 1.968357859229e+01 1 1 1 0.0 0.0 0.0
Se 7.433982381679e+00 1.557018332581e+01 1.968357859229e+01 1 1 1 0.0 0.0 0.0
Se 3.271288365089e+00 1.557018332581e+01 1.968357859229e+01 1 1 1 0.0 0.0 0.0
Se 9.355225774073e+00 1.913556672149e+01 1.968357859229e+01 1 1 1 0.0 0.0 0.0
Se 5.192531757483e+00 1.913556672149e+01 1.968357859229e+01 1 1 1 0.0 0.0 0.0
Se 1.029837740893e+00 1.913556672149e+01 1.968357859229e+01 1 1 1 0.0 0.0 0.0
Se 1.127646916647e+01 2.270095011717e+01 1.968357859229e+01 1 1 1 0.0 0.0 0.0
Se 7.113775149877e+00 2.270095011717e+01 1.968357859229e+01 1 1 1 0.0 0.0 0.0
Se 2.951081133287e+00 2.270095011717e+01 1.968357859229e+01 1 1 1 0.0 0.0 0.0
"