calculation_mode = "Quench Electrons"
cell_relax = "False"
charge_density_mixing = "0.15"
charge_mixing_type = "Broyden"
description = "Example parameters for high-throughput bulk relaxation of a vdW material"
dipole_moment = "True"
dos_broading = "0.05"
dos_method = "Gaussian"
energy_convergence_criterion = "1e-08"
energy_output_units = "Hartrees"
kohn_sham_mucycles = "3"
kohn_sham_solver = "davidson"
kpoint_distribution = "1"
kpoint_mesh = "1 1 1"
localize_projectors = "False"
max_md_steps = "100"
max_scf_steps = "200"
non_local_block_size = "4000"
output_wave_function_file = "/dev/null"
potential_acceleration_constant_step = "1.5"
processor_grid = "5 16 16"
rms_convergence_criterion = "1e-08"
scalapack_block_factor = "64"
start_mode = "LCAO Start"
state_block_size = "64"
stress = "True"
subdiag_driver = "scalapack"
test_energy_tolerance = "1e-05"
use_async_allreduce = "False"
vdw_corr = "DFT-D3"
vdwdf_kernel_filepath = "/lustre/orion/world-shared/cph162/rjmorelock/rmgdft/XC/vdW_kernel_table"
wavefunction_grid = "128 426 426"
write_data_period = "50"

atomic_coordinate_type = "Absolute"
crds_units = "Angstrom"
lattice_units = "Angstrom"

lattice_vector = "
1.509735502196e+01 0.000000000000e+00 9.000000000000e-16
6.356781064914e+00 4.954620497203e+01 3.100000000000e-15
0.000000000000e+00 0.000000000000e+00 4.998930533072e+01
"
atoms = "
Nb 1.583822018125e+01 4.053000910238e+01 1.782833092694e+01 1 1 1 0.0 0.0 0.0
Nb 1.544092136510e+01 4.397071778099e+01 1.782833092694e+01 1 1 1 0.0 0.0 0.0
Nb 1.504362254894e+01 4.741142645960e+01 1.782833092694e+01 1 1 1 0.0 0.0 0.0
Nb 1.424902491503e+01 2.814345785937e+01 1.782833092694e+01 1 1 1 0.0 0.0 0.0
Nb 1.385172609887e+01 3.158416653798e+01 1.782833092694e+01 1 1 1 0.0 0.0 0.0
Nb 1.345442728271e+01 3.502487521660e+01 1.782833092694e+01 1 1 1 0.0 0.0 0.0
Nb 1.305712846656e+01 3.846558389521e+01 1.782833092694e+01 1 1 1 0.0 0.0 0.0
Nb 1.265982965040e+01 4.190629257382e+01 1.782833092694e+01 1 1 1 0.0 0.0 0.0
Nb 1.226253083424e+01 4.534700125244e+01 1.782833092694e+01 1 1 1 0.0 0.0 0.0
Nb 1.186523201809e+01 4.878770993105e+01 1.782833092694e+01 1 1 1 0.0 0.0 0.0
Nb 1.265982964880e+01 1.575690661636e+01 1.782833092694e+01 1 1 1 0.0 0.0 0.0
Nb 1.226253083264e+01 1.919761529498e+01 1.782833092694e+01 1 1 1 0.0 0.0 0.0
Nb 1.186523201648e+01 2.263832397359e+01 1.782833092694e+01 1 1 1 0.0 0.0 0.0
Nb 1.146793320033e+01 2.607903265220e+01 1.782833092694e+01 1 1 1 0.0 0.0 0.0
Nb 1.107063438417e+01 2.951974133082e+01 1.782833092694e+01 1 1 1 0.0 0.0 0.0
Nb 1.067333556801e+01 3.296045000943e+01 1.782833092694e+01 1 1 1 0.0 0.0 0.0
Nb 1.027603675186e+01 3.640115868804e+01 1.782833092694e+01 1 1 1 0.0 0.0 0.0
Nb 9.878737935701e+00 3.984186736665e+01 1.782833092694e+01 1 1 1 0.0 0.0 0.0
Nb 9.481439119545e+00 4.328257604527e+01 1.782833092694e+01 1 1 1 0.0 0.0 0.0
Nb 9.084140303388e+00 4.672328472388e+01 1.782833092694e+01 1 1 1 0.0 0.0 0.0
Nb 1.107063438257e+01 3.370355373357e+00 1.782833092694e+01 1 1 1 0.0 0.0 0.0
Nb 1.067333556641e+01 6.811064051970e+00 1.782833092694e+01 1 1 1 0.0 0.0 0.0
Nb 1.027603675026e+01 1.025177273058e+01 1.782833092694e+01 1 1 1 0.0 0.0 0.0
Nb 9.878737934099e+00 1.369248140920e+01 1.782833092694e+01 1 1 1 0.0 0.0 0.0
Nb 9.481439117943e+00 1.713319008781e+01 1.782833092694e+01 1 1 1 0.0 0.0 0.0
Nb 9.084140301786e+00 2.057389876642e+01 1.782833092694e+01 1 1 1 0.0 0.0 0.0
Nb 8.686841485629e+00 2.401460744503e+01 1.782833092694e+01 1 1 1 0.0 0.0 0.0
Nb 8.289542669473e+00 2.745531612365e+01 1.782833092694e+01 1 1 1 0.0 0.0 0.0
Nb 7.892243853316e+00 3.089602480226e+01 1.782833092694e+01 1 1 1 0.0 0.0 0.0
Nb 7.494945037159e+00 3.433673348087e+01 1.782833092694e+01 1 1 1 0.0 0.0 0.0
Nb 7.097646221003e+00 3.777744215949e+01 1.782833092694e+01 1 1 1 0.0 0.0 0.0
Nb 6.700347404846e+00 4.121815083810e+01 1.782833092694e+01 1 1 1 0.0 0.0 0.0
Nb 6.303048588690e+00 4.465885951671e+01 1.782833092694e+01 1 1 1 0.0 0.0 0.0
Nb 2.100310479449e+01 4.809956819533e+01 1.782833092694e+01 1 1 1 0.0 0.0 0.0
Nb 8.289542667871e+00 1.305930166189e+00 1.782833092694e+01 1 1 1 0.0 0.0 0.0
Nb 7.892243851714e+00 4.746638844802e+00 1.782833092694e+01 1 1 1 0.0 0.0 0.0
Nb 7.494945035557e+00 8.187347523415e+00 1.782833092694e+01 1 1 1 0.0 0.0 0.0
Nb 7.097646219401e+00 1.162805620203e+01 1.782833092694e+01 1 1 1 0.0 0.0 0.0
Nb 6.700347403244e+00 1.506876488064e+01 1.782833092694e+01 1 1 1 0.0 0.0 0.0
Nb 6.303048587088e+00 1.850947355925e+01 1.782833092694e+01 1 1 1 0.0 0.0 0.0
Nb 5.905749770931e+00 2.195018223787e+01 1.782833092694e+01 1 1 1 0.0 0.0 0.0
Nb 5.508450954774e+00 2.539089091648e+01 1.782833092694e+01 1 1 1 0.0 0.0 0.0
Nb 5.111152138618e+00 2.883159959509e+01 1.782833092694e+01 1 1 1 0.0 0.0 0.0
Nb 4.713853322461e+00 3.227230827371e+01 1.782833092694e+01 1 1 1 0.0 0.0 0.0
Nb 1.941390952827e+01 3.571301695232e+01 1.782833092694e+01 1 1 1 0.0 0.0 0.0
Nb 1.901661071211e+01 3.915372563093e+01 1.782833092694e+01 1 1 1 0.0 0.0 0.0
Nb 1.861931189595e+01 4.259443430954e+01 1.782833092694e+01 1 1 1 0.0 0.0 0.0
Nb 1.822201307980e+01 4.603514298816e+01 1.782833092694e+01 1 1 1 0.0 0.0 0.0
Nb 5.111152137016e+00 2.682213637634e+00 1.782833092694e+01 1 1 1 0.0 0.0 0.0
Nb 4.713853320859e+00 6.122922316247e+00 1.782833092694e+01 1 1 1 0.0 0.0 0.0
Nb 4.316554504702e+00 9.563630994860e+00 1.782833092694e+01 1 1 1 0.0 0.0 0.0
Nb 3.919255688546e+00 1.300433967347e+01 1.782833092694e+01 1 1 1 0.0 0.0 0.0
Nb 3.521956872389e+00 1.644504835209e+01 1.782833092694e+01 1 1 1 0.0 0.0 0.0
Nb 3.124658056233e+00 1.988575703070e+01 1.782833092694e+01 1 1 1 0.0 0.0 0.0
Nb 1.782471426204e+01 2.332646570931e+01 1.782833092694e+01 1 1 1 0.0 0.0 0.0
Nb 1.742741544588e+01 2.676717438792e+01 1.782833092694e+01 1 1 1 0.0 0.0 0.0
Nb 1.703011662972e+01 3.020788306654e+01 1.782833092694e+01 1 1 1 0.0 0.0 0.0
Nb 1.663281781357e+01 3.364859174515e+01 1.782833092694e+01 1 1 1 0.0 0.0 0.0
Nb 1.623551899741e+01 3.708930042376e+01 1.782833092694e+01 1 1 1 0.0 0.0 0.0
Nb 2.330060422317e+00 6.177884304664e-01 1.782833092694e+01 1 1 1 0.0 0.0 0.0
Nb 1.932761606161e+00 4.058497109079e+00 1.782833092694e+01 1 1 1 0.0 0.0 0.0
Nb 1.535462790004e+00 7.499205787692e+00 1.782833092694e+01 1 1 1 0.0 0.0 0.0
Nb 1.623551899581e+01 1.093991446631e+01 1.782833092694e+01 1 1 1 0.0 0.0 0.0
Nb 1.583822017965e+01 1.438062314492e+01 1.782833092694e+01 1 1 1 0.0 0.0 0.0
Nb 1.544092136350e+01 1.782133182353e+01 1.782833092694e+01 1 1 1 0.0 0.0 0.0
Nb 1.504362254734e+01 2.126204050214e+01 1.782833092694e+01 1 1 1 0.0 0.0 0.0
Nb 1.464632373118e+01 2.470274918076e+01 1.782833092694e+01 1 1 1 0.0 0.0 0.0
Nb 1.424902491342e+01 1.994071901912e+00 1.782833092694e+01 1 1 1 0.0 0.0 0.0
Nb 1.385172609727e+01 5.434780580525e+00 1.782833092694e+01 1 1 1 0.0 0.0 0.0
Nb 1.345442728111e+01 8.875489259138e+00 1.782833092694e+01 1 1 1 0.0 0.0 0.0
Nb 1.305712846495e+01 1.231619793775e+01 1.782833092694e+01 1 1 1 0.0 0.0 0.0
Nb 1.782471426364e+01 4.947585166677e+01 1.782833092694e+01 1 1 1 0.0 0.0 0.0
Nb 1.582841568084e+01 4.052986634620e+01 1.168208868332e+01 1 1 1 0.0 0.0 0.0
Nb 1.543111686468e+01 4.397057502481e+01 1.168208868332e+01 1 1 1 0.0 0.0 0.0
Nb 1.503381804853e+01 4.741128370342e+01 1.168208868332e+01 1 1 1 0.0 0.0 0.0
Nb 1.423922041461e+01 2.814331510319e+01 1.168208868332e+01 1 1 1 0.0 0.0 0.0
Nb 1.384192159845e+01 3.158402378180e+01 1.168208868332e+01 1 1 1 0.0 0.0 0.0
Nb 1.344462278230e+01 3.502473246042e+01 1.168208868332e+01 1 1 1 0.0 0.0 0.0
Nb 1.304732396614e+01 3.846544113903e+01 1.168208868332e+01 1 1 1 0.0 0.0 0.0
Nb 1.265002514998e+01 4.190614981764e+01 1.168208868332e+01 1 1 1 0.0 0.0 0.0
Nb 1.225272633383e+01 4.534685849625e+01 1.168208868332e+01 1 1 1 0.0 0.0 0.0
Nb 1.185542751767e+01 4.878756717487e+01 1.168208868332e+01 1 1 1 0.0 0.0 0.0
Nb 1.265002514838e+01 1.575676386018e+01 1.168208868332e+01 1 1 1 0.0 0.0 0.0
Nb 1.225272633222e+01 1.919747253880e+01 1.168208868332e+01 1 1 1 0.0 0.0 0.0
Nb 1.185542751607e+01 2.263818121741e+01 1.168208868332e+01 1 1 1 0.0 0.0 0.0
Nb 1.145812869991e+01 2.607888989602e+01 1.168208868332e+01 1 1 1 0.0 0.0 0.0
Nb 1.106082988376e+01 2.951959857463e+01 1.168208868332e+01 1 1 1 0.0 0.0 0.0
Nb 1.066353106760e+01 3.296030725325e+01 1.168208868332e+01 1 1 1 0.0 0.0 0.0
Nb 1.026623225144e+01 3.640101593186e+01 1.168208868332e+01 1 1 1 0.0 0.0 0.0
Nb 9.868933435285e+00 3.984172461047e+01 1.168208868332e+01 1 1 1 0.0 0.0 0.0
Nb 9.471634619129e+00 4.328243328909e+01 1.168208868332e+01 1 1 1 0.0 0.0 0.0
Nb 9.074335802972e+00 4.672314196770e+01 1.168208868332e+01 1 1 1 0.0 0.0 0.0
Nb 1.106082988215e+01 3.370212617176e+00 1.168208868332e+01 1 1 1 0.0 0.0 0.0
Nb 1.066353106600e+01 6.810921295789e+00 1.168208868332e+01 1 1 1 0.0 0.0 0.0
Nb 1.026623224984e+01 1.025162997440e+01 1.168208868332e+01 1 1 1 0.0 0.0 0.0
Nb 9.868933433683e+00 1.369233865302e+01 1.168208868332e+01 1 1 1 0.0 0.0 0.0
Nb 9.471634617527e+00 1.713304733163e+01 1.168208868332e+01 1 1 1 0.0 0.0 0.0
Nb 9.074335801370e+00 2.057375601024e+01 1.168208868332e+01 1 1 1 0.0 0.0 0.0
Nb 8.677036985213e+00 2.401446468885e+01 1.168208868332e+01 1 1 1 0.0 0.0 0.0
Nb 8.279738169057e+00 2.745517336747e+01 1.168208868332e+01 1 1 1 0.0 0.0 0.0
Nb 7.882439352900e+00 3.089588204608e+01 1.168208868332e+01 1 1 1 0.0 0.0 0.0
Nb 7.485140536743e+00 3.433659072469e+01 1.168208868332e+01 1 1 1 0.0 0.0 0.0
Nb 7.087841720587e+00 3.777729940331e+01 1.168208868332e+01 1 1 1 0.0 0.0 0.0
Nb 6.690542904430e+00 4.121800808192e+01 1.168208868332e+01 1 1 1 0.0 0.0 0.0
Nb 6.293244088274e+00 4.465871676053e+01 1.168208868332e+01 1 1 1 0.0 0.0 0.0
Nb 2.099330029408e+01 4.809942543914e+01 1.168208868332e+01 1 1 1 0.0 0.0 0.0
Nb 8.279738167455e+00 1.305787410009e+00 1.168208868332e+01 1 1 1 0.0 0.0 0.0
Nb 7.882439351298e+00 4.746496088621e+00 1.168208868332e+01 1 1 1 0.0 0.0 0.0
Nb 7.485140535141e+00 8.187204767234e+00 1.168208868332e+01 1 1 1 0.0 0.0 0.0
Nb 7.087841718985e+00 1.162791344585e+01 1.168208868332e+01 1 1 1 0.0 0.0 0.0
Nb 6.690542902828e+00 1.506862212446e+01 1.168208868332e+01 1 1 1 0.0 0.0 0.0
Nb 6.293244086672e+00 1.850933080307e+01 1.168208868332e+01 1 1 1 0.0 0.0 0.0
Nb 5.895945270515e+00 2.195003948169e+01 1.168208868332e+01 1 1 1 0.0 0.0 0.0
Nb 5.498646454358e+00 2.539074816030e+01 1.168208868332e+01 1 1 1 0.0 0.0 0.0
Nb 5.101347638202e+00 2.883145683891e+01 1.168208868332e+01 1 1 1 0.0 0.0 0.0
Nb 4.704048822045e+00 3.227216551753e+01 1.168208868332e+01 1 1 1 0.0 0.0 0.0
Nb 1.940410502785e+01 3.571287419614e+01 1.168208868332e+01 1 1 1 0.0 0.0 0.0
Nb 1.900680621169e+01 3.915358287475e+01 1.168208868332e+01 1 1 1 0.0 0.0 0.0
Nb 1.860950739554e+01 4.259429155336e+01 1.168208868332e+01 1 1 1 0.0 0.0 0.0
Nb 1.821220857938e+01 4.603500023198e+01 1.168208868332e+01 1 1 1 0.0 0.0 0.0
Nb 5.101347636600e+00 2.682070881454e+00 1.168208868332e+01 1 1 1 0.0 0.0 0.0
Nb 4.704048820443e+00 6.122779560067e+00 1.168208868332e+01 1 1 1 0.0 0.0 0.0
Nb 4.306750004286e+00 9.563488238680e+00 1.168208868332e+01 1 1 1 0.0 0.0 0.0
Nb 3.909451188130e+00 1.300419691729e+01 1.168208868332e+01 1 1 1 0.0 0.0 0.0
Nb 3.512152371973e+00 1.644490559591e+01 1.168208868332e+01 1 1 1 0.0 0.0 0.0
Nb 3.114853555817e+00 1.988561427452e+01 1.168208868332e+01 1 1 1 0.0 0.0 0.0
Nb 1.781490976162e+01 2.332632295313e+01 1.168208868332e+01 1 1 1 0.0 0.0 0.0
Nb 1.741761094547e+01 2.676703163174e+01 1.168208868332e+01 1 1 1 0.0 0.0 0.0
Nb 1.702031212931e+01 3.020774031036e+01 1.168208868332e+01 1 1 1 0.0 0.0 0.0
Nb 1.662301331315e+01 3.364844898897e+01 1.168208868332e+01 1 1 1 0.0 0.0 0.0
Nb 1.622571449700e+01 3.708915766758e+01 1.168208868332e+01 1 1 1 0.0 0.0 0.0
Nb 2.320255921901e+00 6.176456742859e-01 1.168208868332e+01 1 1 1 0.0 0.0 0.0
Nb 1.922957105745e+00 4.058354352899e+00 1.168208868332e+01 1 1 1 0.0 0.0 0.0
Nb 1.525658289588e+00 7.499063031512e+00 1.168208868332e+01 1 1 1 0.0 0.0 0.0
Nb 1.622571449539e+01 1.093977171012e+01 1.168208868332e+01 1 1 1 0.0 0.0 0.0
Nb 1.582841567924e+01 1.438048038874e+01 1.168208868332e+01 1 1 1 0.0 0.0 0.0
Nb 1.543111686308e+01 1.782118906735e+01 1.168208868332e+01 1 1 1 0.0 0.0 0.0
Nb 1.503381804692e+01 2.126189774596e+01 1.168208868332e+01 1 1 1 0.0 0.0 0.0
Nb 1.463651923077e+01 2.470260642458e+01 1.168208868332e+01 1 1 1 0.0 0.0 0.0
Nb 1.423922041301e+01 1.993929145731e+00 1.168208868332e+01 1 1 1 0.0 0.0 0.0
Nb 1.384192159685e+01 5.434637824344e+00 1.168208868332e+01 1 1 1 0.0 0.0 0.0
Nb 1.344462278069e+01 8.875346502957e+00 1.168208868332e+01 1 1 1 0.0 0.0 0.0
Nb 1.304732396454e+01 1.231605518157e+01 1.168208868332e+01 1 1 1 0.0 0.0 0.0
Nb 1.781490976322e+01 4.947570891059e+01 1.168208868332e+01 1 1 1 0.0 0.0 0.0
Bi 1.104329563571e+01 4.300773065538e+01 3.834784015603e+01 1 1 1 0.0 0.0 0.0
Bi 1.509574356271e+01 4.399865475482e+01 3.834784015603e+01 1 1 1 0.0 0.0 0.0
Bi 1.914819148972e+01 4.498957885426e+01 3.834784015603e+01 1 1 1 0.0 0.0 0.0
Bi 9.930858949634e+00 3.904403425762e+01 3.834784015603e+01 1 1 1 0.0 0.0 0.0
Bi 1.398330687664e+01 4.003495835706e+01 3.834784015603e+01 1 1 1 0.0 0.0 0.0
Bi 1.803575480365e+01 4.102588245650e+01 3.834784015603e+01 1 1 1 0.0 0.0 0.0
Bi 6.990847708698e+00 4.201680655594e+01 3.834784015603e+01 1 1 1 0.0 0.0 0.0
Bi 8.818422263563e+00 3.508033785986e+01 3.834784015603e+01 1 1 1 0.0 0.0 0.0
Bi 1.287087019057e+01 3.607126195930e+01 3.834784015603e+01 1 1 1 0.0 0.0 0.0
Bi 1.692331811758e+01 3.706218605874e+01 3.834784015603e+01 1 1 1 0.0 0.0 0.0
Bi 5.878411022626e+00 3.805311015818e+01 3.834784015603e+01 1 1 1 0.0 0.0 0.0
Bi 7.705985577491e+00 3.111664146209e+01 3.834784015603e+01 1 1 1 0.0 0.0 0.0
Bi 1.175843350450e+01 3.210756556154e+01 3.834784015603e+01 1 1 1 0.0 0.0 0.0
Bi 1.581088143151e+01 3.309848966098e+01 3.834784015603e+01 1 1 1 0.0 0.0 0.0
Bi 4.765974336555e+00 3.408941376042e+01 3.834784015603e+01 1 1 1 0.0 0.0 0.0
Bi 6.593548891420e+00 2.715294506433e+01 3.834784015603e+01 1 1 1 0.0 0.0 0.0
Bi 1.064599681843e+01 2.814386916377e+01 3.834784015603e+01 1 1 1 0.0 0.0 0.0
Bi 1.469844474544e+01 2.913479326321e+01 3.834784015603e+01 1 1 1 0.0 0.0 0.0
Bi 1.875089267244e+01 3.012571736265e+01 3.834784015603e+01 1 1 1 0.0 0.0 0.0
Bi 5.481112205348e+00 2.318924866657e+01 3.834784015603e+01 1 1 1 0.0 0.0 0.0
Bi 9.533560132356e+00 2.418017276601e+01 3.834784015603e+01 1 1 1 0.0 0.0 0.0
Bi 1.358600805936e+01 2.517109686545e+01 3.834784015603e+01 1 1 1 0.0 0.0 0.0
Bi 1.763845598637e+01 2.616202096489e+01 3.834784015603e+01 1 1 1 0.0 0.0 0.0
Bi 8.421123446285e+00 2.021647636825e+01 3.834784015603e+01 1 1 1 0.0 0.0 0.0
Bi 1.247357137329e+01 2.120740046769e+01 3.834784015603e+01 1 1 1 0.0 0.0 0.0
Bi 1.652601930030e+01 2.219832456713e+01 3.834784015603e+01 1 1 1 0.0 0.0 0.0
Bi 7.308686760213e+00 1.625277997049e+01 3.834784015603e+01 1 1 1 0.0 0.0 0.0
Bi 1.136113468722e+01 1.724370406993e+01 3.834784015603e+01 1 1 1 0.0 0.0 0.0
Bi 1.541358261423e+01 1.823462816937e+01 3.834784015603e+01 1 1 1 0.0 0.0 0.0
Bi 4.368675519276e+00 1.922555226881e+01 3.834784015603e+01 1 1 1 0.0 0.0 0.0
Bi 6.196250074142e+00 1.228908357272e+01 3.834784015603e+01 1 1 1 0.0 0.0 0.0
Bi 1.024869800115e+01 1.328000767216e+01 3.834784015603e+01 1 1 1 0.0 0.0 0.0
Bi 1.430114592816e+01 1.427093177161e+01 3.834784015603e+01 1 1 1 0.0 0.0 0.0
Bi 3.256238833205e+00 1.526185587105e+01 3.834784015603e+01 1 1 1 0.0 0.0 0.0
Bi 5.083813388070e+00 8.325387174962e+00 3.834784015603e+01 1 1 1 0.0 0.0 0.0
Bi 9.136261315078e+00 9.316311274403e+00 3.834784015603e+01 1 1 1 0.0 0.0 0.0
Bi 1.318870924209e+01 1.030723537384e+01 3.834784015603e+01 1 1 1 0.0 0.0 0.0
Bi 2.143802147133e+00 1.129815947328e+01 3.834784015603e+01 1 1 1 0.0 0.0 0.0
Bi 3.971376701998e+00 4.361690777200e+00 3.834784015603e+01 1 1 1 0.0 0.0 0.0
Bi 8.023824629007e+00 5.352614876641e+00 3.834784015603e+01 1 1 1 0.0 0.0 0.0
Bi 1.207627255602e+01 6.343538976081e+00 3.834784015603e+01 1 1 1 0.0 0.0 0.0
Bi 1.031365461062e+00 7.334463075522e+00 3.834784015603e+01 1 1 1 0.0 0.0 0.0
Bi 2.858940015927e+00 3.979943794380e-01 3.834784015603e+01 1 1 1 0.0 0.0 0.0
Bi 6.911387942935e+00 1.388918478879e+00 3.834784015603e+01 1 1 1 0.0 0.0 0.0
Bi 1.096383586994e+01 2.379842578319e+00 3.834784015603e+01 1 1 1 0.0 0.0 0.0
Bi 1.501628379695e+01 3.370766677760e+00 3.834784015603e+01 1 1 1 0.0 0.0 0.0
Bi 8.103284394769e+00 4.598050295370e+01 3.834784015603e+01 1 1 1 0.0 0.0 0.0
Bi 1.215573232178e+01 4.697142705314e+01 3.834784015603e+01 1 1 1 0.0 0.0 0.0
Bi 1.620818024879e+01 4.796235115258e+01 3.834784015603e+01 1 1 1 0.0 0.0 0.0
Bi 2.026062817579e+01 4.895327525202e+01 3.834784015603e+01 1 1 1 0.0 0.0 0.0
Bi 1.043469616493e+01 4.535526295280e+01 3.436119714775e+01 1 1 1 0.0 0.0 0.0
Bi 1.448714409194e+01 4.634618705224e+01 3.436119714775e+01 1 1 1 0.0 0.0 0.0
Bi 1.853959201895e+01 4.733711115168e+01 3.436119714775e+01 1 1 1 0.0 0.0 0.0
Bi 9.322259478858e+00 4.139156655504e+01 3.436119714775e+01 1 1 1 0.0 0.0 0.0
Bi 1.337470740587e+01 4.238249065448e+01 3.436119714775e+01 1 1 1 0.0 0.0 0.0
Bi 1.742715533287e+01 4.337341475392e+01 3.436119714775e+01 1 1 1 0.0 0.0 0.0
Bi 6.382248237921e+00 4.436433885336e+01 3.436119714775e+01 1 1 1 0.0 0.0 0.0
Bi 8.209822792787e+00 3.742787015728e+01 3.436119714775e+01 1 1 1 0.0 0.0 0.0
Bi 1.226227071980e+01 3.841879425672e+01 3.436119714775e+01 1 1 1 0.0 0.0 0.0
Bi 1.631471864680e+01 3.940971835616e+01 3.436119714775e+01 1 1 1 0.0 0.0 0.0
Bi 5.269811551850e+00 4.040064245560e+01 3.436119714775e+01 1 1 1 0.0 0.0 0.0
Bi 7.097386106715e+00 3.346417375952e+01 3.436119714775e+01 1 1 1 0.0 0.0 0.0
Bi 1.114983403372e+01 3.445509785896e+01 3.436119714775e+01 1 1 1 0.0 0.0 0.0
Bi 1.520228196073e+01 3.544602195840e+01 3.436119714775e+01 1 1 1 0.0 0.0 0.0
Bi 1.925472988774e+01 3.643694605784e+01 3.436119714775e+01 1 1 1 0.0 0.0 0.0
Bi 5.984949420643e+00 2.950047736175e+01 3.436119714775e+01 1 1 1 0.0 0.0 0.0
Bi 1.003739734765e+01 3.049140146120e+01 3.436119714775e+01 1 1 1 0.0 0.0 0.0
Bi 1.408984527466e+01 3.148232556064e+01 3.436119714775e+01 1 1 1 0.0 0.0 0.0
Bi 1.814229320167e+01 3.247324966008e+01 3.436119714775e+01 1 1 1 0.0 0.0 0.0
Bi 4.872512734572e+00 2.553678096399e+01 3.436119714775e+01 1 1 1 0.0 0.0 0.0
Bi 8.924960661580e+00 2.652770506343e+01 3.436119714775e+01 1 1 1 0.0 0.0 0.0
Bi 1.297740858859e+01 2.751862916287e+01 3.436119714775e+01 1 1 1 0.0 0.0 0.0
Bi 1.702985651560e+01 2.850955326231e+01 3.436119714775e+01 1 1 1 0.0 0.0 0.0
Bi 7.812523975509e+00 2.256400866567e+01 3.436119714775e+01 1 1 1 0.0 0.0 0.0
Bi 1.186497190252e+01 2.355493276511e+01 3.436119714775e+01 1 1 1 0.0 0.0 0.0
Bi 1.591741982953e+01 2.454585686455e+01 3.436119714775e+01 1 1 1 0.0 0.0 0.0
Bi 6.700087289437e+00 1.860031226791e+01 3.436119714775e+01 1 1 1 0.0 0.0 0.0
Bi 1.075253521645e+01 1.959123636735e+01 3.436119714775e+01 1 1 1 0.0 0.0 0.0
Bi 1.480498314345e+01 2.058216046679e+01 3.436119714775e+01 1 1 1 0.0 0.0 0.0
Bi 3.760076048500e+00 2.157308456623e+01 3.436119714775e+01 1 1 1 0.0 0.0 0.0
Bi 5.587650603365e+00 1.463661587015e+01 3.436119714775e+01 1 1 1 0.0 0.0 0.0
Bi 9.640098530374e+00 1.562753996959e+01 3.436119714775e+01 1 1 1 0.0 0.0 0.0
Bi 1.369254645738e+01 1.661846406903e+01 3.436119714775e+01 1 1 1 0.0 0.0 0.0
Bi 2.647639362429e+00 1.760938816847e+01 3.436119714775e+01 1 1 1 0.0 0.0 0.0
Bi 4.475213917294e+00 1.067291947238e+01 3.436119714775e+01 1 1 1 0.0 0.0 0.0
Bi 8.527661844302e+00 1.166384357182e+01 3.436119714775e+01 1 1 1 0.0 0.0 0.0
Bi 1.258010977131e+01 1.265476767127e+01 3.436119714775e+01 1 1 1 0.0 0.0 0.0
Bi 1.663255769832e+01 1.364569177071e+01 3.436119714775e+01 1 1 1 0.0 0.0 0.0
Bi 3.362777231222e+00 6.709223074622e+00 3.436119714775e+01 1 1 1 0.0 0.0 0.0
Bi 7.415225158231e+00 7.700147174063e+00 3.436119714775e+01 1 1 1 0.0 0.0 0.0
Bi 1.146767308524e+01 8.691071273503e+00 3.436119714775e+01 1 1 1 0.0 0.0 0.0
Bi 1.552012101225e+01 9.681995372944e+00 3.436119714775e+01 1 1 1 0.0 0.0 0.0
Bi 2.250340545151e+00 2.745526676860e+00 3.436119714775e+01 1 1 1 0.0 0.0 0.0
Bi 6.302788472159e+00 3.736450776301e+00 3.436119714775e+01 1 1 1 0.0 0.0 0.0
Bi 1.035523639917e+01 4.727374875741e+00 3.436119714775e+01 1 1 1 0.0 0.0 0.0
Bi 1.440768432618e+01 5.718298975182e+00 3.436119714775e+01 1 1 1 0.0 0.0 0.0
Bi 7.494684923993e+00 4.832803525112e+01 3.436119714775e+01 1 1 1 0.0 0.0 0.0
Bi 1.154713285100e+01 4.931895935057e+01 3.436119714775e+01 1 1 1 0.0 0.0 0.0
Bi 9.242799713096e+00 7.636784779791e-01 3.436119714775e+01 1 1 1 0.0 0.0 0.0
Bi 1.329524764010e+01 1.754602577420e+00 3.436119714775e+01 1 1 1 0.0 0.0 0.0
Bi 1.037597913551e+01 4.539014314558e+01 2.831971850542e+01 1 1 1 0.0 0.0 0.0
Bi 1.442842706252e+01 4.638106724502e+01 2.831971850542e+01 1 1 1 0.0 0.0 0.0
Bi 1.848087498953e+01 4.737199134446e+01 2.831971850542e+01 1 1 1 0.0 0.0 0.0
Bi 9.263542449441e+00 4.142644674782e+01 2.831971850542e+01 1 1 1 0.0 0.0 0.0
Bi 1.331599037645e+01 4.241737084726e+01 2.831971850542e+01 1 1 1 0.0 0.0 0.0
Bi 1.736843830346e+01 4.340829494670e+01 2.831971850542e+01 1 1 1 0.0 0.0 0.0
Bi 6.323531208504e+00 4.439921904614e+01 2.831971850542e+01 1 1 1 0.0 0.0 0.0
Bi 8.151105763370e+00 3.746275035005e+01 2.831971850542e+01 1 1 1 0.0 0.0 0.0
Bi 1.220355369038e+01 3.845367444949e+01 2.831971850542e+01 1 1 1 0.0 0.0 0.0
Bi 1.625600161739e+01 3.944459854894e+01 2.831971850542e+01 1 1 1 0.0 0.0 0.0
Bi 5.211094522433e+00 4.043552264838e+01 2.831971850542e+01 1 1 1 0.0 0.0 0.0
Bi 7.038669077298e+00 3.349905395229e+01 2.831971850542e+01 1 1 1 0.0 0.0 0.0
Bi 1.109111700431e+01 3.448997805173e+01 2.831971850542e+01 1 1 1 0.0 0.0 0.0
Bi 1.514356493131e+01 3.548090215117e+01 2.831971850542e+01 1 1 1 0.0 0.0 0.0
Bi 1.919601285832e+01 3.647182625061e+01 2.831971850542e+01 1 1 1 0.0 0.0 0.0
Bi 5.926232391226e+00 2.953535755453e+01 2.831971850542e+01 1 1 1 0.0 0.0 0.0
Bi 9.978680318235e+00 3.052628165397e+01 2.831971850542e+01 1 1 1 0.0 0.0 0.0
Bi 1.403112824524e+01 3.151720575341e+01 2.831971850542e+01 1 1 1 0.0 0.0 0.0
Bi 1.808357617225e+01 3.250812985285e+01 2.831971850542e+01 1 1 1 0.0 0.0 0.0
Bi 4.813795705155e+00 2.557166115677e+01 2.831971850542e+01 1 1 1 0.0 0.0 0.0
Bi 8.866243632163e+00 2.656258525621e+01 2.831971850542e+01 1 1 1 0.0 0.0 0.0
Bi 1.291869155917e+01 2.755350935565e+01 2.831971850542e+01 1 1 1 0.0 0.0 0.0
Bi 1.697113948618e+01 2.854443345509e+01 2.831971850542e+01 1 1 1 0.0 0.0 0.0
Bi 7.753806946092e+00 2.259888885845e+01 2.831971850542e+01 1 1 1 0.0 0.0 0.0
Bi 1.180625487310e+01 2.358981295789e+01 2.831971850542e+01 1 1 1 0.0 0.0 0.0
Bi 1.585870280011e+01 2.458073705733e+01 2.831971850542e+01 1 1 1 0.0 0.0 0.0
Bi 6.641370260020e+00 1.863519246068e+01 2.831971850542e+01 1 1 1 0.0 0.0 0.0
Bi 1.069381818703e+01 1.962611656012e+01 2.831971850542e+01 1 1 1 0.0 0.0 0.0
Bi 1.474626611404e+01 2.061704065956e+01 2.831971850542e+01 1 1 1 0.0 0.0 0.0
Bi 3.701359019083e+00 2.160796475901e+01 2.831971850542e+01 1 1 1 0.0 0.0 0.0
Bi 5.528933573948e+00 1.467149606292e+01 2.831971850542e+01 1 1 1 0.0 0.0 0.0
Bi 9.581381500957e+00 1.566242016236e+01 2.831971850542e+01 1 1 1 0.0 0.0 0.0
Bi 1.363382942797e+01 1.665334426180e+01 2.831971850542e+01 1 1 1 0.0 0.0 0.0
Bi 2.588922333012e+00 1.764426836124e+01 2.831971850542e+01 1 1 1 0.0 0.0 0.0
Bi 4.416496887877e+00 1.070779966516e+01 2.831971850542e+01 1 1 1 0.0 0.0 0.0
Bi 8.468944814885e+00 1.169872376460e+01 2.831971850542e+01 1 1 1 0.0 0.0 0.0
Bi 1.252139274189e+01 1.268964786404e+01 2.831971850542e+01 1 1 1 0.0 0.0 0.0
Bi 1.657384066890e+01 1.368057196348e+01 2.831971850542e+01 1 1 1 0.0 0.0 0.0
Bi 3.304060201805e+00 6.744103267397e+00 2.831971850542e+01 1 1 1 0.0 0.0 0.0
Bi 7.356508128813e+00 7.735027366838e+00 2.831971850542e+01 1 1 1 0.0 0.0 0.0
Bi 1.140895605582e+01 8.725951466278e+00 2.831971850542e+01 1 1 1 0.0 0.0 0.0
Bi 1.546140398283e+01 9.716875565719e+00 2.831971850542e+01 1 1 1 0.0 0.0 0.0
Bi 2.191623515734e+00 2.780406869635e+00 2.831971850542e+01 1 1 1 0.0 0.0 0.0
Bi 6.244071442742e+00 3.771330969076e+00 2.831971850542e+01 1 1 1 0.0 0.0 0.0
Bi 1.029651936975e+01 4.762255068516e+00 2.831971850542e+01 1 1 1 0.0 0.0 0.0
Bi 1.434896729676e+01 5.753179167957e+00 2.831971850542e+01 1 1 1 0.0 0.0 0.0
Bi 7.435967894576e+00 4.836291544390e+01 2.831971850542e+01 1 1 1 0.0 0.0 0.0
Bi 1.148841582158e+01 4.935383954334e+01 2.831971850542e+01 1 1 1 0.0 0.0 0.0
Bi 9.184082683679e+00 7.985586707542e-01 2.831971850542e+01 1 1 1 0.0 0.0 0.0
Bi 1.323653061069e+01 1.789482770195e+00 2.831971850542e+01 1 1 1 0.0 0.0 0.0
Bi 8.668544269340e+00 4.375450929527e+01 2.434799808390e+01 1 1 1 0.0 0.0 0.0
Bi 1.272099219635e+01 4.474543339471e+01 2.434799808390e+01 1 1 1 0.0 0.0 0.0
Bi 1.677344012336e+01 4.573635749415e+01 2.434799808390e+01 1 1 1 0.0 0.0 0.0
Bi 7.556107583268e+00 3.979081289751e+01 2.434799808390e+01 1 1 1 0.0 0.0 0.0
Bi 1.160855551028e+01 4.078173699695e+01 2.434799808390e+01 1 1 1 0.0 0.0 0.0
Bi 1.566100343728e+01 4.177266109639e+01 2.434799808390e+01 1 1 1 0.0 0.0 0.0
Bi 1.971345136429e+01 4.276358519583e+01 2.434799808390e+01 1 1 1 0.0 0.0 0.0
Bi 6.443670897197e+00 3.582711649975e+01 2.434799808390e+01 1 1 1 0.0 0.0 0.0
Bi 1.049611882420e+01 3.681804059919e+01 2.434799808390e+01 1 1 1 0.0 0.0 0.0
Bi 1.454856675121e+01 3.780896469863e+01 2.434799808390e+01 1 1 1 0.0 0.0 0.0
Bi 1.860101467822e+01 3.879988879807e+01 2.434799808390e+01 1 1 1 0.0 0.0 0.0
Bi 5.331234211125e+00 3.186342010198e+01 2.434799808390e+01 1 1 1 0.0 0.0 0.0
Bi 9.383682138133e+00 3.285434420143e+01 2.434799808390e+01 1 1 1 0.0 0.0 0.0
Bi 1.343613006514e+01 3.384526830087e+01 2.434799808390e+01 1 1 1 0.0 0.0 0.0
Bi 1.748857799215e+01 3.483619240031e+01 2.434799808390e+01 1 1 1 0.0 0.0 0.0
Bi 4.218797525053e+00 2.789972370422e+01 2.434799808390e+01 1 1 1 0.0 0.0 0.0
Bi 8.271245452062e+00 2.889064780366e+01 2.434799808390e+01 1 1 1 0.0 0.0 0.0
Bi 1.232369337907e+01 2.988157190310e+01 2.434799808390e+01 1 1 1 0.0 0.0 0.0
Bi 1.637614130608e+01 3.087249600254e+01 2.434799808390e+01 1 1 1 0.0 0.0 0.0
Bi 3.106360838982e+00 2.393602730646e+01 2.434799808390e+01 1 1 1 0.0 0.0 0.0
Bi 7.158808765990e+00 2.492695140590e+01 2.434799808390e+01 1 1 1 0.0 0.0 0.0
Bi 1.121125669300e+01 2.591787550534e+01 2.434799808390e+01 1 1 1 0.0 0.0 0.0
Bi 1.526370462001e+01 2.690879960478e+01 2.434799808390e+01 1 1 1 0.0 0.0 0.0
Bi 6.046372079919e+00 2.096325500814e+01 2.434799808390e+01 1 1 1 0.0 0.0 0.0
Bi 1.009882000693e+01 2.195417910758e+01 2.434799808390e+01 1 1 1 0.0 0.0 0.0
Bi 1.415126793394e+01 2.294510320702e+01 2.434799808390e+01 1 1 1 0.0 0.0 0.0
Bi 4.933935393847e+00 1.699955861038e+01 2.434799808390e+01 1 1 1 0.0 0.0 0.0
Bi 8.986383320855e+00 1.799048270982e+01 2.434799808390e+01 1 1 1 0.0 0.0 0.0
Bi 1.303883124786e+01 1.898140680926e+01 2.434799808390e+01 1 1 1 0.0 0.0 0.0
Bi 1.709127917487e+01 1.997233090870e+01 2.434799808390e+01 1 1 1 0.0 0.0 0.0
Bi 3.821498707775e+00 1.303586221261e+01 2.434799808390e+01 1 1 1 0.0 0.0 0.0
Bi 7.873946634784e+00 1.402678631206e+01 2.434799808390e+01 1 1 1 0.0 0.0 0.0
Bi 1.192639456179e+01 1.501771041150e+01 2.434799808390e+01 1 1 1 0.0 0.0 0.0
Bi 1.597884248880e+01 1.600863451094e+01 2.434799808390e+01 1 1 1 0.0 0.0 0.0
Bi 2.709062021704e+00 9.072165814853e+00 2.434799808390e+01 1 1 1 0.0 0.0 0.0
Bi 6.761509948712e+00 1.006308991429e+01 2.434799808390e+01 1 1 1 0.0 0.0 0.0
Bi 1.081395787572e+01 1.105401401373e+01 2.434799808390e+01 1 1 1 0.0 0.0 0.0
Bi 1.486640580273e+01 1.204493811317e+01 2.434799808390e+01 1 1 1 0.0 0.0 0.0
Bi 1.596625335632e+00 5.108469417090e+00 2.434799808390e+01 1 1 1 0.0 0.0 0.0
Bi 5.649073262641e+00 6.099393516531e+00 2.434799808390e+01 1 1 1 0.0 0.0 0.0
Bi 9.701521189649e+00 7.090317615972e+00 2.434799808390e+01 1 1 1 0.0 0.0 0.0
Bi 1.375396911666e+01 8.081241715412e+00 2.434799808390e+01 1 1 1 0.0 0.0 0.0
Bi 4.841886495606e-01 1.144773019328e+00 2.434799808390e+01 1 1 1 0.0 0.0 0.0
Bi 4.536636576569e+00 2.135697118769e+00 2.434799808390e+01 1 1 1 0.0 0.0 0.0
Bi 8.589084503577e+00 3.126621218209e+00 2.434799808390e+01 1 1 1 0.0 0.0 0.0
Bi 1.264153243059e+01 4.117545317650e+00 2.434799808390e+01 1 1 1 0.0 0.0 0.0
Bi 2.082588805036e+01 4.672728159359e+01 2.434799808390e+01 1 1 1 0.0 0.0 0.0
Bi 9.780980955411e+00 4.771820569303e+01 2.434799808390e+01 1 1 1 0.0 0.0 0.0
Bi 1.383342888242e+01 4.870912979247e+01 2.434799808390e+01 1 1 1 0.0 0.0 0.0
Bi 1.152909574451e+01 1.538489198878e-01 2.434799808390e+01 1 1 1 0.0 0.0 0.0
Se 1.702001231096e+01 3.892372503368e+01 1.000000000000e+01 1 1 1 0.0 0.0 0.0
Se 1.662271349480e+01 4.236443371230e+01 1.000000000000e+01 1 1 1 0.0 0.0 0.0
Se 1.622541467865e+01 4.580514239091e+01 1.000000000000e+01 1 1 1 0.0 0.0 0.0
Se 1.543081704473e+01 2.653717379068e+01 1.000000000000e+01 1 1 1 0.0 0.0 0.0
Se 1.503351822857e+01 2.997788246929e+01 1.000000000000e+01 1 1 1 0.0 0.0 0.0
Se 1.463621941242e+01 3.341859114790e+01 1.000000000000e+01 1 1 1 0.0 0.0 0.0
Se 1.423892059626e+01 3.685929982651e+01 1.000000000000e+01 1 1 1 0.0 0.0 0.0
Se 1.384162178010e+01 4.030000850513e+01 1.000000000000e+01 1 1 1 0.0 0.0 0.0
Se 1.344432296395e+01 4.374071718374e+01 1.000000000000e+01 1 1 1 0.0 0.0 0.0
Se 1.304702414779e+01 4.718142586235e+01 1.000000000000e+01 1 1 1 0.0 0.0 0.0
Se 1.384162177850e+01 1.415062254767e+01 1.000000000000e+01 1 1 1 0.0 0.0 0.0
Se 1.344432296235e+01 1.759133122628e+01 1.000000000000e+01 1 1 1 0.0 0.0 0.0
Se 1.304702414619e+01 2.103203990490e+01 1.000000000000e+01 1 1 1 0.0 0.0 0.0
Se 1.264972533003e+01 2.447274858351e+01 1.000000000000e+01 1 1 1 0.0 0.0 0.0
Se 1.225242651388e+01 2.791345726212e+01 1.000000000000e+01 1 1 1 0.0 0.0 0.0
Se 1.185512769772e+01 3.135416594073e+01 1.000000000000e+01 1 1 1 0.0 0.0 0.0
Se 1.145782888156e+01 3.479487461935e+01 1.000000000000e+01 1 1 1 0.0 0.0 0.0
Se 1.106053006541e+01 3.823558329796e+01 1.000000000000e+01 1 1 1 0.0 0.0 0.0
Se 1.066323124925e+01 4.167629197657e+01 1.000000000000e+01 1 1 1 0.0 0.0 0.0
Se 1.026593243309e+01 4.511700065519e+01 1.000000000000e+01 1 1 1 0.0 0.0 0.0
Se 1.225242651227e+01 1.764071304663e+00 1.000000000000e+01 1 1 1 0.0 0.0 0.0
Se 1.185512769612e+01 5.204779983276e+00 1.000000000000e+01 1 1 1 0.0 0.0 0.0
Se 1.145782887996e+01 8.645488661889e+00 1.000000000000e+01 1 1 1 0.0 0.0 0.0
Se 1.106053006380e+01 1.208619734050e+01 1.000000000000e+01 1 1 1 0.0 0.0 0.0
Se 1.066323124765e+01 1.552690601911e+01 1.000000000000e+01 1 1 1 0.0 0.0 0.0
Se 1.026593243149e+01 1.896761469773e+01 1.000000000000e+01 1 1 1 0.0 0.0 0.0
Se 9.868633615334e+00 2.240832337634e+01 1.000000000000e+01 1 1 1 0.0 0.0 0.0
Se 9.471334799177e+00 2.584903205495e+01 1.000000000000e+01 1 1 1 0.0 0.0 0.0
Se 9.074035983020e+00 2.928974073357e+01 1.000000000000e+01 1 1 1 0.0 0.0 0.0
Se 8.676737166864e+00 3.273044941218e+01 1.000000000000e+01 1 1 1 0.0 0.0 0.0
Se 8.279438350707e+00 3.617115809079e+01 1.000000000000e+01 1 1 1 0.0 0.0 0.0
Se 7.882139534551e+00 3.961186676941e+01 1.000000000000e+01 1 1 1 0.0 0.0 0.0
Se 7.484840718394e+00 4.305257544802e+01 1.000000000000e+01 1 1 1 0.0 0.0 0.0
Se 7.087541902237e+00 4.649328412663e+01 1.000000000000e+01 1 1 1 0.0 0.0 0.0
Se 1.582811586249e+01 4.924585106952e+01 1.000000000000e+01 1 1 1 0.0 0.0 0.0
Se 9.074035981418e+00 3.140354776108e+00 1.000000000000e+01 1 1 1 0.0 0.0 0.0
Se 8.676737165262e+00 6.581063454721e+00 1.000000000000e+01 1 1 1 0.0 0.0 0.0
Se 8.279438349105e+00 1.002177213333e+01 1.000000000000e+01 1 1 1 0.0 0.0 0.0
Se 7.882139532948e+00 1.346248081195e+01 1.000000000000e+01 1 1 1 0.0 0.0 0.0
Se 7.484840716792e+00 1.690318949056e+01 1.000000000000e+01 1 1 1 0.0 0.0 0.0
Se 7.087541900635e+00 2.034389816917e+01 1.000000000000e+01 1 1 1 0.0 0.0 0.0
Se 6.690243084479e+00 2.378460684779e+01 1.000000000000e+01 1 1 1 0.0 0.0 0.0
Se 6.292944268322e+00 2.722531552640e+01 1.000000000000e+01 1 1 1 0.0 0.0 0.0
Se 5.895645452165e+00 3.066602420501e+01 1.000000000000e+01 1 1 1 0.0 0.0 0.0
Se 5.498346636009e+00 3.410673288362e+01 1.000000000000e+01 1 1 1 0.0 0.0 0.0
Se 5.101047819852e+00 3.754744156224e+01 1.000000000000e+01 1 1 1 0.0 0.0 0.0
Se 1.980110402566e+01 4.098815024085e+01 1.000000000000e+01 1 1 1 0.0 0.0 0.0
Se 1.940380520950e+01 4.442885891946e+01 1.000000000000e+01 1 1 1 0.0 0.0 0.0
Se 6.292944266720e+00 1.075929568940e+00 1.000000000000e+01 1 1 1 0.0 0.0 0.0
Se 5.895645450563e+00 4.516638247553e+00 1.000000000000e+01 1 1 1 0.0 0.0 0.0
Se 5.498346634407e+00 7.957346926166e+00 1.000000000000e+01 1 1 1 0.0 0.0 0.0
Se 5.101047818250e+00 1.139805560478e+01 1.000000000000e+01 1 1 1 0.0 0.0 0.0
Se 4.703749002093e+00 1.483876428339e+01 1.000000000000e+01 1 1 1 0.0 0.0 0.0
Se 4.306450185937e+00 1.827947296200e+01 1.000000000000e+01 1 1 1 0.0 0.0 0.0
Se 3.909151369780e+00 2.172018164062e+01 1.000000000000e+01 1 1 1 0.0 0.0 0.0
Se 3.511852553624e+00 2.516089031923e+01 1.000000000000e+01 1 1 1 0.0 0.0 0.0
Se 1.821190875943e+01 2.860159899784e+01 1.000000000000e+01 1 1 1 0.0 0.0 0.0
Se 1.781460994327e+01 3.204230767646e+01 1.000000000000e+01 1 1 1 0.0 0.0 0.0
Se 1.741731112712e+01 3.548301635507e+01 1.000000000000e+01 1 1 1 0.0 0.0 0.0
Se 9.868633616936e+00 4.855770933380e+01 1.000000000000e+01 1 1 1 0.0 0.0 0.0
Se 3.114553735865e+00 2.452213040385e+00 1.000000000000e+01 1 1 1 0.0 0.0 0.0
Se 2.717254919708e+00 5.892921718998e+00 1.000000000000e+01 1 1 1 0.0 0.0 0.0
Se 2.319956103552e+00 9.333630397611e+00 1.000000000000e+01 1 1 1 0.0 0.0 0.0
Se 1.922657287395e+00 1.277433907622e+01 1.000000000000e+01 1 1 1 0.0 0.0 0.0
Se 1.662271349320e+01 1.621504775484e+01 1.000000000000e+01 1 1 1 0.0 0.0 0.0
Se 1.622541467704e+01 1.965575643345e+01 1.000000000000e+01 1 1 1 0.0 0.0 0.0
Se 1.582811586089e+01 2.309646511206e+01 1.000000000000e+01 1 1 1 0.0 0.0 0.0
Se 3.334620211666e-01 3.877878332174e-01 1.000000000000e+01 1 1 1 0.0 0.0 0.0
Se 1.503351822697e+01 3.828496511830e+00 1.000000000000e+01 1 1 1 0.0 0.0 0.0
Se 1.463621941082e+01 7.269205190443e+00 1.000000000000e+01 1 1 1 0.0 0.0 0.0
Se 1.423892059466e+01 1.070991386906e+01 1.000000000000e+01 1 1 1 0.0 0.0 0.0
Se 1.900650639334e+01 4.786956759808e+01 1.000000000000e+01 1 1 1 0.0 0.0 0.0
Se 1.782463162691e+01 4.075911297272e+01 1.614602824434e+01 1 1 1 0.0 0.0 0.0
Se 1.742733281075e+01 4.419982165133e+01 1.614602824434e+01 1 1 1 0.0 0.0 0.0
Se 1.703003399459e+01 4.764053032995e+01 1.614602824434e+01 1 1 1 0.0 0.0 0.0
Se 1.623543636068e+01 2.837256172971e+01 1.614602824434e+01 1 1 1 0.0 0.0 0.0
Se 1.583813754452e+01 3.181327040833e+01 1.614602824434e+01 1 1 1 0.0 0.0 0.0
Se 1.544083872836e+01 3.525397908694e+01 1.614602824434e+01 1 1 1 0.0 0.0 0.0
Se 1.504353991221e+01 3.869468776555e+01 1.614602824434e+01 1 1 1 0.0 0.0 0.0
Se 1.464624109605e+01 4.213539644416e+01 1.614602824434e+01 1 1 1 0.0 0.0 0.0
Se 1.424894227989e+01 4.557610512278e+01 1.614602824434e+01 1 1 1 0.0 0.0 0.0
Se 1.385164346374e+01 4.901681380139e+01 1.614602824434e+01 1 1 1 0.0 0.0 0.0
Se 1.464624109445e+01 1.598601048671e+01 1.614602824434e+01 1 1 1 0.0 0.0 0.0
Se 1.424894227829e+01 1.942671916532e+01 1.614602824434e+01 1 1 1 0.0 0.0 0.0
Se 1.385164346214e+01 2.286742784393e+01 1.614602824434e+01 1 1 1 0.0 0.0 0.0
Se 1.345434464598e+01 2.630813652254e+01 1.614602824434e+01 1 1 1 0.0 0.0 0.0
Se 1.305704582982e+01 2.974884520116e+01 1.614602824434e+01 1 1 1 0.0 0.0 0.0
Se 1.265974701367e+01 3.318955387977e+01 1.614602824434e+01 1 1 1 0.0 0.0 0.0
Se 1.226244819751e+01 3.663026255838e+01 1.614602824434e+01 1 1 1 0.0 0.0 0.0
Se 1.186514938135e+01 4.007097123700e+01 1.614602824434e+01 1 1 1 0.0 0.0 0.0
Se 1.146785056520e+01 4.351167991561e+01 1.614602824434e+01 1 1 1 0.0 0.0 0.0
Se 1.107055174904e+01 4.695238859422e+01 1.614602824434e+01 1 1 1 0.0 0.0 0.0
Se 1.305704582822e+01 3.599459243699e+00 1.614602824434e+01 1 1 1 0.0 0.0 0.0
Se 1.265974701206e+01 7.040167922312e+00 1.614602824434e+01 1 1 1 0.0 0.0 0.0
Se 1.226244819591e+01 1.048087660092e+01 1.614602824434e+01 1 1 1 0.0 0.0 0.0
Se 1.186514937975e+01 1.392158527954e+01 1.614602824434e+01 1 1 1 0.0 0.0 0.0
Se 1.146785056359e+01 1.736229395815e+01 1.614602824434e+01 1 1 1 0.0 0.0 0.0
Se 1.107055174744e+01 2.080300263676e+01 1.614602824434e+01 1 1 1 0.0 0.0 0.0
Se 1.067325293128e+01 2.424371131538e+01 1.614602824434e+01 1 1 1 0.0 0.0 0.0
Se 1.027595411512e+01 2.768441999399e+01 1.614602824434e+01 1 1 1 0.0 0.0 0.0
Se 9.878655298967e+00 3.112512867260e+01 1.614602824434e+01 1 1 1 0.0 0.0 0.0
Se 9.481356482811e+00 3.456583735122e+01 1.614602824434e+01 1 1 1 0.0 0.0 0.0
Se 9.084057666654e+00 3.800654602983e+01 1.614602824434e+01 1 1 1 0.0 0.0 0.0
Se 8.686758850498e+00 4.144725470844e+01 1.614602824434e+01 1 1 1 0.0 0.0 0.0
Se 8.289460034341e+00 4.488796338705e+01 1.614602824434e+01 1 1 1 0.0 0.0 0.0
Se 7.892161218184e+00 4.832867206567e+01 1.614602824434e+01 1 1 1 0.0 0.0 0.0
Se 1.027595411352e+01 1.535034036531e+00 1.614602824434e+01 1 1 1 0.0 0.0 0.0
Se 9.878655297365e+00 4.975742715144e+00 1.614602824434e+01 1 1 1 0.0 0.0 0.0
Se 9.481356481209e+00 8.416451393757e+00 1.614602824434e+01 1 1 1 0.0 0.0 0.0
Se 9.084057665052e+00 1.185716007237e+01 1.614602824434e+01 1 1 1 0.0 0.0 0.0
Se 8.686758848896e+00 1.529786875098e+01 1.614602824434e+01 1 1 1 0.0 0.0 0.0
Se 8.289460032739e+00 1.873857742960e+01 1.614602824434e+01 1 1 1 0.0 0.0 0.0
Se 7.892161216582e+00 2.217928610821e+01 1.614602824434e+01 1 1 1 0.0 0.0 0.0
Se 7.494862400426e+00 2.561999478682e+01 1.614602824434e+01 1 1 1 0.0 0.0 0.0
Se 7.097563584269e+00 2.906070346543e+01 1.614602824434e+01 1 1 1 0.0 0.0 0.0
Se 6.700264768112e+00 3.250141214405e+01 1.614602824434e+01 1 1 1 0.0 0.0 0.0
Se 6.302965951956e+00 3.594212082266e+01 1.614602824434e+01 1 1 1 0.0 0.0 0.0
Se 5.905667135799e+00 3.938282950127e+01 1.614602824434e+01 1 1 1 0.0 0.0 0.0
Se 5.508368319643e+00 4.282353817989e+01 1.614602824434e+01 1 1 1 0.0 0.0 0.0
Se 2.020842452545e+01 4.626424685850e+01 1.614602824434e+01 1 1 1 0.0 0.0 0.0
Se 7.097563582667e+00 2.911317507976e+00 1.614602824434e+01 1 1 1 0.0 0.0 0.0
Se 6.700264766510e+00 6.352026186589e+00 1.614602824434e+01 1 1 1 0.0 0.0 0.0
Se 6.302965950354e+00 9.792734865202e+00 1.614602824434e+01 1 1 1 0.0 0.0 0.0
Se 5.905667134197e+00 1.323344354382e+01 1.614602824434e+01 1 1 1 0.0 0.0 0.0
Se 5.508368318041e+00 1.667415222243e+01 1.614602824434e+01 1 1 1 0.0 0.0 0.0
Se 5.111069501884e+00 2.011486090104e+01 1.614602824434e+01 1 1 1 0.0 0.0 0.0
Se 4.713770685727e+00 2.355556957965e+01 1.614602824434e+01 1 1 1 0.0 0.0 0.0
Se 4.316471869571e+00 2.699627825827e+01 1.614602824434e+01 1 1 1 0.0 0.0 0.0
Se 3.919173053414e+00 3.043698693688e+01 1.614602824434e+01 1 1 1 0.0 0.0 0.0
Se 1.861922925922e+01 3.387769561549e+01 1.614602824434e+01 1 1 1 0.0 0.0 0.0
Se 1.822193044306e+01 3.731840429411e+01 1.614602824434e+01 1 1 1 0.0 0.0 0.0
Se 4.316471867969e+00 8.468923008087e-01 1.614602824434e+01 1 1 1 0.0 0.0 0.0
Se 3.919173051812e+00 4.287600979422e+00 1.614602824434e+01 1 1 1 0.0 0.0 0.0
Se 3.521874235655e+00 7.728309658035e+00 1.614602824434e+01 1 1 1 0.0 0.0 0.0
Se 3.124575419499e+00 1.116901833665e+01 1.614602824434e+01 1 1 1 0.0 0.0 0.0
Se 2.727276603342e+00 1.460972701526e+01 1.614602824434e+01 1 1 1 0.0 0.0 0.0
Se 2.329977787186e+00 1.805043569387e+01 1.614602824434e+01 1 1 1 0.0 0.0 0.0
Se 1.703003399299e+01 2.149114437249e+01 1.614602824434e+01 1 1 1 0.0 0.0 0.0
Se 1.663273517683e+01 2.493185305110e+01 1.614602824434e+01 1 1 1 0.0 0.0 0.0
Se 1.138081337114e+00 2.223175772254e+00 1.614602824434e+01 1 1 1 0.0 0.0 0.0
Se 7.407825209571e-01 5.663884450867e+00 1.614602824434e+01 1 1 1 0.0 0.0 0.0
Se 1.544083872676e+01 9.104593129480e+00 1.614602824434e+01 1 1 1 0.0 0.0 0.0
Se 1.504353991061e+01 1.254530180809e+01 1.614602824434e+01 1 1 1 0.0 0.0 0.0
Se 1.345434464438e+01 1.587505650861e-01 1.614602824434e+01 1 1 1 0.0 0.0 0.0
Se 1.702100161770e+01 3.892414866745e+01 1.336443756309e+01 1 1 1 0.0 0.0 0.0
Se 1.662370280155e+01 4.236485734607e+01 1.336443756309e+01 1 1 1 0.0 0.0 0.0
Se 1.622640398539e+01 4.580556602468e+01 1.336443756309e+01 1 1 1 0.0 0.0 0.0
Se 1.543180635147e+01 2.653759742445e+01 1.336443756309e+01 1 1 1 0.0 0.0 0.0
Se 1.503450753532e+01 2.997830610306e+01 1.336443756309e+01 1 1 1 0.0 0.0 0.0
Se 1.463720871916e+01 3.341901478167e+01 1.336443756309e+01 1 1 1 0.0 0.0 0.0
Se 1.423990990300e+01 3.685972346029e+01 1.336443756309e+01 1 1 1 0.0 0.0 0.0
Se 1.384261108685e+01 4.030043213890e+01 1.336443756309e+01 1 1 1 0.0 0.0 0.0
Se 1.344531227069e+01 4.374114081751e+01 1.336443756309e+01 1 1 1 0.0 0.0 0.0
Se 1.304801345453e+01 4.718184949613e+01 1.336443756309e+01 1 1 1 0.0 0.0 0.0
Se 1.384261108525e+01 1.415104618144e+01 1.336443756309e+01 1 1 1 0.0 0.0 0.0
Se 1.344531226909e+01 1.759175486005e+01 1.336443756309e+01 1 1 1 0.0 0.0 0.0
Se 1.304801345293e+01 2.103246353867e+01 1.336443756309e+01 1 1 1 0.0 0.0 0.0
Se 1.265071463678e+01 2.447317221728e+01 1.336443756309e+01 1 1 1 0.0 0.0 0.0
Se 1.225341582062e+01 2.791388089589e+01 1.336443756309e+01 1 1 1 0.0 0.0 0.0
Se 1.185611700446e+01 3.135458957451e+01 1.336443756309e+01 1 1 1 0.0 0.0 0.0
Se 1.145881818831e+01 3.479529825312e+01 1.336443756309e+01 1 1 1 0.0 0.0 0.0
Se 1.106151937215e+01 3.823600693173e+01 1.336443756309e+01 1 1 1 0.0 0.0 0.0
Se 1.066422055599e+01 4.167671561034e+01 1.336443756309e+01 1 1 1 0.0 0.0 0.0
Se 1.026692173984e+01 4.511742428896e+01 1.336443756309e+01 1 1 1 0.0 0.0 0.0
Se 1.225341581902e+01 1.764494938434e+00 1.336443756309e+01 1 1 1 0.0 0.0 0.0
Se 1.185611700286e+01 5.205203617047e+00 1.336443756309e+01 1 1 1 0.0 0.0 0.0
Se 1.145881818670e+01 8.645912295660e+00 1.336443756309e+01 1 1 1 0.0 0.0 0.0
Se 1.106151937055e+01 1.208662097427e+01 1.336443756309e+01 1 1 1 0.0 0.0 0.0
Se 1.066422055439e+01 1.552732965289e+01 1.336443756309e+01 1 1 1 0.0 0.0 0.0
Se 1.026692173823e+01 1.896803833150e+01 1.336443756309e+01 1 1 1 0.0 0.0 0.0
Se 9.869622922078e+00 2.240874701011e+01 1.336443756309e+01 1 1 1 0.0 0.0 0.0
Se 9.472324105921e+00 2.584945568873e+01 1.336443756309e+01 1 1 1 0.0 0.0 0.0
Se 9.075025289764e+00 2.929016436734e+01 1.336443756309e+01 1 1 1 0.0 0.0 0.0
Se 8.677726473608e+00 3.273087304595e+01 1.336443756309e+01 1 1 1 0.0 0.0 0.0
Se 8.280427657451e+00 3.617158172456e+01 1.336443756309e+01 1 1 1 0.0 0.0 0.0
Se 7.883128841295e+00 3.961229040318e+01 1.336443756309e+01 1 1 1 0.0 0.0 0.0
Se 7.485830025138e+00 4.305299908179e+01 1.336443756309e+01 1 1 1 0.0 0.0 0.0
Se 7.088531208981e+00 4.649370776040e+01 1.336443756309e+01 1 1 1 0.0 0.0 0.0
Se 1.582910516923e+01 4.924627470329e+01 1.336443756309e+01 1 1 1 0.0 0.0 0.0
Se 9.075025288162e+00 3.140778409879e+00 1.336443756309e+01 1 1 1 0.0 0.0 0.0
Se 8.677726472006e+00 6.581487088492e+00 1.336443756309e+01 1 1 1 0.0 0.0 0.0
Se 8.280427655849e+00 1.002219576711e+01 1.336443756309e+01 1 1 1 0.0 0.0 0.0
Se 7.883128839693e+00 1.346290444572e+01 1.336443756309e+01 1 1 1 0.0 0.0 0.0
Se 7.485830023536e+00 1.690361312433e+01 1.336443756309e+01 1 1 1 0.0 0.0 0.0
Se 7.088531207379e+00 2.034432180294e+01 1.336443756309e+01 1 1 1 0.0 0.0 0.0
Se 6.691232391223e+00 2.378503048156e+01 1.336443756309e+01 1 1 1 0.0 0.0 0.0
Se 6.293933575066e+00 2.722573916017e+01 1.336443756309e+01 1 1 1 0.0 0.0 0.0
Se 5.896634758909e+00 3.066644783878e+01 1.336443756309e+01 1 1 1 0.0 0.0 0.0
Se 5.499335942753e+00 3.410715651740e+01 1.336443756309e+01 1 1 1 0.0 0.0 0.0
Se 5.102037126596e+00 3.754786519601e+01 1.336443756309e+01 1 1 1 0.0 0.0 0.0
Se 1.980209333240e+01 4.098857387462e+01 1.336443756309e+01 1 1 1 0.0 0.0 0.0
Se 1.940479451624e+01 4.442928255324e+01 1.336443756309e+01 1 1 1 0.0 0.0 0.0
Se 6.293933573464e+00 1.076353202712e+00 1.336443756309e+01 1 1 1 0.0 0.0 0.0
Se 5.896634757307e+00 4.517061881325e+00 1.336443756309e+01 1 1 1 0.0 0.0 0.0
Se 5.499335941151e+00 7.957770559938e+00 1.336443756309e+01 1 1 1 0.0 0.0 0.0
Se 5.102037124994e+00 1.139847923855e+01 1.336443756309e+01 1 1 1 0.0 0.0 0.0
Se 4.704738308838e+00 1.483918791716e+01 1.336443756309e+01 1 1 1 0.0 0.0 0.0
Se 4.307439492681e+00 1.827989659578e+01 1.336443756309e+01 1 1 1 0.0 0.0 0.0
Se 3.910140676524e+00 2.172060527439e+01 1.336443756309e+01 1 1 1 0.0 0.0 0.0
Se 3.512841860368e+00 2.516131395300e+01 1.336443756309e+01 1 1 1 0.0 0.0 0.0
Se 1.821289806617e+01 2.860202263162e+01 1.336443756309e+01 1 1 1 0.0 0.0 0.0
Se 1.781559925002e+01 3.204273131023e+01 1.336443756309e+01 1 1 1 0.0 0.0 0.0
Se 1.741830043386e+01 3.548343998884e+01 1.336443756309e+01 1 1 1 0.0 0.0 0.0
Se 9.869622923680e+00 4.855813296757e+01 1.336443756309e+01 1 1 1 0.0 0.0 0.0
Se 3.115543042609e+00 2.452636674157e+00 1.336443756309e+01 1 1 1 0.0 0.0 0.0
Se 2.718244226452e+00 5.893345352770e+00 1.336443756309e+01 1 1 1 0.0 0.0 0.0
Se 2.320945410296e+00 9.334054031383e+00 1.336443756309e+01 1 1 1 0.0 0.0 0.0
Se 1.923646594139e+00 1.277476271000e+01 1.336443756309e+01 1 1 1 0.0 0.0 0.0
Se 1.662370279994e+01 1.621547138861e+01 1.336443756309e+01 1 1 1 0.0 0.0 0.0
Se 1.622640398379e+01 1.965618006722e+01 1.336443756309e+01 1 1 1 0.0 0.0 0.0
Se 1.582910516763e+01 2.309688874583e+01 1.336443756309e+01 1 1 1 0.0 0.0 0.0
Se 3.344513279107e-01 3.882114669891e-01 1.336443756309e+01 1 1 1 0.0 0.0 0.0
Se 1.503450753372e+01 3.828920145602e+00 1.336443756309e+01 1 1 1 0.0 0.0 0.0
Se 1.463720871756e+01 7.269628824215e+00 1.336443756309e+01 1 1 1 0.0 0.0 0.0
Se 1.423990990140e+01 1.071033750283e+01 1.336443756309e+01 1 1 1 0.0 0.0 0.0
Se 1.900749570009e+01 4.786999123185e+01 1.336443756309e+01 1 1 1 0.0 0.0 0.0
Se 1.782551955023e+01 4.075968818942e+01 1.951046802998e+01 1 1 1 0.0 0.0 0.0
Se 1.742822073408e+01 4.420039686803e+01 1.951046802998e+01 1 1 1 0.0 0.0 0.0
Se 1.703092191792e+01 4.764110554665e+01 1.951046802998e+01 1 1 1 0.0 0.0 0.0
Se 1.623632428401e+01 2.837313694641e+01 1.951046802998e+01 1 1 1 0.0 0.0 0.0
Se 1.583902546785e+01 3.181384562503e+01 1.951046802998e+01 1 1 1 0.0 0.0 0.0
Se 1.544172665169e+01 3.525455430364e+01 1.951046802998e+01 1 1 1 0.0 0.0 0.0
Se 1.504442783554e+01 3.869526298225e+01 1.951046802998e+01 1 1 1 0.0 0.0 0.0
Se 1.464712901938e+01 4.213597166087e+01 1.951046802998e+01 1 1 1 0.0 0.0 0.0
Se 1.424983020322e+01 4.557668033948e+01 1.951046802998e+01 1 1 1 0.0 0.0 0.0
Se 1.385253138707e+01 4.901738901809e+01 1.951046802998e+01 1 1 1 0.0 0.0 0.0
Se 1.464712901778e+01 1.598658570341e+01 1.951046802998e+01 1 1 1 0.0 0.0 0.0
Se 1.424983020162e+01 1.942729438202e+01 1.951046802998e+01 1 1 1 0.0 0.0 0.0
Se 1.385253138546e+01 2.286800306063e+01 1.951046802998e+01 1 1 1 0.0 0.0 0.0
Se 1.345523256931e+01 2.630871173925e+01 1.951046802998e+01 1 1 1 0.0 0.0 0.0
Se 1.305793375315e+01 2.974942041786e+01 1.951046802998e+01 1 1 1 0.0 0.0 0.0
Se 1.266063493699e+01 3.319012909647e+01 1.951046802998e+01 1 1 1 0.0 0.0 0.0
Se 1.226333612084e+01 3.663083777509e+01 1.951046802998e+01 1 1 1 0.0 0.0 0.0
Se 1.186603730468e+01 4.007154645370e+01 1.951046802998e+01 1 1 1 0.0 0.0 0.0
Se 1.146873848852e+01 4.351225513231e+01 1.951046802998e+01 1 1 1 0.0 0.0 0.0
Se 1.107143967237e+01 4.695296381092e+01 1.951046802998e+01 1 1 1 0.0 0.0 0.0
Se 1.305793375155e+01 3.600034460401e+00 1.951046802998e+01 1 1 1 0.0 0.0 0.0
Se 1.266063493539e+01 7.040743139014e+00 1.951046802998e+01 1 1 1 0.0 0.0 0.0
Se 1.226333611924e+01 1.048145181763e+01 1.951046802998e+01 1 1 1 0.0 0.0 0.0
Se 1.186603730308e+01 1.392216049624e+01 1.951046802998e+01 1 1 1 0.0 0.0 0.0
Se 1.146873848692e+01 1.736286917485e+01 1.951046802998e+01 1 1 1 0.0 0.0 0.0
Se 1.107143967077e+01 2.080357785347e+01 1.951046802998e+01 1 1 1 0.0 0.0 0.0
Se 1.067414085461e+01 2.424428653208e+01 1.951046802998e+01 1 1 1 0.0 0.0 0.0
Se 1.027684203845e+01 2.768499521069e+01 1.951046802998e+01 1 1 1 0.0 0.0 0.0
Se 9.879543222296e+00 3.112570388930e+01 1.951046802998e+01 1 1 1 0.0 0.0 0.0
Se 9.482244406139e+00 3.456641256792e+01 1.951046802998e+01 1 1 1 0.0 0.0 0.0
Se 9.084945589982e+00 3.800712124653e+01 1.951046802998e+01 1 1 1 0.0 0.0 0.0
Se 8.687646773826e+00 4.144782992514e+01 1.951046802998e+01 1 1 1 0.0 0.0 0.0
Se 8.290347957669e+00 4.488853860376e+01 1.951046802998e+01 1 1 1 0.0 0.0 0.0
Se 7.893049141512e+00 4.832924728237e+01 1.951046802998e+01 1 1 1 0.0 0.0 0.0
Se 1.027684203685e+01 1.535609253233e+00 1.951046802998e+01 1 1 1 0.0 0.0 0.0
Se 9.879543220694e+00 4.976317931846e+00 1.951046802998e+01 1 1 1 0.0 0.0 0.0
Se 9.482244404537e+00 8.417026610459e+00 1.951046802998e+01 1 1 1 0.0 0.0 0.0
Se 9.084945588380e+00 1.185773528907e+01 1.951046802998e+01 1 1 1 0.0 0.0 0.0
Se 8.687646772224e+00 1.529844396769e+01 1.951046802998e+01 1 1 1 0.0 0.0 0.0
Se 8.290347956067e+00 1.873915264630e+01 1.951046802998e+01 1 1 1 0.0 0.0 0.0
Se 7.893049139910e+00 2.217986132491e+01 1.951046802998e+01 1 1 1 0.0 0.0 0.0
Se 7.495750323754e+00 2.562057000352e+01 1.951046802998e+01 1 1 1 0.0 0.0 0.0
Se 7.098451507597e+00 2.906127868214e+01 1.951046802998e+01 1 1 1 0.0 0.0 0.0
Se 6.701152691441e+00 3.250198736075e+01 1.951046802998e+01 1 1 1 0.0 0.0 0.0
Se 6.303853875284e+00 3.594269603936e+01 1.951046802998e+01 1 1 1 0.0 0.0 0.0
Se 5.906555059127e+00 3.938340471798e+01 1.951046802998e+01 1 1 1 0.0 0.0 0.0
Se 5.509256242971e+00 4.282411339659e+01 1.951046802998e+01 1 1 1 0.0 0.0 0.0
Se 2.020931244878e+01 4.626482207520e+01 1.951046802998e+01 1 1 1 0.0 0.0 0.0
Se 7.098451505995e+00 2.911892724679e+00 1.951046802998e+01 1 1 1 0.0 0.0 0.0
Se 6.701152689839e+00 6.352601403292e+00 1.951046802998e+01 1 1 1 0.0 0.0 0.0
Se 6.303853873682e+00 9.793310081905e+00 1.951046802998e+01 1 1 1 0.0 0.0 0.0
Se 5.906555057525e+00 1.323401876052e+01 1.951046802998e+01 1 1 1 0.0 0.0 0.0
Se 5.509256241369e+00 1.667472743913e+01 1.951046802998e+01 1 1 1 0.0 0.0 0.0
Se 5.111957425212e+00 2.011543611774e+01 1.951046802998e+01 1 1 1 0.0 0.0 0.0
Se 4.714658609055e+00 2.355614479636e+01 1.951046802998e+01 1 1 1 0.0 0.0 0.0
Se 4.317359792899e+00 2.699685347497e+01 1.951046802998e+01 1 1 1 0.0 0.0 0.0
Se 3.920060976742e+00 3.043756215358e+01 1.951046802998e+01 1 1 1 0.0 0.0 0.0
Se 1.862011718255e+01 3.387827083220e+01 1.951046802998e+01 1 1 1 0.0 0.0 0.0
Se 1.822281836639e+01 3.731897951081e+01 1.951046802998e+01 1 1 1 0.0 0.0 0.0
Se 4.317359791297e+00 8.474675175108e-01 1.951046802998e+01 1 1 1 0.0 0.0 0.0
Se 3.920060975140e+00 4.288176196124e+00 1.951046802998e+01 1 1 1 0.0 0.0 0.0
Se 3.522762158983e+00 7.728884874737e+00 1.951046802998e+01 1 1 1 0.0 0.0 0.0
Se 3.125463342827e+00 1.116959355335e+01 1.951046802998e+01 1 1 1 0.0 0.0 0.0
Se 2.728164526670e+00 1.461030223196e+01 1.951046802998e+01 1 1 1 0.0 0.0 0.0
Se 2.330865710514e+00 1.805101091058e+01 1.951046802998e+01 1 1 1 0.0 0.0 0.0
Se 1.703092191632e+01 2.149171958919e+01 1.951046802998e+01 1 1 1 0.0 0.0 0.0
Se 1.663362310016e+01 2.493242826780e+01 1.951046802998e+01 1 1 1 0.0 0.0 0.0
Se 1.138969260442e+00 2.223750988956e+00 1.951046802998e+01 1 1 1 0.0 0.0 0.0
Se 7.416704442851e-01 5.664459667569e+00 1.951046802998e+01 1 1 1 0.0 0.0 0.0
Se 1.544172665009e+01 9.105168346182e+00 1.951046802998e+01 1 1 1 0.0 0.0 0.0
Se 1.504442783393e+01 1.254587702479e+01 1.951046802998e+01 1 1 1 0.0 0.0 0.0
Se 1.345523256771e+01 1.593257817882e-01 1.951046802998e+01 1 1 1 0.0 0.0 0.0
Se 1.042512372213e+01 4.531194858762e+01 3.998930533072e+01 1 1 1 0.0 0.0 0.0
Se 1.447757164914e+01 4.630287268706e+01 3.998930533072e+01 1 1 1 0.0 0.0 0.0
Se 1.853001957615e+01 4.729379678650e+01 3.998930533072e+01 1 1 1 0.0 0.0 0.0
Se 9.312687036062e+00 4.134825218985e+01 3.998930533072e+01 1 1 1 0.0 0.0 0.0
Se 1.336513496307e+01 4.233917628929e+01 3.998930533072e+01 1 1 1 0.0 0.0 0.0
Se 1.741758289008e+01 4.333010038874e+01 3.998930533072e+01 1 1 1 0.0 0.0 0.0
Se 6.372675795125e+00 4.432102448818e+01 3.998930533072e+01 1 1 1 0.0 0.0 0.0
Se 8.200250349990e+00 3.738455579209e+01 3.998930533072e+01 1 1 1 0.0 0.0 0.0
Se 1.225269827700e+01 3.837547989153e+01 3.998930533072e+01 1 1 1 0.0 0.0 0.0
Se 1.630514620401e+01 3.936640399097e+01 3.998930533072e+01 1 1 1 0.0 0.0 0.0
Se 5.260239109053e+00 4.035732809041e+01 3.998930533072e+01 1 1 1 0.0 0.0 0.0
Se 7.087813663918e+00 3.342085939433e+01 3.998930533072e+01 1 1 1 0.0 0.0 0.0
Se 1.114026159093e+01 3.441178349377e+01 3.998930533072e+01 1 1 1 0.0 0.0 0.0
Se 1.519270951794e+01 3.540270759321e+01 3.998930533072e+01 1 1 1 0.0 0.0 0.0
Se 1.924515744494e+01 3.639363169265e+01 3.998930533072e+01 1 1 1 0.0 0.0 0.0
Se 5.975376977847e+00 2.945716299657e+01 3.998930533072e+01 1 1 1 0.0 0.0 0.0
Se 1.002782490486e+01 3.044808709601e+01 3.998930533072e+01 1 1 1 0.0 0.0 0.0
Se 1.408027283186e+01 3.143901119545e+01 3.998930533072e+01 1 1 1 0.0 0.0 0.0
Se 1.813272075887e+01 3.242993529489e+01 3.998930533072e+01 1 1 1 0.0 0.0 0.0
Se 4.862940291775e+00 2.549346659881e+01 3.998930533072e+01 1 1 1 0.0 0.0 0.0
Se 8.915388218784e+00 2.648439069825e+01 3.998930533072e+01 1 1 1 0.0 0.0 0.0
Se 1.296783614579e+01 2.747531479769e+01 3.998930533072e+01 1 1 1 0.0 0.0 0.0
Se 1.702028407280e+01 2.846623889713e+01 3.998930533072e+01 1 1 1 0.0 0.0 0.0
Se 7.802951532712e+00 2.252069430048e+01 3.998930533072e+01 1 1 1 0.0 0.0 0.0
Se 1.185539945972e+01 2.351161839992e+01 3.998930533072e+01 1 1 1 0.0 0.0 0.0
Se 1.590784738673e+01 2.450254249937e+01 3.998930533072e+01 1 1 1 0.0 0.0 0.0
Se 6.690514846640e+00 1.855699790272e+01 3.998930533072e+01 1 1 1 0.0 0.0 0.0
Se 1.074296277365e+01 1.954792200216e+01 3.998930533072e+01 1 1 1 0.0 0.0 0.0
Se 1.479541070066e+01 2.053884610160e+01 3.998930533072e+01 1 1 1 0.0 0.0 0.0
Se 3.750503605704e+00 2.152977020104e+01 3.998930533072e+01 1 1 1 0.0 0.0 0.0
Se 5.578078160569e+00 1.459330150496e+01 3.998930533072e+01 1 1 1 0.0 0.0 0.0
Se 9.630526087577e+00 1.558422560440e+01 3.998930533072e+01 1 1 1 0.0 0.0 0.0
Se 1.368297401459e+01 1.657514970384e+01 3.998930533072e+01 1 1 1 0.0 0.0 0.0
Se 2.638066919632e+00 1.756607380328e+01 3.998930533072e+01 1 1 1 0.0 0.0 0.0
Se 4.465641474497e+00 1.062960510720e+01 3.998930533072e+01 1 1 1 0.0 0.0 0.0
Se 8.518089401506e+00 1.162052920664e+01 3.998930533072e+01 1 1 1 0.0 0.0 0.0
Se 1.257053732851e+01 1.261145330608e+01 3.998930533072e+01 1 1 1 0.0 0.0 0.0
Se 1.662298525552e+01 1.360237740552e+01 3.998930533072e+01 1 1 1 0.0 0.0 0.0
Se 3.353204788426e+00 6.665908709436e+00 3.998930533072e+01 1 1 1 0.0 0.0 0.0
Se 7.405652715434e+00 7.656832808876e+00 3.998930533072e+01 1 1 1 0.0 0.0 0.0
Se 1.145810064244e+01 8.647756908317e+00 3.998930533072e+01 1 1 1 0.0 0.0 0.0
Se 1.551054856945e+01 9.638681007757e+00 3.998930533072e+01 1 1 1 0.0 0.0 0.0
Se 2.240768102354e+00 2.702212311673e+00 3.998930533072e+01 1 1 1 0.0 0.0 0.0
Se 6.293216029362e+00 3.693136411114e+00 3.998930533072e+01 1 1 1 0.0 0.0 0.0
Se 1.034566395637e+01 4.684060510555e+00 3.998930533072e+01 1 1 1 0.0 0.0 0.0
Se 1.439811188338e+01 5.674984609995e+00 3.998930533072e+01 1 1 1 0.0 0.0 0.0
Se 7.485112481196e+00 4.828472088594e+01 3.998930533072e+01 1 1 1 0.0 0.0 0.0
Se 1.153756040820e+01 4.927564498538e+01 3.998930533072e+01 1 1 1 0.0 0.0 0.0
Se 9.233227270299e+00 7.203641127924e-01 3.998930533072e+01 1 1 1 0.0 0.0 0.0
Se 1.328567519731e+01 1.711288212233e+00 3.998930533072e+01 1 1 1 0.0 0.0 0.0
Se 8.725703803723e+00 4.368995490427e+01 3.635172086532e+01 1 1 1 0.0 0.0 0.0
Se 1.277815173073e+01 4.468087900371e+01 3.635172086532e+01 1 1 1 0.0 0.0 0.0
Se 1.683059965774e+01 4.567180310315e+01 3.635172086532e+01 1 1 1 0.0 0.0 0.0
Se 7.613267117652e+00 3.972625850651e+01 3.635172086532e+01 1 1 1 0.0 0.0 0.0
Se 1.166571504466e+01 4.071718260595e+01 3.635172086532e+01 1 1 1 0.0 0.0 0.0
Se 1.571816297167e+01 4.170810670539e+01 3.635172086532e+01 1 1 1 0.0 0.0 0.0
Se 1.977061089868e+01 4.269903080483e+01 3.635172086532e+01 1 1 1 0.0 0.0 0.0
Se 6.500830431580e+00 3.576256210874e+01 3.635172086532e+01 1 1 1 0.0 0.0 0.0
Se 1.055327835859e+01 3.675348620818e+01 3.635172086532e+01 1 1 1 0.0 0.0 0.0
Se 1.460572628560e+01 3.774441030762e+01 3.635172086532e+01 1 1 1 0.0 0.0 0.0
Se 1.865817421261e+01 3.873533440707e+01 3.635172086532e+01 1 1 1 0.0 0.0 0.0
Se 5.388393745508e+00 3.179886571098e+01 3.635172086532e+01 1 1 1 0.0 0.0 0.0
Se 9.440841672517e+00 3.278978981042e+01 3.635172086532e+01 1 1 1 0.0 0.0 0.0
Se 1.349328959953e+01 3.378071390986e+01 3.635172086532e+01 1 1 1 0.0 0.0 0.0
Se 1.754573752653e+01 3.477163800930e+01 3.635172086532e+01 1 1 1 0.0 0.0 0.0
Se 4.275957059437e+00 2.783516931322e+01 3.635172086532e+01 1 1 1 0.0 0.0 0.0
Se 8.328404986445e+00 2.882609341266e+01 3.635172086532e+01 1 1 1 0.0 0.0 0.0
Se 1.238085291345e+01 2.981701751210e+01 3.635172086532e+01 1 1 1 0.0 0.0 0.0
Se 1.643330084046e+01 3.080794161154e+01 3.635172086532e+01 1 1 1 0.0 0.0 0.0
Se 3.163520373365e+00 2.387147291546e+01 3.635172086532e+01 1 1 1 0.0 0.0 0.0
Se 7.215968300374e+00 2.486239701490e+01 3.635172086532e+01 1 1 1 0.0 0.0 0.0
Se 1.126841622738e+01 2.585332111434e+01 3.635172086532e+01 1 1 1 0.0 0.0 0.0
Se 1.532086415439e+01 2.684424521378e+01 3.635172086532e+01 1 1 1 0.0 0.0 0.0
Se 6.103531614302e+00 2.089870061714e+01 3.635172086532e+01 1 1 1 0.0 0.0 0.0
Se 1.015597954131e+01 2.188962471658e+01 3.635172086532e+01 1 1 1 0.0 0.0 0.0
Se 1.420842746832e+01 2.288054881602e+01 3.635172086532e+01 1 1 1 0.0 0.0 0.0
Se 4.991094928230e+00 1.693500421937e+01 3.635172086532e+01 1 1 1 0.0 0.0 0.0
Se 9.043542855239e+00 1.792592831881e+01 3.635172086532e+01 1 1 1 0.0 0.0 0.0
Se 1.309599078225e+01 1.891685241825e+01 3.635172086532e+01 1 1 1 0.0 0.0 0.0
Se 1.714843870926e+01 1.990777651769e+01 3.635172086532e+01 1 1 1 0.0 0.0 0.0
Se 3.878658242159e+00 1.297130782161e+01 3.635172086532e+01 1 1 1 0.0 0.0 0.0
Se 7.931106169167e+00 1.396223192105e+01 3.635172086532e+01 1 1 1 0.0 0.0 0.0
Se 1.198355409618e+01 1.495315602049e+01 3.635172086532e+01 1 1 1 0.0 0.0 0.0
Se 1.603600202318e+01 1.594408011993e+01 3.635172086532e+01 1 1 1 0.0 0.0 0.0
Se 2.766221556087e+00 9.007611423849e+00 3.635172086532e+01 1 1 1 0.0 0.0 0.0
Se 6.818669483096e+00 9.998535523290e+00 3.635172086532e+01 1 1 1 0.0 0.0 0.0
Se 1.087111741010e+01 1.098945962273e+01 3.635172086532e+01 1 1 1 0.0 0.0 0.0
Se 1.492356533711e+01 1.198038372217e+01 3.635172086532e+01 1 1 1 0.0 0.0 0.0
Se 1.653784870016e+00 5.043915026087e+00 3.635172086532e+01 1 1 1 0.0 0.0 0.0
Se 5.706232797024e+00 6.034839125528e+00 3.635172086532e+01 1 1 1 0.0 0.0 0.0
Se 9.758680724032e+00 7.025763224968e+00 3.635172086532e+01 1 1 1 0.0 0.0 0.0
Se 1.381112865104e+01 8.016687324409e+00 3.635172086532e+01 1 1 1 0.0 0.0 0.0
Se 5.413481839440e-01 1.080218628325e+00 3.635172086532e+01 1 1 1 0.0 0.0 0.0
Se 4.593796110952e+00 2.071142727765e+00 3.635172086532e+01 1 1 1 0.0 0.0 0.0
Se 8.646244037961e+00 3.062066827206e+00 3.635172086532e+01 1 1 1 0.0 0.0 0.0
Se 1.269869196497e+01 4.052990926646e+00 3.635172086532e+01 1 1 1 0.0 0.0 0.0
Se 2.088304758475e+01 4.666272720259e+01 3.635172086532e+01 1 1 1 0.0 0.0 0.0
Se 9.838140489795e+00 4.765365130203e+01 3.635172086532e+01 1 1 1 0.0 0.0 0.0
Se 1.389058841680e+01 4.864457540147e+01 3.635172086532e+01 1 1 1 0.0 0.0 0.0
Se 1.158625527890e+01 8.929452888431e-02 3.635172086532e+01 1 1 1 0.0 0.0 0.0
Se 1.104346629799e+01 4.302908591894e+01 3.271820175121e+01 1 1 1 0.0 0.0 0.0
Se 1.509591422500e+01 4.402001001838e+01 3.271820175121e+01 1 1 1 0.0 0.0 0.0
Se 1.914836215201e+01 4.501093411783e+01 3.271820175121e+01 1 1 1 0.0 0.0 0.0
Se 9.931029611923e+00 3.906538952118e+01 3.271820175121e+01 1 1 1 0.0 0.0 0.0
Se 1.398347753893e+01 4.005631362062e+01 3.271820175121e+01 1 1 1 0.0 0.0 0.0
Se 1.803592546594e+01 4.104723772006e+01 3.271820175121e+01 1 1 1 0.0 0.0 0.0
Se 6.991018370986e+00 4.203816181950e+01 3.271820175121e+01 1 1 1 0.0 0.0 0.0
Se 8.818592925851e+00 3.510169312342e+01 3.271820175121e+01 1 1 1 0.0 0.0 0.0
Se 1.287104085286e+01 3.609261722286e+01 3.271820175121e+01 1 1 1 0.0 0.0 0.0
Se 1.692348877987e+01 3.708354132230e+01 3.271820175121e+01 1 1 1 0.0 0.0 0.0
Se 5.878581684914e+00 3.807446542174e+01 3.271820175121e+01 1 1 1 0.0 0.0 0.0
Se 7.706156239779e+00 3.113799672566e+01 3.271820175121e+01 1 1 1 0.0 0.0 0.0
Se 1.175860416679e+01 3.212892082510e+01 3.271820175121e+01 1 1 1 0.0 0.0 0.0
Se 1.581105209380e+01 3.311984492454e+01 3.271820175121e+01 1 1 1 0.0 0.0 0.0
Se 4.766144998843e+00 3.411076902398e+01 3.271820175121e+01 1 1 1 0.0 0.0 0.0
Se 6.593719553708e+00 2.717430032790e+01 3.271820175121e+01 1 1 1 0.0 0.0 0.0
Se 1.064616748072e+01 2.816522442734e+01 3.271820175121e+01 1 1 1 0.0 0.0 0.0
Se 1.469861540772e+01 2.915614852678e+01 3.271820175121e+01 1 1 1 0.0 0.0 0.0
Se 1.875106333473e+01 3.014707262622e+01 3.271820175121e+01 1 1 1 0.0 0.0 0.0
Se 5.481282867636e+00 2.321060393013e+01 3.271820175121e+01 1 1 1 0.0 0.0 0.0
Se 9.533730794645e+00 2.420152802957e+01 3.271820175121e+01 1 1 1 0.0 0.0 0.0
Se 1.358617872165e+01 2.519245212901e+01 3.271820175121e+01 1 1 1 0.0 0.0 0.0
Se 1.763862664866e+01 2.618337622845e+01 3.271820175121e+01 1 1 1 0.0 0.0 0.0
Se 8.421294108573e+00 2.023783163181e+01 3.271820175121e+01 1 1 1 0.0 0.0 0.0
Se 1.247374203558e+01 2.122875573125e+01 3.271820175121e+01 1 1 1 0.0 0.0 0.0
Se 1.652618996259e+01 2.221967983069e+01 3.271820175121e+01 1 1 1 0.0 0.0 0.0
Se 7.308857422501e+00 1.627413523405e+01 3.271820175121e+01 1 1 1 0.0 0.0 0.0
Se 1.136130534951e+01 1.726505933349e+01 3.271820175121e+01 1 1 1 0.0 0.0 0.0
Se 1.541375327652e+01 1.825598343293e+01 3.271820175121e+01 1 1 1 0.0 0.0 0.0
Se 4.368846181565e+00 1.924690753237e+01 3.271820175121e+01 1 1 1 0.0 0.0 0.0
Se 6.196420736430e+00 1.231043883629e+01 3.271820175121e+01 1 1 1 0.0 0.0 0.0
Se 1.024886866344e+01 1.330136293573e+01 3.271820175121e+01 1 1 1 0.0 0.0 0.0
Se 1.430131659045e+01 1.429228703517e+01 3.271820175121e+01 1 1 1 0.0 0.0 0.0
Se 3.256409495493e+00 1.528321113461e+01 3.271820175121e+01 1 1 1 0.0 0.0 0.0
Se 5.083984050358e+00 8.346742438525e+00 3.271820175121e+01 1 1 1 0.0 0.0 0.0
Se 9.136431977367e+00 9.337666537966e+00 3.271820175121e+01 1 1 1 0.0 0.0 0.0
Se 1.318887990437e+01 1.032859063741e+01 3.271820175121e+01 1 1 1 0.0 0.0 0.0
Se 2.143972809421e+00 1.131951473685e+01 3.271820175121e+01 1 1 1 0.0 0.0 0.0
Se 3.971547364287e+00 4.383046040763e+00 3.271820175121e+01 1 1 1 0.0 0.0 0.0
Se 8.023995291295e+00 5.373970140204e+00 3.271820175121e+01 1 1 1 0.0 0.0 0.0
Se 1.207644321830e+01 6.364894239644e+00 3.271820175121e+01 1 1 1 0.0 0.0 0.0
Se 1.031536123350e+00 7.355818339085e+00 3.271820175121e+01 1 1 1 0.0 0.0 0.0
Se 2.859110678215e+00 4.193496430011e-01 3.271820175121e+01 1 1 1 0.0 0.0 0.0
Se 6.911558605223e+00 1.410273742442e+00 3.271820175121e+01 1 1 1 0.0 0.0 0.0
Se 1.096400653223e+01 2.401197841882e+00 3.271820175121e+01 1 1 1 0.0 0.0 0.0
Se 1.501645445924e+01 3.392121941323e+00 3.271820175121e+01 1 1 1 0.0 0.0 0.0
Se 8.103455057057e+00 4.600185821727e+01 3.271820175121e+01 1 1 1 0.0 0.0 0.0
Se 1.215590298407e+01 4.699278231671e+01 3.271820175121e+01 1 1 1 0.0 0.0 0.0
Se 1.620835091107e+01 4.798370641615e+01 3.271820175121e+01 1 1 1 0.0 0.0 0.0
Se 2.026079883808e+01 4.897463051559e+01 3.271820175121e+01 1 1 1 0.0 0.0 0.0
Se 8.672235158005e+00 4.375253760862e+01 2.995146533993e+01 1 1 1 0.0 0.0 0.0
Se 1.272468308501e+01 4.474346170806e+01 2.995146533993e+01 1 1 1 0.0 0.0 0.0
Se 1.677713101202e+01 4.573438580750e+01 2.995146533993e+01 1 1 1 0.0 0.0 0.0
Se 7.559798471933e+00 3.978884121086e+01 2.995146533993e+01 1 1 1 0.0 0.0 0.0
Se 1.161224639894e+01 4.077976531030e+01 2.995146533993e+01 1 1 1 0.0 0.0 0.0
Se 1.566469432595e+01 4.177068940974e+01 2.995146533993e+01 1 1 1 0.0 0.0 0.0
Se 1.971714225296e+01 4.276161350918e+01 2.995146533993e+01 1 1 1 0.0 0.0 0.0
Se 6.447361785862e+00 3.582514481310e+01 2.995146533993e+01 1 1 1 0.0 0.0 0.0
Se 1.049980971287e+01 3.681606891254e+01 2.995146533993e+01 1 1 1 0.0 0.0 0.0
Se 1.455225763988e+01 3.780699301198e+01 2.995146533993e+01 1 1 1 0.0 0.0 0.0
Se 1.860470556689e+01 3.879791711142e+01 2.995146533993e+01 1 1 1 0.0 0.0 0.0
Se 5.334925099790e+00 3.186144841534e+01 2.995146533993e+01 1 1 1 0.0 0.0 0.0
Se 9.387373026798e+00 3.285237251478e+01 2.995146533993e+01 1 1 1 0.0 0.0 0.0
Se 1.343982095381e+01 3.384329661422e+01 2.995146533993e+01 1 1 1 0.0 0.0 0.0
Se 1.749226888082e+01 3.483422071366e+01 2.995146533993e+01 1 1 1 0.0 0.0 0.0
Se 4.222488413719e+00 2.789775201757e+01 2.995146533993e+01 1 1 1 0.0 0.0 0.0
Se 8.274936340727e+00 2.888867611702e+01 2.995146533993e+01 1 1 1 0.0 0.0 0.0
Se 1.232738426774e+01 2.987960021646e+01 2.995146533993e+01 1 1 1 0.0 0.0 0.0
Se 1.637983219474e+01 3.087052431590e+01 2.995146533993e+01 1 1 1 0.0 0.0 0.0
Se 3.110051727647e+00 2.393405561981e+01 2.995146533993e+01 1 1 1 0.0 0.0 0.0
Se 7.162499654655e+00 2.492497971925e+01 2.995146533993e+01 1 1 1 0.0 0.0 0.0
Se 1.121494758166e+01 2.591590381869e+01 2.995146533993e+01 1 1 1 0.0 0.0 0.0
Se 1.526739550867e+01 2.690682791813e+01 2.995146533993e+01 1 1 1 0.0 0.0 0.0
Se 6.050062968584e+00 2.096128332149e+01 2.995146533993e+01 1 1 1 0.0 0.0 0.0
Se 1.010251089559e+01 2.195220742093e+01 2.995146533993e+01 1 1 1 0.0 0.0 0.0
Se 1.415495882260e+01 2.294313152037e+01 2.995146533993e+01 1 1 1 0.0 0.0 0.0
Se 4.937626282512e+00 1.699758692373e+01 2.995146533993e+01 1 1 1 0.0 0.0 0.0
Se 8.990074209520e+00 1.798851102317e+01 2.995146533993e+01 1 1 1 0.0 0.0 0.0
Se 1.304252213653e+01 1.897943512261e+01 2.995146533993e+01 1 1 1 0.0 0.0 0.0
Se 1.709497006354e+01 1.997035922205e+01 2.995146533993e+01 1 1 1 0.0 0.0 0.0
Se 3.825189596440e+00 1.303389052597e+01 2.995146533993e+01 1 1 1 0.0 0.0 0.0
Se 7.877637523449e+00 1.402481462541e+01 2.995146533993e+01 1 1 1 0.0 0.0 0.0
Se 1.193008545046e+01 1.501573872485e+01 2.995146533993e+01 1 1 1 0.0 0.0 0.0
Se 1.598253337747e+01 1.600666282429e+01 2.995146533993e+01 1 1 1 0.0 0.0 0.0
Se 2.712752910369e+00 9.070194128205e+00 2.995146533993e+01 1 1 1 0.0 0.0 0.0
Se 6.765200837377e+00 1.006111822765e+01 2.995146533993e+01 1 1 1 0.0 0.0 0.0
Se 1.081764876439e+01 1.105204232709e+01 2.995146533993e+01 1 1 1 0.0 0.0 0.0
Se 1.487009669139e+01 1.204296642653e+01 2.995146533993e+01 1 1 1 0.0 0.0 0.0
Se 1.600316224297e+00 5.106497730443e+00 2.995146533993e+01 1 1 1 0.0 0.0 0.0
Se 5.652764151306e+00 6.097421829883e+00 2.995146533993e+01 1 1 1 0.0 0.0 0.0
Se 9.705212078314e+00 7.088345929324e+00 2.995146533993e+01 1 1 1 0.0 0.0 0.0
Se 1.375766000532e+01 8.079270028764e+00 2.995146533993e+01 1 1 1 0.0 0.0 0.0
Se 4.878795382257e-01 1.142801332680e+00 2.995146533993e+01 1 1 1 0.0 0.0 0.0
Se 4.540327465234e+00 2.133725432121e+00 2.995146533993e+01 1 1 1 0.0 0.0 0.0
Se 8.592775392242e+00 3.124649531561e+00 2.995146533993e+01 1 1 1 0.0 0.0 0.0
Se 1.264522331925e+01 4.115573631002e+00 2.995146533993e+01 1 1 1 0.0 0.0 0.0
Se 2.082957893903e+01 4.672530990694e+01 2.995146533993e+01 1 1 1 0.0 0.0 0.0
Se 9.784671844076e+00 4.771623400639e+01 2.995146533993e+01 1 1 1 0.0 0.0 0.0
Se 1.383711977108e+01 4.870715810583e+01 2.995146533993e+01 1 1 1 0.0 0.0 0.0
Se 1.153278663318e+01 1.518772332398e-01 2.995146533993e+01 1 1 1 0.0 0.0 0.0
Se 1.098426072895e+01 4.308592121667e+01 2.633360299309e+01 1 1 1 0.0 0.0 0.0
Se 1.503670865596e+01 4.407684531611e+01 2.633360299309e+01 1 1 1 0.0 0.0 0.0
Se 1.908915658297e+01 4.506776941555e+01 2.633360299309e+01 1 1 1 0.0 0.0 0.0
Se 9.871824042881e+00 3.912222481891e+01 2.633360299309e+01 1 1 1 0.0 0.0 0.0
Se 1.392427196989e+01 4.011314891835e+01 2.633360299309e+01 1 1 1 0.0 0.0 0.0
Se 1.797671989690e+01 4.110407301779e+01 2.633360299309e+01 1 1 1 0.0 0.0 0.0
Se 6.931812801945e+00 4.209499711723e+01 2.633360299309e+01 1 1 1 0.0 0.0 0.0
Se 8.759387356810e+00 3.515852842115e+01 2.633360299309e+01 1 1 1 0.0 0.0 0.0
Se 1.281183528382e+01 3.614945252059e+01 2.633360299309e+01 1 1 1 0.0 0.0 0.0
Se 1.686428321083e+01 3.714037662003e+01 2.633360299309e+01 1 1 1 0.0 0.0 0.0
Se 5.819376115873e+00 3.813130071947e+01 2.633360299309e+01 1 1 1 0.0 0.0 0.0
Se 7.646950670738e+00 3.119483202339e+01 2.633360299309e+01 1 1 1 0.0 0.0 0.0
Se 1.169939859775e+01 3.218575612283e+01 2.633360299309e+01 1 1 1 0.0 0.0 0.0
Se 1.575184652475e+01 3.317668022227e+01 2.633360299309e+01 1 1 1 0.0 0.0 0.0
Se 4.706939429801e+00 3.416760432171e+01 2.633360299309e+01 1 1 1 0.0 0.0 0.0
Se 6.534513984667e+00 2.723113562562e+01 2.633360299309e+01 1 1 1 0.0 0.0 0.0
Se 1.058696191168e+01 2.822205972506e+01 2.633360299309e+01 1 1 1 0.0 0.0 0.0
Se 1.463940983868e+01 2.921298382450e+01 2.633360299309e+01 1 1 1 0.0 0.0 0.0
Se 1.869185776569e+01 3.020390792395e+01 2.633360299309e+01 1 1 1 0.0 0.0 0.0
Se 5.422077298595e+00 2.326743922786e+01 2.633360299309e+01 1 1 1 0.0 0.0 0.0
Se 9.474525225603e+00 2.425836332730e+01 2.633360299309e+01 1 1 1 0.0 0.0 0.0
Se 1.352697315261e+01 2.524928742674e+01 2.633360299309e+01 1 1 1 0.0 0.0 0.0
Se 1.757942107962e+01 2.624021152618e+01 2.633360299309e+01 1 1 1 0.0 0.0 0.0
Se 8.362088539532e+00 2.029466692954e+01 2.633360299309e+01 1 1 1 0.0 0.0 0.0
Se 1.241453646654e+01 2.128559102898e+01 2.633360299309e+01 1 1 1 0.0 0.0 0.0
Se 1.646698439355e+01 2.227651512842e+01 2.633360299309e+01 1 1 1 0.0 0.0 0.0
Se 7.249651853460e+00 1.633097053178e+01 2.633360299309e+01 1 1 1 0.0 0.0 0.0
Se 1.130209978047e+01 1.732189463122e+01 2.633360299309e+01 1 1 1 0.0 0.0 0.0
Se 1.535454770748e+01 1.831281873066e+01 2.633360299309e+01 1 1 1 0.0 0.0 0.0
Se 4.309640612523e+00 1.930374283010e+01 2.633360299309e+01 1 1 1 0.0 0.0 0.0
Se 6.137215167389e+00 1.236727413402e+01 2.633360299309e+01 1 1 1 0.0 0.0 0.0
Se 1.018966309440e+01 1.335819823346e+01 2.633360299309e+01 1 1 1 0.0 0.0 0.0
Se 1.424211102141e+01 1.434912233290e+01 2.633360299309e+01 1 1 1 0.0 0.0 0.0
Se 3.197203926452e+00 1.534004643234e+01 2.633360299309e+01 1 1 1 0.0 0.0 0.0
Se 5.024778481317e+00 8.403577736253e+00 2.633360299309e+01 1 1 1 0.0 0.0 0.0
Se 9.077226408325e+00 9.394501835694e+00 2.633360299309e+01 1 1 1 0.0 0.0 0.0
Se 1.312967433533e+01 1.038542593513e+01 2.633360299309e+01 1 1 1 0.0 0.0 0.0
Se 2.084767240380e+00 1.137635003457e+01 2.633360299309e+01 1 1 1 0.0 0.0 0.0
Se 3.912341795245e+00 4.439881338491e+00 2.633360299309e+01 1 1 1 0.0 0.0 0.0
Se 7.964789722254e+00 5.430805437932e+00 2.633360299309e+01 1 1 1 0.0 0.0 0.0
Se 1.201723764926e+01 6.421729537372e+00 2.633360299309e+01 1 1 1 0.0 0.0 0.0
Se 9.723305543087e-01 7.412653636813e+00 2.633360299309e+01 1 1 1 0.0 0.0 0.0
Se 2.799905109174e+00 4.761849407290e-01 2.633360299309e+01 1 1 1 0.0 0.0 0.0
Se 6.852353036182e+00 1.467109040170e+00 2.633360299309e+01 1 1 1 0.0 0.0 0.0
Se 1.090480096319e+01 2.458033139610e+00 2.633360299309e+01 1 1 1 0.0 0.0 0.0
Se 1.495724889020e+01 3.448957239051e+00 2.633360299309e+01 1 1 1 0.0 0.0 0.0
Se 8.044249488016e+00 4.605869351499e+01 2.633360299309e+01 1 1 1 0.0 0.0 0.0
Se 1.209669741502e+01 4.704961761443e+01 2.633360299309e+01 1 1 1 0.0 0.0 0.0
Se 1.614914534203e+01 4.804054171387e+01 2.633360299309e+01 1 1 1 0.0 0.0 0.0
Se 2.020159326904e+01 4.903146581332e+01 2.633360299309e+01 1 1 1 0.0 0.0 0.0
Se 1.037010371469e+01 4.538525205802e+01 2.271046802998e+01 1 1 1 0.0 0.0 0.0
Se 1.442255164170e+01 4.637617615746e+01 2.271046802998e+01 1 1 1 0.0 0.0 0.0
Se 1.847499956871e+01 4.736710025690e+01 2.271046802998e+01 1 1 1 0.0 0.0 0.0
Se 9.257667028619e+00 4.142155566025e+01 2.271046802998e+01 1 1 1 0.0 0.0 0.0
Se 1.331011495563e+01 4.241247975969e+01 2.271046802998e+01 1 1 1 0.0 0.0 0.0
Se 1.736256288264e+01 4.340340385913e+01 2.271046802998e+01 1 1 1 0.0 0.0 0.0
Se 6.317655787682e+00 4.439432795857e+01 2.271046802998e+01 1 1 1 0.0 0.0 0.0
Se 8.145230342548e+00 3.745785926249e+01 2.271046802998e+01 1 1 1 0.0 0.0 0.0
Se 1.219767826956e+01 3.844878336193e+01 2.271046802998e+01 1 1 1 0.0 0.0 0.0
Se 1.625012619656e+01 3.943970746137e+01 2.271046802998e+01 1 1 1 0.0 0.0 0.0
Se 5.205219101611e+00 4.043063156081e+01 2.271046802998e+01 1 1 1 0.0 0.0 0.0
Se 7.032793656476e+00 3.349416286473e+01 2.271046802998e+01 1 1 1 0.0 0.0 0.0
Se 1.108524158348e+01 3.448508696417e+01 2.271046802998e+01 1 1 1 0.0 0.0 0.0
Se 1.513768951049e+01 3.547601106361e+01 2.271046802998e+01 1 1 1 0.0 0.0 0.0
Se 1.919013743750e+01 3.646693516305e+01 2.271046802998e+01 1 1 1 0.0 0.0 0.0
Se 5.920356970404e+00 2.953046646697e+01 2.271046802998e+01 1 1 1 0.0 0.0 0.0
Se 9.972804897413e+00 3.052139056641e+01 2.271046802998e+01 1 1 1 0.0 0.0 0.0
Se 1.402525282442e+01 3.151231466585e+01 2.271046802998e+01 1 1 1 0.0 0.0 0.0
Se 1.807770075143e+01 3.250323876529e+01 2.271046802998e+01 1 1 1 0.0 0.0 0.0
Se 4.807920284333e+00 2.556677006920e+01 2.271046802998e+01 1 1 1 0.0 0.0 0.0
Se 8.860368211341e+00 2.655769416865e+01 2.271046802998e+01 1 1 1 0.0 0.0 0.0
Se 1.291281613835e+01 2.754861826809e+01 2.271046802998e+01 1 1 1 0.0 0.0 0.0
Se 1.696526406536e+01 2.853954236753e+01 2.271046802998e+01 1 1 1 0.0 0.0 0.0
Se 7.747931525270e+00 2.259399777088e+01 2.271046802998e+01 1 1 1 0.0 0.0 0.0
Se 1.180037945228e+01 2.358492187032e+01 2.271046802998e+01 1 1 1 0.0 0.0 0.0
Se 1.585282737929e+01 2.457584596976e+01 2.271046802998e+01 1 1 1 0.0 0.0 0.0
Se 6.635494839198e+00 1.863030137312e+01 2.271046802998e+01 1 1 1 0.0 0.0 0.0
Se 1.068794276621e+01 1.962122547256e+01 2.271046802998e+01 1 1 1 0.0 0.0 0.0
Se 1.474039069321e+01 2.061214957200e+01 2.271046802998e+01 1 1 1 0.0 0.0 0.0
Se 3.695483598261e+00 2.160307367144e+01 2.271046802998e+01 1 1 1 0.0 0.0 0.0
Se 5.523058153126e+00 1.466660497536e+01 2.271046802998e+01 1 1 1 0.0 0.0 0.0
Se 9.575506080135e+00 1.565752907480e+01 2.271046802998e+01 1 1 1 0.0 0.0 0.0
Se 1.362795400714e+01 1.664845317424e+01 2.271046802998e+01 1 1 1 0.0 0.0 0.0
Se 2.583046912190e+00 1.763937727368e+01 2.271046802998e+01 1 1 1 0.0 0.0 0.0
Se 4.410621467055e+00 1.070290857760e+01 2.271046802998e+01 1 1 1 0.0 0.0 0.0
Se 8.463069394063e+00 1.169383267704e+01 2.271046802998e+01 1 1 1 0.0 0.0 0.0
Se 1.251551732107e+01 1.268475677648e+01 2.271046802998e+01 1 1 1 0.0 0.0 0.0
Se 1.656796524808e+01 1.367568087592e+01 2.271046802998e+01 1 1 1 0.0 0.0 0.0
Se 3.298184780983e+00 6.739212179835e+00 2.271046802998e+01 1 1 1 0.0 0.0 0.0
Se 7.350632707992e+00 7.730136279275e+00 2.271046802998e+01 1 1 1 0.0 0.0 0.0
Se 1.140308063500e+01 8.721060378716e+00 2.271046802998e+01 1 1 1 0.0 0.0 0.0
Se 1.545552856201e+01 9.711984478156e+00 2.271046802998e+01 1 1 1 0.0 0.0 0.0
Se 2.185748094912e+00 2.775515782072e+00 2.271046802998e+01 1 1 1 0.0 0.0 0.0
Se 6.238196021920e+00 3.766439881513e+00 2.271046802998e+01 1 1 1 0.0 0.0 0.0
Se 1.029064394893e+01 4.757363980953e+00 2.271046802998e+01 1 1 1 0.0 0.0 0.0
Se 1.434309187594e+01 5.748288080394e+00 2.271046802998e+01 1 1 1 0.0 0.0 0.0
Se 7.430092473754e+00 4.835802435634e+01 2.271046802998e+01 1 1 1 0.0 0.0 0.0
Se 1.148254040076e+01 4.934894845578e+01 2.271046802998e+01 1 1 1 0.0 0.0 0.0
Se 9.178207262857e+00 7.936675831913e-01 2.271046802998e+01 1 1 1 0.0 0.0 0.0
Se 1.323065518987e+01 1.784591682632e+00 2.271046802998e+01 1 1 1 0.0 0.0 0.0
"