calculation_mode = "Quench Electrons"
cell_relax = "False"
charge_density_mixing = "0.1"
charge_mixing_type = "Broyden"
description = "Example parameters for high-throughput bulk relaxation of a vdW material"
dos_broading = "0.05"
dos_method = "Gaussian"
energy_convergence_criterion = "1e-10"
energy_output_units = "Hartrees"
kohn_sham_mucycles = "3"
kohn_sham_solver = "davidson"
kpoint_mesh = "1 1 1"
localize_projectors = "False"
max_md_steps = "100"
max_scf_steps = "200"
non_local_block_size = "4000"
potential_acceleration_constant_step = "1.5"
processor_grid = "4 5 12"
rms_convergence_criterion = "1e-08"
scalapack_block_factor = "64"
start_mode = "LCAO Start"
state_block_size = "64"
stress = "True"
subdiag_driver = "scalapack"
use_async_allreduce = "False"
vdw_corr = "DFT-D3"
vdwdf_kernel_filepath = "/lustre/orion/world-shared/cph162/rjmorelock/rmgdft/XC/vdW_kernel_table"
wavefunction_grid = "128 156 378"
write_data_period = "50"

atomic_coordinate_type = "Absolute"
crds_units = "Angstrom"
lattice_units = "Angstrom"

lattice_vector = "
1.509735502135e+01 0.000000000000e+00 9.000000000000e-16
3.972988163253e+00 1.789168512951e+01 1.100000000000e-15
0.000000000000e+00 0.000000000000e+00 4.446241589303e+01
"
atoms = "
Nb 4.845508824197e+00 1.786725973472e+01 1.532833092694e+01 1 1 1 0.0 0.0 0.0
Nb 3.653612375374e+00 2.039999812461e+00 1.532833092694e+01 1 1 1 0.0 0.0 0.0
Nb 6.832002906205e+00 6.637163409603e-01 1.532833092694e+01 1 1 1 0.0 0.0 0.0
Nb 3.256313558973e+00 5.480708491213e+00 1.532833092694e+01 1 1 1 0.0 0.0 0.0
Nb 6.434704089804e+00 4.104425019712e+00 1.532833092694e+01 1 1 1 0.0 0.0 0.0
Nb 9.613094620635e+00 2.728141548211e+00 1.532833092694e+01 1 1 1 0.0 0.0 0.0
Nb 1.279148515147e+01 1.351858076711e+00 1.532833092694e+01 1 1 1 0.0 0.0 0.0
Nb 2.859014742571e+00 8.921417169965e+00 1.532833092694e+01 1 1 1 0.0 0.0 0.0
Nb 6.037405273402e+00 7.545133698464e+00 1.532833092694e+01 1 1 1 0.0 0.0 0.0
Nb 9.215795804233e+00 6.168850226964e+00 1.532833092694e+01 1 1 1 0.0 0.0 0.0
Nb 1.239418633506e+01 4.792566755463e+00 1.532833092694e+01 1 1 1 0.0 0.0 0.0
Nb 1.557257686589e+01 3.416283283962e+00 1.532833092694e+01 1 1 1 0.0 0.0 0.0
Nb 5.640106457001e+00 1.098584237722e+01 1.532833092694e+01 1 1 1 0.0 0.0 0.0
Nb 8.818496987831e+00 9.609558905716e+00 1.532833092694e+01 1 1 1 0.0 0.0 0.0
Nb 1.199688751866e+01 8.233275434215e+00 1.532833092694e+01 1 1 1 0.0 0.0 0.0
Nb 1.517527804949e+01 6.856991962714e+00 1.532833092694e+01 1 1 1 0.0 0.0 0.0
Nb 5.242807640599e+00 1.442655105597e+01 1.532833092694e+01 1 1 1 0.0 0.0 0.0
Nb 8.421198171430e+00 1.305026758447e+01 1.532833092694e+01 1 1 1 0.0 0.0 0.0
Nb 1.159958870226e+01 1.167398411297e+01 1.532833092694e+01 1 1 1 0.0 0.0 0.0
Nb 1.477797923309e+01 1.029770064147e+01 1.532833092694e+01 1 1 1 0.0 0.0 0.0
Nb 8.023899355028e+00 1.649097626322e+01 1.532833092694e+01 1 1 1 0.0 0.0 0.0
Nb 1.120228988586e+01 1.511469279172e+01 1.532833092694e+01 1 1 1 0.0 0.0 0.0
Nb 1.438068041669e+01 1.373840932022e+01 1.532833092694e+01 1 1 1 0.0 0.0 0.0
Nb 1.755907094752e+01 1.236212584872e+01 1.532833092694e+01 1 1 1 0.0 0.0 0.0
Nb 1.398338160029e+01 1.717911799897e+01 1.532833092694e+01 1 1 1 0.0 0.0 0.0
Nb 1.716177213112e+01 1.580283452747e+01 1.532833092694e+01 1 1 1 0.0 0.0 0.0
Nb 4.850287443926e+00 1.787582205924e+01 9.182088683320e+00 1 1 1 0.0 0.0 0.0
Nb 3.658390995103e+00 2.048562136983e+00 9.182088683320e+00 1 1 1 0.0 0.0 0.0
Nb 6.836781525934e+00 6.722786654824e-01 9.182088683320e+00 1 1 1 0.0 0.0 0.0
Nb 3.261092178702e+00 5.489270815735e+00 9.182088683320e+00 1 1 1 0.0 0.0 0.0
Nb 6.439482709532e+00 4.112987344234e+00 9.182088683320e+00 1 1 1 0.0 0.0 0.0
Nb 9.617873240363e+00 2.736703872734e+00 9.182088683320e+00 1 1 1 0.0 0.0 0.0
Nb 1.279626377119e+01 1.360420401233e+00 9.182088683320e+00 1 1 1 0.0 0.0 0.0
Nb 2.863793362300e+00 8.929979494487e+00 9.182088683320e+00 1 1 1 0.0 0.0 0.0
Nb 6.042183893131e+00 7.553696022986e+00 9.182088683320e+00 1 1 1 0.0 0.0 0.0
Nb 9.220574423962e+00 6.177412551486e+00 9.182088683320e+00 1 1 1 0.0 0.0 0.0
Nb 1.239896495479e+01 4.801129079985e+00 9.182088683320e+00 1 1 1 0.0 0.0 0.0
Nb 1.557735548562e+01 3.424845608484e+00 9.182088683320e+00 1 1 1 0.0 0.0 0.0
Nb 5.644885076729e+00 1.099440470174e+01 9.182088683320e+00 1 1 1 0.0 0.0 0.0
Nb 8.823275607560e+00 9.618121230238e+00 9.182088683320e+00 1 1 1 0.0 0.0 0.0
Nb 1.200166613839e+01 8.241837758737e+00 9.182088683320e+00 1 1 1 0.0 0.0 0.0
Nb 1.518005666922e+01 6.865554287236e+00 9.182088683320e+00 1 1 1 0.0 0.0 0.0
Nb 5.247586260328e+00 1.443511338049e+01 9.182088683320e+00 1 1 1 0.0 0.0 0.0
Nb 8.425976791159e+00 1.305882990899e+01 9.182088683320e+00 1 1 1 0.0 0.0 0.0
Nb 1.160436732199e+01 1.168254643749e+01 9.182088683320e+00 1 1 1 0.0 0.0 0.0
Nb 1.478275785282e+01 1.030626296599e+01 9.182088683320e+00 1 1 1 0.0 0.0 0.0
Nb 8.028677974757e+00 1.649953858774e+01 9.182088683320e+00 1 1 1 0.0 0.0 0.0
Nb 1.120706850559e+01 1.512325511624e+01 9.182088683320e+00 1 1 1 0.0 0.0 0.0
Nb 1.438545903642e+01 1.374697164474e+01 9.182088683320e+00 1 1 1 0.0 0.0 0.0
Nb 1.756384956725e+01 1.237068817324e+01 9.182088683320e+00 1 1 1 0.0 0.0 0.0
Nb 1.398816022002e+01 1.718768032349e+01 9.182088683320e+00 1 1 1 0.0 0.0 0.0
Nb 1.716655075085e+01 1.581139685199e+01 9.182088683320e+00 1 1 1 0.0 0.0 0.0
Bi 6.232600473632e+00 3.493560748436e-01 3.532095071834e+01 1 1 1 0.0 0.0 0.0
Bi 1.002901138540e+01 2.337321089234e+00 3.532095071834e+01 1 1 1 0.0 0.0 0.0
Bi 1.382542229718e+01 4.325286103624e+00 3.532095071834e+01 1 1 1 0.0 0.0 0.0
Bi 1.378127798431e+01 3.493560748436e-01 3.532095071834e+01 1 1 1 0.0 0.0 0.0
Bi 2.480333874729e+00 2.337321089234e+00 3.532095071834e+01 1 1 1 0.0 0.0 0.0
Bi 6.276744786502e+00 4.325286103624e+00 3.532095071834e+01 1 1 1 0.0 0.0 0.0
Bi 1.007315569827e+01 6.313251118014e+00 3.532095071834e+01 1 1 1 0.0 0.0 0.0
Bi 1.386956661005e+01 8.301216132404e+00 3.532095071834e+01 1 1 1 0.0 0.0 0.0
Bi 2.524478187599e+00 6.313251118014e+00 3.532095071834e+01 1 1 1 0.0 0.0 0.0
Bi 6.320889099372e+00 8.301216132404e+00 3.532095071834e+01 1 1 1 0.0 0.0 0.0
Bi 1.011730001114e+01 1.028918114679e+01 3.532095071834e+01 1 1 1 0.0 0.0 0.0
Bi 1.391371092292e+01 1.227714616118e+01 3.532095071834e+01 1 1 1 0.0 0.0 0.0
Bi 2.568622500469e+00 1.028918114679e+01 3.532095071834e+01 1 1 1 0.0 0.0 0.0
Bi 6.365033412242e+00 1.227714616118e+01 3.532095071834e+01 1 1 1 0.0 0.0 0.0
Bi 1.016144432401e+01 1.426511117557e+01 3.532095071834e+01 1 1 1 0.0 0.0 0.0
Bi 1.395785523579e+01 1.625307618996e+01 3.532095071834e+01 1 1 1 0.0 0.0 0.0
Bi 1.771012183469e+01 1.426511117557e+01 3.532095071834e+01 1 1 1 0.0 0.0 0.0
Bi 6.409177725112e+00 1.625307618996e+01 3.532095071834e+01 1 1 1 0.0 0.0 0.0
Bi 3.742793084890e+00 3.254664860853e-01 3.133430771007e+01 1 1 1 0.0 0.0 0.0
Bi 7.539203996663e+00 2.313431500475e+00 3.133430771007e+01 1 1 1 0.0 0.0 0.0
Bi 1.133561490844e+01 4.301396514865e+00 3.133430771007e+01 1 1 1 0.0 0.0 0.0
Bi 1.129147059557e+01 3.254664860853e-01 3.133430771007e+01 1 1 1 0.0 0.0 0.0
Bi 1.508788150734e+01 2.313431500475e+00 3.133430771007e+01 1 1 1 0.0 0.0 0.0
Bi 3.786937397760e+00 4.301396514865e+00 3.133430771007e+01 1 1 1 0.0 0.0 0.0
Bi 7.583348309533e+00 6.289361529256e+00 3.133430771007e+01 1 1 1 0.0 0.0 0.0
Bi 1.137975922131e+01 8.277326543646e+00 3.133430771007e+01 1 1 1 0.0 0.0 0.0
Bi 1.513202582021e+01 6.289361529256e+00 3.133430771007e+01 1 1 1 0.0 0.0 0.0
Bi 3.831081710630e+00 8.277326543646e+00 3.133430771007e+01 1 1 1 0.0 0.0 0.0
Bi 7.627492622403e+00 1.026529155804e+01 3.133430771007e+01 1 1 1 0.0 0.0 0.0
Bi 1.142390353418e+01 1.225325657243e+01 3.133430771007e+01 1 1 1 0.0 0.0 0.0
Bi 1.517617013308e+01 1.026529155804e+01 3.133430771007e+01 1 1 1 0.0 0.0 0.0
Bi 3.875226023500e+00 1.225325657243e+01 3.133430771007e+01 1 1 1 0.0 0.0 0.0
Bi 7.671636935273e+00 1.424122158682e+01 3.133430771007e+01 1 1 1 0.0 0.0 0.0
Bi 1.146804784705e+01 1.622918660121e+01 3.133430771007e+01 1 1 1 0.0 0.0 0.0
Bi 1.522031444595e+01 1.424122158682e+01 3.133430771007e+01 1 1 1 0.0 0.0 0.0
Bi 3.919370336370e+00 1.622918660121e+01 3.133430771007e+01 1 1 1 0.0 0.0 0.0
Bi 3.723932152153e+00 2.628692038356e-01 2.529282906773e+01 1 1 1 0.0 0.0 0.0
Bi 7.520343063926e+00 2.250834218226e+00 2.529282906773e+01 1 1 1 0.0 0.0 0.0
Bi 1.131675397570e+01 4.238799232616e+00 2.529282906773e+01 1 1 1 0.0 0.0 0.0
Bi 1.127260966283e+01 2.628692038356e-01 2.529282906773e+01 1 1 1 0.0 0.0 0.0
Bi 1.506902057460e+01 2.250834218226e+00 2.529282906773e+01 1 1 1 0.0 0.0 0.0
Bi 3.768076465023e+00 4.238799232616e+00 2.529282906773e+01 1 1 1 0.0 0.0 0.0
Bi 7.564487376795e+00 6.226764247006e+00 2.529282906773e+01 1 1 1 0.0 0.0 0.0
Bi 1.136089828857e+01 8.214729261396e+00 2.529282906773e+01 1 1 1 0.0 0.0 0.0
Bi 1.511316488747e+01 6.226764247006e+00 2.529282906773e+01 1 1 1 0.0 0.0 0.0
Bi 3.812220777893e+00 8.214729261396e+00 2.529282906773e+01 1 1 1 0.0 0.0 0.0
Bi 7.608631689665e+00 1.020269427579e+01 2.529282906773e+01 1 1 1 0.0 0.0 0.0
Bi 1.140504260144e+01 1.219065929018e+01 2.529282906773e+01 1 1 1 0.0 0.0 0.0
Bi 1.515730920034e+01 1.020269427579e+01 2.529282906773e+01 1 1 1 0.0 0.0 0.0
Bi 3.856365090762e+00 1.219065929018e+01 2.529282906773e+01 1 1 1 0.0 0.0 0.0
Bi 7.652776002535e+00 1.417862430457e+01 2.529282906773e+01 1 1 1 0.0 0.0 0.0
Bi 1.144918691431e+01 1.616658931896e+01 2.529282906773e+01 1 1 1 0.0 0.0 0.0
Bi 1.520145351321e+01 1.417862430457e+01 2.529282906773e+01 1 1 1 0.0 0.0 0.0
Bi 3.900509403632e+00 1.616658931896e+01 2.529282906773e+01 1 1 1 0.0 0.0 0.0
Bi 8.778809639801e+00 2.612969818127e-01 2.132110864621e+01 1 1 1 0.0 0.0 0.0
Bi 1.257522055157e+01 2.249261996203e+00 2.132110864621e+01 1 1 1 0.0 0.0 0.0
Bi 1.274276441995e+00 4.237227010593e+00 2.132110864621e+01 1 1 1 0.0 0.0 0.0
Bi 1.230132129125e+00 2.612969818127e-01 2.132110864621e+01 1 1 1 0.0 0.0 0.0
Bi 5.026543040898e+00 2.249261996203e+00 2.132110864621e+01 1 1 1 0.0 0.0 0.0
Bi 8.822953952670e+00 4.237227010593e+00 2.132110864621e+01 1 1 1 0.0 0.0 0.0
Bi 1.261936486444e+01 6.225192024983e+00 2.132110864621e+01 1 1 1 0.0 0.0 0.0
Bi 1.641577577622e+01 8.213157039373e+00 2.132110864621e+01 1 1 1 0.0 0.0 0.0
Bi 5.070687353768e+00 6.225192024983e+00 2.132110864621e+01 1 1 1 0.0 0.0 0.0
Bi 8.867098265540e+00 8.213157039373e+00 2.132110864621e+01 1 1 1 0.0 0.0 0.0
Bi 1.266350917731e+01 1.020112205376e+01 2.132110864621e+01 1 1 1 0.0 0.0 0.0
Bi 1.645992008909e+01 1.218908706815e+01 2.132110864621e+01 1 1 1 0.0 0.0 0.0
Bi 5.114831666637e+00 1.020112205376e+01 2.132110864621e+01 1 1 1 0.0 0.0 0.0
Bi 8.911242578410e+00 1.218908706815e+01 2.132110864621e+01 1 1 1 0.0 0.0 0.0
Bi 1.270765349018e+01 1.417705208254e+01 2.132110864621e+01 1 1 1 0.0 0.0 0.0
Bi 1.650406440196e+01 1.616501709693e+01 2.132110864621e+01 1 1 1 0.0 0.0 0.0
Bi 5.158975979507e+00 1.417705208254e+01 2.132110864621e+01 1 1 1 0.0 0.0 0.0
Bi 8.955386891280e+00 1.616501709693e+01 2.132110864621e+01 1 1 1 0.0 0.0 0.0
Se 1.796088497152e+01 1.764693976268e+01 7.500000000000e+00 1 1 1 0.0 0.0 0.0
Se 1.671633501347e+00 1.819679840417e+00 7.500000000000e+00 1 1 1 0.0 0.0 0.0
Se 4.850024032178e+00 4.433963689158e-01 7.500000000000e+00 1 1 1 0.0 0.0 0.0
Se 1.274334684946e+00 5.260388519169e+00 7.500000000000e+00 1 1 1 0.0 0.0 0.0
Se 4.452725215776e+00 3.884105047668e+00 7.500000000000e+00 1 1 1 0.0 0.0 0.0
Se 7.631115746607e+00 2.507821576167e+00 7.500000000000e+00 1 1 1 0.0 0.0 0.0
Se 1.080950627744e+01 1.131538104666e+00 7.500000000000e+00 1 1 1 0.0 0.0 0.0
Se 1.597439088990e+01 8.701097197921e+00 7.500000000000e+00 1 1 1 0.0 0.0 0.0
Se 4.055426399375e+00 7.324813726420e+00 7.500000000000e+00 1 1 1 0.0 0.0 0.0
Se 7.233816930206e+00 5.948530254919e+00 7.500000000000e+00 1 1 1 0.0 0.0 0.0
Se 1.041220746104e+01 4.572246783418e+00 7.500000000000e+00 1 1 1 0.0 0.0 0.0
Se 1.359059799187e+01 3.195963311917e+00 7.500000000000e+00 1 1 1 0.0 0.0 0.0
Se 3.658127582973e+00 1.076552240517e+01 7.500000000000e+00 1 1 1 0.0 0.0 0.0
Se 6.836518113804e+00 9.389238933671e+00 7.500000000000e+00 1 1 1 0.0 0.0 0.0
Se 1.001490864464e+01 8.012955462170e+00 7.500000000000e+00 1 1 1 0.0 0.0 0.0
Se 1.319329917547e+01 6.636671990669e+00 7.500000000000e+00 1 1 1 0.0 0.0 0.0
Se 3.260828766572e+00 1.420623108392e+01 7.500000000000e+00 1 1 1 0.0 0.0 0.0
Se 6.439219297403e+00 1.282994761242e+01 7.500000000000e+00 1 1 1 0.0 0.0 0.0
Se 9.617609828234e+00 1.145366414092e+01 7.500000000000e+00 1 1 1 0.0 0.0 0.0
Se 1.279600035906e+01 1.007738066942e+01 7.500000000000e+00 1 1 1 0.0 0.0 0.0
Se 6.041920481001e+00 1.627065629118e+01 7.500000000000e+00 1 1 1 0.0 0.0 0.0
Se 9.220311011832e+00 1.489437281967e+01 7.500000000000e+00 1 1 1 0.0 0.0 0.0
Se 1.239870154266e+01 1.351808934817e+01 7.500000000000e+00 1 1 1 0.0 0.0 0.0
Se 1.557709207349e+01 1.214180587667e+01 7.500000000000e+00 1 1 1 0.0 0.0 0.0
Se 1.200140272626e+01 1.695879802693e+01 7.500000000000e+00 1 1 1 0.0 0.0 0.0
Se 1.517979325709e+01 1.558251455542e+01 7.500000000000e+00 1 1 1 0.0 0.0 0.0
Se 4.050712873263e+00 1.603242502522e+01 1.364602824434e+01 1 1 1 0.0 0.0 0.0
Se 2.858816424440e+00 2.051651029575e-01 1.364602824434e+01 1 1 1 0.0 0.0 0.0
Se 1.001019511852e+01 1.672056676097e+01 1.364602824434e+01 1 1 1 0.0 0.0 0.0
Se 2.461517608038e+00 3.645873781710e+00 1.364602824434e+01 1 1 1 0.0 0.0 0.0
Se 5.639908138869e+00 2.269590310209e+00 1.364602824434e+01 1 1 1 0.0 0.0 0.0
Se 8.818298669700e+00 8.933068387079e-01 1.364602824434e+01 1 1 1 0.0 0.0 0.0
Se 1.596967736378e+01 1.740870849672e+01 1.364602824434e+01 1 1 1 0.0 0.0 0.0
Se 2.064218791637e+00 7.086582460462e+00 1.364602824434e+01 1 1 1 0.0 0.0 0.0
Se 5.242609322468e+00 5.710298988961e+00 1.364602824434e+01 1 1 1 0.0 0.0 0.0
Se 8.420999853299e+00 4.334015517460e+00 1.364602824434e+01 1 1 1 0.0 0.0 0.0
Se 1.159939038413e+01 2.957732045959e+00 1.364602824434e+01 1 1 1 0.0 0.0 0.0
Se 1.477778091496e+01 1.581448574458e+00 1.364602824434e+01 1 1 1 0.0 0.0 0.0
Se 4.845310506066e+00 9.151007667713e+00 1.364602824434e+01 1 1 1 0.0 0.0 0.0
Se 8.023701036897e+00 7.774724196212e+00 1.364602824434e+01 1 1 1 0.0 0.0 0.0
Se 1.120209156773e+01 6.398440724711e+00 1.364602824434e+01 1 1 1 0.0 0.0 0.0
Se 1.438048209856e+01 5.022157253210e+00 1.364602824434e+01 1 1 1 0.0 0.0 0.0
Se 4.448011689665e+00 1.259171634646e+01 1.364602824434e+01 1 1 1 0.0 0.0 0.0
Se 7.626402220496e+00 1.121543287496e+01 1.364602824434e+01 1 1 1 0.0 0.0 0.0
Se 1.080479275133e+01 9.839149403463e+00 1.364602824434e+01 1 1 1 0.0 0.0 0.0
Se 1.398318328216e+01 8.462865931962e+00 1.364602824434e+01 1 1 1 0.0 0.0 0.0
Se 7.229103404094e+00 1.465614155372e+01 1.364602824434e+01 1 1 1 0.0 0.0 0.0
Se 1.040749393492e+01 1.327985808222e+01 1.364602824434e+01 1 1 1 0.0 0.0 0.0
Se 1.358588446576e+01 1.190357461071e+01 1.364602824434e+01 1 1 1 0.0 0.0 0.0
Se 1.676427499659e+01 1.052729113921e+01 1.364602824434e+01 1 1 1 0.0 0.0 0.0
Se 1.318858564935e+01 1.534428328947e+01 1.364602824434e+01 1 1 1 0.0 0.0 0.0
Se 1.636697618019e+01 1.396799981797e+01 1.364602824434e+01 1 1 1 0.0 0.0 0.0
Se 1.796075719576e+01 1.764587118102e+01 1.086443756309e+01 1 1 1 0.0 0.0 0.0
Se 1.671505725583e+00 1.818611258758e+00 1.086443756309e+01 1 1 1 0.0 0.0 0.0
Se 4.849896256414e+00 4.423277872574e-01 1.086443756309e+01 1 1 1 0.0 0.0 0.0
Se 1.274206909182e+00 5.259319937510e+00 1.086443756309e+01 1 1 1 0.0 0.0 0.0
Se 4.452597440013e+00 3.883036466009e+00 1.086443756309e+01 1 1 1 0.0 0.0 0.0
Se 7.630987970844e+00 2.506752994509e+00 1.086443756309e+01 1 1 1 0.0 0.0 0.0
Se 1.080937850167e+01 1.130469523008e+00 1.086443756309e+01 1 1 1 0.0 0.0 0.0
Se 1.597426311413e+01 8.700028616262e+00 1.086443756309e+01 1 1 1 0.0 0.0 0.0
Se 4.055298623611e+00 7.323745144762e+00 1.086443756309e+01 1 1 1 0.0 0.0 0.0
Se 7.233689154442e+00 5.947461673261e+00 1.086443756309e+01 1 1 1 0.0 0.0 0.0
Se 1.041207968527e+01 4.571178201760e+00 1.086443756309e+01 1 1 1 0.0 0.0 0.0
Se 1.359047021610e+01 3.194894730259e+00 1.086443756309e+01 1 1 1 0.0 0.0 0.0
Se 3.657999807210e+00 1.076445382351e+01 1.086443756309e+01 1 1 1 0.0 0.0 0.0
Se 6.836390338040e+00 9.388170352013e+00 1.086443756309e+01 1 1 1 0.0 0.0 0.0
Se 1.001478086887e+01 8.011886880512e+00 1.086443756309e+01 1 1 1 0.0 0.0 0.0
Se 1.319317139970e+01 6.635603409011e+00 1.086443756309e+01 1 1 1 0.0 0.0 0.0
Se 3.260700990808e+00 1.420516250227e+01 1.086443756309e+01 1 1 1 0.0 0.0 0.0
Se 6.439091521639e+00 1.282887903076e+01 1.086443756309e+01 1 1 1 0.0 0.0 0.0
Se 9.617482052470e+00 1.145259555926e+01 1.086443756309e+01 1 1 1 0.0 0.0 0.0
Se 1.279587258330e+01 1.007631208776e+01 1.086443756309e+01 1 1 1 0.0 0.0 0.0
Se 6.041792705237e+00 1.626958770952e+01 1.086443756309e+01 1 1 1 0.0 0.0 0.0
Se 9.220183236068e+00 1.489330423802e+01 1.086443756309e+01 1 1 1 0.0 0.0 0.0
Se 1.239857376690e+01 1.351702076652e+01 1.086443756309e+01 1 1 1 0.0 0.0 0.0
Se 1.557696429773e+01 1.214073729501e+01 1.086443756309e+01 1 1 1 0.0 0.0 0.0
Se 1.200127495050e+01 1.695772944527e+01 1.086443756309e+01 1 1 1 0.0 0.0 0.0
Se 1.517966548133e+01 1.558144597377e+01 1.086443756309e+01 1 1 1 0.0 0.0 0.0
Se 4.050767063876e+00 1.603136845271e+01 1.701046802998e+01 1 1 1 0.0 0.0 0.0
Se 2.858870615053e+00 2.041085304478e-01 1.701046802998e+01 1 1 1 0.0 0.0 0.0
Se 1.001024930914e+01 1.671951018846e+01 1.701046802998e+01 1 1 1 0.0 0.0 0.0
Se 2.461571798651e+00 3.644817209200e+00 1.701046802998e+01 1 1 1 0.0 0.0 0.0
Se 5.639962329482e+00 2.268533737699e+00 1.701046802998e+01 1 1 1 0.0 0.0 0.0
Se 8.818352860313e+00 8.922502661982e-01 1.701046802998e+01 1 1 1 0.0 0.0 0.0
Se 1.596973155440e+01 1.740765192421e+01 1.701046802998e+01 1 1 1 0.0 0.0 0.0
Se 2.064272982250e+00 7.085525887952e+00 1.701046802998e+01 1 1 1 0.0 0.0 0.0
Se 5.242663513080e+00 5.709242416451e+00 1.701046802998e+01 1 1 1 0.0 0.0 0.0
Se 8.421054043911e+00 4.332958944950e+00 1.701046802998e+01 1 1 1 0.0 0.0 0.0
Se 1.159944457474e+01 2.956675473449e+00 1.701046802998e+01 1 1 1 0.0 0.0 0.0
Se 1.477783510557e+01 1.580392001949e+00 1.701046802998e+01 1 1 1 0.0 0.0 0.0
Se 4.845364696679e+00 9.149951095203e+00 1.701046802998e+01 1 1 1 0.0 0.0 0.0
Se 8.023755227510e+00 7.773667623702e+00 1.701046802998e+01 1 1 1 0.0 0.0 0.0
Se 1.120214575834e+01 6.397384152201e+00 1.701046802998e+01 1 1 1 0.0 0.0 0.0
Se 1.438053628917e+01 5.021100680701e+00 1.701046802998e+01 1 1 1 0.0 0.0 0.0
Se 4.448065880277e+00 1.259065977396e+01 1.701046802998e+01 1 1 1 0.0 0.0 0.0
Se 7.626456411108e+00 1.121437630245e+01 1.701046802998e+01 1 1 1 0.0 0.0 0.0
Se 1.080484694194e+01 9.838092830954e+00 1.701046802998e+01 1 1 1 0.0 0.0 0.0
Se 1.398323747277e+01 8.461809359453e+00 1.701046802998e+01 1 1 1 0.0 0.0 0.0
Se 7.229157594707e+00 1.465508498121e+01 1.701046802998e+01 1 1 1 0.0 0.0 0.0
Se 1.040754812554e+01 1.327880150971e+01 1.701046802998e+01 1 1 1 0.0 0.0 0.0
Se 1.358593865637e+01 1.190251803820e+01 1.701046802998e+01 1 1 1 0.0 0.0 0.0
Se 1.676432918720e+01 1.052623456670e+01 1.701046802998e+01 1 1 1 0.0 0.0 0.0
Se 1.318863983997e+01 1.534322671696e+01 1.701046802998e+01 1 1 1 0.0 0.0 0.0
Se 1.636703037080e+01 1.396694324546e+01 1.701046802998e+01 1 1 1 0.0 0.0 0.0
Se 3.703746072653e+00 3.488917773303e-01 3.696241589303e+01 1 1 1 0.0 0.0 0.0
Se 7.500156984426e+00 2.336856791720e+00 3.696241589303e+01 1 1 1 0.0 0.0 0.0
Se 1.129656789620e+01 4.324821806110e+00 3.696241589303e+01 1 1 1 0.0 0.0 0.0
Se 1.125242358333e+01 3.488917773303e-01 3.696241589303e+01 1 1 1 0.0 0.0 0.0
Se 1.504883449510e+01 2.336856791720e+00 3.696241589303e+01 1 1 1 0.0 0.0 0.0
Se 3.747890385523e+00 4.324821806110e+00 3.696241589303e+01 1 1 1 0.0 0.0 0.0
Se 7.544301297295e+00 6.312786820501e+00 3.696241589303e+01 1 1 1 0.0 0.0 0.0
Se 1.134071220907e+01 8.300751834891e+00 3.696241589303e+01 1 1 1 0.0 0.0 0.0
Se 1.509297880797e+01 6.312786820501e+00 3.696241589303e+01 1 1 1 0.0 0.0 0.0
Se 3.792034698393e+00 8.300751834891e+00 3.696241589303e+01 1 1 1 0.0 0.0 0.0
Se 7.588445610165e+00 1.028871684928e+01 3.696241589303e+01 1 1 1 0.0 0.0 0.0
Se 1.138485652194e+01 1.227668186367e+01 3.696241589303e+01 1 1 1 0.0 0.0 0.0
Se 1.513712312084e+01 1.028871684928e+01 3.696241589303e+01 1 1 1 0.0 0.0 0.0
Se 3.836179011262e+00 1.227668186367e+01 3.696241589303e+01 1 1 1 0.0 0.0 0.0
Se 7.632589923035e+00 1.426464687806e+01 3.696241589303e+01 1 1 1 0.0 0.0 0.0
Se 1.142900083481e+01 1.625261189245e+01 3.696241589303e+01 1 1 1 0.0 0.0 0.0
Se 1.518126743371e+01 1.426464687806e+01 3.696241589303e+01 1 1 1 0.0 0.0 0.0
Se 3.880323324132e+00 1.625261189245e+01 3.696241589303e+01 1 1 1 0.0 0.0 0.0
Se 8.774706805088e+00 3.432349011458e-01 3.332483142763e+01 1 1 1 0.0 0.0 0.0
Se 1.257111771686e+01 2.331199915536e+00 3.332483142763e+01 1 1 1 0.0 0.0 0.0
Se 1.270173607282e+00 4.319164929926e+00 3.332483142763e+01 1 1 1 0.0 0.0 0.0
Se 1.226029294412e+00 3.432349011458e-01 3.332483142763e+01 1 1 1 0.0 0.0 0.0
Se 5.022440206185e+00 2.331199915536e+00 3.332483142763e+01 1 1 1 0.0 0.0 0.0
Se 8.818851117958e+00 4.319164929926e+00 3.332483142763e+01 1 1 1 0.0 0.0 0.0
Se 1.261526202973e+01 6.307129944316e+00 3.332483142763e+01 1 1 1 0.0 0.0 0.0
Se 1.641167294150e+01 8.295094958706e+00 3.332483142763e+01 1 1 1 0.0 0.0 0.0
Se 5.066584519055e+00 6.307129944316e+00 3.332483142763e+01 1 1 1 0.0 0.0 0.0
Se 8.862995430828e+00 8.295094958706e+00 3.332483142763e+01 1 1 1 0.0 0.0 0.0
Se 1.265940634260e+01 1.028305997310e+01 3.332483142763e+01 1 1 1 0.0 0.0 0.0
Se 1.645581725437e+01 1.227102498749e+01 3.332483142763e+01 1 1 1 0.0 0.0 0.0
Se 5.110728831925e+00 1.028305997310e+01 3.332483142763e+01 1 1 1 0.0 0.0 0.0
Se 8.907139743698e+00 1.227102498749e+01 3.332483142763e+01 1 1 1 0.0 0.0 0.0
Se 1.270355065547e+01 1.425899000188e+01 3.332483142763e+01 1 1 1 0.0 0.0 0.0
Se 1.649996156724e+01 1.624695501627e+01 3.332483142763e+01 1 1 1 0.0 0.0 0.0
Se 5.154873144795e+00 1.425899000188e+01 3.332483142763e+01 1 1 1 0.0 0.0 0.0
Se 8.951284056567e+00 1.624695501627e+01 3.332483142763e+01 1 1 1 0.0 0.0 0.0
Se 6.248406927795e+00 3.348118424689e-01 2.969131231352e+01 1 1 1 0.0 0.0 0.0
Se 1.004481783957e+01 2.322776856859e+00 2.969131231352e+01 1 1 1 0.0 0.0 0.0
Se 1.384122875134e+01 4.310741871249e+00 2.969131231352e+01 1 1 1 0.0 0.0 0.0
Se 1.379708443847e+01 3.348118424689e-01 2.969131231352e+01 1 1 1 0.0 0.0 0.0
Se 2.496140328892e+00 2.322776856859e+00 2.969131231352e+01 1 1 1 0.0 0.0 0.0
Se 6.292551240665e+00 4.310741871249e+00 2.969131231352e+01 1 1 1 0.0 0.0 0.0
Se 1.008896215244e+01 6.298706885639e+00 2.969131231352e+01 1 1 1 0.0 0.0 0.0
Se 1.388537306421e+01 8.286671900029e+00 2.969131231352e+01 1 1 1 0.0 0.0 0.0
Se 2.540284641762e+00 6.298706885639e+00 2.969131231352e+01 1 1 1 0.0 0.0 0.0
Se 6.336695553535e+00 8.286671900029e+00 2.969131231352e+01 1 1 1 0.0 0.0 0.0
Se 1.013310646531e+01 1.027463691442e+01 2.969131231352e+01 1 1 1 0.0 0.0 0.0
Se 1.392951737708e+01 1.226260192881e+01 2.969131231352e+01 1 1 1 0.0 0.0 0.0
Se 2.584428954632e+00 1.027463691442e+01 2.969131231352e+01 1 1 1 0.0 0.0 0.0
Se 6.380839866405e+00 1.226260192881e+01 2.969131231352e+01 1 1 1 0.0 0.0 0.0
Se 1.017725077818e+01 1.425056694320e+01 2.969131231352e+01 1 1 1 0.0 0.0 0.0
Se 1.397366168995e+01 1.623853195759e+01 2.969131231352e+01 1 1 1 0.0 0.0 0.0
Se 1.772592828885e+01 1.425056694320e+01 2.969131231352e+01 1 1 1 0.0 0.0 0.0
Se 6.424984179275e+00 1.623853195759e+01 2.969131231352e+01 1 1 1 0.0 0.0 0.0
Se 8.780157342603e+00 2.650802085429e-01 2.692457590224e+01 1 1 1 0.0 0.0 0.0
Se 1.257656825438e+01 2.253045222933e+00 2.692457590224e+01 1 1 1 0.0 0.0 0.0
Se 1.275624144797e+00 4.241010237323e+00 2.692457590224e+01 1 1 1 0.0 0.0 0.0
Se 1.231479831928e+00 2.650802085429e-01 2.692457590224e+01 1 1 1 0.0 0.0 0.0
Se 5.027890743700e+00 2.253045222933e+00 2.692457590224e+01 1 1 1 0.0 0.0 0.0
Se 8.824301655473e+00 4.241010237323e+00 2.692457590224e+01 1 1 1 0.0 0.0 0.0
Se 1.262071256725e+01 6.228975251713e+00 2.692457590224e+01 1 1 1 0.0 0.0 0.0
Se 1.641712347902e+01 8.216940266103e+00 2.692457590224e+01 1 1 1 0.0 0.0 0.0
Se 5.072035056570e+00 6.228975251713e+00 2.692457590224e+01 1 1 1 0.0 0.0 0.0
Se 8.868445968343e+00 8.216940266103e+00 2.692457590224e+01 1 1 1 0.0 0.0 0.0
Se 1.266485688012e+01 1.020490528049e+01 2.692457590224e+01 1 1 1 0.0 0.0 0.0
Se 1.646126779189e+01 1.219287029488e+01 2.692457590224e+01 1 1 1 0.0 0.0 0.0
Se 5.116179369440e+00 1.020490528049e+01 2.692457590224e+01 1 1 1 0.0 0.0 0.0
Se 8.912590281213e+00 1.219287029488e+01 2.692457590224e+01 1 1 1 0.0 0.0 0.0
Se 1.270900119299e+01 1.418083530927e+01 2.692457590224e+01 1 1 1 0.0 0.0 0.0
Se 1.650541210476e+01 1.616880032366e+01 2.692457590224e+01 1 1 1 0.0 0.0 0.0
Se 5.160323682310e+00 1.418083530927e+01 2.692457590224e+01 1 1 1 0.0 0.0 0.0
Se 8.956734594083e+00 1.616880032366e+01 2.692457590224e+01 1 1 1 0.0 0.0 0.0
Se 6.245293581357e+00 2.568246367317e-01 2.330671355540e+01 1 1 1 0.0 0.0 0.0
Se 1.004170449313e+01 2.244789651122e+00 2.330671355540e+01 1 1 1 0.0 0.0 0.0
Se 1.383811540490e+01 4.232754665512e+00 2.330671355540e+01 1 1 1 0.0 0.0 0.0
Se 1.379397109203e+01 2.568246367317e-01 2.330671355540e+01 1 1 1 0.0 0.0 0.0
Se 2.493026982454e+00 2.244789651122e+00 2.330671355540e+01 1 1 1 0.0 0.0 0.0
Se 6.289437894227e+00 4.232754665512e+00 2.330671355540e+01 1 1 1 0.0 0.0 0.0
Se 1.008584880600e+01 6.220719679902e+00 2.330671355540e+01 1 1 1 0.0 0.0 0.0
Se 1.388225971777e+01 8.208684694292e+00 2.330671355540e+01 1 1 1 0.0 0.0 0.0
Se 2.537171295324e+00 6.220719679902e+00 2.330671355540e+01 1 1 1 0.0 0.0 0.0
Se 6.333582207097e+00 8.208684694292e+00 2.330671355540e+01 1 1 1 0.0 0.0 0.0
Se 1.012999311887e+01 1.019664970868e+01 2.330671355540e+01 1 1 1 0.0 0.0 0.0
Se 1.392640403064e+01 1.218461472307e+01 2.330671355540e+01 1 1 1 0.0 0.0 0.0
Se 2.581315608194e+00 1.019664970868e+01 2.330671355540e+01 1 1 1 0.0 0.0 0.0
Se 6.377726519967e+00 1.218461472307e+01 2.330671355540e+01 1 1 1 0.0 0.0 0.0
Se 1.017413743174e+01 1.417257973746e+01 2.330671355540e+01 1 1 1 0.0 0.0 0.0
Se 1.397054834351e+01 1.616054475185e+01 2.330671355540e+01 1 1 1 0.0 0.0 0.0
Se 1.772281494242e+01 1.417257973746e+01 2.330671355540e+01 1 1 1 0.0 0.0 0.0
Se 6.421870832836e+00 1.616054475185e+01 2.330671355540e+01 1 1 1 0.0 0.0 0.0
Se 3.715892018959e+00 2.623577955976e-01 1.968357859229e+01 1 1 1 0.0 0.0 0.0
Se 7.512302930732e+00 2.250322809988e+00 1.968357859229e+01 1 1 1 0.0 0.0 0.0
Se 1.130871384251e+01 4.238287824378e+00 1.968357859229e+01 1 1 1 0.0 0.0 0.0
Se 1.126456952964e+01 2.623577955976e-01 1.968357859229e+01 1 1 1 0.0 0.0 0.0
Se 1.506098044141e+01 2.250322809988e+00 1.968357859229e+01 1 1 1 0.0 0.0 0.0
Se 3.760036331829e+00 4.238287824378e+00 1.968357859229e+01 1 1 1 0.0 0.0 0.0
Se 7.556447243602e+00 6.226252838768e+00 1.968357859229e+01 1 1 1 0.0 0.0 0.0
Se 1.135285815538e+01 8.214217853158e+00 1.968357859229e+01 1 1 1 0.0 0.0 0.0
Se 1.510512475428e+01 6.226252838768e+00 1.968357859229e+01 1 1 1 0.0 0.0 0.0
Se 3.804180644699e+00 8.214217853158e+00 1.968357859229e+01 1 1 1 0.0 0.0 0.0
Se 7.600591556472e+00 1.020218286755e+01 1.968357859229e+01 1 1 1 0.0 0.0 0.0
Se 1.139700246824e+01 1.219014788194e+01 1.968357859229e+01 1 1 1 0.0 0.0 0.0
Se 1.514926906715e+01 1.020218286755e+01 1.968357859229e+01 1 1 1 0.0 0.0 0.0
Se 3.848324957569e+00 1.219014788194e+01 1.968357859229e+01 1 1 1 0.0 0.0 0.0
Se 7.644735869342e+00 1.417811289633e+01 1.968357859229e+01 1 1 1 0.0 0.0 0.0
Se 1.144114678111e+01 1.616607791072e+01 1.968357859229e+01 1 1 1 0.0 0.0 0.0
Se 1.519341338002e+01 1.417811289633e+01 1.968357859229e+01 1 1 1 0.0 0.0 0.0
Se 3.892469270439e+00 1.616607791072e+01 1.968357859229e+01 1 1 1 0.0 0.0 0.0
"