calculation_mode = "Quench Electrons"
cell_relax = "False"
charge_density_mixing = "0.15"
charge_mixing_type = "Broyden"
description = "Example parameters for high-throughput bulk relaxation of a vdW material"
dipole_moment = "True"
dos_broading = "0.05"
dos_method = "Gaussian"
energy_convergence_criterion = "1e-08"
energy_output_units = "Hartrees"
kohn_sham_mucycles = "3"
kohn_sham_solver = "davidson"
kpoint_distribution = "1"
kpoint_mesh = "1 1 1"
localize_projectors = "False"
max_md_steps = "100"
max_scf_steps = "200"
non_local_block_size = "4000"
output_wave_function_file = "/dev/null"
potential_acceleration_constant_step = "1.5"
processor_grid = "5 16 14"
rms_convergence_criterion = "1e-08"
scalapack_block_factor = "64"
start_mode = "LCAO Start"
state_block_size = "64"
stress = "True"
subdiag_driver = "scalapack"
test_energy_tolerance = "1e-05"
use_async_allreduce = "False"
vdw_corr = "DFT-D3"
vdwdf_kernel_filepath = "/lustre/orion/world-shared/cph162/rjmorelock/rmgdft/XC/vdW_kernel_table"
wavefunction_grid = "128 458 426"
write_data_period = "50"

atomic_coordinate_type = "Absolute"
crds_units = "Angstrom"
lattice_units = "Angstrom"

lattice_vector = "
1.509735502215e+01 0.000000000000e+00 9.000000000000e-16
3.178390533485e+00 5.367505538568e+01 3.300000000000e-15
0.000000000000e+00 0.000000000000e+00 4.998930533072e+01
"
atoms = "
Nb 8.946626521009e+00 2.392457294098e+00 1.782833092694e+01 1 1 1 0.0 0.0 0.0
Nb 9.343925337542e+00 5.833165972667e+00 1.782833092694e+01 1 1 1 0.0 0.0 0.0
Nb 9.741224154075e+00 9.273874651237e+00 1.782833092694e+01 1 1 1 0.0 0.0 0.0
Nb 1.013852297061e+01 1.271458332981e+01 1.782833092694e+01 1 1 1 0.0 0.0 0.0
Nb 1.053582178714e+01 1.615529200838e+01 1.782833092694e+01 1 1 1 0.0 0.0 0.0
Nb 1.093312060367e+01 1.959600068695e+01 1.782833092694e+01 1 1 1 0.0 0.0 0.0
Nb 1.133041942021e+01 2.303670936551e+01 1.782833092694e+01 1 1 1 0.0 0.0 0.0
Nb 1.172771823674e+01 2.647741804408e+01 1.782833092694e+01 1 1 1 0.0 0.0 0.0
Nb 1.212501705327e+01 2.991812672265e+01 1.782833092694e+01 1 1 1 0.0 0.0 0.0
Nb 1.252231586981e+01 3.335883540122e+01 1.782833092694e+01 1 1 1 0.0 0.0 0.0
Nb 1.291961468634e+01 3.679954407979e+01 1.782833092694e+01 1 1 1 0.0 0.0 0.0
Nb 1.331691350287e+01 4.024025275836e+01 1.782833092694e+01 1 1 1 0.0 0.0 0.0
Nb 1.371421231941e+01 4.368096143693e+01 1.782833092694e+01 1 1 1 0.0 0.0 0.0
Nb 1.411151113594e+01 4.712167011550e+01 1.782833092694e+01 1 1 1 0.0 0.0 0.0
Nb 1.450880995247e+01 5.056237879407e+01 1.782833092694e+01 1 1 1 0.0 0.0 0.0
Nb 5.768235989965e+00 1.016173822670e+00 1.782833092694e+01 1 1 1 0.0 0.0 0.0
Nb 6.165534806498e+00 4.456882501240e+00 1.782833092694e+01 1 1 1 0.0 0.0 0.0
Nb 6.562833623031e+00 7.897591179809e+00 1.782833092694e+01 1 1 1 0.0 0.0 0.0
Nb 6.960132439564e+00 1.133829985838e+01 1.782833092694e+01 1 1 1 0.0 0.0 0.0
Nb 7.357431256097e+00 1.477900853695e+01 1.782833092694e+01 1 1 1 0.0 0.0 0.0
Nb 7.754730072630e+00 1.821971721552e+01 1.782833092694e+01 1 1 1 0.0 0.0 0.0
Nb 8.152028889163e+00 2.166042589409e+01 1.782833092694e+01 1 1 1 0.0 0.0 0.0
Nb 8.549327705696e+00 2.510113457266e+01 1.782833092694e+01 1 1 1 0.0 0.0 0.0
Nb 8.946626522229e+00 2.854184325123e+01 1.782833092694e+01 1 1 1 0.0 0.0 0.0
Nb 9.343925338762e+00 3.198255192980e+01 1.782833092694e+01 1 1 1 0.0 0.0 0.0
Nb 9.741224155295e+00 3.542326060837e+01 1.782833092694e+01 1 1 1 0.0 0.0 0.0
Nb 1.013852297183e+01 3.886396928693e+01 1.782833092694e+01 1 1 1 0.0 0.0 0.0
Nb 1.053582178836e+01 4.230467796550e+01 1.782833092694e+01 1 1 1 0.0 0.0 0.0
Nb 1.093312060489e+01 4.574538664407e+01 1.782833092694e+01 1 1 1 0.0 0.0 0.0
Nb 1.133041942143e+01 4.918609532264e+01 1.782833092694e+01 1 1 1 0.0 0.0 0.0
Nb 1.172771823796e+01 5.262680400121e+01 1.782833092694e+01 1 1 1 0.0 0.0 0.0
Nb 2.987144275454e+00 3.080599029812e+00 1.782833092694e+01 1 1 1 0.0 0.0 0.0
Nb 3.384443091987e+00 6.521307708381e+00 1.782833092694e+01 1 1 1 0.0 0.0 0.0
Nb 3.781741908520e+00 9.962016386951e+00 1.782833092694e+01 1 1 1 0.0 0.0 0.0
Nb 4.179040725053e+00 1.340272506552e+01 1.782833092694e+01 1 1 1 0.0 0.0 0.0
Nb 4.576339541586e+00 1.684343374409e+01 1.782833092694e+01 1 1 1 0.0 0.0 0.0
Nb 4.973638358119e+00 2.028414242266e+01 1.782833092694e+01 1 1 1 0.0 0.0 0.0
Nb 5.370937174653e+00 2.372485110123e+01 1.782833092694e+01 1 1 1 0.0 0.0 0.0
Nb 5.768235991186e+00 2.716555977980e+01 1.782833092694e+01 1 1 1 0.0 0.0 0.0
Nb 6.165534807719e+00 3.060626845837e+01 1.782833092694e+01 1 1 1 0.0 0.0 0.0
Nb 6.562833624252e+00 3.404697713694e+01 1.782833092694e+01 1 1 1 0.0 0.0 0.0
Nb 6.960132440785e+00 3.748768581551e+01 1.782833092694e+01 1 1 1 0.0 0.0 0.0
Nb 7.357431257318e+00 4.092839449408e+01 1.782833092694e+01 1 1 1 0.0 0.0 0.0
Nb 7.754730073851e+00 4.436910317265e+01 1.782833092694e+01 1 1 1 0.0 0.0 0.0
Nb 8.152028890384e+00 4.780981185122e+01 1.782833092694e+01 1 1 1 0.0 0.0 0.0
Nb 8.549327706917e+00 5.125052052978e+01 1.782833092694e+01 1 1 1 0.0 0.0 0.0
Nb 1.490610876656e+01 1.704315558384e+00 1.782833092694e+01 1 1 1 0.0 0.0 0.0
Nb 1.530340758310e+01 5.145024236953e+00 1.782833092694e+01 1 1 1 0.0 0.0 0.0
Nb 6.033513774766e-01 8.585732915523e+00 1.782833092694e+01 1 1 1 0.0 0.0 0.0
Nb 1.000650194010e+00 1.202644159409e+01 1.782833092694e+01 1 1 1 0.0 0.0 0.0
Nb 1.397949010543e+00 1.546715027266e+01 1.782833092694e+01 1 1 1 0.0 0.0 0.0
Nb 1.795247827076e+00 1.890785895123e+01 1.782833092694e+01 1 1 1 0.0 0.0 0.0
Nb 2.192546643609e+00 2.234856762980e+01 1.782833092694e+01 1 1 1 0.0 0.0 0.0
Nb 2.589845460142e+00 2.578927630837e+01 1.782833092694e+01 1 1 1 0.0 0.0 0.0
Nb 2.987144276675e+00 2.922998498694e+01 1.782833092694e+01 1 1 1 0.0 0.0 0.0
Nb 3.384443093208e+00 3.267069366551e+01 1.782833092694e+01 1 1 1 0.0 0.0 0.0
Nb 3.781741909741e+00 3.611140234408e+01 1.782833092694e+01 1 1 1 0.0 0.0 0.0
Nb 4.179040726274e+00 3.955211102265e+01 1.782833092694e+01 1 1 1 0.0 0.0 0.0
Nb 4.576339542807e+00 4.299281970122e+01 1.782833092694e+01 1 1 1 0.0 0.0 0.0
Nb 4.973638359340e+00 4.643352837979e+01 1.782833092694e+01 1 1 1 0.0 0.0 0.0
Nb 5.370937175873e+00 4.987423705836e+01 1.782833092694e+01 1 1 1 0.0 0.0 0.0
Nb 5.768235992406e+00 5.331494573693e+01 1.782833092694e+01 1 1 1 0.0 0.0 0.0
Nb 1.172771823552e+01 3.280320869562e-01 1.782833092694e+01 1 1 1 0.0 0.0 0.0
Nb 1.212501705205e+01 3.768740765526e+00 1.782833092694e+01 1 1 1 0.0 0.0 0.0
Nb 1.252231586859e+01 7.209449444095e+00 1.782833092694e+01 1 1 1 0.0 0.0 0.0
Nb 1.291961468512e+01 1.065015812266e+01 1.782833092694e+01 1 1 1 0.0 0.0 0.0
Nb 1.331691350165e+01 1.409086680123e+01 1.782833092694e+01 1 1 1 0.0 0.0 0.0
Nb 1.371421231818e+01 1.753157547980e+01 1.782833092694e+01 1 1 1 0.0 0.0 0.0
Nb 1.411151113472e+01 2.097228415837e+01 1.782833092694e+01 1 1 1 0.0 0.0 0.0
Nb 1.450880995125e+01 2.441299283694e+01 1.782833092694e+01 1 1 1 0.0 0.0 0.0
Nb 1.490610876778e+01 2.785370151551e+01 1.782833092694e+01 1 1 1 0.0 0.0 0.0
Nb 1.530340758432e+01 3.129441019408e+01 1.782833092694e+01 1 1 1 0.0 0.0 0.0
Nb 1.570070640085e+01 3.473511887265e+01 1.782833092694e+01 1 1 1 0.0 0.0 0.0
Nb 1.609800521738e+01 3.817582755122e+01 1.782833092694e+01 1 1 1 0.0 0.0 0.0
Nb 1.649530403392e+01 4.161653622979e+01 1.782833092694e+01 1 1 1 0.0 0.0 0.0
Nb 1.689260285045e+01 4.505724490836e+01 1.782833092694e+01 1 1 1 0.0 0.0 0.0
Nb 1.728990166698e+01 4.849795358693e+01 1.782833092694e+01 1 1 1 0.0 0.0 0.0
Nb 1.768720048351e+01 5.193866226550e+01 1.782833092694e+01 1 1 1 0.0 0.0 0.0
Nb 8.937047499425e+00 2.394552754246e+00 1.168208868332e+01 1 1 1 0.0 0.0 0.0
Nb 9.334346315958e+00 5.835261432816e+00 1.168208868332e+01 1 1 1 0.0 0.0 0.0
Nb 9.731645132491e+00 9.275970111385e+00 1.168208868332e+01 1 1 1 0.0 0.0 0.0
Nb 1.012894394902e+01 1.271667878995e+01 1.168208868332e+01 1 1 1 0.0 0.0 0.0
Nb 1.052624276556e+01 1.615738746852e+01 1.168208868332e+01 1 1 1 0.0 0.0 0.0
Nb 1.092354158209e+01 1.959809614709e+01 1.168208868332e+01 1 1 1 0.0 0.0 0.0
Nb 1.132084039862e+01 2.303880482566e+01 1.168208868332e+01 1 1 1 0.0 0.0 0.0
Nb 1.171813921516e+01 2.647951350423e+01 1.168208868332e+01 1 1 1 0.0 0.0 0.0
Nb 1.211543803169e+01 2.992022218280e+01 1.168208868332e+01 1 1 1 0.0 0.0 0.0
Nb 1.251273684822e+01 3.336093086137e+01 1.168208868332e+01 1 1 1 0.0 0.0 0.0
Nb 1.291003566476e+01 3.680163953994e+01 1.168208868332e+01 1 1 1 0.0 0.0 0.0
Nb 1.330733448129e+01 4.024234821851e+01 1.168208868332e+01 1 1 1 0.0 0.0 0.0
Nb 1.370463329782e+01 4.368305689708e+01 1.168208868332e+01 1 1 1 0.0 0.0 0.0
Nb 1.410193211435e+01 4.712376557565e+01 1.168208868332e+01 1 1 1 0.0 0.0 0.0
Nb 1.449923093089e+01 5.056447425422e+01 1.168208868332e+01 1 1 1 0.0 0.0 0.0
Nb 5.758656968381e+00 1.018269282818e+00 1.168208868332e+01 1 1 1 0.0 0.0 0.0
Nb 6.155955784914e+00 4.458977961388e+00 1.168208868332e+01 1 1 1 0.0 0.0 0.0
Nb 6.553254601447e+00 7.899686639957e+00 1.168208868332e+01 1 1 1 0.0 0.0 0.0
Nb 6.950553417980e+00 1.134039531853e+01 1.168208868332e+01 1 1 1 0.0 0.0 0.0
Nb 7.347852234513e+00 1.478110399710e+01 1.168208868332e+01 1 1 1 0.0 0.0 0.0
Nb 7.745151051046e+00 1.822181267567e+01 1.168208868332e+01 1 1 1 0.0 0.0 0.0
Nb 8.142449867579e+00 2.166252135424e+01 1.168208868332e+01 1 1 1 0.0 0.0 0.0
Nb 8.539748684112e+00 2.510323003280e+01 1.168208868332e+01 1 1 1 0.0 0.0 0.0
Nb 8.937047500646e+00 2.854393871137e+01 1.168208868332e+01 1 1 1 0.0 0.0 0.0
Nb 9.334346317179e+00 3.198464738994e+01 1.168208868332e+01 1 1 1 0.0 0.0 0.0
Nb 9.731645133712e+00 3.542535606851e+01 1.168208868332e+01 1 1 1 0.0 0.0 0.0
Nb 1.012894395024e+01 3.886606474708e+01 1.168208868332e+01 1 1 1 0.0 0.0 0.0
Nb 1.052624276678e+01 4.230677342565e+01 1.168208868332e+01 1 1 1 0.0 0.0 0.0
Nb 1.092354158331e+01 4.574748210422e+01 1.168208868332e+01 1 1 1 0.0 0.0 0.0
Nb 1.132084039984e+01 4.918819078279e+01 1.168208868332e+01 1 1 1 0.0 0.0 0.0
Nb 1.171813921638e+01 5.262889946136e+01 1.168208868332e+01 1 1 1 0.0 0.0 0.0
Nb 2.977565253871e+00 3.082694489960e+00 1.168208868332e+01 1 1 1 0.0 0.0 0.0
Nb 3.374864070404e+00 6.523403168530e+00 1.168208868332e+01 1 1 1 0.0 0.0 0.0
Nb 3.772162886937e+00 9.964111847099e+00 1.168208868332e+01 1 1 1 0.0 0.0 0.0
Nb 4.169461703470e+00 1.340482052567e+01 1.168208868332e+01 1 1 1 0.0 0.0 0.0
Nb 4.566760520003e+00 1.684552920424e+01 1.168208868332e+01 1 1 1 0.0 0.0 0.0
Nb 4.964059336536e+00 2.028623788281e+01 1.168208868332e+01 1 1 1 0.0 0.0 0.0
Nb 5.361358153069e+00 2.372694656138e+01 1.168208868332e+01 1 1 1 0.0 0.0 0.0
Nb 5.758656969602e+00 2.716765523995e+01 1.168208868332e+01 1 1 1 0.0 0.0 0.0
Nb 6.155955786135e+00 3.060836391852e+01 1.168208868332e+01 1 1 1 0.0 0.0 0.0
Nb 6.553254602668e+00 3.404907259709e+01 1.168208868332e+01 1 1 1 0.0 0.0 0.0
Nb 6.950553419201e+00 3.748978127566e+01 1.168208868332e+01 1 1 1 0.0 0.0 0.0
Nb 7.347852235734e+00 4.093048995422e+01 1.168208868332e+01 1 1 1 0.0 0.0 0.0
Nb 7.745151052267e+00 4.437119863279e+01 1.168208868332e+01 1 1 1 0.0 0.0 0.0
Nb 8.142449868800e+00 4.781190731136e+01 1.168208868332e+01 1 1 1 0.0 0.0 0.0
Nb 8.539748685333e+00 5.125261598993e+01 1.168208868332e+01 1 1 1 0.0 0.0 0.0
Nb 1.489652974498e+01 1.706411018532e+00 1.168208868332e+01 1 1 1 0.0 0.0 0.0
Nb 1.529382856151e+01 5.147119697102e+00 1.168208868332e+01 1 1 1 0.0 0.0 0.0
Nb 5.937723558929e-01 8.587828375671e+00 1.168208868332e+01 1 1 1 0.0 0.0 0.0
Nb 9.910711724259e-01 1.202853705424e+01 1.168208868332e+01 1 1 1 0.0 0.0 0.0
Nb 1.388369988959e+00 1.546924573281e+01 1.168208868332e+01 1 1 1 0.0 0.0 0.0
Nb 1.785668805492e+00 1.890995441138e+01 1.168208868332e+01 1 1 1 0.0 0.0 0.0
Nb 2.182967622025e+00 2.235066308995e+01 1.168208868332e+01 1 1 1 0.0 0.0 0.0
Nb 2.580266438558e+00 2.579137176852e+01 1.168208868332e+01 1 1 1 0.0 0.0 0.0
Nb 2.977565255091e+00 2.923208044709e+01 1.168208868332e+01 1 1 1 0.0 0.0 0.0
Nb 3.374864071624e+00 3.267278912566e+01 1.168208868332e+01 1 1 1 0.0 0.0 0.0
Nb 3.772162888157e+00 3.611349780423e+01 1.168208868332e+01 1 1 1 0.0 0.0 0.0
Nb 4.169461704690e+00 3.955420648280e+01 1.168208868332e+01 1 1 1 0.0 0.0 0.0
Nb 4.566760521223e+00 4.299491516137e+01 1.168208868332e+01 1 1 1 0.0 0.0 0.0
Nb 4.964059337756e+00 4.643562383994e+01 1.168208868332e+01 1 1 1 0.0 0.0 0.0
Nb 5.361358154289e+00 4.987633251851e+01 1.168208868332e+01 1 1 1 0.0 0.0 0.0
Nb 5.758656970822e+00 5.331704119707e+01 1.168208868332e+01 1 1 1 0.0 0.0 0.0
Nb 1.171813921394e+01 3.301275471045e-01 1.168208868332e+01 1 1 1 0.0 0.0 0.0
Nb 1.211543803047e+01 3.770836225674e+00 1.168208868332e+01 1 1 1 0.0 0.0 0.0
Nb 1.251273684700e+01 7.211544904243e+00 1.168208868332e+01 1 1 1 0.0 0.0 0.0
Nb 1.291003566353e+01 1.065225358281e+01 1.168208868332e+01 1 1 1 0.0 0.0 0.0
Nb 1.330733448007e+01 1.409296226138e+01 1.168208868332e+01 1 1 1 0.0 0.0 0.0
Nb 1.370463329660e+01 1.753367093995e+01 1.168208868332e+01 1 1 1 0.0 0.0 0.0
Nb 1.410193211313e+01 2.097437961852e+01 1.168208868332e+01 1 1 1 0.0 0.0 0.0
Nb 1.449923092967e+01 2.441508829709e+01 1.168208868332e+01 1 1 1 0.0 0.0 0.0
Nb 1.489652974620e+01 2.785579697566e+01 1.168208868332e+01 1 1 1 0.0 0.0 0.0
Nb 1.529382856273e+01 3.129650565423e+01 1.168208868332e+01 1 1 1 0.0 0.0 0.0
Nb 1.569112737927e+01 3.473721433280e+01 1.168208868332e+01 1 1 1 0.0 0.0 0.0
Nb 1.608842619580e+01 3.817792301137e+01 1.168208868332e+01 1 1 1 0.0 0.0 0.0
Nb 1.648572501233e+01 4.161863168994e+01 1.168208868332e+01 1 1 1 0.0 0.0 0.0
Nb 1.688302382887e+01 4.505934036851e+01 1.168208868332e+01 1 1 1 0.0 0.0 0.0
Nb 1.728032264540e+01 4.850004904708e+01 1.168208868332e+01 1 1 1 0.0 0.0 0.0
Nb 1.767762146193e+01 5.194075772565e+01 1.168208868332e+01 1 1 1 0.0 0.0 0.0
Bi 7.798616359471e+00 4.693227368500e+01 3.834784015603e+01 1 1 1 0.0 0.0 0.0
Bi 1.184656656407e+01 4.794501057907e+01 3.834784015603e+01 1 1 1 0.0 0.0 0.0
Bi 1.589451676866e+01 4.895774747313e+01 3.834784015603e+01 1 1 1 0.0 0.0 0.0
Bi 6.704170563237e+00 4.288132610872e+01 3.834784015603e+01 1 1 1 0.0 0.0 0.0
Bi 1.075212076783e+01 4.389406300279e+01 3.834784015603e+01 1 1 1 0.0 0.0 0.0
Bi 1.480007097243e+01 4.490679989686e+01 3.834784015603e+01 1 1 1 0.0 0.0 0.0
Bi 3.750666154874e+00 4.591953679093e+01 3.834784015603e+01 1 1 1 0.0 0.0 0.0
Bi 5.609724767003e+00 3.883037853244e+01 3.834784015603e+01 1 1 1 0.0 0.0 0.0
Bi 9.657674971599e+00 3.984311542651e+01 3.834784015603e+01 1 1 1 0.0 0.0 0.0
Bi 1.370562517620e+01 4.085585232058e+01 3.834784015603e+01 1 1 1 0.0 0.0 0.0
Bi 2.656220358640e+00 4.186858921465e+01 3.834784015603e+01 1 1 1 0.0 0.0 0.0
Bi 4.515278970769e+00 3.477943095616e+01 3.834784015603e+01 1 1 1 0.0 0.0 0.0
Bi 8.563229175365e+00 3.579216785023e+01 3.834784015603e+01 1 1 1 0.0 0.0 0.0
Bi 1.261117937996e+01 3.680490474430e+01 3.834784015603e+01 1 1 1 0.0 0.0 0.0
Bi 1.665912958456e+01 3.781764163837e+01 3.834784015603e+01 1 1 1 0.0 0.0 0.0
Bi 7.468783379132e+00 3.174122027395e+01 3.834784015603e+01 1 1 1 0.0 0.0 0.0
Bi 1.151673358373e+01 3.275395716802e+01 3.834784015603e+01 1 1 1 0.0 0.0 0.0
Bi 1.556468378832e+01 3.376669406209e+01 3.834784015603e+01 1 1 1 0.0 0.0 0.0
Bi 6.374337582898e+00 2.769027269767e+01 3.834784015603e+01 1 1 1 0.0 0.0 0.0
Bi 1.042228778749e+01 2.870300959174e+01 3.834784015603e+01 1 1 1 0.0 0.0 0.0
Bi 1.447023799209e+01 2.971574648581e+01 3.834784015603e+01 1 1 1 0.0 0.0 0.0
Bi 3.420833174535e+00 3.072848337988e+01 3.834784015603e+01 1 1 1 0.0 0.0 0.0
Bi 5.279891786664e+00 2.363932512140e+01 3.834784015603e+01 1 1 1 0.0 0.0 0.0
Bi 9.327841991260e+00 2.465206201547e+01 3.834784015603e+01 1 1 1 0.0 0.0 0.0
Bi 1.337579219586e+01 2.566479890954e+01 3.834784015603e+01 1 1 1 0.0 0.0 0.0
Bi 2.326387378301e+00 2.667753580361e+01 3.834784015603e+01 1 1 1 0.0 0.0 0.0
Bi 4.185445990430e+00 1.958837754512e+01 3.834784015603e+01 1 1 1 0.0 0.0 0.0
Bi 8.233396195026e+00 2.060111443919e+01 3.834784015603e+01 1 1 1 0.0 0.0 0.0
Bi 1.228134639962e+01 2.161385133326e+01 3.834784015603e+01 1 1 1 0.0 0.0 0.0
Bi 1.632929660422e+01 2.262658822733e+01 3.834784015603e+01 1 1 1 0.0 0.0 0.0
Bi 3.091000194196e+00 1.553742996884e+01 3.834784015603e+01 1 1 1 0.0 0.0 0.0
Bi 7.138950398793e+00 1.655016686291e+01 3.834784015603e+01 1 1 1 0.0 0.0 0.0
Bi 1.118690060339e+01 1.756290375698e+01 3.834784015603e+01 1 1 1 0.0 0.0 0.0
Bi 1.523485080799e+01 1.857564065105e+01 3.834784015603e+01 1 1 1 0.0 0.0 0.0
Bi 6.044504602559e+00 1.249921928663e+01 3.834784015603e+01 1 1 1 0.0 0.0 0.0
Bi 1.009245480716e+01 1.351195618070e+01 3.834784015603e+01 1 1 1 0.0 0.0 0.0
Bi 1.414040501175e+01 1.452469307477e+01 3.834784015603e+01 1 1 1 0.0 0.0 0.0
Bi 4.950058806325e+00 8.448271710354e+00 3.834784015603e+01 1 1 1 0.0 0.0 0.0
Bi 8.998009010921e+00 9.461008604424e+00 3.834784015603e+01 1 1 1 0.0 0.0 0.0
Bi 1.304595921552e+01 1.047374549849e+01 3.834784015603e+01 1 1 1 0.0 0.0 0.0
Bi 1.996554397962e+00 1.148648239256e+01 3.834784015603e+01 1 1 1 0.0 0.0 0.0
Bi 3.855613010091e+00 4.397324134076e+00 3.834784015603e+01 1 1 1 0.0 0.0 0.0
Bi 7.903563214687e+00 5.410061028146e+00 3.834784015603e+01 1 1 1 0.0 0.0 0.0
Bi 1.195151341928e+01 6.422797922215e+00 3.834784015603e+01 1 1 1 0.0 0.0 0.0
Bi 9.021086017281e-01 7.435534816285e+00 3.834784015603e+01 1 1 1 0.0 0.0 0.0
Bi 2.761167213857e+00 3.463765577981e-01 3.834784015603e+01 1 1 1 0.0 0.0 0.0
Bi 6.809117418454e+00 1.359113451868e+00 3.834784015603e+01 1 1 1 0.0 0.0 0.0
Bi 1.085706762305e+01 2.371850345937e+00 3.834784015603e+01 1 1 1 0.0 0.0 0.0
Bi 1.490501782765e+01 3.384587240007e+00 3.834784015603e+01 1 1 1 0.0 0.0 0.0
Bi 4.845111951108e+00 4.997048436720e+01 3.834784015603e+01 1 1 1 0.0 0.0 0.0
Bi 8.893062155704e+00 5.098322126127e+01 3.834784015603e+01 1 1 1 0.0 0.0 0.0
Bi 1.294101236030e+01 5.199595815534e+01 3.834784015603e+01 1 1 1 0.0 0.0 0.0
Bi 1.698896256490e+01 5.300869504941e+01 3.834784015603e+01 1 1 1 0.0 0.0 0.0
Bi 7.179361633907e+00 4.933148122164e+01 3.436119714775e+01 1 1 1 0.0 0.0 0.0
Bi 1.122731183850e+01 5.034421811571e+01 3.436119714775e+01 1 1 1 0.0 0.0 0.0
Bi 1.527526204310e+01 5.135695500978e+01 3.436119714775e+01 1 1 1 0.0 0.0 0.0
Bi 6.084915837673e+00 4.528053364536e+01 3.436119714775e+01 1 1 1 0.0 0.0 0.0
Bi 1.013286604227e+01 4.629327053943e+01 3.436119714775e+01 1 1 1 0.0 0.0 0.0
Bi 1.418081624687e+01 4.730600743350e+01 3.436119714775e+01 1 1 1 0.0 0.0 0.0
Bi 3.131411429311e+00 4.831874432757e+01 3.436119714775e+01 1 1 1 0.0 0.0 0.0
Bi 4.990470041439e+00 4.122958606908e+01 3.436119714775e+01 1 1 1 0.0 0.0 0.0
Bi 9.038420246036e+00 4.224232296315e+01 3.436119714775e+01 1 1 1 0.0 0.0 0.0
Bi 1.308637045063e+01 4.325505985722e+01 3.436119714775e+01 1 1 1 0.0 0.0 0.0
Bi 1.713432065523e+01 4.426779675129e+01 3.436119714775e+01 1 1 1 0.0 0.0 0.0
Bi 3.896024245206e+00 3.717863849280e+01 3.436119714775e+01 1 1 1 0.0 0.0 0.0
Bi 7.943974449802e+00 3.819137538687e+01 3.436119714775e+01 1 1 1 0.0 0.0 0.0
Bi 1.199192465440e+01 3.920411228094e+01 3.436119714775e+01 1 1 1 0.0 0.0 0.0
Bi 1.603987485900e+01 4.021684917501e+01 3.436119714775e+01 1 1 1 0.0 0.0 0.0
Bi 6.849528653568e+00 3.414042781060e+01 3.436119714775e+01 1 1 1 0.0 0.0 0.0
Bi 1.089747885816e+01 3.515316470467e+01 3.436119714775e+01 1 1 1 0.0 0.0 0.0
Bi 1.494542906276e+01 3.616590159874e+01 3.436119714775e+01 1 1 1 0.0 0.0 0.0
Bi 5.755082857334e+00 3.008948023432e+01 3.436119714775e+01 1 1 1 0.0 0.0 0.0
Bi 9.803033061931e+00 3.110221712839e+01 3.436119714775e+01 1 1 1 0.0 0.0 0.0
Bi 1.385098326653e+01 3.211495402246e+01 3.436119714775e+01 1 1 1 0.0 0.0 0.0
Bi 2.801578448972e+00 3.312769091653e+01 3.436119714775e+01 1 1 1 0.0 0.0 0.0
Bi 4.660637061100e+00 2.603853265804e+01 3.436119714775e+01 1 1 1 0.0 0.0 0.0
Bi 8.708587265697e+00 2.705126955211e+01 3.436119714775e+01 1 1 1 0.0 0.0 0.0
Bi 1.275653747029e+01 2.806400644618e+01 3.436119714775e+01 1 1 1 0.0 0.0 0.0
Bi 1.680448767489e+01 2.907674334025e+01 3.436119714775e+01 1 1 1 0.0 0.0 0.0
Bi 3.566191264867e+00 2.198758508176e+01 3.436119714775e+01 1 1 1 0.0 0.0 0.0
Bi 7.614141469463e+00 2.300032197583e+01 3.436119714775e+01 1 1 1 0.0 0.0 0.0
Bi 1.166209167406e+01 2.401305886990e+01 3.436119714775e+01 1 1 1 0.0 0.0 0.0
Bi 1.571004187866e+01 2.502579576397e+01 3.436119714775e+01 1 1 1 0.0 0.0 0.0
Bi 2.471745468633e+00 1.793663750548e+01 3.436119714775e+01 1 1 1 0.0 0.0 0.0
Bi 6.519695673229e+00 1.894937439955e+01 3.436119714775e+01 1 1 1 0.0 0.0 0.0
Bi 1.056764587783e+01 1.996211129362e+01 3.436119714775e+01 1 1 1 0.0 0.0 0.0
Bi 1.461559608242e+01 2.097484818769e+01 3.436119714775e+01 1 1 1 0.0 0.0 0.0
Bi 5.425249876995e+00 1.489842682328e+01 3.436119714775e+01 1 1 1 0.0 0.0 0.0
Bi 9.473200081592e+00 1.591116371734e+01 3.436119714775e+01 1 1 1 0.0 0.0 0.0
Bi 1.352115028619e+01 1.692390061141e+01 3.436119714775e+01 1 1 1 0.0 0.0 0.0
Bi 4.330804080761e+00 1.084747924700e+01 3.436119714775e+01 1 1 1 0.0 0.0 0.0
Bi 8.378754285358e+00 1.186021614107e+01 3.436119714775e+01 1 1 1 0.0 0.0 0.0
Bi 1.242670448995e+01 1.287295303514e+01 3.436119714775e+01 1 1 1 0.0 0.0 0.0
Bi 1.377299672399e+00 1.388568992921e+01 3.436119714775e+01 1 1 1 0.0 0.0 0.0
Bi 3.236358284528e+00 6.796531670719e+00 3.436119714775e+01 1 1 1 0.0 0.0 0.0
Bi 7.284308489124e+00 7.809268564789e+00 3.436119714775e+01 1 1 1 0.0 0.0 0.0
Bi 1.133225869372e+01 8.822005458858e+00 3.436119714775e+01 1 1 1 0.0 0.0 0.0
Bi 1.538020889832e+01 9.834742352928e+00 3.436119714775e+01 1 1 1 0.0 0.0 0.0
Bi 2.141912488294e+00 2.745584094441e+00 3.436119714775e+01 1 1 1 0.0 0.0 0.0
Bi 6.189862692890e+00 3.758320988511e+00 3.436119714775e+01 1 1 1 0.0 0.0 0.0
Bi 1.023781289749e+01 4.771057882580e+00 3.436119714775e+01 1 1 1 0.0 0.0 0.0
Bi 1.428576310208e+01 5.783794776650e+00 3.436119714775e+01 1 1 1 0.0 0.0 0.0
Bi 4.225857225545e+00 5.236969190385e+01 3.436119714775e+01 1 1 1 0.0 0.0 0.0
Bi 8.273807430141e+00 5.338242879792e+01 3.436119714775e+01 1 1 1 0.0 0.0 0.0
Bi 9.143367101253e+00 7.201103063023e-01 3.436119714775e+01 1 1 1 0.0 0.0 0.0
Bi 1.319131730585e+01 1.732847200372e+00 3.436119714775e+01 1 1 1 0.0 0.0 0.0
Bi 7.120486286182e+00 4.936712921740e+01 2.831971850542e+01 1 1 1 0.0 0.0 0.0
Bi 1.116843649078e+01 5.037986611147e+01 2.831971850542e+01 1 1 1 0.0 0.0 0.0
Bi 1.521638669537e+01 5.139260300554e+01 2.831971850542e+01 1 1 1 0.0 0.0 0.0
Bi 6.026040489948e+00 4.531618164112e+01 2.831971850542e+01 1 1 1 0.0 0.0 0.0
Bi 1.007399069454e+01 4.632891853519e+01 2.831971850542e+01 1 1 1 0.0 0.0 0.0
Bi 1.412194089914e+01 4.734165542926e+01 2.831971850542e+01 1 1 1 0.0 0.0 0.0
Bi 3.072536081585e+00 4.835439232333e+01 2.831971850542e+01 1 1 1 0.0 0.0 0.0
Bi 4.931594693714e+00 4.126523406484e+01 2.831971850542e+01 1 1 1 0.0 0.0 0.0
Bi 8.979544898310e+00 4.227797095891e+01 2.831971850542e+01 1 1 1 0.0 0.0 0.0
Bi 1.302749510291e+01 4.329070785298e+01 2.831971850542e+01 1 1 1 0.0 0.0 0.0
Bi 1.707544530750e+01 4.430344474705e+01 2.831971850542e+01 1 1 1 0.0 0.0 0.0
Bi 3.837148897480e+00 3.721428648857e+01 2.831971850542e+01 1 1 1 0.0 0.0 0.0
Bi 7.885099102077e+00 3.822702338263e+01 2.831971850542e+01 1 1 1 0.0 0.0 0.0
Bi 1.193304930667e+01 3.923976027670e+01 2.831971850542e+01 1 1 1 0.0 0.0 0.0
Bi 1.598099951127e+01 4.025249717077e+01 2.831971850542e+01 1 1 1 0.0 0.0 0.0
Bi 6.790653305843e+00 3.417607580636e+01 2.831971850542e+01 1 1 1 0.0 0.0 0.0
Bi 1.083860351044e+01 3.518881270043e+01 2.831971850542e+01 1 1 1 0.0 0.0 0.0
Bi 1.488655371504e+01 3.620154959450e+01 2.831971850542e+01 1 1 1 0.0 0.0 0.0
Bi 5.696207509609e+00 3.012512823008e+01 2.831971850542e+01 1 1 1 0.0 0.0 0.0
Bi 9.744157714205e+00 3.113786512415e+01 2.831971850542e+01 1 1 1 0.0 0.0 0.0
Bi 1.379210791880e+01 3.215060201822e+01 2.831971850542e+01 1 1 1 0.0 0.0 0.0
Bi 2.742703101246e+00 3.316333891229e+01 2.831971850542e+01 1 1 1 0.0 0.0 0.0
Bi 4.601761713375e+00 2.607418065380e+01 2.831971850542e+01 1 1 1 0.0 0.0 0.0
Bi 8.649711917971e+00 2.708691754787e+01 2.831971850542e+01 1 1 1 0.0 0.0 0.0
Bi 1.269766212257e+01 2.809965444194e+01 2.831971850542e+01 1 1 1 0.0 0.0 0.0
Bi 1.674561232716e+01 2.911239133601e+01 2.831971850542e+01 1 1 1 0.0 0.0 0.0
Bi 3.507315917141e+00 2.202323307752e+01 2.831971850542e+01 1 1 1 0.0 0.0 0.0
Bi 7.555266121738e+00 2.303596997159e+01 2.831971850542e+01 1 1 1 0.0 0.0 0.0
Bi 1.160321632633e+01 2.404870686566e+01 2.831971850542e+01 1 1 1 0.0 0.0 0.0
Bi 1.565116653093e+01 2.506144375973e+01 2.831971850542e+01 1 1 1 0.0 0.0 0.0
Bi 2.412870120907e+00 1.797228550124e+01 2.831971850542e+01 1 1 1 0.0 0.0 0.0
Bi 6.460820325504e+00 1.898502239531e+01 2.831971850542e+01 1 1 1 0.0 0.0 0.0
Bi 1.050877053010e+01 1.999775928938e+01 2.831971850542e+01 1 1 1 0.0 0.0 0.0
Bi 1.455672073470e+01 2.101049618345e+01 2.831971850542e+01 1 1 1 0.0 0.0 0.0
Bi 5.366374529270e+00 1.493407481904e+01 2.831971850542e+01 1 1 1 0.0 0.0 0.0
Bi 9.414324733866e+00 1.594681171311e+01 2.831971850542e+01 1 1 1 0.0 0.0 0.0
Bi 1.346227493846e+01 1.695954860717e+01 2.831971850542e+01 1 1 1 0.0 0.0 0.0
Bi 4.271928733036e+00 1.088312724276e+01 2.831971850542e+01 1 1 1 0.0 0.0 0.0
Bi 8.319878937632e+00 1.189586413683e+01 2.831971850542e+01 1 1 1 0.0 0.0 0.0
Bi 1.236782914223e+01 1.290860103090e+01 2.831971850542e+01 1 1 1 0.0 0.0 0.0
Bi 1.318424324673e+00 1.392133792497e+01 2.831971850542e+01 1 1 1 0.0 0.0 0.0
Bi 3.177482936802e+00 6.832179666480e+00 2.831971850542e+01 1 1 1 0.0 0.0 0.0
Bi 7.225433141399e+00 7.844916560549e+00 2.831971850542e+01 1 1 1 0.0 0.0 0.0
Bi 1.127338334600e+01 8.857653454619e+00 2.831971850542e+01 1 1 1 0.0 0.0 0.0
Bi 1.532133355059e+01 9.870390348688e+00 2.831971850542e+01 1 1 1 0.0 0.0 0.0
Bi 2.083037140568e+00 2.781232090202e+00 2.831971850542e+01 1 1 1 0.0 0.0 0.0
Bi 6.130987345165e+00 3.793968984271e+00 2.831971850542e+01 1 1 1 0.0 0.0 0.0
Bi 1.017893754976e+01 4.806705878341e+00 2.831971850542e+01 1 1 1 0.0 0.0 0.0
Bi 1.422688775436e+01 5.819442772410e+00 2.831971850542e+01 1 1 1 0.0 0.0 0.0
Bi 4.166981877819e+00 5.240533989961e+01 2.831971850542e+01 1 1 1 0.0 0.0 0.0
Bi 8.214932082416e+00 5.341807679368e+01 2.831971850542e+01 1 1 1 0.0 0.0 0.0
Bi 9.084491753527e+00 7.557583020626e-01 2.831971850542e+01 1 1 1 0.0 0.0 0.0
Bi 1.313244195812e+01 1.768495196132e+00 2.831971850542e+01 1 1 1 0.0 0.0 0.0
Bi 5.420475426643e+00 4.769549084840e+01 2.434799808390e+01 1 1 1 0.0 0.0 0.0
Bi 9.468425631240e+00 4.870822774247e+01 2.434799808390e+01 1 1 1 0.0 0.0 0.0
Bi 1.351637583584e+01 4.972096463654e+01 2.434799808390e+01 1 1 1 0.0 0.0 0.0
Bi 4.326029630409e+00 4.364454327212e+01 2.434799808390e+01 1 1 1 0.0 0.0 0.0
Bi 8.373979835006e+00 4.465728016619e+01 2.434799808390e+01 1 1 1 0.0 0.0 0.0
Bi 1.242193003960e+01 4.567001706026e+01 2.434799808390e+01 1 1 1 0.0 0.0 0.0
Bi 1.646988024420e+01 4.668275395433e+01 2.434799808390e+01 1 1 1 0.0 0.0 0.0
Bi 3.231583834175e+00 3.959359569584e+01 2.434799808390e+01 1 1 1 0.0 0.0 0.0
Bi 7.279534038772e+00 4.060633258991e+01 2.434799808390e+01 1 1 1 0.0 0.0 0.0
Bi 1.132748424337e+01 4.161906948398e+01 2.434799808390e+01 1 1 1 0.0 0.0 0.0
Bi 1.537543444797e+01 4.263180637805e+01 2.434799808390e+01 1 1 1 0.0 0.0 0.0
Bi 2.137138037941e+00 3.554264811956e+01 2.434799808390e+01 1 1 1 0.0 0.0 0.0
Bi 6.185088242538e+00 3.655538501363e+01 2.434799808390e+01 1 1 1 0.0 0.0 0.0
Bi 1.023303844713e+01 3.756812190770e+01 2.434799808390e+01 1 1 1 0.0 0.0 0.0
Bi 1.428098865173e+01 3.858085880177e+01 2.434799808390e+01 1 1 1 0.0 0.0 0.0
Bi 5.090642446304e+00 3.250443743735e+01 2.434799808390e+01 1 1 1 0.0 0.0 0.0
Bi 9.138592650901e+00 3.351717433142e+01 2.434799808390e+01 1 1 1 0.0 0.0 0.0
Bi 1.318654285550e+01 3.452991122549e+01 2.434799808390e+01 1 1 1 0.0 0.0 0.0
Bi 3.996196650070e+00 2.845348986108e+01 2.434799808390e+01 1 1 1 0.0 0.0 0.0
Bi 8.044146854667e+00 2.946622675514e+01 2.434799808390e+01 1 1 1 0.0 0.0 0.0
Bi 1.209209705926e+01 3.047896364921e+01 2.434799808390e+01 1 1 1 0.0 0.0 0.0
Bi 1.614004726386e+01 3.149170054328e+01 2.434799808390e+01 1 1 1 0.0 0.0 0.0
Bi 2.901750853836e+00 2.440254228480e+01 2.434799808390e+01 1 1 1 0.0 0.0 0.0
Bi 6.949701058433e+00 2.541527917887e+01 2.434799808390e+01 1 1 1 0.0 0.0 0.0
Bi 1.099765126303e+01 2.642801607294e+01 2.434799808390e+01 1 1 1 0.0 0.0 0.0
Bi 1.504560146763e+01 2.744075296701e+01 2.434799808390e+01 1 1 1 0.0 0.0 0.0
Bi 1.807305057602e+00 2.035159470852e+01 2.434799808390e+01 1 1 1 0.0 0.0 0.0
Bi 5.855255262199e+00 2.136433160259e+01 2.434799808390e+01 1 1 1 0.0 0.0 0.0
Bi 9.903205466795e+00 2.237706849666e+01 2.434799808390e+01 1 1 1 0.0 0.0 0.0
Bi 1.395115567139e+01 2.338980539073e+01 2.434799808390e+01 1 1 1 0.0 0.0 0.0
Bi 1.581021428352e+01 1.630064713224e+01 2.434799808390e+01 1 1 1 0.0 0.0 0.0
Bi 4.760809465965e+00 1.731338402631e+01 2.434799808390e+01 1 1 1 0.0 0.0 0.0
Bi 8.808759670562e+00 1.832612092038e+01 2.434799808390e+01 1 1 1 0.0 0.0 0.0
Bi 1.285670987516e+01 1.933885781445e+01 2.434799808390e+01 1 1 1 0.0 0.0 0.0
Bi 3.666363669731e+00 1.326243645003e+01 2.434799808390e+01 1 1 1 0.0 0.0 0.0
Bi 7.714313874328e+00 1.427517334410e+01 2.434799808390e+01 1 1 1 0.0 0.0 0.0
Bi 1.176226407892e+01 1.528791023817e+01 2.434799808390e+01 1 1 1 0.0 0.0 0.0
Bi 2.571917873497e+00 9.211488873755e+00 2.434799808390e+01 1 1 1 0.0 0.0 0.0
Bi 6.619868078094e+00 1.022422576782e+01 2.434799808390e+01 1 1 1 0.0 0.0 0.0
Bi 1.066781828269e+01 1.123696266189e+01 2.434799808390e+01 1 1 1 0.0 0.0 0.0
Bi 1.471576848729e+01 1.224969955596e+01 2.434799808390e+01 1 1 1 0.0 0.0 0.0
Bi 1.477472077263e+00 5.160541297476e+00 2.434799808390e+01 1 1 1 0.0 0.0 0.0
Bi 5.525422281860e+00 6.173278191546e+00 2.434799808390e+01 1 1 1 0.0 0.0 0.0
Bi 9.573372486456e+00 7.186015085615e+00 2.434799808390e+01 1 1 1 0.0 0.0 0.0
Bi 1.362132269105e+01 8.198751979685e+00 2.434799808390e+01 1 1 1 0.0 0.0 0.0
Bi 3.830262810293e-01 1.109593721198e+00 2.434799808390e+01 1 1 1 0.0 0.0 0.0
Bi 4.430976485626e+00 2.122330615268e+00 2.434799808390e+01 1 1 1 0.0 0.0 0.0
Bi 8.478926690223e+00 3.135067509337e+00 2.434799808390e+01 1 1 1 0.0 0.0 0.0
Bi 1.252687689482e+01 4.147804403407e+00 2.434799808390e+01 1 1 1 0.0 0.0 0.0
Bi 1.756432604043e+01 5.073370153060e+01 2.434799808390e+01 1 1 1 0.0 0.0 0.0
Bi 6.514921222877e+00 5.174643842467e+01 2.434799808390e+01 1 1 1 0.0 0.0 0.0
Bi 1.056287142747e+01 5.275917531874e+01 2.434799808390e+01 1 1 1 0.0 0.0 0.0
Bi 1.143243109859e+01 9.685682712888e-02 2.434799808390e+01 1 1 1 0.0 0.0 0.0
Se 9.731244434370e+00 5.591117518707e-01 1.000000000000e+01 1 1 1 0.0 0.0 0.0
Se 1.012854325090e+01 3.999820430440e+00 1.000000000000e+01 1 1 1 0.0 0.0 0.0
Se 1.052584206744e+01 7.440529109010e+00 1.000000000000e+01 1 1 1 0.0 0.0 0.0
Se 1.092314088397e+01 1.088123778758e+01 1.000000000000e+01 1 1 1 0.0 0.0 0.0
Se 1.132043970050e+01 1.432194646615e+01 1.000000000000e+01 1 1 1 0.0 0.0 0.0
Se 1.171773851704e+01 1.776265514472e+01 1.000000000000e+01 1 1 1 0.0 0.0 0.0
Se 1.211503733357e+01 2.120336382329e+01 1.000000000000e+01 1 1 1 0.0 0.0 0.0
Se 1.251233615010e+01 2.464407250186e+01 1.000000000000e+01 1 1 1 0.0 0.0 0.0
Se 1.290963496663e+01 2.808478118043e+01 1.000000000000e+01 1 1 1 0.0 0.0 0.0
Se 1.330693378317e+01 3.152548985900e+01 1.000000000000e+01 1 1 1 0.0 0.0 0.0
Se 1.370423259970e+01 3.496619853757e+01 1.000000000000e+01 1 1 1 0.0 0.0 0.0
Se 1.410153141623e+01 3.840690721614e+01 1.000000000000e+01 1 1 1 0.0 0.0 0.0
Se 1.449883023277e+01 4.184761589470e+01 1.000000000000e+01 1 1 1 0.0 0.0 0.0
Se 1.489612904930e+01 4.528832457327e+01 1.000000000000e+01 1 1 1 0.0 0.0 0.0
Se 1.529342786583e+01 4.872903325184e+01 1.000000000000e+01 1 1 1 0.0 0.0 0.0
Se 9.731244436811e+00 5.285788366613e+01 1.000000000000e+01 1 1 1 0.0 0.0 0.0
Se 6.950152719859e+00 2.623536959012e+00 1.000000000000e+01 1 1 1 0.0 0.0 0.0
Se 7.347451536392e+00 6.064245637582e+00 1.000000000000e+01 1 1 1 0.0 0.0 0.0
Se 7.744750352925e+00 9.504954316151e+00 1.000000000000e+01 1 1 1 0.0 0.0 0.0
Se 8.142049169459e+00 1.294566299472e+01 1.000000000000e+01 1 1 1 0.0 0.0 0.0
Se 8.539347985992e+00 1.638637167329e+01 1.000000000000e+01 1 1 1 0.0 0.0 0.0
Se 8.936646802525e+00 1.982708035186e+01 1.000000000000e+01 1 1 1 0.0 0.0 0.0
Se 9.333945619058e+00 2.326778903043e+01 1.000000000000e+01 1 1 1 0.0 0.0 0.0
Se 9.731244435591e+00 2.670849770900e+01 1.000000000000e+01 1 1 1 0.0 0.0 0.0
Se 1.012854325212e+01 3.014920638757e+01 1.000000000000e+01 1 1 1 0.0 0.0 0.0
Se 1.052584206866e+01 3.358991506614e+01 1.000000000000e+01 1 1 1 0.0 0.0 0.0
Se 1.092314088519e+01 3.703062374471e+01 1.000000000000e+01 1 1 1 0.0 0.0 0.0
Se 1.132043970172e+01 4.047133242328e+01 1.000000000000e+01 1 1 1 0.0 0.0 0.0
Se 1.171773851826e+01 4.391204110185e+01 1.000000000000e+01 1 1 1 0.0 0.0 0.0
Se 1.211503733479e+01 4.735274978042e+01 1.000000000000e+01 1 1 1 0.0 0.0 0.0
Se 1.251233615132e+01 5.079345845899e+01 1.000000000000e+01 1 1 1 0.0 0.0 0.0
Se 3.771762188816e+00 1.247253487585e+00 1.000000000000e+01 1 1 1 0.0 0.0 0.0
Se 4.169061005349e+00 4.687962166154e+00 1.000000000000e+01 1 1 1 0.0 0.0 0.0
Se 4.566359821882e+00 8.128670844724e+00 1.000000000000e+01 1 1 1 0.0 0.0 0.0
Se 4.963658638415e+00 1.156937952329e+01 1.000000000000e+01 1 1 1 0.0 0.0 0.0
Se 5.360957454948e+00 1.501008820186e+01 1.000000000000e+01 1 1 1 0.0 0.0 0.0
Se 5.758256271481e+00 1.845079688043e+01 1.000000000000e+01 1 1 1 0.0 0.0 0.0
Se 6.155555088014e+00 2.189150555900e+01 1.000000000000e+01 1 1 1 0.0 0.0 0.0
Se 6.552853904547e+00 2.533221423757e+01 1.000000000000e+01 1 1 1 0.0 0.0 0.0
Se 6.950152721080e+00 2.877292291614e+01 1.000000000000e+01 1 1 1 0.0 0.0 0.0
Se 7.347451537613e+00 3.221363159471e+01 1.000000000000e+01 1 1 1 0.0 0.0 0.0
Se 7.744750354146e+00 3.565434027328e+01 1.000000000000e+01 1 1 1 0.0 0.0 0.0
Se 8.142049170679e+00 3.909504895185e+01 1.000000000000e+01 1 1 1 0.0 0.0 0.0
Se 8.539347987212e+00 4.253575763042e+01 1.000000000000e+01 1 1 1 0.0 0.0 0.0
Se 8.936646803745e+00 4.597646630899e+01 1.000000000000e+01 1 1 1 0.0 0.0 0.0
Se 9.333945620278e+00 4.941717498756e+01 1.000000000000e+01 1 1 1 0.0 0.0 0.0
Se 3.771762191257e+00 5.354602540184e+01 1.000000000000e+01 1 1 1 0.0 0.0 0.0
Se 9.906704743050e-01 3.311678694726e+00 1.000000000000e+01 1 1 1 0.0 0.0 0.0
Se 1.387969290838e+00 6.752387373296e+00 1.000000000000e+01 1 1 1 0.0 0.0 0.0
Se 1.785268107371e+00 1.019309605187e+01 1.000000000000e+01 1 1 1 0.0 0.0 0.0
Se 2.182566923904e+00 1.363380473043e+01 1.000000000000e+01 1 1 1 0.0 0.0 0.0
Se 2.579865740437e+00 1.707451340900e+01 1.000000000000e+01 1 1 1 0.0 0.0 0.0
Se 2.977164556970e+00 2.051522208757e+01 1.000000000000e+01 1 1 1 0.0 0.0 0.0
Se 3.374463373503e+00 2.395593076614e+01 1.000000000000e+01 1 1 1 0.0 0.0 0.0
Se 3.771762190036e+00 2.739663944471e+01 1.000000000000e+01 1 1 1 0.0 0.0 0.0
Se 4.169061006569e+00 3.083734812328e+01 1.000000000000e+01 1 1 1 0.0 0.0 0.0
Se 4.566359823102e+00 3.427805680185e+01 1.000000000000e+01 1 1 1 0.0 0.0 0.0
Se 4.963658639635e+00 3.771876548042e+01 1.000000000000e+01 1 1 1 0.0 0.0 0.0
Se 5.360957456168e+00 4.115947415899e+01 1.000000000000e+01 1 1 1 0.0 0.0 0.0
Se 5.758256272701e+00 4.460018283756e+01 1.000000000000e+01 1 1 1 0.0 0.0 0.0
Se 6.155555089234e+00 4.804089151613e+01 1.000000000000e+01 1 1 1 0.0 0.0 0.0
Se 6.552853905767e+00 5.148160019470e+01 1.000000000000e+01 1 1 1 0.0 0.0 0.0
Se 1.569072668237e+01 5.216974193041e+01 1.000000000000e+01 1 1 1 0.0 0.0 0.0
Se 1.290963496541e+01 1.935395223299e+00 1.000000000000e+01 1 1 1 0.0 0.0 0.0
Se 1.330693378195e+01 5.376103901868e+00 1.000000000000e+01 1 1 1 0.0 0.0 0.0
Se 1.370423259848e+01 8.816812580438e+00 1.000000000000e+01 1 1 1 0.0 0.0 0.0
Se 1.410153141501e+01 1.225752125901e+01 1.000000000000e+01 1 1 1 0.0 0.0 0.0
Se 1.449883023155e+01 1.569822993758e+01 1.000000000000e+01 1 1 1 0.0 0.0 0.0
Se 1.489612904808e+01 1.913893861615e+01 1.000000000000e+01 1 1 1 0.0 0.0 0.0
Se 1.529342786461e+01 2.257964729472e+01 1.000000000000e+01 1 1 1 0.0 0.0 0.0
Se 1.569072668115e+01 2.602035597329e+01 1.000000000000e+01 1 1 1 0.0 0.0 0.0
Se 1.608802549768e+01 2.946106465185e+01 1.000000000000e+01 1 1 1 0.0 0.0 0.0
Se 1.648532431421e+01 3.290177333042e+01 1.000000000000e+01 1 1 1 0.0 0.0 0.0
Se 1.688262313074e+01 3.634248200899e+01 1.000000000000e+01 1 1 1 0.0 0.0 0.0
Se 1.727992194728e+01 3.978319068756e+01 1.000000000000e+01 1 1 1 0.0 0.0 0.0
Se 2.579865741658e+00 4.322389936613e+01 1.000000000000e+01 1 1 1 0.0 0.0 0.0
Se 2.977164558191e+00 4.666460804470e+01 1.000000000000e+01 1 1 1 0.0 0.0 0.0
Se 3.374463374724e+00 5.010531672327e+01 1.000000000000e+01 1 1 1 0.0 0.0 0.0
Se 1.093297707910e+01 2.162826121998e+00 1.614602824434e+01 1 1 1 0.0 0.0 0.0
Se 1.133027589563e+01 5.603534800567e+00 1.614602824434e+01 1 1 1 0.0 0.0 0.0
Se 1.172757471216e+01 9.044243479137e+00 1.614602824434e+01 1 1 1 0.0 0.0 0.0
Se 1.212487352870e+01 1.248495215771e+01 1.614602824434e+01 1 1 1 0.0 0.0 0.0
Se 1.252217234523e+01 1.592566083628e+01 1.614602824434e+01 1 1 1 0.0 0.0 0.0
Se 1.291947116176e+01 1.936636951485e+01 1.614602824434e+01 1 1 1 0.0 0.0 0.0
Se 1.331676997830e+01 2.280707819341e+01 1.614602824434e+01 1 1 1 0.0 0.0 0.0
Se 1.371406879483e+01 2.624778687198e+01 1.614602824434e+01 1 1 1 0.0 0.0 0.0
Se 1.411136761136e+01 2.968849555055e+01 1.614602824434e+01 1 1 1 0.0 0.0 0.0
Se 1.450866642790e+01 3.312920422912e+01 1.614602824434e+01 1 1 1 0.0 0.0 0.0
Se 1.490596524443e+01 3.656991290769e+01 1.614602824434e+01 1 1 1 0.0 0.0 0.0
Se 1.530326406096e+01 4.001062158626e+01 1.614602824434e+01 1 1 1 0.0 0.0 0.0
Se 1.570056287749e+01 4.345133026483e+01 1.614602824434e+01 1 1 1 0.0 0.0 0.0
Se 1.609786169403e+01 4.689203894340e+01 1.614602824434e+01 1 1 1 0.0 0.0 0.0
Se 1.649516051056e+01 5.033274762197e+01 1.614602824434e+01 1 1 1 0.0 0.0 0.0
Se 7.754586548054e+00 7.865426505698e-01 1.614602824434e+01 1 1 1 0.0 0.0 0.0
Se 8.151885364587e+00 4.227251329139e+00 1.614602824434e+01 1 1 1 0.0 0.0 0.0
Se 8.549184181120e+00 7.667960007709e+00 1.614602824434e+01 1 1 1 0.0 0.0 0.0
Se 8.946482997653e+00 1.110866868628e+01 1.614602824434e+01 1 1 1 0.0 0.0 0.0
Se 9.343781814186e+00 1.454937736485e+01 1.614602824434e+01 1 1 1 0.0 0.0 0.0
Se 9.741080630719e+00 1.799008604342e+01 1.614602824434e+01 1 1 1 0.0 0.0 0.0
Se 1.013837944725e+01 2.143079472199e+01 1.614602824434e+01 1 1 1 0.0 0.0 0.0
Se 1.053567826379e+01 2.487150340056e+01 1.614602824434e+01 1 1 1 0.0 0.0 0.0
Se 1.093297708032e+01 2.831221207913e+01 1.614602824434e+01 1 1 1 0.0 0.0 0.0
Se 1.133027589685e+01 3.175292075770e+01 1.614602824434e+01 1 1 1 0.0 0.0 0.0
Se 1.172757471338e+01 3.519362943626e+01 1.614602824434e+01 1 1 1 0.0 0.0 0.0
Se 1.212487352992e+01 3.863433811483e+01 1.614602824434e+01 1 1 1 0.0 0.0 0.0
Se 1.252217234645e+01 4.207504679340e+01 1.614602824434e+01 1 1 1 0.0 0.0 0.0
Se 1.291947116298e+01 4.551575547197e+01 1.614602824434e+01 1 1 1 0.0 0.0 0.0
Se 1.331676997952e+01 4.895646415054e+01 1.614602824434e+01 1 1 1 0.0 0.0 0.0
Se 1.371406879605e+01 5.239717282911e+01 1.614602824434e+01 1 1 1 0.0 0.0 0.0
Se 4.973494833543e+00 2.850967857712e+00 1.614602824434e+01 1 1 1 0.0 0.0 0.0
Se 5.370793650076e+00 6.291676536281e+00 1.614602824434e+01 1 1 1 0.0 0.0 0.0
Se 5.768092466609e+00 9.732385214851e+00 1.614602824434e+01 1 1 1 0.0 0.0 0.0
Se 6.165391283142e+00 1.317309389342e+01 1.614602824434e+01 1 1 1 0.0 0.0 0.0
Se 6.562690099675e+00 1.661380257199e+01 1.614602824434e+01 1 1 1 0.0 0.0 0.0
Se 6.959988916208e+00 2.005451125056e+01 1.614602824434e+01 1 1 1 0.0 0.0 0.0
Se 7.357287732742e+00 2.349521992913e+01 1.614602824434e+01 1 1 1 0.0 0.0 0.0
Se 7.754586549275e+00 2.693592860770e+01 1.614602824434e+01 1 1 1 0.0 0.0 0.0
Se 8.151885365808e+00 3.037663728627e+01 1.614602824434e+01 1 1 1 0.0 0.0 0.0
Se 8.549184182341e+00 3.381734596484e+01 1.614602824434e+01 1 1 1 0.0 0.0 0.0
Se 8.946482998874e+00 3.725805464341e+01 1.614602824434e+01 1 1 1 0.0 0.0 0.0
Se 9.343781815407e+00 4.069876332198e+01 1.614602824434e+01 1 1 1 0.0 0.0 0.0
Se 9.741080631940e+00 4.413947200055e+01 1.614602824434e+01 1 1 1 0.0 0.0 0.0
Se 1.013837944847e+01 4.758018067912e+01 1.614602824434e+01 1 1 1 0.0 0.0 0.0
Se 1.053567826501e+01 5.102088935768e+01 1.614602824434e+01 1 1 1 0.0 0.0 0.0
Se 1.795104302500e+00 1.474684386284e+00 1.614602824434e+01 1 1 1 0.0 0.0 0.0
Se 2.192403119033e+00 4.915393064853e+00 1.614602824434e+01 1 1 1 0.0 0.0 0.0
Se 2.589701935566e+00 8.356101743423e+00 1.614602824434e+01 1 1 1 0.0 0.0 0.0
Se 2.987000752099e+00 1.179681042199e+01 1.614602824434e+01 1 1 1 0.0 0.0 0.0
Se 3.384299568632e+00 1.523751910056e+01 1.614602824434e+01 1 1 1 0.0 0.0 0.0
Se 3.781598385165e+00 1.867822777913e+01 1.614602824434e+01 1 1 1 0.0 0.0 0.0
Se 4.178897201698e+00 2.211893645770e+01 1.614602824434e+01 1 1 1 0.0 0.0 0.0
Se 4.576196018231e+00 2.555964513627e+01 1.614602824434e+01 1 1 1 0.0 0.0 0.0
Se 4.973494834764e+00 2.900035381484e+01 1.614602824434e+01 1 1 1 0.0 0.0 0.0
Se 5.370793651297e+00 3.244106249341e+01 1.614602824434e+01 1 1 1 0.0 0.0 0.0
Se 5.768092467830e+00 3.588177117198e+01 1.614602824434e+01 1 1 1 0.0 0.0 0.0
Se 6.165391284363e+00 3.932247985055e+01 1.614602824434e+01 1 1 1 0.0 0.0 0.0
Se 6.562690100896e+00 4.276318852912e+01 1.614602824434e+01 1 1 1 0.0 0.0 0.0
Se 6.959988917429e+00 4.620389720769e+01 1.614602824434e+01 1 1 1 0.0 0.0 0.0
Se 7.357287733962e+00 4.964460588626e+01 1.614602824434e+01 1 1 1 0.0 0.0 0.0
Se 7.754586550495e+00 5.308531456483e+01 1.614602824434e+01 1 1 1 0.0 0.0 0.0
Se 1.371406879361e+01 9.840091485590e-02 1.614602824434e+01 1 1 1 0.0 0.0 0.0
Se 1.411136761014e+01 3.539109593425e+00 1.614602824434e+01 1 1 1 0.0 0.0 0.0
Se 1.450866642667e+01 6.979818271995e+00 1.614602824434e+01 1 1 1 0.0 0.0 0.0
Se 1.490596524321e+01 1.042052695056e+01 1.614602824434e+01 1 1 1 0.0 0.0 0.0
Se 1.530326405974e+01 1.386123562913e+01 1.614602824434e+01 1 1 1 0.0 0.0 0.0
Se 1.570056287627e+01 1.730194430770e+01 1.614602824434e+01 1 1 1 0.0 0.0 0.0
Se 1.609786169281e+01 2.074265298627e+01 1.614602824434e+01 1 1 1 0.0 0.0 0.0
Se 1.649516050934e+01 2.418336166484e+01 1.614602824434e+01 1 1 1 0.0 0.0 0.0
Se 1.795104303720e+00 2.762407034341e+01 1.614602824434e+01 1 1 1 0.0 0.0 0.0
Se 2.192403120253e+00 3.106477902198e+01 1.614602824434e+01 1 1 1 0.0 0.0 0.0
Se 2.589701936786e+00 3.450548770055e+01 1.614602824434e+01 1 1 1 0.0 0.0 0.0
Se 2.987000753319e+00 3.794619637912e+01 1.614602824434e+01 1 1 1 0.0 0.0 0.0
Se 3.384299569852e+00 4.138690505769e+01 1.614602824434e+01 1 1 1 0.0 0.0 0.0
Se 3.781598386385e+00 4.482761373626e+01 1.614602824434e+01 1 1 1 0.0 0.0 0.0
Se 4.178897202918e+00 4.826832241483e+01 1.614602824434e+01 1 1 1 0.0 0.0 0.0
Se 4.576196019451e+00 5.170903109340e+01 1.614602824434e+01 1 1 1 0.0 0.0 0.0
Se 9.732304253465e+00 5.592987729714e-01 1.336443756309e+01 1 1 1 0.0 0.0 0.0
Se 1.012960307000e+01 4.000007451541e+00 1.336443756309e+01 1 1 1 0.0 0.0 0.0
Se 1.052690188653e+01 7.440716130110e+00 1.336443756309e+01 1 1 1 0.0 0.0 0.0
Se 1.092420070306e+01 1.088142480868e+01 1.336443756309e+01 1 1 1 0.0 0.0 0.0
Se 1.132149951960e+01 1.432213348725e+01 1.336443756309e+01 1 1 1 0.0 0.0 0.0
Se 1.171879833613e+01 1.776284216582e+01 1.336443756309e+01 1 1 1 0.0 0.0 0.0
Se 1.211609715266e+01 2.120355084439e+01 1.336443756309e+01 1 1 1 0.0 0.0 0.0
Se 1.251339596920e+01 2.464425952296e+01 1.336443756309e+01 1 1 1 0.0 0.0 0.0
Se 1.291069478573e+01 2.808496820153e+01 1.336443756309e+01 1 1 1 0.0 0.0 0.0
Se 1.330799360226e+01 3.152567688010e+01 1.336443756309e+01 1 1 1 0.0 0.0 0.0
Se 1.370529241880e+01 3.496638555867e+01 1.336443756309e+01 1 1 1 0.0 0.0 0.0
Se 1.410259123533e+01 3.840709423724e+01 1.336443756309e+01 1 1 1 0.0 0.0 0.0
Se 1.449989005186e+01 4.184780291581e+01 1.336443756309e+01 1 1 1 0.0 0.0 0.0
Se 1.489718886839e+01 4.528851159437e+01 1.336443756309e+01 1 1 1 0.0 0.0 0.0
Se 1.529448768493e+01 4.872922027294e+01 1.336443756309e+01 1 1 1 0.0 0.0 0.0
Se 9.732304255906e+00 5.285807068723e+01 1.336443756309e+01 1 1 1 0.0 0.0 0.0
Se 6.951212538954e+00 2.623723980113e+00 1.336443756309e+01 1 1 1 0.0 0.0 0.0
Se 7.348511355488e+00 6.064432658683e+00 1.336443756309e+01 1 1 1 0.0 0.0 0.0
Se 7.745810172021e+00 9.505141337252e+00 1.336443756309e+01 1 1 1 0.0 0.0 0.0
Se 8.143108988554e+00 1.294585001582e+01 1.336443756309e+01 1 1 1 0.0 0.0 0.0
Se 8.540407805087e+00 1.638655869439e+01 1.336443756309e+01 1 1 1 0.0 0.0 0.0
Se 8.937706621620e+00 1.982726737296e+01 1.336443756309e+01 1 1 1 0.0 0.0 0.0
Se 9.335005438153e+00 2.326797605153e+01 1.336443756309e+01 1 1 1 0.0 0.0 0.0
Se 9.732304254686e+00 2.670868473010e+01 1.336443756309e+01 1 1 1 0.0 0.0 0.0
Se 1.012960307122e+01 3.014939340867e+01 1.336443756309e+01 1 1 1 0.0 0.0 0.0
Se 1.052690188775e+01 3.359010208724e+01 1.336443756309e+01 1 1 1 0.0 0.0 0.0
Se 1.092420070428e+01 3.703081076581e+01 1.336443756309e+01 1 1 1 0.0 0.0 0.0
Se 1.132149952082e+01 4.047151944438e+01 1.336443756309e+01 1 1 1 0.0 0.0 0.0
Se 1.171879833735e+01 4.391222812295e+01 1.336443756309e+01 1 1 1 0.0 0.0 0.0
Se 1.211609715388e+01 4.735293680152e+01 1.336443756309e+01 1 1 1 0.0 0.0 0.0
Se 1.251339597042e+01 5.079364548009e+01 1.336443756309e+01 1 1 1 0.0 0.0 0.0
Se 3.772822007911e+00 1.247440508685e+00 1.336443756309e+01 1 1 1 0.0 0.0 0.0
Se 4.170120824444e+00 4.688149187255e+00 1.336443756309e+01 1 1 1 0.0 0.0 0.0
Se 4.567419640977e+00 8.128857865824e+00 1.336443756309e+01 1 1 1 0.0 0.0 0.0
Se 4.964718457510e+00 1.156956654439e+01 1.336443756309e+01 1 1 1 0.0 0.0 0.0
Se 5.362017274043e+00 1.501027522296e+01 1.336443756309e+01 1 1 1 0.0 0.0 0.0
Se 5.759316090576e+00 1.845098390153e+01 1.336443756309e+01 1 1 1 0.0 0.0 0.0
Se 6.156614907109e+00 2.189169258010e+01 1.336443756309e+01 1 1 1 0.0 0.0 0.0
Se 6.553913723642e+00 2.533240125867e+01 1.336443756309e+01 1 1 1 0.0 0.0 0.0
Se 6.951212540175e+00 2.877310993724e+01 1.336443756309e+01 1 1 1 0.0 0.0 0.0
Se 7.348511356708e+00 3.221381861581e+01 1.336443756309e+01 1 1 1 0.0 0.0 0.0
Se 7.745810173241e+00 3.565452729438e+01 1.336443756309e+01 1 1 1 0.0 0.0 0.0
Se 8.143108989774e+00 3.909523597295e+01 1.336443756309e+01 1 1 1 0.0 0.0 0.0
Se 8.540407806307e+00 4.253594465152e+01 1.336443756309e+01 1 1 1 0.0 0.0 0.0
Se 8.937706622840e+00 4.597665333009e+01 1.336443756309e+01 1 1 1 0.0 0.0 0.0
Se 9.335005439373e+00 4.941736200866e+01 1.336443756309e+01 1 1 1 0.0 0.0 0.0
Se 3.772822010352e+00 5.354621242294e+01 1.336443756309e+01 1 1 1 0.0 0.0 0.0
Se 9.917302934001e-01 3.311865715827e+00 1.336443756309e+01 1 1 1 0.0 0.0 0.0
Se 1.389029109933e+00 6.752574394397e+00 1.336443756309e+01 1 1 1 0.0 0.0 0.0
Se 1.786327926466e+00 1.019328307297e+01 1.336443756309e+01 1 1 1 0.0 0.0 0.0
Se 2.183626742999e+00 1.363399175154e+01 1.336443756309e+01 1 1 1 0.0 0.0 0.0
Se 2.580925559532e+00 1.707470043011e+01 1.336443756309e+01 1 1 1 0.0 0.0 0.0
Se 2.978224376065e+00 2.051540910867e+01 1.336443756309e+01 1 1 1 0.0 0.0 0.0
Se 3.375523192598e+00 2.395611778724e+01 1.336443756309e+01 1 1 1 0.0 0.0 0.0
Se 3.772822009131e+00 2.739682646581e+01 1.336443756309e+01 1 1 1 0.0 0.0 0.0
Se 4.170120825664e+00 3.083753514438e+01 1.336443756309e+01 1 1 1 0.0 0.0 0.0
Se 4.567419642197e+00 3.427824382295e+01 1.336443756309e+01 1 1 1 0.0 0.0 0.0
Se 4.964718458730e+00 3.771895250152e+01 1.336443756309e+01 1 1 1 0.0 0.0 0.0
Se 5.362017275263e+00 4.115966118009e+01 1.336443756309e+01 1 1 1 0.0 0.0 0.0
Se 5.759316091797e+00 4.460036985866e+01 1.336443756309e+01 1 1 1 0.0 0.0 0.0
Se 6.156614908330e+00 4.804107853723e+01 1.336443756309e+01 1 1 1 0.0 0.0 0.0
Se 6.553913724863e+00 5.148178721580e+01 1.336443756309e+01 1 1 1 0.0 0.0 0.0
Se 1.569178650146e+01 5.216992895151e+01 1.336443756309e+01 1 1 1 0.0 0.0 0.0
Se 1.291069478451e+01 1.935582244399e+00 1.336443756309e+01 1 1 1 0.0 0.0 0.0
Se 1.330799360104e+01 5.376290922969e+00 1.336443756309e+01 1 1 1 0.0 0.0 0.0
Se 1.370529241757e+01 8.816999601538e+00 1.336443756309e+01 1 1 1 0.0 0.0 0.0
Se 1.410259123411e+01 1.225770828011e+01 1.336443756309e+01 1 1 1 0.0 0.0 0.0
Se 1.449989005064e+01 1.569841695868e+01 1.336443756309e+01 1 1 1 0.0 0.0 0.0
Se 1.489718886717e+01 1.913912563725e+01 1.336443756309e+01 1 1 1 0.0 0.0 0.0
Se 1.529448768371e+01 2.257983431582e+01 1.336443756309e+01 1 1 1 0.0 0.0 0.0
Se 1.569178650024e+01 2.602054299439e+01 1.336443756309e+01 1 1 1 0.0 0.0 0.0
Se 1.608908531677e+01 2.946125167296e+01 1.336443756309e+01 1 1 1 0.0 0.0 0.0
Se 1.648638413331e+01 3.290196035152e+01 1.336443756309e+01 1 1 1 0.0 0.0 0.0
Se 1.688368294984e+01 3.634266903009e+01 1.336443756309e+01 1 1 1 0.0 0.0 0.0
Se 1.728098176637e+01 3.978337770866e+01 1.336443756309e+01 1 1 1 0.0 0.0 0.0
Se 2.580925560753e+00 4.322408638723e+01 1.336443756309e+01 1 1 1 0.0 0.0 0.0
Se 2.978224377286e+00 4.666479506580e+01 1.336443756309e+01 1 1 1 0.0 0.0 0.0
Se 3.375523193819e+00 5.010550374437e+01 1.336443756309e+01 1 1 1 0.0 0.0 0.0
Se 1.093397272873e+01 2.163183842429e+00 1.951046802998e+01 1 1 1 0.0 0.0 0.0
Se 1.133127154526e+01 5.603892520999e+00 1.951046802998e+01 1 1 1 0.0 0.0 0.0
Se 1.172857036179e+01 9.044601199568e+00 1.951046802998e+01 1 1 1 0.0 0.0 0.0
Se 1.212586917833e+01 1.248530987814e+01 1.951046802998e+01 1 1 1 0.0 0.0 0.0
Se 1.252316799486e+01 1.592601855671e+01 1.951046802998e+01 1 1 1 0.0 0.0 0.0
Se 1.292046681139e+01 1.936672723528e+01 1.951046802998e+01 1 1 1 0.0 0.0 0.0
Se 1.331776562793e+01 2.280743591385e+01 1.951046802998e+01 1 1 1 0.0 0.0 0.0
Se 1.371506444446e+01 2.624814459242e+01 1.951046802998e+01 1 1 1 0.0 0.0 0.0
Se 1.411236326099e+01 2.968885327099e+01 1.951046802998e+01 1 1 1 0.0 0.0 0.0
Se 1.450966207752e+01 3.312956194955e+01 1.951046802998e+01 1 1 1 0.0 0.0 0.0
Se 1.490696089406e+01 3.657027062812e+01 1.951046802998e+01 1 1 1 0.0 0.0 0.0
Se 1.530425971059e+01 4.001097930669e+01 1.951046802998e+01 1 1 1 0.0 0.0 0.0
Se 1.570155852712e+01 4.345168798526e+01 1.951046802998e+01 1 1 1 0.0 0.0 0.0
Se 1.609885734366e+01 4.689239666383e+01 1.951046802998e+01 1 1 1 0.0 0.0 0.0
Se 1.649615616019e+01 5.033310534240e+01 1.951046802998e+01 1 1 1 0.0 0.0 0.0
Se 7.755582197683e+00 7.869003710012e-01 1.951046802998e+01 1 1 1 0.0 0.0 0.0
Se 8.152881014216e+00 4.227609049571e+00 1.951046802998e+01 1 1 1 0.0 0.0 0.0
Se 8.550179830749e+00 7.668317728140e+00 1.951046802998e+01 1 1 1 0.0 0.0 0.0
Se 8.947478647282e+00 1.110902640671e+01 1.951046802998e+01 1 1 1 0.0 0.0 0.0
Se 9.344777463815e+00 1.454973508528e+01 1.951046802998e+01 1 1 1 0.0 0.0 0.0
Se 9.742076280348e+00 1.799044376385e+01 1.951046802998e+01 1 1 1 0.0 0.0 0.0
Se 1.013937509688e+01 2.143115244242e+01 1.951046802998e+01 1 1 1 0.0 0.0 0.0
Se 1.053667391341e+01 2.487186112099e+01 1.951046802998e+01 1 1 1 0.0 0.0 0.0
Se 1.093397272995e+01 2.831256979956e+01 1.951046802998e+01 1 1 1 0.0 0.0 0.0
Se 1.133127154648e+01 3.175327847813e+01 1.951046802998e+01 1 1 1 0.0 0.0 0.0
Se 1.172857036301e+01 3.519398715670e+01 1.951046802998e+01 1 1 1 0.0 0.0 0.0
Se 1.212586917955e+01 3.863469583527e+01 1.951046802998e+01 1 1 1 0.0 0.0 0.0
Se 1.252316799608e+01 4.207540451384e+01 1.951046802998e+01 1 1 1 0.0 0.0 0.0
Se 1.292046681261e+01 4.551611319240e+01 1.951046802998e+01 1 1 1 0.0 0.0 0.0
Se 1.331776562915e+01 4.895682187097e+01 1.951046802998e+01 1 1 1 0.0 0.0 0.0
Se 1.371506444568e+01 5.239753054954e+01 1.951046802998e+01 1 1 1 0.0 0.0 0.0
Se 4.974490483172e+00 2.851325578143e+00 1.951046802998e+01 1 1 1 0.0 0.0 0.0
Se 5.371789299705e+00 6.292034256712e+00 1.951046802998e+01 1 1 1 0.0 0.0 0.0
Se 5.769088116238e+00 9.732742935282e+00 1.951046802998e+01 1 1 1 0.0 0.0 0.0
Se 6.166386932771e+00 1.317345161385e+01 1.951046802998e+01 1 1 1 0.0 0.0 0.0
Se 6.563685749305e+00 1.661416029242e+01 1.951046802998e+01 1 1 1 0.0 0.0 0.0
Se 6.960984565838e+00 2.005486897099e+01 1.951046802998e+01 1 1 1 0.0 0.0 0.0
Se 7.358283382371e+00 2.349557764956e+01 1.951046802998e+01 1 1 1 0.0 0.0 0.0
Se 7.755582198904e+00 2.693628632813e+01 1.951046802998e+01 1 1 1 0.0 0.0 0.0
Se 8.152881015437e+00 3.037699500670e+01 1.951046802998e+01 1 1 1 0.0 0.0 0.0
Se 8.550179831970e+00 3.381770368527e+01 1.951046802998e+01 1 1 1 0.0 0.0 0.0
Se 8.947478648503e+00 3.725841236384e+01 1.951046802998e+01 1 1 1 0.0 0.0 0.0
Se 9.344777465036e+00 4.069912104241e+01 1.951046802998e+01 1 1 1 0.0 0.0 0.0
Se 9.742076281569e+00 4.413982972098e+01 1.951046802998e+01 1 1 1 0.0 0.0 0.0
Se 1.013937509810e+01 4.758053839955e+01 1.951046802998e+01 1 1 1 0.0 0.0 0.0
Se 1.053667391463e+01 5.102124707812e+01 1.951046802998e+01 1 1 1 0.0 0.0 0.0
Se 1.796099952129e+00 1.475042106715e+00 1.951046802998e+01 1 1 1 0.0 0.0 0.0
Se 2.193398768662e+00 4.915750785285e+00 1.951046802998e+01 1 1 1 0.0 0.0 0.0
Se 2.590697585195e+00 8.356459463854e+00 1.951046802998e+01 1 1 1 0.0 0.0 0.0
Se 2.987996401728e+00 1.179716814242e+01 1.951046802998e+01 1 1 1 0.0 0.0 0.0
Se 3.385295218261e+00 1.523787682099e+01 1.951046802998e+01 1 1 1 0.0 0.0 0.0
Se 3.782594034794e+00 1.867858549956e+01 1.951046802998e+01 1 1 1 0.0 0.0 0.0
Se 4.179892851327e+00 2.211929417813e+01 1.951046802998e+01 1 1 1 0.0 0.0 0.0
Se 4.577191667860e+00 2.556000285670e+01 1.951046802998e+01 1 1 1 0.0 0.0 0.0
Se 4.974490484393e+00 2.900071153527e+01 1.951046802998e+01 1 1 1 0.0 0.0 0.0
Se 5.371789300926e+00 3.244142021384e+01 1.951046802998e+01 1 1 1 0.0 0.0 0.0
Se 5.769088117459e+00 3.588212889241e+01 1.951046802998e+01 1 1 1 0.0 0.0 0.0
Se 6.166386933992e+00 3.932283757098e+01 1.951046802998e+01 1 1 1 0.0 0.0 0.0
Se 6.563685750525e+00 4.276354624955e+01 1.951046802998e+01 1 1 1 0.0 0.0 0.0
Se 6.960984567058e+00 4.620425492812e+01 1.951046802998e+01 1 1 1 0.0 0.0 0.0
Se 7.358283383591e+00 4.964496360669e+01 1.951046802998e+01 1 1 1 0.0 0.0 0.0
Se 7.755582200124e+00 5.308567228526e+01 1.951046802998e+01 1 1 1 0.0 0.0 0.0
Se 1.371506444324e+01 9.875863528733e-02 1.951046802998e+01 1 1 1 0.0 0.0 0.0
Se 1.411236325977e+01 3.539467313857e+00 1.951046802998e+01 1 1 1 0.0 0.0 0.0
Se 1.450966207630e+01 6.980175992426e+00 1.951046802998e+01 1 1 1 0.0 0.0 0.0
Se 1.490696089284e+01 1.042088467100e+01 1.951046802998e+01 1 1 1 0.0 0.0 0.0
Se 1.530425970937e+01 1.386159334957e+01 1.951046802998e+01 1 1 1 0.0 0.0 0.0
Se 1.570155852590e+01 1.730230202813e+01 1.951046802998e+01 1 1 1 0.0 0.0 0.0
Se 1.609885734244e+01 2.074301070670e+01 1.951046802998e+01 1 1 1 0.0 0.0 0.0
Se 1.649615615897e+01 2.418371938527e+01 1.951046802998e+01 1 1 1 0.0 0.0 0.0
Se 1.796099953349e+00 2.762442806384e+01 1.951046802998e+01 1 1 1 0.0 0.0 0.0
Se 2.193398769882e+00 3.106513674241e+01 1.951046802998e+01 1 1 1 0.0 0.0 0.0
Se 2.590697586415e+00 3.450584542098e+01 1.951046802998e+01 1 1 1 0.0 0.0 0.0
Se 2.987996402948e+00 3.794655409955e+01 1.951046802998e+01 1 1 1 0.0 0.0 0.0
Se 3.385295219481e+00 4.138726277812e+01 1.951046802998e+01 1 1 1 0.0 0.0 0.0
Se 3.782594036014e+00 4.482797145669e+01 1.951046802998e+01 1 1 1 0.0 0.0 0.0
Se 4.179892852547e+00 4.826868013526e+01 1.951046802998e+01 1 1 1 0.0 0.0 0.0
Se 4.577191669080e+00 5.170938881383e+01 1.951046802998e+01 1 1 1 0.0 0.0 0.0
Se 7.169985791429e+00 4.928721339558e+01 3.998930533072e+01 1 1 1 0.0 0.0 0.0
Se 1.121793599603e+01 5.029995028965e+01 3.998930533072e+01 1 1 1 0.0 0.0 0.0
Se 1.526588620062e+01 5.131268718372e+01 3.998930533072e+01 1 1 1 0.0 0.0 0.0
Se 6.075539995195e+00 4.523626581931e+01 3.998930533072e+01 1 1 1 0.0 0.0 0.0
Se 1.012349019979e+01 4.624900271338e+01 3.998930533072e+01 1 1 1 0.0 0.0 0.0
Se 1.417144040439e+01 4.726173960744e+01 3.998930533072e+01 1 1 1 0.0 0.0 0.0
Se 3.122035586832e+00 4.827447650151e+01 3.998930533072e+01 1 1 1 0.0 0.0 0.0
Se 4.981094198961e+00 4.118531824303e+01 3.998930533072e+01 1 1 1 0.0 0.0 0.0
Se 9.029044403558e+00 4.219805513710e+01 3.998930533072e+01 1 1 1 0.0 0.0 0.0
Se 1.307699460815e+01 4.321079203117e+01 3.998930533072e+01 1 1 1 0.0 0.0 0.0
Se 1.712494481275e+01 4.422352892524e+01 3.998930533072e+01 1 1 1 0.0 0.0 0.0
Se 3.886648402727e+00 3.713437066675e+01 3.998930533072e+01 1 1 1 0.0 0.0 0.0
Se 7.934598607324e+00 3.814710756082e+01 3.998930533072e+01 1 1 1 0.0 0.0 0.0
Se 1.198254881192e+01 3.915984445489e+01 3.998930533072e+01 1 1 1 0.0 0.0 0.0
Se 1.603049901652e+01 4.017258134896e+01 3.998930533072e+01 1 1 1 0.0 0.0 0.0
Se 6.840152811090e+00 3.409615998454e+01 3.998930533072e+01 1 1 1 0.0 0.0 0.0
Se 1.088810301569e+01 3.510889687861e+01 3.998930533072e+01 1 1 1 0.0 0.0 0.0
Se 1.493605322028e+01 3.612163377268e+01 3.998930533072e+01 1 1 1 0.0 0.0 0.0
Se 5.745707014856e+00 3.004521240826e+01 3.998930533072e+01 1 1 1 0.0 0.0 0.0
Se 9.793657219452e+00 3.105794930233e+01 3.998930533072e+01 1 1 1 0.0 0.0 0.0
Se 1.384160742405e+01 3.207068619640e+01 3.998930533072e+01 1 1 1 0.0 0.0 0.0
Se 2.792202606493e+00 3.308342309047e+01 3.998930533072e+01 1 1 1 0.0 0.0 0.0
Se 4.651261218622e+00 2.599426483199e+01 3.998930533072e+01 1 1 1 0.0 0.0 0.0
Se 8.699211423218e+00 2.700700172605e+01 3.998930533072e+01 1 1 1 0.0 0.0 0.0
Se 1.274716162782e+01 2.801973862012e+01 3.998930533072e+01 1 1 1 0.0 0.0 0.0
Se 1.679511183241e+01 2.903247551419e+01 3.998930533072e+01 1 1 1 0.0 0.0 0.0
Se 3.556815422388e+00 2.194331725571e+01 3.998930533072e+01 1 1 1 0.0 0.0 0.0
Se 7.604765626985e+00 2.295605414978e+01 3.998930533072e+01 1 1 1 0.0 0.0 0.0
Se 1.165271583158e+01 2.396879104385e+01 3.998930533072e+01 1 1 1 0.0 0.0 0.0
Se 1.570066603618e+01 2.498152793792e+01 3.998930533072e+01 1 1 1 0.0 0.0 0.0
Se 2.462369626154e+00 1.789236967943e+01 3.998930533072e+01 1 1 1 0.0 0.0 0.0
Se 6.510319830751e+00 1.890510657350e+01 3.998930533072e+01 1 1 1 0.0 0.0 0.0
Se 1.055827003535e+01 1.991784346757e+01 3.998930533072e+01 1 1 1 0.0 0.0 0.0
Se 1.460622023994e+01 2.093058036164e+01 3.998930533072e+01 1 1 1 0.0 0.0 0.0
Se 5.415874034517e+00 1.485415899722e+01 3.998930533072e+01 1 1 1 0.0 0.0 0.0
Se 9.463824239113e+00 1.586689589129e+01 3.998930533072e+01 1 1 1 0.0 0.0 0.0
Se 1.351177444371e+01 1.687963278536e+01 3.998930533072e+01 1 1 1 0.0 0.0 0.0
Se 4.321428238283e+00 1.080321142094e+01 3.998930533072e+01 1 1 1 0.0 0.0 0.0
Se 8.369378442879e+00 1.181594831501e+01 3.998930533072e+01 1 1 1 0.0 0.0 0.0
Se 1.241732864748e+01 1.282868520908e+01 3.998930533072e+01 1 1 1 0.0 0.0 0.0
Se 1.367923829920e+00 1.384142210315e+01 3.998930533072e+01 1 1 1 0.0 0.0 0.0
Se 3.226982442049e+00 6.752263844664e+00 3.998930533072e+01 1 1 1 0.0 0.0 0.0
Se 7.274932646646e+00 7.765000738734e+00 3.998930533072e+01 1 1 1 0.0 0.0 0.0
Se 1.132288285124e+01 8.777737632803e+00 3.998930533072e+01 1 1 1 0.0 0.0 0.0
Se 1.537083305584e+01 9.790474526873e+00 3.998930533072e+01 1 1 1 0.0 0.0 0.0
Se 2.132536645815e+00 2.701316268386e+00 3.998930533072e+01 1 1 1 0.0 0.0 0.0
Se 6.180486850412e+00 3.714053162456e+00 3.998930533072e+01 1 1 1 0.0 0.0 0.0
Se 1.022843705501e+01 4.726790056525e+00 3.998930533072e+01 1 1 1 0.0 0.0 0.0
Se 1.427638725960e+01 5.739526950595e+00 3.998930533072e+01 1 1 1 0.0 0.0 0.0
Se 4.216481383066e+00 5.232542407779e+01 3.998930533072e+01 1 1 1 0.0 0.0 0.0
Se 8.264431587663e+00 5.333816097186e+01 3.998930533072e+01 1 1 1 0.0 0.0 0.0
Se 9.133991258774e+00 6.758424802473e-01 3.998930533072e+01 1 1 1 0.0 0.0 0.0
Se 1.318194146337e+01 1.688579374317e+00 3.998930533072e+01 1 1 1 0.0 0.0 0.0
Se 5.477927968064e+00 4.762951544879e+01 3.635172086532e+01 1 1 1 0.0 0.0 0.0
Se 9.525878172661e+00 4.864225234286e+01 3.635172086532e+01 1 1 1 0.0 0.0 0.0
Se 1.357382837726e+01 4.965498923693e+01 3.635172086532e+01 1 1 1 0.0 0.0 0.0
Se 4.383482171830e+00 4.357856787251e+01 3.635172086532e+01 1 1 1 0.0 0.0 0.0
Se 8.431432376427e+00 4.459130476658e+01 3.635172086532e+01 1 1 1 0.0 0.0 0.0
Se 1.247938258102e+01 4.560404166065e+01 3.635172086532e+01 1 1 1 0.0 0.0 0.0
Se 1.652733278562e+01 4.661677855472e+01 3.635172086532e+01 1 1 1 0.0 0.0 0.0
Se 3.289036375597e+00 3.952762029623e+01 3.635172086532e+01 1 1 1 0.0 0.0 0.0
Se 7.336986580193e+00 4.054035719030e+01 3.635172086532e+01 1 1 1 0.0 0.0 0.0
Se 1.138493678479e+01 4.155309408437e+01 3.635172086532e+01 1 1 1 0.0 0.0 0.0
Se 1.543288698939e+01 4.256583097844e+01 3.635172086532e+01 1 1 1 0.0 0.0 0.0
Se 2.194590579363e+00 3.547667271995e+01 3.635172086532e+01 1 1 1 0.0 0.0 0.0
Se 6.242540783959e+00 3.648940961402e+01 3.635172086532e+01 1 1 1 0.0 0.0 0.0
Se 1.029049098856e+01 3.750214650809e+01 3.635172086532e+01 1 1 1 0.0 0.0 0.0
Se 1.433844119315e+01 3.851488340216e+01 3.635172086532e+01 1 1 1 0.0 0.0 0.0
Se 5.148094987725e+00 3.243846203774e+01 3.635172086532e+01 1 1 1 0.0 0.0 0.0
Se 9.196045192322e+00 3.345119893181e+01 3.635172086532e+01 1 1 1 0.0 0.0 0.0
Se 1.324399539692e+01 3.446393582588e+01 3.635172086532e+01 1 1 1 0.0 0.0 0.0
Se 4.053649191491e+00 2.838751446147e+01 3.635172086532e+01 1 1 1 0.0 0.0 0.0
Se 8.101599396088e+00 2.940025135554e+01 3.635172086532e+01 1 1 1 0.0 0.0 0.0
Se 1.214954960068e+01 3.041298824960e+01 3.635172086532e+01 1 1 1 0.0 0.0 0.0
Se 1.619749980528e+01 3.142572514367e+01 3.635172086532e+01 1 1 1 0.0 0.0 0.0
Se 2.959203395258e+00 2.433656688519e+01 3.635172086532e+01 1 1 1 0.0 0.0 0.0
Se 7.007153599854e+00 2.534930377926e+01 3.635172086532e+01 1 1 1 0.0 0.0 0.0
Se 1.105510380445e+01 2.636204067333e+01 3.635172086532e+01 1 1 1 0.0 0.0 0.0
Se 1.510305400905e+01 2.737477756740e+01 3.635172086532e+01 1 1 1 0.0 0.0 0.0
Se 1.864757599024e+00 2.028561930891e+01 3.635172086532e+01 1 1 1 0.0 0.0 0.0
Se 5.912707803620e+00 2.129835620298e+01 3.635172086532e+01 1 1 1 0.0 0.0 0.0
Se 9.960658008217e+00 2.231109309705e+01 3.635172086532e+01 1 1 1 0.0 0.0 0.0
Se 1.400860821281e+01 2.332382999112e+01 3.635172086532e+01 1 1 1 0.0 0.0 0.0
Se 1.586766682494e+01 1.623467173263e+01 3.635172086532e+01 1 1 1 0.0 0.0 0.0
Se 4.818262007386e+00 1.724740862670e+01 3.635172086532e+01 1 1 1 0.0 0.0 0.0
Se 8.866212211983e+00 1.826014552077e+01 3.635172086532e+01 1 1 1 0.0 0.0 0.0
Se 1.291416241658e+01 1.927288241484e+01 3.635172086532e+01 1 1 1 0.0 0.0 0.0
Se 3.723816211152e+00 1.319646105042e+01 3.635172086532e+01 1 1 1 0.0 0.0 0.0
Se 7.771766415749e+00 1.420919794449e+01 3.635172086532e+01 1 1 1 0.0 0.0 0.0
Se 1.181971662035e+01 1.522193483856e+01 3.635172086532e+01 1 1 1 0.0 0.0 0.0
Se 2.629370414919e+00 9.145513474145e+00 3.635172086532e+01 1 1 1 0.0 0.0 0.0
Se 6.677320619515e+00 1.015825036821e+01 3.635172086532e+01 1 1 1 0.0 0.0 0.0
Se 1.072527082411e+01 1.117098726228e+01 3.635172086532e+01 1 1 1 0.0 0.0 0.0
Se 1.477322102871e+01 1.218372415635e+01 3.635172086532e+01 1 1 1 0.0 0.0 0.0
Se 1.534924618685e+00 5.094565897867e+00 3.635172086532e+01 1 1 1 0.0 0.0 0.0
Se 5.582874823281e+00 6.107302791936e+00 3.635172086532e+01 1 1 1 0.0 0.0 0.0
Se 9.630825027878e+00 7.120039686006e+00 3.635172086532e+01 1 1 1 0.0 0.0 0.0
Se 1.367877523247e+01 8.132776580075e+00 3.635172086532e+01 1 1 1 0.0 0.0 0.0
Se 4.404788224507e-01 1.043618321589e+00 3.635172086532e+01 1 1 1 0.0 0.0 0.0
Se 4.488429027047e+00 2.056355215658e+00 3.635172086532e+01 1 1 1 0.0 0.0 0.0
Se 8.536379231644e+00 3.069092109728e+00 3.635172086532e+01 1 1 1 0.0 0.0 0.0
Se 1.258432943624e+01 4.081829003797e+00 3.635172086532e+01 1 1 1 0.0 0.0 0.0
Se 1.762177858185e+01 5.066772613099e+01 3.635172086532e+01 1 1 1 0.0 0.0 0.0
Se 6.572373764298e+00 5.168046302506e+01 3.635172086532e+01 1 1 1 0.0 0.0 0.0
Se 1.062032396889e+01 5.269319991913e+01 3.635172086532e+01 1 1 1 0.0 0.0 0.0
Se 1.148988364001e+01 3.088142751921e-02 3.635172086532e+01 1 1 1 0.0 0.0 0.0
Se 7.798690091985e+00 4.695409903298e+01 3.271820175121e+01 1 1 1 0.0 0.0 0.0
Se 1.184664029658e+01 4.796683592705e+01 3.271820175121e+01 1 1 1 0.0 0.0 0.0
Se 1.589459050118e+01 4.897957282112e+01 3.271820175121e+01 1 1 1 0.0 0.0 0.0
Se 6.704244295751e+00 4.290315145670e+01 3.271820175121e+01 1 1 1 0.0 0.0 0.0
Se 1.075219450035e+01 4.391588835077e+01 3.271820175121e+01 1 1 1 0.0 0.0 0.0
Se 1.480014470494e+01 4.492862524484e+01 3.271820175121e+01 1 1 1 0.0 0.0 0.0
Se 3.750739887389e+00 4.594136213891e+01 3.271820175121e+01 1 1 1 0.0 0.0 0.0
Se 5.609798499517e+00 3.885220388042e+01 3.271820175121e+01 1 1 1 0.0 0.0 0.0
Se 9.657748704114e+00 3.986494077449e+01 3.271820175121e+01 1 1 1 0.0 0.0 0.0
Se 1.370569890871e+01 4.087767766856e+01 3.271820175121e+01 1 1 1 0.0 0.0 0.0
Se 2.656294091155e+00 4.189041456263e+01 3.271820175121e+01 1 1 1 0.0 0.0 0.0
Se 4.515352703283e+00 3.480125630414e+01 3.271820175121e+01 1 1 1 0.0 0.0 0.0
Se 8.563302907880e+00 3.581399319821e+01 3.271820175121e+01 1 1 1 0.0 0.0 0.0
Se 1.261125311248e+01 3.682673009228e+01 3.271820175121e+01 1 1 1 0.0 0.0 0.0
Se 1.665920331707e+01 3.783946698635e+01 3.271820175121e+01 1 1 1 0.0 0.0 0.0
Se 7.468857111646e+00 3.176304562193e+01 3.271820175121e+01 1 1 1 0.0 0.0 0.0
Se 1.151680731624e+01 3.277578251600e+01 3.271820175121e+01 1 1 1 0.0 0.0 0.0
Se 1.556475752084e+01 3.378851941007e+01 3.271820175121e+01 1 1 1 0.0 0.0 0.0
Se 6.374411315412e+00 2.771209804566e+01 3.271820175121e+01 1 1 1 0.0 0.0 0.0
Se 1.042236152001e+01 2.872483493973e+01 3.271820175121e+01 1 1 1 0.0 0.0 0.0
Se 1.447031172461e+01 2.973757183379e+01 3.271820175121e+01 1 1 1 0.0 0.0 0.0
Se 3.420906907049e+00 3.075030872786e+01 3.271820175121e+01 1 1 1 0.0 0.0 0.0
Se 5.279965519178e+00 2.366115046938e+01 3.271820175121e+01 1 1 1 0.0 0.0 0.0
Se 9.327915723775e+00 2.467388736345e+01 3.271820175121e+01 1 1 1 0.0 0.0 0.0
Se 1.337586592837e+01 2.568662425752e+01 3.271820175121e+01 1 1 1 0.0 0.0 0.0
Se 2.326461110816e+00 2.669936115159e+01 3.271820175121e+01 1 1 1 0.0 0.0 0.0
Se 4.185519722944e+00 1.961020289310e+01 3.271820175121e+01 1 1 1 0.0 0.0 0.0
Se 8.233469927541e+00 2.062293978717e+01 3.271820175121e+01 1 1 1 0.0 0.0 0.0
Se 1.228142013214e+01 2.163567668124e+01 3.271820175121e+01 1 1 1 0.0 0.0 0.0
Se 1.632937033673e+01 2.264841357531e+01 3.271820175121e+01 1 1 1 0.0 0.0 0.0
Se 3.091073926710e+00 1.555925531682e+01 3.271820175121e+01 1 1 1 0.0 0.0 0.0
Se 7.139024131307e+00 1.657199221089e+01 3.271820175121e+01 1 1 1 0.0 0.0 0.0
Se 1.118697433590e+01 1.758472910496e+01 3.271820175121e+01 1 1 1 0.0 0.0 0.0
Se 1.523492454050e+01 1.859746599903e+01 3.271820175121e+01 1 1 1 0.0 0.0 0.0
Se 6.044578335073e+00 1.252104463461e+01 3.271820175121e+01 1 1 1 0.0 0.0 0.0
Se 1.009252853967e+01 1.353378152868e+01 3.271820175121e+01 1 1 1 0.0 0.0 0.0
Se 1.414047874427e+01 1.454651842275e+01 3.271820175121e+01 1 1 1 0.0 0.0 0.0
Se 4.950132538839e+00 8.470097058335e+00 3.271820175121e+01 1 1 1 0.0 0.0 0.0
Se 8.998082743436e+00 9.482833952405e+00 3.271820175121e+01 1 1 1 0.0 0.0 0.0
Se 1.304603294803e+01 1.049557084647e+01 3.271820175121e+01 1 1 1 0.0 0.0 0.0
Se 1.996628130477e+00 1.150830774054e+01 3.271820175121e+01 1 1 1 0.0 0.0 0.0
Se 3.855686742605e+00 4.419149482057e+00 3.271820175121e+01 1 1 1 0.0 0.0 0.0
Se 7.903636947202e+00 5.431886376126e+00 3.271820175121e+01 1 1 1 0.0 0.0 0.0
Se 1.195158715180e+01 6.444623270196e+00 3.271820175121e+01 1 1 1 0.0 0.0 0.0
Se 9.021823342427e-01 7.457360164266e+00 3.271820175121e+01 1 1 1 0.0 0.0 0.0
Se 2.761240946371e+00 3.682019057789e-01 3.271820175121e+01 1 1 1 0.0 0.0 0.0
Se 6.809191150968e+00 1.380938799848e+00 3.271820175121e+01 1 1 1 0.0 0.0 0.0
Se 1.085714135556e+01 2.393675693918e+00 3.271820175121e+01 1 1 1 0.0 0.0 0.0
Se 1.490509156016e+01 3.406412587987e+00 3.271820175121e+01 1 1 1 0.0 0.0 0.0
Se 4.845185683622e+00 4.999230971519e+01 3.271820175121e+01 1 1 1 0.0 0.0 0.0
Se 8.893135888219e+00 5.100504660925e+01 3.271820175121e+01 1 1 1 0.0 0.0 0.0
Se 1.294108609282e+01 5.201778350332e+01 3.271820175121e+01 1 1 1 0.0 0.0 0.0
Se 1.698903629741e+01 5.303052039739e+01 3.271820175121e+01 1 1 1 0.0 0.0 0.0
Se 5.424175264631e+00 4.769347575984e+01 2.995146533993e+01 1 1 1 0.0 0.0 0.0
Se 9.472125469227e+00 4.870621265391e+01 2.995146533993e+01 1 1 1 0.0 0.0 0.0
Se 1.352007567382e+01 4.971894954798e+01 2.995146533993e+01 1 1 1 0.0 0.0 0.0
Se 4.329729468397e+00 4.364252818356e+01 2.995146533993e+01 1 1 1 0.0 0.0 0.0
Se 8.377679672993e+00 4.465526507763e+01 2.995146533993e+01 1 1 1 0.0 0.0 0.0
Se 1.242562987759e+01 4.566800197170e+01 2.995146533993e+01 1 1 1 0.0 0.0 0.0
Se 1.647358008219e+01 4.668073886577e+01 2.995146533993e+01 1 1 1 0.0 0.0 0.0
Se 3.235283672163e+00 3.959158060728e+01 2.995146533993e+01 1 1 1 0.0 0.0 0.0
Se 7.283233876759e+00 4.060431750135e+01 2.995146533993e+01 1 1 1 0.0 0.0 0.0
Se 1.133118408136e+01 4.161705439542e+01 2.995146533993e+01 1 1 1 0.0 0.0 0.0
Se 1.537913428595e+01 4.262979128949e+01 2.995146533993e+01 1 1 1 0.0 0.0 0.0
Se 2.140837875929e+00 3.554063303101e+01 2.995146533993e+01 1 1 1 0.0 0.0 0.0
Se 6.188788080526e+00 3.655336992508e+01 2.995146533993e+01 1 1 1 0.0 0.0 0.0
Se 1.023673828512e+01 3.756610681915e+01 2.995146533993e+01 1 1 1 0.0 0.0 0.0
Se 1.428468848972e+01 3.857884371322e+01 2.995146533993e+01 1 1 1 0.0 0.0 0.0
Se 5.094342284292e+00 3.250242234880e+01 2.995146533993e+01 1 1 1 0.0 0.0 0.0
Se 9.142292488888e+00 3.351515924287e+01 2.995146533993e+01 1 1 1 0.0 0.0 0.0
Se 1.319024269348e+01 3.452789613694e+01 2.995146533993e+01 1 1 1 0.0 0.0 0.0
Se 3.999896488058e+00 2.845147477252e+01 2.995146533993e+01 1 1 1 0.0 0.0 0.0
Se 8.047846692654e+00 2.946421166659e+01 2.995146533993e+01 1 1 1 0.0 0.0 0.0
Se 1.209579689725e+01 3.047694856066e+01 2.995146533993e+01 1 1 1 0.0 0.0 0.0
Se 1.614374710185e+01 3.148968545473e+01 2.995146533993e+01 1 1 1 0.0 0.0 0.0
Se 2.905450691824e+00 2.440052719624e+01 2.995146533993e+01 1 1 1 0.0 0.0 0.0
Se 6.953400896420e+00 2.541326409031e+01 2.995146533993e+01 1 1 1 0.0 0.0 0.0
Se 1.100135110102e+01 2.642600098438e+01 2.995146533993e+01 1 1 1 0.0 0.0 0.0
Se 1.504930130561e+01 2.743873787845e+01 2.995146533993e+01 1 1 1 0.0 0.0 0.0
Se 1.811004895590e+00 2.034957961996e+01 2.995146533993e+01 1 1 1 0.0 0.0 0.0
Se 5.858955100186e+00 2.136231651403e+01 2.995146533993e+01 1 1 1 0.0 0.0 0.0
Se 9.906905304783e+00 2.237505340810e+01 2.995146533993e+01 1 1 1 0.0 0.0 0.0
Se 1.395485550938e+01 2.338779030217e+01 2.995146533993e+01 1 1 1 0.0 0.0 0.0
Se 1.581391412151e+01 1.629863204369e+01 2.995146533993e+01 1 1 1 0.0 0.0 0.0
Se 4.764509303953e+00 1.731136893776e+01 2.995146533993e+01 1 1 1 0.0 0.0 0.0
Se 8.812459508549e+00 1.832410583182e+01 2.995146533993e+01 1 1 1 0.0 0.0 0.0
Se 1.286040971315e+01 1.933684272589e+01 2.995146533993e+01 1 1 1 0.0 0.0 0.0
Se 3.670063507719e+00 1.326042136148e+01 2.995146533993e+01 1 1 1 0.0 0.0 0.0
Se 7.718013712315e+00 1.427315825555e+01 2.995146533993e+01 1 1 1 0.0 0.0 0.0
Se 1.176596391691e+01 1.528589514962e+01 2.995146533993e+01 1 1 1 0.0 0.0 0.0
Se 2.575617711485e+00 9.209473785199e+00 2.995146533993e+01 1 1 1 0.0 0.0 0.0
Se 6.623567916081e+00 1.022221067927e+01 2.995146533993e+01 1 1 1 0.0 0.0 0.0
Se 1.067151812068e+01 1.123494757334e+01 2.995146533993e+01 1 1 1 0.0 0.0 0.0
Se 1.471946832527e+01 1.224768446741e+01 2.995146533993e+01 1 1 1 0.0 0.0 0.0
Se 1.481171915251e+00 5.158526208921e+00 2.995146533993e+01 1 1 1 0.0 0.0 0.0
Se 5.529122119847e+00 6.171263102991e+00 2.995146533993e+01 1 1 1 0.0 0.0 0.0
Se 9.577072324444e+00 7.183999997060e+00 2.995146533993e+01 1 1 1 0.0 0.0 0.0
Se 1.362502252904e+01 8.196736891130e+00 2.995146533993e+01 1 1 1 0.0 0.0 0.0
Se 3.867261190169e-01 1.107578632643e+00 2.995146533993e+01 1 1 1 0.0 0.0 0.0
Se 4.434676323614e+00 2.120315526713e+00 2.995146533993e+01 1 1 1 0.0 0.0 0.0
Se 8.482626528210e+00 3.133052420782e+00 2.995146533993e+01 1 1 1 0.0 0.0 0.0
Se 1.253057673281e+01 4.145789314852e+00 2.995146533993e+01 1 1 1 0.0 0.0 0.0
Se 1.756802587842e+01 5.073168644205e+01 2.995146533993e+01 1 1 1 0.0 0.0 0.0
Se 6.518621060865e+00 5.174442333612e+01 2.995146533993e+01 1 1 1 0.0 0.0 0.0
Se 1.056657126546e+01 5.275716023019e+01 2.995146533993e+01 1 1 1 0.0 0.0 0.0
Se 1.143613093657e+01 9.484173857358e-02 2.995146533993e+01 1 1 1 0.0 0.0 0.0
Se 7.739226552231e+00 4.701218542216e+01 2.633360299309e+01 1 1 1 0.0 0.0 0.0
Se 1.178717675683e+01 4.802492231623e+01 2.633360299309e+01 1 1 1 0.0 0.0 0.0
Se 1.583512696142e+01 4.903765921030e+01 2.633360299309e+01 1 1 1 0.0 0.0 0.0
Se 6.644780755997e+00 4.296123784589e+01 2.633360299309e+01 1 1 1 0.0 0.0 0.0
Se 1.069273096059e+01 4.397397473995e+01 2.633360299309e+01 1 1 1 0.0 0.0 0.0
Se 1.474068116519e+01 4.498671163402e+01 2.633360299309e+01 1 1 1 0.0 0.0 0.0
Se 3.691276347635e+00 4.599944852809e+01 2.633360299309e+01 1 1 1 0.0 0.0 0.0
Se 5.550334959764e+00 3.891029026961e+01 2.633360299309e+01 1 1 1 0.0 0.0 0.0
Se 9.598285164360e+00 3.992302716368e+01 2.633360299309e+01 1 1 1 0.0 0.0 0.0
Se 1.364623536896e+01 4.093576405775e+01 2.633360299309e+01 1 1 1 0.0 0.0 0.0
Se 2.596830551401e+00 4.194850095182e+01 2.633360299309e+01 1 1 1 0.0 0.0 0.0
Se 4.455889163530e+00 3.485934269333e+01 2.633360299309e+01 1 1 1 0.0 0.0 0.0
Se 8.503839368126e+00 3.587207958740e+01 2.633360299309e+01 1 1 1 0.0 0.0 0.0
Se 1.255178957272e+01 3.688481648147e+01 2.633360299309e+01 1 1 1 0.0 0.0 0.0
Se 1.659973977732e+01 3.789755337554e+01 2.633360299309e+01 1 1 1 0.0 0.0 0.0
Se 7.409393571892e+00 3.182113201112e+01 2.633360299309e+01 1 1 1 0.0 0.0 0.0
Se 1.145734377649e+01 3.283386890519e+01 2.633360299309e+01 1 1 1 0.0 0.0 0.0
Se 1.550529398109e+01 3.384660579926e+01 2.633360299309e+01 1 1 1 0.0 0.0 0.0
Se 6.314947775658e+00 2.777018443484e+01 2.633360299309e+01 1 1 1 0.0 0.0 0.0
Se 1.036289798026e+01 2.878292132891e+01 2.633360299309e+01 1 1 1 0.0 0.0 0.0
Se 1.441084818485e+01 2.979565822298e+01 2.633360299309e+01 1 1 1 0.0 0.0 0.0
Se 3.361443367296e+00 3.080839511705e+01 2.633360299309e+01 1 1 1 0.0 0.0 0.0
Se 5.220501979425e+00 2.371923685856e+01 2.633360299309e+01 1 1 1 0.0 0.0 0.0
Se 9.268452184021e+00 2.473197375263e+01 2.633360299309e+01 1 1 1 0.0 0.0 0.0
Se 1.331640238862e+01 2.574471064670e+01 2.633360299309e+01 1 1 1 0.0 0.0 0.0
Se 2.266997571062e+00 2.675744754077e+01 2.633360299309e+01 1 1 1 0.0 0.0 0.0
Se 4.126056183191e+00 1.966828928229e+01 2.633360299309e+01 1 1 1 0.0 0.0 0.0
Se 8.174006387787e+00 2.068102617636e+01 2.633360299309e+01 1 1 1 0.0 0.0 0.0
Se 1.222195659238e+01 2.169376307043e+01 2.633360299309e+01 1 1 1 0.0 0.0 0.0
Se 1.626990679698e+01 2.270649996449e+01 2.633360299309e+01 1 1 1 0.0 0.0 0.0
Se 3.031610386957e+00 1.561734170601e+01 2.633360299309e+01 1 1 1 0.0 0.0 0.0
Se 7.079560591553e+00 1.663007860008e+01 2.633360299309e+01 1 1 1 0.0 0.0 0.0
Se 1.112751079615e+01 1.764281549415e+01 2.633360299309e+01 1 1 1 0.0 0.0 0.0
Se 1.517546100075e+01 1.865555238822e+01 2.633360299309e+01 1 1 1 0.0 0.0 0.0
Se 5.985114795319e+00 1.257913102380e+01 2.633360299309e+01 1 1 1 0.0 0.0 0.0
Se 1.003306499992e+01 1.359186791787e+01 2.633360299309e+01 1 1 1 0.0 0.0 0.0
Se 1.408101520451e+01 1.460460481194e+01 2.633360299309e+01 1 1 1 0.0 0.0 0.0
Se 4.890668999086e+00 8.528183447522e+00 2.633360299309e+01 1 1 1 0.0 0.0 0.0
Se 8.938619203682e+00 9.540920341591e+00 2.633360299309e+01 1 1 1 0.0 0.0 0.0
Se 1.298656940828e+01 1.055365723566e+01 2.633360299309e+01 1 1 1 0.0 0.0 0.0
Se 1.937164590723e+00 1.156639412973e+01 2.633360299309e+01 1 1 1 0.0 0.0 0.0
Se 3.796223202852e+00 4.477235871244e+00 2.633360299309e+01 1 1 1 0.0 0.0 0.0
Se 7.844173407448e+00 5.489972765313e+00 2.633360299309e+01 1 1 1 0.0 0.0 0.0
Se 1.189212361204e+01 6.502709659383e+00 2.633360299309e+01 1 1 1 0.0 0.0 0.0
Se 8.427187944889e-01 7.515446553452e+00 2.633360299309e+01 1 1 1 0.0 0.0 0.0
Se 2.701777406618e+00 4.262882949656e-01 2.633360299309e+01 1 1 1 0.0 0.0 0.0
Se 6.749727611214e+00 1.439025189035e+00 2.633360299309e+01 1 1 1 0.0 0.0 0.0
Se 1.079767781581e+01 2.451762083105e+00 2.633360299309e+01 1 1 1 0.0 0.0 0.0
Se 1.484562802041e+01 3.464498977174e+00 2.633360299309e+01 1 1 1 0.0 0.0 0.0
Se 4.785722143869e+00 5.005039610437e+01 2.633360299309e+01 1 1 1 0.0 0.0 0.0
Se 8.833672348465e+00 5.106313299844e+01 2.633360299309e+01 1 1 1 0.0 0.0 0.0
Se 1.288162255306e+01 5.207586989251e+01 2.633360299309e+01 1 1 1 0.0 0.0 0.0
Se 1.692957275766e+01 5.308860678658e+01 2.633360299309e+01 1 1 1 0.0 0.0 0.0
Se 7.114633065601e+00 4.936213046439e+01 2.271046802998e+01 1 1 1 0.0 0.0 0.0
Se 1.116258327020e+01 5.037486735846e+01 2.271046802998e+01 1 1 1 0.0 0.0 0.0
Se 1.521053347479e+01 5.138760425253e+01 2.271046802998e+01 1 1 1 0.0 0.0 0.0
Se 6.020187269367e+00 4.531118288811e+01 2.271046802998e+01 1 1 1 0.0 0.0 0.0
Se 1.006813747396e+01 4.632391978218e+01 2.271046802998e+01 1 1 1 0.0 0.0 0.0
Se 1.411608767856e+01 4.733665667625e+01 2.271046802998e+01 1 1 1 0.0 0.0 0.0
Se 3.066682861005e+00 4.834939357032e+01 2.271046802998e+01 1 1 1 0.0 0.0 0.0
Se 4.925741473133e+00 4.126023531183e+01 2.271046802998e+01 1 1 1 0.0 0.0 0.0
Se 8.973691677730e+00 4.227297220590e+01 2.271046802998e+01 1 1 1 0.0 0.0 0.0
Se 1.302164188233e+01 4.328570909997e+01 2.271046802998e+01 1 1 1 0.0 0.0 0.0
Se 1.706959208692e+01 4.429844599404e+01 2.271046802998e+01 1 1 1 0.0 0.0 0.0
Se 3.831295676900e+00 3.720928773555e+01 2.271046802998e+01 1 1 1 0.0 0.0 0.0
Se 7.879245881496e+00 3.822202462962e+01 2.271046802998e+01 1 1 1 0.0 0.0 0.0
Se 1.192719608609e+01 3.923476152369e+01 2.271046802998e+01 1 1 1 0.0 0.0 0.0
Se 1.597514629069e+01 4.024749841776e+01 2.271046802998e+01 1 1 1 0.0 0.0 0.0
Se 6.784800085262e+00 3.417107705334e+01 2.271046802998e+01 1 1 1 0.0 0.0 0.0
Se 1.083275028986e+01 3.518381394741e+01 2.271046802998e+01 1 1 1 0.0 0.0 0.0
Se 1.488070049446e+01 3.619655084148e+01 2.271046802998e+01 1 1 1 0.0 0.0 0.0
Se 5.690354289028e+00 3.012012947707e+01 2.271046802998e+01 1 1 1 0.0 0.0 0.0
Se 9.738304493625e+00 3.113286637114e+01 2.271046802998e+01 1 1 1 0.0 0.0 0.0
Se 1.378625469822e+01 3.214560326521e+01 2.271046802998e+01 1 1 1 0.0 0.0 0.0
Se 2.736849880666e+00 3.315834015927e+01 2.271046802998e+01 1 1 1 0.0 0.0 0.0
Se 4.595908492794e+00 2.606918190079e+01 2.271046802998e+01 1 1 1 0.0 0.0 0.0
Se 8.643858697391e+00 2.708191879486e+01 2.271046802998e+01 1 1 1 0.0 0.0 0.0
Se 1.269180890199e+01 2.809465568893e+01 2.271046802998e+01 1 1 1 0.0 0.0 0.0
Se 1.673975910658e+01 2.910739258300e+01 2.271046802998e+01 1 1 1 0.0 0.0 0.0
Se 3.501462696561e+00 2.201823432451e+01 2.271046802998e+01 1 1 1 0.0 0.0 0.0
Se 7.549412901157e+00 2.303097121858e+01 2.271046802998e+01 1 1 1 0.0 0.0 0.0
Se 1.159736310575e+01 2.404370811265e+01 2.271046802998e+01 1 1 1 0.0 0.0 0.0
Se 1.564531331035e+01 2.505644500672e+01 2.271046802998e+01 1 1 1 0.0 0.0 0.0
Se 2.407016900327e+00 1.796728674823e+01 2.271046802998e+01 1 1 1 0.0 0.0 0.0
Se 6.454967104923e+00 1.898002364230e+01 2.271046802998e+01 1 1 1 0.0 0.0 0.0
Se 1.050291730952e+01 1.999276053637e+01 2.271046802998e+01 1 1 1 0.0 0.0 0.0
Se 1.455086751412e+01 2.100549743044e+01 2.271046802998e+01 1 1 1 0.0 0.0 0.0
Se 5.360521308689e+00 1.492907606602e+01 2.271046802998e+01 1 1 1 0.0 0.0 0.0
Se 9.408471513286e+00 1.594181296009e+01 2.271046802998e+01 1 1 1 0.0 0.0 0.0
Se 1.345642171788e+01 1.695454985416e+01 2.271046802998e+01 1 1 1 0.0 0.0 0.0
Se 4.266075512455e+00 1.087812848975e+01 2.271046802998e+01 1 1 1 0.0 0.0 0.0
Se 8.314025717052e+00 1.189086538381e+01 2.271046802998e+01 1 1 1 0.0 0.0 0.0
Se 1.236197592165e+01 1.290360227788e+01 2.271046802998e+01 1 1 1 0.0 0.0 0.0
Se 1.312571104093e+00 1.391633917195e+01 2.271046802998e+01 1 1 1 0.0 0.0 0.0
Se 3.171629716221e+00 6.827180913467e+00 2.271046802998e+01 1 1 1 0.0 0.0 0.0
Se 7.219579920818e+00 7.839917807537e+00 2.271046802998e+01 1 1 1 0.0 0.0 0.0
Se 1.126753012541e+01 8.852654701606e+00 2.271046802998e+01 1 1 1 0.0 0.0 0.0
Se 1.531548033001e+01 9.865391595676e+00 2.271046802998e+01 1 1 1 0.0 0.0 0.0
Se 2.077183919988e+00 2.776233337189e+00 2.271046802998e+01 1 1 1 0.0 0.0 0.0
Se 6.125134124584e+00 3.788970231259e+00 2.271046802998e+01 1 1 1 0.0 0.0 0.0
Se 1.017308432918e+01 4.801707125328e+00 2.271046802998e+01 1 1 1 0.0 0.0 0.0
Se 1.422103453378e+01 5.814444019398e+00 2.271046802998e+01 1 1 1 0.0 0.0 0.0
Se 4.161128657239e+00 5.240034114660e+01 2.271046802998e+01 1 1 1 0.0 0.0 0.0
Se 8.209078861835e+00 5.341307804067e+01 2.271046802998e+01 1 1 1 0.0 0.0 0.0
Se 9.078638532947e+00 7.507595490503e-01 2.271046802998e+01 1 1 1 0.0 0.0 0.0
Se 1.312658873754e+01 1.763496443120e+00 2.271046802998e+01 1 1 1 0.0 0.0 0.0
"