 -2.400000e+01  0.000000e+00 
 -2.399000e+01  0.000000e+00 
 -2.398000e+01  0.000000e+00 
 -2.397000e+01  0.000000e+00 
 -2.396000e+01  0.000000e+00 
 -2.395000e+01  0.000000e+00 
 -2.394000e+01  0.000000e+00 
 -2.393000e+01  0.000000e+00 
 -2.392000e+01  0.000000e+00 
 -2.391000e+01  0.000000e+00 
 -2.390000e+01  0.000000e+00 
 -2.389000e+01  0.000000e+00 
 -2.388000e+01  0.000000e+00 
 -2.387000e+01  0.000000e+00 
 -2.386000e+01  0.000000e+00 
 -2.385000e+01  0.000000e+00 
 -2.384000e+01  0.000000e+00 
 -2.383000e+01  0.000000e+00 
 -2.382000e+01  0.000000e+00 
 -2.381000e+01  0.000000e+00 
 -2.380000e+01  0.000000e+00 
 -2.379000e+01  0.000000e+00 
 -2.378000e+01  0.000000e+00 
 -2.377000e+01  0.000000e+00 
 -2.376000e+01  0.000000e+00 
 -2.375000e+01  0.000000e+00 
 -2.374000e+01  0.000000e+00 
 -2.373000e+01  0.000000e+00 
 -2.372000e+01  0.000000e+00 
 -2.371000e+01  0.000000e+00 
 -2.370000e+01  0.000000e+00 
 -2.369000e+01  0.000000e+00 
 -2.368000e+01  0.000000e+00 
 -2.367000e+01  0.000000e+00 
 -2.366000e+01  0.000000e+00 
 -2.365000e+01  0.000000e+00 
 -2.364000e+01  0.000000e+00 
 -2.363000e+01  0.000000e+00 
 -2.362000e+01  0.000000e+00 
 -2.361000e+01  0.000000e+00 
 -2.360000e+01  0.000000e+00 
 -2.359000e+01  0.000000e+00 
 -2.358000e+01  0.000000e+00 
 -2.357000e+01  0.000000e+00 
 -2.356000e+01  0.000000e+00 
 -2.355000e+01  0.000000e+00 
 -2.354000e+01  0.000000e+00 
 -2.353000e+01  0.000000e+00 
 -2.352000e+01  0.000000e+00 
 -2.351000e+01  0.000000e+00 
 -2.350000e+01  0.000000e+00 
 -2.349000e+01  0.000000e+00 
 -2.348000e+01  0.000000e+00 
 -2.347000e+01  0.000000e+00 
 -2.346000e+01  0.000000e+00 
 -2.345000e+01  0.000000e+00 
 -2.344000e+01  0.000000e+00 
 -2.343000e+01  0.000000e+00 
 -2.342000e+01  0.000000e+00 
 -2.341000e+01  0.000000e+00 
 -2.340000e+01  0.000000e+00 
 -2.339000e+01  0.000000e+00 
 -2.338000e+01  0.000000e+00 
 -2.337000e+01  0.000000e+00 
 -2.336000e+01  0.000000e+00 
 -2.335000e+01  0.000000e+00 
 -2.334000e+01  0.000000e+00 
 -2.333000e+01  0.000000e+00 
 -2.332000e+01  0.000000e+00 
 -2.331000e+01  0.000000e+00 
 -2.330000e+01  0.000000e+00 
 -2.329000e+01  0.000000e+00 
 -2.328000e+01  0.000000e+00 
 -2.327000e+01  0.000000e+00 
 -2.326000e+01  0.000000e+00 
 -2.325000e+01  0.000000e+00 
 -2.324000e+01  0.000000e+00 
 -2.323000e+01  0.000000e+00 
 -2.322000e+01  0.000000e+00 
 -2.321000e+01  0.000000e+00 
 -2.320000e+01  0.000000e+00 
 -2.319000e+01  0.000000e+00 
 -2.318000e+01  0.000000e+00 
 -2.317000e+01  0.000000e+00 
 -2.316000e+01  0.000000e+00 
 -2.315000e+01  0.000000e+00 
 -2.314000e+01  0.000000e+00 
 -2.313000e+01  0.000000e+00 
 -2.312000e+01  0.000000e+00 
 -2.311000e+01  1.571722e-04 
 -2.310000e+01  8.869352e+00 
 -2.309000e+01  3.904611e+01 
 -2.308000e+01  1.047942e+02 
 -2.307000e+01  6.946864e+01 
 -2.306000e+01  6.678753e+01 
 -2.305000e+01  6.489025e+01 
 -2.304000e+01  1.726762e+02 
 -2.303000e+01  9.444211e+01 
 -2.302000e+01  4.608950e+01 
 -2.301000e+01  2.666379e+01 
 -2.300000e+01  3.064207e+01 
 -2.299000e+01  5.887797e+01 
 -2.298000e+01  6.644230e+01 
 -2.297000e+01  1.131627e+02 
 -2.296000e+01  1.426623e+02 
 -2.295000e+01  1.041966e+02 
 -2.294000e+01  1.763497e+02 
 -2.293000e+01  1.869664e+02 
 -2.292000e+01  1.966363e+02 
 -2.291000e+01  2.915791e+02 
 -2.290000e+01  2.344295e+02 
 -2.289000e+01  2.479986e+02 
 -2.288000e+01  1.201090e+02 
 -2.287000e+01  1.335999e+02 
 -2.286000e+01  1.299050e+02 
 -2.285000e+01  6.494240e+01 
 -2.284000e+01  1.850321e+02 
 -2.283000e+01  2.621073e+02 
 -2.282000e+01  2.027489e+02 
 -2.281000e+01  5.698412e+02 
 -2.280000e+01  4.510739e+02 
 -2.279000e+01  4.292732e+02 
 -2.278000e+01  2.406324e+02 
 -2.277000e+01  1.603309e+02 
 -2.276000e+01  7.022138e+01 
 -2.275000e+01  4.242957e+01 
 -2.274000e+01  3.570525e+01 
 -2.273000e+01  2.993198e+01 
 -2.272000e+01  7.863508e+01 
 -2.271000e+01  2.502990e+02 
 -2.270000e+01  8.654631e+01 
 -2.269000e+01  6.039906e+01 
 -2.268000e+01  6.146155e+01 
 -2.267000e+01  6.317042e+01 
 -2.266000e+01  9.665410e+01 
 -2.265000e+01  4.228871e+01 
 -2.264000e+01  1.620088e+01 
 -2.263000e+01  2.152947e-04 
 -2.262000e+01  0.000000e+00 
 -2.261000e+01  0.000000e+00 
 -2.260000e+01  0.000000e+00 
 -2.259000e+01  0.000000e+00 
 -2.258000e+01  0.000000e+00 
 -2.257000e+01  0.000000e+00 
 -2.256000e+01  0.000000e+00 
 -2.255000e+01  0.000000e+00 
 -2.254000e+01  0.000000e+00 
 -2.253000e+01  0.000000e+00 
 -2.252000e+01  0.000000e+00 
 -2.251000e+01  0.000000e+00 
 -2.250000e+01  0.000000e+00 
 -2.249000e+01  0.000000e+00 
 -2.248000e+01  0.000000e+00 
 -2.247000e+01  0.000000e+00 
 -2.246000e+01  0.000000e+00 
 -2.245000e+01  0.000000e+00 
 -2.244000e+01  0.000000e+00 
 -2.243000e+01  0.000000e+00 
 -2.242000e+01  0.000000e+00 
 -2.241000e+01  0.000000e+00 
 -2.240000e+01  0.000000e+00 
 -2.239000e+01  0.000000e+00 
 -2.238000e+01  0.000000e+00 
 -2.237000e+01  0.000000e+00 
 -2.236000e+01  0.000000e+00 
 -2.235000e+01  0.000000e+00 
 -2.234000e+01  0.000000e+00 
 -2.233000e+01  0.000000e+00 
 -2.232000e+01  0.000000e+00 
 -2.231000e+01  0.000000e+00 
 -2.230000e+01  0.000000e+00 
 -2.229000e+01  0.000000e+00 
 -2.228000e+01  0.000000e+00 
 -2.227000e+01  0.000000e+00 
 -2.226000e+01  0.000000e+00 
 -2.225000e+01  0.000000e+00 
 -2.224000e+01  0.000000e+00 
 -2.223000e+01  0.000000e+00 
 -2.222000e+01  0.000000e+00 
 -2.221000e+01  0.000000e+00 
 -2.220000e+01  0.000000e+00 
 -2.219000e+01  0.000000e+00 
 -2.218000e+01  0.000000e+00 
 -2.217000e+01  0.000000e+00 
 -2.216000e+01  0.000000e+00 
 -2.215000e+01  0.000000e+00 
 -2.214000e+01  0.000000e+00 
 -2.213000e+01  0.000000e+00 
 -2.212000e+01  0.000000e+00 
 -2.211000e+01  0.000000e+00 
 -2.210000e+01  0.000000e+00 
 -2.209000e+01  0.000000e+00 
 -2.208000e+01  0.000000e+00 
 -2.207000e+01  0.000000e+00 
 -2.206000e+01  0.000000e+00 
 -2.205000e+01  0.000000e+00 
 -2.204000e+01  0.000000e+00 
 -2.203000e+01  0.000000e+00 
 -2.202000e+01  0.000000e+00 
 -2.201000e+01  0.000000e+00 
 -2.200000e+01  0.000000e+00 
 -2.199000e+01  0.000000e+00 
 -2.198000e+01  0.000000e+00 
 -2.197000e+01  0.000000e+00 
 -2.196000e+01  0.000000e+00 
 -2.195000e+01  0.000000e+00 
 -2.194000e+01  0.000000e+00 
 -2.193000e+01  0.000000e+00 
 -2.192000e+01  0.000000e+00 
 -2.191000e+01  0.000000e+00 
 -2.190000e+01  0.000000e+00 
 -2.189000e+01  0.000000e+00 
 -2.188000e+01  0.000000e+00 
 -2.187000e+01  0.000000e+00 
 -2.186000e+01  0.000000e+00 
 -2.185000e+01  0.000000e+00 
 -2.184000e+01  0.000000e+00 
 -2.183000e+01  0.000000e+00 
 -2.182000e+01  0.000000e+00 
 -2.181000e+01  0.000000e+00 
 -2.180000e+01  0.000000e+00 
 -2.179000e+01  0.000000e+00 
 -2.178000e+01  0.000000e+00 
 -2.177000e+01  0.000000e+00 
 -2.176000e+01  0.000000e+00 
 -2.175000e+01  0.000000e+00 
 -2.174000e+01  0.000000e+00 
 -2.173000e+01  0.000000e+00 
 -2.172000e+01  0.000000e+00 
 -2.171000e+01  0.000000e+00 
 -2.170000e+01  0.000000e+00 
 -2.169000e+01  0.000000e+00 
 -2.168000e+01  0.000000e+00 
 -2.167000e+01  0.000000e+00 
 -2.166000e+01  0.000000e+00 
 -2.165000e+01  0.000000e+00 
 -2.164000e+01  0.000000e+00 
 -2.163000e+01  0.000000e+00 
 -2.162000e+01  0.000000e+00 
 -2.161000e+01  0.000000e+00 
 -2.160000e+01  0.000000e+00 
 -2.159000e+01  0.000000e+00 
 -2.158000e+01  0.000000e+00 
 -2.157000e+01  0.000000e+00 
 -2.156000e+01  0.000000e+00 
 -2.155000e+01  0.000000e+00 
 -2.154000e+01  0.000000e+00 
 -2.153000e+01  0.000000e+00 
 -2.152000e+01  0.000000e+00 
 -2.151000e+01  0.000000e+00 
 -2.150000e+01  0.000000e+00 
 -2.149000e+01  0.000000e+00 
 -2.148000e+01  0.000000e+00 
 -2.147000e+01  0.000000e+00 
 -2.146000e+01  0.000000e+00 
 -2.145000e+01  0.000000e+00 
 -2.144000e+01  0.000000e+00 
 -2.143000e+01  0.000000e+00 
 -2.142000e+01  0.000000e+00 
 -2.141000e+01  0.000000e+00 
 -2.140000e+01  0.000000e+00 
 -2.139000e+01  0.000000e+00 
 -2.138000e+01  0.000000e+00 
 -2.137000e+01  0.000000e+00 
 -2.136000e+01  0.000000e+00 
 -2.135000e+01  0.000000e+00 
 -2.134000e+01  0.000000e+00 
 -2.133000e+01  0.000000e+00 
 -2.132000e+01  0.000000e+00 
 -2.131000e+01  0.000000e+00 
 -2.130000e+01  0.000000e+00 
 -2.129000e+01  0.000000e+00 
 -2.128000e+01  0.000000e+00 
 -2.127000e+01  0.000000e+00 
 -2.126000e+01  0.000000e+00 
 -2.125000e+01  0.000000e+00 
 -2.124000e+01  0.000000e+00 
 -2.123000e+01  0.000000e+00 
 -2.122000e+01  0.000000e+00 
 -2.121000e+01  0.000000e+00 
 -2.120000e+01  0.000000e+00 
 -2.119000e+01  0.000000e+00 
 -2.118000e+01  0.000000e+00 
 -2.117000e+01  0.000000e+00 
 -2.116000e+01  0.000000e+00 
 -2.115000e+01  0.000000e+00 
 -2.114000e+01  0.000000e+00 
 -2.113000e+01  0.000000e+00 
 -2.112000e+01  0.000000e+00 
 -2.111000e+01  0.000000e+00 
 -2.110000e+01  0.000000e+00 
 -2.109000e+01  0.000000e+00 
 -2.108000e+01  0.000000e+00 
 -2.107000e+01  0.000000e+00 
 -2.106000e+01  0.000000e+00 
 -2.105000e+01  0.000000e+00 
 -2.104000e+01  0.000000e+00 
 -2.103000e+01  0.000000e+00 
 -2.102000e+01  0.000000e+00 
 -2.101000e+01  0.000000e+00 
 -2.100000e+01  0.000000e+00 
 -2.099000e+01  0.000000e+00 
 -2.098000e+01  0.000000e+00 
 -2.097000e+01  0.000000e+00 
 -2.096000e+01  0.000000e+00 
 -2.095000e+01  0.000000e+00 
 -2.094000e+01  0.000000e+00 
 -2.093000e+01  0.000000e+00 
 -2.092000e+01  0.000000e+00 
 -2.091000e+01  0.000000e+00 
 -2.090000e+01  0.000000e+00 
 -2.089000e+01  0.000000e+00 
 -2.088000e+01  0.000000e+00 
 -2.087000e+01  0.000000e+00 
 -2.086000e+01  0.000000e+00 
 -2.085000e+01  0.000000e+00 
 -2.084000e+01  0.000000e+00 
 -2.083000e+01  0.000000e+00 
 -2.082000e+01  0.000000e+00 
 -2.081000e+01  0.000000e+00 
 -2.080000e+01  0.000000e+00 
 -2.079000e+01  0.000000e+00 
 -2.078000e+01  0.000000e+00 
 -2.077000e+01  0.000000e+00 
 -2.076000e+01  0.000000e+00 
 -2.075000e+01  0.000000e+00 
 -2.074000e+01  0.000000e+00 
 -2.073000e+01  0.000000e+00 
 -2.072000e+01  0.000000e+00 
 -2.071000e+01  0.000000e+00 
 -2.070000e+01  0.000000e+00 
 -2.069000e+01  0.000000e+00 
 -2.068000e+01  0.000000e+00 
 -2.067000e+01  0.000000e+00 
 -2.066000e+01  0.000000e+00 
 -2.065000e+01  0.000000e+00 
 -2.064000e+01  0.000000e+00 
 -2.063000e+01  0.000000e+00 
 -2.062000e+01  0.000000e+00 
 -2.061000e+01  0.000000e+00 
 -2.060000e+01  0.000000e+00 
 -2.059000e+01  0.000000e+00 
 -2.058000e+01  0.000000e+00 
 -2.057000e+01  0.000000e+00 
 -2.056000e+01  0.000000e+00 
 -2.055000e+01  0.000000e+00 
 -2.054000e+01  0.000000e+00 
 -2.053000e+01  0.000000e+00 
 -2.052000e+01  0.000000e+00 
 -2.051000e+01  0.000000e+00 
 -2.050000e+01  0.000000e+00 
 -2.049000e+01  0.000000e+00 
 -2.048000e+01  0.000000e+00 
 -2.047000e+01  0.000000e+00 
 -2.046000e+01  0.000000e+00 
 -2.045000e+01  0.000000e+00 
 -2.044000e+01  0.000000e+00 
 -2.043000e+01  0.000000e+00 
 -2.042000e+01  0.000000e+00 
 -2.041000e+01  0.000000e+00 
 -2.040000e+01  0.000000e+00 
 -2.039000e+01  0.000000e+00 
 -2.038000e+01  0.000000e+00 
 -2.037000e+01  0.000000e+00 
 -2.036000e+01  0.000000e+00 
 -2.035000e+01  0.000000e+00 
 -2.034000e+01  0.000000e+00 
 -2.033000e+01  0.000000e+00 
 -2.032000e+01  0.000000e+00 
 -2.031000e+01  0.000000e+00 
 -2.030000e+01  0.000000e+00 
 -2.029000e+01  0.000000e+00 
 -2.028000e+01  0.000000e+00 
 -2.027000e+01  0.000000e+00 
 -2.026000e+01  0.000000e+00 
 -2.025000e+01  0.000000e+00 
 -2.024000e+01  0.000000e+00 
 -2.023000e+01  0.000000e+00 
 -2.022000e+01  0.000000e+00 
 -2.021000e+01  0.000000e+00 
 -2.020000e+01  0.000000e+00 
 -2.019000e+01  0.000000e+00 
 -2.018000e+01  0.000000e+00 
 -2.017000e+01  0.000000e+00 
 -2.016000e+01  0.000000e+00 
 -2.015000e+01  0.000000e+00 
 -2.014000e+01  0.000000e+00 
 -2.013000e+01  0.000000e+00 
 -2.012000e+01  0.000000e+00 
 -2.011000e+01  0.000000e+00 
 -2.010000e+01  0.000000e+00 
 -2.009000e+01  0.000000e+00 
 -2.008000e+01  0.000000e+00 
 -2.007000e+01  0.000000e+00 
 -2.006000e+01  0.000000e+00 
 -2.005000e+01  0.000000e+00 
 -2.004000e+01  0.000000e+00 
 -2.003000e+01  0.000000e+00 
 -2.002000e+01  0.000000e+00 
 -2.001000e+01  0.000000e+00 
 -2.000000e+01  0.000000e+00 
 -1.999000e+01  0.000000e+00 
 -1.998000e+01  0.000000e+00 
 -1.997000e+01  0.000000e+00 
 -1.996000e+01  0.000000e+00 
 -1.995000e+01  0.000000e+00 
 -1.994000e+01  0.000000e+00 
 -1.993000e+01  0.000000e+00 
 -1.992000e+01  0.000000e+00 
 -1.991000e+01  0.000000e+00 
 -1.990000e+01  0.000000e+00 
 -1.989000e+01  0.000000e+00 
 -1.988000e+01  0.000000e+00 
 -1.987000e+01  0.000000e+00 
 -1.986000e+01  0.000000e+00 
 -1.985000e+01  0.000000e+00 
 -1.984000e+01  0.000000e+00 
 -1.983000e+01  0.000000e+00 
 -1.982000e+01  0.000000e+00 
 -1.981000e+01  0.000000e+00 
 -1.980000e+01  0.000000e+00 
 -1.979000e+01  0.000000e+00 
 -1.978000e+01  0.000000e+00 
 -1.977000e+01  0.000000e+00 
 -1.976000e+01  0.000000e+00 
 -1.975000e+01  0.000000e+00 
 -1.974000e+01  0.000000e+00 
 -1.973000e+01  0.000000e+00 
 -1.972000e+01  0.000000e+00 
 -1.971000e+01  0.000000e+00 
 -1.970000e+01  0.000000e+00 
 -1.969000e+01  0.000000e+00 
 -1.968000e+01  0.000000e+00 
 -1.967000e+01  0.000000e+00 
 -1.966000e+01  0.000000e+00 
 -1.965000e+01  0.000000e+00 
 -1.964000e+01  0.000000e+00 
 -1.963000e+01  0.000000e+00 
 -1.962000e+01  0.000000e+00 
 -1.961000e+01  0.000000e+00 
 -1.960000e+01  0.000000e+00 
 -1.959000e+01  0.000000e+00 
 -1.958000e+01  0.000000e+00 
 -1.957000e+01  0.000000e+00 
 -1.956000e+01  0.000000e+00 
 -1.955000e+01  0.000000e+00 
 -1.954000e+01  0.000000e+00 
 -1.953000e+01  0.000000e+00 
 -1.952000e+01  0.000000e+00 
 -1.951000e+01  0.000000e+00 
 -1.950000e+01  0.000000e+00 
 -1.949000e+01  0.000000e+00 
 -1.948000e+01  0.000000e+00 
 -1.947000e+01  0.000000e+00 
 -1.946000e+01  0.000000e+00 
 -1.945000e+01  0.000000e+00 
 -1.944000e+01  0.000000e+00 
 -1.943000e+01  0.000000e+00 
 -1.942000e+01  0.000000e+00 
 -1.941000e+01  0.000000e+00 
 -1.940000e+01  0.000000e+00 
 -1.939000e+01  0.000000e+00 
 -1.938000e+01  0.000000e+00 
 -1.937000e+01  0.000000e+00 
 -1.936000e+01  0.000000e+00 
 -1.935000e+01  0.000000e+00 
 -1.934000e+01  0.000000e+00 
 -1.933000e+01  0.000000e+00 
 -1.932000e+01  0.000000e+00 
 -1.931000e+01  0.000000e+00 
 -1.930000e+01  0.000000e+00 
 -1.929000e+01  0.000000e+00 
 -1.928000e+01  0.000000e+00 
 -1.927000e+01  0.000000e+00 
 -1.926000e+01  0.000000e+00 
 -1.925000e+01  0.000000e+00 
 -1.924000e+01  0.000000e+00 
 -1.923000e+01  0.000000e+00 
 -1.922000e+01  0.000000e+00 
 -1.921000e+01  0.000000e+00 
 -1.920000e+01  0.000000e+00 
 -1.919000e+01  0.000000e+00 
 -1.918000e+01  0.000000e+00 
 -1.917000e+01  0.000000e+00 
 -1.916000e+01  0.000000e+00 
 -1.915000e+01  0.000000e+00 
 -1.914000e+01  0.000000e+00 
 -1.913000e+01  0.000000e+00 
 -1.912000e+01  0.000000e+00 
 -1.911000e+01  0.000000e+00 
 -1.910000e+01  0.000000e+00 
 -1.909000e+01  0.000000e+00 
 -1.908000e+01  0.000000e+00 
 -1.907000e+01  0.000000e+00 
 -1.906000e+01  0.000000e+00 
 -1.905000e+01  0.000000e+00 
 -1.904000e+01  0.000000e+00 
 -1.903000e+01  0.000000e+00 
 -1.902000e+01  0.000000e+00 
 -1.901000e+01  0.000000e+00 
 -1.900000e+01  0.000000e+00 
 -1.899000e+01  0.000000e+00 
 -1.898000e+01  0.000000e+00 
 -1.897000e+01  0.000000e+00 
 -1.896000e+01  0.000000e+00 
 -1.895000e+01  0.000000e+00 
 -1.894000e+01  0.000000e+00 
 -1.893000e+01  0.000000e+00 
 -1.892000e+01  0.000000e+00 
 -1.891000e+01  0.000000e+00 
 -1.890000e+01  0.000000e+00 
 -1.889000e+01  0.000000e+00 
 -1.888000e+01  0.000000e+00 
 -1.887000e+01  0.000000e+00 
 -1.886000e+01  0.000000e+00 
 -1.885000e+01  0.000000e+00 
 -1.884000e+01  0.000000e+00 
 -1.883000e+01  0.000000e+00 
 -1.882000e+01  0.000000e+00 
 -1.881000e+01  0.000000e+00 
 -1.880000e+01  0.000000e+00 
 -1.879000e+01  0.000000e+00 
 -1.878000e+01  0.000000e+00 
 -1.877000e+01  0.000000e+00 
 -1.876000e+01  0.000000e+00 
 -1.875000e+01  0.000000e+00 
 -1.874000e+01  0.000000e+00 
 -1.873000e+01  0.000000e+00 
 -1.872000e+01  0.000000e+00 
 -1.871000e+01  0.000000e+00 
 -1.870000e+01  0.000000e+00 
 -1.869000e+01  0.000000e+00 
 -1.868000e+01  0.000000e+00 
 -1.867000e+01  0.000000e+00 
 -1.866000e+01  0.000000e+00 
 -1.865000e+01  0.000000e+00 
 -1.864000e+01  0.000000e+00 
 -1.863000e+01  0.000000e+00 
 -1.862000e+01  0.000000e+00 
 -1.861000e+01  0.000000e+00 
 -1.860000e+01  0.000000e+00 
 -1.859000e+01  0.000000e+00 
 -1.858000e+01  0.000000e+00 
 -1.857000e+01  0.000000e+00 
 -1.856000e+01  0.000000e+00 
 -1.855000e+01  0.000000e+00 
 -1.854000e+01  0.000000e+00 
 -1.853000e+01  0.000000e+00 
 -1.852000e+01  0.000000e+00 
 -1.851000e+01  0.000000e+00 
 -1.850000e+01  0.000000e+00 
 -1.849000e+01  0.000000e+00 
 -1.848000e+01  0.000000e+00 
 -1.847000e+01  0.000000e+00 
 -1.846000e+01  0.000000e+00 
 -1.845000e+01  0.000000e+00 
 -1.844000e+01  0.000000e+00 
 -1.843000e+01  0.000000e+00 
 -1.842000e+01  0.000000e+00 
 -1.841000e+01  0.000000e+00 
 -1.840000e+01  0.000000e+00 
 -1.839000e+01  0.000000e+00 
 -1.838000e+01  0.000000e+00 
 -1.837000e+01  0.000000e+00 
 -1.836000e+01  0.000000e+00 
 -1.835000e+01  0.000000e+00 
 -1.834000e+01  0.000000e+00 
 -1.833000e+01  0.000000e+00 
 -1.832000e+01  0.000000e+00 
 -1.831000e+01  0.000000e+00 
 -1.830000e+01  0.000000e+00 
 -1.829000e+01  0.000000e+00 
 -1.828000e+01  0.000000e+00 
 -1.827000e+01  0.000000e+00 
 -1.826000e+01  0.000000e+00 
 -1.825000e+01  0.000000e+00 
 -1.824000e+01  0.000000e+00 
 -1.823000e+01  0.000000e+00 
 -1.822000e+01  0.000000e+00 
 -1.821000e+01  0.000000e+00 
 -1.820000e+01  0.000000e+00 
 -1.819000e+01  0.000000e+00 
 -1.818000e+01  0.000000e+00 
 -1.817000e+01  0.000000e+00 
 -1.816000e+01  0.000000e+00 
 -1.815000e+01  0.000000e+00 
 -1.814000e+01  0.000000e+00 
 -1.813000e+01  0.000000e+00 
 -1.812000e+01  0.000000e+00 
 -1.811000e+01  0.000000e+00 
 -1.810000e+01  0.000000e+00 
 -1.809000e+01  0.000000e+00 
 -1.808000e+01  0.000000e+00 
 -1.807000e+01  0.000000e+00 
 -1.806000e+01  0.000000e+00 
 -1.805000e+01  0.000000e+00 
 -1.804000e+01  0.000000e+00 
 -1.803000e+01  0.000000e+00 
 -1.802000e+01  0.000000e+00 
 -1.801000e+01  0.000000e+00 
 -1.800000e+01  0.000000e+00 
 -1.799000e+01  0.000000e+00 
 -1.798000e+01  0.000000e+00 
 -1.797000e+01  0.000000e+00 
 -1.796000e+01  0.000000e+00 
 -1.795000e+01  0.000000e+00 
 -1.794000e+01  0.000000e+00 
 -1.793000e+01  0.000000e+00 
 -1.792000e+01  0.000000e+00 
 -1.791000e+01  0.000000e+00 
 -1.790000e+01  0.000000e+00 
 -1.789000e+01  0.000000e+00 
 -1.788000e+01  0.000000e+00 
 -1.787000e+01  0.000000e+00 
 -1.786000e+01  0.000000e+00 
 -1.785000e+01  0.000000e+00 
 -1.784000e+01  0.000000e+00 
 -1.783000e+01  0.000000e+00 
 -1.782000e+01  0.000000e+00 
 -1.781000e+01  0.000000e+00 
 -1.780000e+01  0.000000e+00 
 -1.779000e+01  0.000000e+00 
 -1.778000e+01  0.000000e+00 
 -1.777000e+01  0.000000e+00 
 -1.776000e+01  0.000000e+00 
 -1.775000e+01  0.000000e+00 
 -1.774000e+01  0.000000e+00 
 -1.773000e+01  0.000000e+00 
 -1.772000e+01  0.000000e+00 
 -1.771000e+01  0.000000e+00 
 -1.770000e+01  0.000000e+00 
 -1.769000e+01  0.000000e+00 
 -1.768000e+01  0.000000e+00 
 -1.767000e+01  0.000000e+00 
 -1.766000e+01  0.000000e+00 
 -1.765000e+01  0.000000e+00 
 -1.764000e+01  0.000000e+00 
 -1.763000e+01  0.000000e+00 
 -1.762000e+01  0.000000e+00 
 -1.761000e+01  0.000000e+00 
 -1.760000e+01  0.000000e+00 
 -1.759000e+01  0.000000e+00 
 -1.758000e+01  0.000000e+00 
 -1.757000e+01  0.000000e+00 
 -1.756000e+01  0.000000e+00 
 -1.755000e+01  0.000000e+00 
 -1.754000e+01  0.000000e+00 
 -1.753000e+01  0.000000e+00 
 -1.752000e+01  0.000000e+00 
 -1.751000e+01  0.000000e+00 
 -1.750000e+01  0.000000e+00 
 -1.749000e+01  0.000000e+00 
 -1.748000e+01  0.000000e+00 
 -1.747000e+01  0.000000e+00 
 -1.746000e+01  0.000000e+00 
 -1.745000e+01  0.000000e+00 
 -1.744000e+01  0.000000e+00 
 -1.743000e+01  0.000000e+00 
 -1.742000e+01  0.000000e+00 
 -1.741000e+01  0.000000e+00 
 -1.740000e+01  0.000000e+00 
 -1.739000e+01  0.000000e+00 
 -1.738000e+01  0.000000e+00 
 -1.737000e+01  0.000000e+00 
 -1.736000e+01  0.000000e+00 
 -1.735000e+01  0.000000e+00 
 -1.734000e+01  0.000000e+00 
 -1.733000e+01  0.000000e+00 
 -1.732000e+01  0.000000e+00 
 -1.731000e+01  0.000000e+00 
 -1.730000e+01  0.000000e+00 
 -1.729000e+01  0.000000e+00 
 -1.728000e+01  0.000000e+00 
 -1.727000e+01  0.000000e+00 
 -1.726000e+01  0.000000e+00 
 -1.725000e+01  0.000000e+00 
 -1.724000e+01  0.000000e+00 
 -1.723000e+01  0.000000e+00 
 -1.722000e+01  0.000000e+00 
 -1.721000e+01  0.000000e+00 
 -1.720000e+01  0.000000e+00 
 -1.719000e+01  0.000000e+00 
 -1.718000e+01  0.000000e+00 
 -1.717000e+01  0.000000e+00 
 -1.716000e+01  0.000000e+00 
 -1.715000e+01  0.000000e+00 
 -1.714000e+01  0.000000e+00 
 -1.713000e+01  0.000000e+00 
 -1.712000e+01  0.000000e+00 
 -1.711000e+01  0.000000e+00 
 -1.710000e+01  0.000000e+00 
 -1.709000e+01  0.000000e+00 
 -1.708000e+01  0.000000e+00 
 -1.707000e+01  0.000000e+00 
 -1.706000e+01  0.000000e+00 
 -1.705000e+01  0.000000e+00 
 -1.704000e+01  0.000000e+00 
 -1.703000e+01  0.000000e+00 
 -1.702000e+01  0.000000e+00 
 -1.701000e+01  0.000000e+00 
 -1.700000e+01  0.000000e+00 
 -1.699000e+01  0.000000e+00 
 -1.698000e+01  0.000000e+00 
 -1.697000e+01  0.000000e+00 
 -1.696000e+01  0.000000e+00 
 -1.695000e+01  0.000000e+00 
 -1.694000e+01  0.000000e+00 
 -1.693000e+01  0.000000e+00 
 -1.692000e+01  0.000000e+00 
 -1.691000e+01  0.000000e+00 
 -1.690000e+01  0.000000e+00 
 -1.689000e+01  0.000000e+00 
 -1.688000e+01  0.000000e+00 
 -1.687000e+01  0.000000e+00 
 -1.686000e+01  0.000000e+00 
 -1.685000e+01  0.000000e+00 
 -1.684000e+01  0.000000e+00 
 -1.683000e+01  0.000000e+00 
 -1.682000e+01  0.000000e+00 
 -1.681000e+01  0.000000e+00 
 -1.680000e+01  0.000000e+00 
 -1.679000e+01  0.000000e+00 
 -1.678000e+01  0.000000e+00 
 -1.677000e+01  0.000000e+00 
 -1.676000e+01  0.000000e+00 
 -1.675000e+01  0.000000e+00 
 -1.674000e+01  0.000000e+00 
 -1.673000e+01  0.000000e+00 
 -1.672000e+01  0.000000e+00 
 -1.671000e+01  0.000000e+00 
 -1.670000e+01  0.000000e+00 
 -1.669000e+01  0.000000e+00 
 -1.668000e+01  0.000000e+00 
 -1.667000e+01  0.000000e+00 
 -1.666000e+01  0.000000e+00 
 -1.665000e+01  0.000000e+00 
 -1.664000e+01  0.000000e+00 
 -1.663000e+01  0.000000e+00 
 -1.662000e+01  0.000000e+00 
 -1.661000e+01  0.000000e+00 
 -1.660000e+01  0.000000e+00 
 -1.659000e+01  0.000000e+00 
 -1.658000e+01  0.000000e+00 
 -1.657000e+01  0.000000e+00 
 -1.656000e+01  0.000000e+00 
 -1.655000e+01  0.000000e+00 
 -1.654000e+01  0.000000e+00 
 -1.653000e+01  0.000000e+00 
 -1.652000e+01  0.000000e+00 
 -1.651000e+01  0.000000e+00 
 -1.650000e+01  0.000000e+00 
 -1.649000e+01  0.000000e+00 
 -1.648000e+01  0.000000e+00 
 -1.647000e+01  0.000000e+00 
 -1.646000e+01  0.000000e+00 
 -1.645000e+01  0.000000e+00 
 -1.644000e+01  0.000000e+00 
 -1.643000e+01  0.000000e+00 
 -1.642000e+01  0.000000e+00 
 -1.641000e+01  0.000000e+00 
 -1.640000e+01  0.000000e+00 
 -1.639000e+01  0.000000e+00 
 -1.638000e+01  0.000000e+00 
 -1.637000e+01  0.000000e+00 
 -1.636000e+01  0.000000e+00 
 -1.635000e+01  0.000000e+00 
 -1.634000e+01  0.000000e+00 
 -1.633000e+01  0.000000e+00 
 -1.632000e+01  0.000000e+00 
 -1.631000e+01  0.000000e+00 
 -1.630000e+01  0.000000e+00 
 -1.629000e+01  0.000000e+00 
 -1.628000e+01  0.000000e+00 
 -1.627000e+01  0.000000e+00 
 -1.626000e+01  0.000000e+00 
 -1.625000e+01  0.000000e+00 
 -1.624000e+01  0.000000e+00 
 -1.623000e+01  0.000000e+00 
 -1.622000e+01  0.000000e+00 
 -1.621000e+01  0.000000e+00 
 -1.620000e+01  0.000000e+00 
 -1.619000e+01  0.000000e+00 
 -1.618000e+01  0.000000e+00 
 -1.617000e+01  0.000000e+00 
 -1.616000e+01  0.000000e+00 
 -1.615000e+01  0.000000e+00 
 -1.614000e+01  0.000000e+00 
 -1.613000e+01  0.000000e+00 
 -1.612000e+01  0.000000e+00 
 -1.611000e+01  0.000000e+00 
 -1.610000e+01  0.000000e+00 
 -1.609000e+01  0.000000e+00 
 -1.608000e+01  0.000000e+00 
 -1.607000e+01  0.000000e+00 
 -1.606000e+01  0.000000e+00 
 -1.605000e+01  0.000000e+00 
 -1.604000e+01  0.000000e+00 
 -1.603000e+01  0.000000e+00 
 -1.602000e+01  0.000000e+00 
 -1.601000e+01  0.000000e+00 
 -1.600000e+01  0.000000e+00 
 -1.599000e+01  0.000000e+00 
 -1.598000e+01  0.000000e+00 
 -1.597000e+01  0.000000e+00 
 -1.596000e+01  0.000000e+00 
 -1.595000e+01  0.000000e+00 
 -1.594000e+01  0.000000e+00 
 -1.593000e+01  0.000000e+00 
 -1.592000e+01  0.000000e+00 
 -1.591000e+01  0.000000e+00 
 -1.590000e+01  0.000000e+00 
 -1.589000e+01  0.000000e+00 
 -1.588000e+01  0.000000e+00 
 -1.587000e+01  0.000000e+00 
 -1.586000e+01  0.000000e+00 
 -1.585000e+01  0.000000e+00 
 -1.584000e+01  0.000000e+00 
 -1.583000e+01  0.000000e+00 
 -1.582000e+01  0.000000e+00 
 -1.581000e+01  0.000000e+00 
 -1.580000e+01  0.000000e+00 
 -1.579000e+01  0.000000e+00 
 -1.578000e+01  0.000000e+00 
 -1.577000e+01  0.000000e+00 
 -1.576000e+01  0.000000e+00 
 -1.575000e+01  0.000000e+00 
 -1.574000e+01  0.000000e+00 
 -1.573000e+01  0.000000e+00 
 -1.572000e+01  0.000000e+00 
 -1.571000e+01  0.000000e+00 
 -1.570000e+01  0.000000e+00 
 -1.569000e+01  0.000000e+00 
 -1.568000e+01  0.000000e+00 
 -1.567000e+01  0.000000e+00 
 -1.566000e+01  0.000000e+00 
 -1.565000e+01  0.000000e+00 
 -1.564000e+01  0.000000e+00 
 -1.563000e+01  0.000000e+00 
 -1.562000e+01  0.000000e+00 
 -1.561000e+01  0.000000e+00 
 -1.560000e+01  0.000000e+00 
 -1.559000e+01  0.000000e+00 
 -1.558000e+01  0.000000e+00 
 -1.557000e+01  0.000000e+00 
 -1.556000e+01  0.000000e+00 
 -1.555000e+01  0.000000e+00 
 -1.554000e+01  0.000000e+00 
 -1.553000e+01  0.000000e+00 
 -1.552000e+01  0.000000e+00 
 -1.551000e+01  0.000000e+00 
 -1.550000e+01  0.000000e+00 
 -1.549000e+01  0.000000e+00 
 -1.548000e+01  0.000000e+00 
 -1.547000e+01  0.000000e+00 
 -1.546000e+01  0.000000e+00 
 -1.545000e+01  0.000000e+00 
 -1.544000e+01  0.000000e+00 
 -1.543000e+01  0.000000e+00 
 -1.542000e+01  0.000000e+00 
 -1.541000e+01  0.000000e+00 
 -1.540000e+01  0.000000e+00 
 -1.539000e+01  0.000000e+00 
 -1.538000e+01  0.000000e+00 
 -1.537000e+01  0.000000e+00 
 -1.536000e+01  0.000000e+00 
 -1.535000e+01  0.000000e+00 
 -1.534000e+01  0.000000e+00 
 -1.533000e+01  0.000000e+00 
 -1.532000e+01  0.000000e+00 
 -1.531000e+01  0.000000e+00 
 -1.530000e+01  0.000000e+00 
 -1.529000e+01  0.000000e+00 
 -1.528000e+01  0.000000e+00 
 -1.527000e+01  0.000000e+00 
 -1.526000e+01  0.000000e+00 
 -1.525000e+01  0.000000e+00 
 -1.524000e+01  0.000000e+00 
 -1.523000e+01  0.000000e+00 
 -1.522000e+01  0.000000e+00 
 -1.521000e+01  0.000000e+00 
 -1.520000e+01  0.000000e+00 
 -1.519000e+01  0.000000e+00 
 -1.518000e+01  0.000000e+00 
 -1.517000e+01  0.000000e+00 
 -1.516000e+01  0.000000e+00 
 -1.515000e+01  0.000000e+00 
 -1.514000e+01  0.000000e+00 
 -1.513000e+01  0.000000e+00 
 -1.512000e+01  0.000000e+00 
 -1.511000e+01  0.000000e+00 
 -1.510000e+01  0.000000e+00 
 -1.509000e+01  0.000000e+00 
 -1.508000e+01  0.000000e+00 
 -1.507000e+01  0.000000e+00 
 -1.506000e+01  0.000000e+00 
 -1.505000e+01  0.000000e+00 
 -1.504000e+01  0.000000e+00 
 -1.503000e+01  0.000000e+00 
 -1.502000e+01  0.000000e+00 
 -1.501000e+01  0.000000e+00 
 -1.500000e+01  0.000000e+00 
 -1.499000e+01  0.000000e+00 
 -1.498000e+01  0.000000e+00 
 -1.497000e+01  0.000000e+00 
 -1.496000e+01  0.000000e+00 
 -1.495000e+01  0.000000e+00 
 -1.494000e+01  0.000000e+00 
 -1.493000e+01  0.000000e+00 
 -1.492000e+01  0.000000e+00 
 -1.491000e+01  0.000000e+00 
 -1.490000e+01  0.000000e+00 
 -1.489000e+01  0.000000e+00 
 -1.488000e+01  0.000000e+00 
 -1.487000e+01  0.000000e+00 
 -1.486000e+01  0.000000e+00 
 -1.485000e+01  0.000000e+00 
 -1.484000e+01  0.000000e+00 
 -1.483000e+01  0.000000e+00 
 -1.482000e+01  0.000000e+00 
 -1.481000e+01  0.000000e+00 
 -1.480000e+01  0.000000e+00 
 -1.479000e+01  0.000000e+00 
 -1.478000e+01  0.000000e+00 
 -1.477000e+01  0.000000e+00 
 -1.476000e+01  0.000000e+00 
 -1.475000e+01  0.000000e+00 
 -1.474000e+01  0.000000e+00 
 -1.473000e+01  0.000000e+00 
 -1.472000e+01  0.000000e+00 
 -1.471000e+01  0.000000e+00 
 -1.470000e+01  0.000000e+00 
 -1.469000e+01  0.000000e+00 
 -1.468000e+01  0.000000e+00 
 -1.467000e+01  0.000000e+00 
 -1.466000e+01  0.000000e+00 
 -1.465000e+01  0.000000e+00 
 -1.464000e+01  0.000000e+00 
 -1.463000e+01  0.000000e+00 
 -1.462000e+01  0.000000e+00 
 -1.461000e+01  0.000000e+00 
 -1.460000e+01  0.000000e+00 
 -1.459000e+01  0.000000e+00 
 -1.458000e+01  0.000000e+00 
 -1.457000e+01  0.000000e+00 
 -1.456000e+01  0.000000e+00 
 -1.455000e+01  0.000000e+00 
 -1.454000e+01  0.000000e+00 
 -1.453000e+01  0.000000e+00 
 -1.452000e+01  0.000000e+00 
 -1.451000e+01  0.000000e+00 
 -1.450000e+01  0.000000e+00 
 -1.449000e+01  0.000000e+00 
 -1.448000e+01  0.000000e+00 
 -1.447000e+01  0.000000e+00 
 -1.446000e+01  0.000000e+00 
 -1.445000e+01  0.000000e+00 
 -1.444000e+01  0.000000e+00 
 -1.443000e+01  0.000000e+00 
 -1.442000e+01  0.000000e+00 
 -1.441000e+01  0.000000e+00 
 -1.440000e+01  0.000000e+00 
 -1.439000e+01  0.000000e+00 
 -1.438000e+01  0.000000e+00 
 -1.437000e+01  0.000000e+00 
 -1.436000e+01  0.000000e+00 
 -1.435000e+01  0.000000e+00 
 -1.434000e+01  0.000000e+00 
 -1.433000e+01  0.000000e+00 
 -1.432000e+01  0.000000e+00 
 -1.431000e+01  0.000000e+00 
 -1.430000e+01  0.000000e+00 
 -1.429000e+01  0.000000e+00 
 -1.428000e+01  0.000000e+00 
 -1.427000e+01  0.000000e+00 
 -1.426000e+01  0.000000e+00 
 -1.425000e+01  0.000000e+00 
 -1.424000e+01  0.000000e+00 
 -1.423000e+01  0.000000e+00 
 -1.422000e+01  0.000000e+00 
 -1.421000e+01  0.000000e+00 
 -1.420000e+01  0.000000e+00 
 -1.419000e+01  0.000000e+00 
 -1.418000e+01  0.000000e+00 
 -1.417000e+01  0.000000e+00 
 -1.416000e+01  0.000000e+00 
 -1.415000e+01  0.000000e+00 
 -1.414000e+01  0.000000e+00 
 -1.413000e+01  0.000000e+00 
 -1.412000e+01  0.000000e+00 
 -1.411000e+01  0.000000e+00 
 -1.410000e+01  0.000000e+00 
 -1.409000e+01  0.000000e+00 
 -1.408000e+01  0.000000e+00 
 -1.407000e+01  0.000000e+00 
 -1.406000e+01  0.000000e+00 
 -1.405000e+01  0.000000e+00 
 -1.404000e+01  0.000000e+00 
 -1.403000e+01  0.000000e+00 
 -1.402000e+01  0.000000e+00 
 -1.401000e+01  0.000000e+00 
 -1.400000e+01  0.000000e+00 
 -1.399000e+01  0.000000e+00 
 -1.398000e+01  0.000000e+00 
 -1.397000e+01  0.000000e+00 
 -1.396000e+01  0.000000e+00 
 -1.395000e+01  0.000000e+00 
 -1.394000e+01  0.000000e+00 
 -1.393000e+01  0.000000e+00 
 -1.392000e+01  0.000000e+00 
 -1.391000e+01  0.000000e+00 
 -1.390000e+01  0.000000e+00 
 -1.389000e+01  0.000000e+00 
 -1.388000e+01  0.000000e+00 
 -1.387000e+01  0.000000e+00 
 -1.386000e+01  0.000000e+00 
 -1.385000e+01  0.000000e+00 
 -1.384000e+01  0.000000e+00 
 -1.383000e+01  0.000000e+00 
 -1.382000e+01  0.000000e+00 
 -1.381000e+01  0.000000e+00 
 -1.380000e+01  0.000000e+00 
 -1.379000e+01  0.000000e+00 
 -1.378000e+01  0.000000e+00 
 -1.377000e+01  0.000000e+00 
 -1.376000e+01  0.000000e+00 
 -1.375000e+01  0.000000e+00 
 -1.374000e+01  0.000000e+00 
 -1.373000e+01  0.000000e+00 
 -1.372000e+01  0.000000e+00 
 -1.371000e+01  0.000000e+00 
 -1.370000e+01  0.000000e+00 
 -1.369000e+01  0.000000e+00 
 -1.368000e+01  0.000000e+00 
 -1.367000e+01  0.000000e+00 
 -1.366000e+01  0.000000e+00 
 -1.365000e+01  0.000000e+00 
 -1.364000e+01  0.000000e+00 
 -1.363000e+01  0.000000e+00 
 -1.362000e+01  0.000000e+00 
 -1.361000e+01  0.000000e+00 
 -1.360000e+01  0.000000e+00 
 -1.359000e+01  0.000000e+00 
 -1.358000e+01  0.000000e+00 
 -1.357000e+01  0.000000e+00 
 -1.356000e+01  0.000000e+00 
 -1.355000e+01  0.000000e+00 
 -1.354000e+01  0.000000e+00 
 -1.353000e+01  0.000000e+00 
 -1.352000e+01  0.000000e+00 
 -1.351000e+01  0.000000e+00 
 -1.350000e+01  0.000000e+00 
 -1.349000e+01  0.000000e+00 
 -1.348000e+01  0.000000e+00 
 -1.347000e+01  0.000000e+00 
 -1.346000e+01  0.000000e+00 
 -1.345000e+01  0.000000e+00 
 -1.344000e+01  0.000000e+00 
 -1.343000e+01  0.000000e+00 
 -1.342000e+01  0.000000e+00 
 -1.341000e+01  0.000000e+00 
 -1.340000e+01  1.285497e-05 
 -1.339000e+01  1.129240e-04 
 -1.338000e+01  3.121498e-04 
 -1.337000e+01  6.105322e-04 
 -1.336000e+01  1.008071e-03 
 -1.335000e+01  1.504767e-03 
 -1.334000e+01  2.101769e-03 
 -1.333000e+01  2.810536e-03 
 -1.332000e+01  5.451046e-03 
 -1.331000e+01  1.338749e-02 
 -1.330000e+01  2.552919e-02 
 -1.329000e+01  3.777272e-02 
 -1.328000e+01  4.976084e-02 
 -1.327000e+01  6.149353e-02 
 -1.326000e+01  7.297079e-02 
 -1.325000e+01  8.419264e-02 
 -1.324000e+01  9.515905e-02 
 -1.323000e+01  1.058700e-01 
 -1.322000e+01  1.163256e-01 
 -1.321000e+01  1.265258e-01 
 -1.320000e+01  1.364705e-01 
 -1.319000e+01  1.461598e-01 
 -1.318000e+01  1.555936e-01 
 -1.317000e+01  1.647721e-01 
 -1.316000e+01  1.736951e-01 
 -1.315000e+01  1.823627e-01 
 -1.314000e+01  1.907749e-01 
 -1.313000e+01  1.989316e-01 
 -1.312000e+01  2.068329e-01 
 -1.311000e+01  2.144788e-01 
 -1.310000e+01  2.218693e-01 
 -1.309000e+01  2.290043e-01 
 -1.308000e+01  2.358840e-01 
 -1.307000e+01  2.425082e-01 
 -1.306000e+01  2.488769e-01 
 -1.305000e+01  2.549903e-01 
 -1.304000e+01  2.608482e-01 
 -1.303000e+01  2.664507e-01 
 -1.302000e+01  2.717978e-01 
 -1.301000e+01  2.768894e-01 
 -1.300000e+01  2.817257e-01 
 -1.299000e+01  2.863065e-01 
 -1.298000e+01  2.906319e-01 
 -1.297000e+01  2.947018e-01 
 -1.296000e+01  2.985163e-01 
 -1.295000e+01  3.020754e-01 
 -1.294000e+01  3.053791e-01 
 -1.293000e+01  3.084274e-01 
 -1.292000e+01  3.112202e-01 
 -1.291000e+01  3.145957e-01 
 -1.290000e+01  3.220080e-01 
 -1.289000e+01  3.354857e-01 
 -1.288000e+01  3.708995e-01 
 -1.287000e+01  6.943832e-01 
 -1.286000e+01  1.418631e+00 
 -1.285000e+01  2.543653e+00 
 -1.284000e+01  4.069805e+00 
 -1.283000e+01  4.371376e+00 
 -1.282000e+01  2.363107e+00 
 -1.281000e+01  1.174110e+00 
 -1.280000e+01  9.249114e-01 
 -1.279000e+01  9.690858e-01 
 -1.278000e+01  9.667586e-01 
 -1.277000e+01  9.555259e-01 
 -1.276000e+01  9.449767e-01 
 -1.275000e+01  9.352923e-01 
 -1.274000e+01  9.297680e-01 
 -1.273000e+01  9.293801e-01 
 -1.272000e+01  9.315862e-01 
 -1.271000e+01  9.347841e-01 
 -1.270000e+01  9.379631e-01 
 -1.269000e+01  9.411232e-01 
 -1.268000e+01  9.442645e-01 
 -1.267000e+01  9.473977e-01 
 -1.266000e+01  9.505565e-01 
 -1.265000e+01  9.537433e-01 
 -1.264000e+01  9.569619e-01 
 -1.263000e+01  9.602492e-01 
 -1.262000e+01  9.636148e-01 
 -1.261000e+01  9.670587e-01 
 -1.260000e+01  9.705809e-01 
 -1.259000e+01  9.741814e-01 
 -1.258000e+01  9.778601e-01 
 -1.257000e+01  9.816172e-01 
 -1.256000e+01  9.854526e-01 
 -1.255000e+01  9.893663e-01 
 -1.254000e+01  9.933583e-01 
 -1.253000e+01  9.974286e-01 
 -1.252000e+01  1.001577e+00 
 -1.251000e+01  1.005804e+00 
 -1.250000e+01  1.010109e+00 
 -1.249000e+01  1.014493e+00 
 -1.248000e+01  1.018956e+00 
 -1.247000e+01  1.023684e+00 
 -1.246000e+01  1.028944e+00 
 -1.245000e+01  1.034929e+00 
 -1.244000e+01  1.041659e+00 
 -1.243000e+01  1.049333e+00 
 -1.242000e+01  1.072415e+00 
 -1.241000e+01  1.110786e+00 
 -1.240000e+01  1.149734e+00 
 -1.239000e+01  1.188364e+00 
 -1.238000e+01  1.226676e+00 
 -1.237000e+01  1.264670e+00 
 -1.236000e+01  1.302346e+00 
 -1.235000e+01  1.339705e+00 
 -1.234000e+01  1.376745e+00 
 -1.233000e+01  1.413467e+00 
 -1.232000e+01  1.449871e+00 
 -1.231000e+01  1.485957e+00 
 -1.230000e+01  1.521725e+00 
 -1.229000e+01  1.557175e+00 
 -1.228000e+01  1.592307e+00 
 -1.227000e+01  1.627121e+00 
 -1.226000e+01  1.661617e+00 
 -1.225000e+01  1.695794e+00 
 -1.224000e+01  1.729654e+00 
 -1.223000e+01  1.763196e+00 
 -1.222000e+01  1.796420e+00 
 -1.221000e+01  1.829326e+00 
 -1.220000e+01  1.861914e+00 
 -1.219000e+01  1.894184e+00 
 -1.218000e+01  1.926135e+00 
 -1.217000e+01  1.957769e+00 
 -1.216000e+01  1.989085e+00 
 -1.215000e+01  2.020083e+00 
 -1.214000e+01  2.050762e+00 
 -1.213000e+01  2.081124e+00 
 -1.212000e+01  2.111168e+00 
 -1.211000e+01  2.140893e+00 
 -1.210000e+01  2.170301e+00 
 -1.209000e+01  2.199391e+00 
 -1.208000e+01  2.235258e+00 
 -1.207000e+01  2.334935e+00 
 -1.206000e+01  2.769519e+00 
 -1.205000e+01  3.590609e+00 
 -1.204000e+01  4.798433e+00 
 -1.203000e+01  6.375067e+00 
 -1.202000e+01  6.779125e+00 
 -1.201000e+01  5.061380e+00 
 -1.200000e+01  3.912314e+00 
 -1.199000e+01  4.854675e+00 
 -1.198000e+01  6.220167e+00 
 -1.197000e+01  7.792903e+00 
 -1.196000e+01  7.425504e+00 
 -1.195000e+01  4.718255e+00 
 -1.194000e+01  4.166052e+00 
 -1.193000e+01  4.163128e+00 
 -1.192000e+01  4.163874e+00 
 -1.191000e+01  4.173739e+00 
 -1.190000e+01  4.213655e+00 
 -1.189000e+01  4.256852e+00 
 -1.188000e+01  4.300239e+00 
 -1.187000e+01  4.344078e+00 
 -1.186000e+01  4.388374e+00 
 -1.185000e+01  4.433147e+00 
 -1.184000e+01  4.478751e+00 
 -1.183000e+01  4.525309e+00 
 -1.182000e+01  4.577286e+00 
 -1.181000e+01  4.671309e+00 
 -1.180000e+01  4.814730e+00 
 -1.179000e+01  5.006026e+00 
 -1.178000e+01  5.244756e+00 
 -1.177000e+01  5.531491e+00 
 -1.176000e+01  5.868618e+00 
 -1.175000e+01  6.259439e+00 
 -1.174000e+01  6.693813e+00 
 -1.173000e+01  6.693749e+00 
 -1.172000e+01  6.314330e+00 
 -1.171000e+01  5.966495e+00 
 -1.170000e+01  5.726363e+00 
 -1.169000e+01  5.512965e+00 
 -1.168000e+01  5.340064e+00 
 -1.167000e+01  5.207646e+00 
 -1.166000e+01  5.115709e+00 
 -1.165000e+01  5.064121e+00 
 -1.164000e+01  5.052535e+00 
 -1.163000e+01  5.080932e+00 
 -1.162000e+01  5.137377e+00 
 -1.161000e+01  5.194198e+00 
 -1.160000e+01  5.249058e+00 
 -1.159000e+01  5.301957e+00 
 -1.158000e+01  5.352895e+00 
 -1.157000e+01  5.401871e+00 
 -1.156000e+01  5.448887e+00 
 -1.155000e+01  5.493941e+00 
 -1.154000e+01  5.537034e+00 
 -1.153000e+01  5.578166e+00 
 -1.152000e+01  5.617336e+00 
 -1.151000e+01  5.654546e+00 
 -1.150000e+01  5.689794e+00 
 -1.149000e+01  5.723082e+00 
 -1.148000e+01  5.754408e+00 
 -1.147000e+01  5.783773e+00 
 -1.146000e+01  5.811176e+00 
 -1.145000e+01  5.836619e+00 
 -1.144000e+01  5.860100e+00 
 -1.143000e+01  5.881639e+00 
 -1.142000e+01  5.889218e+00 
 -1.141000e+01  5.837144e+00 
 -1.140000e+01  5.771525e+00 
 -1.139000e+01  5.737609e+00 
 -1.138000e+01  5.722070e+00 
 -1.137000e+01  5.694948e+00 
 -1.136000e+01  5.560269e+00 
 -1.135000e+01  5.327303e+00 
 -1.134000e+01  5.130782e+00 
 -1.133000e+01  4.994159e+00 
 -1.132000e+01  4.919138e+00 
 -1.131000e+01  4.904713e+00 
 -1.130000e+01  4.947766e+00 
 -1.129000e+01  4.972453e+00 
 -1.128000e+01  4.923148e+00 
 -1.127000e+01  4.799840e+00 
 -1.126000e+01  4.602528e+00 
 -1.125000e+01  4.331213e+00 
 -1.124000e+01  3.986017e+00 
 -1.123000e+01  3.584192e+00 
 -1.122000e+01  3.342519e+00 
 -1.121000e+01  3.559592e+00 
 -1.120000e+01  4.741620e+00 
 -1.119000e+01  7.271752e+00 
 -1.118000e+01  7.321658e+00 
 -1.117000e+01  5.024068e+00 
 -1.116000e+01  3.218342e+00 
 -1.115000e+01  1.849122e+00 
 -1.114000e+01  8.601232e-01 
 -1.113000e+01  2.513451e-01 
 -1.112000e+01  1.666057e-02 
 -1.111000e+01  0.000000e+00 
 -1.110000e+01  0.000000e+00 
 -1.109000e+01  0.000000e+00 
 -1.108000e+01  0.000000e+00 
 -1.107000e+01  0.000000e+00 
 -1.106000e+01  0.000000e+00 
 -1.105000e+01  0.000000e+00 
 -1.104000e+01  0.000000e+00 
 -1.103000e+01  0.000000e+00 
 -1.102000e+01  0.000000e+00 
 -1.101000e+01  0.000000e+00 
 -1.100000e+01  0.000000e+00 
 -1.099000e+01  0.000000e+00 
 -1.098000e+01  0.000000e+00 
 -1.097000e+01  0.000000e+00 
 -1.096000e+01  0.000000e+00 
 -1.095000e+01  0.000000e+00 
 -1.094000e+01  0.000000e+00 
 -1.093000e+01  0.000000e+00 
 -1.092000e+01  0.000000e+00 
 -1.091000e+01  0.000000e+00 
 -1.090000e+01  0.000000e+00 
 -1.089000e+01  0.000000e+00 
 -1.088000e+01  0.000000e+00 
 -1.087000e+01  0.000000e+00 
 -1.086000e+01  0.000000e+00 
 -1.085000e+01  0.000000e+00 
 -1.084000e+01  0.000000e+00 
 -1.083000e+01  0.000000e+00 
 -1.082000e+01  0.000000e+00 
 -1.081000e+01  0.000000e+00 
 -1.080000e+01  0.000000e+00 
 -1.079000e+01  0.000000e+00 
 -1.078000e+01  0.000000e+00 
 -1.077000e+01  0.000000e+00 
 -1.076000e+01  0.000000e+00 
 -1.075000e+01  0.000000e+00 
 -1.074000e+01  0.000000e+00 
 -1.073000e+01  0.000000e+00 
 -1.072000e+01  0.000000e+00 
 -1.071000e+01  0.000000e+00 
 -1.070000e+01  0.000000e+00 
 -1.069000e+01  0.000000e+00 
 -1.068000e+01  0.000000e+00 
 -1.067000e+01  0.000000e+00 
 -1.066000e+01  0.000000e+00 
 -1.065000e+01  0.000000e+00 
 -1.064000e+01  0.000000e+00 
 -1.063000e+01  0.000000e+00 
 -1.062000e+01  0.000000e+00 
 -1.061000e+01  0.000000e+00 
 -1.060000e+01  0.000000e+00 
 -1.059000e+01  0.000000e+00 
 -1.058000e+01  0.000000e+00 
 -1.057000e+01  0.000000e+00 
 -1.056000e+01  2.256701e-04 
 -1.055000e+01  3.731739e-03 
 -1.054000e+01  1.148190e-02 
 -1.053000e+01  2.347614e-02 
 -1.052000e+01  4.009752e-02 
 -1.051000e+01  6.698034e-02 
 -1.050000e+01  1.059924e-01 
 -1.049000e+01  1.579544e-01 
 -1.048000e+01  2.249993e-01 
 -1.047000e+01  3.072452e-01 
 -1.046000e+01  4.177398e-01 
 -1.045000e+01  5.979541e-01 
 -1.044000e+01  8.358043e-01 
 -1.043000e+01  1.106456e+00 
 -1.042000e+01  1.388279e+00 
 -1.041000e+01  1.686388e+00 
 -1.040000e+01  1.996272e+00 
 -1.039000e+01  2.295691e+00 
 -1.038000e+01  2.579957e+00 
 -1.037000e+01  2.838601e+00 
 -1.036000e+01  3.065647e+00 
 -1.035000e+01  3.261095e+00 
 -1.034000e+01  3.424945e+00 
 -1.033000e+01  3.557197e+00 
 -1.032000e+01  3.657851e+00 
 -1.031000e+01  3.738065e+00 
 -1.030000e+01  3.864322e+00 
 -1.029000e+01  4.049057e+00 
 -1.028000e+01  4.293581e+00 
 -1.027000e+01  4.757149e+00 
 -1.026000e+01  5.601505e+00 
 -1.025000e+01  6.816623e+00 
 -1.024000e+01  8.462797e+00 
 -1.023000e+01  1.046542e+01 
 -1.022000e+01  1.045811e+01 
 -1.021000e+01  8.141389e+00 
 -1.020000e+01  6.515299e+00 
 -1.019000e+01  5.528297e+00 
 -1.018000e+01  5.138374e+00 
 -1.017000e+01  4.979508e+00 
 -1.016000e+01  4.916871e+00 
 -1.015000e+01  4.860796e+00 
 -1.014000e+01  4.805570e+00 
 -1.013000e+01  4.751192e+00 
 -1.012000e+01  4.697662e+00 
 -1.011000e+01  4.644982e+00 
 -1.010000e+01  4.594278e+00 
 -1.009000e+01  4.552001e+00 
 -1.008000e+01  4.544430e+00 
 -1.007000e+01  4.576706e+00 
 -1.006000e+01  4.648830e+00 
 -1.005000e+01  4.760801e+00 
 -1.004000e+01  4.912621e+00 
 -1.003000e+01  5.104290e+00 
 -1.002000e+01  5.336525e+00 
 -1.001000e+01  5.621723e+00 
 -1.000000e+01  5.964443e+00 
 -9.990000e+00  6.349037e+00 
 -9.980000e+00  6.350320e+00 
 -9.970000e+00  5.801230e+00 
 -9.960000e+00  5.361980e+00 
 -9.950000e+00  5.028867e+00 
 -9.940000e+00  4.782012e+00 
 -9.930000e+00  4.633294e+00 
 -9.920000e+00  4.582718e+00 
 -9.910000e+00  4.593828e+00 
 -9.900000e+00  4.608016e+00 
 -9.890000e+00  4.624284e+00 
 -9.880000e+00  4.639682e+00 
 -9.870000e+00  4.653049e+00 
 -9.860000e+00  4.664378e+00 
 -9.850000e+00  4.673672e+00 
 -9.840000e+00  4.680929e+00 
 -9.830000e+00  4.686149e+00 
 -9.820000e+00  4.689333e+00 
 -9.810000e+00  4.690481e+00 
 -9.800000e+00  4.689592e+00 
 -9.790000e+00  4.686664e+00 
 -9.780000e+00  4.681445e+00 
 -9.770000e+00  4.673704e+00 
 -9.760000e+00  4.663147e+00 
 -9.750000e+00  4.649739e+00 
 -9.740000e+00  4.640810e+00 
 -9.730000e+00  4.662436e+00 
 -9.720000e+00  4.697793e+00 
 -9.710000e+00  4.700351e+00 
 -9.700000e+00  5.871802e+00 
 -9.690000e+00  1.115774e+01 
 -9.680000e+00  7.216940e+00 
 -9.670000e+00  4.064856e+00 
 -9.660000e+00  3.428844e+00 
 -9.650000e+00  3.418783e+00 
 -9.640000e+00  3.431046e+00 
 -9.630000e+00  3.446812e+00 
 -9.620000e+00  3.465297e+00 
 -9.610000e+00  3.479559e+00 
 -9.600000e+00  3.474320e+00 
 -9.590000e+00  3.458601e+00 
 -9.580000e+00  3.441803e+00 
 -9.570000e+00  3.423960e+00 
 -9.560000e+00  3.405073e+00 
 -9.550000e+00  3.385539e+00 
 -9.540000e+00  3.367991e+00 
 -9.530000e+00  3.352909e+00 
 -9.520000e+00  3.339219e+00 
 -9.510000e+00  3.320550e+00 
 -9.500000e+00  3.295359e+00 
 -9.490000e+00  3.265802e+00 
 -9.480000e+00  3.236155e+00 
 -9.470000e+00  3.206127e+00 
 -9.460000e+00  3.175610e+00 
 -9.450000e+00  3.144592e+00 
 -9.440000e+00  3.113050e+00 
 -9.430000e+00  3.081163e+00 
 -9.420000e+00  3.052102e+00 
 -9.410000e+00  3.030924e+00 
 -9.400000e+00  3.017928e+00 
 -9.390000e+00  3.006065e+00 
 -9.380000e+00  2.946854e+00 
 -9.370000e+00  3.175340e+00 
 -9.360000e+00  5.270386e+00 
 -9.350000e+00  7.783496e+00 
 -9.340000e+00  4.569441e+00 
 -9.330000e+00  2.442418e+00 
 -9.320000e+00  1.437931e+00 
 -9.310000e+00  1.308064e+00 
 -9.300000e+00  1.270812e+00 
 -9.290000e+00  1.251196e+00 
 -9.280000e+00  1.239594e+00 
 -9.270000e+00  1.229021e+00 
 -9.260000e+00  1.218520e+00 
 -9.250000e+00  1.208089e+00 
 -9.240000e+00  1.197729e+00 
 -9.230000e+00  1.187440e+00 
 -9.220000e+00  1.177222e+00 
 -9.210000e+00  1.167075e+00 
 -9.200000e+00  1.156998e+00 
 -9.190000e+00  1.146993e+00 
 -9.180000e+00  1.137059e+00 
 -9.170000e+00  1.127195e+00 
 -9.160000e+00  1.117402e+00 
 -9.150000e+00  1.107680e+00 
 -9.140000e+00  1.098029e+00 
 -9.130000e+00  1.088449e+00 
 -9.120000e+00  1.078940e+00 
 -9.110000e+00  1.069502e+00 
 -9.100000e+00  1.060135e+00 
 -9.090000e+00  1.050838e+00 
 -9.080000e+00  1.041612e+00 
 -9.070000e+00  1.032458e+00 
 -9.060000e+00  1.023374e+00 
 -9.050000e+00  1.014361e+00 
 -9.040000e+00  1.005419e+00 
 -9.030000e+00  9.965478e-01 
 -9.020000e+00  9.877476e-01 
 -9.010000e+00  9.790182e-01 
 -9.000000e+00  9.703598e-01 
 -8.990000e+00  9.617722e-01 
 -8.980000e+00  9.532556e-01 
 -8.970000e+00  9.448098e-01 
 -8.960000e+00  9.364349e-01 
 -8.950000e+00  9.281309e-01 
 -8.940000e+00  9.198978e-01 
 -8.930000e+00  9.117356e-01 
 -8.920000e+00  9.036443e-01 
 -8.910000e+00  8.956239e-01 
 -8.900000e+00  8.876743e-01 
 -8.890000e+00  8.797957e-01 
 -8.880000e+00  8.719880e-01 
 -8.870000e+00  8.642511e-01 
 -8.860000e+00  8.565852e-01 
 -8.850000e+00  8.489901e-01 
 -8.840000e+00  8.414659e-01 
 -8.830000e+00  8.340126e-01 
 -8.820000e+00  8.266302e-01 
 -8.810000e+00  8.193188e-01 
 -8.800000e+00  8.120781e-01 
 -8.790000e+00  8.049084e-01 
 -8.780000e+00  7.978061e-01 
 -8.770000e+00  7.907022e-01 
 -8.760000e+00  7.835704e-01 
 -8.750000e+00  7.764105e-01 
 -8.740000e+00  7.692227e-01 
 -8.730000e+00  7.620068e-01 
 -8.720000e+00  7.547630e-01 
 -8.710000e+00  7.474713e-01 
 -8.700000e+00  7.400731e-01 
 -8.690000e+00  7.325647e-01 
 -8.680000e+00  7.249460e-01 
 -8.670000e+00  7.188419e-01 
 -8.660000e+00  7.213440e-01 
 -8.650000e+00  7.261401e-01 
 -8.640000e+00  7.322584e-01 
 -8.630000e+00  7.391200e-01 
 -8.620000e+00  7.467091e-01 
 -8.610000e+00  7.546438e-01 
 -8.600000e+00  8.309029e-01 
 -8.590000e+00  1.633637e+00 
 -8.580000e+00  2.366593e+00 
 -8.570000e+00  2.717146e+00 
 -8.560000e+00  2.715900e+00 
 -8.550000e+00  2.365370e+00 
 -8.540000e+00  1.894753e+00 
 -8.530000e+00  1.483910e+00 
 -8.520000e+00  1.132840e+00 
 -8.510000e+00  8.415444e-01 
 -8.500000e+00  6.100220e-01 
 -8.490000e+00  4.382733e-01 
 -8.480000e+00  3.262951e-01 
 -8.470000e+00  2.740511e-01 
 -8.460000e+00  2.642049e-01 
 -8.450000e+00  2.609792e-01 
 -8.440000e+00  2.589230e-01 
 -8.430000e+00  2.568543e-01 
 -8.420000e+00  2.547733e-01 
 -8.410000e+00  2.526799e-01 
 -8.400000e+00  2.505741e-01 
 -8.390000e+00  2.484558e-01 
 -8.380000e+00  2.463252e-01 
 -8.370000e+00  2.441822e-01 
 -8.360000e+00  2.420267e-01 
 -8.350000e+00  2.398589e-01 
 -8.340000e+00  2.376787e-01 
 -8.330000e+00  2.354860e-01 
 -8.320000e+00  2.332810e-01 
 -8.310000e+00  2.310636e-01 
 -8.300000e+00  2.288337e-01 
 -8.290000e+00  2.265915e-01 
 -8.280000e+00  2.243369e-01 
 -8.270000e+00  2.220698e-01 
 -8.260000e+00  2.197904e-01 
 -8.250000e+00  2.174985e-01 
 -8.240000e+00  2.151943e-01 
 -8.230000e+00  2.128776e-01 
 -8.220000e+00  2.105486e-01 
 -8.210000e+00  2.082072e-01 
 -8.200000e+00  2.058533e-01 
 -8.190000e+00  2.034871e-01 
 -8.180000e+00  2.011084e-01 
 -8.170000e+00  1.987174e-01 
 -8.160000e+00  1.963139e-01 
 -8.150000e+00  1.938981e-01 
 -8.140000e+00  1.914698e-01 
 -8.130000e+00  1.890292e-01 
 -8.120000e+00  1.865761e-01 
 -8.110000e+00  1.841106e-01 
 -8.100000e+00  1.816328e-01 
 -8.090000e+00  1.791425e-01 
 -8.080000e+00  1.766399e-01 
 -8.070000e+00  1.741248e-01 
 -8.060000e+00  1.715974e-01 
 -8.050000e+00  1.690575e-01 
 -8.040000e+00  1.665052e-01 
 -8.030000e+00  1.639406e-01 
 -8.020000e+00  1.613635e-01 
 -8.010000e+00  1.587740e-01 
 -8.000000e+00  1.561722e-01 
 -7.990000e+00  1.535579e-01 
 -7.980000e+00  1.509312e-01 
 -7.970000e+00  1.482922e-01 
 -7.960000e+00  1.456407e-01 
 -7.950000e+00  1.429768e-01 
 -7.940000e+00  1.403006e-01 
 -7.930000e+00  1.376119e-01 
 -7.920000e+00  1.349108e-01 
 -7.910000e+00  1.321973e-01 
 -7.900000e+00  1.294715e-01 
 -7.890000e+00  1.267332e-01 
 -7.880000e+00  1.239825e-01 
 -7.870000e+00  1.212194e-01 
 -7.860000e+00  1.184440e-01 
 -7.850000e+00  1.156561e-01 
 -7.840000e+00  1.128558e-01 
 -7.830000e+00  1.100431e-01 
 -7.820000e+00  1.072180e-01 
 -7.810000e+00  1.043805e-01 
 -7.800000e+00  1.015307e-01 
 -7.790000e+00  9.866837e-02 
 -7.780000e+00  9.579369e-02 
 -7.770000e+00  9.290660e-02 
 -7.760000e+00  9.000711e-02 
 -7.750000e+00  8.709522e-02 
 -7.740000e+00  8.417093e-02 
 -7.730000e+00  8.123424e-02 
 -7.720000e+00  7.828515e-02 
 -7.710000e+00  7.532365e-02 
 -7.700000e+00  7.234976e-02 
 -7.690000e+00  6.936347e-02 
 -7.680000e+00  6.636477e-02 
 -7.670000e+00  6.335367e-02 
 -7.660000e+00  6.033017e-02 
 -7.650000e+00  5.729428e-02 
 -7.640000e+00  5.424598e-02 
 -7.630000e+00  5.118528e-02 
 -7.620000e+00  4.811217e-02 
 -7.610000e+00  4.502667e-02 
 -7.600000e+00  4.192877e-02 
 -7.590000e+00  3.881846e-02 
 -7.580000e+00  3.569576e-02 
 -7.570000e+00  3.256065e-02 
 -7.560000e+00  2.941314e-02 
 -7.550000e+00  2.625324e-02 
 -7.540000e+00  2.308093e-02 
 -7.530000e+00  1.989622e-02 
 -7.520000e+00  1.669910e-02 
 -7.510000e+00  1.348959e-02 
 -7.500000e+00  1.026768e-02 
 -7.490000e+00  7.033365e-03 
 -7.480000e+00  3.786650e-03 
 -7.470000e+00  1.229905e-03 
 -7.460000e+00  9.732677e-04 
 -7.450000e+00  7.495917e-04 
 -7.440000e+00  5.551044e-04 
 -7.430000e+00  3.898060e-04 
 -7.420000e+00  2.536962e-04 
 -7.410000e+00  1.467753e-04 
 -7.400000e+00  6.904313e-05 
 -7.390000e+00  2.049972e-05 
 -7.380000e+00  8.742497e-07 
 -7.370000e+00  0.000000e+00 
 -7.360000e+00  0.000000e+00 
 -7.350000e+00  0.000000e+00 
 -7.340000e+00  0.000000e+00 
 -7.330000e+00  0.000000e+00 
 -7.320000e+00  0.000000e+00 
 -7.310000e+00  0.000000e+00 
 -7.300000e+00  0.000000e+00 
 -7.290000e+00  0.000000e+00 
 -7.280000e+00  0.000000e+00 
 -7.270000e+00  0.000000e+00 
 -7.260000e+00  0.000000e+00 
 -7.250000e+00  0.000000e+00 
 -7.240000e+00  0.000000e+00 
 -7.230000e+00  0.000000e+00 
 -7.220000e+00  0.000000e+00 
 -7.210000e+00  0.000000e+00 
 -7.200000e+00  0.000000e+00 
 -7.190000e+00  0.000000e+00 
 -7.180000e+00  0.000000e+00 
 -7.170000e+00  0.000000e+00 
 -7.160000e+00  0.000000e+00 
 -7.150000e+00  0.000000e+00 
 -7.140000e+00  0.000000e+00 
 -7.130000e+00  0.000000e+00 
 -7.120000e+00  0.000000e+00 
 -7.110000e+00  0.000000e+00 
 -7.100000e+00  0.000000e+00 
 -7.090000e+00  0.000000e+00 
 -7.080000e+00  0.000000e+00 
 -7.070000e+00  0.000000e+00 
 -7.060000e+00  0.000000e+00 
 -7.050000e+00  0.000000e+00 
 -7.040000e+00  0.000000e+00 
 -7.030000e+00  0.000000e+00 
 -7.020000e+00  0.000000e+00 
 -7.010000e+00  0.000000e+00 
 -7.000000e+00  0.000000e+00 
 -6.990000e+00  0.000000e+00 
 -6.980000e+00  0.000000e+00 
 -6.970000e+00  0.000000e+00 
 -6.960000e+00  0.000000e+00 
 -6.950000e+00  0.000000e+00 
 -6.940000e+00  0.000000e+00 
 -6.930000e+00  0.000000e+00 
 -6.920000e+00  0.000000e+00 
 -6.910000e+00  0.000000e+00 
 -6.900000e+00  0.000000e+00 
 -6.890000e+00  0.000000e+00 
 -6.880000e+00  0.000000e+00 
 -6.870000e+00  0.000000e+00 
 -6.860000e+00  0.000000e+00 
 -6.850000e+00  0.000000e+00 
 -6.840000e+00  0.000000e+00 
 -6.830000e+00  0.000000e+00 
 -6.820000e+00  0.000000e+00 
 -6.810000e+00  0.000000e+00 
 -6.800000e+00  0.000000e+00 
 -6.790000e+00  0.000000e+00 
 -6.780000e+00  0.000000e+00 
 -6.770000e+00  0.000000e+00 
 -6.760000e+00  0.000000e+00 
 -6.750000e+00  0.000000e+00 
 -6.740000e+00  0.000000e+00 
 -6.730000e+00  0.000000e+00 
 -6.720000e+00  0.000000e+00 
 -6.710000e+00  0.000000e+00 
 -6.700000e+00  0.000000e+00 
 -6.690000e+00  0.000000e+00 
 -6.680000e+00  0.000000e+00 
 -6.670000e+00  0.000000e+00 
 -6.660000e+00  0.000000e+00 
 -6.650000e+00  0.000000e+00 
 -6.640000e+00  0.000000e+00 
 -6.630000e+00  0.000000e+00 
 -6.620000e+00  0.000000e+00 
 -6.610000e+00  0.000000e+00 
 -6.600000e+00  0.000000e+00 
 -6.590000e+00  0.000000e+00 
 -6.580000e+00  0.000000e+00 
 -6.570000e+00  0.000000e+00 
 -6.560000e+00  0.000000e+00 
 -6.550000e+00  0.000000e+00 
 -6.540000e+00  0.000000e+00 
 -6.530000e+00  0.000000e+00 
 -6.520000e+00  0.000000e+00 
 -6.510000e+00  0.000000e+00 
 -6.500000e+00  0.000000e+00 
 -6.490000e+00  0.000000e+00 
 -6.480000e+00  0.000000e+00 
 -6.470000e+00  0.000000e+00 
 -6.460000e+00  0.000000e+00 
 -6.450000e+00  0.000000e+00 
 -6.440000e+00  0.000000e+00 
 -6.430000e+00  0.000000e+00 
 -6.420000e+00  0.000000e+00 
 -6.410000e+00  0.000000e+00 
 -6.400000e+00  0.000000e+00 
 -6.390000e+00  0.000000e+00 
 -6.380000e+00  0.000000e+00 
 -6.370000e+00  0.000000e+00 
 -6.360000e+00  0.000000e+00 
 -6.350000e+00  0.000000e+00 
 -6.340000e+00  0.000000e+00 
 -6.330000e+00  0.000000e+00 
 -6.320000e+00  0.000000e+00 
 -6.310000e+00  0.000000e+00 
 -6.300000e+00  0.000000e+00 
 -6.290000e+00  0.000000e+00 
 -6.280000e+00  0.000000e+00 
 -6.270000e+00  0.000000e+00 
 -6.260000e+00  0.000000e+00 
 -6.250000e+00  0.000000e+00 
 -6.240000e+00  0.000000e+00 
 -6.230000e+00  0.000000e+00 
 -6.220000e+00  0.000000e+00 
 -6.210000e+00  0.000000e+00 
 -6.200000e+00  0.000000e+00 
 -6.190000e+00  0.000000e+00 
 -6.180000e+00  0.000000e+00 
 -6.170000e+00  0.000000e+00 
 -6.160000e+00  0.000000e+00 
 -6.150000e+00  0.000000e+00 
 -6.140000e+00  0.000000e+00 
 -6.130000e+00  0.000000e+00 
 -6.120000e+00  0.000000e+00 
 -6.110000e+00  0.000000e+00 
 -6.100000e+00  0.000000e+00 
 -6.090000e+00  0.000000e+00 
 -6.080000e+00  0.000000e+00 
 -6.070000e+00  0.000000e+00 
 -6.060000e+00  0.000000e+00 
 -6.050000e+00  0.000000e+00 
 -6.040000e+00  0.000000e+00 
 -6.030000e+00  0.000000e+00 
 -6.020000e+00  0.000000e+00 
 -6.010000e+00  0.000000e+00 
 -6.000000e+00  0.000000e+00 
 -5.990000e+00  0.000000e+00 
 -5.980000e+00  0.000000e+00 
 -5.970000e+00  0.000000e+00 
 -5.960000e+00  0.000000e+00 
 -5.950000e+00  0.000000e+00 
 -5.940000e+00  0.000000e+00 
 -5.930000e+00  0.000000e+00 
 -5.920000e+00  0.000000e+00 
 -5.910000e+00  0.000000e+00 
 -5.900000e+00  0.000000e+00 
 -5.890000e+00  0.000000e+00 
 -5.880000e+00  0.000000e+00 
 -5.870000e+00  0.000000e+00 
 -5.860000e+00  0.000000e+00 
 -5.850000e+00  0.000000e+00 
 -5.840000e+00  0.000000e+00 
 -5.830000e+00  0.000000e+00 
 -5.820000e+00  0.000000e+00 
 -5.810000e+00  0.000000e+00 
 -5.800000e+00  0.000000e+00 
 -5.790000e+00  0.000000e+00 
 -5.780000e+00  0.000000e+00 
 -5.770000e+00  0.000000e+00 
 -5.760000e+00  0.000000e+00 
 -5.750000e+00  0.000000e+00 
 -5.740000e+00  0.000000e+00 
 -5.730000e+00  0.000000e+00 
 -5.720000e+00  0.000000e+00 
 -5.710000e+00  0.000000e+00 
 -5.700000e+00  0.000000e+00 
 -5.690000e+00  0.000000e+00 
 -5.680000e+00  0.000000e+00 
 -5.670000e+00  0.000000e+00 
 -5.660000e+00  0.000000e+00 
 -5.650000e+00  0.000000e+00 
 -5.640000e+00  0.000000e+00 
 -5.630000e+00  0.000000e+00 
 -5.620000e+00  0.000000e+00 
 -5.610000e+00  0.000000e+00 
 -5.600000e+00  0.000000e+00 
 -5.590000e+00  0.000000e+00 
 -5.580000e+00  0.000000e+00 
 -5.570000e+00  0.000000e+00 
 -5.560000e+00  0.000000e+00 
 -5.550000e+00  0.000000e+00 
 -5.540000e+00  0.000000e+00 
 -5.530000e+00  0.000000e+00 
 -5.520000e+00  0.000000e+00 
 -5.510000e+00  0.000000e+00 
 -5.500000e+00  0.000000e+00 
 -5.490000e+00  0.000000e+00 
 -5.480000e+00  0.000000e+00 
 -5.470000e+00  0.000000e+00 
 -5.460000e+00  0.000000e+00 
 -5.450000e+00  0.000000e+00 
 -5.440000e+00  0.000000e+00 
 -5.430000e+00  0.000000e+00 
 -5.420000e+00  0.000000e+00 
 -5.410000e+00  0.000000e+00 
 -5.400000e+00  0.000000e+00 
 -5.390000e+00  0.000000e+00 
 -5.380000e+00  0.000000e+00 
 -5.370000e+00  0.000000e+00 
 -5.360000e+00  0.000000e+00 
 -5.350000e+00  0.000000e+00 
 -5.340000e+00  0.000000e+00 
 -5.330000e+00  0.000000e+00 
 -5.320000e+00  0.000000e+00 
 -5.310000e+00  0.000000e+00 
 -5.300000e+00  0.000000e+00 
 -5.290000e+00  0.000000e+00 
 -5.280000e+00  0.000000e+00 
 -5.270000e+00  0.000000e+00 
 -5.260000e+00  0.000000e+00 
 -5.250000e+00  0.000000e+00 
 -5.240000e+00  0.000000e+00 
 -5.230000e+00  0.000000e+00 
 -5.220000e+00  0.000000e+00 
 -5.210000e+00  0.000000e+00 
 -5.200000e+00  0.000000e+00 
 -5.190000e+00  0.000000e+00 
 -5.180000e+00  6.036601e-05 
 -5.170000e+00  2.772695e-04 
 -5.160000e+00  6.519476e-04 
 -5.150000e+00  1.184400e-03 
 -5.140000e+00  1.929480e-03 
 -5.130000e+00  3.215091e-03 
 -5.120000e+00  5.095684e-03 
 -5.110000e+00  7.571258e-03 
 -5.100000e+00  1.064181e-02 
 -5.090000e+00  1.430735e-02 
 -5.080000e+00  1.882266e-02 
 -5.070000e+00  2.498835e-02 
 -5.060000e+00  3.294236e-02 
 -5.050000e+00  4.318456e-02 
 -5.040000e+00  5.580779e-02 
 -5.030000e+00  7.074301e-02 
 -5.020000e+00  8.710368e-02 
 -5.010000e+00  1.046192e-01 
 -5.000000e+00  1.232920e-01 
 -4.990000e+00  1.432387e-01 
 -4.980000e+00  1.655784e-01 
 -4.970000e+00  1.905191e-01 
 -4.960000e+00  2.178212e-01 
 -4.950000e+00  2.461010e-01 
 -4.940000e+00  2.738956e-01 
 -4.930000e+00  3.010699e-01 
 -4.920000e+00  3.276240e-01 
 -4.910000e+00  3.535579e-01 
 -4.900000e+00  3.788715e-01 
 -4.890000e+00  4.035648e-01 
 -4.880000e+00  4.276380e-01 
 -4.870000e+00  4.510908e-01 
 -4.860000e+00  4.739235e-01 
 -4.850000e+00  4.961359e-01 
 -4.840000e+00  5.177280e-01 
 -4.830000e+00  5.386999e-01 
 -4.820000e+00  5.590515e-01 
 -4.810000e+00  5.787830e-01 
 -4.800000e+00  5.978941e-01 
 -4.790000e+00  6.163850e-01 
 -4.780000e+00  6.342557e-01 
 -4.770000e+00  6.515061e-01 
 -4.760000e+00  6.681363e-01 
 -4.750000e+00  6.841463e-01 
 -4.740000e+00  6.995360e-01 
 -4.730000e+00  7.143054e-01 
 -4.720000e+00  7.284546e-01 
 -4.710000e+00  7.419836e-01 
 -4.700000e+00  7.548923e-01 
 -4.690000e+00  7.671808e-01 
 -4.680000e+00  7.788490e-01 
 -4.670000e+00  7.898970e-01 
 -4.660000e+00  8.003247e-01 
 -4.650000e+00  8.101322e-01 
 -4.640000e+00  8.193195e-01 
 -4.630000e+00  8.278865e-01 
 -4.620000e+00  8.358332e-01 
 -4.610000e+00  8.431598e-01 
 -4.600000e+00  8.498660e-01 
 -4.590000e+00  8.559521e-01 
 -4.580000e+00  8.614178e-01 
 -4.570000e+00  8.662634e-01 
 -4.560000e+00  8.704887e-01 
 -4.550000e+00  8.740937e-01 
 -4.540000e+00  8.770785e-01 
 -4.530000e+00  8.794431e-01 
 -4.520000e+00  8.811874e-01 
 -4.510000e+00  8.823115e-01 
 -4.500000e+00  8.828153e-01 
 -4.490000e+00  8.826989e-01 
 -4.480000e+00  8.819622e-01 
 -4.470000e+00  8.806053e-01 
 -4.460000e+00  8.786282e-01 
 -4.450000e+00  8.760308e-01 
 -4.440000e+00  8.728131e-01 
 -4.430000e+00  8.689752e-01 
 -4.420000e+00  8.645171e-01 
 -4.410000e+00  8.594387e-01 
 -4.400000e+00  8.537401e-01 
 -4.390000e+00  8.474213e-01 
 -4.380000e+00  8.405672e-01 
 -4.370000e+00  8.335213e-01 
 -4.360000e+00  8.263198e-01 
 -4.350000e+00  8.189627e-01 
 -4.340000e+00  8.114500e-01 
 -4.330000e+00  8.037816e-01 
 -4.320000e+00  7.959578e-01 
 -4.310000e+00  7.883734e-01 
 -4.300000e+00  7.813884e-01 
 -4.290000e+00  7.750028e-01 
 -4.280000e+00  7.692697e-01 
 -4.270000e+00  7.707245e-01 
 -4.260000e+00  8.388590e-01 
 -4.250000e+00  6.088412e+00 
 -4.240000e+00  6.516143e+00 
 -4.230000e+00  2.342340e+00 
 -4.220000e+00  1.912680e+00 
 -4.210000e+00  2.511077e+00 
 -4.200000e+00  3.091763e+00 
 -4.190000e+00  3.606988e+00 
 -4.180000e+00  4.377260e+00 
 -4.170000e+00  4.783317e+00 
 -4.160000e+00  4.524771e+00 
 -4.150000e+00  4.090071e+00 
 -4.140000e+00  3.715390e+00 
 -4.130000e+00  3.399426e+00 
 -4.120000e+00  3.147088e+00 
 -4.110000e+00  2.960495e+00 
 -4.100000e+00  2.838996e+00 
 -4.090000e+00  2.777653e+00 
 -4.080000e+00  2.771838e+00 
 -4.070000e+00  2.785742e+00 
 -4.060000e+00  2.798970e+00 
 -4.050000e+00  2.811532e+00 
 -4.040000e+00  2.823431e+00 
 -4.030000e+00  2.834666e+00 
 -4.020000e+00  2.845238e+00 
 -4.010000e+00  2.855147e+00 
 -4.000000e+00  2.864393e+00 
 -3.990000e+00  2.872975e+00 
 -3.980000e+00  2.880894e+00 
 -3.970000e+00  2.888150e+00 
 -3.960000e+00  2.894743e+00 
 -3.950000e+00  2.900672e+00 
 -3.940000e+00  2.905938e+00 
 -3.930000e+00  2.910540e+00 
 -3.920000e+00  2.914480e+00 
 -3.910000e+00  2.917756e+00 
 -3.900000e+00  2.920368e+00 
 -3.890000e+00  2.922318e+00 
 -3.880000e+00  2.923604e+00 
 -3.870000e+00  2.924227e+00 
 -3.860000e+00  2.924186e+00 
 -3.850000e+00  2.923483e+00 
 -3.840000e+00  2.922116e+00 
 -3.830000e+00  2.920085e+00 
 -3.820000e+00  2.917392e+00 
 -3.810000e+00  2.914035e+00 
 -3.800000e+00  2.910015e+00 
 -3.790000e+00  2.905331e+00 
 -3.780000e+00  2.899874e+00 
 -3.770000e+00  2.893488e+00 
 -3.760000e+00  2.886163e+00 
 -3.750000e+00  2.877898e+00 
 -3.740000e+00  2.868694e+00 
 -3.730000e+00  2.858557e+00 
 -3.720000e+00  2.847691e+00 
 -3.710000e+00  2.836487e+00 
 -3.700000e+00  2.830078e+00 
 -3.690000e+00  2.844360e+00 
 -3.680000e+00  2.967698e+00 
 -3.670000e+00  3.215552e+00 
 -3.660000e+00  3.587711e+00 
 -3.650000e+00  4.086070e+00 
 -3.640000e+00  4.733828e+00 
 -3.630000e+00  5.539019e+00 
 -3.620000e+00  5.964276e+00 
 -3.610000e+00  5.066309e+00 
 -3.600000e+00  4.349682e+00 
 -3.590000e+00  3.867230e+00 
 -3.580000e+00  3.606395e+00 
 -3.570000e+00  3.580055e+00 
 -3.560000e+00  3.660197e+00 
 -3.550000e+00  4.445765e+00 
 -3.540000e+00  6.225418e+00 
 -3.530000e+00  7.524004e+00 
 -3.520000e+00  8.046645e+00 
 -3.510000e+00  7.756612e+00 
 -3.500000e+00  6.731517e+00 
 -3.490000e+00  5.660784e+00 
 -3.480000e+00  4.774018e+00 
 -3.470000e+00  4.218665e+00 
 -3.460000e+00  3.955555e+00 
 -3.450000e+00  3.852966e+00 
 -3.440000e+00  3.875134e+00 
 -3.430000e+00  4.079357e+00 
 -3.420000e+00  4.486827e+00 
 -3.410000e+00  5.097885e+00 
 -3.400000e+00  5.868705e+00 
 -3.390000e+00  6.727298e+00 
 -3.380000e+00  7.202702e+00 
 -3.370000e+00  7.638797e+00 
 -3.360000e+00  7.259163e+00 
 -3.350000e+00  6.034757e+00 
 -3.340000e+00  5.162382e+00 
 -3.330000e+00  4.631362e+00 
 -3.320000e+00  4.466633e+00 
 -3.310000e+00  4.492614e+00 
 -3.300000e+00  4.538567e+00 
 -3.290000e+00  4.587524e+00 
 -3.280000e+00  4.634170e+00 
 -3.270000e+00  4.675125e+00 
 -3.260000e+00  4.709666e+00 
 -3.250000e+00  4.737794e+00 
 -3.240000e+00  4.759874e+00 
 -3.230000e+00  4.778212e+00 
 -3.220000e+00  4.793861e+00 
 -3.210000e+00  4.809727e+00 
 -3.200000e+00  4.827360e+00 
 -3.190000e+00  4.846760e+00 
 -3.180000e+00  4.868764e+00 
 -3.170000e+00  4.893718e+00 
 -3.160000e+00  4.922856e+00 
 -3.150000e+00  4.923125e+00 
 -3.140000e+00  4.916621e+00 
 -3.130000e+00  4.909122e+00 
 -3.120000e+00  4.904074e+00 
 -3.110000e+00  4.901565e+00 
 -3.100000e+00  4.914795e+00 
 -3.090000e+00  4.934291e+00 
 -3.080000e+00  4.944212e+00 
 -3.070000e+00  4.942312e+00 
 -3.060000e+00  4.940693e+00 
 -3.050000e+00  4.940327e+00 
 -3.040000e+00  4.940985e+00 
 -3.030000e+00  4.941206e+00 
 -3.020000e+00  4.940746e+00 
 -3.010000e+00  4.939602e+00 
 -3.000000e+00  4.937764e+00 
 -2.990000e+00  4.935270e+00 
 -2.980000e+00  4.933649e+00 
 -2.970000e+00  4.933014e+00 
 -2.960000e+00  4.933364e+00 
 -2.950000e+00  4.934701e+00 
 -2.940000e+00  4.937025e+00 
 -2.930000e+00  4.940951e+00 
 -2.920000e+00  4.949416e+00 
 -2.910000e+00  4.963628e+00 
 -2.900000e+00  4.983587e+00 
 -2.890000e+00  5.009292e+00 
 -2.880000e+00  5.039400e+00 
 -2.870000e+00  5.063871e+00 
 -2.860000e+00  5.043338e+00 
 -2.850000e+00  5.009210e+00 
 -2.840000e+00  4.972891e+00 
 -2.830000e+00  4.934381e+00 
 -2.820000e+00  4.894192e+00 
 -2.810000e+00  4.856903e+00 
 -2.800000e+00  4.822202e+00 
 -2.790000e+00  4.777140e+00 
 -2.780000e+00  4.727735e+00 
 -2.770000e+00  4.676887e+00 
 -2.760000e+00  4.624487e+00 
 -2.750000e+00  4.572493e+00 
 -2.740000e+00  4.521688e+00 
 -2.730000e+00  4.470917e+00 
 -2.720000e+00  4.420159e+00 
 -2.710000e+00  4.369414e+00 
 -2.700000e+00  4.318581e+00 
 -2.690000e+00  4.267347e+00 
 -2.680000e+00  4.215693e+00 
 -2.670000e+00  4.163617e+00 
 -2.660000e+00  4.111119e+00 
 -2.650000e+00  4.058193e+00 
 -2.640000e+00  4.004619e+00 
 -2.630000e+00  3.950285e+00 
 -2.620000e+00  3.895191e+00 
 -2.610000e+00  3.844931e+00 
 -2.600000e+00  3.816067e+00 
 -2.590000e+00  3.794811e+00 
 -2.580000e+00  3.776292e+00 
 -2.570000e+00  3.759893e+00 
 -2.560000e+00  3.883521e+00 
 -2.550000e+00  5.014119e+00 
 -2.540000e+00  5.718998e+00 
 -2.530000e+00  5.918895e+00 
 -2.520000e+00  5.672708e+00 
 -2.510000e+00  5.038825e+00 
 -2.500000e+00  4.417083e+00 
 -2.490000e+00  3.895656e+00 
 -2.480000e+00  3.474543e+00 
 -2.470000e+00  3.153746e+00 
 -2.460000e+00  2.933262e+00 
 -2.450000e+00  2.813080e+00 
 -2.440000e+00  2.769718e+00 
 -2.430000e+00  2.737149e+00 
 -2.420000e+00  2.705099e+00 
 -2.410000e+00  2.672942e+00 
 -2.400000e+00  2.640381e+00 
 -2.390000e+00  2.607399e+00 
 -2.380000e+00  2.573995e+00 
 -2.370000e+00  2.540169e+00 
 -2.360000e+00  2.505922e+00 
 -2.350000e+00  2.471088e+00 
 -2.340000e+00  2.435506e+00 
 -2.330000e+00  2.399176e+00 
 -2.320000e+00  2.368435e+00 
 -2.310000e+00  2.359226e+00 
 -2.300000e+00  2.356724e+00 
 -2.290000e+00  2.356268e+00 
 -2.280000e+00  2.357865e+00 
 -2.270000e+00  2.392577e+00 
 -2.260000e+00  3.521756e+00 
 -2.250000e+00  4.253545e+00 
 -2.240000e+00  4.534656e+00 
 -2.230000e+00  4.376026e+00 
 -2.220000e+00  3.832880e+00 
 -2.210000e+00  3.254505e+00 
 -2.200000e+00  2.764231e+00 
 -2.190000e+00  2.362059e+00 
 -2.180000e+00  2.047988e+00 
 -2.170000e+00  1.822018e+00 
 -2.160000e+00  1.684130e+00 
 -2.150000e+00  1.633206e+00 
 -2.140000e+00  1.618677e+00 
 -2.130000e+00  1.605822e+00 
 -2.120000e+00  1.593003e+00 
 -2.110000e+00  1.580226e+00 
 -2.100000e+00  1.569549e+00 
 -2.090000e+00  1.562645e+00 
 -2.080000e+00  1.559694e+00 
 -2.070000e+00  1.571116e+00 
 -2.060000e+00  1.604907e+00 
 -2.050000e+00  1.675584e+00 
 -2.040000e+00  1.837851e+00 
 -2.030000e+00  2.104938e+00 
 -2.020000e+00  2.462736e+00 
 -2.010000e+00  2.827994e+00 
 -2.000000e+00  3.187816e+00 
 -1.990000e+00  3.527263e+00 
 -1.980000e+00  3.843962e+00 
 -1.970000e+00  4.137911e+00 
 -1.960000e+00  4.409111e+00 
 -1.950000e+00  4.657697e+00 
 -1.940000e+00  4.885210e+00 
 -1.930000e+00  5.092117e+00 
 -1.920000e+00  5.281747e+00 
 -1.910000e+00  5.454108e+00 
 -1.900000e+00  5.617397e+00 
 -1.890000e+00  5.773891e+00 
 -1.880000e+00  5.925344e+00 
 -1.870000e+00  6.075525e+00 
 -1.860000e+00  6.214928e+00 
 -1.850000e+00  6.337662e+00 
 -1.840000e+00  6.435705e+00 
 -1.830000e+00  6.507351e+00 
 -1.820000e+00  6.556894e+00 
 -1.810000e+00  6.584401e+00 
 -1.800000e+00  6.587392e+00 
 -1.790000e+00  6.564647e+00 
 -1.780000e+00  6.516042e+00 
 -1.770000e+00  6.440787e+00 
 -1.760000e+00  6.344755e+00 
 -1.750000e+00  6.772866e+00 
 -1.740000e+00  7.266622e+00 
 -1.730000e+00  7.600082e+00 
 -1.720000e+00  1.031681e+01 
 -1.710000e+00  2.457745e+01 
 -1.700000e+00  3.125695e+01 
 -1.690000e+00  1.797330e+01 
 -1.680000e+00  1.911454e+01 
 -1.670000e+00  2.935166e+01 
 -1.660000e+00  1.867575e+01 
 -1.650000e+00  1.589136e+01 
 -1.640000e+00  7.664156e+00 
 -1.630000e+00  7.008941e+00 
 -1.620000e+00  6.672518e+00 
 -1.610000e+00  6.615007e+00 
 -1.600000e+00  6.611308e+00 
 -1.590000e+00  6.607897e+00 
 -1.580000e+00  6.603255e+00 
 -1.570000e+00  6.596364e+00 
 -1.560000e+00  6.586494e+00 
 -1.550000e+00  6.573645e+00 
 -1.540000e+00  6.557817e+00 
 -1.530000e+00  6.539009e+00 
 -1.520000e+00  6.517222e+00 
 -1.510000e+00  6.492456e+00 
 -1.500000e+00  6.464711e+00 
 -1.490000e+00  6.433987e+00 
 -1.480000e+00  6.400283e+00 
 -1.470000e+00  6.363600e+00 
 -1.460000e+00  6.323938e+00 
 -1.450000e+00  6.281297e+00 
 -1.440000e+00  6.235676e+00 
 -1.430000e+00  6.187077e+00 
 -1.420000e+00  6.135498e+00 
 -1.410000e+00  6.080939e+00 
 -1.400000e+00  6.023402e+00 
 -1.390000e+00  5.962885e+00 
 -1.380000e+00  5.899390e+00 
 -1.370000e+00  5.832915e+00 
 -1.360000e+00  5.902156e+00 
 -1.350000e+00  7.134972e+00 
 -1.340000e+00  8.865878e+00 
 -1.330000e+00  1.117171e+01 
 -1.320000e+00  1.181883e+01 
 -1.310000e+00  1.008263e+01 
 -1.300000e+00  8.745029e+00 
 -1.290000e+00  8.022338e+00 
 -1.280000e+00  7.847008e+00 
 -1.270000e+00  7.835960e+00 
 -1.260000e+00  7.881349e+00 
 -1.250000e+00  7.910802e+00 
 -1.240000e+00  7.710483e+00 
 -1.230000e+00  1.588490e+01 
 -1.220000e+00  1.289653e+01 
 -1.210000e+00  8.018548e+00 
 -1.200000e+00  8.610429e+00 
 -1.190000e+00  9.353601e+00 
 -1.180000e+00  9.245448e+00 
 -1.170000e+00  8.694257e+00 
 -1.160000e+00  8.171008e+00 
 -1.150000e+00  7.684349e+00 
 -1.140000e+00  7.234396e+00 
 -1.130000e+00  6.910791e+00 
 -1.120000e+00  6.764129e+00 
 -1.110000e+00  6.707915e+00 
 -1.100000e+00  6.744055e+00 
 -1.090000e+00  6.347860e+00 
 -1.080000e+00  5.188729e+00 
 -1.070000e+00  1.335105e+01 
 -1.060000e+00  5.633994e+00 
 -1.050000e+00  2.600815e+00 
 -1.040000e+00  2.186587e+00 
 -1.030000e+00  2.051924e+00 
 -1.020000e+00  2.024267e+00 
 -1.010000e+00  2.003954e+00 
 -1.000000e+00  1.983961e+00 
 -9.900000e-01  1.964017e+00 
 -9.800000e-01  1.944050e+00 
 -9.700000e-01  1.924053e+00 
 -9.600000e-01  1.904022e+00 
 -9.500000e-01  1.883955e+00 
 -9.400000e-01  1.863854e+00 
 -9.300000e-01  1.843717e+00 
 -9.200000e-01  1.823546e+00 
 -9.100000e-01  1.803340e+00 
 -9.000000e-01  1.783099e+00 
 -8.900000e-01  1.762823e+00 
 -8.800000e-01  1.742512e+00 
 -8.700000e-01  1.722166e+00 
 -8.600000e-01  1.701785e+00 
 -8.500000e-01  1.681369e+00 
 -8.400000e-01  1.660918e+00 
 -8.300000e-01  1.640433e+00 
 -8.200000e-01  1.619912e+00 
 -8.100000e-01  1.599356e+00 
 -8.000000e-01  1.578766e+00 
 -7.900000e-01  1.558141e+00 
 -7.800000e-01  1.537480e+00 
 -7.700000e-01  1.516785e+00 
 -7.600000e-01  1.496055e+00 
 -7.500000e-01  1.475290e+00 
 -7.400000e-01  1.454490e+00 
 -7.300000e-01  1.433655e+00 
 -7.200000e-01  1.412785e+00 
 -7.100000e-01  1.391880e+00 
 -7.000000e-01  1.370940e+00 
 -6.900000e-01  1.349965e+00 
 -6.800000e-01  1.328955e+00 
 -6.700000e-01  1.307911e+00 
 -6.600000e-01  1.286831e+00 
 -6.500000e-01  1.265717e+00 
 -6.400000e-01  1.244567e+00 
 -6.300000e-01  1.223383e+00 
 -6.200000e-01  1.202164e+00 
 -6.100000e-01  1.180910e+00 
 -6.000000e-01  1.159603e+00 
 -5.900000e-01  1.138486e+00 
 -5.800000e-01  1.118548e+00 
 -5.700000e-01  1.102086e+00 
 -5.600000e-01  1.100564e+00 
 -5.500000e-01  1.092255e+00 
 -5.400000e-01  8.064377e-01 
 -5.300000e-01  9.501155e-01 
 -5.200000e-01  4.609054e+00 
 -5.100000e-01  5.022796e+00 
 -5.000000e-01  2.406636e+00 
 -4.900000e-01  5.254672e-01 
 -4.800000e-01  1.677825e-02 
 -4.700000e-01  1.911315e-03 
 -4.600000e-01  0.000000e+00 
 -4.500000e-01  0.000000e+00 
 -4.400000e-01  0.000000e+00 
 -4.300000e-01  0.000000e+00 
 -4.200000e-01  0.000000e+00 
 -4.100000e-01  0.000000e+00 
 -4.000000e-01  0.000000e+00 
 -3.900000e-01  0.000000e+00 
 -3.800000e-01  0.000000e+00 
 -3.700000e-01  0.000000e+00 
 -3.600000e-01  0.000000e+00 
 -3.500000e-01  0.000000e+00 
 -3.400000e-01  0.000000e+00 
 -3.300000e-01  0.000000e+00 
 -3.200000e-01  0.000000e+00 
 -3.100000e-01  0.000000e+00 
 -3.000000e-01  0.000000e+00 
 -2.900000e-01  0.000000e+00 
 -2.800000e-01  0.000000e+00 
 -2.700000e-01  0.000000e+00 
 -2.600000e-01  0.000000e+00 
 -2.500000e-01  0.000000e+00 
 -2.400000e-01  0.000000e+00 
 -2.300000e-01  0.000000e+00 
 -2.200000e-01  0.000000e+00 
 -2.100000e-01  0.000000e+00 
 -2.000000e-01  0.000000e+00 
 -1.900000e-01  0.000000e+00 
 -1.800000e-01  0.000000e+00 
 -1.700000e-01  0.000000e+00 
 -1.600000e-01  0.000000e+00 
 -1.500000e-01  0.000000e+00 
 -1.400000e-01  0.000000e+00 
 -1.300000e-01  0.000000e+00 
 -1.200000e-01  0.000000e+00 
 -1.100000e-01  0.000000e+00 
 -1.000000e-01  0.000000e+00 
 -9.000000e-02  0.000000e+00 
 -8.000000e-02  0.000000e+00 
 -7.000000e-02  0.000000e+00 
 -6.000000e-02  0.000000e+00 
 -5.000000e-02  0.000000e+00 
 -4.000000e-02  0.000000e+00 
 -3.000000e-02  0.000000e+00 
 -2.000000e-02  0.000000e+00 
 -1.000000e-02  0.000000e+00 
 4.996004e-16  0.000000e+00 
 1.000000e-02  0.000000e+00 
 2.000000e-02  0.000000e+00 
 3.000000e-02  0.000000e+00 
 4.000000e-02  0.000000e+00 
 5.000000e-02  0.000000e+00 
 6.000000e-02  0.000000e+00 
 7.000000e-02  0.000000e+00 
 8.000000e-02  0.000000e+00 
 9.000000e-02  0.000000e+00 
 1.000000e-01  0.000000e+00 
 1.100000e-01  0.000000e+00 
 1.200000e-01  0.000000e+00 
 1.300000e-01  0.000000e+00 
 1.400000e-01  0.000000e+00 
 1.500000e-01  0.000000e+00 
 1.600000e-01  0.000000e+00 
 1.700000e-01  0.000000e+00 
 1.800000e-01  0.000000e+00 
 1.900000e-01  0.000000e+00 
 2.000000e-01  0.000000e+00 
 2.100000e-01  0.000000e+00 
 2.200000e-01  0.000000e+00 
 2.300000e-01  0.000000e+00 
 2.400000e-01  0.000000e+00 
 2.500000e-01  0.000000e+00 
 2.600000e-01  0.000000e+00 
 2.700000e-01  0.000000e+00 
 2.800000e-01  0.000000e+00 
 2.900000e-01  0.000000e+00 
 3.000000e-01  0.000000e+00 
 3.100000e-01  0.000000e+00 
 3.200000e-01  0.000000e+00 
 3.300000e-01  0.000000e+00 
 3.400000e-01  0.000000e+00 
 3.500000e-01  0.000000e+00 
 3.600000e-01  0.000000e+00 
 3.700000e-01  0.000000e+00 
 3.800000e-01  0.000000e+00 
 3.900000e-01  0.000000e+00 
 4.000000e-01  0.000000e+00 
 4.100000e-01  0.000000e+00 
 4.200000e-01  0.000000e+00 
 4.300000e-01  0.000000e+00 
 4.400000e-01  0.000000e+00 
 4.500000e-01  0.000000e+00 
 4.600000e-01  0.000000e+00 
 4.700000e-01  0.000000e+00 
 4.800000e-01  0.000000e+00 
 4.900000e-01  0.000000e+00 
 5.000000e-01  0.000000e+00 
 5.100000e-01  0.000000e+00 
 5.200000e-01  2.213830e-01 
 5.300000e-01  2.839858e+00 
 5.400000e-01  6.729969e+00 
 5.500000e-01  4.247509e+00 
 5.600000e-01  1.434385e+00 
 5.700000e-01  1.798142e+00 
 5.800000e-01  1.813598e+00 
 5.900000e-01  1.879571e+00 
 6.000000e-01  1.960468e+00 
 6.100000e-01  2.042351e+00 
 6.200000e-01  2.122729e+00 
 6.300000e-01  2.201977e+00 
 6.400000e-01  2.280126e+00 
 6.500000e-01  2.357176e+00 
 6.600000e-01  2.433128e+00 
 6.700000e-01  2.507980e+00 
 6.800000e-01  2.581734e+00 
 6.900000e-01  2.654390e+00 
 7.000000e-01  2.725946e+00 
 7.100000e-01  2.796405e+00 
 7.200000e-01  2.865773e+00 
 7.300000e-01  2.937384e+00 
 7.400000e-01  3.022521e+00 
 7.500000e-01  3.362545e+00 
 7.600000e-01  3.932005e+00 
 7.700000e-01  4.310734e+00 
 7.800000e-01  4.518227e+00 
 7.900000e-01  4.594323e+00 
 8.000000e-01  4.542072e+00 
 8.100000e-01  4.370006e+00 
 8.200000e-01  4.193883e+00 
 8.300000e-01  5.506900e+00 
 8.400000e-01  9.947595e+00 
 8.500000e-01  1.031546e+01 
 8.600000e-01  9.234185e+00 
 8.700000e-01  1.007014e+01 
 8.800000e-01  1.049206e+01 
 8.900000e-01  1.097377e+01 
 9.000000e-01  1.122727e+01 
 9.100000e-01  1.123718e+01 
 9.200000e-01  1.122516e+01 
 9.300000e-01  1.212082e+01 
 9.400000e-01  1.442396e+01 
 9.500000e-01  1.756399e+01 
 9.600000e-01  1.492861e+01 
 9.700000e-01  9.413799e+00 
 9.800000e-01  5.737984e+00 
 9.900000e-01  4.878378e+00 
 1.000000e+00  4.259167e+00 
 1.010000e+00  4.951344e+00 
 1.020000e+00  7.065909e+00 
 1.030000e+00  9.750888e+00 
 1.040000e+00  7.159917e+00 
 1.050000e+00  4.762102e+00 
 1.060000e+00  4.900063e+00 
 1.070000e+00  4.929689e+00 
 1.080000e+00  4.947096e+00 
 1.090000e+00  4.969079e+00 
 1.100000e+00  4.998896e+00 
 1.110000e+00  5.028845e+00 
 1.120000e+00  5.054040e+00 
 1.130000e+00  5.074591e+00 
 1.140000e+00  5.090505e+00 
 1.150000e+00  5.101810e+00 
 1.160000e+00  5.108629e+00 
 1.170000e+00  5.110976e+00 
 1.180000e+00  5.108851e+00 
 1.190000e+00  5.102256e+00 
 1.200000e+00  5.091188e+00 
 1.210000e+00  5.075650e+00 
 1.220000e+00  5.055640e+00 
 1.230000e+00  5.031159e+00 
 1.240000e+00  5.002206e+00 
 1.250000e+00  4.968782e+00 
 1.260000e+00  4.930887e+00 
 1.270000e+00  4.888520e+00 
 1.280000e+00  4.841682e+00 
 1.290000e+00  4.790372e+00 
 1.300000e+00  4.734592e+00 
 1.310000e+00  4.674339e+00 
 1.320000e+00  4.609616e+00 
 1.330000e+00  4.540421e+00 
 1.340000e+00  4.466754e+00 
 1.350000e+00  4.388616e+00 
 1.360000e+00  4.306007e+00 
 1.370000e+00  4.218927e+00 
 1.380000e+00  4.127375e+00 
 1.390000e+00  4.031352e+00 
 1.400000e+00  3.930857e+00 
 1.410000e+00  3.825891e+00 
 1.420000e+00  3.716454e+00 
 1.430000e+00  3.602545e+00 
 1.440000e+00  3.484165e+00 
 1.450000e+00  3.361313e+00 
 1.460000e+00  3.233990e+00 
 1.470000e+00  3.102196e+00 
 1.480000e+00  2.966951e+00 
 1.490000e+00  2.833947e+00 
 1.500000e+00  2.716493e+00 
 1.510000e+00  2.631817e+00 
 1.520000e+00  2.587674e+00 
 1.530000e+00  2.563343e+00 
 1.540000e+00  2.562167e+00 
 1.550000e+00  2.576220e+00 
 1.560000e+00  2.595283e+00 
 1.570000e+00  2.617379e+00 
 1.580000e+00  2.641410e+00 
 1.590000e+00  2.667377e+00 
 1.600000e+00  2.695278e+00 
 1.610000e+00  2.724480e+00 
 1.620000e+00  2.754044e+00 
 1.630000e+00  2.783962e+00 
 1.640000e+00  2.814234e+00 
 1.650000e+00  2.844859e+00 
 1.660000e+00  2.875838e+00 
 1.670000e+00  2.907171e+00 
 1.680000e+00  2.938858e+00 
 1.690000e+00  2.970898e+00 
 1.700000e+00  3.003293e+00 
 1.710000e+00  3.036041e+00 
 1.720000e+00  3.069142e+00 
 1.730000e+00  3.102598e+00 
 1.740000e+00  3.136407e+00 
 1.750000e+00  3.170570e+00 
 1.760000e+00  3.205087e+00 
 1.770000e+00  3.239958e+00 
 1.780000e+00  3.275182e+00 
 1.790000e+00  3.310803e+00 
 1.800000e+00  3.347066e+00 
 1.810000e+00  3.384010e+00 
 1.820000e+00  3.489894e+00 
 1.830000e+00  7.662536e+00 
 1.840000e+00  1.576755e+01 
 1.850000e+00  8.314634e+00 
 1.860000e+00  9.399571e+00 
 1.870000e+00  1.034620e+01 
 1.880000e+00  1.160581e+01 
 1.890000e+00  1.138057e+01 
 1.900000e+00  1.040358e+01 
 1.910000e+00  9.254952e+00 
 1.920000e+00  8.580703e+00 
 1.930000e+00  8.334429e+00 
 1.940000e+00  8.109764e+00 
 1.950000e+00  7.621756e+00 
 1.960000e+00  7.194906e+00 
 1.970000e+00  6.882318e+00 
 1.980000e+00  6.638875e+00 
 1.990000e+00  6.436802e+00 
 2.000000e+00  6.245574e+00 
 2.010000e+00  6.064583e+00 
 2.020000e+00  5.893828e+00 
 2.030000e+00  5.733310e+00 
 2.040000e+00  5.583029e+00 
 2.050000e+00  5.439497e+00 
 2.060000e+00  5.288674e+00 
 2.070000e+00  5.128953e+00 
 2.080000e+00  4.959749e+00 
 2.090000e+00  4.532800e+00 
 2.100000e+00  3.634323e+00 
 2.110000e+00  1.890051e+01 
 2.120000e+00  1.250995e+00 
 2.130000e+00  6.838583e-01 
 2.140000e+00  5.967911e-01 
 2.150000e+00  5.901650e-01 
 2.160000e+00  5.935551e-01 
 2.170000e+00  6.036019e-01 
 2.180000e+00  6.166438e-01 
 2.190000e+00  6.305161e-01 
 2.200000e+00  6.452186e-01 
 2.210000e+00  6.688332e-01 
 2.220000e+00  7.005356e-01 
 2.230000e+00  7.323818e-01 
 2.240000e+00  7.644419e-01 
 2.250000e+00  7.975921e-01 
 2.260000e+00  8.329462e-01 
 2.270000e+00  8.705285e-01 
 2.280000e+00  9.103390e-01 
 2.290000e+00  9.550937e-01 
 2.300000e+00  1.007839e+00 
 2.310000e+00  1.066433e+00 
 2.320000e+00  1.127038e+00 
 2.330000e+00  1.188764e+00 
 2.340000e+00  1.250166e+00 
 2.350000e+00  1.311220e+00 
 2.360000e+00  1.372528e+00 
 2.370000e+00  1.434436e+00 
 2.380000e+00  1.503725e+00 
 2.390000e+00  1.594990e+00 
 2.400000e+00  1.712010e+00 
 2.410000e+00  1.855166e+00 
 2.420000e+00  2.024568e+00 
 2.430000e+00  2.220286e+00 
 2.440000e+00  2.443409e+00 
 2.450000e+00  2.694638e+00 
 2.460000e+00  3.020067e+00 
 2.470000e+00  3.374757e+00 
 2.480000e+00  3.682106e+00 
 2.490000e+00  3.938541e+00 
 2.500000e+00  4.146694e+00 
 2.510000e+00  4.313159e+00 
 2.520000e+00  4.450486e+00 
 2.530000e+00  4.561263e+00 
 2.540000e+00  4.644837e+00 
 2.550000e+00  4.739622e+00 
 2.560000e+00  4.826388e+00 
 2.570000e+00  4.873942e+00 
 2.580000e+00  4.884088e+00 
 2.590000e+00  4.876361e+00 
 2.600000e+00  4.836595e+00 
 2.610000e+00  4.718500e+00 
 2.620000e+00  4.518960e+00 
 2.630000e+00  4.187196e+00 
 2.640000e+00  3.740492e+00 
 2.650000e+00  3.374654e+00 
 2.660000e+00  3.174805e+00 
 2.670000e+00  3.079932e+00 
 2.680000e+00  3.082243e+00 
 2.690000e+00  3.101781e+00 
 2.700000e+00  3.119300e+00 
 2.710000e+00  3.134874e+00 
 2.720000e+00  3.148502e+00 
 2.730000e+00  3.160186e+00 
 2.740000e+00  3.169937e+00 
 2.750000e+00  3.177755e+00 
 2.760000e+00  3.183645e+00 
 2.770000e+00  3.187643e+00 
 2.780000e+00  3.190343e+00 
 2.790000e+00  3.192549e+00 
 2.800000e+00  3.195225e+00 
 2.810000e+00  3.198985e+00 
 2.820000e+00  3.202975e+00 
 2.830000e+00  3.206430e+00 
 2.840000e+00  3.209350e+00 
 2.850000e+00  3.213262e+00 
 2.860000e+00  3.220169e+00 
 2.870000e+00  3.228826e+00 
 2.880000e+00  3.236828e+00 
 2.890000e+00  3.244117e+00 
 2.900000e+00  3.250691e+00 
 2.910000e+00  3.256551e+00 
 2.920000e+00  3.261697e+00 
 2.930000e+00  3.266128e+00 
 2.940000e+00  3.269846e+00 
 2.950000e+00  3.272849e+00 
 2.960000e+00  3.275138e+00 
 2.970000e+00  3.276713e+00 
 2.980000e+00  3.277574e+00 
 2.990000e+00  3.277721e+00 
 3.000000e+00  3.277153e+00 
 3.010000e+00  3.275871e+00 
 3.020000e+00  3.273876e+00 
 3.030000e+00  3.271166e+00 
 3.040000e+00  3.267741e+00 
 3.050000e+00  3.263603e+00 
 3.060000e+00  3.258750e+00 
 3.070000e+00  3.253184e+00 
 3.080000e+00  3.246903e+00 
 3.090000e+00  3.239908e+00 
 3.100000e+00  3.232198e+00 
 3.110000e+00  3.223775e+00 
 3.120000e+00  3.214637e+00 
 3.130000e+00  3.204786e+00 
 3.140000e+00  3.194220e+00 
 3.150000e+00  3.182940e+00 
 3.160000e+00  3.170945e+00 
 3.170000e+00  3.158237e+00 
 3.180000e+00  3.144814e+00 
 3.190000e+00  3.130677e+00 
 3.200000e+00  3.115826e+00 
 3.210000e+00  3.100261e+00 
 3.220000e+00  3.083982e+00 
 3.230000e+00  3.066989e+00 
 3.240000e+00  3.049281e+00 
 3.250000e+00  3.030859e+00 
 3.260000e+00  3.011723e+00 
 3.270000e+00  2.991873e+00 
 3.280000e+00  2.971393e+00 
 3.290000e+00  2.958590e+00 
 3.300000e+00  2.987486e+00 
 3.310000e+00  3.074990e+00 
 3.320000e+00  3.228285e+00 
 3.330000e+00  3.447371e+00 
 3.340000e+00  3.732134e+00 
 3.350000e+00  4.059615e+00 
 3.360000e+00  4.343578e+00 
 3.370000e+00  4.507361e+00 
 3.380000e+00  4.579725e+00 
 3.390000e+00  4.581126e+00 
 3.400000e+00  4.511732e+00 
 3.410000e+00  4.377628e+00 
 3.420000e+00  4.186707e+00 
 3.430000e+00  3.949785e+00 
 3.440000e+00  3.737138e+00 
 3.450000e+00  3.602147e+00 
 3.460000e+00  3.750186e+00 
 3.470000e+00  4.218489e+00 
 3.480000e+00  5.006697e+00 
 3.490000e+00  6.114742e+00 
 3.500000e+00  7.148995e+00 
 3.510000e+00  5.740924e+00 
 3.520000e+00  4.303056e+00 
 3.530000e+00  3.668122e+00 
 3.540000e+00  3.647791e+00 
 3.550000e+00  3.635966e+00 
 3.560000e+00  3.612137e+00 
 3.570000e+00  3.587613e+00 
 3.580000e+00  3.563914e+00 
 3.590000e+00  3.541111e+00 
 3.600000e+00  3.524206e+00 
 3.610000e+00  3.510815e+00 
 3.620000e+00  3.500038e+00 
 3.630000e+00  3.489605e+00 
 3.640000e+00  3.479149e+00 
 3.650000e+00  3.468669e+00 
 3.660000e+00  3.458166e+00 
 3.670000e+00  3.447643e+00 
 3.680000e+00  3.437136e+00 
 3.690000e+00  3.426653e+00 
 3.700000e+00  3.416195e+00 
 3.710000e+00  3.405785e+00 
 3.720000e+00  3.395452e+00 
 3.730000e+00  3.385195e+00 
 3.740000e+00  3.375015e+00 
 3.750000e+00  3.364910e+00 
 3.760000e+00  3.354881e+00 
 3.770000e+00  3.344929e+00 
 3.780000e+00  3.335053e+00 
 3.790000e+00  3.325253e+00 
 3.800000e+00  3.315530e+00 
 3.810000e+00  3.305882e+00 
 3.820000e+00  3.296311e+00 
 3.830000e+00  3.286816e+00 
 3.840000e+00  3.277444e+00 
 3.850000e+00  3.268735e+00 
 3.860000e+00  3.263279e+00 
 3.870000e+00  3.260722e+00 
 3.880000e+00  3.260897e+00 
 3.890000e+00  3.260908e+00 
 3.900000e+00  3.219048e+00 
 3.910000e+00  3.121760e+00 
 3.920000e+00  3.207360e+00 
 3.930000e+00  4.803766e+00 
 3.940000e+00  7.331239e+00 
 3.950000e+00  8.228953e+00 
 3.960000e+00  7.553486e+00 
 3.970000e+00  5.851932e+00 
 3.980000e+00  4.485159e+00 
 3.990000e+00  3.446669e+00 
 4.000000e+00  2.730869e+00 
 4.010000e+00  2.335707e+00 
 4.020000e+00  2.213108e+00 
 4.030000e+00  2.208012e+00 
 4.040000e+00  2.208956e+00 
 4.050000e+00  2.210411e+00 
 4.060000e+00  2.212181e+00 
 4.070000e+00  2.214267e+00 
 4.080000e+00  2.216668e+00 
 4.090000e+00  2.219384e+00 
 4.100000e+00  2.222411e+00 
 4.110000e+00  2.225705e+00 
 4.120000e+00  2.229206e+00 
 4.130000e+00  2.232875e+00 
 4.140000e+00  2.236712e+00 
 4.150000e+00  2.240716e+00 
 4.160000e+00  2.244888e+00 
 4.170000e+00  2.249227e+00 
 4.180000e+00  2.253734e+00 
 4.190000e+00  2.270985e+00 
 4.200000e+00  3.594414e+00 
 4.210000e+00  7.747300e+00 
 4.220000e+00  8.107337e+00 
 4.230000e+00  4.340447e+00 
 4.240000e+00  3.631401e+00 
 4.250000e+00  3.797161e+00 
 4.260000e+00  3.880489e+00 
 4.270000e+00  3.889438e+00 
 4.280000e+00  3.879373e+00 
 4.290000e+00  3.914450e+00 
 4.300000e+00  3.986717e+00 
 4.310000e+00  4.069162e+00 
 4.320000e+00  4.161529e+00 
 4.330000e+00  4.274835e+00 
 4.340000e+00  5.230547e+00 
 4.350000e+00  7.564096e+00 
 4.360000e+00  1.129546e+01 
 4.370000e+00  6.449597e+00 
 4.380000e+00  5.274333e+00 
 4.390000e+00  5.663197e+00 
 4.400000e+00  5.854847e+00 
 4.410000e+00  5.899138e+00 
 4.420000e+00  5.938908e+00 
 4.430000e+00  5.975092e+00 
 4.440000e+00  6.006647e+00 
 4.450000e+00  6.033540e+00 
 4.460000e+00  6.055961e+00 
 4.470000e+00  6.073375e+00 
 4.480000e+00  6.041598e+00 
 4.490000e+00  5.998242e+00 
 4.500000e+00  5.915752e+00 
 4.510000e+00  5.814191e+00 
 4.520000e+00  5.722638e+00 
 4.530000e+00  5.966710e+00 
 4.540000e+00  7.204697e+00 
 4.550000e+00  9.492171e+00 
 4.560000e+00  1.285439e+01 
 4.570000e+00  9.067786e+00 
 4.580000e+00  9.178902e+00 
 4.590000e+00  8.767927e+00 
 4.600000e+00  7.433992e+00 
 4.610000e+00  6.610732e+00 
 4.620000e+00  6.050524e+00 
 4.630000e+00  5.408082e+00 
 4.640000e+00  4.951397e+00 
 4.650000e+00  4.629154e+00 
 4.660000e+00  4.375072e+00 
 4.670000e+00  4.171346e+00 
 4.680000e+00  4.017240e+00 
 4.690000e+00  3.909889e+00 
 4.700000e+00  3.848925e+00 
 4.710000e+00  3.834024e+00 
 4.720000e+00  3.858665e+00 
 4.730000e+00  3.888911e+00 
 4.740000e+00  3.919467e+00 
 4.750000e+00  3.946149e+00 
 4.760000e+00  3.967825e+00 
 4.770000e+00  3.984497e+00 
 4.780000e+00  3.996165e+00 
 4.790000e+00  4.002827e+00 
 4.800000e+00  4.004485e+00 
 4.810000e+00  4.001137e+00 
 4.820000e+00  3.992785e+00 
 4.830000e+00  3.979429e+00 
 4.840000e+00  3.961067e+00 
 4.850000e+00  3.937701e+00 
 4.860000e+00  3.909330e+00 
 4.870000e+00  3.875954e+00 
 4.880000e+00  3.837573e+00 
 4.890000e+00  3.794187e+00 
 4.900000e+00  3.745797e+00 
 4.910000e+00  3.692544e+00 
 4.920000e+00  3.659115e+00 
 4.930000e+00  3.719930e+00 
 4.940000e+00  3.883717e+00 
 4.950000e+00  4.152291e+00 
 4.960000e+00  4.531680e+00 
 4.970000e+00  5.026587e+00 
 4.980000e+00  5.638881e+00 
 4.990000e+00  5.729782e+00 
 5.000000e+00  4.683411e+00 
 5.010000e+00  3.942729e+00 
 5.020000e+00  3.321401e+00 
 5.030000e+00  2.844180e+00 
 5.040000e+00  2.521000e+00 
 5.050000e+00  2.351859e+00 
 5.060000e+00  2.324047e+00 
 5.070000e+00  2.325476e+00 
 5.080000e+00  2.324561e+00 
 5.090000e+00  2.321118e+00 
 5.100000e+00  2.315076e+00 
 5.110000e+00  2.306434e+00 
 5.120000e+00  2.295191e+00 
 5.130000e+00  2.281349e+00 
 5.140000e+00  2.264468e+00 
 5.150000e+00  2.243660e+00 
 5.160000e+00  2.218900e+00 
 5.170000e+00  2.190188e+00 
 5.180000e+00  2.157524e+00 
 5.190000e+00  2.120909e+00 
 5.200000e+00  2.080342e+00 
 5.210000e+00  2.035822e+00 
 5.220000e+00  1.987351e+00 
 5.230000e+00  1.934928e+00 
 5.240000e+00  1.881025e+00 
 5.250000e+00  1.830862e+00 
 5.260000e+00  1.784618e+00 
 5.270000e+00  1.740103e+00 
 5.280000e+00  1.696569e+00 
 5.290000e+00  1.656297e+00 
 5.300000e+00  1.619454e+00 
 5.310000e+00  1.584627e+00 
 5.320000e+00  1.550900e+00 
 5.330000e+00  1.516286e+00 
 5.340000e+00  1.480642e+00 
 5.350000e+00  1.443966e+00 
 5.360000e+00  1.406047e+00 
 5.370000e+00  1.366127e+00 
 5.380000e+00  1.324119e+00 
 5.390000e+00  1.279657e+00 
 5.400000e+00  1.232592e+00 
 5.410000e+00  1.182927e+00 
 5.420000e+00  1.130660e+00 
 5.430000e+00  1.075791e+00 
 5.440000e+00  1.018322e+00 
 5.450000e+00  9.582503e-01 
 5.460000e+00  8.955777e-01 
 5.470000e+00  8.303036e-01 
 5.480000e+00  7.624281e-01 
 5.490000e+00  6.919511e-01 
 5.500000e+00  6.188728e-01 
 5.510000e+00  5.432220e-01 
 5.520000e+00  4.654246e-01 
 5.530000e+00  3.863092e-01 
 5.540000e+00  3.127760e-01 
 5.550000e+00  2.471937e-01 
 5.560000e+00  1.867050e-01 
 5.570000e+00  1.314181e-01 
 5.580000e+00  8.990850e-02 
 5.590000e+00  6.328859e-02 
 5.600000e+00  4.543008e-02 
 5.610000e+00  3.501017e-02 
 5.620000e+00  2.705622e-02 
 5.630000e+00  2.018830e-02 
 5.640000e+00  1.432410e-02 
 5.650000e+00  9.463618e-03 
 5.660000e+00  5.606854e-03 
 5.670000e+00  2.753807e-03 
 5.680000e+00  9.044769e-04 
 5.690000e+00  5.886449e-05 
 5.700000e+00  0.000000e+00 
 5.710000e+00  0.000000e+00 
 5.720000e+00  0.000000e+00 
 5.730000e+00  0.000000e+00 
 5.740000e+00  0.000000e+00 
 5.750000e+00  0.000000e+00 
 5.760000e+00  0.000000e+00 
 5.770000e+00  0.000000e+00 
 5.780000e+00  0.000000e+00 
 5.790000e+00  0.000000e+00 
 5.800000e+00  0.000000e+00 
 5.810000e+00  0.000000e+00 
 5.820000e+00  0.000000e+00 
 5.830000e+00  0.000000e+00 
 5.840000e+00  0.000000e+00 
 5.850000e+00  0.000000e+00 
 5.860000e+00  0.000000e+00 
 5.870000e+00  0.000000e+00 
 5.880000e+00  0.000000e+00 
 5.890000e+00  0.000000e+00 
 5.900000e+00  0.000000e+00 
 5.910000e+00  0.000000e+00 
 5.920000e+00  0.000000e+00 
 5.930000e+00  0.000000e+00 
 5.940000e+00  0.000000e+00 
 5.950000e+00  0.000000e+00 
 5.960000e+00  0.000000e+00 
 5.970000e+00  0.000000e+00 
 5.980000e+00  0.000000e+00 
 5.990000e+00  0.000000e+00 
 6.000000e+00  0.000000e+00 
