calculation_mode = "Quench Electrons"
cell_relax = "False"
charge_density_mixing = "0.1"
charge_mixing_type = "Broyden"
description = "Example parameters for high-throughput bulk relaxation of a vdW material"
dos_broading = "0.05"
dos_method = "Gaussian"
energy_convergence_criterion = "1e-10"
energy_output_units = "Hartrees"
kohn_sham_mucycles = "3"
kohn_sham_solver = "davidson"
kpoint_mesh = "1 1 1"
localize_projectors = "False"
max_md_steps = "100"
max_scf_steps = "200"
non_local_block_size = "4000"
potential_acceleration_constant_step = "1.5"
processor_grid = "8 7 17"
rms_convergence_criterion = "1e-08"
scalapack_block_factor = "64"
start_mode = "LCAO Start"
state_block_size = "64"
stress = "True"
subdiag_driver = "scalapack"
use_async_allreduce = "False"
vdw_corr = "DFT-D3"
vdwdf_kernel_filepath = "/lustre/orion/world-shared/cph162/rjmorelock/rmgdft/XC/vdW_kernel_table"
wavefunction_grid = "156 156 378"
write_data_period = "50"

atomic_coordinate_type = "Absolute"
crds_units = "Angstrom"
lattice_units = "Angstrom"

lattice_vector = "
1.832749387347e+01 0.000000000000e+00 1.100000000000e-15
2.618213410065e+00 1.813951460922e+01 1.100000000000e-15
0.000000000000e+00 0.000000000000e+00 4.446241589303e+01
"
atoms = "
Nb 4.595898363872e+00 1.290496788048e+01 1.532833092694e+01 1 1 1 0.0 0.0 0.0
Nb 7.214111774313e+00 1.517240720663e+01 1.532833092694e+01 1 1 1 0.0 0.0 0.0
Nb 2.632238306135e+00 7.236369565097e+00 1.532833092694e+01 1 1 1 0.0 0.0 0.0
Nb 5.250451716576e+00 9.503808891250e+00 1.532833092694e+01 1 1 1 0.0 0.0 0.0
Nb 7.868665127018e+00 1.177124821740e+01 1.532833092694e+01 1 1 1 0.0 0.0 0.0
Nb 1.048687853746e+01 1.403868754356e+01 1.532833092694e+01 1 1 1 0.0 0.0 0.0
Nb 3.286791658839e+00 3.835210575868e+00 1.532833092694e+01 1 1 1 0.0 0.0 0.0
Nb 5.905005069281e+00 6.102649902021e+00 1.532833092694e+01 1 1 1 0.0 0.0 0.0
Nb 8.523218479723e+00 8.370089228174e+00 1.532833092694e+01 1 1 1 0.0 0.0 0.0
Nb 1.114143189016e+01 1.063752855433e+01 1.532833092694e+01 1 1 1 0.0 0.0 0.0
Nb 1.375964530061e+01 1.290496788048e+01 1.532833092694e+01 1 1 1 0.0 0.0 0.0
Nb 1.637785871105e+01 1.517240720663e+01 1.532833092694e+01 1 1 1 0.0 0.0 0.0
Nb 3.941345011167e+00 1.630612686971e+01 1.532833092694e+01 1 1 1 0.0 0.0 0.0
Nb 3.941345011544e+00 4.340515866380e-01 1.532833092694e+01 1 1 1 0.0 0.0 0.0
Nb 6.559558421986e+00 2.701490912791e+00 1.532833092694e+01 1 1 1 0.0 0.0 0.0
Nb 9.177771832428e+00 4.968930238944e+00 1.532833092694e+01 1 1 1 0.0 0.0 0.0
Nb 1.179598524287e+01 7.236369565097e+00 1.532833092694e+01 1 1 1 0.0 0.0 0.0
Nb 1.441419865331e+01 9.503808891250e+00 1.532833092694e+01 1 1 1 0.0 0.0 0.0
Nb 1.703241206375e+01 1.177124821740e+01 1.532833092694e+01 1 1 1 0.0 0.0 0.0
Nb 1.965062547419e+01 1.403868754356e+01 1.532833092694e+01 1 1 1 0.0 0.0 0.0
Nb 9.832325184755e+00 1.743984653279e+01 1.532833092694e+01 1 1 1 0.0 0.0 0.0
Nb 9.832325185132e+00 1.567771249714e+00 1.532833092694e+01 1 1 1 0.0 0.0 0.0
Nb 1.245053859557e+01 3.835210575868e+00 1.532833092694e+01 1 1 1 0.0 0.0 0.0
Nb 1.506875200602e+01 6.102649902021e+00 1.532833092694e+01 1 1 1 0.0 0.0 0.0
Nb 1.768696541646e+01 8.370089228174e+00 1.532833092694e+01 1 1 1 0.0 0.0 0.0
Nb 1.977684953430e+00 1.063752855433e+01 1.532833092694e+01 1 1 1 0.0 0.0 0.0
Nb 1.310509194790e+01 1.630612686971e+01 1.532833092694e+01 1 1 1 0.0 0.0 0.0
Nb 1.310509194828e+01 4.340515866380e-01 1.532833092694e+01 1 1 1 0.0 0.0 0.0
Nb 1.572330535872e+01 2.701490912791e+00 1.532833092694e+01 1 1 1 0.0 0.0 0.0
Nb 1.834151876916e+01 4.968930238944e+00 1.532833092694e+01 1 1 1 0.0 0.0 0.0
Nb 1.899607212149e+01 1.743984653279e+01 1.532833092694e+01 1 1 1 0.0 0.0 0.0
Nb 6.685782483977e-01 1.567771249714e+00 1.532833092694e+01 1 1 1 0.0 0.0 0.0
Nb 4.603028225821e+00 1.289823633710e+01 9.182088683320e+00 1 1 1 0.0 0.0 0.0
Nb 7.221241636263e+00 1.516567566325e+01 9.182088683320e+00 1 1 1 0.0 0.0 0.0
Nb 2.639368168084e+00 7.229638021714e+00 9.182088683320e+00 1 1 1 0.0 0.0 0.0
Nb 5.257581578526e+00 9.497077347867e+00 9.182088683320e+00 1 1 1 0.0 0.0 0.0
Nb 7.875794988968e+00 1.176451667402e+01 9.182088683320e+00 1 1 1 0.0 0.0 0.0
Nb 1.049400839941e+01 1.403195600017e+01 9.182088683320e+00 1 1 1 0.0 0.0 0.0
Nb 3.293921520789e+00 3.828479032485e+00 9.182088683320e+00 1 1 1 0.0 0.0 0.0
Nb 5.912134931231e+00 6.095918358638e+00 9.182088683320e+00 1 1 1 0.0 0.0 0.0
Nb 8.530348341672e+00 8.363357684791e+00 9.182088683320e+00 1 1 1 0.0 0.0 0.0
Nb 1.114856175211e+01 1.063079701094e+01 9.182088683320e+00 1 1 1 0.0 0.0 0.0
Nb 1.376677516256e+01 1.289823633710e+01 9.182088683320e+00 1 1 1 0.0 0.0 0.0
Nb 1.638498857300e+01 1.516567566325e+01 9.182088683320e+00 1 1 1 0.0 0.0 0.0
Nb 3.948474873117e+00 1.629939532633e+01 9.182088683320e+00 1 1 1 0.0 0.0 0.0
Nb 3.948474873494e+00 4.273200432551e-01 9.182088683320e+00 1 1 1 0.0 0.0 0.0
Nb 6.566688283935e+00 2.694759369408e+00 9.182088683320e+00 1 1 1 0.0 0.0 0.0
Nb 9.184901694377e+00 4.962198695561e+00 9.182088683320e+00 1 1 1 0.0 0.0 0.0
Nb 1.180311510482e+01 7.229638021714e+00 9.182088683320e+00 1 1 1 0.0 0.0 0.0
Nb 1.442132851526e+01 9.497077347867e+00 9.182088683320e+00 1 1 1 0.0 0.0 0.0
Nb 1.703954192570e+01 1.176451667402e+01 9.182088683320e+00 1 1 1 0.0 0.0 0.0
Nb 1.965775533614e+01 1.403195600017e+01 9.182088683320e+00 1 1 1 0.0 0.0 0.0
Nb 9.839455046705e+00 1.743311498940e+01 9.182088683320e+00 1 1 1 0.0 0.0 0.0
Nb 9.839455047082e+00 1.561039706332e+00 9.182088683320e+00 1 1 1 0.0 0.0 0.0
Nb 1.245766845752e+01 3.828479032485e+00 9.182088683320e+00 1 1 1 0.0 0.0 0.0
Nb 1.507588186797e+01 6.095918358638e+00 9.182088683320e+00 1 1 1 0.0 0.0 0.0
Nb 1.769409527841e+01 8.363357684791e+00 9.182088683320e+00 1 1 1 0.0 0.0 0.0
Nb 1.984814815380e+00 1.063079701094e+01 9.182088683320e+00 1 1 1 0.0 0.0 0.0
Nb 1.311222180985e+01 1.629939532633e+01 9.182088683320e+00 1 1 1 0.0 0.0 0.0
Nb 1.311222181023e+01 4.273200432551e-01 9.182088683320e+00 1 1 1 0.0 0.0 0.0
Nb 1.573043522067e+01 2.694759369408e+00 9.182088683320e+00 1 1 1 0.0 0.0 0.0
Nb 1.834864863111e+01 4.962198695561e+00 9.182088683320e+00 1 1 1 0.0 0.0 0.0
Nb 1.900320198344e+01 1.743311498940e+01 9.182088683320e+00 1 1 1 0.0 0.0 0.0
Nb 6.757081103473e-01 1.561039706332e+00 9.182088683320e+00 1 1 1 0.0 0.0 0.0
Bi 1.526727465753e+01 3.434531119387e+00 3.532095071834e+01 1 1 1 0.0 0.0 0.0
Bi 1.503960392609e+01 7.377903860522e+00 3.532095071834e+01 1 1 1 0.0 0.0 0.0
Bi 1.481193319464e+01 1.132127660166e+01 3.532095071834e+01 1 1 1 0.0 0.0 0.0
Bi 1.458426246320e+01 1.526464934279e+01 3.532095071834e+01 1 1 1 0.0 0.0 0.0
Bi 1.173837832170e+01 1.068507474705e+00 3.532095071834e+01 1 1 1 0.0 0.0 0.0
Bi 1.151070759026e+01 5.011880215841e+00 3.532095071834e+01 1 1 1 0.0 0.0 0.0
Bi 1.128303685882e+01 8.955252956977e+00 3.532095071834e+01 1 1 1 0.0 0.0 0.0
Bi 1.105536612737e+01 1.289862569811e+01 3.532095071834e+01 1 1 1 0.0 0.0 0.0
Bi 1.082769539593e+01 1.684199843925e+01 3.532095071834e+01 1 1 1 0.0 0.0 0.0
Bi 7.981811254428e+00 2.645856571160e+00 3.532095071834e+01 1 1 1 0.0 0.0 0.0
Bi 7.754140522987e+00 6.589229312295e+00 3.532095071834e+01 1 1 1 0.0 0.0 0.0
Bi 7.526469791545e+00 1.053260205343e+01 3.532095071834e+01 1 1 1 0.0 0.0 0.0
Bi 7.298799060104e+00 1.447597479457e+01 3.532095071834e+01 1 1 1 0.0 0.0 0.0
Bi 4.452914918599e+00 2.798329264782e-01 3.532095071834e+01 1 1 1 0.0 0.0 0.0
Bi 4.225244187157e+00 4.223205667614e+00 3.532095071834e+01 1 1 1 0.0 0.0 0.0
Bi 3.997573455716e+00 8.166578408750e+00 3.532095071834e+01 1 1 1 0.0 0.0 0.0
Bi 3.769902724275e+00 1.210995114989e+01 3.532095071834e+01 1 1 1 0.0 0.0 0.0
Bi 3.542231992834e+00 1.605332389102e+01 3.532095071834e+01 1 1 1 0.0 0.0 0.0
Bi 6.963478513283e-01 1.857182022932e+00 3.532095071834e+01 1 1 1 0.0 0.0 0.0
Bi 1.879617099336e+01 5.800554764068e+00 3.532095071834e+01 1 1 1 0.0 0.0 0.0
Bi 1.856850026192e+01 9.743927505204e+00 3.532095071834e+01 1 1 1 0.0 0.0 0.0
Bi 1.834082953047e+01 1.368730024634e+01 3.532095071834e+01 1 1 1 0.0 0.0 0.0
Bi 1.811315879903e+01 1.763067298748e+01 3.532095071834e+01 1 1 1 0.0 0.0 0.0
Bi 1.420110710356e+01 1.344224382032e+00 3.133430771007e+01 1 1 1 0.0 0.0 0.0
Bi 1.397343637212e+01 5.287597123168e+00 3.133430771007e+01 1 1 1 0.0 0.0 0.0
Bi 1.374576564068e+01 9.230969864303e+00 3.133430771007e+01 1 1 1 0.0 0.0 0.0
Bi 1.351809490924e+01 1.317434260544e+01 3.133430771007e+01 1 1 1 0.0 0.0 0.0
Bi 1.329042417780e+01 1.711771534657e+01 3.133430771007e+01 1 1 1 0.0 0.0 0.0
Bi 1.044454003629e+01 2.921573478486e+00 3.133430771007e+01 1 1 1 0.0 0.0 0.0
Bi 1.021686930485e+01 6.864946219622e+00 3.133430771007e+01 1 1 1 0.0 0.0 0.0
Bi 9.989198573409e+00 1.080831896076e+01 3.133430771007e+01 1 1 1 0.0 0.0 0.0
Bi 9.761527841968e+00 1.475169170189e+01 3.133430771007e+01 1 1 1 0.0 0.0 0.0
Bi 6.915643700462e+00 5.555498338049e-01 3.133430771007e+01 1 1 1 0.0 0.0 0.0
Bi 6.687972969021e+00 4.498922574941e+00 3.133430771007e+01 1 1 1 0.0 0.0 0.0
Bi 6.460302237580e+00 8.442295316076e+00 3.133430771007e+01 1 1 1 0.0 0.0 0.0
Bi 6.232631506138e+00 1.238566805721e+01 3.133430771007e+01 1 1 1 0.0 0.0 0.0
Bi 6.004960774697e+00 1.632904079835e+01 3.133430771007e+01 1 1 1 0.0 0.0 0.0
Bi 3.159076633192e+00 2.132898930259e+00 3.133430771007e+01 1 1 1 0.0 0.0 0.0
Bi 2.931405901750e+00 6.076271671395e+00 3.133430771007e+01 1 1 1 0.0 0.0 0.0
Bi 2.703735170309e+00 1.001964441253e+01 3.133430771007e+01 1 1 1 0.0 0.0 0.0
Bi 2.476064438868e+00 1.396301715367e+01 3.133430771007e+01 1 1 1 0.0 0.0 0.0
Bi 2.057588758090e+01 1.790638989480e+01 3.133430771007e+01 1 1 1 0.0 0.0 0.0
Bi 1.773000343939e+01 3.710248026713e+00 3.133430771007e+01 1 1 1 0.0 0.0 0.0
Bi 1.750233270795e+01 7.653620767849e+00 3.133430771007e+01 1 1 1 0.0 0.0 0.0
Bi 1.727466197651e+01 1.159699350898e+01 3.133430771007e+01 1 1 1 0.0 0.0 0.0
Bi 1.704699124507e+01 1.554036625012e+01 3.133430771007e+01 1 1 1 0.0 0.0 0.0
Bi 1.425230630976e+01 1.304206915564e+00 2.529282906773e+01 1 1 1 0.0 0.0 0.0
Bi 1.402463557831e+01 5.247579656699e+00 2.529282906773e+01 1 1 1 0.0 0.0 0.0
Bi 1.379696484687e+01 9.190952397835e+00 2.529282906773e+01 1 1 1 0.0 0.0 0.0
Bi 1.356929411543e+01 1.313432513897e+01 2.529282906773e+01 1 1 1 0.0 0.0 0.0
Bi 1.334162338399e+01 1.707769788011e+01 2.529282906773e+01 1 1 1 0.0 0.0 0.0
Bi 1.049573924249e+01 2.881556012018e+00 2.529282906773e+01 1 1 1 0.0 0.0 0.0
Bi 1.026806851104e+01 6.824928753154e+00 2.529282906773e+01 1 1 1 0.0 0.0 0.0
Bi 1.004039777960e+01 1.076830149429e+01 2.529282906773e+01 1 1 1 0.0 0.0 0.0
Bi 9.812727048162e+00 1.471167423543e+01 2.529282906773e+01 1 1 1 0.0 0.0 0.0
Bi 6.966842906656e+00 5.155323673366e-01 2.529282906773e+01 1 1 1 0.0 0.0 0.0
Bi 6.739172175215e+00 4.458905108472e+00 2.529282906773e+01 1 1 1 0.0 0.0 0.0
Bi 6.511501443774e+00 8.402277849608e+00 2.529282906773e+01 1 1 1 0.0 0.0 0.0
Bi 6.283830712333e+00 1.234565059074e+01 2.529282906773e+01 1 1 1 0.0 0.0 0.0
Bi 6.056159980892e+00 1.628902333188e+01 2.529282906773e+01 1 1 1 0.0 0.0 0.0
Bi 3.210275839386e+00 2.092881463791e+00 2.529282906773e+01 1 1 1 0.0 0.0 0.0
Bi 2.982605107945e+00 6.036254204927e+00 2.529282906773e+01 1 1 1 0.0 0.0 0.0
Bi 2.754934376504e+00 9.979626946062e+00 2.529282906773e+01 1 1 1 0.0 0.0 0.0
Bi 2.527263645063e+00 1.392299968720e+01 2.529282906773e+01 1 1 1 0.0 0.0 0.0
Bi 2.062708678709e+01 1.786637242833e+01 2.529282906773e+01 1 1 1 0.0 0.0 0.0
Bi 1.778120264558e+01 3.670230560245e+00 2.529282906773e+01 1 1 1 0.0 0.0 0.0
Bi 1.755353191414e+01 7.613603301381e+00 2.529282906773e+01 1 1 1 0.0 0.0 0.0
Bi 1.732586118270e+01 1.155697604252e+01 2.529282906773e+01 1 1 1 0.0 0.0 0.0
Bi 1.709819045126e+01 1.550034878365e+01 2.529282906773e+01 1 1 1 0.0 0.0 0.0
Bi 1.646442386129e+01 5.528606148289e+00 2.132110864621e+01 1 1 1 0.0 0.0 0.0
Bi 1.623675312984e+01 9.471978889425e+00 2.132110864621e+01 1 1 1 0.0 0.0 0.0
Bi 1.600908239840e+01 1.341535163056e+01 2.132110864621e+01 1 1 1 0.0 0.0 0.0
Bi 1.578141166696e+01 1.735872437170e+01 2.132110864621e+01 1 1 1 0.0 0.0 0.0
Bi 1.293552752546e+01 3.162582503608e+00 2.132110864621e+01 1 1 1 0.0 0.0 0.0
Bi 1.270785679402e+01 7.105955244743e+00 2.132110864621e+01 1 1 1 0.0 0.0 0.0
Bi 1.248018606257e+01 1.104932798588e+01 2.132110864621e+01 1 1 1 0.0 0.0 0.0
Bi 1.225251533113e+01 1.499270072701e+01 2.132110864621e+01 1 1 1 0.0 0.0 0.0
Bi 9.406631189627e+00 7.965588589262e-01 2.132110864621e+01 1 1 1 0.0 0.0 0.0
Bi 9.178960458186e+00 4.739931600062e+00 2.132110864621e+01 1 1 1 0.0 0.0 0.0
Bi 8.951289726745e+00 8.683304341198e+00 2.132110864621e+01 1 1 1 0.0 0.0 0.0
Bi 8.723618995304e+00 1.262667708233e+01 2.132110864621e+01 1 1 1 0.0 0.0 0.0
Bi 8.495948263863e+00 1.657004982347e+01 2.132110864621e+01 1 1 1 0.0 0.0 0.0
Bi 5.650064122357e+00 2.373907955381e+00 2.132110864621e+01 1 1 1 0.0 0.0 0.0
Bi 5.422393390916e+00 6.317280696516e+00 2.132110864621e+01 1 1 1 0.0 0.0 0.0
Bi 5.194722659475e+00 1.026065343765e+01 2.132110864621e+01 1 1 1 0.0 0.0 0.0
Bi 4.967051928033e+00 1.420402617879e+01 2.132110864621e+01 1 1 1 0.0 0.0 0.0
Bi 2.121167786528e+00 7.884310699103e-03 2.132110864621e+01 1 1 1 0.0 0.0 0.0
Bi 1.893497055087e+00 3.951257051835e+00 2.132110864621e+01 1 1 1 0.0 0.0 0.0
Bi 1.665826323645e+00 7.894629792970e+00 2.132110864621e+01 1 1 1 0.0 0.0 0.0
Bi 1.976564946567e+01 1.183800253411e+01 2.132110864621e+01 1 1 1 0.0 0.0 0.0
Bi 1.953797873423e+01 1.578137527524e+01 2.132110864621e+01 1 1 1 0.0 0.0 0.0
Bi 1.669209459273e+01 1.585233407153e+00 2.132110864621e+01 1 1 1 0.0 0.0 0.0
Se 2.639266591880e+00 1.251977538834e+01 7.500000000000e+00 1 1 1 0.0 0.0 0.0
Se 5.257480002321e+00 1.478721471449e+01 7.500000000000e+00 1 1 1 0.0 0.0 0.0
Se 1.900310040761e+01 6.851177072955e+00 7.500000000000e+00 1 1 1 0.0 0.0 0.0
Se 3.293819944584e+00 9.118616399108e+00 7.500000000000e+00 1 1 1 0.0 0.0 0.0
Se 5.912033355026e+00 1.138605572526e+01 7.500000000000e+00 1 1 1 0.0 0.0 0.0
Se 8.530246765468e+00 1.365349505141e+01 7.500000000000e+00 1 1 1 0.0 0.0 0.0
Se 1.330159886847e+00 3.450018083725e+00 7.500000000000e+00 1 1 1 0.0 0.0 0.0
Se 3.948373297289e+00 5.717457409878e+00 7.500000000000e+00 1 1 1 0.0 0.0 0.0
Se 6.566586707731e+00 7.984896736031e+00 7.500000000000e+00 1 1 1 0.0 0.0 0.0
Se 9.184800118172e+00 1.025233606218e+01 7.500000000000e+00 1 1 1 0.0 0.0 0.0
Se 1.180301352861e+01 1.251977538834e+01 7.500000000000e+00 1 1 1 0.0 0.0 0.0
Se 1.442122693906e+01 1.478721471449e+01 7.500000000000e+00 1 1 1 0.0 0.0 0.0
Se 2.031220711264e+01 1.592093437757e+01 7.500000000000e+00 1 1 1 0.0 0.0 0.0
Se 1.984713239552e+00 4.885909449555e-02 7.500000000000e+00 1 1 1 0.0 0.0 0.0
Se 4.602926649994e+00 2.316298420649e+00 7.500000000000e+00 1 1 1 0.0 0.0 0.0
Se 7.221140060435e+00 4.583737746802e+00 7.500000000000e+00 1 1 1 0.0 0.0 0.0
Se 9.839353470877e+00 6.851177072955e+00 7.500000000000e+00 1 1 1 0.0 0.0 0.0
Se 1.245756688132e+01 9.118616399108e+00 7.500000000000e+00 1 1 1 0.0 0.0 0.0
Se 1.507578029176e+01 1.138605572526e+01 7.500000000000e+00 1 1 1 0.0 0.0 0.0
Se 1.769399370220e+01 1.365349505141e+01 7.500000000000e+00 1 1 1 0.0 0.0 0.0
Se 7.875693412763e+00 1.705465404064e+01 7.500000000000e+00 1 1 1 0.0 0.0 0.0
Se 7.875693413140e+00 1.182578757572e+00 7.500000000000e+00 1 1 1 0.0 0.0 0.0
Se 1.049390682358e+01 3.450018083725e+00 7.500000000000e+00 1 1 1 0.0 0.0 0.0
Se 1.311212023402e+01 5.717457409878e+00 7.500000000000e+00 1 1 1 0.0 0.0 0.0
Se 1.573033364447e+01 7.984896736031e+00 7.500000000000e+00 1 1 1 0.0 0.0 0.0
Se 1.834854705491e+01 1.025233606218e+01 7.500000000000e+00 1 1 1 0.0 0.0 0.0
Se 1.114846017591e+01 1.592093437757e+01 7.500000000000e+00 1 1 1 0.0 0.0 0.0
Se 1.114846017629e+01 4.885909449555e-02 7.500000000000e+00 1 1 1 0.0 0.0 0.0
Se 1.376667358673e+01 2.316298420649e+00 7.500000000000e+00 1 1 1 0.0 0.0 0.0
Se 1.638488699717e+01 4.583737746802e+00 7.500000000000e+00 1 1 1 0.0 0.0 0.0
Se 1.703944034950e+01 1.705465404064e+01 7.500000000000e+00 1 1 1 0.0 0.0 0.0
Se 1.703944034987e+01 1.182578757572e+00 7.500000000000e+00 1 1 1 0.0 0.0 0.0
Se 3.286665553092e+00 1.441633430263e+01 1.364602824434e+01 1 1 1 0.0 0.0 0.0
Se 5.904878963534e+00 1.668377362878e+01 1.364602824434e+01 1 1 1 0.0 0.0 0.0
Se 1.323005495355e+00 8.747735987246e+00 1.364602824434e+01 1 1 1 0.0 0.0 0.0
Se 3.941218905797e+00 1.101517531340e+01 1.364602824434e+01 1 1 1 0.0 0.0 0.0
Se 6.559432316238e+00 1.328261463955e+01 1.364602824434e+01 1 1 1 0.0 0.0 0.0
Se 9.177645726680e+00 1.555005396570e+01 1.364602824434e+01 1 1 1 0.0 0.0 0.0
Se 1.977558848060e+00 5.346576998016e+00 1.364602824434e+01 1 1 1 0.0 0.0 0.0
Se 4.595772258501e+00 7.614016324169e+00 1.364602824434e+01 1 1 1 0.0 0.0 0.0
Se 7.213985668943e+00 9.881455650322e+00 1.364602824434e+01 1 1 1 0.0 0.0 0.0
Se 9.832199079385e+00 1.214889497648e+01 1.364602824434e+01 1 1 1 0.0 0.0 0.0
Se 1.245041248983e+01 1.441633430263e+01 1.364602824434e+01 1 1 1 0.0 0.0 0.0
Se 1.506862590027e+01 1.668377362878e+01 1.364602824434e+01 1 1 1 0.0 0.0 0.0
Se 2.632112200387e+00 1.781749329186e+01 1.364602824434e+01 1 1 1 0.0 0.0 0.0
Se 2.632112200764e+00 1.945418008787e+00 1.364602824434e+01 1 1 1 0.0 0.0 0.0
Se 5.250325611206e+00 4.212857334940e+00 1.364602824434e+01 1 1 1 0.0 0.0 0.0
Se 7.868539021648e+00 6.480296661093e+00 1.364602824434e+01 1 1 1 0.0 0.0 0.0
Se 1.048675243209e+01 8.747735987246e+00 1.364602824434e+01 1 1 1 0.0 0.0 0.0
Se 1.310496584253e+01 1.101517531340e+01 1.364602824434e+01 1 1 1 0.0 0.0 0.0
Se 1.572317925297e+01 1.328261463955e+01 1.364602824434e+01 1 1 1 0.0 0.0 0.0
Se 1.834139266341e+01 1.555005396570e+01 1.364602824434e+01 1 1 1 0.0 0.0 0.0
Se 5.904878963911e+00 8.116983457101e-01 1.364602824434e+01 1 1 1 0.0 0.0 0.0
Se 8.523092374352e+00 3.079137671863e+00 1.364602824434e+01 1 1 1 0.0 0.0 0.0
Se 1.114130578479e+01 5.346576998016e+00 1.364602824434e+01 1 1 1 0.0 0.0 0.0
Se 1.375951919524e+01 7.614016324169e+00 1.364602824434e+01 1 1 1 0.0 0.0 0.0
Se 1.637773260568e+01 9.881455650322e+00 1.364602824434e+01 1 1 1 0.0 0.0 0.0
Se 1.899594601612e+01 1.214889497648e+01 1.364602824434e+01 1 1 1 0.0 0.0 0.0
Se 1.179585913712e+01 1.781749329186e+01 1.364602824434e+01 1 1 1 0.0 0.0 0.0
Se 1.179585913750e+01 1.945418008787e+00 1.364602824434e+01 1 1 1 0.0 0.0 0.0
Se 1.441407254794e+01 4.212857334940e+00 1.364602824434e+01 1 1 1 0.0 0.0 0.0
Se 1.703228595838e+01 6.480296661093e+00 1.364602824434e+01 1 1 1 0.0 0.0 0.0
Se 1.506862590065e+01 8.116983457101e-01 1.364602824434e+01 1 1 1 0.0 0.0 0.0
Se 1.768683931109e+01 3.079137671863e+00 1.364602824434e+01 1 1 1 0.0 0.0 0.0
Se 2.638823740709e+00 1.252075624319e+01 1.086443756309e+01 1 1 1 0.0 0.0 0.0
Se 5.257037151150e+00 1.478819556935e+01 1.086443756309e+01 1 1 1 0.0 0.0 0.0
Se 1.900265755644e+01 6.852157927810e+00 1.086443756309e+01 1 1 1 0.0 0.0 0.0
Se 3.293377093413e+00 9.119597253963e+00 1.086443756309e+01 1 1 1 0.0 0.0 0.0
Se 5.911590503855e+00 1.138703658012e+01 1.086443756309e+01 1 1 1 0.0 0.0 0.0
Se 8.529803914297e+00 1.365447590627e+01 1.086443756309e+01 1 1 1 0.0 0.0 0.0
Se 1.329717035676e+00 3.450998938580e+00 1.086443756309e+01 1 1 1 0.0 0.0 0.0
Se 3.947930446118e+00 5.718438264733e+00 1.086443756309e+01 1 1 1 0.0 0.0 0.0
Se 6.566143856560e+00 7.985877590886e+00 1.086443756309e+01 1 1 1 0.0 0.0 0.0
Se 9.184357267001e+00 1.025331691704e+01 1.086443756309e+01 1 1 1 0.0 0.0 0.0
Se 1.180257067744e+01 1.252075624319e+01 1.086443756309e+01 1 1 1 0.0 0.0 0.0
Se 1.442078408788e+01 1.478819556935e+01 1.086443756309e+01 1 1 1 0.0 0.0 0.0
Se 2.031176426147e+01 1.592191523242e+01 1.086443756309e+01 1 1 1 0.0 0.0 0.0
Se 1.984270388381e+00 4.983994935059e-02 1.086443756309e+01 1 1 1 0.0 0.0 0.0
Se 4.602483798823e+00 2.317279275504e+00 1.086443756309e+01 1 1 1 0.0 0.0 0.0
Se 7.220697209264e+00 4.584718601657e+00 1.086443756309e+01 1 1 1 0.0 0.0 0.0
Se 9.838910619706e+00 6.852157927810e+00 1.086443756309e+01 1 1 1 0.0 0.0 0.0
Se 1.245712403015e+01 9.119597253963e+00 1.086443756309e+01 1 1 1 0.0 0.0 0.0
Se 1.507533744059e+01 1.138703658012e+01 1.086443756309e+01 1 1 1 0.0 0.0 0.0
Se 1.769355085103e+01 1.365447590627e+01 1.086443756309e+01 1 1 1 0.0 0.0 0.0
Se 7.875250561592e+00 1.705563489550e+01 1.086443756309e+01 1 1 1 0.0 0.0 0.0
Se 7.875250561969e+00 1.183559612427e+00 1.086443756309e+01 1 1 1 0.0 0.0 0.0
Se 1.049346397241e+01 3.450998938580e+00 1.086443756309e+01 1 1 1 0.0 0.0 0.0
Se 1.311167738285e+01 5.718438264733e+00 1.086443756309e+01 1 1 1 0.0 0.0 0.0
Se 1.572989079329e+01 7.985877590886e+00 1.086443756309e+01 1 1 1 0.0 0.0 0.0
Se 1.834810420374e+01 1.025331691704e+01 1.086443756309e+01 1 1 1 0.0 0.0 0.0
Se 1.114801732474e+01 1.592191523242e+01 1.086443756309e+01 1 1 1 0.0 0.0 0.0
Se 1.114801732512e+01 4.983994935059e-02 1.086443756309e+01 1 1 1 0.0 0.0 0.0
Se 1.376623073556e+01 2.317279275504e+00 1.086443756309e+01 1 1 1 0.0 0.0 0.0
Se 1.638444414600e+01 4.584718601657e+00 1.086443756309e+01 1 1 1 0.0 0.0 0.0
Se 1.703899749833e+01 1.705563489550e+01 1.086443756309e+01 1 1 1 0.0 0.0 0.0
Se 1.703899749870e+01 1.183559612427e+00 1.086443756309e+01 1 1 1 0.0 0.0 0.0
Se 3.286399872523e+00 1.441735836118e+01 1.701046802998e+01 1 1 1 0.0 0.0 0.0
Se 5.904613282964e+00 1.668479768734e+01 1.701046802998e+01 1 1 1 0.0 0.0 0.0
Se 1.322739814786e+00 8.748760045802e+00 1.701046802998e+01 1 1 1 0.0 0.0 0.0
Se 3.940953225227e+00 1.101619937195e+01 1.701046802998e+01 1 1 1 0.0 0.0 0.0
Se 6.559166635669e+00 1.328363869811e+01 1.701046802998e+01 1 1 1 0.0 0.0 0.0
Se 9.177380046111e+00 1.555107802426e+01 1.701046802998e+01 1 1 1 0.0 0.0 0.0
Se 1.977293167490e+00 5.347601056572e+00 1.701046802998e+01 1 1 1 0.0 0.0 0.0
Se 4.595506577932e+00 7.615040382725e+00 1.701046802998e+01 1 1 1 0.0 0.0 0.0
Se 7.213719988374e+00 9.882479708878e+00 1.701046802998e+01 1 1 1 0.0 0.0 0.0
Se 9.831933398815e+00 1.214991903503e+01 1.701046802998e+01 1 1 1 0.0 0.0 0.0
Se 1.245014680926e+01 1.441735836118e+01 1.701046802998e+01 1 1 1 0.0 0.0 0.0
Se 1.506836021970e+01 1.668479768734e+01 1.701046802998e+01 1 1 1 0.0 0.0 0.0
Se 2.631846519818e+00 1.781851735041e+01 1.701046802998e+01 1 1 1 0.0 0.0 0.0
Se 2.631846520195e+00 1.946442067343e+00 1.701046802998e+01 1 1 1 0.0 0.0 0.0
Se 5.250059930637e+00 4.213881393496e+00 1.701046802998e+01 1 1 1 0.0 0.0 0.0
Se 7.868273341078e+00 6.481320719649e+00 1.701046802998e+01 1 1 1 0.0 0.0 0.0
Se 1.048648675152e+01 8.748760045802e+00 1.701046802998e+01 1 1 1 0.0 0.0 0.0
Se 1.310470016196e+01 1.101619937195e+01 1.701046802998e+01 1 1 1 0.0 0.0 0.0
Se 1.572291357240e+01 1.328363869811e+01 1.701046802998e+01 1 1 1 0.0 0.0 0.0
Se 1.834112698285e+01 1.555107802426e+01 1.701046802998e+01 1 1 1 0.0 0.0 0.0
Se 5.904613283341e+00 8.127224042660e-01 1.701046802998e+01 1 1 1 0.0 0.0 0.0
Se 8.522826693783e+00 3.080161730419e+00 1.701046802998e+01 1 1 1 0.0 0.0 0.0
Se 1.114104010422e+01 5.347601056572e+00 1.701046802998e+01 1 1 1 0.0 0.0 0.0
Se 1.375925351467e+01 7.615040382725e+00 1.701046802998e+01 1 1 1 0.0 0.0 0.0
Se 1.637746692511e+01 9.882479708878e+00 1.701046802998e+01 1 1 1 0.0 0.0 0.0
Se 1.899568033555e+01 1.214991903503e+01 1.701046802998e+01 1 1 1 0.0 0.0 0.0
Se 1.179559345655e+01 1.781851735041e+01 1.701046802998e+01 1 1 1 0.0 0.0 0.0
Se 1.179559345693e+01 1.946442067343e+00 1.701046802998e+01 1 1 1 0.0 0.0 0.0
Se 1.441380686737e+01 4.213881393496e+00 1.701046802998e+01 1 1 1 0.0 0.0 0.0
Se 1.703202027781e+01 6.481320719649e+00 1.701046802998e+01 1 1 1 0.0 0.0 0.0
Se 1.506836022008e+01 8.127224042660e-01 1.701046802998e+01 1 1 1 0.0 0.0 0.0
Se 1.768657363052e+01 3.080161730419e+00 1.701046802998e+01 1 1 1 0.0 0.0 0.0
Se 1.416178427096e+01 1.320663793219e+00 3.696241589303e+01 1 1 1 0.0 0.0 0.0
Se 1.393411353952e+01 5.264036534355e+00 3.696241589303e+01 1 1 1 0.0 0.0 0.0
Se 1.370644280808e+01 9.207409275490e+00 3.696241589303e+01 1 1 1 0.0 0.0 0.0
Se 1.347877207664e+01 1.315078201663e+01 3.696241589303e+01 1 1 1 0.0 0.0 0.0
Se 1.325110134520e+01 1.709415475776e+01 3.696241589303e+01 1 1 1 0.0 0.0 0.0
Se 1.040521720369e+01 2.898012889673e+00 3.696241589303e+01 1 1 1 0.0 0.0 0.0
Se 1.017754647225e+01 6.841385630809e+00 3.696241589303e+01 1 1 1 0.0 0.0 0.0
Se 9.949875740811e+00 1.078475837194e+01 3.696241589303e+01 1 1 1 0.0 0.0 0.0
Se 9.722205009370e+00 1.472813111308e+01 3.696241589303e+01 1 1 1 0.0 0.0 0.0
Se 6.876320867864e+00 5.319892449920e-01 3.696241589303e+01 1 1 1 0.0 0.0 0.0
Se 6.648650136423e+00 4.475361986128e+00 3.696241589303e+01 1 1 1 0.0 0.0 0.0
Se 6.420979404982e+00 8.418734727263e+00 3.696241589303e+01 1 1 1 0.0 0.0 0.0
Se 6.193308673540e+00 1.236210746840e+01 3.696241589303e+01 1 1 1 0.0 0.0 0.0
Se 5.965637942099e+00 1.630548020953e+01 3.696241589303e+01 1 1 1 0.0 0.0 0.0
Se 3.119753800594e+00 2.109338341446e+00 3.696241589303e+01 1 1 1 0.0 0.0 0.0
Se 2.892083069152e+00 6.052711082582e+00 3.696241589303e+01 1 1 1 0.0 0.0 0.0
Se 2.664412337711e+00 9.996083823718e+00 3.696241589303e+01 1 1 1 0.0 0.0 0.0
Se 2.436741606270e+00 1.393945656485e+01 3.696241589303e+01 1 1 1 0.0 0.0 0.0
Se 2.053656474830e+01 1.788282930599e+01 3.696241589303e+01 1 1 1 0.0 0.0 0.0
Se 1.769068060679e+01 3.686687437900e+00 3.696241589303e+01 1 1 1 0.0 0.0 0.0
Se 1.746300987535e+01 7.630060179036e+00 3.696241589303e+01 1 1 1 0.0 0.0 0.0
Se 1.723533914391e+01 1.157343292017e+01 3.696241589303e+01 1 1 1 0.0 0.0 0.0
Se 1.700766841247e+01 1.551680566131e+01 3.696241589303e+01 1 1 1 0.0 0.0 0.0
Se 1.638481455389e+01 5.556923276430e+00 3.332483142763e+01 1 1 1 0.0 0.0 0.0
Se 1.615714382245e+01 9.500296017566e+00 3.332483142763e+01 1 1 1 0.0 0.0 0.0
Se 1.592947309101e+01 1.344366875870e+01 3.332483142763e+01 1 1 1 0.0 0.0 0.0
Se 1.570180235957e+01 1.738704149984e+01 3.332483142763e+01 1 1 1 0.0 0.0 0.0
Se 1.285591821806e+01 3.190899631749e+00 3.332483142763e+01 1 1 1 0.0 0.0 0.0
Se 1.262824748662e+01 7.134272372884e+00 3.332483142763e+01 1 1 1 0.0 0.0 0.0
Se 1.240057675518e+01 1.107764511402e+01 3.332483142763e+01 1 1 1 0.0 0.0 0.0
Se 1.217290602374e+01 1.502101785516e+01 3.332483142763e+01 1 1 1 0.0 0.0 0.0
Se 9.327021882235e+00 8.248759870674e-01 3.332483142763e+01 1 1 1 0.0 0.0 0.0
Se 9.099351150794e+00 4.768248728203e+00 3.332483142763e+01 1 1 1 0.0 0.0 0.0
Se 8.871680419353e+00 8.711621469339e+00 3.332483142763e+01 1 1 1 0.0 0.0 0.0
Se 8.644009687912e+00 1.265499421047e+01 3.332483142763e+01 1 1 1 0.0 0.0 0.0
Se 8.416338956470e+00 1.659836695161e+01 3.332483142763e+01 1 1 1 0.0 0.0 0.0
Se 5.570454814965e+00 2.402225083522e+00 3.332483142763e+01 1 1 1 0.0 0.0 0.0
Se 5.342784083524e+00 6.345597824657e+00 3.332483142763e+01 1 1 1 0.0 0.0 0.0
Se 5.115113352082e+00 1.028897056579e+01 3.332483142763e+01 1 1 1 0.0 0.0 0.0
Se 4.887442620641e+00 1.423234330693e+01 3.332483142763e+01 1 1 1 0.0 0.0 0.0
Se 2.041558479136e+00 3.620143884023e-02 3.332483142763e+01 1 1 1 0.0 0.0 0.0
Se 1.813887747694e+00 3.979574179976e+00 3.332483142763e+01 1 1 1 0.0 0.0 0.0
Se 1.586217016253e+00 7.922946921112e+00 3.332483142763e+01 1 1 1 0.0 0.0 0.0
Se 1.968604015828e+01 1.186631966225e+01 3.332483142763e+01 1 1 1 0.0 0.0 0.0
Se 1.945836942684e+01 1.580969240338e+01 3.332483142763e+01 1 1 1 0.0 0.0 0.0
Se 1.661248528533e+01 1.613550535295e+00 3.332483142763e+01 1 1 1 0.0 0.0 0.0
Se 1.528799962329e+01 3.442107514929e+00 2.969131231352e+01 1 1 1 0.0 0.0 0.0
Se 1.506032889185e+01 7.385480256065e+00 2.969131231352e+01 1 1 1 0.0 0.0 0.0
Se 1.483265816041e+01 1.132885299720e+01 2.969131231352e+01 1 1 1 0.0 0.0 0.0
Se 1.460498742897e+01 1.527222573834e+01 2.969131231352e+01 1 1 1 0.0 0.0 0.0
Se 1.175910328747e+01 1.076083870248e+00 2.969131231352e+01 1 1 1 0.0 0.0 0.0
Se 1.153143255602e+01 5.019456611384e+00 2.969131231352e+01 1 1 1 0.0 0.0 0.0
Se 1.130376182458e+01 8.962829352519e+00 2.969131231352e+01 1 1 1 0.0 0.0 0.0
Se 1.107609109314e+01 1.290620209365e+01 2.969131231352e+01 1 1 1 0.0 0.0 0.0
Se 1.084842036170e+01 1.684957483479e+01 2.969131231352e+01 1 1 1 0.0 0.0 0.0
Se 8.002536220195e+00 2.653432966702e+00 2.969131231352e+01 1 1 1 0.0 0.0 0.0
Se 7.774865488754e+00 6.596805707838e+00 2.969131231352e+01 1 1 1 0.0 0.0 0.0
Se 7.547194757313e+00 1.054017844897e+01 2.969131231352e+01 1 1 1 0.0 0.0 0.0
Se 7.319524025872e+00 1.448355119011e+01 2.969131231352e+01 1 1 1 0.0 0.0 0.0
Se 4.473639884366e+00 2.874093220207e-01 2.969131231352e+01 1 1 1 0.0 0.0 0.0
Se 4.245969152925e+00 4.230782063156e+00 2.969131231352e+01 1 1 1 0.0 0.0 0.0
Se 4.018298421484e+00 8.174154804292e+00 2.969131231352e+01 1 1 1 0.0 0.0 0.0
Se 3.790627690042e+00 1.211752754543e+01 2.969131231352e+01 1 1 1 0.0 0.0 0.0
Se 3.562956958601e+00 1.606090028656e+01 2.969131231352e+01 1 1 1 0.0 0.0 0.0
Se 7.170728170955e-01 1.864758418475e+00 2.969131231352e+01 1 1 1 0.0 0.0 0.0
Se 1.881689595912e+01 5.808131159611e+00 2.969131231352e+01 1 1 1 0.0 0.0 0.0
Se 1.858922522768e+01 9.751503900746e+00 2.969131231352e+01 1 1 1 0.0 0.0 0.0
Se 1.836155449624e+01 1.369487664188e+01 2.969131231352e+01 1 1 1 0.0 0.0 0.0
Se 1.813388376480e+01 1.763824938302e+01 2.969131231352e+01 1 1 1 0.0 0.0 0.0
Se 1.646142037999e+01 5.531198386309e+00 2.692457590224e+01 1 1 1 0.0 0.0 0.0
Se 1.623374964854e+01 9.474571127444e+00 2.692457590224e+01 1 1 1 0.0 0.0 0.0
Se 1.600607891710e+01 1.341794386858e+01 2.692457590224e+01 1 1 1 0.0 0.0 0.0
Se 1.577840818566e+01 1.736131660972e+01 2.692457590224e+01 1 1 1 0.0 0.0 0.0
Se 1.293252404416e+01 3.165174741627e+00 2.692457590224e+01 1 1 1 0.0 0.0 0.0
Se 1.270485331271e+01 7.108547482763e+00 2.692457590224e+01 1 1 1 0.0 0.0 0.0
Se 1.247718258127e+01 1.105192022390e+01 2.692457590224e+01 1 1 1 0.0 0.0 0.0
Se 1.224951184983e+01 1.499529296503e+01 2.692457590224e+01 1 1 1 0.0 0.0 0.0
Se 9.403627708327e+00 7.991510969458e-01 2.692457590224e+01 1 1 1 0.0 0.0 0.0
Se 9.175956976886e+00 4.742523838082e+00 2.692457590224e+01 1 1 1 0.0 0.0 0.0
Se 8.948286245445e+00 8.685896579217e+00 2.692457590224e+01 1 1 1 0.0 0.0 0.0
Se 8.720615514004e+00 1.262926932035e+01 2.692457590224e+01 1 1 1 0.0 0.0 0.0
Se 8.492944782562e+00 1.657264206149e+01 2.692457590224e+01 1 1 1 0.0 0.0 0.0
Se 5.647060641057e+00 2.376500193400e+00 2.692457590224e+01 1 1 1 0.0 0.0 0.0
Se 5.419389909616e+00 6.319872934536e+00 2.692457590224e+01 1 1 1 0.0 0.0 0.0
Se 5.191719178174e+00 1.026324567567e+01 2.692457590224e+01 1 1 1 0.0 0.0 0.0
Se 4.964048446733e+00 1.420661841681e+01 2.692457590224e+01 1 1 1 0.0 0.0 0.0
Se 2.118164305228e+00 1.047654871869e-02 2.692457590224e+01 1 1 1 0.0 0.0 0.0
Se 1.890493573786e+00 3.953849289854e+00 2.692457590224e+01 1 1 1 0.0 0.0 0.0
Se 1.662822842345e+00 7.897222030990e+00 2.692457590224e+01 1 1 1 0.0 0.0 0.0
Se 1.976264598437e+01 1.184059477213e+01 2.692457590224e+01 1 1 1 0.0 0.0 0.0
Se 1.953497525293e+01 1.578396751326e+01 2.692457590224e+01 1 1 1 0.0 0.0 0.0
Se 1.668909111143e+01 1.587825645173e+00 2.692457590224e+01 1 1 1 0.0 0.0 0.0
Se 1.536070118920e+01 3.409289582260e+00 2.330671355540e+01 1 1 1 0.0 0.0 0.0
Se 1.513303045775e+01 7.352662323396e+00 2.330671355540e+01 1 1 1 0.0 0.0 0.0
Se 1.490535972631e+01 1.129603506453e+01 2.330671355540e+01 1 1 1 0.0 0.0 0.0
Se 1.467768899487e+01 1.523940780567e+01 2.330671355540e+01 1 1 1 0.0 0.0 0.0
Se 1.183180485337e+01 1.043265937579e+00 2.330671355540e+01 1 1 1 0.0 0.0 0.0
Se 1.160413412192e+01 4.986638678714e+00 2.330671355540e+01 1 1 1 0.0 0.0 0.0
Se 1.137646339048e+01 8.930011419850e+00 2.330671355540e+01 1 1 1 0.0 0.0 0.0
Se 1.114879265904e+01 1.287338416099e+01 2.330671355540e+01 1 1 1 0.0 0.0 0.0
Se 1.092112192760e+01 1.681675690212e+01 2.330671355540e+01 1 1 1 0.0 0.0 0.0
Se 8.075237786096e+00 2.620615034033e+00 2.330671355540e+01 1 1 1 0.0 0.0 0.0
Se 7.847567054655e+00 6.563987775169e+00 2.330671355540e+01 1 1 1 0.0 0.0 0.0
Se 7.619896323213e+00 1.050736051630e+01 2.330671355540e+01 1 1 1 0.0 0.0 0.0
Se 7.392225591772e+00 1.445073325744e+01 2.330671355540e+01 1 1 1 0.0 0.0 0.0
Se 4.546341450267e+00 2.545913893515e-01 2.330671355540e+01 1 1 1 0.0 0.0 0.0
Se 4.318670718825e+00 4.197964130487e+00 2.330671355540e+01 1 1 1 0.0 0.0 0.0
Se 4.090999987384e+00 8.141336871623e+00 2.330671355540e+01 1 1 1 0.0 0.0 0.0
Se 3.863329255943e+00 1.208470961276e+01 2.330671355540e+01 1 1 1 0.0 0.0 0.0
Se 3.635658524502e+00 1.602808235389e+01 2.330671355540e+01 1 1 1 0.0 0.0 0.0
Se 7.897743829963e-01 1.831940485806e+00 2.330671355540e+01 1 1 1 0.0 0.0 0.0
Se 1.888959752502e+01 5.775313226941e+00 2.330671355540e+01 1 1 1 0.0 0.0 0.0
Se 1.866192679358e+01 9.718685968077e+00 2.330671355540e+01 1 1 1 0.0 0.0 0.0
Se 1.843425606214e+01 1.366205870921e+01 2.330671355540e+01 1 1 1 0.0 0.0 0.0
Se 1.820658533070e+01 1.760543145035e+01 2.330671355540e+01 1 1 1 0.0 0.0 0.0
Se 1.424927583390e+01 1.297288604448e+00 1.968357859229e+01 1 1 1 0.0 0.0 0.0
Se 1.402160510246e+01 5.240661345584e+00 1.968357859229e+01 1 1 1 0.0 0.0 0.0
Se 1.379393437102e+01 9.184034086720e+00 1.968357859229e+01 1 1 1 0.0 0.0 0.0
Se 1.356626363958e+01 1.312740682786e+01 1.968357859229e+01 1 1 1 0.0 0.0 0.0
Se 1.333859290814e+01 1.707077956899e+01 1.968357859229e+01 1 1 1 0.0 0.0 0.0
Se 1.049270876663e+01 2.874637700903e+00 1.968357859229e+01 1 1 1 0.0 0.0 0.0
Se 1.026503803519e+01 6.818010442038e+00 1.968357859229e+01 1 1 1 0.0 0.0 0.0
Se 1.003736730375e+01 1.076138318317e+01 1.968357859229e+01 1 1 1 0.0 0.0 0.0
Se 9.809696572310e+00 1.470475592431e+01 1.968357859229e+01 1 1 1 0.0 0.0 0.0
Se 6.963812430804e+00 5.086140562212e-01 1.968357859229e+01 1 1 1 0.0 0.0 0.0
Se 6.736141699363e+00 4.451986797357e+00 1.968357859229e+01 1 1 1 0.0 0.0 0.0
Se 6.508470967922e+00 8.395359538493e+00 1.968357859229e+01 1 1 1 0.0 0.0 0.0
Se 6.280800236481e+00 1.233873227963e+01 1.968357859229e+01 1 1 1 0.0 0.0 0.0
Se 6.053129505040e+00 1.628210502076e+01 1.968357859229e+01 1 1 1 0.0 0.0 0.0
Se 3.207245363534e+00 2.085963152675e+00 1.968357859229e+01 1 1 1 0.0 0.0 0.0
Se 2.979574632093e+00 6.029335893811e+00 1.968357859229e+01 1 1 1 0.0 0.0 0.0
Se 2.751903900652e+00 9.972708634947e+00 1.968357859229e+01 1 1 1 0.0 0.0 0.0
Se 2.524233169211e+00 1.391608137608e+01 1.968357859229e+01 1 1 1 0.0 0.0 0.0
Se 2.062405631124e+01 1.785945411722e+01 1.968357859229e+01 1 1 1 0.0 0.0 0.0
Se 1.777817216973e+01 3.663312249130e+00 1.968357859229e+01 1 1 1 0.0 0.0 0.0
Se 1.755050143829e+01 7.606684990265e+00 1.968357859229e+01 1 1 1 0.0 0.0 0.0
Se 1.732283070685e+01 1.155005773140e+01 1.968357859229e+01 1 1 1 0.0 0.0 0.0
Se 1.709515997541e+01 1.549343047254e+01 1.968357859229e+01 1 1 1 0.0 0.0 0.0
"