 -1.700000e+01  0.000000e+00 
 -1.699000e+01  0.000000e+00 
 -1.698000e+01  0.000000e+00 
 -1.697000e+01  0.000000e+00 
 -1.696000e+01  0.000000e+00 
 -1.695000e+01  0.000000e+00 
 -1.694000e+01  0.000000e+00 
 -1.693000e+01  0.000000e+00 
 -1.692000e+01  0.000000e+00 
 -1.691000e+01  0.000000e+00 
 -1.690000e+01  0.000000e+00 
 -1.689000e+01  0.000000e+00 
 -1.688000e+01  0.000000e+00 
 -1.687000e+01  0.000000e+00 
 -1.686000e+01  0.000000e+00 
 -1.685000e+01  0.000000e+00 
 -1.684000e+01  0.000000e+00 
 -1.683000e+01  0.000000e+00 
 -1.682000e+01  0.000000e+00 
 -1.681000e+01  0.000000e+00 
 -1.680000e+01  0.000000e+00 
 -1.679000e+01  0.000000e+00 
 -1.678000e+01  0.000000e+00 
 -1.677000e+01  0.000000e+00 
 -1.676000e+01  0.000000e+00 
 -1.675000e+01  0.000000e+00 
 -1.674000e+01  0.000000e+00 
 -1.673000e+01  0.000000e+00 
 -1.672000e+01  0.000000e+00 
 -1.671000e+01  0.000000e+00 
 -1.670000e+01  0.000000e+00 
 -1.669000e+01  0.000000e+00 
 -1.668000e+01  0.000000e+00 
 -1.667000e+01  0.000000e+00 
 -1.666000e+01  0.000000e+00 
 -1.665000e+01  0.000000e+00 
 -1.664000e+01  0.000000e+00 
 -1.663000e+01  0.000000e+00 
 -1.662000e+01  0.000000e+00 
 -1.661000e+01  0.000000e+00 
 -1.660000e+01  0.000000e+00 
 -1.659000e+01  0.000000e+00 
 -1.658000e+01  0.000000e+00 
 -1.657000e+01  0.000000e+00 
 -1.656000e+01  0.000000e+00 
 -1.655000e+01  0.000000e+00 
 -1.654000e+01  0.000000e+00 
 -1.653000e+01  0.000000e+00 
 -1.652000e+01  0.000000e+00 
 -1.651000e+01  0.000000e+00 
 -1.650000e+01  0.000000e+00 
 -1.649000e+01  0.000000e+00 
 -1.648000e+01  0.000000e+00 
 -1.647000e+01  0.000000e+00 
 -1.646000e+01  0.000000e+00 
 -1.645000e+01  0.000000e+00 
 -1.644000e+01  0.000000e+00 
 -1.643000e+01  0.000000e+00 
 -1.642000e+01  0.000000e+00 
 -1.641000e+01  0.000000e+00 
 -1.640000e+01  0.000000e+00 
 -1.639000e+01  0.000000e+00 
 -1.638000e+01  0.000000e+00 
 -1.637000e+01  0.000000e+00 
 -1.636000e+01  0.000000e+00 
 -1.635000e+01  0.000000e+00 
 -1.634000e+01  0.000000e+00 
 -1.633000e+01  0.000000e+00 
 -1.632000e+01  0.000000e+00 
 -1.631000e+01  0.000000e+00 
 -1.630000e+01  0.000000e+00 
 -1.629000e+01  0.000000e+00 
 -1.628000e+01  0.000000e+00 
 -1.627000e+01  0.000000e+00 
 -1.626000e+01  0.000000e+00 
 -1.625000e+01  0.000000e+00 
 -1.624000e+01  0.000000e+00 
 -1.623000e+01  0.000000e+00 
 -1.622000e+01  0.000000e+00 
 -1.621000e+01  0.000000e+00 
 -1.620000e+01  0.000000e+00 
 -1.619000e+01  0.000000e+00 
 -1.618000e+01  0.000000e+00 
 -1.617000e+01  0.000000e+00 
 -1.616000e+01  8.650389e-06 
 -1.615000e+01  8.505419e-05 
 -1.614000e+01  2.680217e-04 
 -1.613000e+01  5.780251e-04 
 -1.612000e+01  1.015065e-03 
 -1.611000e+01  1.616495e-03 
 -1.610000e+01  2.951834e-03 
 -1.609000e+01  5.329005e-03 
 -1.608000e+01  8.748008e-03 
 -1.607000e+01  1.320884e-02 
 -1.606000e+01  1.871151e-02 
 -1.605000e+01  2.525600e-02 
 -1.604000e+01  3.284233e-02 
 -1.603000e+01  4.147049e-02 
 -1.602000e+01  5.114528e-02 
 -1.601000e+01  6.208060e-02 
 -1.600000e+01  7.467381e-02 
 -1.599000e+01  8.912098e-02 
 -1.598000e+01  1.066928e-01 
 -1.597000e+01  1.298599e-01 
 -1.596000e+01  3.117651e-01 
 -1.595000e+01  3.738441e-01 
 -1.594000e+01  3.884961e-01 
 -1.593000e+01  4.021584e-01 
 -1.592000e+01  4.149182e-01 
 -1.591000e+01  4.268147e-01 
 -1.590000e+01  4.378493e-01 
 -1.589000e+01  4.493379e-01 
 -1.588000e+01  4.624361e-01 
 -1.587000e+01  4.772685e-01 
 -1.586000e+01  4.939882e-01 
 -1.585000e+01  5.124610e-01 
 -1.584000e+01  5.319906e-01 
 -1.583000e+01  5.523444e-01 
 -1.582000e+01  5.735328e-01 
 -1.581000e+01  5.955557e-01 
 -1.580000e+01  6.184158e-01 
 -1.579000e+01  6.421782e-01 
 -1.578000e+01  6.669202e-01 
 -1.577000e+01  6.927703e-01 
 -1.576000e+01  7.197352e-01 
 -1.575000e+01  7.484958e-01 
 -1.574000e+01  7.804824e-01 
 -1.573000e+01  8.144967e-01 
 -1.572000e+01  8.512973e-01 
 -1.571000e+01  8.902375e-01 
 -1.570000e+01  7.905667e-01 
 -1.569000e+01  8.213430e-01 
 -1.568000e+01  8.558967e-01 
 -1.567000e+01  8.816661e-01 
 -1.566000e+01  9.083366e-01 
 -1.565000e+01  9.652260e-01 
 -1.564000e+01  1.009319e+00 
 -1.563000e+01  1.039016e+00 
 -1.562000e+01  1.066371e+00 
 -1.561000e+01  1.092147e+00 
 -1.560000e+01  1.116548e+00 
 -1.559000e+01  1.139738e+00 
 -1.558000e+01  1.166975e+00 
 -1.557000e+01  1.201081e+00 
 -1.556000e+01  1.238771e+00 
 -1.555000e+01  1.285300e+00 
 -1.554000e+01  1.330982e+00 
 -1.553000e+01  1.375563e+00 
 -1.552000e+01  1.419090e+00 
 -1.551000e+01  1.461831e+00 
 -1.550000e+01  1.503810e+00 
 -1.549000e+01  1.544424e+00 
 -1.548000e+01  1.583511e+00 
 -1.547000e+01  1.621695e+00 
 -1.546000e+01  1.658384e+00 
 -1.545000e+01  1.691225e+00 
 -1.544000e+01  1.720727e+00 
 -1.543000e+01  1.752506e+00 
 -1.542000e+01  1.790496e+00 
 -1.541000e+01  1.831624e+00 
 -1.540000e+01  1.882615e+00 
 -1.539000e+01  1.958175e+00 
 -1.538000e+01  2.042476e+00 
 -1.537000e+01  2.123473e+00 
 -1.536000e+01  2.170521e+00 
 -1.535000e+01  2.214129e+00 
 -1.534000e+01  2.364602e+00 
 -1.533000e+01  2.707723e+00 
 -1.532000e+01  2.937876e+00 
 -1.531000e+01  2.998967e+00 
 -1.530000e+01  2.938468e+00 
 -1.529000e+01  2.840949e+00 
 -1.528000e+01  2.744253e+00 
 -1.527000e+01  2.650995e+00 
 -1.526000e+01  2.559319e+00 
 -1.525000e+01  2.468147e+00 
 -1.524000e+01  2.377383e+00 
 -1.523000e+01  2.287195e+00 
 -1.522000e+01  2.197633e+00 
 -1.521000e+01  2.110506e+00 
 -1.520000e+01  2.031616e+00 
 -1.519000e+01  1.963366e+00 
 -1.518000e+01  1.913679e+00 
 -1.517000e+01  1.885920e+00 
 -1.516000e+01  1.874719e+00 
 -1.515000e+01  1.869409e+00 
 -1.514000e+01  1.865376e+00 
 -1.513000e+01  1.860850e+00 
 -1.512000e+01  1.827188e+00 
 -1.511000e+01  1.708906e+00 
 -1.510000e+01  1.500046e+00 
 -1.509000e+01  1.387763e+00 
 -1.508000e+01  1.306250e+00 
 -1.507000e+01  1.284151e+00 
 -1.506000e+01  1.356162e+00 
 -1.505000e+01  1.405906e+00 
 -1.504000e+01  1.404913e+00 
 -1.503000e+01  1.388714e+00 
 -1.502000e+01  1.366142e+00 
 -1.501000e+01  1.348390e+00 
 -1.500000e+01  1.335749e+00 
 -1.499000e+01  1.327086e+00 
 -1.498000e+01  1.319997e+00 
 -1.497000e+01  1.313816e+00 
 -1.496000e+01  1.308600e+00 
 -1.495000e+01  1.313985e+00 
 -1.494000e+01  1.321639e+00 
 -1.493000e+01  1.328002e+00 
 -1.492000e+01  1.333820e+00 
 -1.491000e+01  1.339023e+00 
 -1.490000e+01  1.343434e+00 
 -1.489000e+01  1.348426e+00 
 -1.488000e+01  1.355003e+00 
 -1.487000e+01  1.363313e+00 
 -1.486000e+01  1.370564e+00 
 -1.485000e+01  1.375738e+00 
 -1.484000e+01  1.378100e+00 
 -1.483000e+01  1.375188e+00 
 -1.482000e+01  1.366916e+00 
 -1.481000e+01  1.369472e+00 
 -1.480000e+01  1.376938e+00 
 -1.479000e+01  1.385053e+00 
 -1.478000e+01  1.393826e+00 
 -1.477000e+01  1.403229e+00 
 -1.476000e+01  1.413202e+00 
 -1.475000e+01  1.423675e+00 
 -1.474000e+01  1.434638e+00 
 -1.473000e+01  1.446089e+00 
 -1.472000e+01  1.458029e+00 
 -1.471000e+01  1.470804e+00 
 -1.470000e+01  1.483095e+00 
 -1.469000e+01  1.494203e+00 
 -1.468000e+01  1.505782e+00 
 -1.467000e+01  1.517620e+00 
 -1.466000e+01  1.528947e+00 
 -1.465000e+01  1.538710e+00 
 -1.464000e+01  1.545076e+00 
 -1.463000e+01  1.550730e+00 
 -1.462000e+01  1.562580e+00 
 -1.461000e+01  1.570421e+00 
 -1.460000e+01  1.570440e+00 
 -1.459000e+01  1.564996e+00 
 -1.458000e+01  1.556662e+00 
 -1.457000e+01  1.544635e+00 
 -1.456000e+01  1.531070e+00 
 -1.455000e+01  1.516640e+00 
 -1.454000e+01  1.501880e+00 
 -1.453000e+01  1.486660e+00 
 -1.452000e+01  1.469141e+00 
 -1.451000e+01  1.448606e+00 
 -1.450000e+01  1.424155e+00 
 -1.449000e+01  1.395399e+00 
 -1.448000e+01  1.364001e+00 
 -1.447000e+01  1.332958e+00 
 -1.446000e+01  1.309163e+00 
 -1.445000e+01  1.289752e+00 
 -1.444000e+01  1.256240e+00 
 -1.443000e+01  1.173281e+00 
 -1.442000e+01  1.049346e+00 
 -1.441000e+01  1.048874e+00 
 -1.440000e+01  1.069989e+00 
 -1.439000e+01  1.115133e+00 
 -1.438000e+01  1.172293e+00 
 -1.437000e+01  1.214637e+00 
 -1.436000e+01  1.238679e+00 
 -1.435000e+01  1.243553e+00 
 -1.434000e+01  1.219285e+00 
 -1.433000e+01  1.192398e+00 
 -1.432000e+01  1.164892e+00 
 -1.431000e+01  1.137271e+00 
 -1.430000e+01  1.109542e+00 
 -1.429000e+01  1.082707e+00 
 -1.428000e+01  1.057725e+00 
 -1.427000e+01  1.034641e+00 
 -1.426000e+01  1.013191e+00 
 -1.425000e+01  9.931226e-01 
 -1.424000e+01  9.739466e-01 
 -1.423000e+01  9.555555e-01 
 -1.422000e+01  9.379472e-01 
 -1.421000e+01  9.210979e-01 
 -1.420000e+01  9.049694e-01 
 -1.419000e+01  8.895559e-01 
 -1.418000e+01  8.748572e-01 
 -1.417000e+01  8.608735e-01 
 -1.416000e+01  8.476047e-01 
 -1.415000e+01  8.350508e-01 
 -1.414000e+01  8.232119e-01 
 -1.413000e+01  8.120879e-01 
 -1.412000e+01  8.016788e-01 
 -1.411000e+01  7.919846e-01 
 -1.410000e+01  7.830054e-01 
 -1.409000e+01  7.747410e-01 
 -1.408000e+01  7.671916e-01 
 -1.407000e+01  7.603572e-01 
 -1.406000e+01  7.542376e-01 
 -1.405000e+01  7.488330e-01 
 -1.404000e+01  7.441433e-01 
 -1.403000e+01  7.401686e-01 
 -1.402000e+01  7.369087e-01 
 -1.401000e+01  7.343638e-01 
 -1.400000e+01  7.325338e-01 
 -1.399000e+01  7.314188e-01 
 -1.398000e+01  7.310187e-01 
 -1.397000e+01  7.313334e-01 
 -1.396000e+01  7.323632e-01 
 -1.395000e+01  7.341078e-01 
 -1.394000e+01  7.365670e-01 
 -1.393000e+01  7.397340e-01 
 -1.392000e+01  7.436060e-01 
 -1.391000e+01  7.481832e-01 
 -1.390000e+01  7.534654e-01 
 -1.389000e+01  7.594528e-01 
 -1.388000e+01  7.661453e-01 
 -1.387000e+01  7.735429e-01 
 -1.386000e+01  7.816367e-01 
 -1.385000e+01  7.904103e-01 
 -1.384000e+01  7.998413e-01 
 -1.383000e+01  8.099125e-01 
 -1.382000e+01  8.206188e-01 
 -1.381000e+01  8.319600e-01 
 -1.380000e+01  8.439361e-01 
 -1.379000e+01  8.565470e-01 
 -1.378000e+01  8.697025e-01 
 -1.377000e+01  8.828586e-01 
 -1.376000e+01  8.957987e-01 
 -1.375000e+01  9.085064e-01 
 -1.374000e+01  9.209818e-01 
 -1.373000e+01  9.331806e-01 
 -1.372000e+01  9.420207e-01 
 -1.371000e+01  9.454950e-01 
 -1.370000e+01  9.413657e-01 
 -1.369000e+01  9.400908e-01 
 -1.368000e+01  9.419095e-01 
 -1.367000e+01  9.410794e-01 
 -1.366000e+01  9.383928e-01 
 -1.365000e+01  9.338952e-01 
 -1.364000e+01  9.276695e-01 
 -1.363000e+01  9.199262e-01 
 -1.362000e+01  9.110995e-01 
 -1.361000e+01  9.022483e-01 
 -1.360000e+01  8.960793e-01 
 -1.359000e+01  8.939863e-01 
 -1.358000e+01  9.006297e-01 
 -1.357000e+01  9.060289e-01 
 -1.356000e+01  9.009157e-01 
 -1.355000e+01  8.837676e-01 
 -1.354000e+01  8.554663e-01 
 -1.353000e+01  8.180181e-01 
 -1.352000e+01  7.719605e-01 
 -1.351000e+01  7.258833e-01 
 -1.350000e+01  6.799519e-01 
 -1.349000e+01  6.345279e-01 
 -1.348000e+01  5.570467e-01 
 -1.347000e+01  4.594962e-01 
 -1.346000e+01  4.210313e-01 
 -1.345000e+01  4.367413e-01 
 -1.344000e+01  4.802643e-01 
 -1.343000e+01  5.454939e-01 
 -1.342000e+01  6.285618e-01 
 -1.341000e+01  7.194208e-01 
 -1.340000e+01  8.275909e-01 
 -1.339000e+01  9.467462e-01 
 -1.338000e+01  1.052044e+00 
 -1.337000e+01  1.124769e+00 
 -1.336000e+01  1.148830e+00 
 -1.335000e+01  1.144816e+00 
 -1.334000e+01  1.128475e+00 
 -1.333000e+01  1.106504e+00 
 -1.332000e+01  1.084302e+00 
 -1.331000e+01  1.062466e+00 
 -1.330000e+01  1.041002e+00 
 -1.329000e+01  1.019913e+00 
 -1.328000e+01  9.992156e-01 
 -1.327000e+01  9.789711e-01 
 -1.326000e+01  9.592364e-01 
 -1.325000e+01  9.400796e-01 
 -1.324000e+01  9.215459e-01 
 -1.323000e+01  9.036809e-01 
 -1.322000e+01  8.865494e-01 
 -1.321000e+01  8.701628e-01 
 -1.320000e+01  8.545211e-01 
 -1.319000e+01  8.396241e-01 
 -1.318000e+01  8.254721e-01 
 -1.317000e+01  8.120648e-01 
 -1.316000e+01  7.994024e-01 
 -1.315000e+01  7.874848e-01 
 -1.314000e+01  7.763121e-01 
 -1.313000e+01  7.658841e-01 
 -1.312000e+01  7.562011e-01 
 -1.311000e+01  7.472628e-01 
 -1.310000e+01  7.390694e-01 
 -1.309000e+01  7.316209e-01 
 -1.308000e+01  7.249172e-01 
 -1.307000e+01  7.189583e-01 
 -1.306000e+01  7.137442e-01 
 -1.305000e+01  7.092750e-01 
 -1.304000e+01  7.055506e-01 
 -1.303000e+01  7.025711e-01 
 -1.302000e+01  7.003364e-01 
 -1.301000e+01  6.988465e-01 
 -1.300000e+01  6.981015e-01 
 -1.299000e+01  6.981013e-01 
 -1.298000e+01  6.988459e-01 
 -1.297000e+01  7.003354e-01 
 -1.296000e+01  7.025697e-01 
 -1.295000e+01  7.055489e-01 
 -1.294000e+01  7.092729e-01 
 -1.293000e+01  7.137417e-01 
 -1.292000e+01  7.189554e-01 
 -1.291000e+01  7.249139e-01 
 -1.290000e+01  7.316172e-01 
 -1.289000e+01  7.390654e-01 
 -1.288000e+01  7.472584e-01 
 -1.287000e+01  7.561962e-01 
 -1.286000e+01  7.658789e-01 
 -1.285000e+01  7.763064e-01 
 -1.284000e+01  7.874788e-01 
 -1.283000e+01  7.993960e-01 
 -1.282000e+01  8.120580e-01 
 -1.281000e+01  8.254649e-01 
 -1.280000e+01  8.396166e-01 
 -1.279000e+01  8.545131e-01 
 -1.278000e+01  8.701545e-01 
 -1.277000e+01  8.865407e-01 
 -1.276000e+01  9.036718e-01 
 -1.275000e+01  9.215477e-01 
 -1.274000e+01  9.401684e-01 
 -1.273000e+01  9.594858e-01 
 -1.272000e+01  9.791195e-01 
 -1.271000e+01  9.988072e-01 
 -1.270000e+01  1.018421e+00 
 -1.269000e+01  1.037954e+00 
 -1.268000e+01  1.057276e+00 
 -1.267000e+01  1.076053e+00 
 -1.266000e+01  1.093429e+00 
 -1.265000e+01  1.109001e+00 
 -1.264000e+01  1.122752e+00 
 -1.263000e+01  1.134681e+00 
 -1.262000e+01  1.144790e+00 
 -1.261000e+01  1.153077e+00 
 -1.260000e+01  1.159544e+00 
 -1.259000e+01  1.164173e+00 
 -1.258000e+01  1.166973e+00 
 -1.257000e+01  1.166886e+00 
 -1.256000e+01  1.151683e+00 
 -1.255000e+01  1.099008e+00 
 -1.254000e+01  1.028460e+00 
 -1.253000e+01  9.711759e-01 
 -1.252000e+01  9.356197e-01 
 -1.251000e+01  9.047397e-01 
 -1.250000e+01  8.692684e-01 
 -1.249000e+01  8.295528e-01 
 -1.248000e+01  7.866379e-01 
 -1.247000e+01  7.456458e-01 
 -1.246000e+01  7.071807e-01 
 -1.245000e+01  6.706500e-01 
 -1.244000e+01  6.349749e-01 
 -1.243000e+01  6.003324e-01 
 -1.242000e+01  5.683533e-01 
 -1.241000e+01  5.395176e-01 
 -1.240000e+01  5.148743e-01 
 -1.239000e+01  4.942822e-01 
 -1.238000e+01  4.773007e-01 
 -1.237000e+01  4.618733e-01 
 -1.236000e+01  4.471605e-01 
 -1.235000e+01  4.331622e-01 
 -1.234000e+01  4.197727e-01 
 -1.233000e+01  4.073652e-01 
 -1.232000e+01  3.969299e-01 
 -1.231000e+01  3.884793e-01 
 -1.230000e+01  3.817732e-01 
 -1.229000e+01  3.766974e-01 
 -1.228000e+01  3.731768e-01 
 -1.227000e+01  3.715463e-01 
 -1.226000e+01  3.726906e-01 
 -1.225000e+01  3.704849e-01 
 -1.224000e+01  3.661545e-01 
 -1.223000e+01  3.640892e-01 
 -1.222000e+01  3.700876e-01 
 -1.221000e+01  3.938163e-01 
 -1.220000e+01  5.228065e-01 
 -1.219000e+01  7.496767e-01 
 -1.218000e+01  8.813882e-01 
 -1.217000e+01  9.951887e-01 
 -1.216000e+01  1.099004e+00 
 -1.215000e+01  1.212823e+00 
 -1.214000e+01  1.324779e+00 
 -1.213000e+01  1.420454e+00 
 -1.212000e+01  1.490930e+00 
 -1.211000e+01  1.538967e+00 
 -1.210000e+01  1.571875e+00 
 -1.209000e+01  1.590471e+00 
 -1.208000e+01  1.595784e+00 
 -1.207000e+01  1.590049e+00 
 -1.206000e+01  1.571076e+00 
 -1.205000e+01  1.540107e+00 
 -1.204000e+01  1.502686e+00 
 -1.203000e+01  1.462352e+00 
 -1.202000e+01  1.421827e+00 
 -1.201000e+01  1.381940e+00 
 -1.200000e+01  1.343055e+00 
 -1.199000e+01  1.305645e+00 
 -1.198000e+01  1.269977e+00 
 -1.197000e+01  1.236154e+00 
 -1.196000e+01  1.204134e+00 
 -1.195000e+01  1.173905e+00 
 -1.194000e+01  1.145469e+00 
 -1.193000e+01  1.118825e+00 
 -1.192000e+01  1.093973e+00 
 -1.191000e+01  1.070914e+00 
 -1.190000e+01  1.049646e+00 
 -1.189000e+01  1.030171e+00 
 -1.188000e+01  1.012487e+00 
 -1.187000e+01  9.965959e-01 
 -1.186000e+01  9.824967e-01 
 -1.185000e+01  9.701889e-01 
 -1.184000e+01  9.596715e-01 
 -1.183000e+01  9.509445e-01 
 -1.182000e+01  9.440080e-01 
 -1.181000e+01  9.388619e-01 
 -1.180000e+01  9.355063e-01 
 -1.179000e+01  9.339412e-01 
 -1.178000e+01  9.341665e-01 
 -1.177000e+01  9.361822e-01 
 -1.176000e+01  9.399541e-01 
 -1.175000e+01  9.453747e-01 
 -1.174000e+01  9.524353e-01 
 -1.173000e+01  9.611360e-01 
 -1.172000e+01  9.714387e-01 
 -1.171000e+01  9.830674e-01 
 -1.170000e+01  9.953233e-01 
 -1.169000e+01  1.007895e+00 
 -1.168000e+01  1.020497e+00 
 -1.167000e+01  1.032996e+00 
 -1.166000e+01  1.045579e+00 
 -1.165000e+01  1.058464e+00 
 -1.164000e+01  1.072090e+00 
 -1.163000e+01  1.087332e+00 
 -1.162000e+01  1.104367e+00 
 -1.161000e+01  1.123637e+00 
 -1.160000e+01  1.145596e+00 
 -1.159000e+01  1.151348e+00 
 -1.158000e+01  1.095064e+00 
 -1.157000e+01  1.076730e+00 
 -1.156000e+01  1.062647e+00 
 -1.155000e+01  1.036355e+00 
 -1.154000e+01  1.077801e+00 
 -1.153000e+01  1.145536e+00 
 -1.152000e+01  1.231048e+00 
 -1.151000e+01  1.301753e+00 
 -1.150000e+01  1.360016e+00 
 -1.149000e+01  1.415072e+00 
 -1.148000e+01  1.451893e+00 
 -1.147000e+01  1.461473e+00 
 -1.146000e+01  1.457776e+00 
 -1.145000e+01  1.454400e+00 
 -1.144000e+01  1.453762e+00 
 -1.143000e+01  1.455949e+00 
 -1.142000e+01  1.461026e+00 
 -1.141000e+01  1.469856e+00 
 -1.140000e+01  1.485374e+00 
 -1.139000e+01  1.508423e+00 
 -1.138000e+01  1.539169e+00 
 -1.137000e+01  1.577493e+00 
 -1.136000e+01  1.622305e+00 
 -1.135000e+01  1.670929e+00 
 -1.134000e+01  1.723250e+00 
 -1.133000e+01  1.777897e+00 
 -1.132000e+01  1.831702e+00 
 -1.131000e+01  1.884179e+00 
 -1.130000e+01  1.934287e+00 
 -1.129000e+01  1.980195e+00 
 -1.128000e+01  2.020732e+00 
 -1.127000e+01  2.057027e+00 
 -1.126000e+01  2.090286e+00 
 -1.125000e+01  2.119926e+00 
 -1.124000e+01  2.101698e+00 
 -1.123000e+01  2.023050e+00 
 -1.122000e+01  1.941893e+00 
 -1.121000e+01  1.857205e+00 
 -1.120000e+01  1.739391e+00 
 -1.119000e+01  1.603360e+00 
 -1.118000e+01  1.528599e+00 
 -1.117000e+01  1.473419e+00 
 -1.116000e+01  1.417993e+00 
 -1.115000e+01  1.370415e+00 
 -1.114000e+01  1.329065e+00 
 -1.113000e+01  1.294459e+00 
 -1.112000e+01  1.265318e+00 
 -1.111000e+01  1.241062e+00 
 -1.110000e+01  1.225860e+00 
 -1.109000e+01  1.211141e+00 
 -1.108000e+01  1.194374e+00 
 -1.107000e+01  1.176417e+00 
 -1.106000e+01  1.158310e+00 
 -1.105000e+01  1.139816e+00 
 -1.104000e+01  1.121171e+00 
 -1.103000e+01  1.102355e+00 
 -1.102000e+01  1.083366e+00 
 -1.101000e+01  1.064110e+00 
 -1.100000e+01  1.044364e+00 
 -1.099000e+01  1.024304e+00 
 -1.098000e+01  1.004063e+00 
 -1.097000e+01  9.836424e-01 
 -1.096000e+01  9.630414e-01 
 -1.095000e+01  9.422579e-01 
 -1.094000e+01  9.212882e-01 
 -1.093000e+01  9.001289e-01 
 -1.092000e+01  8.787795e-01 
 -1.091000e+01  8.572348e-01 
 -1.090000e+01  8.354225e-01 
 -1.089000e+01  8.133041e-01 
 -1.088000e+01  7.908795e-01 
 -1.087000e+01  7.680020e-01 
 -1.086000e+01  7.476607e-01 
 -1.085000e+01  7.296393e-01 
 -1.084000e+01  7.121433e-01 
 -1.083000e+01  6.949625e-01 
 -1.082000e+01  6.798605e-01 
 -1.081000e+01  6.627279e-01 
 -1.080000e+01  6.429709e-01 
 -1.079000e+01  6.240514e-01 
 -1.078000e+01  6.067655e-01 
 -1.077000e+01  5.911794e-01 
 -1.076000e+01  5.771507e-01 
 -1.075000e+01  5.634804e-01 
 -1.074000e+01  5.521460e-01 
 -1.073000e+01  5.429289e-01 
 -1.072000e+01  5.364673e-01 
 -1.071000e+01  5.334429e-01 
 -1.070000e+01  5.336495e-01 
 -1.069000e+01  5.373605e-01 
 -1.068000e+01  5.454739e-01 
 -1.067000e+01  5.410916e-01 
 -1.066000e+01  5.293540e-01 
 -1.065000e+01  5.173007e-01 
 -1.064000e+01  5.037087e-01 
 -1.063000e+01  4.889271e-01 
 -1.062000e+01  4.752609e-01 
 -1.061000e+01  4.628613e-01 
 -1.060000e+01  4.508941e-01 
 -1.059000e+01  4.398681e-01 
 -1.058000e+01  4.295359e-01 
 -1.057000e+01  4.195213e-01 
 -1.056000e+01  4.097824e-01 
 -1.055000e+01  4.002904e-01 
 -1.054000e+01  3.910058e-01 
 -1.053000e+01  3.820457e-01 
 -1.052000e+01  3.732853e-01 
 -1.051000e+01  3.647065e-01 
 -1.050000e+01  3.563095e-01 
 -1.049000e+01  3.480958e-01 
 -1.048000e+01  3.401216e-01 
 -1.047000e+01  3.324314e-01 
 -1.046000e+01  3.251002e-01 
 -1.045000e+01  3.181368e-01 
 -1.044000e+01  3.114931e-01 
 -1.043000e+01  3.050596e-01 
 -1.042000e+01  2.988321e-01 
 -1.041000e+01  2.928104e-01 
 -1.040000e+01  2.869947e-01 
 -1.039000e+01  2.813849e-01 
 -1.038000e+01  2.758982e-01 
 -1.037000e+01  2.704461e-01 
 -1.036000e+01  2.650285e-01 
 -1.035000e+01  2.596456e-01 
 -1.034000e+01  2.542972e-01 
 -1.033000e+01  2.489834e-01 
 -1.032000e+01  2.437041e-01 
 -1.031000e+01  2.384594e-01 
 -1.030000e+01  2.332493e-01 
 -1.029000e+01  2.280738e-01 
 -1.028000e+01  2.229329e-01 
 -1.027000e+01  2.178265e-01 
 -1.026000e+01  2.127547e-01 
 -1.025000e+01  2.077175e-01 
 -1.024000e+01  2.027148e-01 
 -1.023000e+01  1.977467e-01 
 -1.022000e+01  1.928132e-01 
 -1.021000e+01  1.879143e-01 
 -1.020000e+01  1.830500e-01 
 -1.019000e+01  1.782202e-01 
 -1.018000e+01  1.734250e-01 
 -1.017000e+01  1.686643e-01 
 -1.016000e+01  1.639383e-01 
 -1.015000e+01  1.592411e-01 
 -1.014000e+01  1.545660e-01 
 -1.013000e+01  1.499036e-01 
 -1.012000e+01  1.451663e-01 
 -1.011000e+01  1.403299e-01 
 -1.010000e+01  1.197084e-01 
 -1.009000e+01  5.464365e-02 
 -1.008000e+01  4.972993e-02 
 -1.007000e+01  4.567482e-02 
 -1.006000e+01  4.244228e-02 
 -1.005000e+01  3.954842e-02 
 -1.004000e+01  3.682600e-02 
 -1.003000e+01  3.426176e-02 
 -1.002000e+01  3.184517e-02 
 -1.001000e+01  2.956410e-02 
 -1.000000e+01  2.740548e-02 
 -9.990000e+00  2.534125e-02 
 -9.980000e+00  2.335885e-02 
 -9.970000e+00  2.145830e-02 
 -9.960000e+00  1.963959e-02 
 -9.950000e+00  1.790272e-02 
 -9.940000e+00  1.624769e-02 
 -9.930000e+00  1.467450e-02 
 -9.920000e+00  1.318316e-02 
 -9.910000e+00  1.177365e-02 
 -9.900000e+00  1.044598e-02 
 -9.890000e+00  9.200153e-03 
 -9.880000e+00  8.036166e-03 
 -9.870000e+00  6.954019e-03 
 -9.860000e+00  5.953713e-03 
 -9.850000e+00  5.035247e-03 
 -9.840000e+00  4.198621e-03 
 -9.830000e+00  3.443836e-03 
 -9.820000e+00  2.770892e-03 
 -9.810000e+00  2.179788e-03 
 -9.800000e+00  1.670524e-03 
 -9.790000e+00  1.243101e-03 
 -9.780000e+00  8.975176e-04 
 -9.770000e+00  6.337751e-04 
 -9.760000e+00  4.517001e-04 
 -9.750000e+00  3.354698e-04 
 -9.740000e+00  2.519977e-04 
 -9.730000e+00  1.813461e-04 
 -9.720000e+00  1.235149e-04 
 -9.710000e+00  7.850410e-05 
 -9.700000e+00  4.631373e-05 
 -9.690000e+00  2.459578e-05 
 -9.680000e+00  9.712298e-06 
 -9.670000e+00  1.621799e-06 
 -9.660000e+00  0.000000e+00 
 -9.650000e+00  0.000000e+00 
 -9.640000e+00  0.000000e+00 
 -9.630000e+00  0.000000e+00 
 -9.620000e+00  0.000000e+00 
 -9.610000e+00  0.000000e+00 
 -9.600000e+00  0.000000e+00 
 -9.590000e+00  0.000000e+00 
 -9.580000e+00  0.000000e+00 
 -9.570000e+00  0.000000e+00 
 -9.560000e+00  0.000000e+00 
 -9.550000e+00  0.000000e+00 
 -9.540000e+00  0.000000e+00 
 -9.530000e+00  0.000000e+00 
 -9.520000e+00  0.000000e+00 
 -9.510000e+00  0.000000e+00 
 -9.500000e+00  0.000000e+00 
 -9.490000e+00  0.000000e+00 
 -9.480000e+00  0.000000e+00 
 -9.470000e+00  0.000000e+00 
 -9.460000e+00  0.000000e+00 
 -9.450000e+00  0.000000e+00 
 -9.440000e+00  0.000000e+00 
 -9.430000e+00  0.000000e+00 
 -9.420000e+00  0.000000e+00 
 -9.410000e+00  0.000000e+00 
 -9.400000e+00  0.000000e+00 
 -9.390000e+00  0.000000e+00 
 -9.380000e+00  0.000000e+00 
 -9.370000e+00  0.000000e+00 
 -9.360000e+00  0.000000e+00 
 -9.350000e+00  0.000000e+00 
 -9.340000e+00  0.000000e+00 
 -9.330000e+00  0.000000e+00 
 -9.320000e+00  0.000000e+00 
 -9.310000e+00  0.000000e+00 
 -9.300000e+00  0.000000e+00 
 -9.290000e+00  0.000000e+00 
 -9.280000e+00  0.000000e+00 
 -9.270000e+00  0.000000e+00 
 -9.260000e+00  0.000000e+00 
 -9.250000e+00  0.000000e+00 
 -9.240000e+00  0.000000e+00 
 -9.230000e+00  0.000000e+00 
 -9.220000e+00  0.000000e+00 
 -9.210000e+00  0.000000e+00 
 -9.200000e+00  0.000000e+00 
 -9.190000e+00  0.000000e+00 
 -9.180000e+00  0.000000e+00 
 -9.170000e+00  0.000000e+00 
 -9.160000e+00  0.000000e+00 
 -9.150000e+00  0.000000e+00 
 -9.140000e+00  0.000000e+00 
 -9.130000e+00  0.000000e+00 
 -9.120000e+00  0.000000e+00 
 -9.110000e+00  0.000000e+00 
 -9.100000e+00  0.000000e+00 
 -9.090000e+00  0.000000e+00 
 -9.080000e+00  0.000000e+00 
 -9.070000e+00  0.000000e+00 
 -9.060000e+00  0.000000e+00 
 -9.050000e+00  0.000000e+00 
 -9.040000e+00  0.000000e+00 
 -9.030000e+00  0.000000e+00 
 -9.020000e+00  0.000000e+00 
 -9.010000e+00  0.000000e+00 
 -9.000000e+00  0.000000e+00 
 -8.990000e+00  0.000000e+00 
 -8.980000e+00  0.000000e+00 
 -8.970000e+00  0.000000e+00 
 -8.960000e+00  0.000000e+00 
 -8.950000e+00  0.000000e+00 
 -8.940000e+00  0.000000e+00 
 -8.930000e+00  0.000000e+00 
 -8.920000e+00  0.000000e+00 
 -8.910000e+00  0.000000e+00 
 -8.900000e+00  0.000000e+00 
 -8.890000e+00  0.000000e+00 
 -8.880000e+00  0.000000e+00 
 -8.870000e+00  0.000000e+00 
 -8.860000e+00  0.000000e+00 
 -8.850000e+00  0.000000e+00 
 -8.840000e+00  0.000000e+00 
 -8.830000e+00  0.000000e+00 
 -8.820000e+00  0.000000e+00 
 -8.810000e+00  0.000000e+00 
 -8.800000e+00  0.000000e+00 
 -8.790000e+00  0.000000e+00 
 -8.780000e+00  0.000000e+00 
 -8.770000e+00  0.000000e+00 
 -8.760000e+00  0.000000e+00 
 -8.750000e+00  0.000000e+00 
 -8.740000e+00  0.000000e+00 
 -8.730000e+00  0.000000e+00 
 -8.720000e+00  0.000000e+00 
 -8.710000e+00  0.000000e+00 
 -8.700000e+00  0.000000e+00 
 -8.690000e+00  0.000000e+00 
 -8.680000e+00  0.000000e+00 
 -8.670000e+00  0.000000e+00 
 -8.660000e+00  0.000000e+00 
 -8.650000e+00  0.000000e+00 
 -8.640000e+00  0.000000e+00 
 -8.630000e+00  0.000000e+00 
 -8.620000e+00  0.000000e+00 
 -8.610000e+00  0.000000e+00 
 -8.600000e+00  0.000000e+00 
 -8.590000e+00  0.000000e+00 
 -8.580000e+00  0.000000e+00 
 -8.570000e+00  0.000000e+00 
 -8.560000e+00  0.000000e+00 
 -8.550000e+00  0.000000e+00 
 -8.540000e+00  0.000000e+00 
 -8.530000e+00  0.000000e+00 
 -8.520000e+00  0.000000e+00 
 -8.510000e+00  0.000000e+00 
 -8.500000e+00  0.000000e+00 
 -8.490000e+00  0.000000e+00 
 -8.480000e+00  0.000000e+00 
 -8.470000e+00  0.000000e+00 
 -8.460000e+00  0.000000e+00 
 -8.450000e+00  0.000000e+00 
 -8.440000e+00  0.000000e+00 
 -8.430000e+00  0.000000e+00 
 -8.420000e+00  0.000000e+00 
 -8.410000e+00  0.000000e+00 
 -8.400000e+00  0.000000e+00 
 -8.390000e+00  0.000000e+00 
 -8.380000e+00  0.000000e+00 
 -8.370000e+00  0.000000e+00 
 -8.360000e+00  0.000000e+00 
 -8.350000e+00  0.000000e+00 
 -8.340000e+00  0.000000e+00 
 -8.330000e+00  0.000000e+00 
 -8.320000e+00  0.000000e+00 
 -8.310000e+00  0.000000e+00 
 -8.300000e+00  0.000000e+00 
 -8.290000e+00  0.000000e+00 
 -8.280000e+00  0.000000e+00 
 -8.270000e+00  0.000000e+00 
 -8.260000e+00  0.000000e+00 
 -8.250000e+00  0.000000e+00 
 -8.240000e+00  0.000000e+00 
 -8.230000e+00  0.000000e+00 
 -8.220000e+00  0.000000e+00 
 -8.210000e+00  0.000000e+00 
 -8.200000e+00  0.000000e+00 
 -8.190000e+00  0.000000e+00 
 -8.180000e+00  0.000000e+00 
 -8.170000e+00  0.000000e+00 
 -8.160000e+00  0.000000e+00 
 -8.150000e+00  0.000000e+00 
 -8.140000e+00  0.000000e+00 
 -8.130000e+00  0.000000e+00 
 -8.120000e+00  0.000000e+00 
 -8.110000e+00  0.000000e+00 
 -8.100000e+00  0.000000e+00 
 -8.090000e+00  0.000000e+00 
 -8.080000e+00  0.000000e+00 
 -8.070000e+00  0.000000e+00 
 -8.060000e+00  0.000000e+00 
 -8.050000e+00  0.000000e+00 
 -8.040000e+00  0.000000e+00 
 -8.030000e+00  0.000000e+00 
 -8.020000e+00  0.000000e+00 
 -8.010000e+00  0.000000e+00 
 -8.000000e+00  0.000000e+00 
 -7.990000e+00  0.000000e+00 
 -7.980000e+00  0.000000e+00 
 -7.970000e+00  0.000000e+00 
 -7.960000e+00  0.000000e+00 
 -7.950000e+00  0.000000e+00 
 -7.940000e+00  0.000000e+00 
 -7.930000e+00  0.000000e+00 
 -7.920000e+00  0.000000e+00 
 -7.910000e+00  0.000000e+00 
 -7.900000e+00  0.000000e+00 
 -7.890000e+00  0.000000e+00 
 -7.880000e+00  0.000000e+00 
 -7.870000e+00  0.000000e+00 
 -7.860000e+00  0.000000e+00 
 -7.850000e+00  0.000000e+00 
 -7.840000e+00  0.000000e+00 
 -7.830000e+00  0.000000e+00 
 -7.820000e+00  0.000000e+00 
 -7.810000e+00  0.000000e+00 
 -7.800000e+00  0.000000e+00 
 -7.790000e+00  0.000000e+00 
 -7.780000e+00  0.000000e+00 
 -7.770000e+00  0.000000e+00 
 -7.760000e+00  0.000000e+00 
 -7.750000e+00  0.000000e+00 
 -7.740000e+00  0.000000e+00 
 -7.730000e+00  0.000000e+00 
 -7.720000e+00  0.000000e+00 
 -7.710000e+00  0.000000e+00 
 -7.700000e+00  0.000000e+00 
 -7.690000e+00  0.000000e+00 
 -7.680000e+00  0.000000e+00 
 -7.670000e+00  0.000000e+00 
 -7.660000e+00  0.000000e+00 
 -7.650000e+00  0.000000e+00 
 -7.640000e+00  0.000000e+00 
 -7.630000e+00  0.000000e+00 
 -7.620000e+00  0.000000e+00 
 -7.610000e+00  0.000000e+00 
 -7.600000e+00  0.000000e+00 
 -7.590000e+00  0.000000e+00 
 -7.580000e+00  0.000000e+00 
 -7.570000e+00  0.000000e+00 
 -7.560000e+00  0.000000e+00 
 -7.550000e+00  0.000000e+00 
 -7.540000e+00  0.000000e+00 
 -7.530000e+00  0.000000e+00 
 -7.520000e+00  0.000000e+00 
 -7.510000e+00  0.000000e+00 
 -7.500000e+00  0.000000e+00 
 -7.490000e+00  0.000000e+00 
 -7.480000e+00  0.000000e+00 
 -7.470000e+00  0.000000e+00 
 -7.460000e+00  0.000000e+00 
 -7.450000e+00  0.000000e+00 
 -7.440000e+00  0.000000e+00 
 -7.430000e+00  0.000000e+00 
 -7.420000e+00  0.000000e+00 
 -7.410000e+00  0.000000e+00 
 -7.400000e+00  0.000000e+00 
 -7.390000e+00  0.000000e+00 
 -7.380000e+00  0.000000e+00 
 -7.370000e+00  0.000000e+00 
 -7.360000e+00  0.000000e+00 
 -7.350000e+00  0.000000e+00 
 -7.340000e+00  0.000000e+00 
 -7.330000e+00  0.000000e+00 
 -7.320000e+00  0.000000e+00 
 -7.310000e+00  0.000000e+00 
 -7.300000e+00  0.000000e+00 
 -7.290000e+00  0.000000e+00 
 -7.280000e+00  0.000000e+00 
 -7.270000e+00  0.000000e+00 
 -7.260000e+00  0.000000e+00 
 -7.250000e+00  0.000000e+00 
 -7.240000e+00  0.000000e+00 
 -7.230000e+00  0.000000e+00 
 -7.220000e+00  0.000000e+00 
 -7.210000e+00  0.000000e+00 
 -7.200000e+00  0.000000e+00 
 -7.190000e+00  0.000000e+00 
 -7.180000e+00  0.000000e+00 
 -7.170000e+00  0.000000e+00 
 -7.160000e+00  0.000000e+00 
 -7.150000e+00  0.000000e+00 
 -7.140000e+00  0.000000e+00 
 -7.130000e+00  0.000000e+00 
 -7.120000e+00  0.000000e+00 
 -7.110000e+00  0.000000e+00 
 -7.100000e+00  0.000000e+00 
 -7.090000e+00  0.000000e+00 
 -7.080000e+00  0.000000e+00 
 -7.070000e+00  0.000000e+00 
 -7.060000e+00  0.000000e+00 
 -7.050000e+00  0.000000e+00 
 -7.040000e+00  0.000000e+00 
 -7.030000e+00  0.000000e+00 
 -7.020000e+00  0.000000e+00 
 -7.010000e+00  0.000000e+00 
 -7.000000e+00  0.000000e+00 
 -6.990000e+00  0.000000e+00 
 -6.980000e+00  0.000000e+00 
 -6.970000e+00  0.000000e+00 
 -6.960000e+00  0.000000e+00 
 -6.950000e+00  0.000000e+00 
 -6.940000e+00  0.000000e+00 
 -6.930000e+00  0.000000e+00 
 -6.920000e+00  0.000000e+00 
 -6.910000e+00  0.000000e+00 
 -6.900000e+00  0.000000e+00 
 -6.890000e+00  0.000000e+00 
 -6.880000e+00  0.000000e+00 
 -6.870000e+00  0.000000e+00 
 -6.860000e+00  0.000000e+00 
 -6.850000e+00  0.000000e+00 
 -6.840000e+00  0.000000e+00 
 -6.830000e+00  0.000000e+00 
 -6.820000e+00  0.000000e+00 
 -6.810000e+00  0.000000e+00 
 -6.800000e+00  0.000000e+00 
 -6.790000e+00  0.000000e+00 
 -6.780000e+00  0.000000e+00 
 -6.770000e+00  0.000000e+00 
 -6.760000e+00  0.000000e+00 
 -6.750000e+00  0.000000e+00 
 -6.740000e+00  0.000000e+00 
 -6.730000e+00  0.000000e+00 
 -6.720000e+00  0.000000e+00 
 -6.710000e+00  0.000000e+00 
 -6.700000e+00  0.000000e+00 
 -6.690000e+00  0.000000e+00 
 -6.680000e+00  0.000000e+00 
 -6.670000e+00  0.000000e+00 
 -6.660000e+00  0.000000e+00 
 -6.650000e+00  0.000000e+00 
 -6.640000e+00  0.000000e+00 
 -6.630000e+00  0.000000e+00 
 -6.620000e+00  0.000000e+00 
 -6.610000e+00  0.000000e+00 
 -6.600000e+00  0.000000e+00 
 -6.590000e+00  0.000000e+00 
 -6.580000e+00  0.000000e+00 
 -6.570000e+00  0.000000e+00 
 -6.560000e+00  0.000000e+00 
 -6.550000e+00  0.000000e+00 
 -6.540000e+00  0.000000e+00 
 -6.530000e+00  0.000000e+00 
 -6.520000e+00  0.000000e+00 
 -6.510000e+00  0.000000e+00 
 -6.500000e+00  0.000000e+00 
 -6.490000e+00  0.000000e+00 
 -6.480000e+00  0.000000e+00 
 -6.470000e+00  0.000000e+00 
 -6.460000e+00  0.000000e+00 
 -6.450000e+00  2.219803e-07 
 -6.440000e+00  2.398499e-05 
 -6.430000e+00  1.169663e-04 
 -6.420000e+00  2.906313e-04 
 -6.410000e+00  6.314380e-04 
 -6.400000e+00  1.372057e-03 
 -6.390000e+00  2.622481e-03 
 -6.380000e+00  4.488648e-03 
 -6.370000e+00  7.362596e-03 
 -6.360000e+00  1.137481e-02 
 -6.350000e+00  1.652988e-02 
 -6.340000e+00  2.282780e-02 
 -6.330000e+00  3.026858e-02 
 -6.320000e+00  3.885222e-02 
 -6.310000e+00  4.857871e-02 
 -6.300000e+00  5.944806e-02 
 -6.290000e+00  7.146027e-02 
 -6.280000e+00  8.461533e-02 
 -6.270000e+00  9.891325e-02 
 -6.260000e+00  1.143540e-01 
 -6.250000e+00  1.309377e-01 
 -6.240000e+00  1.486641e-01 
 -6.230000e+00  1.675335e-01 
 -6.220000e+00  1.875459e-01 
 -6.210000e+00  2.087048e-01 
 -6.200000e+00  2.303879e-01 
 -6.190000e+00  2.485948e-01 
 -6.180000e+00  2.735579e-01 
 -6.170000e+00  3.687461e-01 
 -6.160000e+00  4.646522e-01 
 -6.150000e+00  5.285899e-01 
 -6.140000e+00  5.815112e-01 
 -6.130000e+00  6.416779e-01 
 -6.120000e+00  6.959253e-01 
 -6.110000e+00  7.415297e-01 
 -6.100000e+00  7.849595e-01 
 -6.090000e+00  8.300945e-01 
 -6.080000e+00  8.769468e-01 
 -6.070000e+00  9.255162e-01 
 -6.060000e+00  9.764073e-01 
 -6.050000e+00  1.031529e+00 
 -6.040000e+00  1.091038e+00 
 -6.030000e+00  1.152560e+00 
 -6.020000e+00  1.213935e+00 
 -6.010000e+00  1.268464e+00 
 -6.000000e+00  1.310736e+00 
 -5.990000e+00  1.340695e+00 
 -5.980000e+00  1.358634e+00 
 -5.970000e+00  1.368527e+00 
 -5.960000e+00  1.373156e+00 
 -5.950000e+00  1.369795e+00 
 -5.940000e+00  1.366644e+00 
 -5.930000e+00  1.369223e+00 
 -5.920000e+00  1.382793e+00 
 -5.910000e+00  1.407761e+00 
 -5.900000e+00  1.440099e+00 
 -5.890000e+00  1.476443e+00 
 -5.880000e+00  1.513903e+00 
 -5.870000e+00  1.528851e+00 
 -5.860000e+00  1.518235e+00 
 -5.850000e+00  1.494632e+00 
 -5.840000e+00  1.479836e+00 
 -5.830000e+00  1.476469e+00 
 -5.820000e+00  1.494944e+00 
 -5.810000e+00  1.534080e+00 
 -5.800000e+00  1.571537e+00 
 -5.790000e+00  1.594959e+00 
 -5.780000e+00  1.603260e+00 
 -5.770000e+00  1.605070e+00 
 -5.760000e+00  1.611321e+00 
 -5.750000e+00  1.621978e+00 
 -5.740000e+00  1.634240e+00 
 -5.730000e+00  1.647379e+00 
 -5.720000e+00  1.662690e+00 
 -5.710000e+00  1.682944e+00 
 -5.700000e+00  1.709604e+00 
 -5.690000e+00  1.742887e+00 
 -5.680000e+00  1.783055e+00 
 -5.670000e+00  1.833407e+00 
 -5.660000e+00  1.893877e+00 
 -5.650000e+00  1.960758e+00 
 -5.640000e+00  2.027091e+00 
 -5.630000e+00  2.088692e+00 
 -5.620000e+00  2.141614e+00 
 -5.610000e+00  2.185595e+00 
 -5.600000e+00  2.222005e+00 
 -5.590000e+00  2.262403e+00 
 -5.580000e+00  2.315192e+00 
 -5.570000e+00  2.382561e+00 
 -5.560000e+00  2.468630e+00 
 -5.550000e+00  2.578771e+00 
 -5.540000e+00  2.687868e+00 
 -5.530000e+00  2.780060e+00 
 -5.520000e+00  2.859755e+00 
 -5.510000e+00  2.928951e+00 
 -5.500000e+00  2.987807e+00 
 -5.490000e+00  2.987862e+00 
 -5.480000e+00  3.006366e+00 
 -5.470000e+00  3.025209e+00 
 -5.460000e+00  3.043230e+00 
 -5.450000e+00  3.045404e+00 
 -5.440000e+00  3.016701e+00 
 -5.430000e+00  2.959374e+00 
 -5.420000e+00  2.895597e+00 
 -5.410000e+00  2.995918e+00 
 -5.400000e+00  3.109659e+00 
 -5.390000e+00  3.182840e+00 
 -5.380000e+00  3.191106e+00 
 -5.370000e+00  3.201308e+00 
 -5.360000e+00  3.243427e+00 
 -5.350000e+00  3.321975e+00 
 -5.340000e+00  3.409265e+00 
 -5.330000e+00  3.436870e+00 
 -5.320000e+00  3.429789e+00 
 -5.310000e+00  3.431278e+00 
 -5.300000e+00  3.448677e+00 
 -5.290000e+00  3.492910e+00 
 -5.280000e+00  3.562097e+00 
 -5.270000e+00  3.647200e+00 
 -5.260000e+00  3.738080e+00 
 -5.250000e+00  3.818747e+00 
 -5.240000e+00  3.896353e+00 
 -5.230000e+00  3.963603e+00 
 -5.220000e+00  4.002051e+00 
 -5.210000e+00  3.973893e+00 
 -5.200000e+00  3.795966e+00 
 -5.190000e+00  3.633239e+00 
 -5.180000e+00  3.572031e+00 
 -5.170000e+00  3.566548e+00 
 -5.160000e+00  3.577835e+00 
 -5.150000e+00  3.583569e+00 
 -5.140000e+00  3.630161e+00 
 -5.130000e+00  3.701843e+00 
 -5.120000e+00  3.755674e+00 
 -5.110000e+00  3.782340e+00 
 -5.100000e+00  3.780267e+00 
 -5.090000e+00  3.748973e+00 
 -5.080000e+00  3.690855e+00 
 -5.070000e+00  3.551045e+00 
 -5.060000e+00  3.374519e+00 
 -5.050000e+00  3.279302e+00 
 -5.040000e+00  3.184192e+00 
 -5.030000e+00  3.083693e+00 
 -5.020000e+00  2.985359e+00 
 -5.010000e+00  2.930889e+00 
 -5.000000e+00  2.905669e+00 
 -4.990000e+00  2.865175e+00 
 -4.980000e+00  2.817802e+00 
 -4.970000e+00  2.762098e+00 
 -4.960000e+00  2.704393e+00 
 -4.950000e+00  2.646989e+00 
 -4.940000e+00  2.588126e+00 
 -4.930000e+00  2.551931e+00 
 -4.920000e+00  2.533887e+00 
 -4.910000e+00  2.521712e+00 
 -4.900000e+00  2.518259e+00 
 -4.890000e+00  2.520552e+00 
 -4.880000e+00  2.468909e+00 
 -4.870000e+00  2.442283e+00 
 -4.860000e+00  2.436532e+00 
 -4.850000e+00  2.421213e+00 
 -4.840000e+00  2.377971e+00 
 -4.830000e+00  2.336081e+00 
 -4.820000e+00  2.299263e+00 
 -4.810000e+00  2.264230e+00 
 -4.800000e+00  2.266010e+00 
 -4.790000e+00  2.552451e+00 
 -4.780000e+00  2.976740e+00 
 -4.770000e+00  2.964766e+00 
 -4.760000e+00  2.540897e+00 
 -4.750000e+00  2.064445e+00 
 -4.740000e+00  1.926973e+00 
 -4.730000e+00  1.914819e+00 
 -4.720000e+00  1.902396e+00 
 -4.710000e+00  1.889592e+00 
 -4.700000e+00  1.876339e+00 
 -4.690000e+00  1.862616e+00 
 -4.680000e+00  1.848423e+00 
 -4.670000e+00  1.833761e+00 
 -4.660000e+00  1.818630e+00 
 -4.650000e+00  1.803029e+00 
 -4.640000e+00  1.786959e+00 
 -4.630000e+00  1.770419e+00 
 -4.620000e+00  1.753410e+00 
 -4.610000e+00  1.735931e+00 
 -4.600000e+00  1.718098e+00 
 -4.590000e+00  1.700220e+00 
 -4.580000e+00  1.682487e+00 
 -4.570000e+00  1.665174e+00 
 -4.560000e+00  1.648556e+00 
 -4.550000e+00  1.633051e+00 
 -4.540000e+00  1.617999e+00 
 -4.530000e+00  1.603435e+00 
 -4.520000e+00  1.590466e+00 
 -4.510000e+00  1.579131e+00 
 -4.500000e+00  1.568893e+00 
 -4.490000e+00  1.560218e+00 
 -4.480000e+00  1.552493e+00 
 -4.470000e+00  1.546599e+00 
 -4.460000e+00  1.542659e+00 
 -4.450000e+00  1.539834e+00 
 -4.440000e+00  1.537505e+00 
 -4.430000e+00  1.534944e+00 
 -4.420000e+00  1.532733e+00 
 -4.410000e+00  1.532587e+00 
 -4.400000e+00  1.535217e+00 
 -4.390000e+00  1.540663e+00 
 -4.380000e+00  1.548198e+00 
 -4.370000e+00  1.557293e+00 
 -4.360000e+00  1.567618e+00 
 -4.350000e+00  1.579045e+00 
 -4.340000e+00  1.591658e+00 
 -4.330000e+00  1.605731e+00 
 -4.320000e+00  1.621301e+00 
 -4.310000e+00  1.638544e+00 
 -4.300000e+00  1.657603e+00 
 -4.290000e+00  1.678627e+00 
 -4.280000e+00  1.701678e+00 
 -4.270000e+00  1.723302e+00 
 -4.260000e+00  1.716005e+00 
 -4.250000e+00  1.679503e+00 
 -4.240000e+00  1.646945e+00 
 -4.230000e+00  1.608459e+00 
 -4.220000e+00  1.575132e+00 
 -4.210000e+00  1.548154e+00 
 -4.200000e+00  1.525330e+00 
 -4.190000e+00  1.519302e+00 
 -4.180000e+00  1.523315e+00 
 -4.170000e+00  1.541500e+00 
 -4.160000e+00  1.573422e+00 
 -4.150000e+00  1.610960e+00 
 -4.140000e+00  1.650512e+00 
 -4.130000e+00  1.691620e+00 
 -4.120000e+00  1.722632e+00 
 -4.110000e+00  1.706495e+00 
 -4.100000e+00  1.716624e+00 
 -4.090000e+00  1.711673e+00 
 -4.080000e+00  1.692264e+00 
 -4.070000e+00  1.697994e+00 
 -4.060000e+00  1.737631e+00 
 -4.050000e+00  1.826422e+00 
 -4.040000e+00  1.987462e+00 
 -4.030000e+00  2.200132e+00 
 -4.020000e+00  2.431754e+00 
 -4.010000e+00  2.608664e+00 
 -4.000000e+00  2.688422e+00 
 -3.990000e+00  2.686152e+00 
 -3.980000e+00  2.656548e+00 
 -3.970000e+00  2.643382e+00 
 -3.960000e+00  2.649680e+00 
 -3.950000e+00  2.679994e+00 
 -3.940000e+00  2.736938e+00 
 -3.930000e+00  2.813251e+00 
 -3.920000e+00  2.898726e+00 
 -3.910000e+00  2.960647e+00 
 -3.900000e+00  3.042853e+00 
 -3.890000e+00  3.146527e+00 
 -3.880000e+00  3.269760e+00 
 -3.870000e+00  3.389812e+00 
 -3.860000e+00  3.495657e+00 
 -3.850000e+00  3.585157e+00 
 -3.840000e+00  3.657772e+00 
 -3.830000e+00  3.714449e+00 
 -3.820000e+00  3.754487e+00 
 -3.810000e+00  3.775633e+00 
 -3.800000e+00  3.789426e+00 
 -3.790000e+00  3.773096e+00 
 -3.780000e+00  3.801622e+00 
 -3.770000e+00  3.886124e+00 
 -3.760000e+00  3.644903e+00 
 -3.750000e+00  3.433426e+00 
 -3.740000e+00  3.180019e+00 
 -3.730000e+00  2.956660e+00 
 -3.720000e+00  2.817344e+00 
 -3.710000e+00  2.752981e+00 
 -3.700000e+00  2.747476e+00 
 -3.690000e+00  2.728798e+00 
 -3.680000e+00  2.657516e+00 
 -3.670000e+00  2.556821e+00 
 -3.660000e+00  2.308821e+00 
 -3.650000e+00  2.041428e+00 
 -3.640000e+00  1.860062e+00 
 -3.630000e+00  1.711533e+00 
 -3.620000e+00  1.580197e+00 
 -3.610000e+00  1.469016e+00 
 -3.600000e+00  1.375941e+00 
 -3.590000e+00  1.291660e+00 
 -3.580000e+00  1.214460e+00 
 -3.570000e+00  1.143997e+00 
 -3.560000e+00  1.079477e+00 
 -3.550000e+00  1.020619e+00 
 -3.540000e+00  9.679290e-01 
 -3.530000e+00  9.235853e-01 
 -3.520000e+00  8.605759e-01 
 -3.510000e+00  7.232314e-01 
 -3.500000e+00  5.621620e-01 
 -3.490000e+00  4.251304e-01 
 -3.480000e+00  3.702520e-01 
 -3.470000e+00  3.419086e-01 
 -3.460000e+00  3.207039e-01 
 -3.450000e+00  3.011009e-01 
 -3.440000e+00  2.823620e-01 
 -3.430000e+00  2.644845e-01 
 -3.420000e+00  2.474683e-01 
 -3.410000e+00  2.310445e-01 
 -3.400000e+00  2.151451e-01 
 -3.390000e+00  1.997493e-01 
 -3.380000e+00  1.858790e-01 
 -3.370000e+00  1.741848e-01 
 -3.360000e+00  1.715418e-01 
 -3.350000e+00  1.771962e-01 
 -3.340000e+00  1.840198e-01 
 -3.330000e+00  1.920155e-01 
 -3.320000e+00  2.010995e-01 
 -3.310000e+00  2.112338e-01 
 -3.300000e+00  2.224252e-01 
 -3.290000e+00  2.351081e-01 
 -3.280000e+00  2.495304e-01 
 -3.270000e+00  2.664628e-01 
 -3.260000e+00  2.864754e-01 
 -3.250000e+00  3.101639e-01 
 -3.240000e+00  3.396763e-01 
 -3.230000e+00  4.171148e-01 
 -3.220000e+00  5.852229e-01 
 -3.210000e+00  7.484922e-01 
 -3.200000e+00  8.556235e-01 
 -3.190000e+00  9.548254e-01 
 -3.180000e+00  1.068553e+00 
 -3.170000e+00  1.139106e+00 
 -3.160000e+00  1.154930e+00 
 -3.150000e+00  1.166738e+00 
 -3.140000e+00  1.186545e+00 
 -3.130000e+00  1.214830e+00 
 -3.120000e+00  1.250903e+00 
 -3.110000e+00  1.294240e+00 
 -3.100000e+00  1.333189e+00 
 -3.090000e+00  1.362999e+00 
 -3.080000e+00  1.387406e+00 
 -3.070000e+00  1.381589e+00 
 -3.060000e+00  1.392450e+00 
 -3.050000e+00  1.405023e+00 
 -3.040000e+00  1.414117e+00 
 -3.030000e+00  1.420777e+00 
 -3.020000e+00  1.407251e+00 
 -3.010000e+00  1.278178e+00 
 -3.000000e+00  1.153663e+00 
 -2.990000e+00  1.132121e+00 
 -2.980000e+00  1.157610e+00 
 -2.970000e+00  1.173018e+00 
 -2.960000e+00  1.176672e+00 
 -2.950000e+00  1.178046e+00 
 -2.940000e+00  1.182430e+00 
 -2.930000e+00  1.189414e+00 
 -2.920000e+00  1.200349e+00 
 -2.910000e+00  1.214166e+00 
 -2.900000e+00  1.229871e+00 
 -2.890000e+00  1.244328e+00 
 -2.880000e+00  1.258614e+00 
 -2.870000e+00  1.271530e+00 
 -2.860000e+00  1.284211e+00 
 -2.850000e+00  1.297698e+00 
 -2.840000e+00  1.310683e+00 
 -2.830000e+00  1.319995e+00 
 -2.820000e+00  1.326119e+00 
 -2.810000e+00  1.331706e+00 
 -2.800000e+00  1.337136e+00 
 -2.790000e+00  1.342442e+00 
 -2.780000e+00  1.347404e+00 
 -2.770000e+00  1.351913e+00 
 -2.760000e+00  1.355986e+00 
 -2.750000e+00  1.359625e+00 
 -2.740000e+00  1.362828e+00 
 -2.730000e+00  1.365596e+00 
 -2.720000e+00  1.367949e+00 
 -2.710000e+00  1.369983e+00 
 -2.700000e+00  1.371708e+00 
 -2.690000e+00  1.373234e+00 
 -2.680000e+00  1.375346e+00 
 -2.670000e+00  1.378641e+00 
 -2.660000e+00  1.383720e+00 
 -2.650000e+00  1.390008e+00 
 -2.640000e+00  1.396984e+00 
 -2.630000e+00  1.404641e+00 
 -2.620000e+00  1.412914e+00 
 -2.610000e+00  1.421788e+00 
 -2.600000e+00  1.431130e+00 
 -2.590000e+00  1.440383e+00 
 -2.580000e+00  1.449486e+00 
 -2.570000e+00  1.458390e+00 
 -2.560000e+00  1.467091e+00 
 -2.550000e+00  1.475558e+00 
 -2.540000e+00  1.483758e+00 
 -2.530000e+00  1.491638e+00 
 -2.520000e+00  1.499223e+00 
 -2.510000e+00  1.506553e+00 
 -2.500000e+00  1.513645e+00 
 -2.490000e+00  1.520674e+00 
 -2.480000e+00  1.527967e+00 
 -2.470000e+00  1.535585e+00 
 -2.460000e+00  1.543662e+00 
 -2.450000e+00  1.552265e+00 
 -2.440000e+00  1.561591e+00 
 -2.430000e+00  1.571666e+00 
 -2.420000e+00  1.582544e+00 
 -2.410000e+00  1.601850e+00 
 -2.400000e+00  1.648903e+00 
 -2.390000e+00  1.703851e+00 
 -2.380000e+00  1.769070e+00 
 -2.370000e+00  1.824663e+00 
 -2.360000e+00  1.861310e+00 
 -2.350000e+00  1.899482e+00 
 -2.340000e+00  1.940570e+00 
 -2.330000e+00  1.984175e+00 
 -2.320000e+00  2.029044e+00 
 -2.310000e+00  2.067681e+00 
 -2.300000e+00  2.101378e+00 
 -2.290000e+00  2.130793e+00 
 -2.280000e+00  2.157519e+00 
 -2.270000e+00  2.186013e+00 
 -2.260000e+00  2.216937e+00 
 -2.250000e+00  2.250395e+00 
 -2.240000e+00  2.287512e+00 
 -2.230000e+00  2.326149e+00 
 -2.220000e+00  2.361970e+00 
 -2.210000e+00  2.394823e+00 
 -2.200000e+00  2.425444e+00 
 -2.190000e+00  2.456382e+00 
 -2.180000e+00  2.489464e+00 
 -2.170000e+00  2.525783e+00 
 -2.160000e+00  2.566980e+00 
 -2.150000e+00  2.614498e+00 
 -2.140000e+00  2.665277e+00 
 -2.130000e+00  2.720280e+00 
 -2.120000e+00  2.781830e+00 
 -2.110000e+00  2.852208e+00 
 -2.100000e+00  2.933428e+00 
 -2.090000e+00  3.021735e+00 
 -2.080000e+00  3.116606e+00 
 -2.070000e+00  3.219977e+00 
 -2.060000e+00  3.332932e+00 
 -2.050000e+00  3.454013e+00 
 -2.040000e+00  3.578272e+00 
 -2.030000e+00  3.707105e+00 
 -2.020000e+00  3.838441e+00 
 -2.010000e+00  3.981378e+00 
 -2.000000e+00  4.141105e+00 
 -1.990000e+00  4.319750e+00 
 -1.980000e+00  4.593317e+00 
 -1.970000e+00  5.033727e+00 
 -1.960000e+00  5.203644e+00 
 -1.950000e+00  5.317682e+00 
 -1.940000e+00  5.405802e+00 
 -1.930000e+00  5.295731e+00 
 -1.920000e+00  5.300589e+00 
 -1.910000e+00  5.274382e+00 
 -1.900000e+00  5.242283e+00 
 -1.890000e+00  5.191825e+00 
 -1.880000e+00  5.123024e+00 
 -1.870000e+00  5.128152e+00 
 -1.860000e+00  5.177406e+00 
 -1.850000e+00  5.216988e+00 
 -1.840000e+00  5.228224e+00 
 -1.830000e+00  5.192804e+00 
 -1.820000e+00  5.120948e+00 
 -1.810000e+00  5.047117e+00 
 -1.800000e+00  4.955638e+00 
 -1.790000e+00  4.862806e+00 
 -1.780000e+00  4.768925e+00 
 -1.770000e+00  4.629904e+00 
 -1.760000e+00  4.466771e+00 
 -1.750000e+00  4.296490e+00 
 -1.740000e+00  4.124779e+00 
 -1.730000e+00  3.959045e+00 
 -1.720000e+00  3.810641e+00 
 -1.710000e+00  3.674900e+00 
 -1.700000e+00  3.560999e+00 
 -1.690000e+00  3.543859e+00 
 -1.680000e+00  3.436758e+00 
 -1.670000e+00  3.419173e+00 
 -1.660000e+00  3.473106e+00 
 -1.650000e+00  3.250596e+00 
 -1.640000e+00  3.004336e+00 
 -1.630000e+00  2.819982e+00 
 -1.620000e+00  2.704872e+00 
 -1.610000e+00  2.786258e+00 
 -1.600000e+00  2.878715e+00 
 -1.590000e+00  2.826511e+00 
 -1.580000e+00  2.703470e+00 
 -1.570000e+00  2.595128e+00 
 -1.560000e+00  2.492882e+00 
 -1.550000e+00  2.374999e+00 
 -1.540000e+00  2.259047e+00 
 -1.530000e+00  2.137125e+00 
 -1.520000e+00  1.958335e+00 
 -1.510000e+00  1.803691e+00 
 -1.500000e+00  1.679402e+00 
 -1.490000e+00  1.591358e+00 
 -1.480000e+00  1.528661e+00 
 -1.470000e+00  1.474984e+00 
 -1.460000e+00  1.409126e+00 
 -1.450000e+00  1.352469e+00 
 -1.440000e+00  1.342929e+00 
 -1.430000e+00  1.368162e+00 
 -1.420000e+00  1.400303e+00 
 -1.410000e+00  1.436928e+00 
 -1.400000e+00  1.476446e+00 
 -1.390000e+00  1.517091e+00 
 -1.380000e+00  1.559750e+00 
 -1.370000e+00  1.604150e+00 
 -1.360000e+00  1.650470e+00 
 -1.350000e+00  1.701055e+00 
 -1.340000e+00  1.760086e+00 
 -1.330000e+00  1.817519e+00 
 -1.320000e+00  1.872433e+00 
 -1.310000e+00  1.927173e+00 
 -1.300000e+00  1.981832e+00 
 -1.290000e+00  2.039662e+00 
 -1.280000e+00  2.106571e+00 
 -1.270000e+00  2.175360e+00 
 -1.260000e+00  2.239474e+00 
 -1.250000e+00  2.298324e+00 
 -1.240000e+00  2.350311e+00 
 -1.230000e+00  2.394986e+00 
 -1.220000e+00  2.434144e+00 
 -1.210000e+00  2.467556e+00 
 -1.200000e+00  2.494624e+00 
 -1.190000e+00  2.524693e+00 
 -1.180000e+00  2.564543e+00 
 -1.170000e+00  2.617610e+00 
 -1.160000e+00  2.665636e+00 
 -1.150000e+00  2.701302e+00 
 -1.140000e+00  2.722755e+00 
 -1.130000e+00  2.730313e+00 
 -1.120000e+00  2.723346e+00 
 -1.110000e+00  2.708707e+00 
 -1.100000e+00  2.690489e+00 
 -1.090000e+00  2.668764e+00 
 -1.080000e+00  2.644156e+00 
 -1.070000e+00  2.618871e+00 
 -1.060000e+00  2.594756e+00 
 -1.050000e+00  2.570085e+00 
 -1.040000e+00  2.545900e+00 
 -1.030000e+00  2.522896e+00 
 -1.020000e+00  2.505204e+00 
 -1.010000e+00  2.491084e+00 
 -1.000000e+00  2.476707e+00 
 -9.900000e-01  2.462615e+00 
 -9.800000e-01  2.449270e+00 
 -9.700000e-01  2.434799e+00 
 -9.600000e-01  2.417895e+00 
 -9.500000e-01  2.384099e+00 
 -9.400000e-01  2.328184e+00 
 -9.300000e-01  2.251599e+00 
 -9.200000e-01  2.171487e+00 
 -9.100000e-01  2.097261e+00 
 -9.000000e-01  2.003338e+00 
 -8.900000e-01  1.910604e+00 
 -8.800000e-01  1.825865e+00 
 -8.700000e-01  1.776277e+00 
 -8.600000e-01  1.753732e+00 
 -8.500000e-01  1.753731e+00 
 -8.400000e-01  1.771500e+00 
 -8.300000e-01  1.788743e+00 
 -8.200000e-01  1.845387e+00 
 -8.100000e-01  1.877231e+00 
 -8.000000e-01  1.858813e+00 
 -7.900000e-01  1.792456e+00 
 -7.800000e-01  1.703011e+00 
 -7.700000e-01  1.612290e+00 
 -7.600000e-01  1.526789e+00 
 -7.500000e-01  1.454286e+00 
 -7.400000e-01  1.394192e+00 
 -7.300000e-01  1.340015e+00 
 -7.200000e-01  1.289588e+00 
 -7.100000e-01  1.242439e+00 
 -7.000000e-01  1.198057e+00 
 -6.900000e-01  1.156094e+00 
 -6.800000e-01  1.116707e+00 
 -6.700000e-01  1.080193e+00 
 -6.600000e-01  1.046899e+00 
 -6.500000e-01  1.016778e+00 
 -6.400000e-01  9.887774e-01 
 -6.300000e-01  9.619737e-01 
 -6.200000e-01  9.361461e-01 
 -6.100000e-01  9.114177e-01 
 -6.000000e-01  8.877974e-01 
 -5.900000e-01  8.652853e-01 
 -5.800000e-01  8.438813e-01 
 -5.700000e-01  8.236842e-01 
 -5.600000e-01  8.055981e-01 
 -5.500000e-01  7.880286e-01 
 -5.400000e-01  7.429732e-01 
 -5.300000e-01  6.674729e-01 
 -5.200000e-01  5.269475e-01 
 -5.100000e-01  4.148201e-01 
 -5.000000e-01  3.303205e-01 
 -4.900000e-01  2.790794e-01 
 -4.800000e-01  2.510171e-01 
 -4.700000e-01  2.306430e-01 
 -4.600000e-01  2.116440e-01 
 -4.500000e-01  1.937263e-01 
 -4.400000e-01  1.767259e-01 
 -4.300000e-01  1.606023e-01 
 -4.200000e-01  1.452496e-01 
 -4.100000e-01  1.306617e-01 
 -4.000000e-01  1.168385e-01 
 -3.900000e-01  1.037800e-01 
 -3.800000e-01  9.148633e-02 
 -3.700000e-01  7.995735e-02 
 -3.600000e-01  6.919311e-02 
 -3.500000e-01  5.919361e-02 
 -3.400000e-01  4.995884e-02 
 -3.300000e-01  4.148738e-02 
 -3.200000e-01  3.362812e-02 
 -3.100000e-01  2.626671e-02 
 -3.000000e-01  1.937632e-02 
 -2.900000e-01  1.305505e-02 
 -2.800000e-01  7.379726e-03 
 -2.700000e-01  2.596826e-03 
 -2.600000e-01  1.080890e-03 
 -2.500000e-01  7.323177e-04 
 -2.400000e-01  4.902703e-04 
 -2.300000e-01  3.191038e-04 
 -2.200000e-01  2.019007e-04 
 -2.100000e-01  1.240625e-04 
 -2.000000e-01  7.823059e-05 
 -1.900000e-01  4.531020e-05 
 -1.800000e-01  2.191720e-05 
 -1.700000e-01  7.984569e-06 
 -1.600000e-01  1.688959e-06 
 -1.500000e-01  1.084003e-08 
 -1.400000e-01  0.000000e+00 
 -1.300000e-01  0.000000e+00 
 -1.200000e-01  0.000000e+00 
 -1.100000e-01  0.000000e+00 
 -1.000000e-01  0.000000e+00 
 -9.000000e-02  0.000000e+00 
 -8.000000e-02  0.000000e+00 
 -7.000000e-02  0.000000e+00 
 -6.000000e-02  0.000000e+00 
 -5.000000e-02  0.000000e+00 
 -4.000000e-02  0.000000e+00 
 -3.000000e-02  0.000000e+00 
 -2.000000e-02  0.000000e+00 
 -1.000000e-02  0.000000e+00 
 3.538836e-16  0.000000e+00 
 1.000000e-02  0.000000e+00 
 2.000000e-02  0.000000e+00 
 3.000000e-02  0.000000e+00 
 4.000000e-02  0.000000e+00 
 5.000000e-02  0.000000e+00 
 6.000000e-02  0.000000e+00 
 7.000000e-02  0.000000e+00 
 8.000000e-02  0.000000e+00 
 9.000000e-02  0.000000e+00 
 1.000000e-01  0.000000e+00 
 1.100000e-01  0.000000e+00 
 1.200000e-01  1.280179e-08 
 1.300000e-01  3.387644e-06 
 1.400000e-01  1.442163e-05 
 1.500000e-01  3.355039e-05 
 1.600000e-01  6.939073e-05 
 1.700000e-01  1.273345e-04 
 1.800000e-01  2.073817e-04 
 1.900000e-01  3.095409e-04 
 2.000000e-01  4.376514e-04 
 2.100000e-01  6.025799e-04 
 2.200000e-01  8.201771e-04 
 2.300000e-01  1.098060e-03 
 2.400000e-01  1.436344e-03 
 2.500000e-01  1.835028e-03 
 2.600000e-01  2.294113e-03 
 2.700000e-01  2.813598e-03 
 2.800000e-01  3.393483e-03 
 2.900000e-01  4.033769e-03 
 3.000000e-01  4.734455e-03 
 3.100000e-01  5.495542e-03 
 3.200000e-01  6.317029e-03 
 3.300000e-01  7.198916e-03 
 3.400000e-01  8.141204e-03 
 3.500000e-01  9.143893e-03 
 3.600000e-01  1.020698e-02 
 3.700000e-01  1.133047e-02 
 3.800000e-01  1.251436e-02 
 3.900000e-01  1.375865e-02 
 4.000000e-01  1.506334e-02 
 4.100000e-01  1.642843e-02 
 4.200000e-01  1.785392e-02 
 4.300000e-01  1.933982e-02 
 4.400000e-01  2.088611e-02 
 4.500000e-01  2.249280e-02 
 4.600000e-01  2.415989e-02 
 4.700000e-01  2.588739e-02 
 4.800000e-01  2.767528e-02 
 4.900000e-01  2.952358e-02 
 5.000000e-01  3.143227e-02 
 5.100000e-01  3.340137e-02 
 5.200000e-01  3.543086e-02 
 5.300000e-01  3.752077e-02 
 5.400000e-01  3.967190e-02 
 5.500000e-01  4.188542e-02 
 5.600000e-01  4.416396e-02 
 5.700000e-01  4.650786e-02 
 5.800000e-01  4.892115e-02 
 5.900000e-01  5.140686e-02 
 6.000000e-01  5.397218e-02 
 6.100000e-01  5.662040e-02 
 6.200000e-01  5.935153e-02 
 6.300000e-01  6.217003e-02 
 6.400000e-01  6.510410e-02 
 6.500000e-01  6.818126e-02 
 6.600000e-01  7.155751e-02 
 6.700000e-01  7.564064e-02 
 6.800000e-01  8.080399e-02 
 6.900000e-01  8.718730e-02 
 7.000000e-01  9.483573e-02 
 7.100000e-01  1.037493e-01 
 7.200000e-01  1.139280e-01 
 7.300000e-01  1.253718e-01 
 7.400000e-01  1.380807e-01 
 7.500000e-01  1.520548e-01 
 7.600000e-01  1.672940e-01 
 7.700000e-01  1.837983e-01 
 7.800000e-01  2.015677e-01 
 7.900000e-01  2.206023e-01 
 8.000000e-01  2.409020e-01 
 8.100000e-01  2.624680e-01 
 8.200000e-01  2.853244e-01 
 8.300000e-01  3.096115e-01 
 8.400000e-01  3.353616e-01 
 8.500000e-01  3.625754e-01 
 8.600000e-01  3.915697e-01 
 8.700000e-01  4.219405e-01 
 8.800000e-01  4.504821e-01 
 8.900000e-01  4.772575e-01 
 9.000000e-01  5.027496e-01 
 9.100000e-01  5.328171e-01 
 9.200000e-01  5.803519e-01 
 9.300000e-01  6.870886e-01 
 9.400000e-01  9.135944e-01 
 9.500000e-01  1.316928e+00 
 9.600000e-01  1.799659e+00 
 9.700000e-01  2.365816e+00 
 9.800000e-01  3.440840e+00 
 9.900000e-01  4.483995e+00 
 1.000000e+00  4.065929e+00 
 1.010000e+00  3.990358e+00 
 1.020000e+00  4.006927e+00 
 1.030000e+00  4.009025e+00 
 1.040000e+00  3.974443e+00 
 1.050000e+00  3.903963e+00 
 1.060000e+00  3.812519e+00 
 1.070000e+00  3.761220e+00 
 1.080000e+00  3.752959e+00 
 1.090000e+00  3.759870e+00 
 1.100000e+00  3.788822e+00 
 1.110000e+00  3.727001e+00 
 1.120000e+00  3.689582e+00 
 1.130000e+00  3.707244e+00 
 1.140000e+00  3.774932e+00 
 1.150000e+00  3.852289e+00 
 1.160000e+00  3.924481e+00 
 1.170000e+00  3.992747e+00 
 1.180000e+00  4.071522e+00 
 1.190000e+00  4.148327e+00 
 1.200000e+00  4.185892e+00 
 1.210000e+00  4.186467e+00 
 1.220000e+00  4.159409e+00 
 1.230000e+00  4.076609e+00 
 1.240000e+00  3.988236e+00 
 1.250000e+00  3.879205e+00 
 1.260000e+00  3.739420e+00 
 1.270000e+00  3.621762e+00 
 1.280000e+00  3.609731e+00 
 1.290000e+00  3.660189e+00 
 1.300000e+00  3.694287e+00 
 1.310000e+00  3.644146e+00 
 1.320000e+00  3.528567e+00 
 1.330000e+00  3.357691e+00 
 1.340000e+00  3.157282e+00 
 1.350000e+00  3.005456e+00 
 1.360000e+00  2.884320e+00 
 1.370000e+00  2.797537e+00 
 1.380000e+00  2.718716e+00 
 1.390000e+00  2.643087e+00 
 1.400000e+00  2.573605e+00 
 1.410000e+00  2.510557e+00 
 1.420000e+00  2.454390e+00 
 1.430000e+00  2.404311e+00 
 1.440000e+00  2.360092e+00 
 1.450000e+00  2.324453e+00 
 1.460000e+00  2.298333e+00 
 1.470000e+00  2.278788e+00 
 1.480000e+00  2.262772e+00 
 1.490000e+00  2.249786e+00 
 1.500000e+00  2.240452e+00 
 1.510000e+00  2.233677e+00 
 1.520000e+00  2.229197e+00 
 1.530000e+00  2.226605e+00 
 1.540000e+00  2.225332e+00 
 1.550000e+00  2.223808e+00 
 1.560000e+00  2.222028e+00 
 1.570000e+00  2.219365e+00 
 1.580000e+00  2.215012e+00 
 1.590000e+00  2.208594e+00 
 1.600000e+00  2.200199e+00 
 1.610000e+00  2.190399e+00 
 1.620000e+00  2.180532e+00 
 1.630000e+00  2.187377e+00 
 1.640000e+00  2.232090e+00 
 1.650000e+00  2.315544e+00 
 1.660000e+00  2.442160e+00 
 1.670000e+00  2.615983e+00 
 1.680000e+00  2.696645e+00 
 1.690000e+00  2.535924e+00 
 1.700000e+00  2.635696e+00 
 1.710000e+00  2.992331e+00 
 1.720000e+00  3.093712e+00 
 1.730000e+00  2.791614e+00 
 1.740000e+00  2.693801e+00 
 1.750000e+00  2.741641e+00 
 1.760000e+00  2.764976e+00 
 1.770000e+00  2.774044e+00 
 1.780000e+00  2.779558e+00 
 1.790000e+00  2.780469e+00 
 1.800000e+00  2.778570e+00 
 1.810000e+00  2.765446e+00 
 1.820000e+00  2.721243e+00 
 1.830000e+00  2.655101e+00 
 1.840000e+00  2.584629e+00 
 1.850000e+00  2.533156e+00 
 1.860000e+00  2.502908e+00 
 1.870000e+00  2.493515e+00 
 1.880000e+00  2.492048e+00 
 1.890000e+00  2.494536e+00 
 1.900000e+00  2.501020e+00 
 1.910000e+00  2.511533e+00 
 1.920000e+00  2.525662e+00 
 1.930000e+00  2.521904e+00 
 1.940000e+00  2.511958e+00 
 1.950000e+00  2.451332e+00 
 1.960000e+00  2.444233e+00 
 1.970000e+00  2.468193e+00 
 1.980000e+00  2.505434e+00 
 1.990000e+00  2.544889e+00 
 2.000000e+00  2.587197e+00 
 2.010000e+00  2.633624e+00 
 2.020000e+00  2.682742e+00 
 2.030000e+00  2.731708e+00 
 2.040000e+00  2.781691e+00 
 2.050000e+00  2.829825e+00 
 2.060000e+00  2.884263e+00 
 2.070000e+00  2.947550e+00 
 2.080000e+00  3.021925e+00 
 2.090000e+00  3.103243e+00 
 2.100000e+00  3.189979e+00 
 2.110000e+00  3.346395e+00 
 2.120000e+00  3.625458e+00 
 2.130000e+00  3.952485e+00 
 2.140000e+00  4.246614e+00 
 2.150000e+00  4.450210e+00 
 2.160000e+00  4.521598e+00 
 2.170000e+00  4.398928e+00 
 2.180000e+00  4.358169e+00 
 2.190000e+00  4.387548e+00 
 2.200000e+00  4.430485e+00 
 2.210000e+00  4.425040e+00 
 2.220000e+00  4.308879e+00 
 2.230000e+00  4.180829e+00 
 2.240000e+00  4.060073e+00 
 2.250000e+00  3.959638e+00 
 2.260000e+00  3.852289e+00 
 2.270000e+00  3.741716e+00 
 2.280000e+00  3.628204e+00 
 2.290000e+00  3.520081e+00 
 2.300000e+00  3.449935e+00 
 2.310000e+00  3.481034e+00 
 2.320000e+00  3.635733e+00 
 2.330000e+00  3.867145e+00 
 2.340000e+00  4.358084e+00 
 2.350000e+00  4.613578e+00 
 2.360000e+00  4.689708e+00 
 2.370000e+00  4.718549e+00 
 2.380000e+00  3.942551e+00 
 2.390000e+00  3.058015e+00 
 2.400000e+00  2.689058e+00 
 2.410000e+00  2.573314e+00 
 2.420000e+00  2.505636e+00 
 2.430000e+00  2.433638e+00 
 2.440000e+00  2.365720e+00 
 2.450000e+00  2.308078e+00 
 2.460000e+00  2.250800e+00 
 2.470000e+00  2.191001e+00 
 2.480000e+00  2.129443e+00 
 2.490000e+00  2.073462e+00 
 2.500000e+00  2.023299e+00 
 2.510000e+00  1.972709e+00 
 2.520000e+00  1.922528e+00 
 2.530000e+00  1.873212e+00 
 2.540000e+00  1.827362e+00 
 2.550000e+00  1.788461e+00 
 2.560000e+00  1.754231e+00 
 2.570000e+00  1.724300e+00 
 2.580000e+00  1.698410e+00 
 2.590000e+00  1.675970e+00 
 2.600000e+00  1.655602e+00 
 2.610000e+00  1.631191e+00 
 2.620000e+00  1.605648e+00 
 2.630000e+00  1.579128e+00 
 2.640000e+00  1.549678e+00 
 2.650000e+00  1.520828e+00 
 2.660000e+00  1.489459e+00 
 2.670000e+00  1.454495e+00 
 2.680000e+00  1.420111e+00 
 2.690000e+00  1.387104e+00 
 2.700000e+00  1.355546e+00 
 2.710000e+00  1.326038e+00 
 2.720000e+00  1.298920e+00 
 2.730000e+00  1.274210e+00 
 2.740000e+00  1.251701e+00 
 2.750000e+00  1.230856e+00 
 2.760000e+00  1.211603e+00 
 2.770000e+00  1.193731e+00 
 2.780000e+00  1.177202e+00 
 2.790000e+00  1.162024e+00 
 2.800000e+00  1.148163e+00 
 2.810000e+00  1.135590e+00 
 2.820000e+00  1.124290e+00 
 2.830000e+00  1.114257e+00 
 2.840000e+00  1.105492e+00 
 2.850000e+00  1.097993e+00 
 2.860000e+00  1.091761e+00 
 2.870000e+00  1.086790e+00 
 2.880000e+00  1.083019e+00 
 2.890000e+00  1.080190e+00 
 2.900000e+00  1.078218e+00 
 2.910000e+00  1.077089e+00 
 2.920000e+00  1.076784e+00 
 2.930000e+00  1.077275e+00 
 2.940000e+00  1.079014e+00 
 2.950000e+00  1.081618e+00 
 2.960000e+00  1.084045e+00 
 2.970000e+00  1.085302e+00 
 2.980000e+00  1.085047e+00 
 2.990000e+00  1.080460e+00 
 3.000000e+00  1.071136e+00 
 3.010000e+00  1.060887e+00 
 3.020000e+00  1.051079e+00 
 3.030000e+00  1.041359e+00 
 3.040000e+00  1.031523e+00 
 3.050000e+00  1.021607e+00 
 3.060000e+00  1.011825e+00 
 3.070000e+00  1.002268e+00 
 3.080000e+00  9.929492e-01 
 3.090000e+00  9.839102e-01 
 3.100000e+00  9.750921e-01 
 3.110000e+00  9.664153e-01 
 3.120000e+00  9.577995e-01 
 3.130000e+00  9.498245e-01 
 3.140000e+00  9.425018e-01 
 3.150000e+00  9.358057e-01 
 3.160000e+00  9.296724e-01 
 3.170000e+00  9.240537e-01 
 3.180000e+00  9.189366e-01 
 3.190000e+00  9.142980e-01 
 3.200000e+00  9.109175e-01 
 3.210000e+00  9.088019e-01 
 3.220000e+00  9.080535e-01 
 3.230000e+00  9.085007e-01 
 3.240000e+00  9.083096e-01 
 3.250000e+00  9.069072e-01 
 3.260000e+00  9.026586e-01 
 3.270000e+00  8.916602e-01 
 3.280000e+00  8.760260e-01 
 3.290000e+00  8.610164e-01 
 3.300000e+00  8.458251e-01 
 3.310000e+00  8.257635e-01 
 3.320000e+00  7.983349e-01 
 3.330000e+00  7.621752e-01 
 3.340000e+00  7.161503e-01 
 3.350000e+00  6.606286e-01 
 3.360000e+00  5.976651e-01 
 3.370000e+00  5.290924e-01 
 3.380000e+00  4.627425e-01 
 3.390000e+00  4.188939e-01 
 3.400000e+00  3.789456e-01 
 3.410000e+00  3.350005e-01 
 3.420000e+00  2.829517e-01 
 3.430000e+00  2.348710e-01 
 3.440000e+00  2.114194e-01 
 3.450000e+00  2.056514e-01 
 3.460000e+00  1.981237e-01 
 3.470000e+00  1.895117e-01 
 3.480000e+00  1.811043e-01 
 3.490000e+00  1.728898e-01 
 3.500000e+00  1.648667e-01 
 3.510000e+00  1.570350e-01 
 3.520000e+00  1.493947e-01 
 3.530000e+00  1.419458e-01 
 3.540000e+00  1.346883e-01 
 3.550000e+00  1.276222e-01 
 3.560000e+00  1.207475e-01 
 3.570000e+00  1.140642e-01 
 3.580000e+00  1.075723e-01 
 3.590000e+00  1.012718e-01 
 3.600000e+00  9.516263e-02 
 3.610000e+00  8.924489e-02 
 3.620000e+00  8.351855e-02 
 3.630000e+00  7.798360e-02 
 3.640000e+00  7.264005e-02 
 3.650000e+00  6.748789e-02 
 3.660000e+00  6.252712e-02 
 3.670000e+00  5.775775e-02 
 3.680000e+00  5.317977e-02 
 3.690000e+00  4.879319e-02 
 3.700000e+00  4.459801e-02 
 3.710000e+00  4.059421e-02 
 3.720000e+00  3.678181e-02 
 3.730000e+00  3.316081e-02 
 3.740000e+00  2.973120e-02 
 3.750000e+00  2.649298e-02 
 3.760000e+00  2.344616e-02 
 3.770000e+00  2.059074e-02 
 3.780000e+00  1.792670e-02 
 3.790000e+00  1.545407e-02 
 3.800000e+00  1.317282e-02 
 3.810000e+00  1.108297e-02 
 3.820000e+00  9.184518e-03 
 3.830000e+00  7.477458e-03 
 3.840000e+00  5.961792e-03 
 3.850000e+00  4.637520e-03 
 3.860000e+00  3.504643e-03 
 3.870000e+00  2.559509e-03 
 3.880000e+00  1.791399e-03 
 3.890000e+00  1.199620e-03 
 3.900000e+00  7.803616e-04 
 3.910000e+00  4.854677e-04 
 3.920000e+00  2.963327e-04 
 3.930000e+00  1.795467e-04 
 3.940000e+00  1.090168e-04 
 3.950000e+00  6.306797e-05 
 3.960000e+00  3.147416e-05 
 3.970000e+00  1.116103e-05 
 3.980000e+00  2.115156e-06 
 3.990000e+00  1.715868e-08 
 4.000000e+00  0.000000e+00 
 4.010000e+00  0.000000e+00 
 4.020000e+00  0.000000e+00 
 4.030000e+00  0.000000e+00 
 4.040000e+00  0.000000e+00 
 4.050000e+00  0.000000e+00 
 4.060000e+00  0.000000e+00 
 4.070000e+00  0.000000e+00 
 4.080000e+00  0.000000e+00 
 4.090000e+00  0.000000e+00 
 4.100000e+00  0.000000e+00 
 4.110000e+00  0.000000e+00 
 4.120000e+00  0.000000e+00 
 4.130000e+00  0.000000e+00 
 4.140000e+00  0.000000e+00 
 4.150000e+00  0.000000e+00 
 4.160000e+00  0.000000e+00 
 4.170000e+00  0.000000e+00 
 4.180000e+00  0.000000e+00 
 4.190000e+00  0.000000e+00 
 4.200000e+00  0.000000e+00 
 4.210000e+00  0.000000e+00 
 4.220000e+00  0.000000e+00 
 4.230000e+00  0.000000e+00 
 4.240000e+00  0.000000e+00 
 4.250000e+00  0.000000e+00 
 4.260000e+00  0.000000e+00 
 4.270000e+00  0.000000e+00 
 4.280000e+00  0.000000e+00 
 4.290000e+00  0.000000e+00 
 4.300000e+00  0.000000e+00 
 4.310000e+00  0.000000e+00 
 4.320000e+00  2.060770e-06 
 4.330000e+00  1.477836e-05 
 4.340000e+00  4.279340e-05 
 4.350000e+00  9.031406e-05 
 4.360000e+00  1.593882e-04 
 4.370000e+00  2.728163e-04 
 4.380000e+00  4.918384e-04 
 4.390000e+00  8.501527e-04 
 4.400000e+00  1.351329e-03 
 4.410000e+00  1.995369e-03 
 4.420000e+00  2.783000e-03 
 4.430000e+00  3.716990e-03 
 4.440000e+00  4.797607e-03 
 4.450000e+00  6.024852e-03 
 4.460000e+00  7.398723e-03 
 4.470000e+00  8.919222e-03 
 4.480000e+00  1.058635e-02 
 4.490000e+00  1.240010e-02 
 4.500000e+00  1.436048e-02 
 4.510000e+00  1.646749e-02 
 4.520000e+00  1.872112e-02 
 4.530000e+00  2.112139e-02 
 4.540000e+00  2.366828e-02 
 4.550000e+00  2.636179e-02 
 4.560000e+00  2.920194e-02 
 4.570000e+00  3.218871e-02 
 4.580000e+00  3.532210e-02 
 4.590000e+00  3.860213e-02 
 4.600000e+00  4.202878e-02 
 4.610000e+00  4.560206e-02 
 4.620000e+00  4.932197e-02 
 4.630000e+00  5.318850e-02 
 4.640000e+00  5.720166e-02 
 4.650000e+00  6.136145e-02 
 4.660000e+00  6.566787e-02 
 4.670000e+00  7.012091e-02 
 4.680000e+00  7.472058e-02 
 4.690000e+00  7.946688e-02 
 4.700000e+00  8.435980e-02 
 4.710000e+00  8.939935e-02 
 4.720000e+00  9.458553e-02 
 4.730000e+00  9.992392e-02 
 4.740000e+00  1.054254e-01 
 4.750000e+00  1.108228e-01 
 4.760000e+00  1.161654e-01 
 4.770000e+00  1.222402e-01 
 4.780000e+00  1.299850e-01 
 4.790000e+00  1.397285e-01 
 4.800000e+00  1.516219e-01 
 4.810000e+00  1.646164e-01 
 4.820000e+00  1.779193e-01 
 4.830000e+00  1.915332e-01 
 4.840000e+00  2.054848e-01 
 4.850000e+00  2.198454e-01 
 4.860000e+00  2.344455e-01 
 4.870000e+00  2.492709e-01 
 4.880000e+00  2.643217e-01 
 4.890000e+00  2.795979e-01 
 4.900000e+00  2.950994e-01 
 4.910000e+00  3.108262e-01 
 4.920000e+00  3.267784e-01 
 4.930000e+00  3.431045e-01 
 4.940000e+00  3.599509e-01 
 4.950000e+00  3.767436e-01 
 4.960000e+00  3.932593e-01 
 4.970000e+00  4.094014e-01 
 4.980000e+00  4.252617e-01 
 4.990000e+00  4.408823e-01 
 5.000000e+00  4.562843e-01 
 5.010000e+00  4.715294e-01 
 5.020000e+00  4.868204e-01 
 5.030000e+00  5.022175e-01 
 5.040000e+00  5.177339e-01 
 5.050000e+00  5.333744e-01 
 5.060000e+00  5.492627e-01 
 5.070000e+00  5.657090e-01 
 5.080000e+00  5.824604e-01 
 5.090000e+00  5.996876e-01 
 5.100000e+00  6.173478e-01 
 5.110000e+00  6.340578e-01 
 5.120000e+00  6.550716e-01 
 5.130000e+00  7.187871e-01 
 5.140000e+00  8.607339e-01 
 5.150000e+00  9.397145e-01 
 5.160000e+00  9.913774e-01 
 5.170000e+00  1.025221e+00 
 5.180000e+00  1.056245e+00 
 5.190000e+00  1.082076e+00 
 5.200000e+00  1.102737e+00 
 5.210000e+00  1.120139e+00 
 5.220000e+00  1.135643e+00 
 5.230000e+00  1.146903e+00 
 5.240000e+00  1.158422e+00 
 5.250000e+00  1.170885e+00 
 5.260000e+00  1.184860e+00 
 5.270000e+00  1.200380e+00 
 5.280000e+00  1.217196e+00 
 5.290000e+00  1.234708e+00 
 5.300000e+00  1.252711e+00 
 5.310000e+00  1.268996e+00 
 5.320000e+00  1.283146e+00 
 5.330000e+00  1.295770e+00 
 5.340000e+00  1.307113e+00 
 5.350000e+00  1.317250e+00 
 5.360000e+00  1.326450e+00 
 5.370000e+00  1.337779e+00 
 5.380000e+00  1.353343e+00 
 5.390000e+00  1.372686e+00 
 5.400000e+00  1.395779e+00 
 5.410000e+00  1.423425e+00 
 5.420000e+00  1.456039e+00 
 5.430000e+00  1.493072e+00 
 5.440000e+00  1.532528e+00 
 5.450000e+00  1.574159e+00 
 5.460000e+00  1.618638e+00 
 5.470000e+00  1.668996e+00 
 5.480000e+00  1.717525e+00 
 5.490000e+00  1.748192e+00 
 5.500000e+00  1.776956e+00 
 5.510000e+00  1.806712e+00 
 5.520000e+00  1.838867e+00 
 5.530000e+00  1.872641e+00 
 5.540000e+00  1.904919e+00 
 5.550000e+00  1.934570e+00 
 5.560000e+00  1.961676e+00 
 5.570000e+00  1.988026e+00 
 5.580000e+00  2.024715e+00 
 5.590000e+00  2.075397e+00 
 5.600000e+00  2.124317e+00 
 5.610000e+00  2.166128e+00 
 5.620000e+00  2.163824e+00 
 5.630000e+00  2.115985e+00 
 5.640000e+00  2.026206e+00 
 5.650000e+00  1.975560e+00 
 5.660000e+00  1.951767e+00 
 5.670000e+00  1.937962e+00 
 5.680000e+00  1.951608e+00 
 5.690000e+00  1.978245e+00 
 5.700000e+00  2.016550e+00 
 5.710000e+00  2.052414e+00 
 5.720000e+00  2.069667e+00 
 5.730000e+00  2.075166e+00 
 5.740000e+00  2.082754e+00 
 5.750000e+00  2.093227e+00 
 5.760000e+00  2.106542e+00 
 5.770000e+00  2.121261e+00 
 5.780000e+00  2.128894e+00 
 5.790000e+00  2.137714e+00 
 5.800000e+00  2.149408e+00 
 5.810000e+00  2.163080e+00 
 5.820000e+00  2.181103e+00 
 5.830000e+00  2.206377e+00 
 5.840000e+00  2.240916e+00 
 5.850000e+00  2.287212e+00 
 5.860000e+00  2.348336e+00 
 5.870000e+00  2.409801e+00 
 5.880000e+00  2.448232e+00 
 5.890000e+00  2.470896e+00 
 5.900000e+00  2.513748e+00 
 5.910000e+00  2.576527e+00 
 5.920000e+00  2.657811e+00 
 5.930000e+00  2.758856e+00 
 5.940000e+00  2.870885e+00 
 5.950000e+00  2.978717e+00 
 5.960000e+00  3.080304e+00 
 5.970000e+00  3.088692e+00 
 5.980000e+00  2.973300e+00 
 5.990000e+00  2.775434e+00 
 6.000000e+00  2.515522e+00 
 6.010000e+00  2.221107e+00 
 6.020000e+00  2.023706e+00 
 6.030000e+00  2.170713e+00 
 6.040000e+00  2.042984e+00 
 6.050000e+00  2.018289e+00 
 6.060000e+00  2.185967e+00 
 6.070000e+00  1.952825e+00 
 6.080000e+00  1.647192e+00 
 6.090000e+00  1.317186e+00 
 6.100000e+00  9.604159e-01 
 6.110000e+00  7.988960e-01 
 6.120000e+00  7.032017e-01 
 6.130000e+00  6.457510e-01 
 6.140000e+00  6.172266e-01 
 6.150000e+00  5.998014e-01 
 6.160000e+00  5.877313e-01 
 6.170000e+00  5.796537e-01 
 6.180000e+00  5.748733e-01 
 6.190000e+00  5.722722e-01 
 6.200000e+00  5.716800e-01 
 6.210000e+00  5.727409e-01 
 6.220000e+00  5.743424e-01 
 6.230000e+00  5.764048e-01 
 6.240000e+00  5.789320e-01 
 6.250000e+00  5.821567e-01 
 6.260000e+00  5.863030e-01 
 6.270000e+00  6.024198e-01 
 6.280000e+00  6.370527e-01 
 6.290000e+00  6.741351e-01 
 6.300000e+00  7.011127e-01 
 6.310000e+00  7.179178e-01 
 6.320000e+00  7.246332e-01 
 6.330000e+00  7.291974e-01 
 6.340000e+00  7.347700e-01 
 6.350000e+00  7.415719e-01 
 6.360000e+00  7.496716e-01 
 6.370000e+00  7.590904e-01 
 6.380000e+00  7.698625e-01 
 6.390000e+00  7.819907e-01 
 6.400000e+00  7.954750e-01 
 6.410000e+00  8.103154e-01 
 6.420000e+00  8.265119e-01 
 6.430000e+00  8.440645e-01 
 6.440000e+00  8.629731e-01 
 6.450000e+00  8.832379e-01 
 6.460000e+00  9.048587e-01 
 6.470000e+00  9.278356e-01 
 6.480000e+00  9.521683e-01 
 6.490000e+00  9.778519e-01 
 6.500000e+00  1.004854e+00 
 6.510000e+00  1.033161e+00 
 6.520000e+00  1.062764e+00 
 6.530000e+00  1.093634e+00 
 6.540000e+00  1.124592e+00 
 6.550000e+00  1.156298e+00 
 6.560000e+00  1.183976e+00 
 6.570000e+00  1.212063e+00 
 6.580000e+00  1.239218e+00 
 6.590000e+00  1.233166e+00 
 6.600000e+00  1.228572e+00 
 6.610000e+00  1.246067e+00 
 6.620000e+00  1.268022e+00 
 6.630000e+00  1.286148e+00 
 6.640000e+00  1.294966e+00 
 6.650000e+00  1.317296e+00 
 6.660000e+00  1.340000e+00 
 6.670000e+00  1.369083e+00 
 6.680000e+00  1.419129e+00 
 6.690000e+00  1.464619e+00 
 6.700000e+00  1.506749e+00 
 6.710000e+00  1.546628e+00 
 6.720000e+00  1.585870e+00 
 6.730000e+00  1.622987e+00 
 6.740000e+00  1.656607e+00 
 6.750000e+00  1.690939e+00 
 6.760000e+00  1.727650e+00 
 6.770000e+00  1.761519e+00 
 6.780000e+00  1.791779e+00 
 6.790000e+00  1.826300e+00 
 6.800000e+00  1.874852e+00 
 6.810000e+00  1.985229e+00 
 6.820000e+00  2.091713e+00 
 6.830000e+00  2.139725e+00 
 6.840000e+00  2.199568e+00 
 6.850000e+00  2.269856e+00 
 6.860000e+00  2.285753e+00 
 6.870000e+00  2.284082e+00 
 6.880000e+00  2.281915e+00 
 6.890000e+00  2.278735e+00 
 6.900000e+00  2.273620e+00 
 6.910000e+00  2.266353e+00 
 6.920000e+00  2.257881e+00 
 6.930000e+00  2.249944e+00 
 6.940000e+00  2.238485e+00 
 6.950000e+00  2.224531e+00 
 6.960000e+00  2.168835e+00 
 6.970000e+00  2.154742e+00 
 6.980000e+00  2.287929e+00 
 6.990000e+00  2.416930e+00 
 7.000000e+00  2.519540e+00 
 7.010000e+00  2.469970e+00 
 7.020000e+00  2.406718e+00 
 7.030000e+00  2.347133e+00 
 7.040000e+00  2.290599e+00 
 7.050000e+00  2.239860e+00 
 7.060000e+00  2.198646e+00 
 7.070000e+00  2.167551e+00 
 7.080000e+00  2.147775e+00 
 7.090000e+00  2.131110e+00 
 7.100000e+00  2.116018e+00 
 7.110000e+00  2.102586e+00 
 7.120000e+00  2.090578e+00 
 7.130000e+00  2.079892e+00 
 7.140000e+00  2.070713e+00 
 7.150000e+00  2.063390e+00 
 7.160000e+00  2.058147e+00 
 7.170000e+00  2.055255e+00 
 7.180000e+00  2.054639e+00 
 7.190000e+00  2.056698e+00 
 7.200000e+00  2.062187e+00 
 7.210000e+00  2.071122e+00 
 7.220000e+00  2.083512e+00 
 7.230000e+00  2.099231e+00 
 7.240000e+00  2.117288e+00 
 7.250000e+00  2.288527e+00 
 7.260000e+00  2.602204e+00 
 7.270000e+00  2.598613e+00 
 7.280000e+00  2.391108e+00 
 7.290000e+00  2.259483e+00 
 7.300000e+00  2.205981e+00 
 7.310000e+00  2.214441e+00 
 7.320000e+00  2.223962e+00 
 7.330000e+00  2.225078e+00 
 7.340000e+00  2.213293e+00 
 7.350000e+00  2.190576e+00 
 7.360000e+00  2.165868e+00 
 7.370000e+00  2.138101e+00 
 7.380000e+00  2.105660e+00 
 7.390000e+00  2.065990e+00 
 7.400000e+00  2.019028e+00 
 7.410000e+00  1.965447e+00 
 7.420000e+00  1.909604e+00 
 7.430000e+00  1.859000e+00 
 7.440000e+00  1.814029e+00 
 7.450000e+00  1.774063e+00 
 7.460000e+00  1.733030e+00 
 7.470000e+00  1.677078e+00 
 7.480000e+00  1.609118e+00 
 7.490000e+00  1.537123e+00 
 7.500000e+00  1.468993e+00 
 7.510000e+00  1.410580e+00 
 7.520000e+00  1.368954e+00 
 7.530000e+00  1.342976e+00 
 7.540000e+00  1.329399e+00 
 7.550000e+00  1.319912e+00 
 7.560000e+00  1.311539e+00 
 7.570000e+00  1.304856e+00 
 7.580000e+00  1.299862e+00 
 7.590000e+00  1.296569e+00 
 7.600000e+00  1.294996e+00 
 7.610000e+00  1.295223e+00 
 7.620000e+00  1.297370e+00 
 7.630000e+00  1.301581e+00 
 7.640000e+00  1.308132e+00 
 7.650000e+00  1.317067e+00 
 7.660000e+00  1.328378e+00 
 7.670000e+00  1.342139e+00 
 7.680000e+00  1.350683e+00 
 7.690000e+00  1.358973e+00 
 7.700000e+00  1.369506e+00 
 7.710000e+00  1.381511e+00 
 7.720000e+00  1.393264e+00 
 7.730000e+00  1.404694e+00 
 7.740000e+00  1.415283e+00 
 7.750000e+00  1.424833e+00 
 7.760000e+00  1.433664e+00 
 7.770000e+00  1.441958e+00 
 7.780000e+00  1.450128e+00 
 7.790000e+00  1.458511e+00 
 7.800000e+00  1.468355e+00 
 7.810000e+00  1.481149e+00 
 7.820000e+00  1.496864e+00 
 7.830000e+00  1.521573e+00 
 7.840000e+00  1.557226e+00 
 7.850000e+00  1.597426e+00 
 7.860000e+00  1.638739e+00 
 7.870000e+00  1.669716e+00 
 7.880000e+00  1.683357e+00 
 7.890000e+00  1.694355e+00 
 7.900000e+00  1.703643e+00 
 7.910000e+00  1.708316e+00 
 7.920000e+00  1.712494e+00 
 7.930000e+00  1.717422e+00 
 7.940000e+00  1.725474e+00 
 7.950000e+00  1.737657e+00 
 7.960000e+00  1.759161e+00 
 7.970000e+00  1.781754e+00 
 7.980000e+00  1.804591e+00 
 7.990000e+00  1.827586e+00 
 8.000000e+00  1.850936e+00 
 8.010000e+00  1.874917e+00 
 8.020000e+00  1.899148e+00 
 8.030000e+00  1.923262e+00 
 8.040000e+00  1.910802e+00 
 8.050000e+00  1.868496e+00 
 8.060000e+00  1.853620e+00 
 8.070000e+00  1.863764e+00 
 8.080000e+00  1.869461e+00 
 8.090000e+00  1.863717e+00 
 8.100000e+00  1.860407e+00 
 8.110000e+00  1.862973e+00 
 8.120000e+00  1.873765e+00 
 8.130000e+00  1.893915e+00 
 8.140000e+00  1.926171e+00 
 8.150000e+00  1.978208e+00 
 8.160000e+00  2.050804e+00 
 8.170000e+00  2.137263e+00 
 8.180000e+00  2.230319e+00 
 8.190000e+00  2.316887e+00 
 8.200000e+00  2.386909e+00 
 8.210000e+00  2.451520e+00 
 8.220000e+00  2.518028e+00 
 8.230000e+00  2.396907e+00 
 8.240000e+00  2.319541e+00 
 8.250000e+00  2.314228e+00 
 8.260000e+00  2.332284e+00 
 8.270000e+00  2.348500e+00 
 8.280000e+00  2.363102e+00 
 8.290000e+00  2.377260e+00 
 8.300000e+00  2.389797e+00 
 8.310000e+00  2.400214e+00 
 8.320000e+00  2.417148e+00 
 8.330000e+00  2.437634e+00 
 8.340000e+00  2.459025e+00 
 8.350000e+00  2.479917e+00 
 8.360000e+00  2.501910e+00 
 8.370000e+00  2.524507e+00 
 8.380000e+00  2.541410e+00 
 8.390000e+00  2.512418e+00 
 8.400000e+00  2.487180e+00 
 8.410000e+00  2.470777e+00 
 8.420000e+00  2.463033e+00 
 8.430000e+00  2.453485e+00 
 8.440000e+00  2.441280e+00 
 8.450000e+00  2.428991e+00 
 8.460000e+00  2.418196e+00 
 8.470000e+00  2.409339e+00 
 8.480000e+00  2.402808e+00 
 8.490000e+00  2.398647e+00 
 8.500000e+00  2.397779e+00 
 8.510000e+00  2.400515e+00 
 8.520000e+00  2.406133e+00 
 8.530000e+00  2.411550e+00 
 8.540000e+00  2.413678e+00 
 8.550000e+00  2.409451e+00 
 8.560000e+00  2.398679e+00 
 8.570000e+00  2.382573e+00 
 8.580000e+00  2.362273e+00 
 8.590000e+00  2.335108e+00 
 8.600000e+00  2.304968e+00 
 8.610000e+00  2.272746e+00 
 8.620000e+00  2.244072e+00 
 8.630000e+00  2.230833e+00 
 8.640000e+00  2.232812e+00 
 8.650000e+00  2.242384e+00 
 8.660000e+00  2.256381e+00 
 8.670000e+00  2.268972e+00 
 8.680000e+00  2.278185e+00 
 8.690000e+00  2.282400e+00 
 8.700000e+00  2.283232e+00 
 8.710000e+00  2.283112e+00 
 8.720000e+00  2.285054e+00 
 8.730000e+00  2.292077e+00 
 8.740000e+00  2.310768e+00 
 8.750000e+00  2.344029e+00 
 8.760000e+00  2.388448e+00 
 8.770000e+00  2.422075e+00 
 8.780000e+00  2.431583e+00 
 8.790000e+00  2.429027e+00 
 8.800000e+00  2.426291e+00 
 8.810000e+00  2.423369e+00 
 8.820000e+00  2.420235e+00 
 8.830000e+00  2.416789e+00 
 8.840000e+00  2.412951e+00 
 8.850000e+00  2.408590e+00 
 8.860000e+00  2.404265e+00 
 8.870000e+00  2.401868e+00 
 8.880000e+00  2.400374e+00 
 8.890000e+00  2.399749e+00 
 8.900000e+00  2.400169e+00 
 8.910000e+00  2.401542e+00 
 8.920000e+00  2.403758e+00 
 8.930000e+00  2.407058e+00 
 8.940000e+00  2.413363e+00 
 8.950000e+00  2.423631e+00 
 8.960000e+00  2.437667e+00 
 8.970000e+00  2.455238e+00 
 8.980000e+00  2.476253e+00 
 8.990000e+00  2.516952e+00 
 9.000000e+00  2.596029e+00 
 9.010000e+00  2.679221e+00 
 9.020000e+00  2.734804e+00 
 9.030000e+00  2.766076e+00 
 9.040000e+00  2.772292e+00 
 9.050000e+00  2.777713e+00 
 9.060000e+00  2.779480e+00 
 9.070000e+00  2.776846e+00 
 9.080000e+00  2.763643e+00 
 9.090000e+00  2.753909e+00 
 9.100000e+00  2.764404e+00 
 9.110000e+00  2.794012e+00 
 9.120000e+00  2.831068e+00 
 9.130000e+00  2.868561e+00 
 9.140000e+00  2.898027e+00 
 9.150000e+00  2.913148e+00 
 9.160000e+00  2.907176e+00 
 9.170000e+00  2.862379e+00 
 9.180000e+00  2.755973e+00 
 9.190000e+00  2.624371e+00 
 9.200000e+00  2.522445e+00 
 9.210000e+00  2.453429e+00 
 9.220000e+00  2.411251e+00 
 9.230000e+00  2.375241e+00 
 9.240000e+00  2.344139e+00 
 9.250000e+00  2.333496e+00 
 9.260000e+00  2.331400e+00 
 9.270000e+00  2.335124e+00 
 9.280000e+00  2.342127e+00 
 9.290000e+00  2.347199e+00 
 9.300000e+00  2.332549e+00 
 9.310000e+00  2.314869e+00 
 9.320000e+00  2.302262e+00 
 9.330000e+00  2.294741e+00 
 9.340000e+00  2.296909e+00 
 9.350000e+00  2.326274e+00 
 9.360000e+00  2.332886e+00 
 9.370000e+00  2.331975e+00 
 9.380000e+00  2.330585e+00 
 9.390000e+00  2.328635e+00 
 9.400000e+00  2.326061e+00 
 9.410000e+00  2.322863e+00 
 9.420000e+00  2.319187e+00 
 9.430000e+00  2.315286e+00 
 9.440000e+00  2.306435e+00 
 9.450000e+00  2.296623e+00 
 9.460000e+00  2.288037e+00 
 9.470000e+00  2.280718e+00 
 9.480000e+00  2.274626e+00 
 9.490000e+00  2.269430e+00 
 9.500000e+00  2.267522e+00 
 9.510000e+00  2.282479e+00 
 9.520000e+00  2.297514e+00 
 9.530000e+00  2.313395e+00 
 9.540000e+00  2.335094e+00 
 9.550000e+00  2.355197e+00 
 9.560000e+00  2.370399e+00 
 9.570000e+00  2.383272e+00 
 9.580000e+00  2.399711e+00 
 9.590000e+00  2.422299e+00 
 9.600000e+00  2.432286e+00 
 9.610000e+00  2.427989e+00 
 9.620000e+00  2.412908e+00 
 9.630000e+00  2.386998e+00 
 9.640000e+00  2.354490e+00 
 9.650000e+00  2.320482e+00 
 9.660000e+00  2.314982e+00 
 9.670000e+00  2.322490e+00 
 9.680000e+00  2.325177e+00 
 9.690000e+00  2.313421e+00 
 9.700000e+00  2.281134e+00 
 9.710000e+00  2.232293e+00 
 9.720000e+00  2.158755e+00 
 9.730000e+00  2.088179e+00 
 9.740000e+00  2.040720e+00 
 9.750000e+00  2.011461e+00 
 9.760000e+00  1.977155e+00 
 9.770000e+00  1.947672e+00 
 9.780000e+00  1.923192e+00 
 9.790000e+00  1.903604e+00 
 9.800000e+00  1.888722e+00 
 9.810000e+00  1.878309e+00 
 9.820000e+00  1.872148e+00 
 9.830000e+00  1.869887e+00 
 9.840000e+00  1.871621e+00 
 9.850000e+00  1.876949e+00 
 9.860000e+00  1.882793e+00 
 9.870000e+00  1.888758e+00 
 9.880000e+00  1.894696e+00 
 9.890000e+00  1.900505e+00 
 9.900000e+00  1.906614e+00 
 9.910000e+00  1.913995e+00 
 9.920000e+00  1.922536e+00 
 9.930000e+00  1.932282e+00 
 9.940000e+00  1.943286e+00 
 9.950000e+00  1.955335e+00 
 9.960000e+00  1.968351e+00 
 9.970000e+00  1.982161e+00 
 9.980000e+00  1.996725e+00 
 9.990000e+00  2.012050e+00 
 1.000000e+01  2.028193e+00 
 1.001000e+01  2.045160e+00 
 1.002000e+01  2.061301e+00 
 1.003000e+01  2.075540e+00 
 1.004000e+01  2.088283e+00 
 1.005000e+01  2.098813e+00 
 1.006000e+01  2.108508e+00 
 1.007000e+01  2.115289e+00 
 1.008000e+01  2.118149e+00 
 1.009000e+01  2.120787e+00 
 1.010000e+01  2.124114e+00 
 1.011000e+01  2.128616e+00 
 1.012000e+01  2.136858e+00 
 1.013000e+01  2.148591e+00 
 1.014000e+01  2.163350e+00 
 1.015000e+01  2.180686e+00 
 1.016000e+01  2.200012e+00 
 1.017000e+01  2.221249e+00 
 1.018000e+01  2.244771e+00 
 1.019000e+01  2.269631e+00 
 1.020000e+01  2.295419e+00 
 1.021000e+01  2.321482e+00 
 1.022000e+01  2.347187e+00 
 1.023000e+01  2.372812e+00 
 1.024000e+01  2.398443e+00 
 1.025000e+01  2.424080e+00 
 1.026000e+01  2.449871e+00 
 1.027000e+01  2.477423e+00 
 1.028000e+01  2.507238e+00 
 1.029000e+01  2.539064e+00 
 1.030000e+01  2.572458e+00 
 1.031000e+01  2.602173e+00 
 1.032000e+01  2.625415e+00 
 1.033000e+01  2.641170e+00 
 1.034000e+01  2.654217e+00 
 1.035000e+01  2.669553e+00 
 1.036000e+01  2.687666e+00 
 1.037000e+01  2.707183e+00 
 1.038000e+01  2.724515e+00 
 1.039000e+01  2.731917e+00 
 1.040000e+01  2.733412e+00 
 1.041000e+01  2.734699e+00 
 1.042000e+01  2.750365e+00 
 1.043000e+01  2.780337e+00 
 1.044000e+01  2.823135e+00 
 1.045000e+01  2.856135e+00 
 1.046000e+01  2.875204e+00 
 1.047000e+01  2.883589e+00 
 1.048000e+01  2.845996e+00 
 1.049000e+01  2.799020e+00 
 1.050000e+01  2.744995e+00 
 1.051000e+01  2.685827e+00 
 1.052000e+01  2.634797e+00 
 1.053000e+01  2.598088e+00 
 1.054000e+01  2.571010e+00 
 1.055000e+01  2.569523e+00 
 1.056000e+01  2.623080e+00 
 1.057000e+01  2.763522e+00 
 1.058000e+01  2.898756e+00 
 1.059000e+01  3.015837e+00 
 1.060000e+01  3.074370e+00 
 1.061000e+01  2.956538e+00 
 1.062000e+01  2.876984e+00 
 1.063000e+01  2.762648e+00 
 1.064000e+01  2.646856e+00 
 1.065000e+01  2.516043e+00 
 1.066000e+01  2.376556e+00 
 1.067000e+01  2.276496e+00 
 1.068000e+01  2.212116e+00 
 1.069000e+01  2.177781e+00 
 1.070000e+01  2.167615e+00 
 1.071000e+01  2.171854e+00 
 1.072000e+01  2.196739e+00 
 1.073000e+01  2.228828e+00 
 1.074000e+01  2.256383e+00 
 1.075000e+01  2.283878e+00 
 1.076000e+01  2.308507e+00 
 1.077000e+01  2.339878e+00 
 1.078000e+01  2.381487e+00 
 1.079000e+01  2.433857e+00 
 1.080000e+01  2.496164e+00 
 1.081000e+01  2.565369e+00 
 1.082000e+01  2.635367e+00 
 1.083000e+01  2.703390e+00 
 1.084000e+01  2.767749e+00 
 1.085000e+01  2.826983e+00 
 1.086000e+01  2.881293e+00 
 1.087000e+01  2.930400e+00 
 1.088000e+01  2.975816e+00 
 1.089000e+01  3.019133e+00 
 1.090000e+01  3.061537e+00 
 1.091000e+01  3.102633e+00 
 1.092000e+01  3.140278e+00 
 1.093000e+01  3.167847e+00 
 1.094000e+01  3.179270e+00 
 1.095000e+01  3.186808e+00 
 1.096000e+01  3.192486e+00 
 1.097000e+01  3.198000e+00 
 1.098000e+01  3.205452e+00 
 1.099000e+01  3.214315e+00 
 1.100000e+01  3.223170e+00 
 1.101000e+01  3.231484e+00 
 1.102000e+01  3.239055e+00 
 1.103000e+01  3.244667e+00 
 1.104000e+01  3.248072e+00 
 1.105000e+01  3.249342e+00 
 1.106000e+01  3.248763e+00 
 1.107000e+01  3.246781e+00 
 1.108000e+01  3.240166e+00 
 1.109000e+01  3.217927e+00 
 1.110000e+01  3.155747e+00 
 1.111000e+01  3.080143e+00 
 1.112000e+01  2.984821e+00 
 1.113000e+01  3.360360e+00 
 1.114000e+01  3.415806e+00 
 1.115000e+01  3.061096e+00 
 1.116000e+01  3.013575e+00 
 1.117000e+01  2.970688e+00 
 1.118000e+01  2.526520e+00 
 1.119000e+01  2.124023e+00 
 1.120000e+01  1.976696e+00 
 1.121000e+01  1.900745e+00 
 1.122000e+01  1.802158e+00 
 1.123000e+01  1.631032e+00 
 1.124000e+01  1.363829e+00 
 1.125000e+01  1.237778e+00 
 1.126000e+01  1.179533e+00 
 1.127000e+01  1.134980e+00 
 1.128000e+01  1.105005e+00 
 1.129000e+01  1.084645e+00 
 1.130000e+01  1.072655e+00 
 1.131000e+01  1.069815e+00 
 1.132000e+01  1.073877e+00 
 1.133000e+01  1.083011e+00 
 1.134000e+01  1.097559e+00 
 1.135000e+01  1.115110e+00 
 1.136000e+01  1.134098e+00 
 1.137000e+01  1.154611e+00 
 1.138000e+01  1.176509e+00 
 1.139000e+01  1.198666e+00 
 1.140000e+01  1.220559e+00 
 1.141000e+01  1.241894e+00 
 1.142000e+01  1.261948e+00 
 1.143000e+01  1.280790e+00 
 1.144000e+01  1.297656e+00 
 1.145000e+01  1.309702e+00 
 1.146000e+01  1.315588e+00 
 1.147000e+01  1.315648e+00 
 1.148000e+01  1.310121e+00 
 1.149000e+01  1.300721e+00 
 1.150000e+01  1.288696e+00 
 1.151000e+01  1.273835e+00 
 1.152000e+01  1.257488e+00 
 1.153000e+01  1.239775e+00 
 1.154000e+01  1.224234e+00 
 1.155000e+01  1.223419e+00 
 1.156000e+01  1.248312e+00 
 1.157000e+01  1.277772e+00 
 1.158000e+01  1.287662e+00 
 1.159000e+01  1.290022e+00 
 1.160000e+01  1.293318e+00 
 1.161000e+01  1.300759e+00 
 1.162000e+01  1.304651e+00 
 1.163000e+01  1.305719e+00 
 1.164000e+01  1.311406e+00 
 1.165000e+01  1.311592e+00 
 1.166000e+01  1.310552e+00 
 1.167000e+01  1.306509e+00 
 1.168000e+01  1.298102e+00 
 1.169000e+01  1.285587e+00 
 1.170000e+01  1.270441e+00 
 1.171000e+01  1.255099e+00 
 1.172000e+01  1.239716e+00 
 1.173000e+01  1.224286e+00 
 1.174000e+01  1.207898e+00 
 1.175000e+01  1.189997e+00 
 1.176000e+01  1.171373e+00 
 1.177000e+01  1.152148e+00 
 1.178000e+01  1.133249e+00 
 1.179000e+01  1.115099e+00 
 1.180000e+01  1.097695e+00 
 1.181000e+01  1.081039e+00 
 1.182000e+01  1.065130e+00 
 1.183000e+01  1.049969e+00 
 1.184000e+01  1.035555e+00 
 1.185000e+01  1.021889e+00 
 1.186000e+01  1.008969e+00 
 1.187000e+01  9.967977e-01 
 1.188000e+01  9.853733e-01 
 1.189000e+01  9.746963e-01 
 1.190000e+01  9.647666e-01 
 1.191000e+01  9.555838e-01 
 1.192000e+01  9.471205e-01 
 1.193000e+01  9.393603e-01 
 1.194000e+01  9.319885e-01 
 1.195000e+01  9.247690e-01 
 1.196000e+01  9.176285e-01 
 1.197000e+01  9.104581e-01 
 1.198000e+01  9.031998e-01 
 1.199000e+01  8.951698e-01 
 1.200000e+01  8.859841e-01 
 1.201000e+01  8.712733e-01 
 1.202000e+01  8.539877e-01 
 1.203000e+01  8.354725e-01 
 1.204000e+01  8.158472e-01 
 1.205000e+01  7.957934e-01 
 1.206000e+01  7.761050e-01 
 1.207000e+01  7.568309e-01 
 1.208000e+01  7.379204e-01 
 1.209000e+01  7.191540e-01 
 1.210000e+01  7.004108e-01 
 1.211000e+01  6.818626e-01 
 1.212000e+01  6.632004e-01 
 1.213000e+01  6.441092e-01 
 1.214000e+01  6.249297e-01 
 1.215000e+01  6.063899e-01 
 1.216000e+01  5.885266e-01 
 1.217000e+01  5.717094e-01 
 1.218000e+01  5.567719e-01 
 1.219000e+01  5.438732e-01 
 1.220000e+01  5.330147e-01 
 1.221000e+01  5.241955e-01 
 1.222000e+01  5.174155e-01 
 1.223000e+01  5.126693e-01 
 1.224000e+01  5.099204e-01 
 1.225000e+01  5.091124e-01 
 1.226000e+01  5.102402e-01 
 1.227000e+01  5.129277e-01 
 1.228000e+01  5.158117e-01 
 1.229000e+01  5.187604e-01 
 1.230000e+01  5.217504e-01 
 1.231000e+01  5.247844e-01 
 1.232000e+01  5.279185e-01 
 1.233000e+01  5.311268e-01 
 1.234000e+01  5.343755e-01 
 1.235000e+01  5.323542e-01 
 1.236000e+01  5.196322e-01 
 1.237000e+01  5.035073e-01 
 1.238000e+01  4.878770e-01 
 1.239000e+01  4.731138e-01 
 1.240000e+01  4.592093e-01 
 1.241000e+01  4.461438e-01 
 1.242000e+01  4.337653e-01 
 1.243000e+01  4.219013e-01 
 1.244000e+01  4.105294e-01 
 1.245000e+01  3.996401e-01 
 1.246000e+01  3.892057e-01 
 1.247000e+01  3.791782e-01 
 1.248000e+01  3.695530e-01 
 1.249000e+01  3.603298e-01 
 1.250000e+01  3.515087e-01 
 1.251000e+01  3.430896e-01 
 1.252000e+01  3.350725e-01 
 1.253000e+01  3.274575e-01 
 1.254000e+01  3.202444e-01 
 1.255000e+01  3.134335e-01 
 1.256000e+01  3.070245e-01 
 1.257000e+01  3.010176e-01 
 1.258000e+01  2.954127e-01 
 1.259000e+01  2.902098e-01 
 1.260000e+01  2.854082e-01 
 1.261000e+01  2.809967e-01 
 1.262000e+01  2.769690e-01 
 1.263000e+01  2.733251e-01 
 1.264000e+01  2.696963e-01 
 1.265000e+01  2.651437e-01 
 1.266000e+01  2.596216e-01 
 1.267000e+01  2.531222e-01 
 1.268000e+01  2.456630e-01 
 1.269000e+01  2.372502e-01 
 1.270000e+01  2.278626e-01 
 1.271000e+01  2.174774e-01 
 1.272000e+01  2.037550e-01 
 1.273000e+01  1.177817e-01 
 1.274000e+01  8.840940e-02 
 1.275000e+01  6.393646e-02 
 1.276000e+01  4.545097e-02 
 1.277000e+01  3.298109e-02 
 1.278000e+01  2.628150e-02 
 1.279000e+01  2.298963e-02 
 1.280000e+01  2.016305e-02 
 1.281000e+01  1.767360e-02 
 1.282000e+01  1.550817e-02 
 1.283000e+01  1.359515e-02 
 1.284000e+01  1.190739e-02 
 1.285000e+01  1.036266e-02 
 1.286000e+01  8.939192e-03 
 1.287000e+01  7.633103e-03 
 1.288000e+01  6.444307e-03 
 1.289000e+01  5.372804e-03 
 1.290000e+01  4.418351e-03 
 1.291000e+01  3.578605e-03 
 1.292000e+01  2.852199e-03 
 1.293000e+01  2.232144e-03 
 1.294000e+01  1.705272e-03 
 1.295000e+01  1.255421e-03 
 1.296000e+01  8.799917e-04 
 1.297000e+01  5.789830e-04 
 1.298000e+01  3.512115e-04 
 1.299000e+01  1.888886e-04 
 1.300000e+01  8.982115e-05 
