calculation_mode = "Quench Electrons"
cell_relax = "False"
charge_density_mixing = "0.1"
charge_mixing_type = "Broyden"
description = "Example parameters for high-throughput bulk relaxation of a vdW material"
dos_broading = "0.05"
dos_method = "Gaussian"
energy_convergence_criterion = "1e-10"
energy_output_units = "Hartrees"
kohn_sham_mucycles = "3"
kohn_sham_solver = "davidson"
kpoint_mesh = "1 1 1"
localize_projectors = "False"
max_md_steps = "100"
max_scf_steps = "200"
non_local_block_size = "4000"
potential_acceleration_constant_step = "1.5"
processor_grid = "4 5 12"
rms_convergence_criterion = "1e-08"
scalapack_block_factor = "64"
start_mode = "LCAO Start"
state_block_size = "64"
stress = "True"
subdiag_driver = "scalapack"
use_async_allreduce = "False"
vdw_corr = "DFT-D3"
vdwdf_kernel_filepath = "/lustre/orion/world-shared/cph162/rjmorelock/rmgdft/XC/vdW_kernel_table"
wavefunction_grid = "128 154 378"
write_data_period = "50"

atomic_coordinate_type = "Absolute"
crds_units = "Angstrom"
lattice_units = "Angstrom"

lattice_vector = "
1.509735502215e+01 0.000000000000e+00 9.000000000000e-16
7.151378693933e+00 1.651540165713e+01 1.100000000000e-15
0.000000000000e+00 0.000000000000e+00 4.446241589303e+01
"
atoms = "
Nb 1.059372728266e+01 2.713168725228e+00 1.532833092694e+01 1 1 1 0.0 0.0 0.0
Nb 1.337481899717e+01 4.777593932370e+00 1.532833092694e+01 1 1 1 0.0 0.0 0.0
Nb 4.634245037107e+00 2.025026989514e+00 1.532833092694e+01 1 1 1 0.0 0.0 0.0
Nb 7.415336751618e+00 4.089452196656e+00 1.532833092694e+01 1 1 1 0.0 0.0 0.0
Nb 1.019642846613e+01 6.153877403798e+00 1.532833092694e+01 1 1 1 0.0 0.0 0.0
Nb 1.297752018064e+01 8.218302610939e+00 1.532833092694e+01 1 1 1 0.0 0.0 0.0
Nb 1.575861189515e+01 1.028272781808e+01 1.532833092694e+01 1 1 1 0.0 0.0 0.0
Nb 1.377211781371e+01 1.336885253800e+00 1.532833092694e+01 1 1 1 0.0 0.0 0.0
Nb 1.655320952822e+01 3.401310460942e+00 1.532833092694e+01 1 1 1 0.0 0.0 0.0
Nb 4.236946220574e+00 5.465735668084e+00 1.532833092694e+01 1 1 1 0.0 0.0 0.0
Nb 7.018037935085e+00 7.530160875226e+00 1.532833092694e+01 1 1 1 0.0 0.0 0.0
Nb 9.799129649596e+00 9.594586082367e+00 1.532833092694e+01 1 1 1 0.0 0.0 0.0
Nb 1.258022136411e+01 1.165901128951e+01 1.532833092694e+01 1 1 1 0.0 0.0 0.0
Nb 1.536131307862e+01 1.372343649665e+01 1.532833092694e+01 1 1 1 0.0 0.0 0.0
Nb 1.814240479313e+01 1.578786170379e+01 1.532833092694e+01 1 1 1 0.0 0.0 0.0
Nb 1.615591071168e+01 6.842019139512e+00 1.532833092694e+01 1 1 1 0.0 0.0 0.0
Nb 1.893700242619e+01 8.906444346653e+00 1.532833092694e+01 1 1 1 0.0 0.0 0.0
Nb 6.620739118552e+00 1.097086955380e+01 1.532833092694e+01 1 1 1 0.0 0.0 0.0
Nb 9.401830833063e+00 1.303529476094e+01 1.532833092694e+01 1 1 1 0.0 0.0 0.0
Nb 1.218292254757e+01 1.509971996808e+01 1.532833092694e+01 1 1 1 0.0 0.0 0.0
Nb 7.812635568151e+00 6.487435180865e-01 1.532833092694e+01 1 1 1 0.0 0.0 0.0
Nb 1.853970360966e+01 1.234715302522e+01 1.532833092694e+01 1 1 1 0.0 0.0 0.0
Nb 2.132079532417e+01 1.441157823236e+01 1.532833092694e+01 1 1 1 0.0 0.0 0.0
Nb 9.004532016530e+00 1.647600343951e+01 1.532833092694e+01 1 1 1 0.0 0.0 0.0
Nb 1.058870140197e+01 2.721588293569e+00 9.182088683320e+00 1 1 1 0.0 0.0 0.0
Nb 1.336979311649e+01 4.786013500711e+00 9.182088683320e+00 1 1 1 0.0 0.0 0.0
Nb 4.629219156420e+00 2.033446557855e+00 9.182088683320e+00 1 1 1 0.0 0.0 0.0
Nb 7.410310870931e+00 4.097871764997e+00 9.182088683320e+00 1 1 1 0.0 0.0 0.0
Nb 1.019140258544e+01 6.162296972139e+00 9.182088683320e+00 1 1 1 0.0 0.0 0.0
Nb 1.297249429995e+01 8.226722179281e+00 9.182088683320e+00 1 1 1 0.0 0.0 0.0
Nb 1.575358601446e+01 1.029114738642e+01 9.182088683320e+00 1 1 1 0.0 0.0 0.0
Nb 1.376709193302e+01 1.345304822142e+00 9.182088683320e+00 1 1 1 0.0 0.0 0.0
Nb 1.654818364753e+01 3.409730029283e+00 9.182088683320e+00 1 1 1 0.0 0.0 0.0
Nb 4.231920339887e+00 5.474155236425e+00 9.182088683320e+00 1 1 1 0.0 0.0 0.0
Nb 7.013012054398e+00 7.538580443567e+00 9.182088683320e+00 1 1 1 0.0 0.0 0.0
Nb 9.794103768908e+00 9.603005650708e+00 9.182088683320e+00 1 1 1 0.0 0.0 0.0
Nb 1.257519548342e+01 1.166743085785e+01 9.182088683320e+00 1 1 1 0.0 0.0 0.0
Nb 1.535628719793e+01 1.373185606499e+01 9.182088683320e+00 1 1 1 0.0 0.0 0.0
Nb 1.813737891244e+01 1.579628127213e+01 9.182088683320e+00 1 1 1 0.0 0.0 0.0
Nb 1.615088483100e+01 6.850438707853e+00 9.182088683320e+00 1 1 1 0.0 0.0 0.0
Nb 1.893197654551e+01 8.914863914994e+00 9.182088683320e+00 1 1 1 0.0 0.0 0.0
Nb 6.615713237865e+00 1.097928912214e+01 9.182088683320e+00 1 1 1 0.0 0.0 0.0
Nb 9.396804952375e+00 1.304371432928e+01 9.182088683320e+00 1 1 1 0.0 0.0 0.0
Nb 1.217789666689e+01 1.510813953642e+01 9.182088683320e+00 1 1 1 0.0 0.0 0.0
Nb 7.807609687464e+00 6.571630864277e-01 9.182088683320e+00 1 1 1 0.0 0.0 0.0
Nb 1.853467772897e+01 1.235557259356e+01 9.182088683320e+00 1 1 1 0.0 0.0 0.0
Nb 2.131576944348e+01 1.441999780071e+01 9.182088683320e+00 1 1 1 0.0 0.0 0.0
Nb 8.999506135842e+00 1.648442300785e+01 9.182088683320e+00 1 1 1 0.0 0.0 0.0
Bi 1.034980123676e+01 1.259055886762e+01 3.532095071834e+01 1 1 1 0.0 0.0 0.0
Bi 1.436953043775e+01 1.161906465250e+01 3.532095071834e+01 1 1 1 0.0 0.0 0.0
Bi 1.838925963874e+01 1.064757043737e+01 3.532095071834e+01 1 1 1 0.0 0.0 0.0
Bi 7.311633817575e+00 9.676076222247e+00 3.532095071834e+01 1 1 1 0.0 0.0 0.0
Bi 1.133136301857e+01 8.704582007122e+00 3.532095071834e+01 1 1 1 0.0 0.0 0.0
Bi 1.535109221956e+01 7.733087791996e+00 3.532095071834e+01 1 1 1 0.0 0.0 0.0
Bi 4.273466398393e+00 6.761593576871e+00 3.532095071834e+01 1 1 1 0.0 0.0 0.0
Bi 8.293195599383e+00 5.790099361745e+00 3.532095071834e+01 1 1 1 0.0 0.0 0.0
Bi 1.231292480037e+01 4.818605146620e+00 3.532095071834e+01 1 1 1 0.0 0.0 0.0
Bi 1.633265400136e+01 3.847110931494e+00 3.532095071834e+01 1 1 1 0.0 0.0 0.0
Bi 5.255028180200e+00 2.875616716369e+00 3.532095071834e+01 1 1 1 0.0 0.0 0.0
Bi 9.274757381190e+00 1.904122501243e+00 3.532095071834e+01 1 1 1 0.0 0.0 0.0
Bi 1.329448658218e+01 9.326282861178e-01 3.532095071834e+01 1 1 1 0.0 0.0 0.0
Bi 9.368239454951e+00 1.647653572813e+01 3.532095071834e+01 1 1 1 0.0 0.0 0.0
Bi 1.338796865594e+01 1.550504151300e+01 3.532095071834e+01 1 1 1 0.0 0.0 0.0
Bi 1.740769785693e+01 1.453354729787e+01 3.532095071834e+01 1 1 1 0.0 0.0 0.0
Bi 6.330072035768e+00 1.356205308275e+01 3.532095071834e+01 1 1 1 0.0 0.0 0.0
Bi 8.016220102045e+00 1.197311339459e+01 3.133430771007e+01 1 1 1 0.0 0.0 0.0
Bi 1.203594930304e+01 1.100161917946e+01 3.133430771007e+01 1 1 1 0.0 0.0 0.0
Bi 1.605567850403e+01 1.003012496434e+01 3.133430771007e+01 1 1 1 0.0 0.0 0.0
Bi 4.978052682863e+00 9.058630749211e+00 3.133430771007e+01 1 1 1 0.0 0.0 0.0
Bi 8.997781883853e+00 8.087136534086e+00 3.133430771007e+01 1 1 1 0.0 0.0 0.0
Bi 1.301751108484e+01 7.115642318960e+00 3.133430771007e+01 1 1 1 0.0 0.0 0.0
Bi 1.703724028583e+01 6.144148103835e+00 3.133430771007e+01 1 1 1 0.0 0.0 0.0
Bi 5.959614464670e+00 5.172653888709e+00 3.133430771007e+01 1 1 1 0.0 0.0 0.0
Bi 9.979343665660e+00 4.201159673584e+00 3.133430771007e+01 1 1 1 0.0 0.0 0.0
Bi 1.399907286665e+01 3.229665458458e+00 3.133430771007e+01 1 1 1 0.0 0.0 0.0
Bi 2.921447045488e+00 2.258171243333e+00 3.133430771007e+01 1 1 1 0.0 0.0 0.0
Bi 6.941176246478e+00 1.286677028207e+00 3.133430771007e+01 1 1 1 0.0 0.0 0.0
Bi 1.096090544747e+01 3.151828130817e-01 3.133430771007e+01 1 1 1 0.0 0.0 0.0
Bi 7.034658320238e+00 1.585909025509e+01 3.133430771007e+01 1 1 1 0.0 0.0 0.0
Bi 1.105438752123e+01 1.488759603996e+01 3.133430771007e+01 1 1 1 0.0 0.0 0.0
Bi 1.507411672222e+01 1.391610182484e+01 3.133430771007e+01 1 1 1 0.0 0.0 0.0
Bi 1.909384592321e+01 1.294460760971e+01 3.133430771007e+01 1 1 1 0.0 0.0 0.0
Bi 7.983781478257e+00 1.202961863946e+01 2.529282906773e+01 1 1 1 0.0 0.0 0.0
Bi 1.200351067925e+01 1.105812442433e+01 2.529282906773e+01 1 1 1 0.0 0.0 0.0
Bi 1.602323988024e+01 1.008663020921e+01 2.529282906773e+01 1 1 1 0.0 0.0 0.0
Bi 4.945614059074e+00 9.115135994081e+00 2.529282906773e+01 1 1 1 0.0 0.0 0.0
Bi 8.965343260064e+00 8.143641778955e+00 2.529282906773e+01 1 1 1 0.0 0.0 0.0
Bi 1.298507246105e+01 7.172147563830e+00 2.529282906773e+01 1 1 1 0.0 0.0 0.0
Bi 1.700480166204e+01 6.200653348704e+00 2.529282906773e+01 1 1 1 0.0 0.0 0.0
Bi 5.927175840881e+00 5.229159133579e+00 2.529282906773e+01 1 1 1 0.0 0.0 0.0
Bi 9.946905041871e+00 4.257664918453e+00 2.529282906773e+01 1 1 1 0.0 0.0 0.0
Bi 1.396663424286e+01 3.286170703328e+00 2.529282906773e+01 1 1 1 0.0 0.0 0.0
Bi 2.889008421699e+00 2.314676488202e+00 2.529282906773e+01 1 1 1 0.0 0.0 0.0
Bi 6.908737622689e+00 1.343182273077e+00 2.529282906773e+01 1 1 1 0.0 0.0 0.0
Bi 1.092846682368e+01 3.716880579511e-01 2.529282906773e+01 1 1 1 0.0 0.0 0.0
Bi 7.002219696449e+00 1.591559549996e+01 2.529282906773e+01 1 1 1 0.0 0.0 0.0
Bi 1.102194889744e+01 1.494410128483e+01 2.529282906773e+01 1 1 1 0.0 0.0 0.0
Bi 1.504167809843e+01 1.397260706971e+01 2.529282906773e+01 1 1 1 0.0 0.0 0.0
Bi 1.906140729942e+01 1.300111285458e+01 2.529282906773e+01 1 1 1 0.0 0.0 0.0
Bi 1.270964185789e+01 1.333225768635e+01 2.132110864621e+01 1 1 1 0.0 0.0 0.0
Bi 1.672937105888e+01 1.236076347123e+01 2.132110864621e+01 1 1 1 0.0 0.0 0.0
Bi 5.651745237716e+00 1.138926925610e+01 2.132110864621e+01 1 1 1 0.0 0.0 0.0
Bi 9.671474438706e+00 1.041777504098e+01 2.132110864621e+01 1 1 1 0.0 0.0 0.0
Bi 1.369120363970e+01 9.446280825850e+00 2.132110864621e+01 1 1 1 0.0 0.0 0.0
Bi 1.771093284069e+01 8.474786610725e+00 2.132110864621e+01 1 1 1 0.0 0.0 0.0
Bi 6.633307019523e+00 7.503292395599e+00 2.132110864621e+01 1 1 1 0.0 0.0 0.0
Bi 1.065303622051e+01 6.531798180474e+00 2.132110864621e+01 1 1 1 0.0 0.0 0.0
Bi 1.467276542150e+01 5.560303965348e+00 2.132110864621e+01 1 1 1 0.0 0.0 0.0
Bi 3.595139600341e+00 4.588809750223e+00 2.132110864621e+01 1 1 1 0.0 0.0 0.0
Bi 7.614868801331e+00 3.617315535097e+00 2.132110864621e+01 1 1 1 0.0 0.0 0.0
Bi 1.163459800232e+01 2.645821319972e+00 2.132110864621e+01 1 1 1 0.0 0.0 0.0
Bi 1.565432720331e+01 1.674327104846e+00 2.132110864621e+01 1 1 1 0.0 0.0 0.0
Bi 4.576701382148e+00 7.028328897208e-01 2.132110864621e+01 1 1 1 0.0 0.0 0.0
Bi 1.574780927707e+01 1.624674033173e+01 2.132110864621e+01 1 1 1 0.0 0.0 0.0
Bi 1.976753847806e+01 1.527524611660e+01 2.132110864621e+01 1 1 1 0.0 0.0 0.0
Bi 8.689912656898e+00 1.430375190148e+01 2.132110864621e+01 1 1 1 0.0 0.0 0.0
Se 9.793540538429e+00 8.865646845215e-01 7.500000000000e+00 1 1 1 0.0 0.0 0.0
Se 1.257463225294e+01 2.950989891663e+00 7.500000000000e+00 1 1 1 0.0 0.0 0.0
Se 3.834058292875e+00 1.984229488076e-01 7.500000000000e+00 1 1 1 0.0 0.0 0.0
Se 6.615150007385e+00 2.262848155949e+00 7.500000000000e+00 1 1 1 0.0 0.0 0.0
Se 9.396241721896e+00 4.327273363091e+00 7.500000000000e+00 1 1 1 0.0 0.0 0.0
Se 1.217733343641e+01 6.391698570233e+00 7.500000000000e+00 1 1 1 0.0 0.0 0.0
Se 1.495842515092e+01 8.456123777374e+00 7.500000000000e+00 1 1 1 0.0 0.0 0.0
Se 2.012330976341e+01 1.602568287023e+01 7.500000000000e+00 1 1 1 0.0 0.0 0.0
Se 1.575302278398e+01 1.574706420235e+00 7.500000000000e+00 1 1 1 0.0 0.0 0.0
Se 3.436759476342e+00 3.639131627377e+00 7.500000000000e+00 1 1 1 0.0 0.0 0.0
Se 6.217851190852e+00 5.703556834519e+00 7.500000000000e+00 1 1 1 0.0 0.0 0.0
Se 8.998942905363e+00 7.767982041661e+00 7.500000000000e+00 1 1 1 0.0 0.0 0.0
Se 1.178003461987e+01 9.832407248802e+00 7.500000000000e+00 1 1 1 0.0 0.0 0.0
Se 1.456112633438e+01 1.189683245594e+01 7.500000000000e+00 1 1 1 0.0 0.0 0.0
Se 1.734221804889e+01 1.396125766309e+01 7.500000000000e+00 1 1 1 0.0 0.0 0.0
Se 1.535572396745e+01 5.015415098805e+00 7.500000000000e+00 1 1 1 0.0 0.0 0.0
Se 1.813681568196e+01 7.079840305947e+00 7.500000000000e+00 1 1 1 0.0 0.0 0.0
Se 5.820552374319e+00 9.144265513088e+00 7.500000000000e+00 1 1 1 0.0 0.0 0.0
Se 8.601644088830e+00 1.120869072023e+01 7.500000000000e+00 1 1 1 0.0 0.0 0.0
Se 1.138273580334e+01 1.327311592737e+01 7.500000000000e+00 1 1 1 0.0 0.0 0.0
Se 1.416382751785e+01 1.533754113451e+01 7.500000000000e+00 1 1 1 0.0 0.0 0.0
Se 1.773951686543e+01 1.052054898452e+01 7.500000000000e+00 1 1 1 0.0 0.0 0.0
Se 2.052060857994e+01 1.258497419166e+01 7.500000000000e+00 1 1 1 0.0 0.0 0.0
Se 8.204345272297e+00 1.464939939880e+01 7.500000000000e+00 1 1 1 0.0 0.0 0.0
Se 1.178534277740e+01 1.107437886161e+00 1.364602824434e+01 1 1 1 0.0 0.0 0.0
Se 1.456643449191e+01 3.171863093303e+00 1.364602824434e+01 1 1 1 0.0 0.0 0.0
Se 5.825860531841e+00 4.192961504475e-01 1.364602824434e+01 1 1 1 0.0 0.0 0.0
Se 8.606952246352e+00 2.483721357589e+00 1.364602824434e+01 1 1 1 0.0 0.0 0.0
Se 1.138804396086e+01 4.548146564731e+00 1.364602824434e+01 1 1 1 0.0 0.0 0.0
Se 1.416913567537e+01 6.612571771873e+00 1.364602824434e+01 1 1 1 0.0 0.0 0.0
Se 1.695022738988e+01 8.676996979014e+00 1.364602824434e+01 1 1 1 0.0 0.0 0.0
Se 2.211511200237e+01 1.624655607187e+01 1.364602824434e+01 1 1 1 0.0 0.0 0.0
Se 2.647470000798e+00 1.795579621875e+00 1.364602824434e+01 1 1 1 0.0 0.0 0.0
Se 5.428561715308e+00 3.860004829017e+00 1.364602824434e+01 1 1 1 0.0 0.0 0.0
Se 8.209653429819e+00 5.924430036159e+00 1.364602824434e+01 1 1 1 0.0 0.0 0.0
Se 1.099074514433e+01 7.988855243300e+00 1.364602824434e+01 1 1 1 0.0 0.0 0.0
Se 1.377183685884e+01 1.005328045044e+01 1.364602824434e+01 1 1 1 0.0 0.0 0.0
Se 1.655292857335e+01 1.211770565758e+01 1.364602824434e+01 1 1 1 0.0 0.0 0.0
Se 1.933402028786e+01 1.418213086473e+01 1.364602824434e+01 1 1 1 0.0 0.0 0.0
Se 1.734752620642e+01 5.236288300445e+00 1.364602824434e+01 1 1 1 0.0 0.0 0.0
Se 5.031262898775e+00 7.300713507586e+00 1.364602824434e+01 1 1 1 0.0 0.0 0.0
Se 7.812354613286e+00 9.365138714728e+00 1.364602824434e+01 1 1 1 0.0 0.0 0.0
Se 1.059344632780e+01 1.142956392187e+01 1.364602824434e+01 1 1 1 0.0 0.0 0.0
Se 1.337453804231e+01 1.349398912901e+01 1.364602824434e+01 1 1 1 0.0 0.0 0.0
Se 1.615562975682e+01 1.555841433615e+01 1.364602824434e+01 1 1 1 0.0 0.0 0.0
Se 1.973131910439e+01 1.074142218616e+01 1.364602824434e+01 1 1 1 0.0 0.0 0.0
Se 7.415055796753e+00 1.280584739330e+01 1.364602824434e+01 1 1 1 0.0 0.0 0.0
Se 1.019614751126e+01 1.487027260044e+01 1.364602824434e+01 1 1 1 0.0 0.0 0.0
Se 9.794402069409e+00 8.859197366349e-01 1.086443756309e+01 1 1 1 0.0 0.0 0.0
Se 1.257549378392e+01 2.950344943777e+00 1.086443756309e+01 1 1 1 0.0 0.0 0.0
Se 3.834919823855e+00 1.977780009210e-01 1.086443756309e+01 1 1 1 0.0 0.0 0.0
Se 6.616011538366e+00 2.262203208063e+00 1.086443756309e+01 1 1 1 0.0 0.0 0.0
Se 9.397103252876e+00 4.326628415204e+00 1.086443756309e+01 1 1 1 0.0 0.0 0.0
Se 1.217819496739e+01 6.391053622346e+00 1.086443756309e+01 1 1 1 0.0 0.0 0.0
Se 1.495928668190e+01 8.455478829488e+00 1.086443756309e+01 1 1 1 0.0 0.0 0.0
Se 2.012417129439e+01 1.602503792234e+01 1.086443756309e+01 1 1 1 0.0 0.0 0.0
Se 1.575388431496e+01 1.574061472349e+00 1.086443756309e+01 1 1 1 0.0 0.0 0.0
Se 3.437621007322e+00 3.638486679490e+00 1.086443756309e+01 1 1 1 0.0 0.0 0.0
Se 6.218712721833e+00 5.702911886632e+00 1.086443756309e+01 1 1 1 0.0 0.0 0.0
Se 8.999804436343e+00 7.767337093774e+00 1.086443756309e+01 1 1 1 0.0 0.0 0.0
Se 1.178089615085e+01 9.831762300916e+00 1.086443756309e+01 1 1 1 0.0 0.0 0.0
Se 1.456198786536e+01 1.189618750806e+01 1.086443756309e+01 1 1 1 0.0 0.0 0.0
Se 1.734307957988e+01 1.396061271520e+01 1.086443756309e+01 1 1 1 0.0 0.0 0.0
Se 1.535658549843e+01 5.014770150918e+00 1.086443756309e+01 1 1 1 0.0 0.0 0.0
Se 1.813767721294e+01 7.079195358060e+00 1.086443756309e+01 1 1 1 0.0 0.0 0.0
Se 5.821413905299e+00 9.143620565202e+00 1.086443756309e+01 1 1 1 0.0 0.0 0.0
Se 8.602505619810e+00 1.120804577234e+01 1.086443756309e+01 1 1 1 0.0 0.0 0.0
Se 1.138359733432e+01 1.327247097949e+01 1.086443756309e+01 1 1 1 0.0 0.0 0.0
Se 1.416468904883e+01 1.533689618663e+01 1.086443756309e+01 1 1 1 0.0 0.0 0.0
Se 1.774037839641e+01 1.051990403663e+01 1.086443756309e+01 1 1 1 0.0 0.0 0.0
Se 2.052147011092e+01 1.258432924377e+01 1.086443756309e+01 1 1 1 0.0 0.0 0.0
Se 8.205206803277e+00 1.464875445091e+01 1.086443756309e+01 1 1 1 0.0 0.0 0.0
Se 1.178628489134e+01 1.106956530354e+00 1.701046802998e+01 1 1 1 0.0 0.0 0.0
Se 1.456737660585e+01 3.171381737496e+00 1.701046802998e+01 1 1 1 0.0 0.0 0.0
Se 5.826802645782e+00 4.188147946399e-01 1.701046802998e+01 1 1 1 0.0 0.0 0.0
Se 8.607894360293e+00 2.483240001782e+00 1.701046802998e+01 1 1 1 0.0 0.0 0.0
Se 1.138898607480e+01 4.547665208923e+00 1.701046802998e+01 1 1 1 0.0 0.0 0.0
Se 1.417007778931e+01 6.612090416065e+00 1.701046802998e+01 1 1 1 0.0 0.0 0.0
Se 1.695116950382e+01 8.676515623207e+00 1.701046802998e+01 1 1 1 0.0 0.0 0.0
Se 2.211605411631e+01 1.624607471606e+01 1.701046802998e+01 1 1 1 0.0 0.0 0.0
Se 2.648412114738e+00 1.795098266068e+00 1.701046802998e+01 1 1 1 0.0 0.0 0.0
Se 5.429503829249e+00 3.859523473209e+00 1.701046802998e+01 1 1 1 0.0 0.0 0.0
Se 8.210595543760e+00 5.923948680351e+00 1.701046802998e+01 1 1 1 0.0 0.0 0.0
Se 1.099168725827e+01 7.988373887493e+00 1.701046802998e+01 1 1 1 0.0 0.0 0.0
Se 1.377277897278e+01 1.005279909463e+01 1.701046802998e+01 1 1 1 0.0 0.0 0.0
Se 1.655387068729e+01 1.211722430178e+01 1.701046802998e+01 1 1 1 0.0 0.0 0.0
Se 1.933496240180e+01 1.418164950892e+01 1.701046802998e+01 1 1 1 0.0 0.0 0.0
Se 1.734846832036e+01 5.235806944637e+00 1.701046802998e+01 1 1 1 0.0 0.0 0.0
Se 5.032205012716e+00 7.300232151779e+00 1.701046802998e+01 1 1 1 0.0 0.0 0.0
Se 7.813296727227e+00 9.364657358921e+00 1.701046802998e+01 1 1 1 0.0 0.0 0.0
Se 1.059438844174e+01 1.142908256606e+01 1.701046802998e+01 1 1 1 0.0 0.0 0.0
Se 1.337548015625e+01 1.349350777320e+01 1.701046802998e+01 1 1 1 0.0 0.0 0.0
Se 1.615657187076e+01 1.555793298035e+01 1.701046802998e+01 1 1 1 0.0 0.0 0.0
Se 1.973226121834e+01 1.074094083035e+01 1.701046802998e+01 1 1 1 0.0 0.0 0.0
Se 7.415997910694e+00 1.280536603749e+01 1.701046802998e+01 1 1 1 0.0 0.0 0.0
Se 1.019708962520e+01 1.486979124463e+01 1.701046802998e+01 1 1 1 0.0 0.0 0.0
Se 7.985251714065e+00 1.194010065393e+01 3.696241589303e+01 1 1 1 0.0 0.0 0.0
Se 1.200498091505e+01 1.096860643880e+01 3.696241589303e+01 1 1 1 0.0 0.0 0.0
Se 1.602471011604e+01 9.997112223678e+00 3.696241589303e+01 1 1 1 0.0 0.0 0.0
Se 4.947084294882e+00 9.025618008553e+00 3.696241589303e+01 1 1 1 0.0 0.0 0.0
Se 8.966813495872e+00 8.054123793427e+00 3.696241589303e+01 1 1 1 0.0 0.0 0.0
Se 1.298654269686e+01 7.082629578302e+00 3.696241589303e+01 1 1 1 0.0 0.0 0.0
Se 1.700627189785e+01 6.111135363176e+00 3.696241589303e+01 1 1 1 0.0 0.0 0.0
Se 5.928646076690e+00 5.139641148051e+00 3.696241589303e+01 1 1 1 0.0 0.0 0.0
Se 9.948375277680e+00 4.168146932925e+00 3.696241589303e+01 1 1 1 0.0 0.0 0.0
Se 1.396810447867e+01 3.196652717800e+00 3.696241589303e+01 1 1 1 0.0 0.0 0.0
Se 2.890478657507e+00 2.225158502674e+00 3.696241589303e+01 1 1 1 0.0 0.0 0.0
Se 6.910207858497e+00 1.253664287549e+00 3.696241589303e+01 1 1 1 0.0 0.0 0.0
Se 1.092993705949e+01 2.821700724232e-01 3.696241589303e+01 1 1 1 0.0 0.0 0.0
Se 7.003689932257e+00 1.582607751443e+01 3.696241589303e+01 1 1 1 0.0 0.0 0.0
Se 1.102341913325e+01 1.485458329931e+01 3.696241589303e+01 1 1 1 0.0 0.0 0.0
Se 1.504314833424e+01 1.388308908418e+01 3.696241589303e+01 1 1 1 0.0 0.0 0.0
Se 1.906287753523e+01 1.291159486905e+01 3.696241589303e+01 1 1 1 0.0 0.0 0.0
Se 1.272518367836e+01 1.325088335473e+01 3.332483142763e+01 1 1 1 0.0 0.0 0.0
Se 1.674491287935e+01 1.227938913960e+01 3.332483142763e+01 1 1 1 0.0 0.0 0.0
Se 5.667287058188e+00 1.130789492448e+01 3.332483142763e+01 1 1 1 0.0 0.0 0.0
Se 9.687016259178e+00 1.033640070935e+01 3.332483142763e+01 1 1 1 0.0 0.0 0.0
Se 1.370674546017e+01 9.364906494224e+00 3.332483142763e+01 1 1 1 0.0 0.0 0.0
Se 1.772647466116e+01 8.393412279099e+00 3.332483142763e+01 1 1 1 0.0 0.0 0.0
Se 6.648848839996e+00 7.421918063973e+00 3.332483142763e+01 1 1 1 0.0 0.0 0.0
Se 1.066857804099e+01 6.450423848848e+00 3.332483142763e+01 1 1 1 0.0 0.0 0.0
Se 1.468830724198e+01 5.478929633722e+00 3.332483142763e+01 1 1 1 0.0 0.0 0.0
Se 3.610681420813e+00 4.507435418597e+00 3.332483142763e+01 1 1 1 0.0 0.0 0.0
Se 7.630410621803e+00 3.535941203471e+00 3.332483142763e+01 1 1 1 0.0 0.0 0.0
Se 1.165013982279e+01 2.564446988346e+00 3.332483142763e+01 1 1 1 0.0 0.0 0.0
Se 1.566986902378e+01 1.592952773220e+00 3.332483142763e+01 1 1 1 0.0 0.0 0.0
Se 4.592243202621e+00 6.214585580945e-01 3.332483142763e+01 1 1 1 0.0 0.0 0.0
Se 1.576335109754e+01 1.616536600010e+01 3.332483142763e+01 1 1 1 0.0 0.0 0.0
Se 1.978308029853e+01 1.519387178498e+01 3.332483142763e+01 1 1 1 0.0 0.0 0.0
Se 8.705454477371e+00 1.422237756985e+01 3.332483142763e+01 1 1 1 0.0 0.0 0.0
Se 1.036114038863e+01 1.260888410493e+01 2.969131231352e+01 1 1 1 0.0 0.0 0.0
Se 1.438086958962e+01 1.163738988980e+01 2.969131231352e+01 1 1 1 0.0 0.0 0.0
Se 1.840059879061e+01 1.066589567467e+01 2.969131231352e+01 1 1 1 0.0 0.0 0.0
Se 7.322972969446e+00 9.694401459549e+00 2.969131231352e+01 1 1 1 0.0 0.0 0.0
Se 1.134270217044e+01 8.722907244424e+00 2.969131231352e+01 1 1 1 0.0 0.0 0.0
Se 1.536243137143e+01 7.751413029298e+00 2.969131231352e+01 1 1 1 0.0 0.0 0.0
Se 4.284805550263e+00 6.779918814173e+00 2.969131231352e+01 1 1 1 0.0 0.0 0.0
Se 8.304534751253e+00 5.808424599047e+00 2.969131231352e+01 1 1 1 0.0 0.0 0.0
Se 1.232426395224e+01 4.836930383922e+00 2.969131231352e+01 1 1 1 0.0 0.0 0.0
Se 1.634399315323e+01 3.865436168796e+00 2.969131231352e+01 1 1 1 0.0 0.0 0.0
Se 5.266367332071e+00 2.893941953671e+00 2.969131231352e+01 1 1 1 0.0 0.0 0.0
Se 9.286096533061e+00 1.922447738545e+00 2.969131231352e+01 1 1 1 0.0 0.0 0.0
Se 1.330582573405e+01 9.509535234196e-01 2.969131231352e+01 1 1 1 0.0 0.0 0.0
Se 9.379578606821e+00 1.649486096543e+01 2.969131231352e+01 1 1 1 0.0 0.0 0.0
Se 1.339930780781e+01 1.552336675030e+01 2.969131231352e+01 1 1 1 0.0 0.0 0.0
Se 1.741903700880e+01 1.455187253518e+01 2.969131231352e+01 1 1 1 0.0 0.0 0.0
Se 6.341411187638e+00 1.358037832005e+01 2.969131231352e+01 1 1 1 0.0 0.0 0.0
Se 1.271179665331e+01 1.332889613255e+01 2.692457590224e+01 1 1 1 0.0 0.0 0.0
Se 1.673152585430e+01 1.235740191742e+01 2.692457590224e+01 1 1 1 0.0 0.0 0.0
Se 5.653900033142e+00 1.138590770230e+01 2.692457590224e+01 1 1 1 0.0 0.0 0.0
Se 9.673629234132e+00 1.041441348717e+01 2.692457590224e+01 1 1 1 0.0 0.0 0.0
Se 1.369335843512e+01 9.442919272045e+00 2.692457590224e+01 1 1 1 0.0 0.0 0.0
Se 1.771308763611e+01 8.471425056919e+00 2.692457590224e+01 1 1 1 0.0 0.0 0.0
Se 6.635461814949e+00 7.499930841794e+00 2.692457590224e+01 1 1 1 0.0 0.0 0.0
Se 1.065519101594e+01 6.528436626668e+00 2.692457590224e+01 1 1 1 0.0 0.0 0.0
Se 1.467492021693e+01 5.556942411543e+00 2.692457590224e+01 1 1 1 0.0 0.0 0.0
Se 3.597294395767e+00 4.585448196417e+00 2.692457590224e+01 1 1 1 0.0 0.0 0.0
Se 7.617023596757e+00 3.613953981292e+00 2.692457590224e+01 1 1 1 0.0 0.0 0.0
Se 1.163675279775e+01 2.642459766166e+00 2.692457590224e+01 1 1 1 0.0 0.0 0.0
Se 1.565648199874e+01 1.670965551041e+00 2.692457590224e+01 1 1 1 0.0 0.0 0.0
Se 4.578856177574e+00 6.994713359151e-01 2.692457590224e+01 1 1 1 0.0 0.0 0.0
Se 1.574996407250e+01 1.624337877792e+01 2.692457590224e+01 1 1 1 0.0 0.0 0.0
Se 1.976969327349e+01 1.527188456280e+01 2.692457590224e+01 1 1 1 0.0 0.0 0.0
Se 8.692067452325e+00 1.430039034767e+01 2.692457590224e+01 1 1 1 0.0 0.0 0.0
Se 1.033978587446e+01 1.268452840950e+01 2.330671355540e+01 1 1 1 0.0 0.0 0.0
Se 1.435951507545e+01 1.171303419437e+01 2.330671355540e+01 1 1 1 0.0 0.0 0.0
Se 1.837924427644e+01 1.074153997924e+01 2.330671355540e+01 1 1 1 0.0 0.0 0.0
Se 7.301618455275e+00 9.770045764119e+00 2.330671355540e+01 1 1 1 0.0 0.0 0.0
Se 1.132134765626e+01 8.798551548993e+00 2.330671355540e+01 1 1 1 0.0 0.0 0.0
Se 1.534107685725e+01 7.827057333868e+00 2.330671355540e+01 1 1 1 0.0 0.0 0.0
Se 4.263451036092e+00 6.855563118742e+00 2.330671355540e+01 1 1 1 0.0 0.0 0.0
Se 8.283180237082e+00 5.884068903617e+00 2.330671355540e+01 1 1 1 0.0 0.0 0.0
Se 1.230290943807e+01 4.912574688491e+00 2.330671355540e+01 1 1 1 0.0 0.0 0.0
Se 1.632263863906e+01 3.941080473366e+00 2.330671355540e+01 1 1 1 0.0 0.0 0.0
Se 5.245012817900e+00 2.969586258240e+00 2.330671355540e+01 1 1 1 0.0 0.0 0.0
Se 9.264742018890e+00 1.998092043115e+00 2.330671355540e+01 1 1 1 0.0 0.0 0.0
Se 1.328447121988e+01 1.026597827989e+00 2.330671355540e+01 1 1 1 0.0 0.0 0.0
Se 2.206845398717e+00 5.510361286366e-02 2.330671355540e+01 1 1 1 0.0 0.0 0.0
Se 1.337795329364e+01 1.559901105487e+01 2.330671355540e+01 1 1 1 0.0 0.0 0.0
Se 1.739768249463e+01 1.462751683975e+01 2.330671355540e+01 1 1 1 0.0 0.0 0.0
Se 6.320056673467e+00 1.365602262462e+01 2.330671355540e+01 1 1 1 0.0 0.0 0.0
Se 7.976143132695e+00 1.202805045244e+01 1.968357859229e+01 1 1 1 0.0 0.0 0.0
Se 1.199587233368e+01 1.105655623732e+01 1.968357859229e+01 1 1 1 0.0 0.0 0.0
Se 1.601560153467e+01 1.008506202219e+01 1.968357859229e+01 1 1 1 0.0 0.0 0.0
Se 4.937975713512e+00 9.113567807068e+00 1.968357859229e+01 1 1 1 0.0 0.0 0.0
Se 8.957704914502e+00 8.142073591942e+00 1.968357859229e+01 1 1 1 0.0 0.0 0.0
Se 1.297743411549e+01 7.170579376817e+00 1.968357859229e+01 1 1 1 0.0 0.0 0.0
Se 1.699716331648e+01 6.199085161691e+00 1.968357859229e+01 1 1 1 0.0 0.0 0.0
Se 5.919537495320e+00 5.227590946566e+00 1.968357859229e+01 1 1 1 0.0 0.0 0.0
Se 9.939266696310e+00 4.256096731440e+00 1.968357859229e+01 1 1 1 0.0 0.0 0.0
Se 1.395899589730e+01 3.284602516315e+00 1.968357859229e+01 1 1 1 0.0 0.0 0.0
Se 2.881370076137e+00 2.313108301189e+00 1.968357859229e+01 1 1 1 0.0 0.0 0.0
Se 6.901099277127e+00 1.341614086064e+00 1.968357859229e+01 1 1 1 0.0 0.0 0.0
Se 1.092082847812e+01 3.701198709381e-01 1.968357859229e+01 1 1 1 0.0 0.0 0.0
Se 6.994581350887e+00 1.591402731295e+01 1.968357859229e+01 1 1 1 0.0 0.0 0.0
Se 1.101431055188e+01 1.494253309782e+01 1.968357859229e+01 1 1 1 0.0 0.0 0.0
Se 1.503403975287e+01 1.397103888270e+01 1.968357859229e+01 1 1 1 0.0 0.0 0.0
Se 1.905376895386e+01 1.299954466757e+01 1.968357859229e+01 1 1 1 0.0 0.0 0.0
"