calculation_mode = "Quench Electrons"
cell_relax = "False"
charge_density_mixing = "0.15"
charge_mixing_type = "Broyden"
description = "Example parameters for high-throughput bulk relaxation of a vdW material"
dipole_moment = "True"
dos_broading = "0.05"
dos_method = "Gaussian"
energy_convergence_criterion = "1e-08"
energy_output_units = "Hartrees"
kohn_sham_mucycles = "3"
kohn_sham_solver = "davidson"
kpoint_distribution = "1"
kpoint_mesh = "1 1 1"
localize_projectors = "False"
max_md_steps = "100"
max_scf_steps = "200"
non_local_block_size = "4000"
output_wave_function_file = "/dev/null"
potential_acceleration_constant_step = "1.5"
processor_grid = "6 10 16"
rms_convergence_criterion = "1e-08"
scalapack_block_factor = "64"
start_mode = "LCAO Start"
state_block_size = "64"
stress = "True"
subdiag_driver = "scalapack"
test_energy_tolerance = "1e-05"
use_async_allreduce = "False"
vdw_corr = "DFT-D3"
vdwdf_kernel_filepath = "/lustre/orion/world-shared/cph162/rjmorelock/rmgdft/XC/vdW_kernel_table"
wavefunction_grid = "156 270 426"
write_data_period = "50"

atomic_coordinate_type = "Absolute"
crds_units = "Angstrom"
lattice_units = "Angstrom"

lattice_vector = "
1.832749387410e+01 0.000000000000e+00 1.100000000000e-15
2.010912200000e-09 3.174415056505e+01 1.900000000000e-15
0.000000000000e+00 0.000000000000e+00 4.998930533072e+01
"
atoms = "
Nb 1.385916082609e+01 1.893194383535e+01 1.782833092694e+01 1 1 1 0.0 0.0 0.0
Nb 1.320460747366e+01 2.233310282446e+01 1.782833092694e+01 1 1 1 0.0 0.0 0.0
Nb 1.255005412123e+01 2.573426181358e+01 1.782833092694e+01 1 1 1 0.0 0.0 0.0
Nb 1.189550076880e+01 2.913542080269e+01 1.782833092694e+01 1 1 1 0.0 0.0 0.0
Nb 1.385916082508e+01 3.059868552824e+00 1.782833092694e+01 1 1 1 0.0 0.0 0.0
Nb 1.320460747265e+01 6.461027541937e+00 1.782833092694e+01 1 1 1 0.0 0.0 0.0
Nb 1.255005412022e+01 9.862186531050e+00 1.782833092694e+01 1 1 1 0.0 0.0 0.0
Nb 1.189550076779e+01 1.326334552016e+01 1.782833092694e+01 1 1 1 0.0 0.0 0.0
Nb 1.124094741536e+01 1.666450450928e+01 1.782833092694e+01 1 1 1 0.0 0.0 0.0
Nb 1.058639406293e+01 2.006566349839e+01 1.782833092694e+01 1 1 1 0.0 0.0 0.0
Nb 9.931840710498e+00 2.346682248750e+01 1.782833092694e+01 1 1 1 0.0 0.0 0.0
Nb 9.277287358068e+00 2.686798147661e+01 1.782833092694e+01 1 1 1 0.0 0.0 0.0
Nb 8.622734005637e+00 3.026914046573e+01 1.782833092694e+01 1 1 1 0.0 0.0 0.0
Nb 1.124094741435e+01 7.924292267491e-01 1.782833092694e+01 1 1 1 0.0 0.0 0.0
Nb 1.058639406192e+01 4.193588215862e+00 1.782833092694e+01 1 1 1 0.0 0.0 0.0
Nb 9.931840709493e+00 7.594747204975e+00 1.782833092694e+01 1 1 1 0.0 0.0 0.0
Nb 9.277287357062e+00 1.099590619409e+01 1.782833092694e+01 1 1 1 0.0 0.0 0.0
Nb 8.622734004631e+00 1.439706518320e+01 1.782833092694e+01 1 1 1 0.0 0.0 0.0
Nb 7.968180652200e+00 1.779822417231e+01 1.782833092694e+01 1 1 1 0.0 0.0 0.0
Nb 7.313627299769e+00 2.119938316143e+01 1.782833092694e+01 1 1 1 0.0 0.0 0.0
Nb 6.659073947339e+00 2.460054215054e+01 1.782833092694e+01 1 1 1 0.0 0.0 0.0
Nb 6.004520594908e+00 2.800170113965e+01 1.782833092694e+01 1 1 1 0.0 0.0 0.0
Nb 7.968180651195e+00 1.926148889787e+00 1.782833092694e+01 1 1 1 0.0 0.0 0.0
Nb 7.313627298764e+00 5.327307878900e+00 1.782833092694e+01 1 1 1 0.0 0.0 0.0
Nb 6.659073946333e+00 8.728466868013e+00 1.782833092694e+01 1 1 1 0.0 0.0 0.0
Nb 6.004520593902e+00 1.212962585713e+01 1.782833092694e+01 1 1 1 0.0 0.0 0.0
Nb 5.349967241471e+00 1.553078484624e+01 1.782833092694e+01 1 1 1 0.0 0.0 0.0
Nb 4.695413889040e+00 1.893194383535e+01 1.782833092694e+01 1 1 1 0.0 0.0 0.0
Nb 4.040860536610e+00 2.233310282446e+01 1.782833092694e+01 1 1 1 0.0 0.0 0.0
Nb 3.386307184179e+00 2.573426181358e+01 1.782833092694e+01 1 1 1 0.0 0.0 0.0
Nb 2.731753831748e+00 2.913542080269e+01 1.782833092694e+01 1 1 1 0.0 0.0 0.0
Nb 5.349967242477e+00 3.140286012877e+01 1.782833092694e+01 1 1 1 0.0 0.0 0.0
Nb 4.695413888035e+00 3.059868552824e+00 1.782833092694e+01 1 1 1 0.0 0.0 0.0
Nb 4.040860535604e+00 6.461027541937e+00 1.782833092694e+01 1 1 1 0.0 0.0 0.0
Nb 3.386307183173e+00 9.862186531050e+00 1.782833092694e+01 1 1 1 0.0 0.0 0.0
Nb 2.731753830742e+00 1.326334552016e+01 1.782833092694e+01 1 1 1 0.0 0.0 0.0
Nb 2.077200478311e+00 1.666450450928e+01 1.782833092694e+01 1 1 1 0.0 0.0 0.0
Nb 1.422647125881e+00 2.006566349839e+01 1.782833092694e+01 1 1 1 0.0 0.0 0.0
Nb 7.680937734497e-01 2.346682248750e+01 1.782833092694e+01 1 1 1 0.0 0.0 0.0
Nb 1.135404210188e-01 2.686798147661e+01 1.782833092694e+01 1 1 1 0.0 0.0 0.0
Nb 1.778648094269e+01 3.026914046573e+01 1.782833092694e+01 1 1 1 0.0 0.0 0.0
Nb 2.077200477306e+00 7.924292267491e-01 1.782833092694e+01 1 1 1 0.0 0.0 0.0
Nb 1.422647124875e+00 4.193588215862e+00 1.782833092694e+01 1 1 1 0.0 0.0 0.0
Nb 7.680937724442e-01 7.594747204975e+00 1.782833092694e+01 1 1 1 0.0 0.0 0.0
Nb 1.135404200134e-01 1.099590619409e+01 1.782833092694e+01 1 1 1 0.0 0.0 0.0
Nb 1.778648094168e+01 1.439706518320e+01 1.782833092694e+01 1 1 1 0.0 0.0 0.0
Nb 1.713192758925e+01 1.779822417231e+01 1.782833092694e+01 1 1 1 0.0 0.0 0.0
Nb 1.647737423682e+01 2.119938316143e+01 1.782833092694e+01 1 1 1 0.0 0.0 0.0
Nb 1.582282088439e+01 2.460054215054e+01 1.782833092694e+01 1 1 1 0.0 0.0 0.0
Nb 1.516826753196e+01 2.800170113965e+01 1.782833092694e+01 1 1 1 0.0 0.0 0.0
Nb 1.713192758824e+01 1.926148889787e+00 1.782833092694e+01 1 1 1 0.0 0.0 0.0
Nb 1.647737423581e+01 5.327307878900e+00 1.782833092694e+01 1 1 1 0.0 0.0 0.0
Nb 1.582282088338e+01 8.728466868013e+00 1.782833092694e+01 1 1 1 0.0 0.0 0.0
Nb 1.516826753095e+01 1.212962585713e+01 1.782833092694e+01 1 1 1 0.0 0.0 0.0
Nb 1.451371417852e+01 1.553078484624e+01 1.782833092694e+01 1 1 1 0.0 0.0 0.0
Nb 1.451371417953e+01 3.140286012877e+01 1.782833092694e+01 1 1 1 0.0 0.0 0.0
Nb 1.384939472915e+01 1.893106522382e+01 1.168208868332e+01 1 1 1 0.0 0.0 0.0
Nb 1.319484137671e+01 2.233222421293e+01 1.168208868332e+01 1 1 1 0.0 0.0 0.0
Nb 1.254028802428e+01 2.573338320204e+01 1.168208868332e+01 1 1 1 0.0 0.0 0.0
Nb 1.188573467185e+01 2.913454219116e+01 1.168208868332e+01 1 1 1 0.0 0.0 0.0
Nb 1.384939472814e+01 3.058989941291e+00 1.168208868332e+01 1 1 1 0.0 0.0 0.0
Nb 1.319484137571e+01 6.460148930404e+00 1.168208868332e+01 1 1 1 0.0 0.0 0.0
Nb 1.254028802328e+01 9.861307919517e+00 1.168208868332e+01 1 1 1 0.0 0.0 0.0
Nb 1.188573467085e+01 1.326246690863e+01 1.168208868332e+01 1 1 1 0.0 0.0 0.0
Nb 1.123118131842e+01 1.666362589774e+01 1.168208868332e+01 1 1 1 0.0 0.0 0.0
Nb 1.057662796599e+01 2.006478488686e+01 1.168208868332e+01 1 1 1 0.0 0.0 0.0
Nb 9.922074613555e+00 2.346594387597e+01 1.168208868332e+01 1 1 1 0.0 0.0 0.0
Nb 9.267521261124e+00 2.686710286508e+01 1.168208868332e+01 1 1 1 0.0 0.0 0.0
Nb 8.612967908693e+00 3.026826185419e+01 1.168208868332e+01 1 1 1 0.0 0.0 0.0
Nb 1.123118131741e+01 7.915506152155e-01 1.168208868332e+01 1 1 1 0.0 0.0 0.0
Nb 1.057662796498e+01 4.192709604328e+00 1.168208868332e+01 1 1 1 0.0 0.0 0.0
Nb 9.922074612550e+00 7.593868593441e+00 1.168208868332e+01 1 1 1 0.0 0.0 0.0
Nb 9.267521260119e+00 1.099502758255e+01 1.168208868332e+01 1 1 1 0.0 0.0 0.0
Nb 8.612967907688e+00 1.439618657167e+01 1.168208868332e+01 1 1 1 0.0 0.0 0.0
Nb 7.958414555257e+00 1.779734556078e+01 1.168208868332e+01 1 1 1 0.0 0.0 0.0
Nb 7.303861202826e+00 2.119850454989e+01 1.168208868332e+01 1 1 1 0.0 0.0 0.0
Nb 6.649307850395e+00 2.459966353901e+01 1.168208868332e+01 1 1 1 0.0 0.0 0.0
Nb 5.994754497964e+00 2.800082252812e+01 1.168208868332e+01 1 1 1 0.0 0.0 0.0
Nb 7.958414554251e+00 1.925270278253e+00 1.168208868332e+01 1 1 1 0.0 0.0 0.0
Nb 7.303861201821e+00 5.326429267366e+00 1.168208868332e+01 1 1 1 0.0 0.0 0.0
Nb 6.649307849390e+00 8.727588256479e+00 1.168208868332e+01 1 1 1 0.0 0.0 0.0
Nb 5.994754496959e+00 1.212874724559e+01 1.168208868332e+01 1 1 1 0.0 0.0 0.0
Nb 5.340201144528e+00 1.552990623470e+01 1.168208868332e+01 1 1 1 0.0 0.0 0.0
Nb 4.685647792097e+00 1.893106522382e+01 1.168208868332e+01 1 1 1 0.0 0.0 0.0
Nb 4.031094439666e+00 2.233222421293e+01 1.168208868332e+01 1 1 1 0.0 0.0 0.0
Nb 3.376541087235e+00 2.573338320204e+01 1.168208868332e+01 1 1 1 0.0 0.0 0.0
Nb 2.721987734804e+00 2.913454219116e+01 1.168208868332e+01 1 1 1 0.0 0.0 0.0
Nb 5.340201145533e+00 3.140198151723e+01 1.168208868332e+01 1 1 1 0.0 0.0 0.0
Nb 4.685647791092e+00 3.058989941291e+00 1.168208868332e+01 1 1 1 0.0 0.0 0.0
Nb 4.031094438661e+00 6.460148930404e+00 1.168208868332e+01 1 1 1 0.0 0.0 0.0
Nb 3.376541086230e+00 9.861307919517e+00 1.168208868332e+01 1 1 1 0.0 0.0 0.0
Nb 2.721987733799e+00 1.326246690863e+01 1.168208868332e+01 1 1 1 0.0 0.0 0.0
Nb 2.067434381368e+00 1.666362589774e+01 1.168208868332e+01 1 1 1 0.0 0.0 0.0
Nb 1.412881028937e+00 2.006478488686e+01 1.168208868332e+01 1 1 1 0.0 0.0 0.0
Nb 7.583276765063e-01 2.346594387597e+01 1.168208868332e+01 1 1 1 0.0 0.0 0.0
Nb 1.037743240754e-01 2.686710286508e+01 1.168208868332e+01 1 1 1 0.0 0.0 0.0
Nb 1.777671484574e+01 3.026826185419e+01 1.168208868332e+01 1 1 1 0.0 0.0 0.0
Nb 2.067434380363e+00 7.915506152155e-01 1.168208868332e+01 1 1 1 0.0 0.0 0.0
Nb 1.412881027932e+00 4.192709604328e+00 1.168208868332e+01 1 1 1 0.0 0.0 0.0
Nb 7.583276755008e-01 7.593868593441e+00 1.168208868332e+01 1 1 1 0.0 0.0 0.0
Nb 1.037743230700e-01 1.099502758255e+01 1.168208868332e+01 1 1 1 0.0 0.0 0.0
Nb 1.777671484474e+01 1.439618657167e+01 1.168208868332e+01 1 1 1 0.0 0.0 0.0
Nb 1.712216149231e+01 1.779734556078e+01 1.168208868332e+01 1 1 1 0.0 0.0 0.0
Nb 1.646760813987e+01 2.119850454989e+01 1.168208868332e+01 1 1 1 0.0 0.0 0.0
Nb 1.581305478744e+01 2.459966353901e+01 1.168208868332e+01 1 1 1 0.0 0.0 0.0
Nb 1.515850143501e+01 2.800082252812e+01 1.168208868332e+01 1 1 1 0.0 0.0 0.0
Nb 1.712216149130e+01 1.925270278253e+00 1.168208868332e+01 1 1 1 0.0 0.0 0.0
Nb 1.646760813887e+01 5.326429267366e+00 1.168208868332e+01 1 1 1 0.0 0.0 0.0
Nb 1.581305478644e+01 8.727588256479e+00 1.168208868332e+01 1 1 1 0.0 0.0 0.0
Nb 1.515850143401e+01 1.212874724559e+01 1.168208868332e+01 1 1 1 0.0 0.0 0.0
Nb 1.450394808158e+01 1.552990623470e+01 1.168208868332e+01 1 1 1 0.0 0.0 0.0
Nb 1.450394808258e+01 3.140198151723e+01 1.168208868332e+01 1 1 1 0.0 0.0 0.0
Bi 1.204750589006e+00 1.322682727337e+00 3.834784015603e+01 1 1 1 0.0 0.0 0.0
Bi 4.580867881762e+00 3.828799877209e+00 3.834784015603e+01 1 1 1 0.0 0.0 0.0
Bi 4.098565411655e+00 8.005661793664e+00 3.834784015603e+01 1 1 1 0.0 0.0 0.0
Bi 3.616262941549e+00 1.218252371012e+01 3.834784015603e+01 1 1 1 0.0 0.0 0.0
Bi 3.133960471443e+00 1.635938562657e+01 3.834784015603e+01 1 1 1 0.0 0.0 0.0
Bi 2.651658001336e+00 2.053624754303e+01 3.834784015603e+01 1 1 1 0.0 0.0 0.0
Bi 2.169355531230e+00 2.471310945948e+01 3.834784015603e+01 1 1 1 0.0 0.0 0.0
Bi 1.687053061123e+00 2.888997137594e+01 3.834784015603e+01 1 1 1 0.0 0.0 0.0
Bi 8.439287644624e+00 2.158055110628e+00 3.834784015603e+01 1 1 1 0.0 0.0 0.0
Bi 7.956985174517e+00 6.334917027082e+00 3.834784015603e+01 1 1 1 0.0 0.0 0.0
Bi 7.474682704411e+00 1.051177894354e+01 3.834784015603e+01 1 1 1 0.0 0.0 0.0
Bi 6.992380234305e+00 1.468864085999e+01 3.834784015603e+01 1 1 1 0.0 0.0 0.0
Bi 6.510077764198e+00 1.886550277645e+01 3.834784015603e+01 1 1 1 0.0 0.0 0.0
Bi 6.027775294092e+00 2.304236469290e+01 3.834784015603e+01 1 1 1 0.0 0.0 0.0
Bi 5.545472823985e+00 2.721922660935e+01 3.834784015603e+01 1 1 1 0.0 0.0 0.0
Bi 5.063170353879e+00 3.139608852581e+01 3.834784015603e+01 1 1 1 0.0 0.0 0.0
Bi 1.181540493738e+01 4.664172260500e+00 3.834784015603e+01 1 1 1 0.0 0.0 0.0
Bi 1.133310246727e+01 8.841034176955e+00 3.834784015603e+01 1 1 1 0.0 0.0 0.0
Bi 1.085079999717e+01 1.301789609341e+01 3.834784015603e+01 1 1 1 0.0 0.0 0.0
Bi 1.036849752706e+01 1.719475800986e+01 3.834784015603e+01 1 1 1 0.0 0.0 0.0
Bi 9.886195056954e+00 2.137161992632e+01 3.834784015603e+01 1 1 1 0.0 0.0 0.0
Bi 9.403892586848e+00 2.554848184277e+01 3.834784015603e+01 1 1 1 0.0 0.0 0.0
Bi 8.921590116741e+00 2.972534375923e+01 3.834784015603e+01 1 1 1 0.0 0.0 0.0
Bi 1.567382470024e+01 2.993427493919e+00 3.834784015603e+01 1 1 1 0.0 0.0 0.0
Bi 1.519152223014e+01 7.170289410373e+00 3.834784015603e+01 1 1 1 0.0 0.0 0.0
Bi 1.470921976003e+01 1.134715132683e+01 3.834784015603e+01 1 1 1 0.0 0.0 0.0
Bi 1.422691728992e+01 1.552401324328e+01 3.834784015603e+01 1 1 1 0.0 0.0 0.0
Bi 1.374461481982e+01 1.970087515974e+01 3.834784015603e+01 1 1 1 0.0 0.0 0.0
Bi 1.326231234971e+01 2.387773707619e+01 3.834784015603e+01 1 1 1 0.0 0.0 0.0
Bi 1.278000987960e+01 2.805459899265e+01 3.834784015603e+01 1 1 1 0.0 0.0 0.0
Bi 1.229770740749e+01 4.873103440459e-01 3.834784015603e+01 1 1 1 0.0 0.0 0.0
Bi 7.224481188997e-01 5.499544643791e+00 3.834784015603e+01 1 1 1 0.0 0.0 0.0
Bi 2.401456487933e-01 9.676406560246e+00 3.834784015603e+01 1 1 1 0.0 0.0 0.0
Bi 1.808533705278e+01 1.385326847670e+01 3.834784015603e+01 1 1 1 0.0 0.0 0.0
Bi 1.760303458268e+01 1.803013039315e+01 3.834784015603e+01 1 1 1 0.0 0.0 0.0
Bi 1.712073211257e+01 2.220699230961e+01 3.834784015603e+01 1 1 1 0.0 0.0 0.0
Bi 1.663842964247e+01 2.638385422606e+01 3.834784015603e+01 1 1 1 0.0 0.0 0.0
Bi 1.615612717236e+01 3.056071614252e+01 3.834784015603e+01 1 1 1 0.0 0.0 0.0
Bi 1.708510258433e+01 1.049837732285e+00 3.436119714775e+01 1 1 1 0.0 0.0 0.0
Bi 2.133726002993e+00 3.555954882157e+00 3.436119714775e+01 1 1 1 0.0 0.0 0.0
Bi 1.651423532886e+00 7.732816798612e+00 3.436119714775e+01 1 1 1 0.0 0.0 0.0
Bi 1.169121062780e+00 1.190967871507e+01 3.436119714775e+01 1 1 1 0.0 0.0 0.0
Bi 6.868185926734e-01 1.608654063152e+01 3.436119714775e+01 1 1 1 0.0 0.0 0.0
Bi 2.045161225670e-01 2.026340254798e+01 3.436119714775e+01 1 1 1 0.0 0.0 0.0
Bi 1.804970752656e+01 2.444026446443e+01 3.436119714775e+01 1 1 1 0.0 0.0 0.0
Bi 1.756740505645e+01 2.861712638088e+01 3.436119714775e+01 1 1 1 0.0 0.0 0.0
Bi 5.992145765855e+00 1.885210115576e+00 3.436119714775e+01 1 1 1 0.0 0.0 0.0
Bi 5.509843295748e+00 6.062072032030e+00 3.436119714775e+01 1 1 1 0.0 0.0 0.0
Bi 5.027540825642e+00 1.023893394848e+01 3.436119714775e+01 1 1 1 0.0 0.0 0.0
Bi 4.545238355535e+00 1.441579586494e+01 3.436119714775e+01 1 1 1 0.0 0.0 0.0
Bi 4.062935885429e+00 1.859265778139e+01 3.436119714775e+01 1 1 1 0.0 0.0 0.0
Bi 3.580633415323e+00 2.276951969785e+01 3.436119714775e+01 1 1 1 0.0 0.0 0.0
Bi 3.098330945216e+00 2.694638161430e+01 3.436119714775e+01 1 1 1 0.0 0.0 0.0
Bi 2.616028475110e+00 3.112324353076e+01 3.436119714775e+01 1 1 1 0.0 0.0 0.0
Bi 9.368263058610e+00 4.391327265448e+00 3.436119714775e+01 1 1 1 0.0 0.0 0.0
Bi 8.885960588504e+00 8.568189181903e+00 3.436119714775e+01 1 1 1 0.0 0.0 0.0
Bi 8.403658118397e+00 1.274505109836e+01 3.436119714775e+01 1 1 1 0.0 0.0 0.0
Bi 7.921355648291e+00 1.692191301481e+01 3.436119714775e+01 1 1 1 0.0 0.0 0.0
Bi 7.439053178185e+00 2.109877493127e+01 3.436119714775e+01 1 1 1 0.0 0.0 0.0
Bi 6.956750708078e+00 2.527563684772e+01 3.436119714775e+01 1 1 1 0.0 0.0 0.0
Bi 6.474448237972e+00 2.945249876417e+01 3.436119714775e+01 1 1 1 0.0 0.0 0.0
Bi 1.322668282147e+01 2.720582498867e+00 3.436119714775e+01 1 1 1 0.0 0.0 0.0
Bi 1.274438035137e+01 6.897444415321e+00 3.436119714775e+01 1 1 1 0.0 0.0 0.0
Bi 1.226207788126e+01 1.107430633178e+01 3.436119714775e+01 1 1 1 0.0 0.0 0.0
Bi 1.177977541115e+01 1.525116824823e+01 3.436119714775e+01 1 1 1 0.0 0.0 0.0
Bi 1.129747294105e+01 1.942803016468e+01 3.436119714775e+01 1 1 1 0.0 0.0 0.0
Bi 1.081517047094e+01 2.360489208114e+01 3.436119714775e+01 1 1 1 0.0 0.0 0.0
Bi 1.033286800083e+01 2.778175399759e+01 3.436119714775e+01 1 1 1 0.0 0.0 0.0
Bi 9.850565528717e+00 2.144653489939e-01 3.436119714775e+01 1 1 1 0.0 0.0 0.0
Bi 1.660280011423e+01 5.226699648739e+00 3.436119714775e+01 1 1 1 0.0 0.0 0.0
Bi 1.612049764412e+01 9.403561565194e+00 3.436119714775e+01 1 1 1 0.0 0.0 0.0
Bi 1.563819517402e+01 1.358042348165e+01 3.436119714775e+01 1 1 1 0.0 0.0 0.0
Bi 1.515589270391e+01 1.775728539810e+01 3.436119714775e+01 1 1 1 0.0 0.0 0.0
Bi 1.467359023380e+01 2.193414731456e+01 3.436119714775e+01 1 1 1 0.0 0.0 0.0
Bi 1.419128776370e+01 2.611100923101e+01 3.436119714775e+01 1 1 1 0.0 0.0 0.0
Bi 1.370898529359e+01 3.028787114747e+01 3.436119714775e+01 1 1 1 0.0 0.0 0.0
Bi 1.704239475505e+01 9.963089842782e-01 2.831971850542e+01 1 1 1 0.0 0.0 0.0
Bi 2.091018173712e+00 3.502426134151e+00 2.831971850542e+01 1 1 1 0.0 0.0 0.0
Bi 1.608715703605e+00 7.679288050605e+00 2.831971850542e+01 1 1 1 0.0 0.0 0.0
Bi 1.126413233499e+00 1.185614996706e+01 2.831971850542e+01 1 1 1 0.0 0.0 0.0
Bi 6.441107633925e-01 1.603301188351e+01 2.831971850542e+01 1 1 1 0.0 0.0 0.0
Bi 1.618082932861e-01 2.020987379997e+01 2.831971850542e+01 1 1 1 0.0 0.0 0.0
Bi 1.800699969728e+01 2.438673571642e+01 2.831971850542e+01 1 1 1 0.0 0.0 0.0
Bi 1.752469722717e+01 2.856359763288e+01 2.831971850542e+01 1 1 1 0.0 0.0 0.0
Bi 5.949437936574e+00 1.831681367569e+00 2.831971850542e+01 1 1 1 0.0 0.0 0.0
Bi 5.467135466467e+00 6.008543284024e+00 2.831971850542e+01 1 1 1 0.0 0.0 0.0
Bi 4.984832996361e+00 1.018540520048e+01 2.831971850542e+01 1 1 1 0.0 0.0 0.0
Bi 4.502530526254e+00 1.436226711693e+01 2.831971850542e+01 1 1 1 0.0 0.0 0.0
Bi 4.020228056148e+00 1.853912903339e+01 2.831971850542e+01 1 1 1 0.0 0.0 0.0
Bi 3.537925586042e+00 2.271599094984e+01 2.831971850542e+01 1 1 1 0.0 0.0 0.0
Bi 3.055623115935e+00 2.689285286630e+01 2.831971850542e+01 1 1 1 0.0 0.0 0.0
Bi 2.573320645829e+00 3.106971478275e+01 2.831971850542e+01 1 1 1 0.0 0.0 0.0
Bi 9.325555229329e+00 4.337798517442e+00 2.831971850542e+01 1 1 1 0.0 0.0 0.0
Bi 8.843252759223e+00 8.514660433896e+00 2.831971850542e+01 1 1 1 0.0 0.0 0.0
Bi 8.360950289117e+00 1.269152235035e+01 2.831971850542e+01 1 1 1 0.0 0.0 0.0
Bi 7.878647819010e+00 1.686838426681e+01 2.831971850542e+01 1 1 1 0.0 0.0 0.0
Bi 7.396345348904e+00 2.104524618326e+01 2.831971850542e+01 1 1 1 0.0 0.0 0.0
Bi 6.914042878797e+00 2.522210809971e+01 2.831971850542e+01 1 1 1 0.0 0.0 0.0
Bi 6.431740408691e+00 2.939897001617e+01 2.831971850542e+01 1 1 1 0.0 0.0 0.0
Bi 1.318397499219e+01 2.667053750860e+00 2.831971850542e+01 1 1 1 0.0 0.0 0.0
Bi 1.270167252208e+01 6.843915667314e+00 2.831971850542e+01 1 1 1 0.0 0.0 0.0
Bi 1.221937005198e+01 1.102077758377e+01 2.831971850542e+01 1 1 1 0.0 0.0 0.0
Bi 1.173706758187e+01 1.519763950022e+01 2.831971850542e+01 1 1 1 0.0 0.0 0.0
Bi 1.125476511177e+01 1.937450141668e+01 2.831971850542e+01 1 1 1 0.0 0.0 0.0
Bi 1.077246264166e+01 2.355136333313e+01 2.831971850542e+01 1 1 1 0.0 0.0 0.0
Bi 1.029016017155e+01 2.772822524959e+01 2.831971850542e+01 1 1 1 0.0 0.0 0.0
Bi 9.807857699436e+00 1.609366009873e-01 2.831971850542e+01 1 1 1 0.0 0.0 0.0
Bi 1.656009228495e+01 5.173170900733e+00 2.831971850542e+01 1 1 1 0.0 0.0 0.0
Bi 1.607778981484e+01 9.350032817187e+00 2.831971850542e+01 1 1 1 0.0 0.0 0.0
Bi 1.559548734473e+01 1.352689473364e+01 2.831971850542e+01 1 1 1 0.0 0.0 0.0
Bi 1.511318487463e+01 1.770375665010e+01 2.831971850542e+01 1 1 1 0.0 0.0 0.0
Bi 1.463088240452e+01 2.188061856655e+01 2.831971850542e+01 1 1 1 0.0 0.0 0.0
Bi 1.414857993442e+01 2.605748048300e+01 2.831971850542e+01 1 1 1 0.0 0.0 0.0
Bi 1.366627746431e+01 3.023434239946e+01 2.831971850542e+01 1 1 1 0.0 0.0 0.0
Bi 1.475676868679e-01 3.080765206461e+01 2.434799808390e+01 1 1 1 0.0 0.0 0.0
Bi 3.523684977613e+00 1.569618649428e+00 2.434799808390e+01 1 1 1 0.0 0.0 0.0
Bi 3.041382507506e+00 5.746480565882e+00 2.434799808390e+01 1 1 1 0.0 0.0 0.0
Bi 2.559080037400e+00 9.923342482337e+00 2.434799808390e+01 1 1 1 0.0 0.0 0.0
Bi 2.076777567293e+00 1.410020439879e+01 2.434799808390e+01 1 1 1 0.0 0.0 0.0
Bi 1.594475097187e+00 1.827706631525e+01 2.434799808390e+01 1 1 1 0.0 0.0 0.0
Bi 1.112172627081e+00 2.245392823170e+01 2.434799808390e+01 1 1 1 0.0 0.0 0.0
Bi 6.298701569743e-01 2.663079014815e+01 2.434799808390e+01 1 1 1 0.0 0.0 0.0
Bi 7.382104742486e+00 3.164302444790e+01 2.434799808390e+01 1 1 1 0.0 0.0 0.0
Bi 6.899802270368e+00 4.075735799301e+00 2.434799808390e+01 1 1 1 0.0 0.0 0.0
Bi 6.417499800262e+00 8.252597715755e+00 2.434799808390e+01 1 1 1 0.0 0.0 0.0
Bi 5.935197330156e+00 1.242945963221e+01 2.434799808390e+01 1 1 1 0.0 0.0 0.0
Bi 5.452894860049e+00 1.660632154866e+01 2.434799808390e+01 1 1 1 0.0 0.0 0.0
Bi 4.970592389943e+00 2.078318346512e+01 2.434799808390e+01 1 1 1 0.0 0.0 0.0
Bi 4.488289919836e+00 2.496004538157e+01 2.434799808390e+01 1 1 1 0.0 0.0 0.0
Bi 4.005987449730e+00 2.913690729803e+01 2.434799808390e+01 1 1 1 0.0 0.0 0.0
Bi 1.075822203323e+01 2.404991032719e+00 2.434799808390e+01 1 1 1 0.0 0.0 0.0
Bi 1.027591956312e+01 6.581852949173e+00 2.434799808390e+01 1 1 1 0.0 0.0 0.0
Bi 9.793617093018e+00 1.075871486563e+01 2.434799808390e+01 1 1 1 0.0 0.0 0.0
Bi 9.311314622911e+00 1.493557678208e+01 2.434799808390e+01 1 1 1 0.0 0.0 0.0
Bi 8.829012152805e+00 1.911243869854e+01 2.434799808390e+01 1 1 1 0.0 0.0 0.0
Bi 8.346709682698e+00 2.328930061499e+01 2.434799808390e+01 1 1 1 0.0 0.0 0.0
Bi 7.864407212592e+00 2.746616253145e+01 2.434799808390e+01 1 1 1 0.0 0.0 0.0
Bi 1.461664179609e+01 7.342462661371e-01 2.434799808390e+01 1 1 1 0.0 0.0 0.0
Bi 1.413433932599e+01 4.911108182592e+00 2.434799808390e+01 1 1 1 0.0 0.0 0.0
Bi 1.365203685588e+01 9.087970099046e+00 2.434799808390e+01 1 1 1 0.0 0.0 0.0
Bi 1.316973438577e+01 1.326483201550e+01 2.434799808390e+01 1 1 1 0.0 0.0 0.0
Bi 1.268743191567e+01 1.744169393195e+01 2.434799808390e+01 1 1 1 0.0 0.0 0.0
Bi 1.220512944556e+01 2.161855584841e+01 2.434799808390e+01 1 1 1 0.0 0.0 0.0
Bi 1.172282697545e+01 2.579541776486e+01 2.434799808390e+01 1 1 1 0.0 0.0 0.0
Bi 1.124052450535e+01 2.997227968132e+01 2.434799808390e+01 1 1 1 0.0 0.0 0.0
Bi 1.799275908885e+01 3.240363416010e+00 2.434799808390e+01 1 1 1 0.0 0.0 0.0
Bi 1.751045661874e+01 7.417225332464e+00 2.434799808390e+01 1 1 1 0.0 0.0 0.0
Bi 1.702815414864e+01 1.159408724892e+01 2.434799808390e+01 1 1 1 0.0 0.0 0.0
Bi 1.654585167853e+01 1.577094916537e+01 2.434799808390e+01 1 1 1 0.0 0.0 0.0
Bi 1.606354920842e+01 1.994781108183e+01 2.434799808390e+01 1 1 1 0.0 0.0 0.0
Bi 1.558124673832e+01 2.412467299828e+01 2.434799808390e+01 1 1 1 0.0 0.0 0.0
Bi 1.509894426821e+01 2.830153491474e+01 2.434799808390e+01 1 1 1 0.0 0.0 0.0
Se 1.515823830152e+01 1.741894057693e+01 1.000000000000e+01 1 1 1 0.0 0.0 0.0
Se 1.450368494909e+01 2.082009956604e+01 1.000000000000e+01 1 1 1 0.0 0.0 0.0
Se 1.384913159666e+01 2.422125855516e+01 1.000000000000e+01 1 1 1 0.0 0.0 0.0
Se 1.319457824423e+01 2.762241754427e+01 1.000000000000e+01 1 1 1 0.0 0.0 0.0
Se 1.515823830052e+01 1.546865294403e+00 1.000000000000e+01 1 1 1 0.0 0.0 0.0
Se 1.450368494809e+01 4.948024283516e+00 1.000000000000e+01 1 1 1 0.0 0.0 0.0
Se 1.384913159566e+01 8.349183272629e+00 1.000000000000e+01 1 1 1 0.0 0.0 0.0
Se 1.319457824322e+01 1.175034226174e+01 1.000000000000e+01 1 1 1 0.0 0.0 0.0
Se 1.254002489079e+01 1.515150125085e+01 1.000000000000e+01 1 1 1 0.0 0.0 0.0
Se 1.188547153836e+01 1.855266023997e+01 1.000000000000e+01 1 1 1 0.0 0.0 0.0
Se 1.123091818593e+01 2.195381922908e+01 1.000000000000e+01 1 1 1 0.0 0.0 0.0
Se 1.057636483350e+01 2.535497821819e+01 1.000000000000e+01 1 1 1 0.0 0.0 0.0
Se 9.921811481070e+00 2.875613720731e+01 1.000000000000e+01 1 1 1 0.0 0.0 0.0
Se 1.254002489180e+01 3.102357653338e+01 1.000000000000e+01 1 1 1 0.0 0.0 0.0
Se 1.188547153736e+01 2.680584957441e+00 1.000000000000e+01 1 1 1 0.0 0.0 0.0
Se 1.123091818493e+01 6.081743946554e+00 1.000000000000e+01 1 1 1 0.0 0.0 0.0
Se 1.057636483250e+01 9.482902935667e+00 1.000000000000e+01 1 1 1 0.0 0.0 0.0
Se 9.921811480065e+00 1.288406192478e+01 1.000000000000e+01 1 1 1 0.0 0.0 0.0
Se 9.267258127634e+00 1.628522091389e+01 1.000000000000e+01 1 1 1 0.0 0.0 0.0
Se 8.612704775203e+00 1.968637990301e+01 1.000000000000e+01 1 1 1 0.0 0.0 0.0
Se 7.958151422772e+00 2.308753889212e+01 1.000000000000e+01 1 1 1 0.0 0.0 0.0
Se 7.303598070341e+00 2.648869788123e+01 1.000000000000e+01 1 1 1 0.0 0.0 0.0
Se 9.267258126628e+00 4.131456313656e-01 1.000000000000e+01 1 1 1 0.0 0.0 0.0
Se 8.612704774198e+00 3.814304620479e+00 1.000000000000e+01 1 1 1 0.0 0.0 0.0
Se 7.958151421767e+00 7.215463609591e+00 1.000000000000e+01 1 1 1 0.0 0.0 0.0
Se 7.303598069336e+00 1.061662259870e+01 1.000000000000e+01 1 1 1 0.0 0.0 0.0
Se 6.649044716905e+00 1.401778158782e+01 1.000000000000e+01 1 1 1 0.0 0.0 0.0
Se 5.994491364474e+00 1.741894057693e+01 1.000000000000e+01 1 1 1 0.0 0.0 0.0
Se 5.339938012043e+00 2.082009956604e+01 1.000000000000e+01 1 1 1 0.0 0.0 0.0
Se 4.685384659612e+00 2.422125855516e+01 1.000000000000e+01 1 1 1 0.0 0.0 0.0
Se 4.030831307181e+00 2.762241754427e+01 1.000000000000e+01 1 1 1 0.0 0.0 0.0
Se 6.649044717910e+00 2.988985687034e+01 1.000000000000e+01 1 1 1 0.0 0.0 0.0
Se 5.994491363469e+00 1.546865294403e+00 1.000000000000e+01 1 1 1 0.0 0.0 0.0
Se 5.339938011038e+00 4.948024283516e+00 1.000000000000e+01 1 1 1 0.0 0.0 0.0
Se 4.685384658607e+00 8.349183272629e+00 1.000000000000e+01 1 1 1 0.0 0.0 0.0
Se 4.030831306176e+00 1.175034226174e+01 1.000000000000e+01 1 1 1 0.0 0.0 0.0
Se 3.376277953745e+00 1.515150125085e+01 1.000000000000e+01 1 1 1 0.0 0.0 0.0
Se 2.721724601314e+00 1.855266023997e+01 1.000000000000e+01 1 1 1 0.0 0.0 0.0
Se 2.067171248883e+00 2.195381922908e+01 1.000000000000e+01 1 1 1 0.0 0.0 0.0
Se 1.412617896452e+00 2.535497821819e+01 1.000000000000e+01 1 1 1 0.0 0.0 0.0
Se 7.580645440215e-01 2.875613720731e+01 1.000000000000e+01 1 1 1 0.0 0.0 0.0
Se 3.376277954750e+00 3.102357653338e+01 1.000000000000e+01 1 1 1 0.0 0.0 0.0
Se 2.721724600309e+00 2.680584957441e+00 1.000000000000e+01 1 1 1 0.0 0.0 0.0
Se 2.067171247878e+00 6.081743946554e+00 1.000000000000e+01 1 1 1 0.0 0.0 0.0
Se 1.412617895447e+00 9.482902935667e+00 1.000000000000e+01 1 1 1 0.0 0.0 0.0
Se 7.580645430160e-01 1.288406192478e+01 1.000000000000e+01 1 1 1 0.0 0.0 0.0
Se 1.035111905852e-01 1.628522091389e+01 1.000000000000e+01 1 1 1 0.0 0.0 0.0
Se 1.777645171225e+01 1.968637990301e+01 1.000000000000e+01 1 1 1 0.0 0.0 0.0
Se 1.712189835982e+01 2.308753889212e+01 1.000000000000e+01 1 1 1 0.0 0.0 0.0
Se 1.646734500739e+01 2.648869788123e+01 1.000000000000e+01 1 1 1 0.0 0.0 0.0
Se 1.035111895797e-01 4.131456313656e-01 1.000000000000e+01 1 1 1 0.0 0.0 0.0
Se 1.777645171125e+01 3.814304620479e+00 1.000000000000e+01 1 1 1 0.0 0.0 0.0
Se 1.712189835882e+01 7.215463609591e+00 1.000000000000e+01 1 1 1 0.0 0.0 0.0
Se 1.646734500638e+01 1.061662259870e+01 1.000000000000e+01 1 1 1 0.0 0.0 0.0
Se 1.581279165395e+01 1.401778158782e+01 1.000000000000e+01 1 1 1 0.0 0.0 0.0
Se 1.581279165496e+01 2.988985687034e+01 1.000000000000e+01 1 1 1 0.0 0.0 0.0
Se 1.582275926029e+01 1.930956825728e+01 1.614602824434e+01 1 1 1 0.0 0.0 0.0
Se 1.516820590786e+01 2.271072724640e+01 1.614602824434e+01 1 1 1 0.0 0.0 0.0
Se 1.451365255542e+01 2.611188623551e+01 1.614602824434e+01 1 1 1 0.0 0.0 0.0
Se 1.385909920299e+01 2.951304522462e+01 1.614602824434e+01 1 1 1 0.0 0.0 0.0
Se 1.582275925928e+01 3.437492974757e+00 1.614602824434e+01 1 1 1 0.0 0.0 0.0
Se 1.516820590685e+01 6.838651963870e+00 1.614602824434e+01 1 1 1 0.0 0.0 0.0
Se 1.451365255442e+01 1.023981095298e+01 1.614602824434e+01 1 1 1 0.0 0.0 0.0
Se 1.385909920199e+01 1.364096994210e+01 1.614602824434e+01 1 1 1 0.0 0.0 0.0
Se 1.320454584956e+01 1.704212893121e+01 1.614602824434e+01 1 1 1 0.0 0.0 0.0
Se 1.254999249713e+01 2.044328792032e+01 1.614602824434e+01 1 1 1 0.0 0.0 0.0
Se 1.189543914470e+01 2.384444690943e+01 1.614602824434e+01 1 1 1 0.0 0.0 0.0
Se 1.124088579226e+01 2.724560589855e+01 1.614602824434e+01 1 1 1 0.0 0.0 0.0
Se 1.058633243983e+01 3.064676488766e+01 1.614602824434e+01 1 1 1 0.0 0.0 0.0
Se 1.320454584855e+01 1.170053648682e+00 1.614602824434e+01 1 1 1 0.0 0.0 0.0
Se 1.254999249612e+01 4.571212637795e+00 1.614602824434e+01 1 1 1 0.0 0.0 0.0
Se 1.189543914369e+01 7.972371626908e+00 1.614602824434e+01 1 1 1 0.0 0.0 0.0
Se 1.124088579126e+01 1.137353061602e+01 1.614602824434e+01 1 1 1 0.0 0.0 0.0
Se 1.058633243883e+01 1.477468960513e+01 1.614602824434e+01 1 1 1 0.0 0.0 0.0
Se 9.931779086397e+00 1.817584859425e+01 1.614602824434e+01 1 1 1 0.0 0.0 0.0
Se 9.277225733966e+00 2.157700758336e+01 1.614602824434e+01 1 1 1 0.0 0.0 0.0
Se 8.622672381535e+00 2.497816657247e+01 1.614602824434e+01 1 1 1 0.0 0.0 0.0
Se 7.968119029105e+00 2.837932556158e+01 1.614602824434e+01 1 1 1 0.0 0.0 0.0
Se 9.931779085392e+00 2.303773311719e+00 1.614602824434e+01 1 1 1 0.0 0.0 0.0
Se 9.277225732961e+00 5.704932300832e+00 1.614602824434e+01 1 1 1 0.0 0.0 0.0
Se 8.622672380530e+00 9.106091289945e+00 1.614602824434e+01 1 1 1 0.0 0.0 0.0
Se 7.968119028099e+00 1.250725027906e+01 1.614602824434e+01 1 1 1 0.0 0.0 0.0
Se 7.313565675668e+00 1.590840926817e+01 1.614602824434e+01 1 1 1 0.0 0.0 0.0
Se 6.659012323237e+00 1.930956825728e+01 1.614602824434e+01 1 1 1 0.0 0.0 0.0
Se 6.004458970807e+00 2.271072724640e+01 1.614602824434e+01 1 1 1 0.0 0.0 0.0
Se 5.349905618376e+00 2.611188623551e+01 1.614602824434e+01 1 1 1 0.0 0.0 0.0
Se 4.695352265945e+00 2.951304522462e+01 1.614602824434e+01 1 1 1 0.0 0.0 0.0
Se 7.313565674663e+00 3.633398564407e-02 1.614602824434e+01 1 1 1 0.0 0.0 0.0
Se 6.659012322232e+00 3.437492974757e+00 1.614602824434e+01 1 1 1 0.0 0.0 0.0
Se 6.004458969801e+00 6.838651963870e+00 1.614602824434e+01 1 1 1 0.0 0.0 0.0
Se 5.349905617370e+00 1.023981095298e+01 1.614602824434e+01 1 1 1 0.0 0.0 0.0
Se 4.695352264939e+00 1.364096994210e+01 1.614602824434e+01 1 1 1 0.0 0.0 0.0
Se 4.040798912508e+00 1.704212893121e+01 1.614602824434e+01 1 1 1 0.0 0.0 0.0
Se 3.386245560078e+00 2.044328792032e+01 1.614602824434e+01 1 1 1 0.0 0.0 0.0
Se 2.731692207647e+00 2.384444690943e+01 1.614602824434e+01 1 1 1 0.0 0.0 0.0
Se 2.077138855216e+00 2.724560589855e+01 1.614602824434e+01 1 1 1 0.0 0.0 0.0
Se 1.422585502785e+00 3.064676488766e+01 1.614602824434e+01 1 1 1 0.0 0.0 0.0
Se 4.040798911503e+00 1.170053648682e+00 1.614602824434e+01 1 1 1 0.0 0.0 0.0
Se 3.386245559072e+00 4.571212637795e+00 1.614602824434e+01 1 1 1 0.0 0.0 0.0
Se 2.731692206641e+00 7.972371626908e+00 1.614602824434e+01 1 1 1 0.0 0.0 0.0
Se 2.077138854210e+00 1.137353061602e+01 1.614602824434e+01 1 1 1 0.0 0.0 0.0
Se 1.422585501779e+00 1.477468960513e+01 1.614602824434e+01 1 1 1 0.0 0.0 0.0
Se 7.680321493486e-01 1.817584859425e+01 1.614602824434e+01 1 1 1 0.0 0.0 0.0
Se 1.134787969177e-01 2.157700758336e+01 1.614602824434e+01 1 1 1 0.0 0.0 0.0
Se 1.778641931858e+01 2.497816657247e+01 1.614602824434e+01 1 1 1 0.0 0.0 0.0
Se 1.713186596615e+01 2.837932556158e+01 1.614602824434e+01 1 1 1 0.0 0.0 0.0
Se 7.680321483431e-01 2.303773311719e+00 1.614602824434e+01 1 1 1 0.0 0.0 0.0
Se 1.134787959122e-01 5.704932300832e+00 1.614602824434e+01 1 1 1 0.0 0.0 0.0
Se 1.778641931758e+01 9.106091289945e+00 1.614602824434e+01 1 1 1 0.0 0.0 0.0
Se 1.713186596515e+01 1.250725027906e+01 1.614602824434e+01 1 1 1 0.0 0.0 0.0
Se 1.647731261272e+01 1.590840926817e+01 1.614602824434e+01 1 1 1 0.0 0.0 0.0
Se 1.647731261171e+01 3.633398564407e-02 1.614602824434e+01 1 1 1 0.0 0.0 0.0
Se 1.515919300260e+01 1.741943730548e+01 1.336443756309e+01 1 1 1 0.0 0.0 0.0
Se 1.450463965017e+01 2.082059629460e+01 1.336443756309e+01 1 1 1 0.0 0.0 0.0
Se 1.385008629774e+01 2.422175528371e+01 1.336443756309e+01 1 1 1 0.0 0.0 0.0
Se 1.319553294531e+01 2.762291427282e+01 1.336443756309e+01 1 1 1 0.0 0.0 0.0
Se 1.515919300160e+01 1.547362022958e+00 1.336443756309e+01 1 1 1 0.0 0.0 0.0
Se 1.450463964917e+01 4.948521012071e+00 1.336443756309e+01 1 1 1 0.0 0.0 0.0
Se 1.385008629673e+01 8.349680001184e+00 1.336443756309e+01 1 1 1 0.0 0.0 0.0
Se 1.319553294430e+01 1.175083899030e+01 1.336443756309e+01 1 1 1 0.0 0.0 0.0
Se 1.254097959187e+01 1.515199797941e+01 1.336443756309e+01 1 1 1 0.0 0.0 0.0
Se 1.188642623944e+01 1.855315696852e+01 1.336443756309e+01 1 1 1 0.0 0.0 0.0
Se 1.123187288701e+01 2.195431595764e+01 1.336443756309e+01 1 1 1 0.0 0.0 0.0
Se 1.057731953458e+01 2.535547494675e+01 1.336443756309e+01 1 1 1 0.0 0.0 0.0
Se 9.922766182149e+00 2.875663393586e+01 1.336443756309e+01 1 1 1 0.0 0.0 0.0
Se 1.254097959288e+01 3.102407326194e+01 1.336443756309e+01 1 1 1 0.0 0.0 0.0
Se 1.188642623844e+01 2.681081685995e+00 1.336443756309e+01 1 1 1 0.0 0.0 0.0
Se 1.123187288601e+01 6.082240675108e+00 1.336443756309e+01 1 1 1 0.0 0.0 0.0
Se 1.057731953357e+01 9.483399664221e+00 1.336443756309e+01 1 1 1 0.0 0.0 0.0
Se 9.922766181143e+00 1.288455865333e+01 1.336443756309e+01 1 1 1 0.0 0.0 0.0
Se 9.268212828713e+00 1.628571764245e+01 1.336443756309e+01 1 1 1 0.0 0.0 0.0
Se 8.613659476282e+00 1.968687663156e+01 1.336443756309e+01 1 1 1 0.0 0.0 0.0
Se 7.959106123851e+00 2.308803562067e+01 1.336443756309e+01 1 1 1 0.0 0.0 0.0
Se 7.304552771420e+00 2.648919460979e+01 1.336443756309e+01 1 1 1 0.0 0.0 0.0
Se 9.268212827707e+00 4.136423599201e-01 1.336443756309e+01 1 1 1 0.0 0.0 0.0
Se 8.613659475276e+00 3.814801349033e+00 1.336443756309e+01 1 1 1 0.0 0.0 0.0
Se 7.959106122845e+00 7.215960338146e+00 1.336443756309e+01 1 1 1 0.0 0.0 0.0
Se 7.304552770414e+00 1.061711932726e+01 1.336443756309e+01 1 1 1 0.0 0.0 0.0
Se 6.649999417984e+00 1.401827831637e+01 1.336443756309e+01 1 1 1 0.0 0.0 0.0
Se 5.995446065553e+00 1.741943730548e+01 1.336443756309e+01 1 1 1 0.0 0.0 0.0
Se 5.340892713122e+00 2.082059629460e+01 1.336443756309e+01 1 1 1 0.0 0.0 0.0
Se 4.686339360691e+00 2.422175528371e+01 1.336443756309e+01 1 1 1 0.0 0.0 0.0
Se 4.031786008260e+00 2.762291427282e+01 1.336443756309e+01 1 1 1 0.0 0.0 0.0
Se 6.649999418989e+00 2.989035359890e+01 1.336443756309e+01 1 1 1 0.0 0.0 0.0
Se 5.995446064547e+00 1.547362022958e+00 1.336443756309e+01 1 1 1 0.0 0.0 0.0
Se 5.340892712116e+00 4.948521012071e+00 1.336443756309e+01 1 1 1 0.0 0.0 0.0
Se 4.686339359685e+00 8.349680001184e+00 1.336443756309e+01 1 1 1 0.0 0.0 0.0
Se 4.031786007255e+00 1.175083899030e+01 1.336443756309e+01 1 1 1 0.0 0.0 0.0
Se 3.377232654824e+00 1.515199797941e+01 1.336443756309e+01 1 1 1 0.0 0.0 0.0
Se 2.722679302393e+00 1.855315696852e+01 1.336443756309e+01 1 1 1 0.0 0.0 0.0
Se 2.068125949962e+00 2.195431595764e+01 1.336443756309e+01 1 1 1 0.0 0.0 0.0
Se 1.413572597531e+00 2.535547494675e+01 1.336443756309e+01 1 1 1 0.0 0.0 0.0
Se 7.590192451002e-01 2.875663393586e+01 1.336443756309e+01 1 1 1 0.0 0.0 0.0
Se 3.377232655829e+00 3.102407326194e+01 1.336443756309e+01 1 1 1 0.0 0.0 0.0
Se 2.722679301387e+00 2.681081685995e+00 1.336443756309e+01 1 1 1 0.0 0.0 0.0
Se 2.068125948956e+00 6.082240675108e+00 1.336443756309e+01 1 1 1 0.0 0.0 0.0
Se 1.413572596526e+00 9.483399664221e+00 1.336443756309e+01 1 1 1 0.0 0.0 0.0
Se 7.590192440947e-01 1.288455865333e+01 1.336443756309e+01 1 1 1 0.0 0.0 0.0
Se 1.044658916638e-01 1.628571764245e+01 1.336443756309e+01 1 1 1 0.0 0.0 0.0
Se 1.777740641333e+01 1.968687663156e+01 1.336443756309e+01 1 1 1 0.0 0.0 0.0
Se 1.712285306090e+01 2.308803562067e+01 1.336443756309e+01 1 1 1 0.0 0.0 0.0
Se 1.646829970847e+01 2.648919460979e+01 1.336443756309e+01 1 1 1 0.0 0.0 0.0
Se 1.044658906584e-01 4.136423599201e-01 1.336443756309e+01 1 1 1 0.0 0.0 0.0
Se 1.777740641232e+01 3.814801349033e+00 1.336443756309e+01 1 1 1 0.0 0.0 0.0
Se 1.712285305989e+01 7.215960338146e+00 1.336443756309e+01 1 1 1 0.0 0.0 0.0
Se 1.646829970746e+01 1.061711932726e+01 1.336443756309e+01 1 1 1 0.0 0.0 0.0
Se 1.581374635503e+01 1.401827831637e+01 1.336443756309e+01 1 1 1 0.0 0.0 0.0
Se 1.581374635604e+01 2.989035359890e+01 1.336443756309e+01 1 1 1 0.0 0.0 0.0
Se 1.582360148125e+01 1.931020852749e+01 1.951046802998e+01 1 1 1 0.0 0.0 0.0
Se 1.516904812882e+01 2.271136751660e+01 1.951046802998e+01 1 1 1 0.0 0.0 0.0
Se 1.451449477639e+01 2.611252650572e+01 1.951046802998e+01 1 1 1 0.0 0.0 0.0
Se 1.385994142396e+01 2.951368549483e+01 1.951046802998e+01 1 1 1 0.0 0.0 0.0
Se 1.582360148025e+01 3.438133244963e+00 1.951046802998e+01 1 1 1 0.0 0.0 0.0
Se 1.516904812781e+01 6.839292234076e+00 1.951046802998e+01 1 1 1 0.0 0.0 0.0
Se 1.451449477538e+01 1.024045122319e+01 1.951046802998e+01 1 1 1 0.0 0.0 0.0
Se 1.385994142295e+01 1.364161021230e+01 1.951046802998e+01 1 1 1 0.0 0.0 0.0
Se 1.320538807052e+01 1.704276920142e+01 1.951046802998e+01 1 1 1 0.0 0.0 0.0
Se 1.255083471809e+01 2.044392819053e+01 1.951046802998e+01 1 1 1 0.0 0.0 0.0
Se 1.189628136566e+01 2.384508717964e+01 1.951046802998e+01 1 1 1 0.0 0.0 0.0
Se 1.124172801323e+01 2.724624616875e+01 1.951046802998e+01 1 1 1 0.0 0.0 0.0
Se 1.058717466080e+01 3.064740515787e+01 1.951046802998e+01 1 1 1 0.0 0.0 0.0
Se 1.320538806952e+01 1.170693918888e+00 1.951046802998e+01 1 1 1 0.0 0.0 0.0
Se 1.255083471709e+01 4.571852908001e+00 1.951046802998e+01 1 1 1 0.0 0.0 0.0
Se 1.189628136465e+01 7.973011897114e+00 1.951046802998e+01 1 1 1 0.0 0.0 0.0
Se 1.124172801222e+01 1.137417088623e+01 1.951046802998e+01 1 1 1 0.0 0.0 0.0
Se 1.058717465979e+01 1.477532987534e+01 1.951046802998e+01 1 1 1 0.0 0.0 0.0
Se 9.932621307362e+00 1.817648886445e+01 1.951046802998e+01 1 1 1 0.0 0.0 0.0
Se 9.278067954931e+00 2.157764785357e+01 1.951046802998e+01 1 1 1 0.0 0.0 0.0
Se 8.623514602500e+00 2.497880684268e+01 1.951046802998e+01 1 1 1 0.0 0.0 0.0
Se 7.968961250069e+00 2.837996583179e+01 1.951046802998e+01 1 1 1 0.0 0.0 0.0
Se 9.932621306357e+00 2.304413581926e+00 1.951046802998e+01 1 1 1 0.0 0.0 0.0
Se 9.278067953926e+00 5.705572571039e+00 1.951046802998e+01 1 1 1 0.0 0.0 0.0
Se 8.623514601495e+00 9.106731560152e+00 1.951046802998e+01 1 1 1 0.0 0.0 0.0
Se 7.968961249064e+00 1.250789054926e+01 1.951046802998e+01 1 1 1 0.0 0.0 0.0
Se 7.314407896633e+00 1.590904953838e+01 1.951046802998e+01 1 1 1 0.0 0.0 0.0
Se 6.659854544202e+00 1.931020852749e+01 1.951046802998e+01 1 1 1 0.0 0.0 0.0
Se 6.005301191771e+00 2.271136751660e+01 1.951046802998e+01 1 1 1 0.0 0.0 0.0
Se 5.350747839340e+00 2.611252650572e+01 1.951046802998e+01 1 1 1 0.0 0.0 0.0
Se 4.696194486910e+00 2.951368549483e+01 1.951046802998e+01 1 1 1 0.0 0.0 0.0
Se 7.314407895628e+00 3.697425585055e-02 1.951046802998e+01 1 1 1 0.0 0.0 0.0
Se 6.659854543197e+00 3.438133244963e+00 1.951046802998e+01 1 1 1 0.0 0.0 0.0
Se 6.005301190766e+00 6.839292234076e+00 1.951046802998e+01 1 1 1 0.0 0.0 0.0
Se 5.350747838335e+00 1.024045122319e+01 1.951046802998e+01 1 1 1 0.0 0.0 0.0
Se 4.696194485904e+00 1.364161021230e+01 1.951046802998e+01 1 1 1 0.0 0.0 0.0
Se 4.041641133473e+00 1.704276920142e+01 1.951046802998e+01 1 1 1 0.0 0.0 0.0
Se 3.387087781042e+00 2.044392819053e+01 1.951046802998e+01 1 1 1 0.0 0.0 0.0
Se 2.732534428611e+00 2.384508717964e+01 1.951046802998e+01 1 1 1 0.0 0.0 0.0
Se 2.077981076181e+00 2.724624616875e+01 1.951046802998e+01 1 1 1 0.0 0.0 0.0
Se 1.423427723750e+00 3.064740515787e+01 1.951046802998e+01 1 1 1 0.0 0.0 0.0
Se 4.041641132468e+00 1.170693918888e+00 1.951046802998e+01 1 1 1 0.0 0.0 0.0
Se 3.387087780037e+00 4.571852908001e+00 1.951046802998e+01 1 1 1 0.0 0.0 0.0
Se 2.732534427606e+00 7.973011897114e+00 1.951046802998e+01 1 1 1 0.0 0.0 0.0
Se 2.077981075175e+00 1.137417088623e+01 1.951046802998e+01 1 1 1 0.0 0.0 0.0
Se 1.423427722744e+00 1.477532987534e+01 1.951046802998e+01 1 1 1 0.0 0.0 0.0
Se 7.688743703134e-01 1.817648886445e+01 1.951046802998e+01 1 1 1 0.0 0.0 0.0
Se 1.143210178825e-01 2.157764785357e+01 1.951046802998e+01 1 1 1 0.0 0.0 0.0
Se 1.778726153955e+01 2.497880684268e+01 1.951046802998e+01 1 1 1 0.0 0.0 0.0
Se 1.713270818712e+01 2.837996583179e+01 1.951046802998e+01 1 1 1 0.0 0.0 0.0
Se 7.688743693079e-01 2.304413581926e+00 1.951046802998e+01 1 1 1 0.0 0.0 0.0
Se 1.143210168771e-01 5.705572571039e+00 1.951046802998e+01 1 1 1 0.0 0.0 0.0
Se 1.778726153854e+01 9.106731560152e+00 1.951046802998e+01 1 1 1 0.0 0.0 0.0
Se 1.713270818611e+01 1.250789054926e+01 1.951046802998e+01 1 1 1 0.0 0.0 0.0
Se 1.647815483368e+01 1.590904953838e+01 1.951046802998e+01 1 1 1 0.0 0.0 0.0
Se 1.647815483268e+01 3.697425585055e-02 1.951046802998e+01 1 1 1 0.0 0.0 0.0
Se 1.712759670738e+01 1.034153845825e+00 3.998930533072e+01 1 1 1 0.0 0.0 0.0
Se 2.176220126035e+00 3.540270995697e+00 3.998930533072e+01 1 1 1 0.0 0.0 0.0
Se 1.693917655928e+00 7.717132912152e+00 3.998930533072e+01 1 1 1 0.0 0.0 0.0
Se 1.211615185822e+00 1.189399482861e+01 3.998930533072e+01 1 1 1 0.0 0.0 0.0
Se 7.293127157156e-01 1.607085674506e+01 3.998930533072e+01 1 1 1 0.0 0.0 0.0
Se 2.470102456092e-01 2.024771866152e+01 3.998930533072e+01 1 1 1 0.0 0.0 0.0
Se 1.809220164960e+01 2.442458057797e+01 3.998930533072e+01 1 1 1 0.0 0.0 0.0
Se 1.760989917949e+01 2.860144249442e+01 3.998930533072e+01 1 1 1 0.0 0.0 0.0
Se 6.034639888897e+00 1.869526229116e+00 3.998930533072e+01 1 1 1 0.0 0.0 0.0
Se 5.552337418790e+00 6.046388145570e+00 3.998930533072e+01 1 1 1 0.0 0.0 0.0
Se 5.070034948684e+00 1.022325006202e+01 3.998930533072e+01 1 1 1 0.0 0.0 0.0
Se 4.587732478578e+00 1.440011197848e+01 3.998930533072e+01 1 1 1 0.0 0.0 0.0
Se 4.105430008471e+00 1.857697389493e+01 3.998930533072e+01 1 1 1 0.0 0.0 0.0
Se 3.623127538365e+00 2.275383581139e+01 3.998930533072e+01 1 1 1 0.0 0.0 0.0
Se 3.140825068258e+00 2.693069772784e+01 3.998930533072e+01 1 1 1 0.0 0.0 0.0
Se 2.658522598152e+00 3.110755964430e+01 3.998930533072e+01 1 1 1 0.0 0.0 0.0
Se 9.410757181652e+00 4.375643378988e+00 3.998930533072e+01 1 1 1 0.0 0.0 0.0
Se 8.928454711546e+00 8.552505295443e+00 3.998930533072e+01 1 1 1 0.0 0.0 0.0
Se 8.446152241440e+00 1.272936721190e+01 3.998930533072e+01 1 1 1 0.0 0.0 0.0
Se 7.963849771333e+00 1.690622912835e+01 3.998930533072e+01 1 1 1 0.0 0.0 0.0
Se 7.481547301227e+00 2.108309104481e+01 3.998930533072e+01 1 1 1 0.0 0.0 0.0
Se 6.999244831120e+00 2.525995296126e+01 3.998930533072e+01 1 1 1 0.0 0.0 0.0
Se 6.516942361014e+00 2.943681487771e+01 3.998930533072e+01 1 1 1 0.0 0.0 0.0
Se 1.326917694451e+01 2.704898612406e+00 3.998930533072e+01 1 1 1 0.0 0.0 0.0
Se 1.278687447441e+01 6.881760528861e+00 3.998930533072e+01 1 1 1 0.0 0.0 0.0
Se 1.230457200430e+01 1.105862244532e+01 3.998930533072e+01 1 1 1 0.0 0.0 0.0
Se 1.182226953420e+01 1.523548436177e+01 3.998930533072e+01 1 1 1 0.0 0.0 0.0
Se 1.133996706409e+01 1.941234627822e+01 3.998930533072e+01 1 1 1 0.0 0.0 0.0
Se 1.085766459398e+01 2.358920819468e+01 3.998930533072e+01 1 1 1 0.0 0.0 0.0
Se 1.037536212388e+01 2.776607011113e+01 3.998930533072e+01 1 1 1 0.0 0.0 0.0
Se 9.893059651759e+00 1.987814625337e-01 3.998930533072e+01 1 1 1 0.0 0.0 0.0
Se 1.664529423727e+01 5.211015762279e+00 3.998930533072e+01 1 1 1 0.0 0.0 0.0
Se 1.616299176716e+01 9.387877678734e+00 3.998930533072e+01 1 1 1 0.0 0.0 0.0
Se 1.568068929706e+01 1.356473959519e+01 3.998930533072e+01 1 1 1 0.0 0.0 0.0
Se 1.519838682695e+01 1.774160151164e+01 3.998930533072e+01 1 1 1 0.0 0.0 0.0
Se 1.471608435684e+01 2.191846342810e+01 3.998930533072e+01 1 1 1 0.0 0.0 0.0
Se 1.423378188674e+01 2.609532534455e+01 3.998930533072e+01 1 1 1 0.0 0.0 0.0
Se 1.375147941663e+01 3.027218726101e+01 3.998930533072e+01 1 1 1 0.0 0.0 0.0
Se 2.200267600372e-01 3.085541634538e+01 3.635172086532e+01 1 1 1 0.0 0.0 0.0
Se 3.596144050782e+00 1.617382930201e+00 3.635172086532e+01 1 1 1 0.0 0.0 0.0
Se 3.113841580676e+00 5.794244846655e+00 3.635172086532e+01 1 1 1 0.0 0.0 0.0
Se 2.631539110569e+00 9.971106763110e+00 3.635172086532e+01 1 1 1 0.0 0.0 0.0
Se 2.149236640463e+00 1.414796867956e+01 3.635172086532e+01 1 1 1 0.0 0.0 0.0
Se 1.666934170356e+00 1.832483059602e+01 3.635172086532e+01 1 1 1 0.0 0.0 0.0
Se 1.184631700250e+00 2.250169251247e+01 3.635172086532e+01 1 1 1 0.0 0.0 0.0
Se 7.023292301436e-01 2.667855442893e+01 3.635172086532e+01 1 1 1 0.0 0.0 0.0
Se 7.454563815655e+00 3.169078872867e+01 3.635172086532e+01 1 1 1 0.0 0.0 0.0
Se 6.972261343538e+00 4.123500080074e+00 3.635172086532e+01 1 1 1 0.0 0.0 0.0
Se 6.489958873431e+00 8.300361996528e+00 3.635172086532e+01 1 1 1 0.0 0.0 0.0
Se 6.007656403325e+00 1.247722391298e+01 3.635172086532e+01 1 1 1 0.0 0.0 0.0
Se 5.525353933218e+00 1.665408582944e+01 3.635172086532e+01 1 1 1 0.0 0.0 0.0
Se 5.043051463112e+00 2.083094774589e+01 3.635172086532e+01 1 1 1 0.0 0.0 0.0
Se 4.560748993006e+00 2.500780966235e+01 3.635172086532e+01 1 1 1 0.0 0.0 0.0
Se 4.078446522899e+00 2.918467157880e+01 3.635172086532e+01 1 1 1 0.0 0.0 0.0
Se 1.083068110640e+01 2.452755313492e+00 3.635172086532e+01 1 1 1 0.0 0.0 0.0
Se 1.034837863629e+01 6.629617229946e+00 3.635172086532e+01 1 1 1 0.0 0.0 0.0
Se 9.866076166187e+00 1.080647914640e+01 3.635172086532e+01 1 1 1 0.0 0.0 0.0
Se 9.383773696080e+00 1.498334106286e+01 3.635172086532e+01 1 1 1 0.0 0.0 0.0
Se 8.901471225974e+00 1.916020297931e+01 3.635172086532e+01 1 1 1 0.0 0.0 0.0
Se 8.419168755868e+00 2.333706489576e+01 3.635172086532e+01 1 1 1 0.0 0.0 0.0
Se 7.936866285761e+00 2.751392681222e+01 3.635172086532e+01 1 1 1 0.0 0.0 0.0
Se 1.468910086926e+01 7.820105469101e-01 3.635172086532e+01 1 1 1 0.0 0.0 0.0
Se 1.420679839916e+01 4.958872463365e+00 3.635172086532e+01 1 1 1 0.0 0.0 0.0
Se 1.372449592905e+01 9.135734379819e+00 3.635172086532e+01 1 1 1 0.0 0.0 0.0
Se 1.324219345894e+01 1.331259629627e+01 3.635172086532e+01 1 1 1 0.0 0.0 0.0
Se 1.275989098884e+01 1.748945821273e+01 3.635172086532e+01 1 1 1 0.0 0.0 0.0
Se 1.227758851873e+01 2.166632012918e+01 3.635172086532e+01 1 1 1 0.0 0.0 0.0
Se 1.179528604862e+01 2.584318204564e+01 3.635172086532e+01 1 1 1 0.0 0.0 0.0
Se 1.131298357852e+01 3.002004396209e+01 3.635172086532e+01 1 1 1 0.0 0.0 0.0
Se 1.806521816202e+01 3.288127696783e+00 3.635172086532e+01 1 1 1 0.0 0.0 0.0
Se 1.758291569191e+01 7.464989613237e+00 3.635172086532e+01 1 1 1 0.0 0.0 0.0
Se 1.710061322180e+01 1.164185152969e+01 3.635172086532e+01 1 1 1 0.0 0.0 0.0
Se 1.661831075170e+01 1.581871344615e+01 3.635172086532e+01 1 1 1 0.0 0.0 0.0
Se 1.613600828159e+01 1.999557536260e+01 3.635172086532e+01 1 1 1 0.0 0.0 0.0
Se 1.565370581149e+01 2.417243727906e+01 3.635172086532e+01 1 1 1 0.0 0.0 0.0
Se 1.517140334138e+01 2.834929919551e+01 3.635172086532e+01 1 1 1 0.0 0.0 0.0
Se 1.183218457875e+00 1.325884786661e+00 3.271820175121e+01 1 1 1 0.0 0.0 0.0
Se 4.559335750631e+00 3.832001936534e+00 3.271820175121e+01 1 1 1 0.0 0.0 0.0
Se 4.077033280524e+00 8.008863852988e+00 3.271820175121e+01 1 1 1 0.0 0.0 0.0
Se 3.594730810418e+00 1.218572576944e+01 3.271820175121e+01 1 1 1 0.0 0.0 0.0
Se 3.112428340312e+00 1.636258768590e+01 3.271820175121e+01 1 1 1 0.0 0.0 0.0
Se 2.630125870205e+00 2.053944960235e+01 3.271820175121e+01 1 1 1 0.0 0.0 0.0
Se 2.147823400099e+00 2.471631151881e+01 3.271820175121e+01 1 1 1 0.0 0.0 0.0
Se 1.665520929992e+00 2.889317343526e+01 3.271820175121e+01 1 1 1 0.0 0.0 0.0
Se 8.417755513493e+00 2.161257169952e+00 3.271820175121e+01 1 1 1 0.0 0.0 0.0
Se 7.935453043386e+00 6.338119086407e+00 3.271820175121e+01 1 1 1 0.0 0.0 0.0
Se 7.453150573280e+00 1.051498100286e+01 3.271820175121e+01 1 1 1 0.0 0.0 0.0
Se 6.970848103174e+00 1.469184291932e+01 3.271820175121e+01 1 1 1 0.0 0.0 0.0
Se 6.488545633067e+00 1.886870483577e+01 3.271820175121e+01 1 1 1 0.0 0.0 0.0
Se 6.006243162961e+00 2.304556675222e+01 3.271820175121e+01 1 1 1 0.0 0.0 0.0
Se 5.523940692854e+00 2.722242866868e+01 3.271820175121e+01 1 1 1 0.0 0.0 0.0
Se 5.041638222748e+00 3.139929058513e+01 3.271820175121e+01 1 1 1 0.0 0.0 0.0
Se 1.179387280625e+01 4.667374319825e+00 3.271820175121e+01 1 1 1 0.0 0.0 0.0
Se 1.131157033614e+01 8.844236236279e+00 3.271820175121e+01 1 1 1 0.0 0.0 0.0
Se 1.082926786604e+01 1.302109815273e+01 3.271820175121e+01 1 1 1 0.0 0.0 0.0
Se 1.034696539593e+01 1.719796006919e+01 3.271820175121e+01 1 1 1 0.0 0.0 0.0
Se 9.864662925823e+00 2.137482198564e+01 3.271820175121e+01 1 1 1 0.0 0.0 0.0
Se 9.382360455716e+00 2.555168390210e+01 3.271820175121e+01 1 1 1 0.0 0.0 0.0
Se 8.900057985610e+00 2.972854581855e+01 3.271820175121e+01 1 1 1 0.0 0.0 0.0
Se 1.565229256911e+01 2.996629553243e+00 3.271820175121e+01 1 1 1 0.0 0.0 0.0
Se 1.516999009900e+01 7.173491469697e+00 3.271820175121e+01 1 1 1 0.0 0.0 0.0
Se 1.468768762890e+01 1.135035338615e+01 3.271820175121e+01 1 1 1 0.0 0.0 0.0
Se 1.420538515879e+01 1.552721530261e+01 3.271820175121e+01 1 1 1 0.0 0.0 0.0
Se 1.372308268868e+01 1.970407721906e+01 3.271820175121e+01 1 1 1 0.0 0.0 0.0
Se 1.324078021858e+01 2.388093913552e+01 3.271820175121e+01 1 1 1 0.0 0.0 0.0
Se 1.275847774847e+01 2.805780105197e+01 3.271820175121e+01 1 1 1 0.0 0.0 0.0
Se 1.227617527635e+01 4.905124033704e-01 3.271820175121e+01 1 1 1 0.0 0.0 0.0
Se 7.009159877687e-01 5.502746703116e+00 3.271820175121e+01 1 1 1 0.0 0.0 0.0
Se 2.186135176623e-01 9.679608619570e+00 3.271820175121e+01 1 1 1 0.0 0.0 0.0
Se 1.806380492165e+01 1.385647053602e+01 3.271820175121e+01 1 1 1 0.0 0.0 0.0
Se 1.758150245155e+01 1.803333245248e+01 3.271820175121e+01 1 1 1 0.0 0.0 0.0
Se 1.709919998144e+01 2.221019436893e+01 3.271820175121e+01 1 1 1 0.0 0.0 0.0
Se 1.661689751133e+01 2.638705628539e+01 3.271820175121e+01 1 1 1 0.0 0.0 0.0
Se 1.613459504123e+01 3.056391820184e+01 3.271820175121e+01 1 1 1 0.0 0.0 0.0
Se 1.500293556475e-01 3.081104817967e+01 2.995146533993e+01 1 1 1 0.0 0.0 0.0
Se 3.526146646392e+00 1.573014764489e+00 2.995146533993e+01 1 1 1 0.0 0.0 0.0
Se 3.043844176286e+00 5.749876680944e+00 2.995146533993e+01 1 1 1 0.0 0.0 0.0
Se 2.561541706179e+00 9.926738597398e+00 2.995146533993e+01 1 1 1 0.0 0.0 0.0
Se 2.079239236073e+00 1.410360051385e+01 2.995146533993e+01 1 1 1 0.0 0.0 0.0
Se 1.596936765967e+00 1.828046243031e+01 2.995146533993e+01 1 1 1 0.0 0.0 0.0
Se 1.114634295860e+00 2.245732434676e+01 2.995146533993e+01 1 1 1 0.0 0.0 0.0
Se 6.323318257539e-01 2.663418626322e+01 2.995146533993e+01 1 1 1 0.0 0.0 0.0
Se 7.384566411265e+00 3.164642056296e+01 2.995146533993e+01 1 1 1 0.0 0.0 0.0
Se 6.902263939148e+00 4.079131914362e+00 2.995146533993e+01 1 1 1 0.0 0.0 0.0
Se 6.419961469041e+00 8.255993830816e+00 2.995146533993e+01 1 1 1 0.0 0.0 0.0
Se 5.937658998935e+00 1.243285574727e+01 2.995146533993e+01 1 1 1 0.0 0.0 0.0
Se 5.455356528829e+00 1.660971766373e+01 2.995146533993e+01 1 1 1 0.0 0.0 0.0
Se 4.973054058722e+00 2.078657958018e+01 2.995146533993e+01 1 1 1 0.0 0.0 0.0
Se 4.490751588616e+00 2.496344149663e+01 2.995146533993e+01 1 1 1 0.0 0.0 0.0
Se 4.008449118510e+00 2.914030341309e+01 2.995146533993e+01 1 1 1 0.0 0.0 0.0
Se 1.076068370201e+01 2.408387147780e+00 2.995146533993e+01 1 1 1 0.0 0.0 0.0
Se 1.027838123190e+01 6.585249064235e+00 2.995146533993e+01 1 1 1 0.0 0.0 0.0
Se 9.796078761797e+00 1.076211098069e+01 2.995146533993e+01 1 1 1 0.0 0.0 0.0
Se 9.313776291691e+00 1.493897289714e+01 2.995146533993e+01 1 1 1 0.0 0.0 0.0
Se 8.831473821584e+00 1.911583481360e+01 2.995146533993e+01 1 1 1 0.0 0.0 0.0
Se 8.349171351478e+00 2.329269673005e+01 2.995146533993e+01 1 1 1 0.0 0.0 0.0
Se 7.866868881372e+00 2.746955864651e+01 2.995146533993e+01 1 1 1 0.0 0.0 0.0
Se 1.461910346487e+01 7.376423811984e-01 2.995146533993e+01 1 1 1 0.0 0.0 0.0
Se 1.413680099477e+01 4.914504297653e+00 2.995146533993e+01 1 1 1 0.0 0.0 0.0
Se 1.365449852466e+01 9.091366214107e+00 2.995146533993e+01 1 1 1 0.0 0.0 0.0
Se 1.317219605455e+01 1.326822813056e+01 2.995146533993e+01 1 1 1 0.0 0.0 0.0
Se 1.268989358445e+01 1.744509004702e+01 2.995146533993e+01 1 1 1 0.0 0.0 0.0
Se 1.220759111434e+01 2.162195196347e+01 2.995146533993e+01 1 1 1 0.0 0.0 0.0
Se 1.172528864423e+01 2.579881387993e+01 2.995146533993e+01 1 1 1 0.0 0.0 0.0
Se 1.124298617413e+01 2.997567579638e+01 2.995146533993e+01 1 1 1 0.0 0.0 0.0
Se 1.799522075763e+01 3.243759531071e+00 2.995146533993e+01 1 1 1 0.0 0.0 0.0
Se 1.751291828752e+01 7.420621447526e+00 2.995146533993e+01 1 1 1 0.0 0.0 0.0
Se 1.703061581741e+01 1.159748336398e+01 2.995146533993e+01 1 1 1 0.0 0.0 0.0
Se 1.654831334731e+01 1.577434528043e+01 2.995146533993e+01 1 1 1 0.0 0.0 0.0
Se 1.606601087720e+01 1.995120719689e+01 2.995146533993e+01 1 1 1 0.0 0.0 0.0
Se 1.558370840710e+01 2.412806911334e+01 2.995146533993e+01 1 1 1 0.0 0.0 0.0
Se 1.510140593699e+01 2.830493102980e+01 2.995146533993e+01 1 1 1 0.0 0.0 0.0
Se 1.118288839666e+00 1.274986711577e+00 2.633360299309e+01 1 1 1 0.0 0.0 0.0
Se 4.494406132421e+00 3.781103861449e+00 2.633360299309e+01 1 1 1 0.0 0.0 0.0
Se 4.012103662315e+00 7.957965777904e+00 2.633360299309e+01 1 1 1 0.0 0.0 0.0
Se 3.529801192209e+00 1.213482769436e+01 2.633360299309e+01 1 1 1 0.0 0.0 0.0
Se 3.047498722102e+00 1.631168961081e+01 2.633360299309e+01 1 1 1 0.0 0.0 0.0
Se 2.565196251996e+00 2.048855152727e+01 2.633360299309e+01 1 1 1 0.0 0.0 0.0
Se 2.082893781889e+00 2.466541344372e+01 2.633360299309e+01 1 1 1 0.0 0.0 0.0
Se 1.600591311783e+00 2.884227536018e+01 2.633360299309e+01 1 1 1 0.0 0.0 0.0
Se 8.352825895283e+00 2.110359094867e+00 2.633360299309e+01 1 1 1 0.0 0.0 0.0
Se 7.870523425177e+00 6.287221011322e+00 2.633360299309e+01 1 1 1 0.0 0.0 0.0
Se 7.388220955071e+00 1.046408292778e+01 2.633360299309e+01 1 1 1 0.0 0.0 0.0
Se 6.905918484964e+00 1.464094484423e+01 2.633360299309e+01 1 1 1 0.0 0.0 0.0
Se 6.423616014858e+00 1.881780676069e+01 2.633360299309e+01 1 1 1 0.0 0.0 0.0
Se 5.941313544751e+00 2.299466867714e+01 2.633360299309e+01 1 1 1 0.0 0.0 0.0
Se 5.459011074645e+00 2.717153059359e+01 2.633360299309e+01 1 1 1 0.0 0.0 0.0
Se 4.976708604539e+00 3.134839251005e+01 2.633360299309e+01 1 1 1 0.0 0.0 0.0
Se 1.172894318804e+01 4.616476244740e+00 2.633360299309e+01 1 1 1 0.0 0.0 0.0
Se 1.124664071793e+01 8.793338161195e+00 2.633360299309e+01 1 1 1 0.0 0.0 0.0
Se 1.076433824783e+01 1.297020007765e+01 2.633360299309e+01 1 1 1 0.0 0.0 0.0
Se 1.028203577772e+01 1.714706199410e+01 2.633360299309e+01 1 1 1 0.0 0.0 0.0
Se 9.799733307613e+00 2.132392391056e+01 2.633360299309e+01 1 1 1 0.0 0.0 0.0
Se 9.317430837507e+00 2.550078582701e+01 2.633360299309e+01 1 1 1 0.0 0.0 0.0
Se 8.835128367401e+00 2.967764774347e+01 2.633360299309e+01 1 1 1 0.0 0.0 0.0
Se 1.558736295090e+01 2.945731478158e+00 2.633360299309e+01 1 1 1 0.0 0.0 0.0
Se 1.510506048079e+01 7.122593394613e+00 2.633360299309e+01 1 1 1 0.0 0.0 0.0
Se 1.462275801069e+01 1.129945531107e+01 2.633360299309e+01 1 1 1 0.0 0.0 0.0
Se 1.414045554058e+01 1.547631722752e+01 2.633360299309e+01 1 1 1 0.0 0.0 0.0
Se 1.365815307048e+01 1.965317914398e+01 2.633360299309e+01 1 1 1 0.0 0.0 0.0
Se 1.317585060037e+01 2.383004106043e+01 2.633360299309e+01 1 1 1 0.0 0.0 0.0
Se 1.269354813026e+01 2.800690297689e+01 2.633360299309e+01 1 1 1 0.0 0.0 0.0
Se 1.221124565815e+01 4.396143282857e-01 2.633360299309e+01 1 1 1 0.0 0.0 0.0
Se 6.359863695593e-01 5.451848628031e+00 2.633360299309e+01 1 1 1 0.0 0.0 0.0
Se 1.536838994529e-01 9.628710544485e+00 2.633360299309e+01 1 1 1 0.0 0.0 0.0
Se 1.799887530344e+01 1.380557246094e+01 2.633360299309e+01 1 1 1 0.0 0.0 0.0
Se 1.751657283334e+01 1.798243437739e+01 2.633360299309e+01 1 1 1 0.0 0.0 0.0
Se 1.703427036323e+01 2.215929629385e+01 2.633360299309e+01 1 1 1 0.0 0.0 0.0
Se 1.655196789312e+01 2.633615821030e+01 2.633360299309e+01 1 1 1 0.0 0.0 0.0
Se 1.606966542302e+01 3.051302012676e+01 2.633360299309e+01 1 1 1 0.0 0.0 0.0
Se 1.704658055768e+01 9.897627164864e-01 2.271046802998e+01 1 1 1 0.0 0.0 0.0
Se 2.095203976336e+00 3.495879866359e+00 2.271046802998e+01 1 1 1 0.0 0.0 0.0
Se 1.612901506230e+00 7.672741782813e+00 2.271046802998e+01 1 1 1 0.0 0.0 0.0
Se 1.130599036124e+00 1.184960369927e+01 2.271046802998e+01 1 1 1 0.0 0.0 0.0
Se 6.482965660172e-01 1.602646561572e+01 2.271046802998e+01 1 1 1 0.0 0.0 0.0
Se 1.659940959108e-01 2.020332753218e+01 2.271046802998e+01 1 1 1 0.0 0.0 0.0
Se 1.801118549990e+01 2.438018944863e+01 2.271046802998e+01 1 1 1 0.0 0.0 0.0
Se 1.752888302980e+01 2.855705136509e+01 2.271046802998e+01 1 1 1 0.0 0.0 0.0
Se 5.953623739198e+00 1.825135099777e+00 2.271046802998e+01 1 1 1 0.0 0.0 0.0
Se 5.471321269092e+00 6.001997016232e+00 2.271046802998e+01 1 1 1 0.0 0.0 0.0
Se 4.989018798986e+00 1.017885893269e+01 2.271046802998e+01 1 1 1 0.0 0.0 0.0
Se 4.506716328879e+00 1.435572084914e+01 2.271046802998e+01 1 1 1 0.0 0.0 0.0
Se 4.024413858773e+00 1.853258276560e+01 2.271046802998e+01 1 1 1 0.0 0.0 0.0
Se 3.542111388666e+00 2.270944468205e+01 2.271046802998e+01 1 1 1 0.0 0.0 0.0
Se 3.059808918560e+00 2.688630659850e+01 2.271046802998e+01 1 1 1 0.0 0.0 0.0
Se 2.577506448454e+00 3.106316851496e+01 2.271046802998e+01 1 1 1 0.0 0.0 0.0
Se 9.329741031954e+00 4.331252249650e+00 2.271046802998e+01 1 1 1 0.0 0.0 0.0
Se 8.847438561848e+00 8.508114166104e+00 2.271046802998e+01 1 1 1 0.0 0.0 0.0
Se 8.365136091741e+00 1.268497608256e+01 2.271046802998e+01 1 1 1 0.0 0.0 0.0
Se 7.882833621635e+00 1.686183799901e+01 2.271046802998e+01 1 1 1 0.0 0.0 0.0
Se 7.400531151528e+00 2.103869991547e+01 2.271046802998e+01 1 1 1 0.0 0.0 0.0
Se 6.918228681422e+00 2.521556183192e+01 2.271046802998e+01 1 1 1 0.0 0.0 0.0
Se 6.435926211316e+00 2.939242374838e+01 2.271046802998e+01 1 1 1 0.0 0.0 0.0
Se 1.318816079482e+01 2.660507483068e+00 2.271046802998e+01 1 1 1 0.0 0.0 0.0
Se 1.270585832471e+01 6.837369399523e+00 2.271046802998e+01 1 1 1 0.0 0.0 0.0
Se 1.222355585460e+01 1.101423131598e+01 2.271046802998e+01 1 1 1 0.0 0.0 0.0
Se 1.174125338450e+01 1.519109323243e+01 2.271046802998e+01 1 1 1 0.0 0.0 0.0
Se 1.125895091439e+01 1.936795514889e+01 2.271046802998e+01 1 1 1 0.0 0.0 0.0
Se 1.077664844428e+01 2.354481706534e+01 2.271046802998e+01 1 1 1 0.0 0.0 0.0
Se 1.029434597418e+01 2.772167898179e+01 2.271046802998e+01 1 1 1 0.0 0.0 0.0
Se 9.812043502060e+00 1.543903331955e-01 2.271046802998e+01 1 1 1 0.0 0.0 0.0
Se 1.656427808757e+01 5.166624632941e+00 2.271046802998e+01 1 1 1 0.0 0.0 0.0
Se 1.608197561747e+01 9.343486549395e+00 2.271046802998e+01 1 1 1 0.0 0.0 0.0
Se 1.559967314736e+01 1.352034846585e+01 2.271046802998e+01 1 1 1 0.0 0.0 0.0
Se 1.511737067725e+01 1.769721038230e+01 2.271046802998e+01 1 1 1 0.0 0.0 0.0
Se 1.463506820715e+01 2.187407229876e+01 2.271046802998e+01 1 1 1 0.0 0.0 0.0
Se 1.415276573704e+01 2.605093421521e+01 2.271046802998e+01 1 1 1 0.0 0.0 0.0
Se 1.367046326693e+01 3.022779613167e+01 2.271046802998e+01 1 1 1 0.0 0.0 0.0
"