calculation_mode = "Quench Electrons"
cell_relax = "False"
charge_density_mixing = "0.15"
charge_mixing_type = "Broyden"
description = "Example parameters for high-throughput bulk relaxation of a vdW material"
dipole_moment = "True"
dos_broading = "0.05"
dos_method = "Gaussian"
energy_convergence_criterion = "1e-08"
energy_output_units = "Hartrees"
kohn_sham_mucycles = "3"
kohn_sham_solver = "davidson"
kpoint_distribution = "1"
kpoint_mesh = "1 1 1"
localize_projectors = "False"
max_md_steps = "100"
max_scf_steps = "200"
non_local_block_size = "4000"
output_wave_function_file = "/dev/null"
potential_acceleration_constant_step = "1.5"
processor_grid = "6 14 16"
rms_convergence_criterion = "1e-08"
scalapack_block_factor = "64"
start_mode = "LCAO Start"
state_block_size = "64"
stress = "True"
subdiag_driver = "scalapack"
test_energy_tolerance = "1e-05"
use_async_allreduce = "False"
vdw_corr = "DFT-D3"
vdwdf_kernel_filepath = "/lustre/orion/world-shared/cph162/rjmorelock/rmgdft/XC/vdW_kernel_table"
wavefunction_grid = "156 376 426"
write_data_period = "50"

atomic_coordinate_type = "Absolute"
crds_units = "Angstrom"
lattice_units = "Angstrom"

lattice_vector = "
1.832749387347e+01 0.000000000000e+00 1.100000000000e-15
6.545533515735e-01 4.421506685998e+01 2.700000000000e-15
0.000000000000e+00 0.000000000000e+00 4.998930533072e+01
"
atoms = "
Nb 2.424367281799e+00 3.877264910766e+01 1.782833092694e+01 1 1 1 0.0 0.0 0.0
Nb 5.042580692241e+00 4.104008843381e+01 1.782833092694e+01 1 1 1 0.0 0.0 0.0
Nb 3.078920634504e+00 3.537149011843e+01 1.782833092694e+01 1 1 1 0.0 0.0 0.0
Nb 5.697134044946e+00 3.763892944458e+01 1.782833092694e+01 1 1 1 0.0 0.0 0.0
Nb 8.315347455388e+00 3.990636877073e+01 1.782833092694e+01 1 1 1 0.0 0.0 0.0
Nb 3.733473987209e+00 3.197033112920e+01 1.782833092694e+01 1 1 1 0.0 0.0 0.0
Nb 6.351687397651e+00 3.423777045535e+01 1.782833092694e+01 1 1 1 0.0 0.0 0.0
Nb 8.969900808092e+00 3.650520978151e+01 1.782833092694e+01 1 1 1 0.0 0.0 0.0
Nb 1.158811421853e+01 3.877264910766e+01 1.782833092694e+01 1 1 1 0.0 0.0 0.0
Nb 1.420632762898e+01 4.104008843381e+01 1.782833092694e+01 1 1 1 0.0 0.0 0.0
Nb 1.769813929472e+00 2.630173281382e+01 1.782833092694e+01 1 1 1 0.0 0.0 0.0
Nb 4.388027339913e+00 2.856917213997e+01 1.782833092694e+01 1 1 1 0.0 0.0 0.0
Nb 7.006240750355e+00 3.083661146612e+01 1.782833092694e+01 1 1 1 0.0 0.0 0.0
Nb 9.624454160797e+00 3.310405079228e+01 1.782833092694e+01 1 1 1 0.0 0.0 0.0
Nb 1.224266757124e+01 3.537149011843e+01 1.782833092694e+01 1 1 1 0.0 0.0 0.0
Nb 1.486088098168e+01 3.763892944458e+01 1.782833092694e+01 1 1 1 0.0 0.0 0.0
Nb 1.747909439212e+01 3.990636877073e+01 1.782833092694e+01 1 1 1 0.0 0.0 0.0
Nb 2.424367282176e+00 2.290057382459e+01 1.782833092694e+01 1 1 1 0.0 0.0 0.0
Nb 5.042580692618e+00 2.516801315074e+01 1.782833092694e+01 1 1 1 0.0 0.0 0.0
Nb 7.660794103060e+00 2.743545247689e+01 1.782833092694e+01 1 1 1 0.0 0.0 0.0
Nb 1.027900751350e+01 2.970289180305e+01 1.782833092694e+01 1 1 1 0.0 0.0 0.0
Nb 1.289722092394e+01 3.197033112920e+01 1.782833092694e+01 1 1 1 0.0 0.0 0.0
Nb 1.551543433439e+01 3.423777045535e+01 1.782833092694e+01 1 1 1 0.0 0.0 0.0
Nb 1.813364774483e+01 3.650520978151e+01 1.782833092694e+01 1 1 1 0.0 0.0 0.0
Nb 3.078920634881e+00 1.949941483536e+01 1.782833092694e+01 1 1 1 0.0 0.0 0.0
Nb 5.697134045323e+00 2.176685416151e+01 1.782833092694e+01 1 1 1 0.0 0.0 0.0
Nb 8.315347455765e+00 2.403429348766e+01 1.782833092694e+01 1 1 1 0.0 0.0 0.0
Nb 1.093356086621e+01 2.630173281382e+01 1.782833092694e+01 1 1 1 0.0 0.0 0.0
Nb 1.355177427665e+01 2.856917213997e+01 1.782833092694e+01 1 1 1 0.0 0.0 0.0
Nb 1.616998768709e+01 3.083661146612e+01 1.782833092694e+01 1 1 1 0.0 0.0 0.0
Nb 1.878820109753e+01 3.310405079228e+01 1.782833092694e+01 1 1 1 0.0 0.0 0.0
Nb 3.733473987586e+00 1.609825584613e+01 1.782833092694e+01 1 1 1 0.0 0.0 0.0
Nb 6.351687398028e+00 1.836569517228e+01 1.782833092694e+01 1 1 1 0.0 0.0 0.0
Nb 8.969900808469e+00 2.063313449843e+01 1.782833092694e+01 1 1 1 0.0 0.0 0.0
Nb 1.158811421891e+01 2.290057382459e+01 1.782833092694e+01 1 1 1 0.0 0.0 0.0
Nb 1.420632762935e+01 2.516801315074e+01 1.782833092694e+01 1 1 1 0.0 0.0 0.0
Nb 1.682454103979e+01 2.743545247689e+01 1.782833092694e+01 1 1 1 0.0 0.0 0.0
Nb 1.115260576767e+00 2.970289180305e+01 1.782833092694e+01 1 1 1 0.0 0.0 0.0
Nb 1.769813929849e+00 1.042965753075e+01 1.782833092694e+01 1 1 1 0.0 0.0 0.0
Nb 4.388027340291e+00 1.269709685690e+01 1.782833092694e+01 1 1 1 0.0 0.0 0.0
Nb 7.006240750732e+00 1.496453618305e+01 1.782833092694e+01 1 1 1 0.0 0.0 0.0
Nb 9.624454161174e+00 1.723197550920e+01 1.782833092694e+01 1 1 1 0.0 0.0 0.0
Nb 1.224266757162e+01 1.949941483536e+01 1.782833092694e+01 1 1 1 0.0 0.0 0.0
Nb 1.486088098206e+01 2.176685416151e+01 1.782833092694e+01 1 1 1 0.0 0.0 0.0
Nb 1.747909439250e+01 2.403429348766e+01 1.782833092694e+01 1 1 1 0.0 0.0 0.0
Nb 2.424367282554e+00 7.028498541516e+00 1.782833092694e+01 1 1 1 0.0 0.0 0.0
Nb 5.042580692995e+00 9.295937867669e+00 1.782833092694e+01 1 1 1 0.0 0.0 0.0
Nb 7.660794103437e+00 1.156337719382e+01 1.782833092694e+01 1 1 1 0.0 0.0 0.0
Nb 1.027900751388e+01 1.383081651997e+01 1.782833092694e+01 1 1 1 0.0 0.0 0.0
Nb 1.289722092432e+01 1.609825584613e+01 1.782833092694e+01 1 1 1 0.0 0.0 0.0
Nb 1.551543433476e+01 1.836569517228e+01 1.782833092694e+01 1 1 1 0.0 0.0 0.0
Nb 1.813364774520e+01 2.063313449843e+01 1.782833092694e+01 1 1 1 0.0 0.0 0.0
Nb 3.078920635258e+00 3.627339552286e+00 1.782833092694e+01 1 1 1 0.0 0.0 0.0
Nb 5.697134045700e+00 5.894778878439e+00 1.782833092694e+01 1 1 1 0.0 0.0 0.0
Nb 8.315347456142e+00 8.162218204592e+00 1.782833092694e+01 1 1 1 0.0 0.0 0.0
Nb 1.093356086658e+01 1.042965753075e+01 1.782833092694e+01 1 1 1 0.0 0.0 0.0
Nb 1.355177427703e+01 1.269709685690e+01 1.782833092694e+01 1 1 1 0.0 0.0 0.0
Nb 1.616998768747e+01 1.496453618305e+01 1.782833092694e+01 1 1 1 0.0 0.0 0.0
Nb 4.607072244395e-01 1.723197550920e+01 1.782833092694e+01 1 1 1 0.0 0.0 0.0
Nb 1.769813929095e+00 4.217380809689e+01 1.782833092694e+01 1 1 1 0.0 0.0 0.0
Nb 3.733473987963e+00 2.261805630567e-01 1.782833092694e+01 1 1 1 0.0 0.0 0.0
Nb 6.351687398405e+00 2.493619889210e+00 1.782833092694e+01 1 1 1 0.0 0.0 0.0
Nb 8.969900808846e+00 4.761059215363e+00 1.782833092694e+01 1 1 1 0.0 0.0 0.0
Nb 1.158811421929e+01 7.028498541516e+00 1.782833092694e+01 1 1 1 0.0 0.0 0.0
Nb 1.420632762973e+01 9.295937867669e+00 1.782833092694e+01 1 1 1 0.0 0.0 0.0
Nb 1.682454104017e+01 1.156337719382e+01 1.782833092694e+01 1 1 1 0.0 0.0 0.0
Nb 1.115260577144e+00 1.383081651997e+01 1.782833092694e+01 1 1 1 0.0 0.0 0.0
Nb 7.660794102683e+00 4.330752775996e+01 1.782833092694e+01 1 1 1 0.0 0.0 0.0
Nb 9.624454161551e+00 1.359900226133e+00 1.782833092694e+01 1 1 1 0.0 0.0 0.0
Nb 1.224266757199e+01 3.627339552286e+00 1.782833092694e+01 1 1 1 0.0 0.0 0.0
Nb 1.486088098243e+01 5.894778878439e+00 1.782833092694e+01 1 1 1 0.0 0.0 0.0
Nb 1.747909439288e+01 8.162218204592e+00 1.782833092694e+01 1 1 1 0.0 0.0 0.0
Nb 1.093356086583e+01 4.217380809689e+01 1.782833092694e+01 1 1 1 0.0 0.0 0.0
Nb 1.289722092470e+01 2.261805630567e-01 1.782833092694e+01 1 1 1 0.0 0.0 0.0
Nb 1.551543433514e+01 2.493619889210e+00 1.782833092694e+01 1 1 1 0.0 0.0 0.0
Nb 1.813364774558e+01 4.761059215363e+00 1.782833092694e+01 1 1 1 0.0 0.0 0.0
Nb 1.682454103942e+01 4.330752775996e+01 1.782833092694e+01 1 1 1 0.0 0.0 0.0
Nb 4.607072248165e-01 1.359900226133e+00 1.782833092694e+01 1 1 1 0.0 0.0 0.0
Nb 2.431497143749e+00 3.876591756428e+01 1.168208868332e+01 1 1 1 0.0 0.0 0.0
Nb 5.049710554191e+00 4.103335689043e+01 1.168208868332e+01 1 1 1 0.0 0.0 0.0
Nb 3.086050496454e+00 3.536475857505e+01 1.168208868332e+01 1 1 1 0.0 0.0 0.0
Nb 5.704263906895e+00 3.763219790120e+01 1.168208868332e+01 1 1 1 0.0 0.0 0.0
Nb 8.322477317337e+00 3.989963722735e+01 1.168208868332e+01 1 1 1 0.0 0.0 0.0
Nb 3.740603849158e+00 3.196359958582e+01 1.168208868332e+01 1 1 1 0.0 0.0 0.0
Nb 6.358817259600e+00 3.423103891197e+01 1.168208868332e+01 1 1 1 0.0 0.0 0.0
Nb 8.977030670042e+00 3.649847823812e+01 1.168208868332e+01 1 1 1 0.0 0.0 0.0
Nb 1.159524408048e+01 3.876591756428e+01 1.168208868332e+01 1 1 1 0.0 0.0 0.0
Nb 1.421345749093e+01 4.103335689043e+01 1.168208868332e+01 1 1 1 0.0 0.0 0.0
Nb 1.776943791421e+00 2.629500127043e+01 1.168208868332e+01 1 1 1 0.0 0.0 0.0
Nb 4.395157201863e+00 2.856244059659e+01 1.168208868332e+01 1 1 1 0.0 0.0 0.0
Nb 7.013370612305e+00 3.082987992274e+01 1.168208868332e+01 1 1 1 0.0 0.0 0.0
Nb 9.631584022746e+00 3.309731924889e+01 1.168208868332e+01 1 1 1 0.0 0.0 0.0
Nb 1.224979743319e+01 3.536475857505e+01 1.168208868332e+01 1 1 1 0.0 0.0 0.0
Nb 1.486801084363e+01 3.763219790120e+01 1.168208868332e+01 1 1 1 0.0 0.0 0.0
Nb 1.748622425407e+01 3.989963722735e+01 1.168208868332e+01 1 1 1 0.0 0.0 0.0
Nb 2.431497144126e+00 2.289384228120e+01 1.168208868332e+01 1 1 1 0.0 0.0 0.0
Nb 5.049710554568e+00 2.516128160736e+01 1.168208868332e+01 1 1 1 0.0 0.0 0.0
Nb 7.667923965009e+00 2.742872093351e+01 1.168208868332e+01 1 1 1 0.0 0.0 0.0
Nb 1.028613737545e+01 2.969616025966e+01 1.168208868332e+01 1 1 1 0.0 0.0 0.0
Nb 1.290435078589e+01 3.196359958582e+01 1.168208868332e+01 1 1 1 0.0 0.0 0.0
Nb 1.552256419633e+01 3.423103891197e+01 1.168208868332e+01 1 1 1 0.0 0.0 0.0
Nb 1.814077760678e+01 3.649847823812e+01 1.168208868332e+01 1 1 1 0.0 0.0 0.0
Nb 3.086050496831e+00 1.949268329197e+01 1.168208868332e+01 1 1 1 0.0 0.0 0.0
Nb 5.704263907272e+00 2.176012261813e+01 1.168208868332e+01 1 1 1 0.0 0.0 0.0
Nb 8.322477317714e+00 2.402756194428e+01 1.168208868332e+01 1 1 1 0.0 0.0 0.0
Nb 1.094069072816e+01 2.629500127043e+01 1.168208868332e+01 1 1 1 0.0 0.0 0.0
Nb 1.355890413860e+01 2.856244059659e+01 1.168208868332e+01 1 1 1 0.0 0.0 0.0
Nb 1.617711754904e+01 3.082987992274e+01 1.168208868332e+01 1 1 1 0.0 0.0 0.0
Nb 1.879533095948e+01 3.309731924889e+01 1.168208868332e+01 1 1 1 0.0 0.0 0.0
Nb 3.740603849535e+00 1.609152430275e+01 1.168208868332e+01 1 1 1 0.0 0.0 0.0
Nb 6.358817259977e+00 1.835896362890e+01 1.168208868332e+01 1 1 1 0.0 0.0 0.0
Nb 8.977030670419e+00 2.062640295505e+01 1.168208868332e+01 1 1 1 0.0 0.0 0.0
Nb 1.159524408086e+01 2.289384228120e+01 1.168208868332e+01 1 1 1 0.0 0.0 0.0
Nb 1.421345749130e+01 2.516128160736e+01 1.168208868332e+01 1 1 1 0.0 0.0 0.0
Nb 1.683167090174e+01 2.742872093351e+01 1.168208868332e+01 1 1 1 0.0 0.0 0.0
Nb 1.122390438717e+00 2.969616025966e+01 1.168208868332e+01 1 1 1 0.0 0.0 0.0
Nb 1.776943791798e+00 1.042292598736e+01 1.168208868332e+01 1 1 1 0.0 0.0 0.0
Nb 4.395157202240e+00 1.269036531352e+01 1.168208868332e+01 1 1 1 0.0 0.0 0.0
Nb 7.013370612682e+00 1.495780463967e+01 1.168208868332e+01 1 1 1 0.0 0.0 0.0
Nb 9.631584023124e+00 1.722524396582e+01 1.168208868332e+01 1 1 1 0.0 0.0 0.0
Nb 1.224979743357e+01 1.949268329197e+01 1.168208868332e+01 1 1 1 0.0 0.0 0.0
Nb 1.486801084401e+01 2.176012261813e+01 1.168208868332e+01 1 1 1 0.0 0.0 0.0
Nb 1.748622425445e+01 2.402756194428e+01 1.168208868332e+01 1 1 1 0.0 0.0 0.0
Nb 2.431497144503e+00 7.021766998133e+00 1.168208868332e+01 1 1 1 0.0 0.0 0.0
Nb 5.049710554945e+00 9.289206324286e+00 1.168208868332e+01 1 1 1 0.0 0.0 0.0
Nb 7.667923965387e+00 1.155664565044e+01 1.168208868332e+01 1 1 1 0.0 0.0 0.0
Nb 1.028613737583e+01 1.382408497659e+01 1.168208868332e+01 1 1 1 0.0 0.0 0.0
Nb 1.290435078627e+01 1.609152430275e+01 1.168208868332e+01 1 1 1 0.0 0.0 0.0
Nb 1.552256419671e+01 1.835896362890e+01 1.168208868332e+01 1 1 1 0.0 0.0 0.0
Nb 1.814077760715e+01 2.062640295505e+01 1.168208868332e+01 1 1 1 0.0 0.0 0.0
Nb 3.086050497208e+00 3.620608008903e+00 1.168208868332e+01 1 1 1 0.0 0.0 0.0
Nb 5.704263907649e+00 5.888047335056e+00 1.168208868332e+01 1 1 1 0.0 0.0 0.0
Nb 8.322477318091e+00 8.155486661209e+00 1.168208868332e+01 1 1 1 0.0 0.0 0.0
Nb 1.094069072853e+01 1.042292598736e+01 1.168208868332e+01 1 1 1 0.0 0.0 0.0
Nb 1.355890413897e+01 1.269036531352e+01 1.168208868332e+01 1 1 1 0.0 0.0 0.0
Nb 1.617711754942e+01 1.495780463967e+01 1.168208868332e+01 1 1 1 0.0 0.0 0.0
Nb 4.678370863890e-01 1.722524396582e+01 1.168208868332e+01 1 1 1 0.0 0.0 0.0
Nb 1.776943791044e+00 4.216707655350e+01 1.168208868332e+01 1 1 1 0.0 0.0 0.0
Nb 3.740603849912e+00 2.194490196739e-01 1.168208868332e+01 1 1 1 0.0 0.0 0.0
Nb 6.358817260354e+00 2.486888345827e+00 1.168208868332e+01 1 1 1 0.0 0.0 0.0
Nb 8.977030670796e+00 4.754327671980e+00 1.168208868332e+01 1 1 1 0.0 0.0 0.0
Nb 1.159524408124e+01 7.021766998133e+00 1.168208868332e+01 1 1 1 0.0 0.0 0.0
Nb 1.421345749168e+01 9.289206324286e+00 1.168208868332e+01 1 1 1 0.0 0.0 0.0
Nb 1.683167090212e+01 1.155664565044e+01 1.168208868332e+01 1 1 1 0.0 0.0 0.0
Nb 1.122390439094e+00 1.382408497659e+01 1.168208868332e+01 1 1 1 0.0 0.0 0.0
Nb 7.667923964632e+00 4.330079621658e+01 1.168208868332e+01 1 1 1 0.0 0.0 0.0
Nb 9.631584023501e+00 1.353168682750e+00 1.168208868332e+01 1 1 1 0.0 0.0 0.0
Nb 1.224979743394e+01 3.620608008903e+00 1.168208868332e+01 1 1 1 0.0 0.0 0.0
Nb 1.486801084438e+01 5.888047335056e+00 1.168208868332e+01 1 1 1 0.0 0.0 0.0
Nb 1.748622425483e+01 8.155486661209e+00 1.168208868332e+01 1 1 1 0.0 0.0 0.0
Nb 1.094069072778e+01 4.216707655350e+01 1.168208868332e+01 1 1 1 0.0 0.0 0.0
Nb 1.290435078665e+01 2.194490196739e-01 1.168208868332e+01 1 1 1 0.0 0.0 0.0
Nb 1.552256419709e+01 2.486888345827e+00 1.168208868332e+01 1 1 1 0.0 0.0 0.0
Nb 1.814077760753e+01 4.754327671980e+00 1.168208868332e+01 1 1 1 0.0 0.0 0.0
Nb 1.683167090137e+01 4.330079621658e+01 1.168208868332e+01 1 1 1 0.0 0.0 0.0
Nb 4.678370867661e-01 1.353168682750e+00 1.168208868332e+01 1 1 1 0.0 0.0 0.0
Bi 1.078642267133e+01 3.827276098921e+00 3.834784015603e+01 1 1 1 0.0 0.0 0.0
Bi 1.119397475871e+01 7.998508821561e+00 3.834784015603e+01 1 1 1 0.0 0.0 0.0
Bi 1.160152684609e+01 1.216974154420e+01 3.834784015603e+01 1 1 1 0.0 0.0 0.0
Bi 1.200907893348e+01 1.634097426684e+01 3.834784015603e+01 1 1 1 0.0 0.0 0.0
Bi 1.241663102086e+01 2.051220698948e+01 3.834784015603e+01 1 1 1 0.0 0.0 0.0
Bi 1.282418310824e+01 2.468343971212e+01 3.834784015603e+01 1 1 1 0.0 0.0 0.0
Bi 1.323173519563e+01 2.885467243476e+01 3.834784015603e+01 1 1 1 0.0 0.0 0.0
Bi 1.363928728301e+01 3.302590515740e+01 3.834784015603e+01 1 1 1 0.0 0.0 0.0
Bi 1.404683937039e+01 3.719713788004e+01 3.834784015603e+01 1 1 1 0.0 0.0 0.0
Bi 1.445439145778e+01 4.136837060268e+01 3.834784015603e+01 1 1 1 0.0 0.0 0.0
Bi 6.957903061678e+00 2.158783009865e+00 3.834784015603e+01 1 1 1 0.0 0.0 0.0
Bi 7.365455149062e+00 6.330015732505e+00 3.834784015603e+01 1 1 1 0.0 0.0 0.0
Bi 7.773007236445e+00 1.050124845515e+01 3.834784015603e+01 1 1 1 0.0 0.0 0.0
Bi 8.180559323829e+00 1.467248117779e+01 3.834784015603e+01 1 1 1 0.0 0.0 0.0
Bi 8.588111411213e+00 1.884371390043e+01 3.834784015603e+01 1 1 1 0.0 0.0 0.0
Bi 8.995663498597e+00 2.301494662307e+01 3.834784015603e+01 1 1 1 0.0 0.0 0.0
Bi 9.403215585980e+00 2.718617934571e+01 3.834784015603e+01 1 1 1 0.0 0.0 0.0
Bi 9.810767673364e+00 3.135741206835e+01 3.834784015603e+01 1 1 1 0.0 0.0 0.0
Bi 1.021831976075e+01 3.552864479099e+01 3.834784015603e+01 1 1 1 0.0 0.0 0.0
Bi 1.062587184813e+01 3.969987751363e+01 3.834784015603e+01 1 1 1 0.0 0.0 0.0
Bi 1.103342393552e+01 4.387111023627e+01 3.834784015603e+01 1 1 1 0.0 0.0 0.0
Bi 3.536935539414e+00 4.661522643449e+00 3.834784015603e+01 1 1 1 0.0 0.0 0.0
Bi 3.944487626798e+00 8.832755366089e+00 3.834784015603e+01 1 1 1 0.0 0.0 0.0
Bi 4.352039714182e+00 1.300398808873e+01 3.834784015603e+01 1 1 1 0.0 0.0 0.0
Bi 4.759591801566e+00 1.717522081137e+01 3.834784015603e+01 1 1 1 0.0 0.0 0.0
Bi 5.167143888949e+00 2.134645353401e+01 3.834784015603e+01 1 1 1 0.0 0.0 0.0
Bi 5.574695976333e+00 2.551768625665e+01 3.834784015603e+01 1 1 1 0.0 0.0 0.0
Bi 5.982248063717e+00 2.968891897929e+01 3.834784015603e+01 1 1 1 0.0 0.0 0.0
Bi 6.389800151100e+00 3.386015170193e+01 3.834784015603e+01 1 1 1 0.0 0.0 0.0
Bi 6.797352238484e+00 3.803138442457e+01 3.834784015603e+01 1 1 1 0.0 0.0 0.0
Bi 7.204904325868e+00 4.220261714721e+01 3.834784015603e+01 1 1 1 0.0 0.0 0.0
Bi 1.803590980324e+01 2.993029554393e+00 3.834784015603e+01 1 1 1 0.0 0.0 0.0
Bi 1.159680171508e-01 7.164262277033e+00 3.834784015603e+01 1 1 1 0.0 0.0 0.0
Bi 5.235201045345e-01 1.133549499967e+01 3.834784015603e+01 1 1 1 0.0 0.0 0.0
Bi 9.310721919182e-01 1.550672772231e+01 3.834784015603e+01 1 1 1 0.0 0.0 0.0
Bi 1.338624279302e+00 1.967796044495e+01 3.834784015603e+01 1 1 1 0.0 0.0 0.0
Bi 1.746176366686e+00 2.384919316759e+01 3.834784015603e+01 1 1 1 0.0 0.0 0.0
Bi 2.153728454069e+00 2.802042589023e+01 3.834784015603e+01 1 1 1 0.0 0.0 0.0
Bi 2.561280541453e+00 3.219165861287e+01 3.834784015603e+01 1 1 1 0.0 0.0 0.0
Bi 2.968832628837e+00 3.636289133551e+01 3.834784015603e+01 1 1 1 0.0 0.0 0.0
Bi 3.376384716221e+00 4.053412405815e+01 3.834784015603e+01 1 1 1 0.0 0.0 0.0
Bi 3.129383452031e+00 4.902899208094e-01 3.834784015603e+01 1 1 1 0.0 0.0 0.0
Bi 1.420739019359e+01 1.324536465337e+00 3.834784015603e+01 1 1 1 0.0 0.0 0.0
Bi 1.461494228097e+01 5.495769187977e+00 3.834784015603e+01 1 1 1 0.0 0.0 0.0
Bi 1.502249436836e+01 9.667001910617e+00 3.834784015603e+01 1 1 1 0.0 0.0 0.0
Bi 1.543004645574e+01 1.383823463326e+01 3.834784015603e+01 1 1 1 0.0 0.0 0.0
Bi 1.583759854312e+01 1.800946735590e+01 3.834784015603e+01 1 1 1 0.0 0.0 0.0
Bi 1.624515063051e+01 2.218070007854e+01 3.834784015603e+01 1 1 1 0.0 0.0 0.0
Bi 1.665270271789e+01 2.635193280118e+01 3.834784015603e+01 1 1 1 0.0 0.0 0.0
Bi 1.706025480527e+01 3.052316552382e+01 3.834784015603e+01 1 1 1 0.0 0.0 0.0
Bi 1.746780689266e+01 3.469439824646e+01 3.834784015603e+01 1 1 1 0.0 0.0 0.0
Bi 1.787535898004e+01 3.886563096910e+01 3.834784015603e+01 1 1 1 0.0 0.0 0.0
Bi 1.828291106743e+01 4.303686369174e+01 3.834784015603e+01 1 1 1 0.0 0.0 0.0
Bi 1.323844746647e+01 3.554798819487e+00 3.436119714775e+01 1 1 1 0.0 0.0 0.0
Bi 1.364599955385e+01 7.726031542127e+00 3.436119714775e+01 1 1 1 0.0 0.0 0.0
Bi 1.405355164124e+01 1.189726426477e+01 3.436119714775e+01 1 1 1 0.0 0.0 0.0
Bi 1.446110372862e+01 1.606849698741e+01 3.436119714775e+01 1 1 1 0.0 0.0 0.0
Bi 1.486865581600e+01 2.023972971005e+01 3.436119714775e+01 1 1 1 0.0 0.0 0.0
Bi 1.527620790339e+01 2.441096243269e+01 3.436119714775e+01 1 1 1 0.0 0.0 0.0
Bi 1.568375999077e+01 2.858219515533e+01 3.436119714775e+01 1 1 1 0.0 0.0 0.0
Bi 1.609131207816e+01 3.275342787797e+01 3.436119714775e+01 1 1 1 0.0 0.0 0.0
Bi 1.649886416554e+01 3.692466060061e+01 3.436119714775e+01 1 1 1 0.0 0.0 0.0
Bi 1.690641625292e+01 4.109589332325e+01 3.436119714775e+01 1 1 1 0.0 0.0 0.0
Bi 9.409927856822e+00 1.886305730431e+00 3.436119714775e+01 1 1 1 0.0 0.0 0.0
Bi 9.817479944206e+00 6.057538453071e+00 3.436119714775e+01 1 1 1 0.0 0.0 0.0
Bi 1.022503203159e+01 1.022877117571e+01 3.436119714775e+01 1 1 1 0.0 0.0 0.0
Bi 1.063258411897e+01 1.440000389835e+01 3.436119714775e+01 1 1 1 0.0 0.0 0.0
Bi 1.104013620636e+01 1.857123662099e+01 3.436119714775e+01 1 1 1 0.0 0.0 0.0
Bi 1.144768829374e+01 2.274246934363e+01 3.436119714775e+01 1 1 1 0.0 0.0 0.0
Bi 1.185524038112e+01 2.691370206627e+01 3.436119714775e+01 1 1 1 0.0 0.0 0.0
Bi 1.226279246851e+01 3.108493478891e+01 3.436119714775e+01 1 1 1 0.0 0.0 0.0
Bi 1.267034455589e+01 3.525616751155e+01 3.436119714775e+01 1 1 1 0.0 0.0 0.0
Bi 1.307789664328e+01 3.942740023419e+01 3.436119714775e+01 1 1 1 0.0 0.0 0.0
Bi 1.348544873066e+01 4.359863295683e+01 3.436119714775e+01 1 1 1 0.0 0.0 0.0
Bi 5.988960334559e+00 4.389045364015e+00 3.436119714775e+01 1 1 1 0.0 0.0 0.0
Bi 6.396512421943e+00 8.560278086655e+00 3.436119714775e+01 1 1 1 0.0 0.0 0.0
Bi 6.804064509326e+00 1.273151080929e+01 3.436119714775e+01 1 1 1 0.0 0.0 0.0
Bi 7.211616596710e+00 1.690274353193e+01 3.436119714775e+01 1 1 1 0.0 0.0 0.0
Bi 7.619168684094e+00 2.107397625457e+01 3.436119714775e+01 1 1 1 0.0 0.0 0.0
Bi 8.026720771477e+00 2.524520897721e+01 3.436119714775e+01 1 1 1 0.0 0.0 0.0
Bi 8.434272858861e+00 2.941644169985e+01 3.436119714775e+01 1 1 1 0.0 0.0 0.0
Bi 8.841824946245e+00 3.358767442249e+01 3.436119714775e+01 1 1 1 0.0 0.0 0.0
Bi 9.249377033629e+00 3.775890714513e+01 3.436119714775e+01 1 1 1 0.0 0.0 0.0
Bi 9.656929121012e+00 4.193013986777e+01 3.436119714775e+01 1 1 1 0.0 0.0 0.0
Bi 2.160440724912e+00 2.720552274959e+00 3.436119714775e+01 1 1 1 0.0 0.0 0.0
Bi 2.567992812295e+00 6.891784997599e+00 3.436119714775e+01 1 1 1 0.0 0.0 0.0
Bi 2.975544899679e+00 1.106301772024e+01 3.436119714775e+01 1 1 1 0.0 0.0 0.0
Bi 3.383096987063e+00 1.523425044288e+01 3.436119714775e+01 1 1 1 0.0 0.0 0.0
Bi 3.790649074446e+00 1.940548316552e+01 3.436119714775e+01 1 1 1 0.0 0.0 0.0
Bi 4.198201161830e+00 2.357671588816e+01 3.436119714775e+01 1 1 1 0.0 0.0 0.0
Bi 4.605753249214e+00 2.774794861080e+01 3.436119714775e+01 1 1 1 0.0 0.0 0.0
Bi 5.013305336598e+00 3.191918133344e+01 3.436119714775e+01 1 1 1 0.0 0.0 0.0
Bi 5.420857423981e+00 3.609041405608e+01 3.436119714775e+01 1 1 1 0.0 0.0 0.0
Bi 5.828409511365e+00 4.026164677872e+01 3.436119714775e+01 1 1 1 0.0 0.0 0.0
Bi 5.581408247175e+00 2.178126413748e-01 3.436119714775e+01 1 1 1 0.0 0.0 0.0
Bi 1.665941498873e+01 1.052059185903e+00 3.436119714775e+01 1 1 1 0.0 0.0 0.0
Bi 1.706696707612e+01 5.223291908543e+00 3.436119714775e+01 1 1 1 0.0 0.0 0.0
Bi 1.747451916350e+01 9.394524631183e+00 3.436119714775e+01 1 1 1 0.0 0.0 0.0
Bi 1.788207125088e+01 1.356575735382e+01 3.436119714775e+01 1 1 1 0.0 0.0 0.0
Bi 1.828962333827e+01 1.773699007646e+01 3.436119714775e+01 1 1 1 0.0 0.0 0.0
Bi 3.696815521829e-01 2.190822279910e+01 3.436119714775e+01 1 1 1 0.0 0.0 0.0
Bi 7.772336395666e-01 2.607945552174e+01 3.436119714775e+01 1 1 1 0.0 0.0 0.0
Bi 1.184785726950e+00 3.025068824438e+01 3.436119714775e+01 1 1 1 0.0 0.0 0.0
Bi 1.592337814334e+00 3.442192096702e+01 3.436119714775e+01 1 1 1 0.0 0.0 0.0
Bi 1.999889901718e+00 3.859315368966e+01 3.436119714775e+01 1 1 1 0.0 0.0 0.0
Bi 2.407441989101e+00 4.276438641230e+01 3.436119714775e+01 1 1 1 0.0 0.0 0.0
Bi 1.328211326239e+01 3.501342212648e+00 2.831971850542e+01 1 1 1 0.0 0.0 0.0
Bi 1.368966534978e+01 7.672574935288e+00 2.831971850542e+01 1 1 1 0.0 0.0 0.0
Bi 1.409721743716e+01 1.184380765793e+01 2.831971850542e+01 1 1 1 0.0 0.0 0.0
Bi 1.450476952455e+01 1.601504038057e+01 2.831971850542e+01 1 1 1 0.0 0.0 0.0
Bi 1.491232161193e+01 2.018627310321e+01 2.831971850542e+01 1 1 1 0.0 0.0 0.0
Bi 1.531987369931e+01 2.435750582585e+01 2.831971850542e+01 1 1 1 0.0 0.0 0.0
Bi 1.572742578670e+01 2.852873854849e+01 2.831971850542e+01 1 1 1 0.0 0.0 0.0
Bi 1.613497787408e+01 3.269997127113e+01 2.831971850542e+01 1 1 1 0.0 0.0 0.0
Bi 1.654252996146e+01 3.687120399377e+01 2.831971850542e+01 1 1 1 0.0 0.0 0.0
Bi 1.695008204885e+01 4.104243671641e+01 2.831971850542e+01 1 1 1 0.0 0.0 0.0
Bi 9.453593652748e+00 1.832849123592e+00 2.831971850542e+01 1 1 1 0.0 0.0 0.0
Bi 9.861145740131e+00 6.004081846232e+00 2.831971850542e+01 1 1 1 0.0 0.0 0.0
Bi 1.026869782751e+01 1.017531456887e+01 2.831971850542e+01 1 1 1 0.0 0.0 0.0
Bi 1.067624991490e+01 1.434654729151e+01 2.831971850542e+01 1 1 1 0.0 0.0 0.0
Bi 1.108380200228e+01 1.851778001415e+01 2.831971850542e+01 1 1 1 0.0 0.0 0.0
Bi 1.149135408967e+01 2.268901273679e+01 2.831971850542e+01 1 1 1 0.0 0.0 0.0
Bi 1.189890617705e+01 2.686024545943e+01 2.831971850542e+01 1 1 1 0.0 0.0 0.0
Bi 1.230645826443e+01 3.103147818207e+01 2.831971850542e+01 1 1 1 0.0 0.0 0.0
Bi 1.271401035182e+01 3.520271090471e+01 2.831971850542e+01 1 1 1 0.0 0.0 0.0
Bi 1.312156243920e+01 3.937394362735e+01 2.831971850542e+01 1 1 1 0.0 0.0 0.0
Bi 1.352911452658e+01 4.354517634999e+01 2.831971850542e+01 1 1 1 0.0 0.0 0.0
Bi 6.032626130484e+00 4.335588757176e+00 2.831971850542e+01 1 1 1 0.0 0.0 0.0
Bi 6.440178217868e+00 8.506821479816e+00 2.831971850542e+01 1 1 1 0.0 0.0 0.0
Bi 6.847730305251e+00 1.267805420246e+01 2.831971850542e+01 1 1 1 0.0 0.0 0.0
Bi 7.255282392635e+00 1.684928692510e+01 2.831971850542e+01 1 1 1 0.0 0.0 0.0
Bi 7.662834480019e+00 2.102051964774e+01 2.831971850542e+01 1 1 1 0.0 0.0 0.0
Bi 8.070386567403e+00 2.519175237038e+01 2.831971850542e+01 1 1 1 0.0 0.0 0.0
Bi 8.477938654786e+00 2.936298509302e+01 2.831971850542e+01 1 1 1 0.0 0.0 0.0
Bi 8.885490742170e+00 3.353421781566e+01 2.831971850542e+01 1 1 1 0.0 0.0 0.0
Bi 9.293042829554e+00 3.770545053830e+01 2.831971850542e+01 1 1 1 0.0 0.0 0.0
Bi 9.700594916937e+00 4.187668326094e+01 2.831971850542e+01 1 1 1 0.0 0.0 0.0
Bi 2.204106520837e+00 2.667095668120e+00 2.831971850542e+01 1 1 1 0.0 0.0 0.0
Bi 2.611658608220e+00 6.838328390760e+00 2.831971850542e+01 1 1 1 0.0 0.0 0.0
Bi 3.019210695604e+00 1.100956111340e+01 2.831971850542e+01 1 1 1 0.0 0.0 0.0
Bi 3.426762782988e+00 1.518079383604e+01 2.831971850542e+01 1 1 1 0.0 0.0 0.0
Bi 3.834314870372e+00 1.935202655868e+01 2.831971850542e+01 1 1 1 0.0 0.0 0.0
Bi 4.241866957755e+00 2.352325928132e+01 2.831971850542e+01 1 1 1 0.0 0.0 0.0
Bi 4.649419045139e+00 2.769449200396e+01 2.831971850542e+01 1 1 1 0.0 0.0 0.0
Bi 5.056971132523e+00 3.186572472660e+01 2.831971850542e+01 1 1 1 0.0 0.0 0.0
Bi 5.464523219906e+00 3.603695744924e+01 2.831971850542e+01 1 1 1 0.0 0.0 0.0
Bi 5.872075307290e+00 4.020819017188e+01 2.831971850542e+01 1 1 1 0.0 0.0 0.0
Bi 5.625074043100e+00 1.643560345362e-01 2.831971850542e+01 1 1 1 0.0 0.0 0.0
Bi 1.670308078466e+01 9.986025790642e-01 2.831971850542e+01 1 1 1 0.0 0.0 0.0
Bi 1.711063287204e+01 5.169835301704e+00 2.831971850542e+01 1 1 1 0.0 0.0 0.0
Bi 1.751818495943e+01 9.341068024344e+00 2.831971850542e+01 1 1 1 0.0 0.0 0.0
Bi 1.792573704681e+01 1.351230074698e+01 2.831971850542e+01 1 1 1 0.0 0.0 0.0
Bi 1.833328913419e+01 1.768353346962e+01 2.831971850542e+01 1 1 1 0.0 0.0 0.0
Bi 4.133473481080e-01 2.185476619226e+01 2.831971850542e+01 1 1 1 0.0 0.0 0.0
Bi 8.208994354917e-01 2.602599891490e+01 2.831971850542e+01 1 1 1 0.0 0.0 0.0
Bi 1.228451522875e+00 3.019723163754e+01 2.831971850542e+01 1 1 1 0.0 0.0 0.0
Bi 1.636003610259e+00 3.436846436018e+01 2.831971850542e+01 1 1 1 0.0 0.0 0.0
Bi 2.043555697643e+00 3.853969708282e+01 2.831971850542e+01 1 1 1 0.0 0.0 0.0
Bi 2.451107785027e+00 4.271092980546e+01 2.831971850542e+01 1 1 1 0.0 0.0 0.0
Bi 1.188403656520e+01 1.571139589698e+00 2.434799808390e+01 1 1 1 0.0 0.0 0.0
Bi 1.229158865258e+01 5.742372312338e+00 2.434799808390e+01 1 1 1 0.0 0.0 0.0
Bi 1.269914073997e+01 9.913605034978e+00 2.434799808390e+01 1 1 1 0.0 0.0 0.0
Bi 1.310669282735e+01 1.408483775762e+01 2.434799808390e+01 1 1 1 0.0 0.0 0.0
Bi 1.351424491473e+01 1.825607048026e+01 2.434799808390e+01 1 1 1 0.0 0.0 0.0
Bi 1.392179700212e+01 2.242730320290e+01 2.434799808390e+01 1 1 1 0.0 0.0 0.0
Bi 1.432934908950e+01 2.659853592554e+01 2.434799808390e+01 1 1 1 0.0 0.0 0.0
Bi 1.473690117689e+01 3.076976864818e+01 2.434799808390e+01 1 1 1 0.0 0.0 0.0
Bi 1.514445326427e+01 3.494100137082e+01 2.434799808390e+01 1 1 1 0.0 0.0 0.0
Bi 1.555200535165e+01 3.911223409346e+01 2.434799808390e+01 1 1 1 0.0 0.0 0.0
Bi 8.710070307126e+00 4.411771336063e+01 2.434799808390e+01 1 1 1 0.0 0.0 0.0
Bi 8.463069042936e+00 4.073879223282e+00 2.434799808390e+01 1 1 1 0.0 0.0 0.0
Bi 8.870621130320e+00 8.245111945922e+00 2.434799808390e+01 1 1 1 0.0 0.0 0.0
Bi 9.278173217703e+00 1.241634466856e+01 2.434799808390e+01 1 1 1 0.0 0.0 0.0
Bi 9.685725305087e+00 1.658757739120e+01 2.434799808390e+01 1 1 1 0.0 0.0 0.0
Bi 1.009327739247e+01 2.075881011384e+01 2.434799808390e+01 1 1 1 0.0 0.0 0.0
Bi 1.050082947985e+01 2.493004283648e+01 2.434799808390e+01 1 1 1 0.0 0.0 0.0
Bi 1.090838156724e+01 2.910127555912e+01 2.434799808390e+01 1 1 1 0.0 0.0 0.0
Bi 1.131593365462e+01 3.327250828176e+01 2.434799808390e+01 1 1 1 0.0 0.0 0.0
Bi 1.172348574201e+01 3.744374100440e+01 2.434799808390e+01 1 1 1 0.0 0.0 0.0
Bi 1.213103782939e+01 4.161497372704e+01 2.434799808390e+01 1 1 1 0.0 0.0 0.0
Bi 4.634549433289e+00 2.405386134226e+00 2.434799808390e+01 1 1 1 0.0 0.0 0.0
Bi 5.042101520672e+00 6.576618856866e+00 2.434799808390e+01 1 1 1 0.0 0.0 0.0
Bi 5.449653608056e+00 1.074785157951e+01 2.434799808390e+01 1 1 1 0.0 0.0 0.0
Bi 5.857205695440e+00 1.491908430215e+01 2.434799808390e+01 1 1 1 0.0 0.0 0.0
Bi 6.264757782824e+00 1.909031702479e+01 2.434799808390e+01 1 1 1 0.0 0.0 0.0
Bi 6.672309870207e+00 2.326154974743e+01 2.434799808390e+01 1 1 1 0.0 0.0 0.0
Bi 7.079861957591e+00 2.743278247007e+01 2.434799808390e+01 1 1 1 0.0 0.0 0.0
Bi 7.487414044975e+00 3.160401519271e+01 2.434799808390e+01 1 1 1 0.0 0.0 0.0
Bi 7.894966132358e+00 3.577524791535e+01 2.434799808390e+01 1 1 1 0.0 0.0 0.0
Bi 8.302518219742e+00 3.994648063799e+01 2.434799808390e+01 1 1 1 0.0 0.0 0.0
Bi 8.060298236414e-01 7.368930451703e-01 2.434799808390e+01 1 1 1 0.0 0.0 0.0
Bi 1.213581911025e+00 4.908125767810e+00 2.434799808390e+01 1 1 1 0.0 0.0 0.0
Bi 1.621133998409e+00 9.079358490450e+00 2.434799808390e+01 1 1 1 0.0 0.0 0.0
Bi 2.028686085793e+00 1.325059121309e+01 2.434799808390e+01 1 1 1 0.0 0.0 0.0
Bi 2.436238173176e+00 1.742182393573e+01 2.434799808390e+01 1 1 1 0.0 0.0 0.0
Bi 2.843790260560e+00 2.159305665837e+01 2.434799808390e+01 1 1 1 0.0 0.0 0.0
Bi 3.251342347944e+00 2.576428938101e+01 2.434799808390e+01 1 1 1 0.0 0.0 0.0
Bi 3.658894435327e+00 2.993552210365e+01 2.434799808390e+01 1 1 1 0.0 0.0 0.0
Bi 4.066446522711e+00 3.410675482629e+01 2.434799808390e+01 1 1 1 0.0 0.0 0.0
Bi 4.473998610095e+00 3.827798754893e+01 2.434799808390e+01 1 1 1 0.0 0.0 0.0
Bi 4.881550697479e+00 4.244922027157e+01 2.434799808390e+01 1 1 1 0.0 0.0 0.0
Bi 1.595955743904e+01 4.328346681610e+01 2.434799808390e+01 1 1 1 0.0 0.0 0.0
Bi 1.571255617485e+01 3.239632678754e+00 2.434799808390e+01 1 1 1 0.0 0.0 0.0
Bi 1.612010826223e+01 7.410865401394e+00 2.434799808390e+01 1 1 1 0.0 0.0 0.0
Bi 1.652766034961e+01 1.158209812403e+01 2.434799808390e+01 1 1 1 0.0 0.0 0.0
Bi 1.693521243700e+01 1.575333084667e+01 2.434799808390e+01 1 1 1 0.0 0.0 0.0
Bi 1.734276452438e+01 1.992456356931e+01 2.434799808390e+01 1 1 1 0.0 0.0 0.0
Bi 1.775031661177e+01 2.409579629195e+01 2.434799808390e+01 1 1 1 0.0 0.0 0.0
Bi 1.815786869915e+01 2.826702901459e+01 2.434799808390e+01 1 1 1 0.0 0.0 0.0
Bi 1.856542078653e+01 3.243826173723e+01 2.434799808390e+01 1 1 1 0.0 0.0 0.0
Bi 6.454790004476e-01 3.660949445987e+01 2.434799808390e+01 1 1 1 0.0 0.0 0.0
Bi 1.053031087831e+00 4.078072718251e+01 2.434799808390e+01 1 1 1 0.0 0.0 0.0
Se 1.879522938328e+01 3.838745661552e+01 1.000000000000e+01 1 1 1 0.0 0.0 0.0
Se 3.085948920249e+00 4.065489594167e+01 1.000000000000e+01 1 1 1 0.0 0.0 0.0
Se 1.122288862512e+00 3.498629762629e+01 1.000000000000e+01 1 1 1 0.0 0.0 0.0
Se 3.740502272954e+00 3.725373695244e+01 1.000000000000e+01 1 1 1 0.0 0.0 0.0
Se 6.358715683395e+00 3.952117627859e+01 1.000000000000e+01 1 1 1 0.0 0.0 0.0
Se 1.776842215217e+00 3.158513863706e+01 1.000000000000e+01 1 1 1 0.0 0.0 0.0
Se 4.395055625658e+00 3.385257796321e+01 1.000000000000e+01 1 1 1 0.0 0.0 0.0
Se 7.013269036100e+00 3.612001728936e+01 1.000000000000e+01 1 1 1 0.0 0.0 0.0
Se 9.631482446542e+00 3.838745661552e+01 1.000000000000e+01 1 1 1 0.0 0.0 0.0
Se 1.224969585698e+01 4.065489594167e+01 1.000000000000e+01 1 1 1 0.0 0.0 0.0
Se 1.814067603095e+01 2.591654032167e+01 1.000000000000e+01 1 1 1 0.0 0.0 0.0
Se 2.431395567921e+00 2.818397964783e+01 1.000000000000e+01 1 1 1 0.0 0.0 0.0
Se 5.049608978363e+00 3.045141897398e+01 1.000000000000e+01 1 1 1 0.0 0.0 0.0
Se 7.667822388805e+00 3.271885830013e+01 1.000000000000e+01 1 1 1 0.0 0.0 0.0
Se 1.028603579925e+01 3.498629762629e+01 1.000000000000e+01 1 1 1 0.0 0.0 0.0
Se 1.290424920969e+01 3.725373695244e+01 1.000000000000e+01 1 1 1 0.0 0.0 0.0
Se 1.552246262013e+01 3.952117627859e+01 1.000000000000e+01 1 1 1 0.0 0.0 0.0
Se 4.677355101844e-01 2.251538133244e+01 1.000000000000e+01 1 1 1 0.0 0.0 0.0
Se 3.085948920626e+00 2.478282065860e+01 1.000000000000e+01 1 1 1 0.0 0.0 0.0
Se 5.704162331068e+00 2.705025998475e+01 1.000000000000e+01 1 1 1 0.0 0.0 0.0
Se 8.322375741510e+00 2.931769931090e+01 1.000000000000e+01 1 1 1 0.0 0.0 0.0
Se 1.094058915195e+01 3.158513863706e+01 1.000000000000e+01 1 1 1 0.0 0.0 0.0
Se 1.355880256239e+01 3.385257796321e+01 1.000000000000e+01 1 1 1 0.0 0.0 0.0
Se 1.617701597283e+01 3.612001728936e+01 1.000000000000e+01 1 1 1 0.0 0.0 0.0
Se 1.122288862889e+00 1.911422234321e+01 1.000000000000e+01 1 1 1 0.0 0.0 0.0
Se 3.740502273331e+00 2.138166166937e+01 1.000000000000e+01 1 1 1 0.0 0.0 0.0
Se 6.358715683772e+00 2.364910099552e+01 1.000000000000e+01 1 1 1 0.0 0.0 0.0
Se 8.976929094214e+00 2.591654032167e+01 1.000000000000e+01 1 1 1 0.0 0.0 0.0
Se 1.159514250466e+01 2.818397964783e+01 1.000000000000e+01 1 1 1 0.0 0.0 0.0
Se 1.421335591510e+01 3.045141897398e+01 1.000000000000e+01 1 1 1 0.0 0.0 0.0
Se 1.683156932554e+01 3.271885830013e+01 1.000000000000e+01 1 1 1 0.0 0.0 0.0
Se 1.776842215594e+00 1.571306335399e+01 1.000000000000e+01 1 1 1 0.0 0.0 0.0
Se 4.395055626035e+00 1.798050268014e+01 1.000000000000e+01 1 1 1 0.0 0.0 0.0
Se 7.013269036477e+00 2.024794200629e+01 1.000000000000e+01 1 1 1 0.0 0.0 0.0
Se 9.631482446919e+00 2.251538133244e+01 1.000000000000e+01 1 1 1 0.0 0.0 0.0
Se 1.224969585736e+01 2.478282065860e+01 1.000000000000e+01 1 1 1 0.0 0.0 0.0
Se 1.486790926780e+01 2.705025998475e+01 1.000000000000e+01 1 1 1 0.0 0.0 0.0
Se 1.748612267824e+01 2.931769931090e+01 1.000000000000e+01 1 1 1 0.0 0.0 0.0
Se 1.814067603133e+01 1.004446503860e+01 1.000000000000e+01 1 1 1 0.0 0.0 0.0
Se 2.431395568298e+00 1.231190436476e+01 1.000000000000e+01 1 1 1 0.0 0.0 0.0
Se 5.049608978740e+00 1.457934369091e+01 1.000000000000e+01 1 1 1 0.0 0.0 0.0
Se 7.667822389182e+00 1.684678301706e+01 1.000000000000e+01 1 1 1 0.0 0.0 0.0
Se 1.028603579962e+01 1.911422234321e+01 1.000000000000e+01 1 1 1 0.0 0.0 0.0
Se 1.290424921007e+01 2.138166166937e+01 1.000000000000e+01 1 1 1 0.0 0.0 0.0
Se 1.552246262051e+01 2.364910099552e+01 1.000000000000e+01 1 1 1 0.0 0.0 0.0
Se 4.677355105614e-01 6.643306049373e+00 1.000000000000e+01 1 1 1 0.0 0.0 0.0
Se 3.085948921003e+00 8.910745375526e+00 1.000000000000e+01 1 1 1 0.0 0.0 0.0
Se 5.704162331445e+00 1.117818470168e+01 1.000000000000e+01 1 1 1 0.0 0.0 0.0
Se 8.322375741887e+00 1.344562402783e+01 1.000000000000e+01 1 1 1 0.0 0.0 0.0
Se 1.094058915233e+01 1.571306335399e+01 1.000000000000e+01 1 1 1 0.0 0.0 0.0
Se 1.355880256277e+01 1.798050268014e+01 1.000000000000e+01 1 1 1 0.0 0.0 0.0
Se 1.617701597321e+01 2.024794200629e+01 1.000000000000e+01 1 1 1 0.0 0.0 0.0
Se 1.122288863266e+00 3.242147060144e+00 1.000000000000e+01 1 1 1 0.0 0.0 0.0
Se 3.740502273708e+00 5.509586386297e+00 1.000000000000e+01 1 1 1 0.0 0.0 0.0
Se 6.358715684150e+00 7.777025712450e+00 1.000000000000e+01 1 1 1 0.0 0.0 0.0
Se 8.976929094591e+00 1.004446503860e+01 1.000000000000e+01 1 1 1 0.0 0.0 0.0
Se 1.159514250503e+01 1.231190436476e+01 1.000000000000e+01 1 1 1 0.0 0.0 0.0
Se 1.421335591547e+01 1.457934369091e+01 1.000000000000e+01 1 1 1 0.0 0.0 0.0
Se 1.683156932592e+01 1.684678301706e+01 1.000000000000e+01 1 1 1 0.0 0.0 0.0
Se 1.814067603057e+01 4.178861560475e+01 1.000000000000e+01 1 1 1 0.0 0.0 0.0
Se 2.431395567544e+00 4.405605493090e+01 1.000000000000e+01 1 1 1 0.0 0.0 0.0
Se 4.395055626413e+00 2.108427397067e+00 1.000000000000e+01 1 1 1 0.0 0.0 0.0
Se 7.013269036854e+00 4.375866723220e+00 1.000000000000e+01 1 1 1 0.0 0.0 0.0
Se 9.631482447296e+00 6.643306049373e+00 1.000000000000e+01 1 1 1 0.0 0.0 0.0
Se 1.224969585774e+01 8.910745375526e+00 1.000000000000e+01 1 1 1 0.0 0.0 0.0
Se 1.486790926818e+01 1.117818470168e+01 1.000000000000e+01 1 1 1 0.0 0.0 0.0
Se 1.748612267862e+01 1.344562402783e+01 1.000000000000e+01 1 1 1 0.0 0.0 0.0
Se 5.704162330691e+00 4.292233526782e+01 1.000000000000e+01 1 1 1 0.0 0.0 0.0
Se 7.667822389559e+00 9.747077339908e-01 1.000000000000e+01 1 1 1 0.0 0.0 0.0
Se 1.028603580000e+01 3.242147060144e+00 1.000000000000e+01 1 1 1 0.0 0.0 0.0
Se 1.290424921044e+01 5.509586386297e+00 1.000000000000e+01 1 1 1 0.0 0.0 0.0
Se 1.552246262088e+01 7.777025712450e+00 1.000000000000e+01 1 1 1 0.0 0.0 0.0
Se 8.976929093837e+00 4.178861560475e+01 1.000000000000e+01 1 1 1 0.0 0.0 0.0
Se 1.159514250428e+01 4.405605493090e+01 1.000000000000e+01 1 1 1 0.0 0.0 0.0
Se 1.355880256315e+01 2.108427397067e+00 1.000000000000e+01 1 1 1 0.0 0.0 0.0
Se 1.617701597359e+01 4.375866723220e+00 1.000000000000e+01 1 1 1 0.0 0.0 0.0
Se 1.486790926743e+01 4.292233526782e+01 1.000000000000e+01 1 1 1 0.0 0.0 0.0
Se 1.683156932629e+01 9.747077339908e-01 1.000000000000e+01 1 1 1 0.0 0.0 0.0
Se 1.115134471020e+00 4.028401552981e+01 1.614602824434e+01 1 1 1 0.0 0.0 0.0
Se 3.733347881461e+00 4.255145485596e+01 1.614602824434e+01 1 1 1 0.0 0.0 0.0
Se 1.769687823724e+00 3.688285654058e+01 1.614602824434e+01 1 1 1 0.0 0.0 0.0
Se 4.387901234166e+00 3.915029586673e+01 1.614602824434e+01 1 1 1 0.0 0.0 0.0
Se 7.006114644608e+00 4.141773519288e+01 1.614602824434e+01 1 1 1 0.0 0.0 0.0
Se 2.424241176429e+00 3.348169755135e+01 1.614602824434e+01 1 1 1 0.0 0.0 0.0
Se 5.042454586871e+00 3.574913687750e+01 1.614602824434e+01 1 1 1 0.0 0.0 0.0
Se 7.660667997312e+00 3.801657620365e+01 1.614602824434e+01 1 1 1 0.0 0.0 0.0
Se 1.027888140775e+01 4.028401552981e+01 1.614602824434e+01 1 1 1 0.0 0.0 0.0
Se 1.289709481820e+01 4.255145485596e+01 1.614602824434e+01 1 1 1 0.0 0.0 0.0
Se 4.605811186920e-01 2.781309923597e+01 1.614602824434e+01 1 1 1 0.0 0.0 0.0
Se 3.078794529134e+00 3.008053856212e+01 1.614602824434e+01 1 1 1 0.0 0.0 0.0
Se 5.697007939575e+00 3.234797788827e+01 1.614602824434e+01 1 1 1 0.0 0.0 0.0
Se 8.315221350017e+00 3.461541721442e+01 1.614602824434e+01 1 1 1 0.0 0.0 0.0
Se 1.093343476046e+01 3.688285654058e+01 1.614602824434e+01 1 1 1 0.0 0.0 0.0
Se 1.355164817090e+01 3.915029586673e+01 1.614602824434e+01 1 1 1 0.0 0.0 0.0
Se 1.616986158134e+01 4.141773519288e+01 1.614602824434e+01 1 1 1 0.0 0.0 0.0
Se 1.115134471397e+00 2.441194024674e+01 1.614602824434e+01 1 1 1 0.0 0.0 0.0
Se 3.733347881838e+00 2.667937957289e+01 1.614602824434e+01 1 1 1 0.0 0.0 0.0
Se 6.351561292280e+00 2.894681889904e+01 1.614602824434e+01 1 1 1 0.0 0.0 0.0
Se 8.969774702722e+00 3.121425822519e+01 1.614602824434e+01 1 1 1 0.0 0.0 0.0
Se 1.158798811316e+01 3.348169755135e+01 1.614602824434e+01 1 1 1 0.0 0.0 0.0
Se 1.420620152361e+01 3.574913687750e+01 1.614602824434e+01 1 1 1 0.0 0.0 0.0
Se 1.682441493405e+01 3.801657620365e+01 1.614602824434e+01 1 1 1 0.0 0.0 0.0
Se 1.769687824101e+00 2.101078125751e+01 1.614602824434e+01 1 1 1 0.0 0.0 0.0
Se 4.387901234543e+00 2.327822058366e+01 1.614602824434e+01 1 1 1 0.0 0.0 0.0
Se 7.006114644985e+00 2.554565990981e+01 1.614602824434e+01 1 1 1 0.0 0.0 0.0
Se 9.624328055426e+00 2.781309923597e+01 1.614602824434e+01 1 1 1 0.0 0.0 0.0
Se 1.224254146587e+01 3.008053856212e+01 1.614602824434e+01 1 1 1 0.0 0.0 0.0
Se 1.486075487631e+01 3.234797788827e+01 1.614602824434e+01 1 1 1 0.0 0.0 0.0
Se 1.747896828675e+01 3.461541721442e+01 1.614602824434e+01 1 1 1 0.0 0.0 0.0
Se 2.424241176806e+00 1.760962226828e+01 1.614602824434e+01 1 1 1 0.0 0.0 0.0
Se 5.042454587248e+00 1.987706159443e+01 1.614602824434e+01 1 1 1 0.0 0.0 0.0
Se 7.660667997689e+00 2.214450092058e+01 1.614602824434e+01 1 1 1 0.0 0.0 0.0
Se 1.027888140813e+01 2.441194024674e+01 1.614602824434e+01 1 1 1 0.0 0.0 0.0
Se 1.289709481857e+01 2.667937957289e+01 1.614602824434e+01 1 1 1 0.0 0.0 0.0
Se 1.551530822901e+01 2.894681889904e+01 1.614602824434e+01 1 1 1 0.0 0.0 0.0
Se 1.813352163946e+01 3.121425822519e+01 1.614602824434e+01 1 1 1 0.0 0.0 0.0
Se 4.605811190690e-01 1.194102395289e+01 1.614602824434e+01 1 1 1 0.0 0.0 0.0
Se 3.078794529511e+00 1.420846327905e+01 1.614602824434e+01 1 1 1 0.0 0.0 0.0
Se 5.697007939952e+00 1.647590260520e+01 1.614602824434e+01 1 1 1 0.0 0.0 0.0
Se 8.315221350394e+00 1.874334193135e+01 1.614602824434e+01 1 1 1 0.0 0.0 0.0
Se 1.093343476084e+01 2.101078125751e+01 1.614602824434e+01 1 1 1 0.0 0.0 0.0
Se 1.355164817128e+01 2.327822058366e+01 1.614602824434e+01 1 1 1 0.0 0.0 0.0
Se 1.616986158172e+01 2.554565990981e+01 1.614602824434e+01 1 1 1 0.0 0.0 0.0
Se 1.115134471774e+00 8.539864963664e+00 1.614602824434e+01 1 1 1 0.0 0.0 0.0
Se 3.733347882215e+00 1.080730428982e+01 1.614602824434e+01 1 1 1 0.0 0.0 0.0
Se 6.351561292657e+00 1.307474361597e+01 1.614602824434e+01 1 1 1 0.0 0.0 0.0
Se 8.969774703099e+00 1.534218294212e+01 1.614602824434e+01 1 1 1 0.0 0.0 0.0
Se 1.158798811354e+01 1.760962226828e+01 1.614602824434e+01 1 1 1 0.0 0.0 0.0
Se 1.420620152398e+01 1.987706159443e+01 1.614602824434e+01 1 1 1 0.0 0.0 0.0
Se 1.682441493442e+01 2.214450092058e+01 1.614602824434e+01 1 1 1 0.0 0.0 0.0
Se 1.769687824478e+00 5.138705974435e+00 1.614602824434e+01 1 1 1 0.0 0.0 0.0
Se 4.387901234920e+00 7.406145300588e+00 1.614602824434e+01 1 1 1 0.0 0.0 0.0
Se 7.006114645362e+00 9.673584626741e+00 1.614602824434e+01 1 1 1 0.0 0.0 0.0
Se 9.624328055804e+00 1.194102395289e+01 1.614602824434e+01 1 1 1 0.0 0.0 0.0
Se 1.224254146625e+01 1.420846327905e+01 1.614602824434e+01 1 1 1 0.0 0.0 0.0
Se 1.486075487669e+01 1.647590260520e+01 1.614602824434e+01 1 1 1 0.0 0.0 0.0
Se 1.747896828713e+01 1.874334193135e+01 1.614602824434e+01 1 1 1 0.0 0.0 0.0
Se 1.878807499178e+01 4.368517451904e+01 1.614602824434e+01 1 1 1 0.0 0.0 0.0
Se 2.424241177183e+00 1.737546985205e+00 1.614602824434e+01 1 1 1 0.0 0.0 0.0
Se 5.042454587625e+00 4.004986311358e+00 1.614602824434e+01 1 1 1 0.0 0.0 0.0
Se 7.660667998067e+00 6.272425637511e+00 1.614602824434e+01 1 1 1 0.0 0.0 0.0
Se 1.027888140851e+01 8.539864963664e+00 1.614602824434e+01 1 1 1 0.0 0.0 0.0
Se 1.289709481895e+01 1.080730428982e+01 1.614602824434e+01 1 1 1 0.0 0.0 0.0
Se 1.551530822939e+01 1.307474361597e+01 1.614602824434e+01 1 1 1 0.0 0.0 0.0
Se 1.813352163983e+01 1.534218294212e+01 1.614602824434e+01 1 1 1 0.0 0.0 0.0
Se 5.697007940329e+00 6.038273221288e-01 1.614602824434e+01 1 1 1 0.0 0.0 0.0
Se 8.315221350771e+00 2.871266648282e+00 1.614602824434e+01 1 1 1 0.0 0.0 0.0
Se 1.093343476121e+01 5.138705974435e+00 1.614602824434e+01 1 1 1 0.0 0.0 0.0
Se 1.355164817165e+01 7.406145300588e+00 1.614602824434e+01 1 1 1 0.0 0.0 0.0
Se 1.616986158210e+01 9.673584626741e+00 1.614602824434e+01 1 1 1 0.0 0.0 0.0
Se 9.624328055049e+00 4.368517451904e+01 1.614602824434e+01 1 1 1 0.0 0.0 0.0
Se 1.158798811392e+01 1.737546985205e+00 1.614602824434e+01 1 1 1 0.0 0.0 0.0
Se 1.420620152436e+01 4.004986311358e+00 1.614602824434e+01 1 1 1 0.0 0.0 0.0
Se 1.682441493480e+01 6.272425637511e+00 1.614602824434e+01 1 1 1 0.0 0.0 0.0
Se 1.486075487706e+01 6.038273221288e-01 1.614602824434e+01 1 1 1 0.0 0.0 0.0
Se 1.747896828751e+01 2.871266648282e+00 1.614602824434e+01 1 1 1 0.0 0.0 0.0
Se 1.879478653211e+01 3.838843747037e+01 1.336443756309e+01 1 1 1 0.0 0.0 0.0
Se 3.085506069078e+00 4.065587679652e+01 1.336443756309e+01 1 1 1 0.0 0.0 0.0
Se 1.121846011341e+00 3.498727848114e+01 1.336443756309e+01 1 1 1 0.0 0.0 0.0
Se 3.740059421783e+00 3.725471780729e+01 1.336443756309e+01 1 1 1 0.0 0.0 0.0
Se 6.358272832224e+00 3.952215713345e+01 1.336443756309e+01 1 1 1 0.0 0.0 0.0
Se 1.776399364046e+00 3.158611949191e+01 1.336443756309e+01 1 1 1 0.0 0.0 0.0
Se 4.394612774487e+00 3.385355881806e+01 1.336443756309e+01 1 1 1 0.0 0.0 0.0
Se 7.012826184929e+00 3.612099814422e+01 1.336443756309e+01 1 1 1 0.0 0.0 0.0
Se 9.631039595371e+00 3.838843747037e+01 1.336443756309e+01 1 1 1 0.0 0.0 0.0
Se 1.224925300581e+01 4.065587679652e+01 1.336443756309e+01 1 1 1 0.0 0.0 0.0
Se 1.814023317978e+01 2.591752117653e+01 1.336443756309e+01 1 1 1 0.0 0.0 0.0
Se 2.430952716750e+00 2.818496050268e+01 1.336443756309e+01 1 1 1 0.0 0.0 0.0
Se 5.049166127192e+00 3.045239982884e+01 1.336443756309e+01 1 1 1 0.0 0.0 0.0
Se 7.667379537634e+00 3.271983915499e+01 1.336443756309e+01 1 1 1 0.0 0.0 0.0
Se 1.028559294808e+01 3.498727848114e+01 1.336443756309e+01 1 1 1 0.0 0.0 0.0
Se 1.290380635852e+01 3.725471780729e+01 1.336443756309e+01 1 1 1 0.0 0.0 0.0
Se 1.552201976896e+01 3.952215713345e+01 1.336443756309e+01 1 1 1 0.0 0.0 0.0
Se 4.672926590133e-01 2.251636218730e+01 1.336443756309e+01 1 1 1 0.0 0.0 0.0
Se 3.085506069455e+00 2.478380151345e+01 1.336443756309e+01 1 1 1 0.0 0.0 0.0
Se 5.703719479897e+00 2.705124083961e+01 1.336443756309e+01 1 1 1 0.0 0.0 0.0
Se 8.321932890338e+00 2.931868016576e+01 1.336443756309e+01 1 1 1 0.0 0.0 0.0
Se 1.094014630078e+01 3.158611949191e+01 1.336443756309e+01 1 1 1 0.0 0.0 0.0
Se 1.355835971122e+01 3.385355881806e+01 1.336443756309e+01 1 1 1 0.0 0.0 0.0
Se 1.617657312166e+01 3.612099814422e+01 1.336443756309e+01 1 1 1 0.0 0.0 0.0
Se 1.121846011718e+00 1.911520319807e+01 1.336443756309e+01 1 1 1 0.0 0.0 0.0
Se 3.740059422160e+00 2.138264252422e+01 1.336443756309e+01 1 1 1 0.0 0.0 0.0
Se 6.358272832601e+00 2.365008185038e+01 1.336443756309e+01 1 1 1 0.0 0.0 0.0
Se 8.976486243043e+00 2.591752117653e+01 1.336443756309e+01 1 1 1 0.0 0.0 0.0
Se 1.159469965348e+01 2.818496050268e+01 1.336443756309e+01 1 1 1 0.0 0.0 0.0
Se 1.421291306393e+01 3.045239982884e+01 1.336443756309e+01 1 1 1 0.0 0.0 0.0
Se 1.683112647437e+01 3.271983915499e+01 1.336443756309e+01 1 1 1 0.0 0.0 0.0
Se 1.776399364423e+00 1.571404420884e+01 1.336443756309e+01 1 1 1 0.0 0.0 0.0
Se 4.394612774864e+00 1.798148353499e+01 1.336443756309e+01 1 1 1 0.0 0.0 0.0
Se 7.012826185306e+00 2.024892286115e+01 1.336443756309e+01 1 1 1 0.0 0.0 0.0
Se 9.631039595748e+00 2.251636218730e+01 1.336443756309e+01 1 1 1 0.0 0.0 0.0
Se 1.224925300619e+01 2.478380151345e+01 1.336443756309e+01 1 1 1 0.0 0.0 0.0
Se 1.486746641663e+01 2.705124083961e+01 1.336443756309e+01 1 1 1 0.0 0.0 0.0
Se 1.748567982707e+01 2.931868016576e+01 1.336443756309e+01 1 1 1 0.0 0.0 0.0
Se 1.814023318015e+01 1.004544589346e+01 1.336443756309e+01 1 1 1 0.0 0.0 0.0
Se 2.430952717127e+00 1.231288521961e+01 1.336443756309e+01 1 1 1 0.0 0.0 0.0
Se 5.049166127569e+00 1.458032454576e+01 1.336443756309e+01 1 1 1 0.0 0.0 0.0
Se 7.667379538011e+00 1.684776387192e+01 1.336443756309e+01 1 1 1 0.0 0.0 0.0
Se 1.028559294845e+01 1.911520319807e+01 1.336443756309e+01 1 1 1 0.0 0.0 0.0
Se 1.290380635889e+01 2.138264252422e+01 1.336443756309e+01 1 1 1 0.0 0.0 0.0
Se 1.552201976934e+01 2.365008185038e+01 1.336443756309e+01 1 1 1 0.0 0.0 0.0
Se 4.672926593903e-01 6.644286904228e+00 1.336443756309e+01 1 1 1 0.0 0.0 0.0
Se 3.085506069832e+00 8.911726230381e+00 1.336443756309e+01 1 1 1 0.0 0.0 0.0
Se 5.703719480274e+00 1.117916555653e+01 1.336443756309e+01 1 1 1 0.0 0.0 0.0
Se 8.321932890715e+00 1.344660488269e+01 1.336443756309e+01 1 1 1 0.0 0.0 0.0
Se 1.094014630116e+01 1.571404420884e+01 1.336443756309e+01 1 1 1 0.0 0.0 0.0
Se 1.355835971160e+01 1.798148353499e+01 1.336443756309e+01 1 1 1 0.0 0.0 0.0
Se 1.617657312204e+01 2.024892286115e+01 1.336443756309e+01 1 1 1 0.0 0.0 0.0
Se 1.121846012095e+00 3.243127914999e+00 1.336443756309e+01 1 1 1 0.0 0.0 0.0
Se 3.740059422537e+00 5.510567241152e+00 1.336443756309e+01 1 1 1 0.0 0.0 0.0
Se 6.358272832978e+00 7.778006567305e+00 1.336443756309e+01 1 1 1 0.0 0.0 0.0
Se 8.976486243420e+00 1.004544589346e+01 1.336443756309e+01 1 1 1 0.0 0.0 0.0
Se 1.159469965386e+01 1.231288521961e+01 1.336443756309e+01 1 1 1 0.0 0.0 0.0
Se 1.421291306430e+01 1.458032454576e+01 1.336443756309e+01 1 1 1 0.0 0.0 0.0
Se 1.683112647475e+01 1.684776387192e+01 1.336443756309e+01 1 1 1 0.0 0.0 0.0
Se 1.814023317940e+01 4.178959645960e+01 1.336443756309e+01 1 1 1 0.0 0.0 0.0
Se 2.430952716373e+00 4.405703578575e+01 1.336443756309e+01 1 1 1 0.0 0.0 0.0
Se 4.394612775241e+00 2.109408251922e+00 1.336443756309e+01 1 1 1 0.0 0.0 0.0
Se 7.012826185683e+00 4.376847578075e+00 1.336443756309e+01 1 1 1 0.0 0.0 0.0
Se 9.631039596125e+00 6.644286904228e+00 1.336443756309e+01 1 1 1 0.0 0.0 0.0
Se 1.224925300657e+01 8.911726230381e+00 1.336443756309e+01 1 1 1 0.0 0.0 0.0
Se 1.486746641701e+01 1.117916555653e+01 1.336443756309e+01 1 1 1 0.0 0.0 0.0
Se 1.748567982745e+01 1.344660488269e+01 1.336443756309e+01 1 1 1 0.0 0.0 0.0
Se 5.703719479520e+00 4.292331612268e+01 1.336443756309e+01 1 1 1 0.0 0.0 0.0
Se 7.667379538388e+00 9.756885888459e-01 1.336443756309e+01 1 1 1 0.0 0.0 0.0
Se 1.028559294883e+01 3.243127914999e+00 1.336443756309e+01 1 1 1 0.0 0.0 0.0
Se 1.290380635927e+01 5.510567241152e+00 1.336443756309e+01 1 1 1 0.0 0.0 0.0
Se 1.552201976971e+01 7.778006567305e+00 1.336443756309e+01 1 1 1 0.0 0.0 0.0
Se 8.976486242666e+00 4.178959645960e+01 1.336443756309e+01 1 1 1 0.0 0.0 0.0
Se 1.159469965311e+01 4.405703578575e+01 1.336443756309e+01 1 1 1 0.0 0.0 0.0
Se 1.355835971198e+01 2.109408251922e+00 1.336443756309e+01 1 1 1 0.0 0.0 0.0
Se 1.617657312242e+01 4.376847578075e+00 1.336443756309e+01 1 1 1 0.0 0.0 0.0
Se 1.486746641625e+01 4.292331612268e+01 1.336443756309e+01 1 1 1 0.0 0.0 0.0
Se 1.683112647512e+01 9.756885888459e-01 1.336443756309e+01 1 1 1 0.0 0.0 0.0
Se 1.114868790450e+00 4.028503958836e+01 1.951046802998e+01 1 1 1 0.0 0.0 0.0
Se 3.733082200892e+00 4.255247891452e+01 1.951046802998e+01 1 1 1 0.0 0.0 0.0
Se 1.769422143155e+00 3.688388059913e+01 1.951046802998e+01 1 1 1 0.0 0.0 0.0
Se 4.387635553597e+00 3.915131992529e+01 1.951046802998e+01 1 1 1 0.0 0.0 0.0
Se 7.005848964038e+00 4.141875925144e+01 1.951046802998e+01 1 1 1 0.0 0.0 0.0
Se 2.423975495860e+00 3.348272160990e+01 1.951046802998e+01 1 1 1 0.0 0.0 0.0
Se 5.042188906301e+00 3.575016093606e+01 1.951046802998e+01 1 1 1 0.0 0.0 0.0
Se 7.660402316743e+00 3.801760026221e+01 1.951046802998e+01 1 1 1 0.0 0.0 0.0
Se 1.027861572718e+01 4.028503958836e+01 1.951046802998e+01 1 1 1 0.0 0.0 0.0
Se 1.289682913763e+01 4.255247891452e+01 1.951046802998e+01 1 1 1 0.0 0.0 0.0
Se 4.603154381226e-01 2.781412329452e+01 1.951046802998e+01 1 1 1 0.0 0.0 0.0
Se 3.078528848564e+00 3.008156262067e+01 1.951046802998e+01 1 1 1 0.0 0.0 0.0
Se 5.696742259006e+00 3.234900194683e+01 1.951046802998e+01 1 1 1 0.0 0.0 0.0
Se 8.314955669448e+00 3.461644127298e+01 1.951046802998e+01 1 1 1 0.0 0.0 0.0
Se 1.093316907989e+01 3.688388059913e+01 1.951046802998e+01 1 1 1 0.0 0.0 0.0
Se 1.355138249033e+01 3.915131992529e+01 1.951046802998e+01 1 1 1 0.0 0.0 0.0
Se 1.616959590077e+01 4.141875925144e+01 1.951046802998e+01 1 1 1 0.0 0.0 0.0
Se 1.114868790827e+00 2.441296430529e+01 1.951046802998e+01 1 1 1 0.0 0.0 0.0
Se 3.733082201269e+00 2.668040363144e+01 1.951046802998e+01 1 1 1 0.0 0.0 0.0
Se 6.351295611711e+00 2.894784295760e+01 1.951046802998e+01 1 1 1 0.0 0.0 0.0
Se 8.969509022152e+00 3.121528228375e+01 1.951046802998e+01 1 1 1 0.0 0.0 0.0
Se 1.158772243259e+01 3.348272160990e+01 1.951046802998e+01 1 1 1 0.0 0.0 0.0
Se 1.420593584304e+01 3.575016093606e+01 1.951046802998e+01 1 1 1 0.0 0.0 0.0
Se 1.682414925348e+01 3.801760026221e+01 1.951046802998e+01 1 1 1 0.0 0.0 0.0
Se 1.769422143532e+00 2.101180531606e+01 1.951046802998e+01 1 1 1 0.0 0.0 0.0
Se 4.387635553974e+00 2.327924464221e+01 1.951046802998e+01 1 1 1 0.0 0.0 0.0
Se 7.005848964415e+00 2.554668396837e+01 1.951046802998e+01 1 1 1 0.0 0.0 0.0
Se 9.624062374857e+00 2.781412329452e+01 1.951046802998e+01 1 1 1 0.0 0.0 0.0
Se 1.224227578530e+01 3.008156262067e+01 1.951046802998e+01 1 1 1 0.0 0.0 0.0
Se 1.486048919574e+01 3.234900194683e+01 1.951046802998e+01 1 1 1 0.0 0.0 0.0
Se 1.747870260618e+01 3.461644127298e+01 1.951046802998e+01 1 1 1 0.0 0.0 0.0
Se 2.423975496237e+00 1.761064632683e+01 1.951046802998e+01 1 1 1 0.0 0.0 0.0
Se 5.042188906678e+00 1.987808565299e+01 1.951046802998e+01 1 1 1 0.0 0.0 0.0
Se 7.660402317120e+00 2.214552497914e+01 1.951046802998e+01 1 1 1 0.0 0.0 0.0
Se 1.027861572756e+01 2.441296430529e+01 1.951046802998e+01 1 1 1 0.0 0.0 0.0
Se 1.289682913800e+01 2.668040363144e+01 1.951046802998e+01 1 1 1 0.0 0.0 0.0
Se 1.551504254845e+01 2.894784295760e+01 1.951046802998e+01 1 1 1 0.0 0.0 0.0
Se 1.813325595889e+01 3.121528228375e+01 1.951046802998e+01 1 1 1 0.0 0.0 0.0
Se 4.603154384996e-01 1.194204801145e+01 1.951046802998e+01 1 1 1 0.0 0.0 0.0
Se 3.078528848941e+00 1.420948733760e+01 1.951046802998e+01 1 1 1 0.0 0.0 0.0
Se 5.696742259383e+00 1.647692666376e+01 1.951046802998e+01 1 1 1 0.0 0.0 0.0
Se 8.314955669825e+00 1.874436598991e+01 1.951046802998e+01 1 1 1 0.0 0.0 0.0
Se 1.093316908027e+01 2.101180531606e+01 1.951046802998e+01 1 1 1 0.0 0.0 0.0
Se 1.355138249071e+01 2.327924464221e+01 1.951046802998e+01 1 1 1 0.0 0.0 0.0
Se 1.616959590115e+01 2.554668396837e+01 1.951046802998e+01 1 1 1 0.0 0.0 0.0
Se 1.114868791204e+00 8.540889022220e+00 1.951046802998e+01 1 1 1 0.0 0.0 0.0
Se 3.733082201646e+00 1.080832834837e+01 1.951046802998e+01 1 1 1 0.0 0.0 0.0
Se 6.351295612088e+00 1.307576767453e+01 1.951046802998e+01 1 1 1 0.0 0.0 0.0
Se 8.969509022529e+00 1.534320700068e+01 1.951046802998e+01 1 1 1 0.0 0.0 0.0
Se 1.158772243297e+01 1.761064632683e+01 1.951046802998e+01 1 1 1 0.0 0.0 0.0
Se 1.420593584341e+01 1.987808565299e+01 1.951046802998e+01 1 1 1 0.0 0.0 0.0
Se 1.682414925385e+01 2.214552497914e+01 1.951046802998e+01 1 1 1 0.0 0.0 0.0
Se 1.769422143909e+00 5.139730032991e+00 1.951046802998e+01 1 1 1 0.0 0.0 0.0
Se 4.387635554351e+00 7.407169359144e+00 1.951046802998e+01 1 1 1 0.0 0.0 0.0
Se 7.005848964792e+00 9.674608685297e+00 1.951046802998e+01 1 1 1 0.0 0.0 0.0
Se 9.624062375234e+00 1.194204801145e+01 1.951046802998e+01 1 1 1 0.0 0.0 0.0
Se 1.224227578568e+01 1.420948733760e+01 1.951046802998e+01 1 1 1 0.0 0.0 0.0
Se 1.486048919612e+01 1.647692666376e+01 1.951046802998e+01 1 1 1 0.0 0.0 0.0
Se 1.747870260656e+01 1.874436598991e+01 1.951046802998e+01 1 1 1 0.0 0.0 0.0
Se 1.878780931121e+01 4.368619857759e+01 1.951046802998e+01 1 1 1 0.0 0.0 0.0
Se 2.423975496614e+00 1.738571043761e+00 1.951046802998e+01 1 1 1 0.0 0.0 0.0
Se 5.042188907055e+00 4.006010369914e+00 1.951046802998e+01 1 1 1 0.0 0.0 0.0
Se 7.660402317497e+00 6.273449696067e+00 1.951046802998e+01 1 1 1 0.0 0.0 0.0
Se 1.027861572794e+01 8.540889022220e+00 1.951046802998e+01 1 1 1 0.0 0.0 0.0
Se 1.289682913838e+01 1.080832834837e+01 1.951046802998e+01 1 1 1 0.0 0.0 0.0
Se 1.551504254882e+01 1.307576767453e+01 1.951046802998e+01 1 1 1 0.0 0.0 0.0
Se 1.813325595926e+01 1.534320700068e+01 1.951046802998e+01 1 1 1 0.0 0.0 0.0
Se 5.696742259760e+00 6.048513806848e-01 1.951046802998e+01 1 1 1 0.0 0.0 0.0
Se 8.314955670202e+00 2.872290706838e+00 1.951046802998e+01 1 1 1 0.0 0.0 0.0
Se 1.093316908064e+01 5.139730032991e+00 1.951046802998e+01 1 1 1 0.0 0.0 0.0
Se 1.355138249109e+01 7.407169359144e+00 1.951046802998e+01 1 1 1 0.0 0.0 0.0
Se 1.616959590153e+01 9.674608685297e+00 1.951046802998e+01 1 1 1 0.0 0.0 0.0
Se 9.624062374480e+00 4.368619857759e+01 1.951046802998e+01 1 1 1 0.0 0.0 0.0
Se 1.158772243335e+01 1.738571043761e+00 1.951046802998e+01 1 1 1 0.0 0.0 0.0
Se 1.420593584379e+01 4.006010369914e+00 1.951046802998e+01 1 1 1 0.0 0.0 0.0
Se 1.682414925423e+01 6.273449696067e+00 1.951046802998e+01 1 1 1 0.0 0.0 0.0
Se 1.486048919649e+01 6.048513806848e-01 1.951046802998e+01 1 1 1 0.0 0.0 0.0
Se 1.747870260694e+01 2.872290706838e+00 1.951046802998e+01 1 1 1 0.0 0.0 0.0
Se 1.319623402700e+01 3.539136070339e+00 3.998930533072e+01 1 1 1 0.0 0.0 0.0
Se 1.360378611438e+01 7.710368792979e+00 3.998930533072e+01 1 1 1 0.0 0.0 0.0
Se 1.401133820177e+01 1.188160151562e+01 3.998930533072e+01 1 1 1 0.0 0.0 0.0
Se 1.441889028915e+01 1.605283423826e+01 3.998930533072e+01 1 1 1 0.0 0.0 0.0
Se 1.482644237653e+01 2.022406696090e+01 3.998930533072e+01 1 1 1 0.0 0.0 0.0
Se 1.523399446392e+01 2.439529968354e+01 3.998930533072e+01 1 1 1 0.0 0.0 0.0
Se 1.564154655130e+01 2.856653240618e+01 3.998930533072e+01 1 1 1 0.0 0.0 0.0
Se 1.604909863869e+01 3.273776512882e+01 3.998930533072e+01 1 1 1 0.0 0.0 0.0
Se 1.645665072607e+01 3.690899785146e+01 3.998930533072e+01 1 1 1 0.0 0.0 0.0
Se 1.686420281345e+01 4.108023057410e+01 3.998930533072e+01 1 1 1 0.0 0.0 0.0
Se 9.367714417352e+00 1.870642981283e+00 3.998930533072e+01 1 1 1 0.0 0.0 0.0
Se 9.775266504736e+00 6.041875703923e+00 3.998930533072e+01 1 1 1 0.0 0.0 0.0
Se 1.018281859212e+01 1.021310842656e+01 3.998930533072e+01 1 1 1 0.0 0.0 0.0
Se 1.059037067950e+01 1.438434114920e+01 3.998930533072e+01 1 1 1 0.0 0.0 0.0
Se 1.099792276689e+01 1.855557387184e+01 3.998930533072e+01 1 1 1 0.0 0.0 0.0
Se 1.140547485427e+01 2.272680659448e+01 3.998930533072e+01 1 1 1 0.0 0.0 0.0
Se 1.181302694165e+01 2.689803931712e+01 3.998930533072e+01 1 1 1 0.0 0.0 0.0
Se 1.222057902904e+01 3.106927203976e+01 3.998930533072e+01 1 1 1 0.0 0.0 0.0
Se 1.262813111642e+01 3.524050476240e+01 3.998930533072e+01 1 1 1 0.0 0.0 0.0
Se 1.303568320381e+01 3.941173748504e+01 3.998930533072e+01 1 1 1 0.0 0.0 0.0
Se 1.344323529119e+01 4.358297020768e+01 3.998930533072e+01 1 1 1 0.0 0.0 0.0
Se 5.946746895088e+00 4.373382614867e+00 3.998930533072e+01 1 1 1 0.0 0.0 0.0
Se 6.354298982472e+00 8.544615337507e+00 3.998930533072e+01 1 1 1 0.0 0.0 0.0
Se 6.761851069856e+00 1.271584806015e+01 3.998930533072e+01 1 1 1 0.0 0.0 0.0
Se 7.169403157240e+00 1.688708078279e+01 3.998930533072e+01 1 1 1 0.0 0.0 0.0
Se 7.576955244623e+00 2.105831350543e+01 3.998930533072e+01 1 1 1 0.0 0.0 0.0
Se 7.984507332007e+00 2.522954622807e+01 3.998930533072e+01 1 1 1 0.0 0.0 0.0
Se 8.392059419391e+00 2.940077895071e+01 3.998930533072e+01 1 1 1 0.0 0.0 0.0
Se 8.799611506774e+00 3.357201167335e+01 3.998930533072e+01 1 1 1 0.0 0.0 0.0
Se 9.207163594158e+00 3.774324439599e+01 3.998930533072e+01 1 1 1 0.0 0.0 0.0
Se 9.614715681542e+00 4.191447711863e+01 3.998930533072e+01 1 1 1 0.0 0.0 0.0
Se 2.118227285441e+00 2.704889525811e+00 3.998930533072e+01 1 1 1 0.0 0.0 0.0
Se 2.525779372825e+00 6.876122248451e+00 3.998930533072e+01 1 1 1 0.0 0.0 0.0
Se 2.933331460209e+00 1.104735497109e+01 3.998930533072e+01 1 1 1 0.0 0.0 0.0
Se 3.340883547592e+00 1.521858769373e+01 3.998930533072e+01 1 1 1 0.0 0.0 0.0
Se 3.748435634976e+00 1.938982041637e+01 3.998930533072e+01 1 1 1 0.0 0.0 0.0
Se 4.155987722360e+00 2.356105313901e+01 3.998930533072e+01 1 1 1 0.0 0.0 0.0
Se 4.563539809743e+00 2.773228586165e+01 3.998930533072e+01 1 1 1 0.0 0.0 0.0
Se 4.971091897127e+00 3.190351858429e+01 3.998930533072e+01 1 1 1 0.0 0.0 0.0
Se 5.378643984511e+00 3.607475130693e+01 3.998930533072e+01 1 1 1 0.0 0.0 0.0
Se 5.786196071895e+00 4.024598402957e+01 3.998930533072e+01 1 1 1 0.0 0.0 0.0
Se 5.539194807705e+00 2.021498922274e-01 3.998930533072e+01 1 1 1 0.0 0.0 0.0
Se 1.661720154926e+01 1.036396436755e+00 3.998930533072e+01 1 1 1 0.0 0.0 0.0
Se 1.702475363665e+01 5.207629159395e+00 3.998930533072e+01 1 1 1 0.0 0.0 0.0
Se 1.743230572403e+01 9.378861882035e+00 3.998930533072e+01 1 1 1 0.0 0.0 0.0
Se 1.783985781141e+01 1.355009460468e+01 3.998930533072e+01 1 1 1 0.0 0.0 0.0
Se 1.824740989880e+01 1.772132732732e+01 3.998930533072e+01 1 1 1 0.0 0.0 0.0
Se 3.274681127124e-01 2.189256004996e+01 3.998930533072e+01 1 1 1 0.0 0.0 0.0
Se 7.350202000961e-01 2.606379277260e+01 3.998930533072e+01 1 1 1 0.0 0.0 0.0
Se 1.142572287480e+00 3.023502549524e+01 3.998930533072e+01 1 1 1 0.0 0.0 0.0
Se 1.550124374864e+00 3.440625821788e+01 3.998930533072e+01 1 1 1 0.0 0.0 0.0
Se 1.957676462247e+00 3.857749094052e+01 3.998930533072e+01 1 1 1 0.0 0.0 0.0
Se 2.365228549631e+00 4.274872366316e+01 3.998930533072e+01 1 1 1 0.0 0.0 0.0
Se 1.181072268803e+01 1.618839498127e+00 3.635172086532e+01 1 1 1 0.0 0.0 0.0
Se 1.221827477542e+01 5.790072220767e+00 3.635172086532e+01 1 1 1 0.0 0.0 0.0
Se 1.262582686280e+01 9.961304943407e+00 3.635172086532e+01 1 1 1 0.0 0.0 0.0
Se 1.303337895019e+01 1.413253766605e+01 3.635172086532e+01 1 1 1 0.0 0.0 0.0
Se 1.344093103757e+01 1.830377038869e+01 3.635172086532e+01 1 1 1 0.0 0.0 0.0
Se 1.384848312495e+01 2.247500311133e+01 3.635172086532e+01 1 1 1 0.0 0.0 0.0
Se 1.425603521234e+01 2.664623583397e+01 3.635172086532e+01 1 1 1 0.0 0.0 0.0
Se 1.466358729972e+01 3.081746855661e+01 3.635172086532e+01 1 1 1 0.0 0.0 0.0
Se 1.507113938710e+01 3.498870127925e+01 3.635172086532e+01 1 1 1 0.0 0.0 0.0
Se 1.547869147449e+01 3.915993400189e+01 3.635172086532e+01 1 1 1 0.0 0.0 0.0
Se 8.636756429960e+00 4.416541326905e+01 3.635172086532e+01 1 1 1 0.0 0.0 0.0
Se 8.389755165771e+00 4.121579131711e+00 3.635172086532e+01 1 1 1 0.0 0.0 0.0
Se 8.797307253154e+00 8.292811854351e+00 3.635172086532e+01 1 1 1 0.0 0.0 0.0
Se 9.204859340538e+00 1.246404457699e+01 3.635172086532e+01 1 1 1 0.0 0.0 0.0
Se 9.612411427922e+00 1.663527729963e+01 3.635172086532e+01 1 1 1 0.0 0.0 0.0
Se 1.001996351531e+01 2.080651002227e+01 3.635172086532e+01 1 1 1 0.0 0.0 0.0
Se 1.042751560269e+01 2.497774274491e+01 3.635172086532e+01 1 1 1 0.0 0.0 0.0
Se 1.083506769007e+01 2.914897546755e+01 3.635172086532e+01 1 1 1 0.0 0.0 0.0
Se 1.124261977746e+01 3.332020819019e+01 3.635172086532e+01 1 1 1 0.0 0.0 0.0
Se 1.165017186484e+01 3.749144091283e+01 3.635172086532e+01 1 1 1 0.0 0.0 0.0
Se 1.205772395222e+01 4.166267363547e+01 3.635172086532e+01 1 1 1 0.0 0.0 0.0
Se 4.561235556123e+00 2.453086042655e+00 3.635172086532e+01 1 1 1 0.0 0.0 0.0
Se 4.968787643507e+00 6.624318765295e+00 3.635172086532e+01 1 1 1 0.0 0.0 0.0
Se 5.376339730891e+00 1.079555148793e+01 3.635172086532e+01 1 1 1 0.0 0.0 0.0
Se 5.783891818274e+00 1.496678421057e+01 3.635172086532e+01 1 1 1 0.0 0.0 0.0
Se 6.191443905658e+00 1.913801693321e+01 3.635172086532e+01 1 1 1 0.0 0.0 0.0
Se 6.598995993042e+00 2.330924965585e+01 3.635172086532e+01 1 1 1 0.0 0.0 0.0
Se 7.006548080426e+00 2.748048237849e+01 3.635172086532e+01 1 1 1 0.0 0.0 0.0
Se 7.414100167809e+00 3.165171510113e+01 3.635172086532e+01 1 1 1 0.0 0.0 0.0
Se 7.821652255193e+00 3.582294782377e+01 3.635172086532e+01 1 1 1 0.0 0.0 0.0
Se 8.229204342577e+00 3.999418054641e+01 3.635172086532e+01 1 1 1 0.0 0.0 0.0
Se 7.327159464761e-01 7.845929535989e-01 3.635172086532e+01 1 1 1 0.0 0.0 0.0
Se 1.140268033860e+00 4.955825676239e+00 3.635172086532e+01 1 1 1 0.0 0.0 0.0
Se 1.547820121244e+00 9.127058398879e+00 3.635172086532e+01 1 1 1 0.0 0.0 0.0
Se 1.955372208627e+00 1.329829112152e+01 3.635172086532e+01 1 1 1 0.0 0.0 0.0
Se 2.362924296011e+00 1.746952384416e+01 3.635172086532e+01 1 1 1 0.0 0.0 0.0
Se 2.770476383395e+00 2.164075656680e+01 3.635172086532e+01 1 1 1 0.0 0.0 0.0
Se 3.178028470778e+00 2.581198928944e+01 3.635172086532e+01 1 1 1 0.0 0.0 0.0
Se 3.585580558162e+00 2.998322201208e+01 3.635172086532e+01 1 1 1 0.0 0.0 0.0
Se 3.993132645546e+00 3.415445473472e+01 3.635172086532e+01 1 1 1 0.0 0.0 0.0
Se 4.400684732929e+00 3.832568745736e+01 3.635172086532e+01 1 1 1 0.0 0.0 0.0
Se 4.808236820313e+00 4.249692018000e+01 3.635172086532e+01 1 1 1 0.0 0.0 0.0
Se 1.588624356187e+01 4.333116672453e+01 3.635172086532e+01 1 1 1 0.0 0.0 0.0
Se 1.563924229768e+01 3.287332587183e+00 3.635172086532e+01 1 1 1 0.0 0.0 0.0
Se 1.604679438507e+01 7.458565309823e+00 3.635172086532e+01 1 1 1 0.0 0.0 0.0
Se 1.645434647245e+01 1.162979803246e+01 3.635172086532e+01 1 1 1 0.0 0.0 0.0
Se 1.686189855983e+01 1.580103075510e+01 3.635172086532e+01 1 1 1 0.0 0.0 0.0
Se 1.726945064722e+01 1.997226347774e+01 3.635172086532e+01 1 1 1 0.0 0.0 0.0
Se 1.767700273460e+01 2.414349620038e+01 3.635172086532e+01 1 1 1 0.0 0.0 0.0
Se 1.808455482198e+01 2.831472892302e+01 3.635172086532e+01 1 1 1 0.0 0.0 0.0
Se 1.849210690937e+01 3.248596164566e+01 3.635172086532e+01 1 1 1 0.0 0.0 0.0
Se 5.721651232822e-01 3.665719436830e+01 3.635172086532e+01 1 1 1 0.0 0.0 0.0
Se 9.797172106659e-01 4.082842709094e+01 3.635172086532e+01 1 1 1 0.0 0.0 0.0
Se 1.080789749743e+01 3.830473842802e+00 3.271820175121e+01 1 1 1 0.0 0.0 0.0
Se 1.121544958482e+01 8.001706565442e+00 3.271820175121e+01 1 1 1 0.0 0.0 0.0
Se 1.162300167220e+01 1.217293928808e+01 3.271820175121e+01 1 1 1 0.0 0.0 0.0
Se 1.203055375959e+01 1.634417201072e+01 3.271820175121e+01 1 1 1 0.0 0.0 0.0
Se 1.243810584697e+01 2.051540473336e+01 3.271820175121e+01 1 1 1 0.0 0.0 0.0
Se 1.284565793435e+01 2.468663745600e+01 3.271820175121e+01 1 1 1 0.0 0.0 0.0
Se 1.325321002174e+01 2.885787017864e+01 3.271820175121e+01 1 1 1 0.0 0.0 0.0
Se 1.366076210912e+01 3.302910290128e+01 3.271820175121e+01 1 1 1 0.0 0.0 0.0
Se 1.406831419650e+01 3.720033562392e+01 3.271820175121e+01 1 1 1 0.0 0.0 0.0
Se 1.447586628389e+01 4.137156834656e+01 3.271820175121e+01 1 1 1 0.0 0.0 0.0
Se 6.979377887787e+00 2.161980753746e+00 3.271820175121e+01 1 1 1 0.0 0.0 0.0
Se 7.386929975171e+00 6.333213476386e+00 3.271820175121e+01 1 1 1 0.0 0.0 0.0
Se 7.794482062555e+00 1.050444619903e+01 3.271820175121e+01 1 1 1 0.0 0.0 0.0
Se 8.202034149938e+00 1.467567892167e+01 3.271820175121e+01 1 1 1 0.0 0.0 0.0
Se 8.609586237322e+00 1.884691164431e+01 3.271820175121e+01 1 1 1 0.0 0.0 0.0
Se 9.017138324706e+00 2.301814436695e+01 3.271820175121e+01 1 1 1 0.0 0.0 0.0
Se 9.424690412090e+00 2.718937708959e+01 3.271820175121e+01 1 1 1 0.0 0.0 0.0
Se 9.832242499473e+00 3.136060981223e+01 3.271820175121e+01 1 1 1 0.0 0.0 0.0
Se 1.023979458686e+01 3.553184253487e+01 3.271820175121e+01 1 1 1 0.0 0.0 0.0
Se 1.064734667424e+01 3.970307525751e+01 3.271820175121e+01 1 1 1 0.0 0.0 0.0
Se 1.105489876162e+01 4.387430798015e+01 3.271820175121e+01 1 1 1 0.0 0.0 0.0
Se 3.558410365524e+00 4.664720387330e+00 3.271820175121e+01 1 1 1 0.0 0.0 0.0
Se 3.965962452907e+00 8.835953109970e+00 3.271820175121e+01 1 1 1 0.0 0.0 0.0
Se 4.373514540291e+00 1.300718583261e+01 3.271820175121e+01 1 1 1 0.0 0.0 0.0
Se 4.781066627675e+00 1.717841855525e+01 3.271820175121e+01 1 1 1 0.0 0.0 0.0
Se 5.188618715059e+00 2.134965127789e+01 3.271820175121e+01 1 1 1 0.0 0.0 0.0
Se 5.596170802442e+00 2.552088400053e+01 3.271820175121e+01 1 1 1 0.0 0.0 0.0
Se 6.003722889826e+00 2.969211672317e+01 3.271820175121e+01 1 1 1 0.0 0.0 0.0
Se 6.411274977210e+00 3.386334944581e+01 3.271820175121e+01 1 1 1 0.0 0.0 0.0
Se 6.818827064593e+00 3.803458216845e+01 3.271820175121e+01 1 1 1 0.0 0.0 0.0
Se 7.226379151977e+00 4.220581489109e+01 3.271820175121e+01 1 1 1 0.0 0.0 0.0
Se 1.805738462935e+01 2.996227298274e+00 3.271820175121e+01 1 1 1 0.0 0.0 0.0
Se 1.374428432601e-01 7.167460020914e+00 3.271820175121e+01 1 1 1 0.0 0.0 0.0
Se 5.449949306438e-01 1.133869274355e+01 3.271820175121e+01 1 1 1 0.0 0.0 0.0
Se 9.525470180276e-01 1.550992546619e+01 3.271820175121e+01 1 1 1 0.0 0.0 0.0
Se 1.360099105411e+00 1.968115818883e+01 3.271820175121e+01 1 1 1 0.0 0.0 0.0
Se 1.767651192795e+00 2.385239091147e+01 3.271820175121e+01 1 1 1 0.0 0.0 0.0
Se 2.175203280179e+00 2.802362363411e+01 3.271820175121e+01 1 1 1 0.0 0.0 0.0
Se 2.582755367562e+00 3.219485635675e+01 3.271820175121e+01 1 1 1 0.0 0.0 0.0
Se 2.990307454946e+00 3.636608907939e+01 3.271820175121e+01 1 1 1 0.0 0.0 0.0
Se 3.397859542330e+00 4.053732180203e+01 3.271820175121e+01 1 1 1 0.0 0.0 0.0
Se 3.150858278140e+00 4.934876646901e-01 3.271820175121e+01 1 1 1 0.0 0.0 0.0
Se 1.422886501970e+01 1.327734209218e+00 3.271820175121e+01 1 1 1 0.0 0.0 0.0
Se 1.463641710708e+01 5.498966931858e+00 3.271820175121e+01 1 1 1 0.0 0.0 0.0
Se 1.504396919447e+01 9.670199654498e+00 3.271820175121e+01 1 1 1 0.0 0.0 0.0
Se 1.545152128185e+01 1.384143237714e+01 3.271820175121e+01 1 1 1 0.0 0.0 0.0
Se 1.585907336923e+01 1.801266509978e+01 3.271820175121e+01 1 1 1 0.0 0.0 0.0
Se 1.626662545662e+01 2.218389782242e+01 3.271820175121e+01 1 1 1 0.0 0.0 0.0
Se 1.667417754400e+01 2.635513054506e+01 3.271820175121e+01 1 1 1 0.0 0.0 0.0
Se 1.708172963138e+01 3.052636326770e+01 3.271820175121e+01 1 1 1 0.0 0.0 0.0
Se 1.748928171877e+01 3.469759599034e+01 3.271820175121e+01 1 1 1 0.0 0.0 0.0
Se 1.789683380615e+01 3.886882871298e+01 3.271820175121e+01 1 1 1 0.0 0.0 0.0
Se 1.830438589354e+01 4.304006143562e+01 3.271820175121e+01 1 1 1 0.0 0.0 0.0
Se 1.188151411852e+01 1.574531127785e+00 2.995146533993e+01 1 1 1 0.0 0.0 0.0
Se 1.228906620590e+01 5.745763850425e+00 2.995146533993e+01 1 1 1 0.0 0.0 0.0
Se 1.269661829329e+01 9.916996573065e+00 2.995146533993e+01 1 1 1 0.0 0.0 0.0
Se 1.310417038067e+01 1.408822929571e+01 2.995146533993e+01 1 1 1 0.0 0.0 0.0
Se 1.351172246805e+01 1.825946201835e+01 2.995146533993e+01 1 1 1 0.0 0.0 0.0
Se 1.391927455544e+01 2.243069474099e+01 2.995146533993e+01 1 1 1 0.0 0.0 0.0
Se 1.432682664282e+01 2.660192746363e+01 2.995146533993e+01 1 1 1 0.0 0.0 0.0
Se 1.473437873020e+01 3.077316018627e+01 2.995146533993e+01 1 1 1 0.0 0.0 0.0
Se 1.514193081759e+01 3.494439290891e+01 2.995146533993e+01 1 1 1 0.0 0.0 0.0
Se 1.554948290497e+01 3.911562563155e+01 2.995146533993e+01 1 1 1 0.0 0.0 0.0
Se 8.707547860445e+00 4.412110489871e+01 2.995146533993e+01 1 1 1 0.0 0.0 0.0
Se 8.460546596255e+00 4.077270761369e+00 2.995146533993e+01 1 1 1 0.0 0.0 0.0
Se 8.868098683639e+00 8.248503484009e+00 2.995146533993e+01 1 1 1 0.0 0.0 0.0
Se 9.275650771023e+00 1.241973620665e+01 2.995146533993e+01 1 1 1 0.0 0.0 0.0
Se 9.683202858407e+00 1.659096892929e+01 2.995146533993e+01 1 1 1 0.0 0.0 0.0
Se 1.009075494579e+01 2.076220165193e+01 2.995146533993e+01 1 1 1 0.0 0.0 0.0
Se 1.049830703317e+01 2.493343437457e+01 2.995146533993e+01 1 1 1 0.0 0.0 0.0
Se 1.090585912056e+01 2.910466709721e+01 2.995146533993e+01 1 1 1 0.0 0.0 0.0
Se 1.131341120794e+01 3.327589981985e+01 2.995146533993e+01 1 1 1 0.0 0.0 0.0
Se 1.172096329533e+01 3.744713254249e+01 2.995146533993e+01 1 1 1 0.0 0.0 0.0
Se 1.212851538271e+01 4.161836526513e+01 2.995146533993e+01 1 1 1 0.0 0.0 0.0
Se 4.632026986608e+00 2.408777672313e+00 2.995146533993e+01 1 1 1 0.0 0.0 0.0
Se 5.039579073992e+00 6.580010394953e+00 2.995146533993e+01 1 1 1 0.0 0.0 0.0
Se 5.447131161376e+00 1.075124311759e+01 2.995146533993e+01 1 1 1 0.0 0.0 0.0
Se 5.854683248759e+00 1.492247584023e+01 2.995146533993e+01 1 1 1 0.0 0.0 0.0
Se 6.262235336143e+00 1.909370856287e+01 2.995146533993e+01 1 1 1 0.0 0.0 0.0
Se 6.669787423527e+00 2.326494128551e+01 2.995146533993e+01 1 1 1 0.0 0.0 0.0
Se 7.077339510910e+00 2.743617400815e+01 2.995146533993e+01 1 1 1 0.0 0.0 0.0
Se 7.484891598294e+00 3.160740673079e+01 2.995146533993e+01 1 1 1 0.0 0.0 0.0
Se 7.892443685678e+00 3.577863945343e+01 2.995146533993e+01 1 1 1 0.0 0.0 0.0
Se 8.299995773062e+00 3.994987217607e+01 2.995146533993e+01 1 1 1 0.0 0.0 0.0
Se 8.035073769609e-01 7.402845832573e-01 2.995146533993e+01 1 1 1 0.0 0.0 0.0
Se 1.211059464345e+00 4.911517305897e+00 2.995146533993e+01 1 1 1 0.0 0.0 0.0
Se 1.618611551728e+00 9.082750028537e+00 2.995146533993e+01 1 1 1 0.0 0.0 0.0
Se 2.026163639112e+00 1.325398275118e+01 2.995146533993e+01 1 1 1 0.0 0.0 0.0
Se 2.433715726496e+00 1.742521547382e+01 2.995146533993e+01 1 1 1 0.0 0.0 0.0
Se 2.841267813879e+00 2.159644819646e+01 2.995146533993e+01 1 1 1 0.0 0.0 0.0
Se 3.248819901263e+00 2.576768091910e+01 2.995146533993e+01 1 1 1 0.0 0.0 0.0
Se 3.656371988647e+00 2.993891364174e+01 2.995146533993e+01 1 1 1 0.0 0.0 0.0
Se 4.063924076031e+00 3.411014636438e+01 2.995146533993e+01 1 1 1 0.0 0.0 0.0
Se 4.471476163414e+00 3.828137908702e+01 2.995146533993e+01 1 1 1 0.0 0.0 0.0
Se 4.879028250798e+00 4.245261180966e+01 2.995146533993e+01 1 1 1 0.0 0.0 0.0
Se 1.595703499236e+01 4.328685835419e+01 2.995146533993e+01 1 1 1 0.0 0.0 0.0
Se 1.571003372817e+01 3.243024216841e+00 2.995146533993e+01 1 1 1 0.0 0.0 0.0
Se 1.611758581555e+01 7.414256939481e+00 2.995146533993e+01 1 1 1 0.0 0.0 0.0
Se 1.652513790293e+01 1.158548966212e+01 2.995146533993e+01 1 1 1 0.0 0.0 0.0
Se 1.693268999032e+01 1.575672238476e+01 2.995146533993e+01 1 1 1 0.0 0.0 0.0
Se 1.734024207770e+01 1.992795510740e+01 2.995146533993e+01 1 1 1 0.0 0.0 0.0
Se 1.774779416508e+01 2.409918783004e+01 2.995146533993e+01 1 1 1 0.0 0.0 0.0
Se 1.815534625247e+01 2.827042055268e+01 2.995146533993e+01 1 1 1 0.0 0.0 0.0
Se 1.856289833985e+01 3.244165327532e+01 2.995146533993e+01 1 1 1 0.0 0.0 0.0
Se 6.429565537670e-01 3.661288599796e+01 2.995146533993e+01 1 1 1 0.0 0.0 0.0
Se 1.050508641151e+00 4.078411872060e+01 2.995146533993e+01 1 1 1 0.0 0.0 0.0
Se 1.087373800297e+01 3.779644363504e+00 2.633360299309e+01 1 1 1 0.0 0.0 0.0
Se 1.128129009035e+01 7.950877086144e+00 2.633360299309e+01 1 1 1 0.0 0.0 0.0
Se 1.168884217774e+01 1.212210980878e+01 2.633360299309e+01 1 1 1 0.0 0.0 0.0
Se 1.209639426512e+01 1.629334253142e+01 2.633360299309e+01 1 1 1 0.0 0.0 0.0
Se 1.250394635250e+01 2.046457525406e+01 2.633360299309e+01 1 1 1 0.0 0.0 0.0
Se 1.291149843989e+01 2.463580797670e+01 2.633360299309e+01 1 1 1 0.0 0.0 0.0
Se 1.331905052727e+01 2.880704069934e+01 2.633360299309e+01 1 1 1 0.0 0.0 0.0
Se 1.372660261466e+01 3.297827342198e+01 2.633360299309e+01 1 1 1 0.0 0.0 0.0
Se 1.413415470204e+01 3.714950614462e+01 2.633360299309e+01 1 1 1 0.0 0.0 0.0
Se 1.454170678942e+01 4.132073886726e+01 2.633360299309e+01 1 1 1 0.0 0.0 0.0
Se 7.045218393323e+00 2.111151274448e+00 2.633360299309e+01 1 1 1 0.0 0.0 0.0
Se 7.452770480706e+00 6.282383997088e+00 2.633360299309e+01 1 1 1 0.0 0.0 0.0
Se 7.860322568090e+00 1.045361671973e+01 2.633360299309e+01 1 1 1 0.0 0.0 0.0
Se 8.267874655474e+00 1.462484944237e+01 2.633360299309e+01 1 1 1 0.0 0.0 0.0
Se 8.675426742858e+00 1.879608216501e+01 2.633360299309e+01 1 1 1 0.0 0.0 0.0
Se 9.082978830241e+00 2.296731488765e+01 2.633360299309e+01 1 1 1 0.0 0.0 0.0
Se 9.490530917625e+00 2.713854761029e+01 2.633360299309e+01 1 1 1 0.0 0.0 0.0
Se 9.898083005009e+00 3.130978033293e+01 2.633360299309e+01 1 1 1 0.0 0.0 0.0
Se 1.030563509239e+01 3.548101305557e+01 2.633360299309e+01 1 1 1 0.0 0.0 0.0
Se 1.071318717978e+01 3.965224577821e+01 2.633360299309e+01 1 1 1 0.0 0.0 0.0
Se 1.112073926716e+01 4.382347850085e+01 2.633360299309e+01 1 1 1 0.0 0.0 0.0
Se 3.624250871059e+00 4.613890908032e+00 2.633360299309e+01 1 1 1 0.0 0.0 0.0
Se 4.031802958443e+00 8.785123630672e+00 2.633360299309e+01 1 1 1 0.0 0.0 0.0
Se 4.439355045827e+00 1.295635635331e+01 2.633360299309e+01 1 1 1 0.0 0.0 0.0
Se 4.846907133210e+00 1.712758907595e+01 2.633360299309e+01 1 1 1 0.0 0.0 0.0
Se 5.254459220594e+00 2.129882179859e+01 2.633360299309e+01 1 1 1 0.0 0.0 0.0
Se 5.662011307978e+00 2.547005452123e+01 2.633360299309e+01 1 1 1 0.0 0.0 0.0
Se 6.069563395361e+00 2.964128724387e+01 2.633360299309e+01 1 1 1 0.0 0.0 0.0
Se 6.477115482745e+00 3.381251996651e+01 2.633360299309e+01 1 1 1 0.0 0.0 0.0
Se 6.884667570129e+00 3.798375268915e+01 2.633360299309e+01 1 1 1 0.0 0.0 0.0
Se 7.292219657512e+00 4.215498541179e+01 2.633360299309e+01 1 1 1 0.0 0.0 0.0
Se 1.812322513488e+01 2.945397818976e+00 2.633360299309e+01 1 1 1 0.0 0.0 0.0
Se 2.032833487955e-01 7.116630541616e+00 2.633360299309e+01 1 1 1 0.0 0.0 0.0
Se 6.108354361792e-01 1.128786326426e+01 2.633360299309e+01 1 1 1 0.0 0.0 0.0
Se 1.018387523563e+00 1.545909598690e+01 2.633360299309e+01 1 1 1 0.0 0.0 0.0
Se 1.425939610947e+00 1.963032870954e+01 2.633360299309e+01 1 1 1 0.0 0.0 0.0
Se 1.833491698330e+00 2.380156143218e+01 2.633360299309e+01 1 1 1 0.0 0.0 0.0
Se 2.241043785714e+00 2.797279415482e+01 2.633360299309e+01 1 1 1 0.0 0.0 0.0
Se 2.648595873098e+00 3.214402687746e+01 2.633360299309e+01 1 1 1 0.0 0.0 0.0
Se 3.056147960482e+00 3.631525960010e+01 2.633360299309e+01 1 1 1 0.0 0.0 0.0
Se 3.463700047865e+00 4.048649232274e+01 2.633360299309e+01 1 1 1 0.0 0.0 0.0
Se 3.216698783675e+00 4.426581853922e-01 2.633360299309e+01 1 1 1 0.0 0.0 0.0
Se 1.429470552523e+01 1.276904729920e+00 2.633360299309e+01 1 1 1 0.0 0.0 0.0
Se 1.470225761262e+01 5.448137452560e+00 2.633360299309e+01 1 1 1 0.0 0.0 0.0
Se 1.510980970000e+01 9.619370175200e+00 2.633360299309e+01 1 1 1 0.0 0.0 0.0
Se 1.551736178738e+01 1.379060289784e+01 2.633360299309e+01 1 1 1 0.0 0.0 0.0
Se 1.592491387477e+01 1.796183562048e+01 2.633360299309e+01 1 1 1 0.0 0.0 0.0
Se 1.633246596215e+01 2.213306834312e+01 2.633360299309e+01 1 1 1 0.0 0.0 0.0
Se 1.674001804954e+01 2.630430106576e+01 2.633360299309e+01 1 1 1 0.0 0.0 0.0
Se 1.714757013692e+01 3.047553378840e+01 2.633360299309e+01 1 1 1 0.0 0.0 0.0
Se 1.755512222430e+01 3.464676651104e+01 2.633360299309e+01 1 1 1 0.0 0.0 0.0
Se 1.796267431169e+01 3.881799923368e+01 2.633360299309e+01 1 1 1 0.0 0.0 0.0
Se 1.837022639907e+01 4.298923195632e+01 2.633360299309e+01 1 1 1 0.0 0.0 0.0
Se 1.327804461376e+01 3.494804767319e+00 2.271046802998e+01 1 1 1 0.0 0.0 0.0
Se 1.368559670114e+01 7.666037489959e+00 2.271046802998e+01 1 1 1 0.0 0.0 0.0
Se 1.409314878852e+01 1.183727021260e+01 2.271046802998e+01 1 1 1 0.0 0.0 0.0
Se 1.450070087591e+01 1.600850293524e+01 2.271046802998e+01 1 1 1 0.0 0.0 0.0
Se 1.490825296329e+01 2.017973565788e+01 2.271046802998e+01 1 1 1 0.0 0.0 0.0
Se 1.531580505067e+01 2.435096838052e+01 2.271046802998e+01 1 1 1 0.0 0.0 0.0
Se 1.572335713806e+01 2.852220110316e+01 2.271046802998e+01 1 1 1 0.0 0.0 0.0
Se 1.613090922544e+01 3.269343382580e+01 2.271046802998e+01 1 1 1 0.0 0.0 0.0
Se 1.653846131283e+01 3.686466654844e+01 2.271046802998e+01 1 1 1 0.0 0.0 0.0
Se 1.694601340021e+01 4.103589927108e+01 2.271046802998e+01 1 1 1 0.0 0.0 0.0
Se 9.449525004109e+00 1.826311678263e+00 2.271046802998e+01 1 1 1 0.0 0.0 0.0
Se 9.857077091493e+00 5.997544400903e+00 2.271046802998e+01 1 1 1 0.0 0.0 0.0
Se 1.026462917888e+01 1.016877712354e+01 2.271046802998e+01 1 1 1 0.0 0.0 0.0
Se 1.067218126626e+01 1.434000984618e+01 2.271046802998e+01 1 1 1 0.0 0.0 0.0
Se 1.107973335364e+01 1.851124256882e+01 2.271046802998e+01 1 1 1 0.0 0.0 0.0
Se 1.148728544103e+01 2.268247529146e+01 2.271046802998e+01 1 1 1 0.0 0.0 0.0
Se 1.189483752841e+01 2.685370801410e+01 2.271046802998e+01 1 1 1 0.0 0.0 0.0
Se 1.230238961579e+01 3.102494073674e+01 2.271046802998e+01 1 1 1 0.0 0.0 0.0
Se 1.270994170318e+01 3.519617345938e+01 2.271046802998e+01 1 1 1 0.0 0.0 0.0
Se 1.311749379056e+01 3.936740618202e+01 2.271046802998e+01 1 1 1 0.0 0.0 0.0
Se 1.352504587795e+01 4.353863890466e+01 2.271046802998e+01 1 1 1 0.0 0.0 0.0
Se 6.028557481845e+00 4.329051311847e+00 2.271046802998e+01 1 1 1 0.0 0.0 0.0
Se 6.436109569229e+00 8.500284034487e+00 2.271046802998e+01 1 1 1 0.0 0.0 0.0
Se 6.843661656613e+00 1.267151675713e+01 2.271046802998e+01 1 1 1 0.0 0.0 0.0
Se 7.251213743997e+00 1.684274947977e+01 2.271046802998e+01 1 1 1 0.0 0.0 0.0
Se 7.658765831380e+00 2.101398220241e+01 2.271046802998e+01 1 1 1 0.0 0.0 0.0
Se 8.066317918764e+00 2.518521492505e+01 2.271046802998e+01 1 1 1 0.0 0.0 0.0
Se 8.473870006148e+00 2.935644764769e+01 2.271046802998e+01 1 1 1 0.0 0.0 0.0
Se 8.881422093531e+00 3.352768037033e+01 2.271046802998e+01 1 1 1 0.0 0.0 0.0
Se 9.288974180915e+00 3.769891309297e+01 2.271046802998e+01 1 1 1 0.0 0.0 0.0
Se 9.696526268299e+00 4.187014581561e+01 2.271046802998e+01 1 1 1 0.0 0.0 0.0
Se 2.200037872198e+00 2.660558222791e+00 2.271046802998e+01 1 1 1 0.0 0.0 0.0
Se 2.607589959582e+00 6.831790945431e+00 2.271046802998e+01 1 1 1 0.0 0.0 0.0
Se 3.015142046966e+00 1.100302366807e+01 2.271046802998e+01 1 1 1 0.0 0.0 0.0
Se 3.422694134349e+00 1.517425639071e+01 2.271046802998e+01 1 1 1 0.0 0.0 0.0
Se 3.830246221733e+00 1.934548911335e+01 2.271046802998e+01 1 1 1 0.0 0.0 0.0
Se 4.237798309117e+00 2.351672183599e+01 2.271046802998e+01 1 1 1 0.0 0.0 0.0
Se 4.645350396500e+00 2.768795455863e+01 2.271046802998e+01 1 1 1 0.0 0.0 0.0
Se 5.052902483884e+00 3.185918728127e+01 2.271046802998e+01 1 1 1 0.0 0.0 0.0
Se 5.460454571268e+00 3.603042000391e+01 2.271046802998e+01 1 1 1 0.0 0.0 0.0
Se 5.868006658652e+00 4.020165272655e+01 2.271046802998e+01 1 1 1 0.0 0.0 0.0
Se 5.621005394462e+00 1.578185892075e-01 2.271046802998e+01 1 1 1 0.0 0.0 0.0
Se 1.669901213602e+01 9.920651337355e-01 2.271046802998e+01 1 1 1 0.0 0.0 0.0
Se 1.710656422340e+01 5.163297856375e+00 2.271046802998e+01 1 1 1 0.0 0.0 0.0
Se 1.751411631079e+01 9.334530579015e+00 2.271046802998e+01 1 1 1 0.0 0.0 0.0
Se 1.792166839817e+01 1.350576330166e+01 2.271046802998e+01 1 1 1 0.0 0.0 0.0
Se 1.832922048555e+01 1.767699602430e+01 2.271046802998e+01 1 1 1 0.0 0.0 0.0
Se 4.092786994694e-01 2.184822874694e+01 2.271046802998e+01 1 1 1 0.0 0.0 0.0
Se 8.168307868531e-01 2.601946146958e+01 2.271046802998e+01 1 1 1 0.0 0.0 0.0
Se 1.224382874237e+00 3.019069419222e+01 2.271046802998e+01 1 1 1 0.0 0.0 0.0
Se 1.631934961621e+00 3.436192691486e+01 2.271046802998e+01 1 1 1 0.0 0.0 0.0
Se 2.039487049004e+00 3.853315963750e+01 2.271046802998e+01 1 1 1 0.0 0.0 0.0
Se 2.447039136388e+00 4.270439236014e+01 2.271046802998e+01 1 1 1 0.0 0.0 0.0
"