calculation_mode = "Quench Electrons"
cell_relax = "False"
charge_density_mixing = "0.1"
charge_mixing_type = "Broyden"
description = "Example parameters for high-throughput bulk relaxation of a vdW material"
dos_broading = "0.05"
dos_method = "Gaussian"
energy_convergence_criterion = "1e-10"
energy_output_units = "Hartrees"
kohn_sham_mucycles = "3"
kohn_sham_solver = "davidson"
kpoint_mesh = "1 1 1"
localize_projectors = "False"
max_md_steps = "100"
max_scf_steps = "200"
non_local_block_size = "4000"
potential_acceleration_constant_step = "1.5"
processor_grid = "7 7 16"
rms_convergence_criterion = "1e-08"
scalapack_block_factor = "64"
start_mode = "LCAO Start"
state_block_size = "64"
stress = "True"
subdiag_driver = "scalapack"
use_async_allreduce = "False"
vdw_corr = "DFT-D3"
vdwdf_kernel_filepath = "/lustre/orion/world-shared/cph162/rjmorelock/rmgdft/XC/vdW_kernel_table"
wavefunction_grid = "156 156 378"
write_data_period = "50"

atomic_coordinate_type = "Absolute"
crds_units = "Angstrom"
lattice_units = "Angstrom"

lattice_vector = "
1.832749387347e+01 0.000000000000e+00 1.100000000000e-15
9.163746936357e+00 1.587207528307e+01 1.100000000000e-15
0.000000000000e+00 0.000000000000e+00 4.446241589303e+01
"
atoms = "
Nb 5.675373364011e+00 5.873018196751e+00 1.532833092694e+01 1 1 1 0.0 0.0 0.0
Nb 8.293586774453e+00 8.140457522904e+00 1.532833092694e+01 1 1 1 0.0 0.0 0.0
Nb 1.091180018489e+01 1.040789684906e+01 1.532833092694e+01 1 1 1 0.0 0.0 0.0
Nb 1.353001359534e+01 1.267533617521e+01 1.532833092694e+01 1 1 1 0.0 0.0 0.0
Nb 1.025724683219e+01 1.380905583829e+01 1.532833092694e+01 1 1 1 0.0 0.0 0.0
Nb 3.711713306274e+00 2.044198813681e-01 1.532833092694e+01 1 1 1 0.0 0.0 0.0
Nb 6.329926716716e+00 2.471859207521e+00 1.532833092694e+01 1 1 1 0.0 0.0 0.0
Nb 8.948140127158e+00 4.739298533674e+00 1.532833092694e+01 1 1 1 0.0 0.0 0.0
Nb 1.156635353760e+01 7.006737859827e+00 1.532833092694e+01 1 1 1 0.0 0.0 0.0
Nb 1.418456694804e+01 9.274177185980e+00 1.532833092694e+01 1 1 1 0.0 0.0 0.0
Nb 1.680278035848e+01 1.154161651213e+01 1.532833092694e+01 1 1 1 0.0 0.0 0.0
Nb 1.614822700578e+01 1.494277550136e+01 1.532833092694e+01 1 1 1 0.0 0.0 0.0
Nb 9.602693479862e+00 1.338139544445e+00 1.532833092694e+01 1 1 1 0.0 0.0 0.0
Nb 1.222090689030e+01 3.605578870598e+00 1.532833092694e+01 1 1 1 0.0 0.0 0.0
Nb 1.483912030075e+01 5.873018196751e+00 1.532833092694e+01 1 1 1 0.0 0.0 0.0
Nb 1.745733371119e+01 8.140457522904e+00 1.532833092694e+01 1 1 1 0.0 0.0 0.0
Nb 2.007554712163e+01 1.040789684906e+01 1.532833092694e+01 1 1 1 0.0 0.0 0.0
Nb 2.269376053207e+01 1.267533617521e+01 1.532833092694e+01 1 1 1 0.0 0.0 0.0
Nb 1.942099376892e+01 1.380905583829e+01 1.532833092694e+01 1 1 1 0.0 0.0 0.0
Nb 1.287546024301e+01 2.044198813681e-01 1.532833092694e+01 1 1 1 0.0 0.0 0.0
Nb 1.549367365345e+01 2.471859207521e+00 1.532833092694e+01 1 1 1 0.0 0.0 0.0
Nb 1.811188706389e+01 4.739298533674e+00 1.532833092694e+01 1 1 1 0.0 0.0 0.0
Nb 2.073010047433e+01 7.006737859827e+00 1.532833092694e+01 1 1 1 0.0 0.0 0.0
Nb 2.334831388478e+01 9.274177185980e+00 1.532833092694e+01 1 1 1 0.0 0.0 0.0
Nb 7.639033421748e+00 1.154161651213e+01 1.532833092694e+01 1 1 1 0.0 0.0 0.0
Nb 2.531197394251e+01 1.494277550136e+01 1.532833092694e+01 1 1 1 0.0 0.0 0.0
Nb 1.876644041660e+01 1.338139544445e+00 1.532833092694e+01 1 1 1 0.0 0.0 0.0
Nb 3.057159953570e+00 3.605578870598e+00 1.532833092694e+01 1 1 1 0.0 0.0 0.0
Nb 5.682503225961e+00 5.866286653368e+00 9.182088683320e+00 1 1 1 0.0 0.0 0.0
Nb 8.300716636403e+00 8.133725979521e+00 9.182088683320e+00 1 1 1 0.0 0.0 0.0
Nb 1.091893004684e+01 1.040116530567e+01 9.182088683320e+00 1 1 1 0.0 0.0 0.0
Nb 1.353714345729e+01 1.266860463183e+01 9.182088683320e+00 1 1 1 0.0 0.0 0.0
Nb 1.026437669414e+01 1.380232429490e+01 9.182088683320e+00 1 1 1 0.0 0.0 0.0
Nb 3.718843168224e+00 1.976883379853e-01 9.182088683320e+00 1 1 1 0.0 0.0 0.0
Nb 6.337056578666e+00 2.465127664138e+00 9.182088683320e+00 1 1 1 0.0 0.0 0.0
Nb 8.955269989107e+00 4.732566990291e+00 9.182088683320e+00 1 1 1 0.0 0.0 0.0
Nb 1.157348339955e+01 7.000006316444e+00 9.182088683320e+00 1 1 1 0.0 0.0 0.0
Nb 1.419169680999e+01 9.267445642597e+00 9.182088683320e+00 1 1 1 0.0 0.0 0.0
Nb 1.680991022043e+01 1.153488496875e+01 9.182088683320e+00 1 1 1 0.0 0.0 0.0
Nb 1.615535686773e+01 1.493604395798e+01 9.182088683320e+00 1 1 1 0.0 0.0 0.0
Nb 9.609823341812e+00 1.331408001062e+00 9.182088683320e+00 1 1 1 0.0 0.0 0.0
Nb 1.222803675225e+01 3.598847327215e+00 9.182088683320e+00 1 1 1 0.0 0.0 0.0
Nb 1.484625016270e+01 5.866286653368e+00 9.182088683320e+00 1 1 1 0.0 0.0 0.0
Nb 1.746446357314e+01 8.133725979521e+00 9.182088683320e+00 1 1 1 0.0 0.0 0.0
Nb 2.008267698358e+01 1.040116530567e+01 9.182088683320e+00 1 1 1 0.0 0.0 0.0
Nb 2.270089039402e+01 1.266860463183e+01 9.182088683320e+00 1 1 1 0.0 0.0 0.0
Nb 1.942812363087e+01 1.380232429490e+01 9.182088683320e+00 1 1 1 0.0 0.0 0.0
Nb 1.288259010496e+01 1.976883379853e-01 9.182088683320e+00 1 1 1 0.0 0.0 0.0
Nb 1.550080351540e+01 2.465127664138e+00 9.182088683320e+00 1 1 1 0.0 0.0 0.0
Nb 1.811901692584e+01 4.732566990291e+00 9.182088683320e+00 1 1 1 0.0 0.0 0.0
Nb 2.073723033628e+01 7.000006316444e+00 9.182088683320e+00 1 1 1 0.0 0.0 0.0
Nb 2.335544374673e+01 9.267445642597e+00 9.182088683320e+00 1 1 1 0.0 0.0 0.0
Nb 7.646163283698e+00 1.153488496875e+01 9.182088683320e+00 1 1 1 0.0 0.0 0.0
Nb 2.531910380446e+01 1.493604395798e+01 9.182088683320e+00 1 1 1 0.0 0.0 0.0
Nb 1.877357027855e+01 1.331408001062e+00 9.182088683320e+00 1 1 1 0.0 0.0 0.0
Nb 3.064289815519e+00 3.598847327215e+00 9.182088683320e+00 1 1 1 0.0 0.0 0.0
Bi 2.025808750941e+01 9.685823150977e+00 3.532095071834e+01 1 1 1 0.0 0.0 0.0
Bi 2.074038997966e+01 1.386268506757e+01 3.532095071834e+01 1 1 1 0.0 0.0 0.0
Bi 1.591736527636e+01 3.838216467740e+00 3.532095071834e+01 1 1 1 0.0 0.0 0.0
Bi 1.639966774661e+01 8.015078384337e+00 3.532095071834e+01 1 1 1 0.0 0.0 0.0
Bi 1.688197021687e+01 1.219194030094e+01 3.532095071834e+01 1 1 1 0.0 0.0 0.0
Bi 1.205894551356e+01 2.167471701101e+00 3.532095071834e+01 1 1 1 0.0 0.0 0.0
Bi 1.254124798382e+01 6.344333617698e+00 3.532095071834e+01 1 1 1 0.0 0.0 0.0
Bi 1.302355045407e+01 1.052119553430e+01 3.532095071834e+01 1 1 1 0.0 0.0 0.0
Bi 1.350585292433e+01 1.469805745089e+01 3.532095071834e+01 1 1 1 0.0 0.0 0.0
Bi 8.200525750766e+00 4.967269344616e-01 3.532095071834e+01 1 1 1 0.0 0.0 0.0
Bi 8.682828221021e+00 4.673588851059e+00 3.532095071834e+01 1 1 1 0.0 0.0 0.0
Bi 9.165130691276e+00 8.850450767657e+00 3.532095071834e+01 1 1 1 0.0 0.0 0.0
Bi 9.647433161532e+00 1.302731268425e+01 3.532095071834e+01 1 1 1 0.0 0.0 0.0
Bi 4.824408458225e+00 3.002844084420e+00 3.532095071834e+01 1 1 1 0.0 0.0 0.0
Bi 5.306710928481e+00 7.179706001018e+00 3.532095071834e+01 1 1 1 0.0 0.0 0.0
Bi 2.411650727220e+01 1.135656791762e+01 3.532095071834e+01 1 1 1 0.0 0.0 0.0
Bi 9.659886954294e-01 1.332099317781e+00 3.532095071834e+01 1 1 1 0.0 0.0 0.0
Bi 1.977578503915e+01 5.508961234379e+00 3.532095071834e+01 1 1 1 0.0 0.0 0.0
Bi 2.459880974246e+01 1.553342983421e+01 3.532095071834e+01 1 1 1 0.0 0.0 0.0
Bi 1.884680962529e+01 7.742233389276e+00 3.133430771007e+01 1 1 1 0.0 0.0 0.0
Bi 1.932911209554e+01 1.191909530587e+01 3.133430771007e+01 1 1 1 0.0 0.0 0.0
Bi 1.450608739224e+01 1.894626706039e+00 3.133430771007e+01 1 1 1 0.0 0.0 0.0
Bi 1.498838986249e+01 6.071488622637e+00 3.133430771007e+01 1 1 1 0.0 0.0 0.0
Bi 1.547069233275e+01 1.024835053923e+01 3.133430771007e+01 1 1 1 0.0 0.0 0.0
Bi 1.064766762944e+01 2.238819394003e-01 3.133430771007e+01 1 1 1 0.0 0.0 0.0
Bi 1.112997009970e+01 4.400743855998e+00 3.133430771007e+01 1 1 1 0.0 0.0 0.0
Bi 1.161227256995e+01 8.577605772596e+00 3.133430771007e+01 1 1 1 0.0 0.0 0.0
Bi 1.209457504021e+01 1.275446768919e+01 3.133430771007e+01 1 1 1 0.0 0.0 0.0
Bi 1.595299480300e+01 1.442521245583e+01 3.133430771007e+01 1 1 1 0.0 0.0 0.0
Bi 7.271550336900e+00 2.729999089359e+00 3.133430771007e+01 1 1 1 0.0 0.0 0.0
Bi 7.753852807155e+00 6.906861005957e+00 3.133430771007e+01 1 1 1 0.0 0.0 0.0
Bi 8.236155277410e+00 1.108372292255e+01 3.133430771007e+01 1 1 1 0.0 0.0 0.0
Bi 3.413130574104e+00 1.059254322720e+00 3.133430771007e+01 1 1 1 0.0 0.0 0.0
Bi 3.895433044359e+00 5.236116239317e+00 3.133430771007e+01 1 1 1 0.0 0.0 0.0
Bi 2.270522938808e+01 9.412978155915e+00 3.133430771007e+01 1 1 1 0.0 0.0 0.0
Bi 2.704595162113e+01 1.526058483915e+01 3.133430771007e+01 1 1 1 0.0 0.0 0.0
Bi 1.836450715503e+01 3.565371472678e+00 3.133430771007e+01 1 1 1 0.0 0.0 0.0
Bi 2.318753185834e+01 1.358984007251e+01 3.133430771007e+01 1 1 1 0.0 0.0 0.0
Bi 1.888951745456e+01 7.688704641268e+00 2.529282906773e+01 1 1 1 0.0 0.0 0.0
Bi 1.937181992482e+01 1.186556655787e+01 2.529282906773e+01 1 1 1 0.0 0.0 0.0
Bi 1.454879522151e+01 1.841097958031e+00 2.529282906773e+01 1 1 1 0.0 0.0 0.0
Bi 1.503109769177e+01 6.017959874629e+00 2.529282906773e+01 1 1 1 0.0 0.0 0.0
Bi 1.551340016202e+01 1.019482179123e+01 2.529282906773e+01 1 1 1 0.0 0.0 0.0
Bi 1.069037545872e+01 1.703531913919e-01 2.529282906773e+01 1 1 1 0.0 0.0 0.0
Bi 1.117267792897e+01 4.347215107990e+00 2.529282906773e+01 1 1 1 0.0 0.0 0.0
Bi 1.165498039923e+01 8.524077024587e+00 2.529282906773e+01 1 1 1 0.0 0.0 0.0
Bi 1.213728286948e+01 1.270093894118e+01 2.529282906773e+01 1 1 1 0.0 0.0 0.0
Bi 1.599570263228e+01 1.437168370782e+01 2.529282906773e+01 1 1 1 0.0 0.0 0.0
Bi 7.314258166177e+00 2.676470341351e+00 2.529282906773e+01 1 1 1 0.0 0.0 0.0
Bi 7.796560636432e+00 6.853332257948e+00 2.529282906773e+01 1 1 1 0.0 0.0 0.0
Bi 8.278863106688e+00 1.103019417455e+01 2.529282906773e+01 1 1 1 0.0 0.0 0.0
Bi 3.455838403381e+00 1.005725574711e+00 2.529282906773e+01 1 1 1 0.0 0.0 0.0
Bi 3.938140873637e+00 5.182587491309e+00 2.529282906773e+01 1 1 1 0.0 0.0 0.0
Bi 2.274793721736e+01 9.359449407907e+00 2.529282906773e+01 1 1 1 0.0 0.0 0.0
Bi 2.708865945041e+01 1.520705609114e+01 2.529282906773e+01 1 1 1 0.0 0.0 0.0
Bi 1.840721498431e+01 3.511842724670e+00 2.529282906773e+01 1 1 1 0.0 0.0 0.0
Bi 2.323023968762e+01 1.353631132450e+01 2.529282906773e+01 1 1 1 0.0 0.0 0.0
Bi 2.179757288369e+01 1.160350383972e+01 2.132110864621e+01 1 1 1 0.0 0.0 0.0
Bi 2.227987535394e+01 1.578036575631e+01 2.132110864621e+01 1 1 1 0.0 0.0 0.0
Bi 1.745685065064e+01 5.755897156478e+00 2.132110864621e+01 1 1 1 0.0 0.0 0.0
Bi 1.793915312089e+01 9.932759073076e+00 2.132110864621e+01 1 1 1 0.0 0.0 0.0
Bi 1.842145559115e+01 1.410962098967e+01 2.132110864621e+01 1 1 1 0.0 0.0 0.0
Bi 1.359843088784e+01 4.085152389839e+00 2.132110864621e+01 1 1 1 0.0 0.0 0.0
Bi 1.408073335810e+01 8.262014306437e+00 2.132110864621e+01 1 1 1 0.0 0.0 0.0
Bi 1.456303582835e+01 1.243887622303e+01 2.132110864621e+01 1 1 1 0.0 0.0 0.0
Bi 5.881591362249e+00 7.436628565613e-01 2.132110864621e+01 1 1 1 0.0 0.0 0.0
Bi 9.740011125045e+00 2.414407623200e+00 2.132110864621e+01 1 1 1 0.0 0.0 0.0
Bi 1.022231359530e+01 6.591269539798e+00 2.132110864621e+01 1 1 1 0.0 0.0 0.0
Bi 1.070461606556e+01 1.076813145640e+01 2.132110864621e+01 1 1 1 0.0 0.0 0.0
Bi 1.118691853581e+01 1.494499337299e+01 2.132110864621e+01 1 1 1 0.0 0.0 0.0
Bi 6.363893832504e+00 4.920524773159e+00 2.132110864621e+01 1 1 1 0.0 0.0 0.0
Bi 6.846196302759e+00 9.097386689757e+00 2.132110864621e+01 1 1 1 0.0 0.0 0.0
Bi 2.565599264648e+01 1.327424860635e+01 2.132110864621e+01 1 1 1 0.0 0.0 0.0
Bi 2.505474069708e+00 3.249780006520e+00 2.132110864621e+01 1 1 1 0.0 0.0 0.0
Bi 2.131527041343e+01 7.426641923118e+00 2.132110864621e+01 1 1 1 0.0 0.0 0.0
Bi 1.697454818038e+01 1.579035239881e+00 2.132110864621e+01 1 1 1 0.0 0.0 0.0
Se 3.718741592019e+00 5.487825704608e+00 7.500000000000e+00 1 1 1 0.0 0.0 0.0
Se 6.336955002461e+00 7.755265030761e+00 7.500000000000e+00 1 1 1 0.0 0.0 0.0
Se 8.955168412903e+00 1.002270435691e+01 7.500000000000e+00 1 1 1 0.0 0.0 0.0
Se 1.157338182334e+01 1.229014368307e+01 7.500000000000e+00 1 1 1 0.0 0.0 0.0
Se 8.300615060198e+00 1.342386334614e+01 7.500000000000e+00 1 1 1 0.0 0.0 0.0
Se 1.091882847064e+01 1.569130267230e+01 7.500000000000e+00 1 1 1 0.0 0.0 0.0
Se 4.373294944724e+00 2.086666715379e+00 7.500000000000e+00 1 1 1 0.0 0.0 0.0
Se 6.991508355166e+00 4.354106041532e+00 7.500000000000e+00 1 1 1 0.0 0.0 0.0
Se 9.609721765607e+00 6.621545367685e+00 7.500000000000e+00 1 1 1 0.0 0.0 0.0
Se 1.222793517605e+01 8.888984693838e+00 7.500000000000e+00 1 1 1 0.0 0.0 0.0
Se 1.484614858649e+01 1.115642401999e+01 7.500000000000e+00 1 1 1 0.0 0.0 0.0
Se 1.419159523379e+01 1.455758300922e+01 7.500000000000e+00 1 1 1 0.0 0.0 0.0
Se 7.646061707870e+00 9.529470523022e-01 7.500000000000e+00 1 1 1 0.0 0.0 0.0
Se 1.026427511831e+01 3.220386378455e+00 7.500000000000e+00 1 1 1 0.0 0.0 0.0
Se 1.288248852875e+01 5.487825704608e+00 7.500000000000e+00 1 1 1 0.0 0.0 0.0
Se 1.550070193920e+01 7.755265030761e+00 7.500000000000e+00 1 1 1 0.0 0.0 0.0
Se 1.811891534964e+01 1.002270435691e+01 7.500000000000e+00 1 1 1 0.0 0.0 0.0
Se 2.073712876008e+01 1.229014368307e+01 7.500000000000e+00 1 1 1 0.0 0.0 0.0
Se 1.746436199693e+01 1.342386334614e+01 7.500000000000e+00 1 1 1 0.0 0.0 0.0
Se 2.008257540737e+01 1.569130267230e+01 7.500000000000e+00 1 1 1 0.0 0.0 0.0
Se 1.353704188146e+01 2.086666715379e+00 7.500000000000e+00 1 1 1 0.0 0.0 0.0
Se 1.615525529190e+01 4.354106041532e+00 7.500000000000e+00 1 1 1 0.0 0.0 0.0
Se 1.877346870234e+01 6.621545367685e+00 7.500000000000e+00 1 1 1 0.0 0.0 0.0
Se 2.139168211278e+01 8.888984693838e+00 7.500000000000e+00 1 1 1 0.0 0.0 0.0
Se 2.400989552323e+01 1.115642401999e+01 7.500000000000e+00 1 1 1 0.0 0.0 0.0
Se 2.335534217052e+01 1.455758300922e+01 7.500000000000e+00 1 1 1 0.0 0.0 0.0
Se 1.680980864460e+01 9.529470523022e-01 7.500000000000e+00 1 1 1 0.0 0.0 0.0
Se 1.942802205505e+01 3.220386378455e+00 7.500000000000e+00 1 1 1 0.0 0.0 0.0
Se 4.366140553231e+00 7.384384618899e+00 1.364602824434e+01 1 1 1 0.0 0.0 0.0
Se 6.984353963673e+00 9.651823945052e+00 1.364602824434e+01 1 1 1 0.0 0.0 0.0
Se 9.602567374115e+00 1.191926327121e+01 1.364602824434e+01 1 1 1 0.0 0.0 0.0
Se 1.222078078456e+01 1.418670259736e+01 1.364602824434e+01 1 1 1 0.0 0.0 0.0
Se 8.948014021410e+00 1.532042226043e+01 1.364602824434e+01 1 1 1 0.0 0.0 0.0
Se 2.402480495494e+00 1.715786303517e+00 1.364602824434e+01 1 1 1 0.0 0.0 0.0
Se 5.020693905936e+00 3.983225629670e+00 1.364602824434e+01 1 1 1 0.0 0.0 0.0
Se 7.638907316378e+00 6.250664955823e+00 1.364602824434e+01 1 1 1 0.0 0.0 0.0
Se 1.025712072682e+01 8.518104281976e+00 1.364602824434e+01 1 1 1 0.0 0.0 0.0
Se 1.287533413726e+01 1.078554360813e+01 1.364602824434e+01 1 1 1 0.0 0.0 0.0
Se 1.549354754770e+01 1.305298293428e+01 1.364602824434e+01 1 1 1 0.0 0.0 0.0
Se 5.675247258641e+00 5.820666404402e-01 1.364602824434e+01 1 1 1 0.0 0.0 0.0
Se 8.293460669083e+00 2.849505966593e+00 1.364602824434e+01 1 1 1 0.0 0.0 0.0
Se 1.091167407952e+01 5.116945292746e+00 1.364602824434e+01 1 1 1 0.0 0.0 0.0
Se 1.352988748997e+01 7.384384618899e+00 1.364602824434e+01 1 1 1 0.0 0.0 0.0
Se 1.614810090041e+01 9.651823945052e+00 1.364602824434e+01 1 1 1 0.0 0.0 0.0
Se 1.876631431085e+01 1.191926327121e+01 1.364602824434e+01 1 1 1 0.0 0.0 0.0
Se 2.138452772129e+01 1.418670259736e+01 1.364602824434e+01 1 1 1 0.0 0.0 0.0
Se 1.811176095814e+01 1.532042226043e+01 1.364602824434e+01 1 1 1 0.0 0.0 0.0
Se 1.156622743223e+01 1.715786303517e+00 1.364602824434e+01 1 1 1 0.0 0.0 0.0
Se 1.418444084267e+01 3.983225629670e+00 1.364602824434e+01 1 1 1 0.0 0.0 0.0
Se 1.680265425311e+01 6.250664955823e+00 1.364602824434e+01 1 1 1 0.0 0.0 0.0
Se 1.942086766355e+01 8.518104281976e+00 1.364602824434e+01 1 1 1 0.0 0.0 0.0
Se 2.203908107400e+01 1.078554360813e+01 1.364602824434e+01 1 1 1 0.0 0.0 0.0
Se 2.465729448444e+01 1.305298293428e+01 1.364602824434e+01 1 1 1 0.0 0.0 0.0
Se 1.483899419538e+01 5.820666404402e-01 1.364602824434e+01 1 1 1 0.0 0.0 0.0
Se 1.745720760582e+01 2.849505966593e+00 1.364602824434e+01 1 1 1 0.0 0.0 0.0
Se 2.007542101626e+01 5.116945292746e+00 1.364602824434e+01 1 1 1 0.0 0.0 0.0
Se 3.718298740848e+00 5.488806559463e+00 1.086443756309e+01 1 1 1 0.0 0.0 0.0
Se 6.336512151290e+00 7.756245885616e+00 1.086443756309e+01 1 1 1 0.0 0.0 0.0
Se 8.954725561732e+00 1.002368521177e+01 1.086443756309e+01 1 1 1 0.0 0.0 0.0
Se 1.157293897217e+01 1.229112453792e+01 1.086443756309e+01 1 1 1 0.0 0.0 0.0
Se 8.300172209027e+00 1.342484420100e+01 1.086443756309e+01 1 1 1 0.0 0.0 0.0
Se 1.091838561947e+01 1.569228352715e+01 1.086443756309e+01 1 1 1 0.0 0.0 0.0
Se 4.372852093553e+00 2.087647570234e+00 1.086443756309e+01 1 1 1 0.0 0.0 0.0
Se 6.991065503994e+00 4.355086896387e+00 1.086443756309e+01 1 1 1 0.0 0.0 0.0
Se 9.609278914436e+00 6.622526222540e+00 1.086443756309e+01 1 1 1 0.0 0.0 0.0
Se 1.222749232488e+01 8.889965548693e+00 1.086443756309e+01 1 1 1 0.0 0.0 0.0
Se 1.484570573532e+01 1.115740487485e+01 1.086443756309e+01 1 1 1 0.0 0.0 0.0
Se 1.419115238261e+01 1.455856386408e+01 1.086443756309e+01 1 1 1 0.0 0.0 0.0
Se 7.645618856699e+00 9.539279071572e-01 1.086443756309e+01 1 1 1 0.0 0.0 0.0
Se 1.026383226714e+01 3.221367233310e+00 1.086443756309e+01 1 1 1 0.0 0.0 0.0
Se 1.288204567758e+01 5.488806559463e+00 1.086443756309e+01 1 1 1 0.0 0.0 0.0
Se 1.550025908802e+01 7.756245885616e+00 1.086443756309e+01 1 1 1 0.0 0.0 0.0
Se 1.811847249847e+01 1.002368521177e+01 1.086443756309e+01 1 1 1 0.0 0.0 0.0
Se 2.073668590891e+01 1.229112453792e+01 1.086443756309e+01 1 1 1 0.0 0.0 0.0
Se 1.746391914576e+01 1.342484420100e+01 1.086443756309e+01 1 1 1 0.0 0.0 0.0
Se 2.008213255620e+01 1.569228352715e+01 1.086443756309e+01 1 1 1 0.0 0.0 0.0
Se 1.353659903029e+01 2.087647570234e+00 1.086443756309e+01 1 1 1 0.0 0.0 0.0
Se 1.615481244073e+01 4.355086896387e+00 1.086443756309e+01 1 1 1 0.0 0.0 0.0
Se 1.877302585117e+01 6.622526222540e+00 1.086443756309e+01 1 1 1 0.0 0.0 0.0
Se 2.139123926161e+01 8.889965548693e+00 1.086443756309e+01 1 1 1 0.0 0.0 0.0
Se 2.400945267205e+01 1.115740487485e+01 1.086443756309e+01 1 1 1 0.0 0.0 0.0
Se 2.335489931935e+01 1.455856386408e+01 1.086443756309e+01 1 1 1 0.0 0.0 0.0
Se 1.680936579343e+01 9.539279071572e-01 1.086443756309e+01 1 1 1 0.0 0.0 0.0
Se 1.942757920388e+01 3.221367233310e+00 1.086443756309e+01 1 1 1 0.0 0.0 0.0
Se 4.365874872662e+00 7.385408677455e+00 1.701046802998e+01 1 1 1 0.0 0.0 0.0
Se 6.984088283104e+00 9.652848003608e+00 1.701046802998e+01 1 1 1 0.0 0.0 0.0
Se 9.602301693545e+00 1.192028732976e+01 1.701046802998e+01 1 1 1 0.0 0.0 0.0
Se 1.222051510399e+01 1.418772665591e+01 1.701046802998e+01 1 1 1 0.0 0.0 0.0
Se 8.947748340841e+00 1.532144631899e+01 1.701046802998e+01 1 1 1 0.0 0.0 0.0
Se 2.402214814925e+00 1.716810362073e+00 1.701046802998e+01 1 1 1 0.0 0.0 0.0
Se 5.020428225367e+00 3.984249688226e+00 1.701046802998e+01 1 1 1 0.0 0.0 0.0
Se 7.638641635808e+00 6.251689014379e+00 1.701046802998e+01 1 1 1 0.0 0.0 0.0
Se 1.025685504625e+01 8.519128340532e+00 1.701046802998e+01 1 1 1 0.0 0.0 0.0
Se 1.287506845669e+01 1.078656766668e+01 1.701046802998e+01 1 1 1 0.0 0.0 0.0
Se 1.549328186713e+01 1.305400699284e+01 1.701046802998e+01 1 1 1 0.0 0.0 0.0
Se 5.674981578071e+00 5.830906989961e-01 1.701046802998e+01 1 1 1 0.0 0.0 0.0
Se 8.293194988513e+00 2.850530025149e+00 1.701046802998e+01 1 1 1 0.0 0.0 0.0
Se 1.091140839895e+01 5.117969351302e+00 1.701046802998e+01 1 1 1 0.0 0.0 0.0
Se 1.352962180940e+01 7.385408677455e+00 1.701046802998e+01 1 1 1 0.0 0.0 0.0
Se 1.614783521984e+01 9.652848003608e+00 1.701046802998e+01 1 1 1 0.0 0.0 0.0
Se 1.876604863028e+01 1.192028732976e+01 1.701046802998e+01 1 1 1 0.0 0.0 0.0
Se 2.138426204072e+01 1.418772665591e+01 1.701046802998e+01 1 1 1 0.0 0.0 0.0
Se 1.811149527758e+01 1.532144631899e+01 1.701046802998e+01 1 1 1 0.0 0.0 0.0
Se 1.156596175166e+01 1.716810362073e+00 1.701046802998e+01 1 1 1 0.0 0.0 0.0
Se 1.418417516210e+01 3.984249688226e+00 1.701046802998e+01 1 1 1 0.0 0.0 0.0
Se 1.680238857254e+01 6.251689014379e+00 1.701046802998e+01 1 1 1 0.0 0.0 0.0
Se 1.942060198298e+01 8.519128340532e+00 1.701046802998e+01 1 1 1 0.0 0.0 0.0
Se 2.203881539343e+01 1.078656766668e+01 1.701046802998e+01 1 1 1 0.0 0.0 0.0
Se 2.465702880387e+01 1.305400699284e+01 1.701046802998e+01 1 1 1 0.0 0.0 0.0
Se 1.483872851481e+01 5.830906989961e-01 1.701046802998e+01 1 1 1 0.0 0.0 0.0
Se 1.745694192525e+01 2.850530025149e+00 1.701046802998e+01 1 1 1 0.0 0.0 0.0
Se 2.007515533569e+01 5.117969351302e+00 1.701046802998e+01 1 1 1 0.0 0.0 0.0
Se 1.880431550225e+01 7.726549502815e+00 3.696241589303e+01 1 1 1 0.0 0.0 0.0
Se 1.928661797250e+01 1.190341141941e+01 3.696241589303e+01 1 1 1 0.0 0.0 0.0
Se 1.446359326920e+01 1.878942819579e+00 3.696241589303e+01 1 1 1 0.0 0.0 0.0
Se 1.494589573945e+01 6.055804736176e+00 3.696241589303e+01 1 1 1 0.0 0.0 0.0
Se 1.542819820971e+01 1.023266665277e+01 3.696241589303e+01 1 1 1 0.0 0.0 0.0
Se 1.060517350640e+01 2.081980529396e-01 3.696241589303e+01 1 1 1 0.0 0.0 0.0
Se 1.108747597665e+01 4.385059969537e+00 3.696241589303e+01 1 1 1 0.0 0.0 0.0
Se 1.156977844691e+01 8.561921886135e+00 3.696241589303e+01 1 1 1 0.0 0.0 0.0
Se 1.205208091716e+01 1.273878380273e+01 3.696241589303e+01 1 1 1 0.0 0.0 0.0
Se 1.591050067996e+01 1.440952856937e+01 3.696241589303e+01 1 1 1 0.0 0.0 0.0
Se 7.229056213858e+00 2.714315202898e+00 3.696241589303e+01 1 1 1 0.0 0.0 0.0
Se 7.711358684114e+00 6.891177119496e+00 3.696241589303e+01 1 1 1 0.0 0.0 0.0
Se 8.193661154369e+00 1.106803903609e+01 3.696241589303e+01 1 1 1 0.0 0.0 0.0
Se 3.370636451063e+00 1.043570436259e+00 3.696241589303e+01 1 1 1 0.0 0.0 0.0
Se 3.852938921318e+00 5.220432352857e+00 3.696241589303e+01 1 1 1 0.0 0.0 0.0
Se 2.266273526504e+01 9.397294269454e+00 3.696241589303e+01 1 1 1 0.0 0.0 0.0
Se 2.700345749809e+01 1.524490095269e+01 3.696241589303e+01 1 1 1 0.0 0.0 0.0
Se 1.832201303199e+01 3.549687586218e+00 3.696241589303e+01 1 1 1 0.0 0.0 0.0
Se 2.314503773530e+01 1.357415618605e+01 3.696241589303e+01 1 1 1 0.0 0.0 0.0
Se 2.172511381052e+01 1.165126812049e+01 3.332483142763e+01 1 1 1 0.0 0.0 0.0
Se 2.220741628078e+01 1.582813003709e+01 3.332483142763e+01 1 1 1 0.0 0.0 0.0
Se 1.738439157747e+01 5.803661437253e+00 3.332483142763e+01 1 1 1 0.0 0.0 0.0
Se 1.786669404773e+01 9.980523353851e+00 3.332483142763e+01 1 1 1 0.0 0.0 0.0
Se 1.834899651798e+01 1.415738527045e+01 3.332483142763e+01 1 1 1 0.0 0.0 0.0
Se 1.352597181468e+01 4.132916670614e+00 3.332483142763e+01 1 1 1 0.0 0.0 0.0
Se 1.400827428493e+01 8.309778587212e+00 3.332483142763e+01 1 1 1 0.0 0.0 0.0
Se 1.449057675519e+01 1.248664050381e+01 3.332483142763e+01 1 1 1 0.0 0.0 0.0
Se 5.809132289084e+00 7.914271373360e-01 3.332483142763e+01 1 1 1 0.0 0.0 0.0
Se 9.667552051880e+00 2.462171903975e+00 3.332483142763e+01 1 1 1 0.0 0.0 0.0
Se 1.014985452213e+01 6.639033820573e+00 3.332483142763e+01 1 1 1 0.0 0.0 0.0
Se 1.063215699239e+01 1.081589573717e+01 3.332483142763e+01 1 1 1 0.0 0.0 0.0
Se 1.111445946265e+01 1.499275765377e+01 3.332483142763e+01 1 1 1 0.0 0.0 0.0
Se 6.291434759339e+00 4.968289053934e+00 3.332483142763e+01 1 1 1 0.0 0.0 0.0
Se 6.773737229594e+00 9.145150970531e+00 3.332483142763e+01 1 1 1 0.0 0.0 0.0
Se 2.558353357332e+01 1.332201288713e+01 3.332483142763e+01 1 1 1 0.0 0.0 0.0
Se 2.433014996543e+00 3.297544287295e+00 3.332483142763e+01 1 1 1 0.0 0.0 0.0
Se 2.124281134027e+01 7.474406203892e+00 3.332483142763e+01 1 1 1 0.0 0.0 0.0
Se 1.690208910722e+01 1.626799520656e+00 3.332483142763e+01 1 1 1 0.0 0.0 0.0
Se 2.027961964054e+01 9.689025210301e+00 2.969131231352e+01 1 1 1 0.0 0.0 0.0
Se 2.076192211079e+01 1.386588712690e+01 2.969131231352e+01 1 1 1 0.0 0.0 0.0
Se 1.593889740749e+01 3.841418527064e+00 2.969131231352e+01 1 1 1 0.0 0.0 0.0
Se 1.642119987774e+01 8.018280443662e+00 2.969131231352e+01 1 1 1 0.0 0.0 0.0
Se 1.690350234800e+01 1.219514236026e+01 2.969131231352e+01 1 1 1 0.0 0.0 0.0
Se 1.208047764469e+01 2.170673760425e+00 2.969131231352e+01 1 1 1 0.0 0.0 0.0
Se 1.256278011495e+01 6.347535677023e+00 2.969131231352e+01 1 1 1 0.0 0.0 0.0
Se 1.304508258520e+01 1.052439759362e+01 2.969131231352e+01 1 1 1 0.0 0.0 0.0
Se 1.352738505546e+01 1.470125951022e+01 2.969131231352e+01 1 1 1 0.0 0.0 0.0
Se 8.222057881896e+00 4.999289937862e-01 2.969131231352e+01 1 1 1 0.0 0.0 0.0
Se 8.704360352152e+00 4.676790910384e+00 2.969131231352e+01 1 1 1 0.0 0.0 0.0
Se 9.186662822407e+00 8.853652826982e+00 2.969131231352e+01 1 1 1 0.0 0.0 0.0
Se 9.668965292662e+00 1.303051474358e+01 2.969131231352e+01 1 1 1 0.0 0.0 0.0
Se 4.845940589356e+00 3.006046143745e+00 2.969131231352e+01 1 1 1 0.0 0.0 0.0
Se 5.328243059611e+00 7.182908060343e+00 2.969131231352e+01 1 1 1 0.0 0.0 0.0
Se 2.413803940334e+01 1.135976997694e+01 2.969131231352e+01 1 1 1 0.0 0.0 0.0
Se 9.875208265599e-01 1.335301377106e+00 2.969131231352e+01 1 1 1 0.0 0.0 0.0
Se 1.979731717028e+01 5.512163293703e+00 2.969131231352e+01 1 1 1 0.0 0.0 0.0
Se 2.462034187359e+01 1.553663189354e+01 2.969131231352e+01 1 1 1 0.0 0.0 0.0
Se 2.179511121491e+01 1.160689995478e+01 2.692457590224e+01 1 1 1 0.0 0.0 0.0
Se 2.227741368516e+01 1.578376187137e+01 2.692457590224e+01 1 1 1 0.0 0.0 0.0
Se 1.745438898186e+01 5.759293271540e+00 2.692457590224e+01 1 1 1 0.0 0.0 0.0
Se 1.793669145211e+01 9.936155188138e+00 2.692457590224e+01 1 1 1 0.0 0.0 0.0
Se 1.841899392237e+01 1.411301710474e+01 2.692457590224e+01 1 1 1 0.0 0.0 0.0
Se 1.359596921906e+01 4.088548504901e+00 2.692457590224e+01 1 1 1 0.0 0.0 0.0
Se 1.407827168932e+01 8.265410421499e+00 2.692457590224e+01 1 1 1 0.0 0.0 0.0
Se 1.456057415957e+01 1.244227233810e+01 2.692457590224e+01 1 1 1 0.0 0.0 0.0
Se 5.879129693469e+00 7.470589716228e-01 2.692457590224e+01 1 1 1 0.0 0.0 0.0
Se 9.737549456265e+00 2.417803738262e+00 2.692457590224e+01 1 1 1 0.0 0.0 0.0
Se 1.021985192652e+01 6.594665654860e+00 2.692457590224e+01 1 1 1 0.0 0.0 0.0
Se 1.070215439678e+01 1.077152757146e+01 2.692457590224e+01 1 1 1 0.0 0.0 0.0
Se 1.118445686703e+01 1.494838948805e+01 2.692457590224e+01 1 1 1 0.0 0.0 0.0
Se 6.361432163725e+00 4.923920888220e+00 2.692457590224e+01 1 1 1 0.0 0.0 0.0
Se 6.843734633980e+00 9.100782804818e+00 2.692457590224e+01 1 1 1 0.0 0.0 0.0
Se 2.565353097770e+01 1.327764472142e+01 2.692457590224e+01 1 1 1 0.0 0.0 0.0
Se 2.503012400929e+00 3.253176121581e+00 2.692457590224e+01 1 1 1 0.0 0.0 0.0
Se 2.131280874465e+01 7.430038038179e+00 2.692457590224e+01 1 1 1 0.0 0.0 0.0
Se 1.697208651160e+01 1.582431354942e+00 2.692457590224e+01 1 1 1 0.0 0.0 0.0
Se 2.034454925874e+01 9.638127135215e+00 2.330671355540e+01 1 1 1 0.0 0.0 0.0
Se 2.082685172900e+01 1.381498905181e+01 2.330671355540e+01 1 1 1 0.0 0.0 0.0
Se 1.600382702569e+01 3.790520451978e+00 2.330671355540e+01 1 1 1 0.0 0.0 0.0
Se 1.648612949595e+01 7.967382368576e+00 2.330671355540e+01 1 1 1 0.0 0.0 0.0
Se 1.696843196620e+01 1.214424428517e+01 2.330671355540e+01 1 1 1 0.0 0.0 0.0
Se 1.214540726290e+01 2.119775685339e+00 2.330671355540e+01 1 1 1 0.0 0.0 0.0
Se 1.262770973315e+01 6.296637601937e+00 2.330671355540e+01 1 1 1 0.0 0.0 0.0
Se 1.311001220341e+01 1.047349951853e+01 2.330671355540e+01 1 1 1 0.0 0.0 0.0
Se 1.359231467366e+01 1.465036143513e+01 2.330671355540e+01 1 1 1 0.0 0.0 0.0
Se 8.286987500102e+00 4.490309186998e-01 2.330671355540e+01 1 1 1 0.0 0.0 0.0
Se 8.769289970357e+00 4.625892835297e+00 2.330671355540e+01 1 1 1 0.0 0.0 0.0
Se 9.251592440612e+00 8.802754751895e+00 2.330671355540e+01 1 1 1 0.0 0.0 0.0
Se 9.733894910867e+00 1.297961666849e+01 2.330671355540e+01 1 1 1 0.0 0.0 0.0
Se 4.910870207561e+00 2.955148068658e+00 2.330671355540e+01 1 1 1 0.0 0.0 0.0
Se 5.393172677816e+00 7.132009985256e+00 2.330671355540e+01 1 1 1 0.0 0.0 0.0
Se 2.420296902154e+01 1.130887190185e+01 2.330671355540e+01 1 1 1 0.0 0.0 0.0
Se 1.052450444765e+00 1.284403302019e+00 2.330671355540e+01 1 1 1 0.0 0.0 0.0
Se 1.986224678849e+01 5.461265218617e+00 2.330671355540e+01 1 1 1 0.0 0.0 0.0
Se 2.468527149180e+01 1.548573381845e+01 2.330671355540e+01 1 1 1 0.0 0.0 0.0
Se 1.888533165194e+01 7.682158373476e+00 1.968357859229e+01 1 1 1 0.0 0.0 0.0
Se 1.936763412220e+01 1.185902029007e+01 1.968357859229e+01 1 1 1 0.0 0.0 0.0
Se 1.454460941889e+01 1.834551690239e+00 1.968357859229e+01 1 1 1 0.0 0.0 0.0
Se 1.502691188914e+01 6.011413606837e+00 1.968357859229e+01 1 1 1 0.0 0.0 0.0
Se 1.550921435940e+01 1.018827552343e+01 1.968357859229e+01 1 1 1 0.0 0.0 0.0
Se 1.068618965609e+01 1.638069235998e-01 1.968357859229e+01 1 1 1 0.0 0.0 0.0
Se 1.116849212635e+01 4.340668840197e+00 1.968357859229e+01 1 1 1 0.0 0.0 0.0
Se 1.165079459660e+01 8.517530756795e+00 1.968357859229e+01 1 1 1 0.0 0.0 0.0
Se 1.213309706686e+01 1.269439267339e+01 1.968357859229e+01 1 1 1 0.0 0.0 0.0
Se 1.599151682965e+01 1.436513744003e+01 1.968357859229e+01 1 1 1 0.0 0.0 0.0
Se 7.310072363552e+00 2.669924073558e+00 1.968357859229e+01 1 1 1 0.0 0.0 0.0
Se 7.792374833808e+00 6.846785990156e+00 1.968357859229e+01 1 1 1 0.0 0.0 0.0
Se 8.274677304063e+00 1.102364790675e+01 1.968357859229e+01 1 1 1 0.0 0.0 0.0
Se 3.451652600756e+00 9.991793069194e-01 1.968357859229e+01 1 1 1 0.0 0.0 0.0
Se 3.933955071012e+00 5.176041223517e+00 1.968357859229e+01 1 1 1 0.0 0.0 0.0
Se 2.274375141474e+01 9.352903140115e+00 1.968357859229e+01 1 1 1 0.0 0.0 0.0
Se 2.708447364779e+01 1.520050982335e+01 1.968357859229e+01 1 1 1 0.0 0.0 0.0
Se 1.840302918168e+01 3.505296456878e+00 1.968357859229e+01 1 1 1 0.0 0.0 0.0
Se 2.322605388499e+01 1.352976505671e+01 1.968357859229e+01 1 1 1 0.0 0.0 0.0
"