calculation_mode = "Quench Electrons"
cell_relax = "False"
charge_density_mixing = "0.1"
charge_mixing_type = "Broyden"
description = "Example parameters for high-throughput bulk relaxation of a vdW material"
dos_broading = "0.05"
dos_method = "Gaussian"
energy_convergence_criterion = "1e-10"
energy_output_units = "Hartrees"
kohn_sham_mucycles = "3"
kohn_sham_solver = "davidson"
kpoint_mesh = "1 1 1"
localize_projectors = "False"
max_md_steps = "100"
max_scf_steps = "200"
non_local_block_size = "4000"
potential_acceleration_constant_step = "1.5"
processor_grid = "7 8 17"
rms_convergence_criterion = "1e-08"
scalapack_block_factor = "64"
start_mode = "LCAO Start"
state_block_size = "64"
stress = "True"
subdiag_driver = "scalapack"
use_async_allreduce = "False"
vdw_corr = "DFT-D3"
vdwdf_kernel_filepath = "/lustre/orion/world-shared/cph162/rjmorelock/rmgdft/XC/vdW_kernel_table"
wavefunction_grid = "156 164 378"
write_data_period = "50"

atomic_coordinate_type = "Absolute"
crds_units = "Angstrom"
lattice_units = "Angstrom"

lattice_vector = "
1.832749387347e+01 0.000000000000e+00 1.100000000000e-15
6.545533526670e+00 1.813951460922e+01 1.200000000000e-15
0.000000000000e+00 0.000000000000e+00 4.446241589303e+01
"
atoms = "
Nb 7.691301264802e+00 1.735086504930e+01 1.532833092694e+01 1 1 1 0.0 0.0 0.0
Nb 4.418534501279e+00 3.450701031500e-01 1.532833092694e+01 1 1 1 0.0 0.0 0.0
Nb 5.073087853983e+00 3.746229092380e+00 1.532833092694e+01 1 1 1 0.0 0.0 0.0
Nb 7.691301264425e+00 1.478789766227e+00 1.532833092694e+01 1 1 1 0.0 0.0 0.0
Nb 1.685504820154e+01 1.735086504930e+01 1.532833092694e+01 1 1 1 0.0 0.0 0.0
Nb 5.727641206688e+00 7.147388081609e+00 1.532833092694e+01 1 1 1 0.0 0.0 0.0
Nb 8.345854617130e+00 4.879948755456e+00 1.532833092694e+01 1 1 1 0.0 0.0 0.0
Nb 1.096406802757e+01 2.612509429303e+00 1.532833092694e+01 1 1 1 0.0 0.0 0.0
Nb 1.358228143801e+01 3.450701031500e-01 1.532833092694e+01 1 1 1 0.0 0.0 0.0
Nb 6.382194559393e+00 1.054854707084e+01 1.532833092694e+01 1 1 1 0.0 0.0 0.0
Nb 9.000407969835e+00 8.281107744686e+00 1.532833092694e+01 1 1 1 0.0 0.0 0.0
Nb 1.161862138028e+01 6.013668418533e+00 1.532833092694e+01 1 1 1 0.0 0.0 0.0
Nb 1.423683479072e+01 3.746229092380e+00 1.532833092694e+01 1 1 1 0.0 0.0 0.0
Nb 1.685504820116e+01 1.478789766227e+00 1.532833092694e+01 1 1 1 0.0 0.0 0.0
Nb 7.036747912098e+00 1.394970606007e+01 1.532833092694e+01 1 1 1 0.0 0.0 0.0
Nb 9.654961322539e+00 1.168226673392e+01 1.532833092694e+01 1 1 1 0.0 0.0 0.0
Nb 1.227317473298e+01 9.414827407762e+00 1.532833092694e+01 1 1 1 0.0 0.0 0.0
Nb 1.489138814342e+01 7.147388081609e+00 1.532833092694e+01 1 1 1 0.0 0.0 0.0
Nb 1.750960155386e+01 4.879948755456e+00 1.532833092694e+01 1 1 1 0.0 0.0 0.0
Nb 1.800321090837e+00 2.612509429303e+00 1.532833092694e+01 1 1 1 0.0 0.0 0.0
Nb 1.030951467524e+01 1.508342572314e+01 1.532833092694e+01 1 1 1 0.0 0.0 0.0
Nb 1.292772808569e+01 1.281598639699e+01 1.532833092694e+01 1 1 1 0.0 0.0 0.0
Nb 1.554594149613e+01 1.054854707084e+01 1.532833092694e+01 1 1 1 0.0 0.0 0.0
Nb 1.816415490657e+01 8.281107744686e+00 1.532833092694e+01 1 1 1 0.0 0.0 0.0
Nb 2.454874443542e+00 6.013668418533e+00 1.532833092694e+01 1 1 1 0.0 0.0 0.0
Nb 1.358228143839e+01 1.621714538622e+01 1.532833092694e+01 1 1 1 0.0 0.0 0.0
Nb 1.620049484883e+01 1.394970606007e+01 1.532833092694e+01 1 1 1 0.0 0.0 0.0
Nb 1.881870825927e+01 1.168226673392e+01 1.532833092694e+01 1 1 1 0.0 0.0 0.0
Nb 2.143692166972e+01 9.414827407762e+00 1.532833092694e+01 1 1 1 0.0 0.0 0.0
Nb 1.947326161198e+01 1.508342572314e+01 1.532833092694e+01 1 1 1 0.0 0.0 0.0
Nb 2.209147502242e+01 1.281598639699e+01 1.532833092694e+01 1 1 1 0.0 0.0 0.0
Nb 2.274602837512e+01 1.621714538622e+01 1.532833092694e+01 1 1 1 0.0 0.0 0.0
Nb 7.698431126752e+00 1.735759659268e+01 9.182088683320e+00 1 1 1 0.0 0.0 0.0
Nb 4.425664363228e+00 3.518016465328e-01 9.182088683320e+00 1 1 1 0.0 0.0 0.0
Nb 5.080217715933e+00 3.752960635762e+00 9.182088683320e+00 1 1 1 0.0 0.0 0.0
Nb 7.698431126375e+00 1.485521309609e+00 9.182088683320e+00 1 1 1 0.0 0.0 0.0
Nb 1.686217806349e+01 1.735759659268e+01 9.182088683320e+00 1 1 1 0.0 0.0 0.0
Nb 5.734771068638e+00 7.154119624992e+00 9.182088683320e+00 1 1 1 0.0 0.0 0.0
Nb 8.352984479079e+00 4.886680298839e+00 9.182088683320e+00 1 1 1 0.0 0.0 0.0
Nb 1.097119788952e+01 2.619240972686e+00 9.182088683320e+00 1 1 1 0.0 0.0 0.0
Nb 1.358941129996e+01 3.518016465328e-01 9.182088683320e+00 1 1 1 0.0 0.0 0.0
Nb 6.389324421342e+00 1.055527861422e+01 9.182088683320e+00 1 1 1 0.0 0.0 0.0
Nb 9.007537831784e+00 8.287839288068e+00 9.182088683320e+00 1 1 1 0.0 0.0 0.0
Nb 1.162575124223e+01 6.020399961915e+00 9.182088683320e+00 1 1 1 0.0 0.0 0.0
Nb 1.424396465267e+01 3.752960635762e+00 9.182088683320e+00 1 1 1 0.0 0.0 0.0
Nb 1.686217806311e+01 1.485521309609e+00 9.182088683320e+00 1 1 1 0.0 0.0 0.0
Nb 7.043877774047e+00 1.395643760345e+01 9.182088683320e+00 1 1 1 0.0 0.0 0.0
Nb 9.662091184489e+00 1.168899827730e+01 9.182088683320e+00 1 1 1 0.0 0.0 0.0
Nb 1.228030459493e+01 9.421558951145e+00 9.182088683320e+00 1 1 1 0.0 0.0 0.0
Nb 1.489851800537e+01 7.154119624992e+00 9.182088683320e+00 1 1 1 0.0 0.0 0.0
Nb 1.751673141581e+01 4.886680298839e+00 9.182088683320e+00 1 1 1 0.0 0.0 0.0
Nb 1.807450952787e+00 2.619240972686e+00 9.182088683320e+00 1 1 1 0.0 0.0 0.0
Nb 1.031664453719e+01 1.509015726653e+01 9.182088683320e+00 1 1 1 0.0 0.0 0.0
Nb 1.293485794764e+01 1.282271794037e+01 9.182088683320e+00 1 1 1 0.0 0.0 0.0
Nb 1.555307135808e+01 1.055527861422e+01 9.182088683320e+00 1 1 1 0.0 0.0 0.0
Nb 1.817128476852e+01 8.287839288068e+00 9.182088683320e+00 1 1 1 0.0 0.0 0.0
Nb 2.462004305491e+00 6.020399961915e+00 9.182088683320e+00 1 1 1 0.0 0.0 0.0
Nb 1.358941130034e+01 1.622387692960e+01 9.182088683320e+00 1 1 1 0.0 0.0 0.0
Nb 1.620762471078e+01 1.395643760345e+01 9.182088683320e+00 1 1 1 0.0 0.0 0.0
Nb 1.882583812122e+01 1.168899827730e+01 9.182088683320e+00 1 1 1 0.0 0.0 0.0
Nb 2.144405153167e+01 9.421558951145e+00 9.182088683320e+00 1 1 1 0.0 0.0 0.0
Nb 1.948039147393e+01 1.509015726653e+01 9.182088683320e+00 1 1 1 0.0 0.0 0.0
Nb 2.209860488437e+01 1.282271794037e+01 9.182088683320e+00 1 1 1 0.0 0.0 0.0
Nb 2.275315823707e+01 1.622387692960e+01 9.182088683320e+00 1 1 1 0.0 0.0 0.0
Bi 1.004604249740e+01 1.205531167165e+00 3.532095071834e+01 1 1 1 0.0 0.0 0.0
Bi 1.397336261318e+01 2.854577949821e+00 3.532095071834e+01 1 1 1 0.0 0.0 0.0
Bi 1.790068272896e+01 4.503624732478e+00 3.532095071834e+01 1 1 1 0.0 0.0 0.0
Bi 1.724612937624e+01 3.810077758363e-01 3.532095071834e+01 1 1 1 0.0 0.0 0.0
Bi 2.845955618553e+00 2.030054558493e+00 3.532095071834e+01 1 1 1 0.0 0.0 0.0
Bi 6.773275734335e+00 3.679101341150e+00 3.532095071834e+01 1 1 1 0.0 0.0 0.0
Bi 1.070059585012e+01 5.328148123807e+00 3.532095071834e+01 1 1 1 0.0 0.0 0.0
Bi 1.462791596590e+01 6.977194906463e+00 3.532095071834e+01 1 1 1 0.0 0.0 0.0
Bi 1.855523608168e+01 8.626241689120e+00 3.532095071834e+01 1 1 1 0.0 0.0 0.0
Bi 3.500508971275e+00 6.152671515135e+00 3.532095071834e+01 1 1 1 0.0 0.0 0.0
Bi 7.427829087057e+00 7.801718297792e+00 3.532095071834e+01 1 1 1 0.0 0.0 0.0
Bi 1.135514920284e+01 9.450765080448e+00 3.532095071834e+01 1 1 1 0.0 0.0 0.0
Bi 1.528246931862e+01 1.109981186311e+01 3.532095071834e+01 1 1 1 0.0 0.0 0.0
Bi 1.920978943440e+01 1.274885864576e+01 3.532095071834e+01 1 1 1 0.0 0.0 0.0
Bi 4.155062323997e+00 1.027528847178e+01 3.532095071834e+01 1 1 1 0.0 0.0 0.0
Bi 8.082382439779e+00 1.192433525443e+01 3.532095071834e+01 1 1 1 0.0 0.0 0.0
Bi 1.200970255556e+01 1.357338203709e+01 3.532095071834e+01 1 1 1 0.0 0.0 0.0
Bi 1.593702267134e+01 1.522242881975e+01 3.532095071834e+01 1 1 1 0.0 0.0 0.0
Bi 1.986434278713e+01 1.687147560240e+01 3.532095071834e+01 1 1 1 0.0 0.0 0.0
Bi 2.313710955019e+01 1.439790542842e+01 3.532095071834e+01 1 1 1 0.0 0.0 0.0
Bi 8.736935792501e+00 1.604695221108e+01 3.532095071834e+01 1 1 1 0.0 0.0 0.0
Bi 1.266425590828e+01 1.769599899373e+01 3.532095071834e+01 1 1 1 0.0 0.0 0.0
Bi 7.667532083398e+00 1.452686738879e+00 3.133430771007e+01 1 1 1 0.0 0.0 0.0
Bi 1.159485219918e+01 3.101733521536e+00 3.133430771007e+01 1 1 1 0.0 0.0 0.0
Bi 1.552217231496e+01 4.750780304193e+00 3.133430771007e+01 1 1 1 0.0 0.0 0.0
Bi 1.486761896224e+01 6.281633475507e-01 3.133430771007e+01 1 1 1 0.0 0.0 0.0
Bi 1.879493907802e+01 2.277210130207e+00 3.133430771007e+01 1 1 1 0.0 0.0 0.0
Bi 4.394765320337e+00 3.926256912864e+00 3.133430771007e+01 1 1 1 0.0 0.0 0.0
Bi 8.322085436119e+00 5.575303695521e+00 3.133430771007e+01 1 1 1 0.0 0.0 0.0
Bi 1.224940555190e+01 7.224350478178e+00 3.133430771007e+01 1 1 1 0.0 0.0 0.0
Bi 1.617672566768e+01 8.873397260834e+00 3.133430771007e+01 1 1 1 0.0 0.0 0.0
Bi 1.944949243075e+01 6.399827086849e+00 3.133430771007e+01 1 1 1 0.0 0.0 0.0
Bi 5.049318673059e+00 8.048873869506e+00 3.133430771007e+01 1 1 1 0.0 0.0 0.0
Bi 8.976638788841e+00 9.697920652163e+00 3.133430771007e+01 1 1 1 0.0 0.0 0.0
Bi 1.290395890462e+01 1.134696743482e+01 3.133430771007e+01 1 1 1 0.0 0.0 0.0
Bi 1.683127902041e+01 1.299601421748e+01 3.133430771007e+01 1 1 1 0.0 0.0 0.0
Bi 2.010404578347e+01 1.052244404349e+01 3.133430771007e+01 1 1 1 0.0 0.0 0.0
Bi 5.703872025781e+00 1.217149082615e+01 3.133430771007e+01 1 1 1 0.0 0.0 0.0
Bi 9.631192141563e+00 1.382053760880e+01 3.133430771007e+01 1 1 1 0.0 0.0 0.0
Bi 1.355851225735e+01 1.546958439146e+01 3.133430771007e+01 1 1 1 0.0 0.0 0.0
Bi 1.748583237313e+01 1.711863117412e+01 3.133430771007e+01 1 1 1 0.0 0.0 0.0
Bi 2.075859913619e+01 1.464506100013e+01 3.133430771007e+01 1 1 1 0.0 0.0 0.0
Bi 6.358425378502e+00 1.629410778279e+01 3.133430771007e+01 1 1 1 0.0 0.0 0.0
Bi 1.028574549428e+01 1.794315456545e+01 3.133430771007e+01 1 1 1 0.0 0.0 0.0
Bi 7.639899718631e+00 1.389764227560e+00 2.529282906773e+01 1 1 1 0.0 0.0 0.0
Bi 1.156721983441e+01 3.038811010216e+00 2.529282906773e+01 1 1 1 0.0 0.0 0.0
Bi 1.549453995020e+01 4.687857792873e+00 2.529282906773e+01 1 1 1 0.0 0.0 0.0
Bi 1.483998659747e+01 5.652408362313e-01 2.529282906773e+01 1 1 1 0.0 0.0 0.0
Bi 1.876730671326e+01 2.214287618888e+00 2.529282906773e+01 1 1 1 0.0 0.0 0.0
Bi 4.367132955570e+00 3.863334401545e+00 2.529282906773e+01 1 1 1 0.0 0.0 0.0
Bi 8.294453071353e+00 5.512381184202e+00 2.529282906773e+01 1 1 1 0.0 0.0 0.0
Bi 1.222177318714e+01 7.161427966858e+00 2.529282906773e+01 1 1 1 0.0 0.0 0.0
Bi 1.614909330292e+01 8.810474749515e+00 2.529282906773e+01 1 1 1 0.0 0.0 0.0
Bi 1.942186006598e+01 6.336904575530e+00 2.529282906773e+01 1 1 1 0.0 0.0 0.0
Bi 5.021686308292e+00 7.985951358187e+00 2.529282906773e+01 1 1 1 0.0 0.0 0.0
Bi 8.949006424074e+00 9.634998140843e+00 2.529282906773e+01 1 1 1 0.0 0.0 0.0
Bi 1.287632653986e+01 1.128404492350e+01 2.529282906773e+01 1 1 1 0.0 0.0 0.0
Bi 1.680364665564e+01 1.293309170616e+01 2.529282906773e+01 1 1 1 0.0 0.0 0.0
Bi 2.007641341870e+01 1.045952153217e+01 2.529282906773e+01 1 1 1 0.0 0.0 0.0
Bi 5.676239661014e+00 1.210856831483e+01 2.529282906773e+01 1 1 1 0.0 0.0 0.0
Bi 9.603559776796e+00 1.375761509749e+01 2.529282906773e+01 1 1 1 0.0 0.0 0.0
Bi 1.353087989258e+01 1.540666188014e+01 2.529282906773e+01 1 1 1 0.0 0.0 0.0
Bi 1.745820000836e+01 1.705570866280e+01 2.529282906773e+01 1 1 1 0.0 0.0 0.0
Bi 2.073096677142e+01 1.458213848881e+01 2.529282906773e+01 1 1 1 0.0 0.0 0.0
Bi 6.330793013736e+00 1.623118527147e+01 2.529282906773e+01 1 1 1 0.0 0.0 0.0
Bi 1.025811312952e+01 1.788023205413e+01 2.529282906773e+01 1 1 1 0.0 0.0 0.0
Bi 1.246110566608e+01 8.360003165696e-01 2.132110864621e+01 1 1 1 0.0 0.0 0.0
Bi 1.638842578187e+01 2.485047099226e+00 2.132110864621e+01 1 1 1 0.0 0.0 0.0
Bi 1.988252024180e+00 4.134093881883e+00 2.132110864621e+01 1 1 1 0.0 0.0 0.0
Bi 1.333698671458e+00 1.147692524124e-02 2.132110864621e+01 1 1 1 0.0 0.0 0.0
Bi 5.261018787240e+00 1.660523707898e+00 2.132110864621e+01 1 1 1 0.0 0.0 0.0
Bi 9.188338903023e+00 3.309570490555e+00 2.132110864621e+01 1 1 1 0.0 0.0 0.0
Bi 1.311565901881e+01 4.958617273211e+00 2.132110864621e+01 1 1 1 0.0 0.0 0.0
Bi 1.704297913459e+01 6.607664055868e+00 2.132110864621e+01 1 1 1 0.0 0.0 0.0
Bi 2.097029925037e+01 8.256710838525e+00 2.132110864621e+01 1 1 1 0.0 0.0 0.0
Bi 5.915572139962e+00 5.783140664540e+00 2.132110864621e+01 1 1 1 0.0 0.0 0.0
Bi 9.842892255745e+00 7.432187447197e+00 2.132110864621e+01 1 1 1 0.0 0.0 0.0
Bi 1.377021237153e+01 9.081234229853e+00 2.132110864621e+01 1 1 1 0.0 0.0 0.0
Bi 1.769753248731e+01 1.073028101251e+01 2.132110864621e+01 1 1 1 0.0 0.0 0.0
Bi 2.162485260309e+01 1.237932779517e+01 2.132110864621e+01 1 1 1 0.0 0.0 0.0
Bi 6.570125492684e+00 9.905757621182e+00 2.132110864621e+01 1 1 1 0.0 0.0 0.0
Bi 1.049744560847e+01 1.155480440384e+01 2.132110864621e+01 1 1 1 0.0 0.0 0.0
Bi 1.442476572425e+01 1.320385118650e+01 2.132110864621e+01 1 1 1 0.0 0.0 0.0
Bi 1.835208584003e+01 1.485289796915e+01 2.132110864621e+01 1 1 1 0.0 0.0 0.0
Bi 2.227940595581e+01 1.650194475181e+01 2.132110864621e+01 1 1 1 0.0 0.0 0.0
Bi 7.224678845406e+00 1.402837457782e+01 2.132110864621e+01 1 1 1 0.0 0.0 0.0
Bi 1.115199896119e+01 1.567742136048e+01 2.132110864621e+01 1 1 1 0.0 0.0 0.0
Bi 1.507931907697e+01 1.732646814314e+01 2.132110864621e+01 1 1 1 0.0 0.0 0.0
Se 2.406216336628e+01 1.773605754144e+01 7.500000000000e+00 1 1 1 0.0 0.0 0.0
Se 2.461902729287e+00 7.302625952924e-01 7.500000000000e+00 1 1 1 0.0 0.0 0.0
Se 3.116456081991e+00 4.131421584522e+00 7.500000000000e+00 1 1 1 0.0 0.0 0.0
Se 5.734669492433e+00 1.863982258369e+00 7.500000000000e+00 1 1 1 0.0 0.0 0.0
Se 1.489841642954e+01 1.773605754144e+01 7.500000000000e+00 1 1 1 0.0 0.0 0.0
Se 3.771009434696e+00 7.532580573751e+00 7.500000000000e+00 1 1 1 0.0 0.0 0.0
Se 6.389222845138e+00 5.265141247598e+00 7.500000000000e+00 1 1 1 0.0 0.0 0.0
Se 9.007436255579e+00 2.997701921445e+00 7.500000000000e+00 1 1 1 0.0 0.0 0.0
Se 1.162564966602e+01 7.302625952924e-01 7.500000000000e+00 1 1 1 0.0 0.0 0.0
Se 4.425562787401e+00 1.093373956298e+01 7.500000000000e+00 1 1 1 0.0 0.0 0.0
Se 7.043776197842e+00 8.666300236828e+00 7.500000000000e+00 1 1 1 0.0 0.0 0.0
Se 9.661989608284e+00 6.398860910675e+00 7.500000000000e+00 1 1 1 0.0 0.0 0.0
Se 1.228020301873e+01 4.131421584522e+00 7.500000000000e+00 1 1 1 0.0 0.0 0.0
Se 1.489841642917e+01 1.863982258369e+00 7.500000000000e+00 1 1 1 0.0 0.0 0.0
Se 2.340761001357e+01 1.433489855221e+01 7.500000000000e+00 1 1 1 0.0 0.0 0.0
Se 7.698329550547e+00 1.206745922606e+01 7.500000000000e+00 1 1 1 0.0 0.0 0.0
Se 1.031654296099e+01 9.800019899905e+00 7.500000000000e+00 1 1 1 0.0 0.0 0.0
Se 1.293475637143e+01 7.532580573751e+00 7.500000000000e+00 1 1 1 0.0 0.0 0.0
Se 1.555296978187e+01 5.265141247598e+00 7.500000000000e+00 1 1 1 0.0 0.0 0.0
Se 1.817118319231e+01 2.997701921445e+00 7.500000000000e+00 1 1 1 0.0 0.0 0.0
Se 8.352882903252e+00 1.546861821529e+01 7.500000000000e+00 1 1 1 0.0 0.0 0.0
Se 1.097109631369e+01 1.320117888913e+01 7.500000000000e+00 1 1 1 0.0 0.0 0.0
Se 1.358930972414e+01 1.093373956298e+01 7.500000000000e+00 1 1 1 0.0 0.0 0.0
Se 1.620752313458e+01 8.666300236828e+00 7.500000000000e+00 1 1 1 0.0 0.0 0.0
Se 1.882573654502e+01 6.398860910675e+00 7.500000000000e+00 1 1 1 0.0 0.0 0.0
Se 1.162564966640e+01 1.660233787836e+01 7.500000000000e+00 1 1 1 0.0 0.0 0.0
Se 1.424386307684e+01 1.433489855221e+01 7.500000000000e+00 1 1 1 0.0 0.0 0.0
Se 1.686207648728e+01 1.206745922606e+01 7.500000000000e+00 1 1 1 0.0 0.0 0.0
Se 1.948028989772e+01 9.800019899905e+00 7.500000000000e+00 1 1 1 0.0 0.0 0.0
Se 1.751662983999e+01 1.546861821529e+01 7.500000000000e+00 1 1 1 0.0 0.0 0.0
Se 2.013484325043e+01 1.320117888913e+01 7.500000000000e+00 1 1 1 0.0 0.0 0.0
Se 2.078939660313e+01 1.660233787836e+01 7.500000000000e+00 1 1 1 0.0 0.0 0.0
Se 6.382068454022e+00 1.583949862715e+01 1.364602824434e+01 1 1 1 0.0 0.0 0.0
Se 9.654835217169e+00 1.697321829023e+01 1.364602824434e+01 1 1 1 0.0 0.0 0.0
Se 3.763855043204e+00 2.234862670231e+00 1.364602824434e+01 1 1 1 0.0 0.0 0.0
Se 1.292760198032e+01 1.810693795330e+01 1.364602824434e+01 1 1 1 0.0 0.0 0.0
Se 1.554581539076e+01 1.583949862715e+01 1.364602824434e+01 1 1 1 0.0 0.0 0.0
Se 4.418408395908e+00 5.636021659460e+00 1.364602824434e+01 1 1 1 0.0 0.0 0.0
Se 7.036621806350e+00 3.368582333307e+00 1.364602824434e+01 1 1 1 0.0 0.0 0.0
Se 9.654835216792e+00 1.101143007154e+00 1.364602824434e+01 1 1 1 0.0 0.0 0.0
Se 1.881858215390e+01 1.697321829023e+01 1.364602824434e+01 1 1 1 0.0 0.0 0.0
Se 5.072961748613e+00 9.037180648690e+00 1.364602824434e+01 1 1 1 0.0 0.0 0.0
Se 7.691175159055e+00 6.769741322537e+00 1.364602824434e+01 1 1 1 0.0 0.0 0.0
Se 1.030938856950e+01 4.502301996384e+00 1.364602824434e+01 1 1 1 0.0 0.0 0.0
Se 1.292760197994e+01 2.234862670231e+00 1.364602824434e+01 1 1 1 0.0 0.0 0.0
Se 2.209134891705e+01 1.810693795330e+01 1.364602824434e+01 1 1 1 0.0 0.0 0.0
Se 5.727515101318e+00 1.243833963792e+01 1.364602824434e+01 1 1 1 0.0 0.0 0.0
Se 8.345728511759e+00 1.017090031177e+01 1.364602824434e+01 1 1 1 0.0 0.0 0.0
Se 1.096394192220e+01 7.903460985613e+00 1.364602824434e+01 1 1 1 0.0 0.0 0.0
Se 1.358215533264e+01 5.636021659460e+00 1.364602824434e+01 1 1 1 0.0 0.0 0.0
Se 1.620036874308e+01 3.368582333307e+00 1.364602824434e+01 1 1 1 0.0 0.0 0.0
Se 4.910882800573e-01 1.101143007154e+00 1.364602824434e+01 1 1 1 0.0 0.0 0.0
Se 9.000281864464e+00 1.357205930100e+01 1.364602824434e+01 1 1 1 0.0 0.0 0.0
Se 1.161849527491e+01 1.130461997484e+01 1.364602824434e+01 1 1 1 0.0 0.0 0.0
Se 1.423670868535e+01 9.037180648690e+00 1.364602824434e+01 1 1 1 0.0 0.0 0.0
Se 1.685492209579e+01 6.769741322537e+00 1.364602824434e+01 1 1 1 0.0 0.0 0.0
Se 1.947313550623e+01 4.502301996384e+00 1.364602824434e+01 1 1 1 0.0 0.0 0.0
Se 1.227304862761e+01 1.470577896407e+01 1.364602824434e+01 1 1 1 0.0 0.0 0.0
Se 1.489126203805e+01 1.243833963792e+01 1.364602824434e+01 1 1 1 0.0 0.0 0.0
Se 1.750947544849e+01 1.017090031177e+01 1.364602824434e+01 1 1 1 0.0 0.0 0.0
Se 2.012768885894e+01 7.903460985613e+00 1.364602824434e+01 1 1 1 0.0 0.0 0.0
Se 1.816402880120e+01 1.357205930100e+01 1.364602824434e+01 1 1 1 0.0 0.0 0.0
Se 2.078224221164e+01 1.130461997484e+01 1.364602824434e+01 1 1 1 0.0 0.0 0.0
Se 2.143679556435e+01 1.470577896407e+01 1.364602824434e+01 1 1 1 0.0 0.0 0.0
Se 2.406172051511e+01 1.773507668659e+01 1.086443756309e+01 1 1 1 0.0 0.0 0.0
Se 2.461459878116e+00 7.292817404374e-01 1.086443756309e+01 1 1 1 0.0 0.0 0.0
Se 3.116013230820e+00 4.130440729667e+00 1.086443756309e+01 1 1 1 0.0 0.0 0.0
Se 5.734226641262e+00 1.863001403514e+00 1.086443756309e+01 1 1 1 0.0 0.0 0.0
Se 1.489797357837e+01 1.773507668659e+01 1.086443756309e+01 1 1 1 0.0 0.0 0.0
Se 3.770566583525e+00 7.531599718896e+00 1.086443756309e+01 1 1 1 0.0 0.0 0.0
Se 6.388779993967e+00 5.264160392743e+00 1.086443756309e+01 1 1 1 0.0 0.0 0.0
Se 9.006993404408e+00 2.996721066590e+00 1.086443756309e+01 1 1 1 0.0 0.0 0.0
Se 1.162520681485e+01 7.292817404374e-01 1.086443756309e+01 1 1 1 0.0 0.0 0.0
Se 4.425119936230e+00 1.093275870813e+01 1.086443756309e+01 1 1 1 0.0 0.0 0.0
Se 7.043333346671e+00 8.665319381973e+00 1.086443756309e+01 1 1 1 0.0 0.0 0.0
Se 9.661546757113e+00 6.397880055820e+00 1.086443756309e+01 1 1 1 0.0 0.0 0.0
Se 1.227976016755e+01 4.130440729667e+00 1.086443756309e+01 1 1 1 0.0 0.0 0.0
Se 1.489797357800e+01 1.863001403514e+00 1.086443756309e+01 1 1 1 0.0 0.0 0.0
Se 2.340716716240e+01 1.433391769736e+01 1.086443756309e+01 1 1 1 0.0 0.0 0.0
Se 7.697886699376e+00 1.206647837120e+01 1.086443756309e+01 1 1 1 0.0 0.0 0.0
Se 1.031610010982e+01 9.799039045049e+00 1.086443756309e+01 1 1 1 0.0 0.0 0.0
Se 1.293431352026e+01 7.531599718896e+00 1.086443756309e+01 1 1 1 0.0 0.0 0.0
Se 1.555252693070e+01 5.264160392743e+00 1.086443756309e+01 1 1 1 0.0 0.0 0.0
Se 1.817074034114e+01 2.996721066590e+00 1.086443756309e+01 1 1 1 0.0 0.0 0.0
Se 8.352440052081e+00 1.546763736043e+01 1.086443756309e+01 1 1 1 0.0 0.0 0.0
Se 1.097065346252e+01 1.320019803428e+01 1.086443756309e+01 1 1 1 0.0 0.0 0.0
Se 1.358886687296e+01 1.093275870813e+01 1.086443756309e+01 1 1 1 0.0 0.0 0.0
Se 1.620708028341e+01 8.665319381973e+00 1.086443756309e+01 1 1 1 0.0 0.0 0.0
Se 1.882529369385e+01 6.397880055820e+00 1.086443756309e+01 1 1 1 0.0 0.0 0.0
Se 1.162520681523e+01 1.660135702351e+01 1.086443756309e+01 1 1 1 0.0 0.0 0.0
Se 1.424342022567e+01 1.433391769736e+01 1.086443756309e+01 1 1 1 0.0 0.0 0.0
Se 1.686163363611e+01 1.206647837120e+01 1.086443756309e+01 1 1 1 0.0 0.0 0.0
Se 1.947984704655e+01 9.799039045049e+00 1.086443756309e+01 1 1 1 0.0 0.0 0.0
Se 1.751618698882e+01 1.546763736043e+01 1.086443756309e+01 1 1 1 0.0 0.0 0.0
Se 2.013440039926e+01 1.320019803428e+01 1.086443756309e+01 1 1 1 0.0 0.0 0.0
Se 2.078895375196e+01 1.660135702351e+01 1.086443756309e+01 1 1 1 0.0 0.0 0.0
Se 6.381802773453e+00 1.583847456859e+01 1.701046802998e+01 1 1 1 0.0 0.0 0.0
Se 9.654569536599e+00 1.697219423167e+01 1.701046802998e+01 1 1 1 0.0 0.0 0.0
Se 3.763589362634e+00 2.233838611675e+00 1.701046802998e+01 1 1 1 0.0 0.0 0.0
Se 1.292733629975e+01 1.810591389475e+01 1.701046802998e+01 1 1 1 0.0 0.0 0.0
Se 1.554554971019e+01 1.583847456859e+01 1.701046802998e+01 1 1 1 0.0 0.0 0.0
Se 4.418142715339e+00 5.634997600905e+00 1.701046802998e+01 1 1 1 0.0 0.0 0.0
Se 7.036356125781e+00 3.367558274751e+00 1.701046802998e+01 1 1 1 0.0 0.0 0.0
Se 9.654569536222e+00 1.100118948598e+00 1.701046802998e+01 1 1 1 0.0 0.0 0.0
Se 1.881831647333e+01 1.697219423167e+01 1.701046802998e+01 1 1 1 0.0 0.0 0.0
Se 5.072696068044e+00 9.036156590134e+00 1.701046802998e+01 1 1 1 0.0 0.0 0.0
Se 7.690909478485e+00 6.768717263981e+00 1.701046802998e+01 1 1 1 0.0 0.0 0.0
Se 1.030912288893e+01 4.501277937828e+00 1.701046802998e+01 1 1 1 0.0 0.0 0.0
Se 1.292733629937e+01 2.233838611675e+00 1.701046802998e+01 1 1 1 0.0 0.0 0.0
Se 2.209108323648e+01 1.810591389475e+01 1.701046802998e+01 1 1 1 0.0 0.0 0.0
Se 5.727249420748e+00 1.243731557936e+01 1.701046802998e+01 1 1 1 0.0 0.0 0.0
Se 8.345462831190e+00 1.016987625321e+01 1.701046802998e+01 1 1 1 0.0 0.0 0.0
Se 1.096367624163e+01 7.902436927058e+00 1.701046802998e+01 1 1 1 0.0 0.0 0.0
Se 1.358188965207e+01 5.634997600905e+00 1.701046802998e+01 1 1 1 0.0 0.0 0.0
Se 1.620010306252e+01 3.367558274751e+00 1.701046802998e+01 1 1 1 0.0 0.0 0.0
Se 4.908225994879e-01 1.100118948598e+00 1.701046802998e+01 1 1 1 0.0 0.0 0.0
Se 9.000016183895e+00 1.357103524244e+01 1.701046802998e+01 1 1 1 0.0 0.0 0.0
Se 1.161822959434e+01 1.130359591629e+01 1.701046802998e+01 1 1 1 0.0 0.0 0.0
Se 1.423644300478e+01 9.036156590134e+00 1.701046802998e+01 1 1 1 0.0 0.0 0.0
Se 1.685465641522e+01 6.768717263981e+00 1.701046802998e+01 1 1 1 0.0 0.0 0.0
Se 1.947286982566e+01 4.501277937828e+00 1.701046802998e+01 1 1 1 0.0 0.0 0.0
Se 1.227278294704e+01 1.470475490552e+01 1.701046802998e+01 1 1 1 0.0 0.0 0.0
Se 1.489099635748e+01 1.243731557936e+01 1.701046802998e+01 1 1 1 0.0 0.0 0.0
Se 1.750920976792e+01 1.016987625321e+01 1.701046802998e+01 1 1 1 0.0 0.0 0.0
Se 2.012742317837e+01 7.902436927058e+00 1.701046802998e+01 1 1 1 0.0 0.0 0.0
Se 1.816376312063e+01 1.357103524244e+01 1.701046802998e+01 1 1 1 0.0 0.0 0.0
Se 2.078197653107e+01 1.130359591629e+01 1.701046802998e+01 1 1 1 0.0 0.0 0.0
Se 2.143652988378e+01 1.470475490552e+01 1.701046802998e+01 1 1 1 0.0 0.0 0.0
Se 7.633896628737e+00 1.481269694199e+00 3.696241589303e+01 1 1 1 0.0 0.0 0.0
Se 1.156121674452e+01 3.130316476856e+00 3.696241589303e+01 1 1 1 0.0 0.0 0.0
Se 1.548853686030e+01 4.779363259513e+00 3.696241589303e+01 1 1 1 0.0 0.0 0.0
Se 1.483398350758e+01 6.567463028709e-01 3.696241589303e+01 1 1 1 0.0 0.0 0.0
Se 1.876130362336e+01 2.305793085528e+00 3.696241589303e+01 1 1 1 0.0 0.0 0.0
Se 4.361129865676e+00 3.954839868184e+00 3.696241589303e+01 1 1 1 0.0 0.0 0.0
Se 8.288449981458e+00 5.603886650841e+00 3.696241589303e+01 1 1 1 0.0 0.0 0.0
Se 1.221577009724e+01 7.252933433498e+00 3.696241589303e+01 1 1 1 0.0 0.0 0.0
Se 1.614309021302e+01 8.901980216155e+00 3.696241589303e+01 1 1 1 0.0 0.0 0.0
Se 1.941585697608e+01 6.428410042170e+00 3.696241589303e+01 1 1 1 0.0 0.0 0.0
Se 5.015683218398e+00 8.077456824826e+00 3.696241589303e+01 1 1 1 0.0 0.0 0.0
Se 8.943003334180e+00 9.726503607483e+00 3.696241589303e+01 1 1 1 0.0 0.0 0.0
Se 1.287032344996e+01 1.137555039014e+01 3.696241589303e+01 1 1 1 0.0 0.0 0.0
Se 1.679764356575e+01 1.302459717280e+01 3.696241589303e+01 1 1 1 0.0 0.0 0.0
Se 2.007041032881e+01 1.055102699881e+01 3.696241589303e+01 1 1 1 0.0 0.0 0.0
Se 5.670236571119e+00 1.220007378147e+01 3.696241589303e+01 1 1 1 0.0 0.0 0.0
Se 9.597556686902e+00 1.384912056412e+01 3.696241589303e+01 1 1 1 0.0 0.0 0.0
Se 1.352487680268e+01 1.549816734678e+01 3.696241589303e+01 1 1 1 0.0 0.0 0.0
Se 1.745219691847e+01 1.714721412944e+01 3.696241589303e+01 1 1 1 0.0 0.0 0.0
Se 2.072496368153e+01 1.467364395545e+01 3.696241589303e+01 1 1 1 0.0 0.0 0.0
Se 6.324789923841e+00 1.632269073811e+01 3.696241589303e+01 1 1 1 0.0 0.0 0.0
Se 1.025211003962e+01 1.797173752077e+01 3.696241589303e+01 1 1 1 0.0 0.0 0.0
Se 1.246981391696e+01 9.215087441658e-01 3.332483142763e+01 1 1 1 0.0 0.0 0.0
Se 1.639713403274e+01 2.570555526823e+00 3.332483142763e+01 1 1 1 0.0 0.0 0.0
Se 1.996960275053e+00 4.219602309479e+00 3.332483142763e+01 1 1 1 0.0 0.0 0.0
Se 1.342406922332e+00 9.698535283741e-02 3.332483142763e+01 1 1 1 0.0 0.0 0.0
Se 5.269727038114e+00 1.746032135494e+00 3.332483142763e+01 1 1 1 0.0 0.0 0.0
Se 9.197047153897e+00 3.395078918151e+00 3.332483142763e+01 1 1 1 0.0 0.0 0.0
Se 1.312436726968e+01 5.044125700808e+00 3.332483142763e+01 1 1 1 0.0 0.0 0.0
Se 1.705168738546e+01 6.693172483464e+00 3.332483142763e+01 1 1 1 0.0 0.0 0.0
Se 2.097900750124e+01 8.342219266121e+00 3.332483142763e+01 1 1 1 0.0 0.0 0.0
Se 5.924280390836e+00 5.868649092136e+00 3.332483142763e+01 1 1 1 0.0 0.0 0.0
Se 9.851600506618e+00 7.517695874793e+00 3.332483142763e+01 1 1 1 0.0 0.0 0.0
Se 1.377892062240e+01 9.166742657449e+00 3.332483142763e+01 1 1 1 0.0 0.0 0.0
Se 1.770624073818e+01 1.081578944011e+01 3.332483142763e+01 1 1 1 0.0 0.0 0.0
Se 2.163356085397e+01 1.246483622276e+01 3.332483142763e+01 1 1 1 0.0 0.0 0.0
Se 6.578833743558e+00 9.991266048778e+00 3.332483142763e+01 1 1 1 0.0 0.0 0.0
Se 1.050615385934e+01 1.164031283143e+01 3.332483142763e+01 1 1 1 0.0 0.0 0.0
Se 1.443347397512e+01 1.328935961409e+01 3.332483142763e+01 1 1 1 0.0 0.0 0.0
Se 1.836079409091e+01 1.493840639675e+01 3.332483142763e+01 1 1 1 0.0 0.0 0.0
Se 2.228811420669e+01 1.658745317940e+01 3.332483142763e+01 1 1 1 0.0 0.0 0.0
Se 7.233387096280e+00 1.411388300542e+01 3.332483142763e+01 1 1 1 0.0 0.0 0.0
Se 1.116070721206e+01 1.576292978808e+01 3.332483142763e+01 1 1 1 0.0 0.0 0.0
Se 1.508802732784e+01 1.741197657073e+01 3.332483142763e+01 1 1 1 0.0 0.0 0.0
Se 1.005887864835e+01 1.188706205346e+00 2.969131231352e+01 1 1 1 0.0 0.0 0.0
Se 1.398619876413e+01 2.837752988003e+00 2.969131231352e+01 1 1 1 0.0 0.0 0.0
Se 1.791351887991e+01 4.486799770659e+00 2.969131231352e+01 1 1 1 0.0 0.0 0.0
Se 1.725896552719e+01 3.641828140174e-01 2.969131231352e+01 1 1 1 0.0 0.0 0.0
Se 2.858791769504e+00 2.013229596674e+00 2.969131231352e+01 1 1 1 0.0 0.0 0.0
Se 6.786111885287e+00 3.662276379331e+00 2.969131231352e+01 1 1 1 0.0 0.0 0.0
Se 1.071343200107e+01 5.311323161988e+00 2.969131231352e+01 1 1 1 0.0 0.0 0.0
Se 1.464075211685e+01 6.960369944644e+00 2.969131231352e+01 1 1 1 0.0 0.0 0.0
Se 1.856807223263e+01 8.609416727301e+00 2.969131231352e+01 1 1 1 0.0 0.0 0.0
Se 3.513345122226e+00 6.135846553316e+00 2.969131231352e+01 1 1 1 0.0 0.0 0.0
Se 7.440665238009e+00 7.784893335973e+00 2.969131231352e+01 1 1 1 0.0 0.0 0.0
Se 1.136798535379e+01 9.433940118629e+00 2.969131231352e+01 1 1 1 0.0 0.0 0.0
Se 1.529530546957e+01 1.108298690129e+01 2.969131231352e+01 1 1 1 0.0 0.0 0.0
Se 1.922262558536e+01 1.273203368394e+01 2.969131231352e+01 1 1 1 0.0 0.0 0.0
Se 4.167898474948e+00 1.025846350996e+01 2.969131231352e+01 1 1 1 0.0 0.0 0.0
Se 8.095218590731e+00 1.190751029261e+01 2.969131231352e+01 1 1 1 0.0 0.0 0.0
Se 1.202253870651e+01 1.355655707527e+01 2.969131231352e+01 1 1 1 0.0 0.0 0.0
Se 1.594985882230e+01 1.520560385793e+01 2.969131231352e+01 1 1 1 0.0 0.0 0.0
Se 1.987717893808e+01 1.685465064058e+01 2.969131231352e+01 1 1 1 0.0 0.0 0.0
Se 2.314994570114e+01 1.438108046660e+01 2.969131231352e+01 1 1 1 0.0 0.0 0.0
Se 8.749771943452e+00 1.603012724926e+01 2.969131231352e+01 1 1 1 0.0 0.0 0.0
Se 1.267709205923e+01 1.767917403191e+01 2.969131231352e+01 1 1 1 0.0 0.0 0.0
Se 1.246297389707e+01 8.397805025103e-01 2.692457590224e+01 1 1 1 0.0 0.0 0.0
Se 1.639029401285e+01 2.488827285167e+00 2.692457590224e+01 1 1 1 0.0 0.0 0.0
Se 1.990120255162e+00 4.137874067824e+00 2.692457590224e+01 1 1 1 0.0 0.0 0.0
Se 1.335566902440e+00 1.525711118193e-02 2.692457590224e+01 1 1 1 0.0 0.0 0.0
Se 5.262887018223e+00 1.664303893839e+00 2.692457590224e+01 1 1 1 0.0 0.0 0.0
Se 9.190207134005e+00 3.313350676495e+00 2.692457590224e+01 1 1 1 0.0 0.0 0.0
Se 1.311752724979e+01 4.962397459152e+00 2.692457590224e+01 1 1 1 0.0 0.0 0.0
Se 1.704484736557e+01 6.611444241809e+00 2.692457590224e+01 1 1 1 0.0 0.0 0.0
Se 2.097216748135e+01 8.260491024466e+00 2.692457590224e+01 1 1 1 0.0 0.0 0.0
Se 5.917440370944e+00 5.786920850481e+00 2.692457590224e+01 1 1 1 0.0 0.0 0.0
Se 9.844760486727e+00 7.435967633137e+00 2.692457590224e+01 1 1 1 0.0 0.0 0.0
Se 1.377208060251e+01 9.085014415794e+00 2.692457590224e+01 1 1 1 0.0 0.0 0.0
Se 1.769940071829e+01 1.073406119845e+01 2.692457590224e+01 1 1 1 0.0 0.0 0.0
Se 2.162672083407e+01 1.238310798111e+01 2.692457590224e+01 1 1 1 0.0 0.0 0.0
Se 6.571993723666e+00 9.909537807122e+00 2.692457590224e+01 1 1 1 0.0 0.0 0.0
Se 1.049931383945e+01 1.155858458978e+01 2.692457590224e+01 1 1 1 0.0 0.0 0.0
Se 1.442663395523e+01 1.320763137244e+01 2.692457590224e+01 1 1 1 0.0 0.0 0.0
Se 1.835395407101e+01 1.485667815509e+01 2.692457590224e+01 1 1 1 0.0 0.0 0.0
Se 2.228127418680e+01 1.650572493775e+01 2.692457590224e+01 1 1 1 0.0 0.0 0.0
Se 7.226547076388e+00 1.403215476376e+01 2.692457590224e+01 1 1 1 0.0 0.0 0.0
Se 1.115386719217e+01 1.568120154642e+01 2.692457590224e+01 1 1 1 0.0 0.0 0.0
Se 1.508118730795e+01 1.733024832908e+01 2.692457590224e+01 1 1 1 0.0 0.0 0.0
Se 1.004389601587e+01 1.108087244774e+00 2.330671355540e+01 1 1 1 0.0 0.0 0.0
Se 1.397121613165e+01 2.757134027430e+00 2.330671355540e+01 1 1 1 0.0 0.0 0.0
Se 1.789853624743e+01 4.406180810087e+00 2.330671355540e+01 1 1 1 0.0 0.0 0.0
Se 1.724398289471e+01 2.835638534452e-01 2.330671355540e+01 1 1 1 0.0 0.0 0.0
Se 2.843809137023e+00 1.932610636102e+00 2.330671355540e+01 1 1 1 0.0 0.0 0.0
Se 6.771129252805e+00 3.581657418759e+00 2.330671355540e+01 1 1 1 0.0 0.0 0.0
Se 1.069844936859e+01 5.230704201415e+00 2.330671355540e+01 1 1 1 0.0 0.0 0.0
Se 1.462576948437e+01 6.879750984072e+00 2.330671355540e+01 1 1 1 0.0 0.0 0.0
Se 1.855308960015e+01 8.528797766729e+00 2.330671355540e+01 1 1 1 0.0 0.0 0.0
Se 3.498362489745e+00 6.055227592744e+00 2.330671355540e+01 1 1 1 0.0 0.0 0.0
Se 7.425682605527e+00 7.704274375401e+00 2.330671355540e+01 1 1 1 0.0 0.0 0.0
Se 1.135300272131e+01 9.353321158057e+00 2.330671355540e+01 1 1 1 0.0 0.0 0.0
Se 1.528032283709e+01 1.100236794071e+01 2.330671355540e+01 1 1 1 0.0 0.0 0.0
Se 1.920764295287e+01 1.265141472337e+01 2.330671355540e+01 1 1 1 0.0 0.0 0.0
Se 4.152915842467e+00 1.017784454939e+01 2.330671355540e+01 1 1 1 0.0 0.0 0.0
Se 8.080235958249e+00 1.182689133204e+01 2.330671355540e+01 1 1 1 0.0 0.0 0.0
Se 1.200755607403e+01 1.347593811470e+01 2.330671355540e+01 1 1 1 0.0 0.0 0.0
Se 1.593487618981e+01 1.512498489736e+01 2.330671355540e+01 1 1 1 0.0 0.0 0.0
Se 1.986219630560e+01 1.677403168001e+01 2.330671355540e+01 1 1 1 0.0 0.0 0.0
Se 2.313496306866e+01 1.430046150603e+01 2.330671355540e+01 1 1 1 0.0 0.0 0.0
Se 8.734789310971e+00 1.594950828868e+01 2.330671355540e+01 1 1 1 0.0 0.0 0.0
Se 1.266210942675e+01 1.759855507134e+01 2.330671355540e+01 1 1 1 0.0 0.0 0.0
Se 7.632152094295e+00 1.390111535235e+00 1.968357859229e+01 1 1 1 0.0 0.0 0.0
Se 1.155947221008e+01 3.039158317891e+00 1.968357859229e+01 1 1 1 0.0 0.0 0.0
Se 1.548679232586e+01 4.688205100548e+00 1.968357859229e+01 1 1 1 0.0 0.0 0.0
Se 1.483223897314e+01 5.655881439061e-01 1.968357859229e+01 1 1 1 0.0 0.0 0.0
Se 1.875955908892e+01 2.214634926563e+00 1.968357859229e+01 1 1 1 0.0 0.0 0.0
Se 4.359385331234e+00 3.863681709220e+00 1.968357859229e+01 1 1 1 0.0 0.0 0.0
Se 8.286705447017e+00 5.512728491876e+00 1.968357859229e+01 1 1 1 0.0 0.0 0.0
Se 1.221402556280e+01 7.161775274533e+00 1.968357859229e+01 1 1 1 0.0 0.0 0.0
Se 1.614134567858e+01 8.810822057190e+00 1.968357859229e+01 1 1 1 0.0 0.0 0.0
Se 1.941411244164e+01 6.337251883205e+00 1.968357859229e+01 1 1 1 0.0 0.0 0.0
Se 5.013938683956e+00 7.986298665861e+00 1.968357859229e+01 1 1 1 0.0 0.0 0.0
Se 8.941258799738e+00 9.635345448518e+00 1.968357859229e+01 1 1 1 0.0 0.0 0.0
Se 1.286857891552e+01 1.128439223117e+01 1.968357859229e+01 1 1 1 0.0 0.0 0.0
Se 1.679589903130e+01 1.293343901383e+01 1.968357859229e+01 1 1 1 0.0 0.0 0.0
Se 2.006866579436e+01 1.045986883985e+01 1.968357859229e+01 1 1 1 0.0 0.0 0.0
Se 5.668492036678e+00 1.210891562250e+01 1.968357859229e+01 1 1 1 0.0 0.0 0.0
Se 9.595812152460e+00 1.375796240516e+01 1.968357859229e+01 1 1 1 0.0 0.0 0.0
Se 1.352313226824e+01 1.540700918782e+01 1.968357859229e+01 1 1 1 0.0 0.0 0.0
Se 1.745045238403e+01 1.705605597047e+01 1.968357859229e+01 1 1 1 0.0 0.0 0.0
Se 2.072321914709e+01 1.458248579649e+01 1.968357859229e+01 1 1 1 0.0 0.0 0.0
Se 6.323045389400e+00 1.623153257915e+01 1.968357859229e+01 1 1 1 0.0 0.0 0.0
Se 1.025036550518e+01 1.788057936180e+01 1.968357859229e+01 1 1 1 0.0 0.0 0.0
"