calculation_mode = "Quench Electrons"
cell_relax = "False"
charge_density_mixing = "0.15"
charge_mixing_type = "Broyden"
description = "Example parameters for high-throughput bulk relaxation of a vdW material"
dipole_moment = "True"
dos_broading = "0.05"
dos_method = "Gaussian"
energy_convergence_criterion = "1e-08"
energy_output_units = "Hartrees"
kohn_sham_mucycles = "3"
kohn_sham_solver = "davidson"
kpoint_distribution = "1"
kpoint_mesh = "1 1 1"
localize_projectors = "False"
max_md_steps = "100"
max_scf_steps = "200"
non_local_block_size = "4000"
output_wave_function_file = "/dev/null"
potential_acceleration_constant_step = "1.5"
processor_grid = "6 10 16"
rms_convergence_criterion = "1e-08"
scalapack_block_factor = "64"
start_mode = "LCAO Start"
state_block_size = "64"
stress = "True"
subdiag_driver = "scalapack"
test_energy_tolerance = "1e-05"
use_async_allreduce = "False"
vdw_corr = "DFT-D3"
vdwdf_kernel_filepath = "/lustre/orion/world-shared/cph162/rjmorelock/rmgdft/XC/vdW_kernel_table"
wavefunction_grid = "156 282 426"
write_data_period = "50"

atomic_coordinate_type = "Absolute"
crds_units = "Angstrom"
lattice_units = "Angstrom"

lattice_vector = "
1.832749387447e+01 0.000000000000e+00 1.100000000000e-15
3.272766764601e+00 3.287787022742e+01 2.000000000000e-15
0.000000000000e+00 0.000000000000e+00 4.998930533072e+01
"
atoms = "
Nb 1.253848230059e+01 2.797475748235e+00 1.782833092694e+01 1 1 1 0.0 0.0 0.0
Nb 1.319303565339e+01 6.198634737278e+00 1.782833092694e+01 1 1 1 0.0 0.0 0.0
Nb 1.384758900618e+01 9.599793726321e+00 1.782833092694e+01 1 1 1 0.0 0.0 0.0
Nb 1.450214235897e+01 1.300095271536e+01 1.782833092694e+01 1 1 1 0.0 0.0 0.0
Nb 1.515669571177e+01 1.640211170441e+01 1.782833092694e+01 1 1 1 0.0 0.0 0.0
Nb 1.581124906456e+01 1.980327069345e+01 1.782833092694e+01 1 1 1 0.0 0.0 0.0
Nb 1.646580241736e+01 2.320442968249e+01 1.782833092694e+01 1 1 1 0.0 0.0 0.0
Nb 1.712035577015e+01 2.660558867154e+01 1.782833092694e+01 1 1 1 0.0 0.0 0.0
Nb 1.777490912295e+01 3.000674766058e+01 1.782833092694e+01 1 1 1 0.0 0.0 0.0
Nb 9.265715537247e+00 1.663756085221e+00 1.782833092694e+01 1 1 1 0.0 0.0 0.0
Nb 9.920268890041e+00 5.064915074263e+00 1.782833092694e+01 1 1 1 0.0 0.0 0.0
Nb 1.057482224284e+01 8.466074063306e+00 1.782833092694e+01 1 1 1 0.0 0.0 0.0
Nb 1.122937559563e+01 1.186723305235e+01 1.782833092694e+01 1 1 1 0.0 0.0 0.0
Nb 1.188392894842e+01 1.526839204139e+01 1.782833092694e+01 1 1 1 0.0 0.0 0.0
Nb 1.253848230122e+01 1.866955103044e+01 1.782833092694e+01 1 1 1 0.0 0.0 0.0
Nb 1.319303565401e+01 2.207071001948e+01 1.782833092694e+01 1 1 1 0.0 0.0 0.0
Nb 1.384758900681e+01 2.547186900852e+01 1.782833092694e+01 1 1 1 0.0 0.0 0.0
Nb 1.450214235960e+01 2.887302799756e+01 1.782833092694e+01 1 1 1 0.0 0.0 0.0
Nb 1.515669571240e+01 3.227418698661e+01 1.782833092694e+01 1 1 1 0.0 0.0 0.0
Nb 5.992948773903e+00 5.300364222062e-01 1.782833092694e+01 1 1 1 0.0 0.0 0.0
Nb 6.647502126698e+00 3.931195411249e+00 1.782833092694e+01 1 1 1 0.0 0.0 0.0
Nb 7.302055479492e+00 7.332354400292e+00 1.782833092694e+01 1 1 1 0.0 0.0 0.0
Nb 7.956608832286e+00 1.073351338934e+01 1.782833092694e+01 1 1 1 0.0 0.0 0.0
Nb 8.611162185081e+00 1.413467237838e+01 1.782833092694e+01 1 1 1 0.0 0.0 0.0
Nb 9.265715537875e+00 1.753583136742e+01 1.782833092694e+01 1 1 1 0.0 0.0 0.0
Nb 9.920268890670e+00 2.093699035646e+01 1.782833092694e+01 1 1 1 0.0 0.0 0.0
Nb 1.057482224346e+01 2.433814934551e+01 1.782833092694e+01 1 1 1 0.0 0.0 0.0
Nb 1.122937559626e+01 2.773930833455e+01 1.782833092694e+01 1 1 1 0.0 0.0 0.0
Nb 1.188392894905e+01 3.114046732359e+01 1.782833092694e+01 1 1 1 0.0 0.0 0.0
Nb 3.374735363354e+00 2.797475748235e+00 1.782833092694e+01 1 1 1 0.0 0.0 0.0
Nb 4.029288716148e+00 6.198634737278e+00 1.782833092694e+01 1 1 1 0.0 0.0 0.0
Nb 4.683842068943e+00 9.599793726321e+00 1.782833092694e+01 1 1 1 0.0 0.0 0.0
Nb 5.338395421737e+00 1.300095271536e+01 1.782833092694e+01 1 1 1 0.0 0.0 0.0
Nb 5.992948774532e+00 1.640211170441e+01 1.782833092694e+01 1 1 1 0.0 0.0 0.0
Nb 6.647502127326e+00 1.980327069345e+01 1.782833092694e+01 1 1 1 0.0 0.0 0.0
Nb 7.302055480120e+00 2.320442968249e+01 1.782833092694e+01 1 1 1 0.0 0.0 0.0
Nb 7.956608832915e+00 2.660558867154e+01 1.782833092694e+01 1 1 1 0.0 0.0 0.0
Nb 8.611162185709e+00 3.000674766058e+01 1.782833092694e+01 1 1 1 0.0 0.0 0.0
Nb 1.842946247448e+01 1.663756085221e+00 1.782833092694e+01 1 1 1 0.0 0.0 0.0
Nb 7.565219528042e-01 5.064915074263e+00 1.782833092694e+01 1 1 1 0.0 0.0 0.0
Nb 1.411075305599e+00 8.466074063306e+00 1.782833092694e+01 1 1 1 0.0 0.0 0.0
Nb 2.065628658393e+00 1.186723305235e+01 1.782833092694e+01 1 1 1 0.0 0.0 0.0
Nb 2.720182011188e+00 1.526839204139e+01 1.782833092694e+01 1 1 1 0.0 0.0 0.0
Nb 3.374735363982e+00 1.866955103044e+01 1.782833092694e+01 1 1 1 0.0 0.0 0.0
Nb 4.029288716777e+00 2.207071001948e+01 1.782833092694e+01 1 1 1 0.0 0.0 0.0
Nb 4.683842069571e+00 2.547186900852e+01 1.782833092694e+01 1 1 1 0.0 0.0 0.0
Nb 5.338395422365e+00 2.887302799756e+01 1.782833092694e+01 1 1 1 0.0 0.0 0.0
Nb 5.992948775160e+00 3.227418698661e+01 1.782833092694e+01 1 1 1 0.0 0.0 0.0
Nb 1.515669571114e+01 5.300364222062e-01 1.782833092694e+01 1 1 1 0.0 0.0 0.0
Nb 1.581124906393e+01 3.931195411249e+00 1.782833092694e+01 1 1 1 0.0 0.0 0.0
Nb 1.646580241673e+01 7.332354400292e+00 1.782833092694e+01 1 1 1 0.0 0.0 0.0
Nb 1.712035576952e+01 1.073351338934e+01 1.782833092694e+01 1 1 1 0.0 0.0 0.0
Nb 1.777490912232e+01 1.413467237838e+01 1.782833092694e+01 1 1 1 0.0 0.0 0.0
Nb 1.842946247511e+01 1.753583136742e+01 1.782833092694e+01 1 1 1 0.0 0.0 0.0
Nb 1.908401582791e+01 2.093699035646e+01 1.782833092694e+01 1 1 1 0.0 0.0 0.0
Nb 1.973856918070e+01 2.433814934551e+01 1.782833092694e+01 1 1 1 0.0 0.0 0.0
Nb 2.039312253350e+01 2.773930833455e+01 1.782833092694e+01 1 1 1 0.0 0.0 0.0
Nb 2.104767588629e+01 3.114046732359e+01 1.782833092694e+01 1 1 1 0.0 0.0 0.0
Nb 1.252908768204e+01 2.800284618117e+00 1.168208868332e+01 1 1 1 0.0 0.0 0.0
Nb 1.318364103483e+01 6.201443607160e+00 1.168208868332e+01 1 1 1 0.0 0.0 0.0
Nb 1.383819438763e+01 9.602602596203e+00 1.168208868332e+01 1 1 1 0.0 0.0 0.0
Nb 1.449274774042e+01 1.300376158525e+01 1.168208868332e+01 1 1 1 0.0 0.0 0.0
Nb 1.514730109322e+01 1.640492057429e+01 1.168208868332e+01 1 1 1 0.0 0.0 0.0
Nb 1.580185444601e+01 1.980607956333e+01 1.168208868332e+01 1 1 1 0.0 0.0 0.0
Nb 1.645640779881e+01 2.320723855237e+01 1.168208868332e+01 1 1 1 0.0 0.0 0.0
Nb 1.711096115160e+01 2.660839754142e+01 1.168208868332e+01 1 1 1 0.0 0.0 0.0
Nb 1.776551450440e+01 3.000955653046e+01 1.168208868332e+01 1 1 1 0.0 0.0 0.0
Nb 9.256320918696e+00 1.666564955103e+00 1.168208868332e+01 1 1 1 0.0 0.0 0.0
Nb 9.910874271490e+00 5.067723944146e+00 1.168208868332e+01 1 1 1 0.0 0.0 0.0
Nb 1.056542762428e+01 8.468882933189e+00 1.168208868332e+01 1 1 1 0.0 0.0 0.0
Nb 1.121998097708e+01 1.187004192223e+01 1.168208868332e+01 1 1 1 0.0 0.0 0.0
Nb 1.187453432987e+01 1.527120091127e+01 1.168208868332e+01 1 1 1 0.0 0.0 0.0
Nb 1.252908768267e+01 1.867235990032e+01 1.168208868332e+01 1 1 1 0.0 0.0 0.0
Nb 1.318364103546e+01 2.207351888936e+01 1.168208868332e+01 1 1 1 0.0 0.0 0.0
Nb 1.383819438826e+01 2.547467787840e+01 1.168208868332e+01 1 1 1 0.0 0.0 0.0
Nb 1.449274774105e+01 2.887583686745e+01 1.168208868332e+01 1 1 1 0.0 0.0 0.0
Nb 1.514730109385e+01 3.227699585649e+01 1.168208868332e+01 1 1 1 0.0 0.0 0.0
Nb 5.983554155352e+00 5.328452920887e-01 1.168208868332e+01 1 1 1 0.0 0.0 0.0
Nb 6.638107508147e+00 3.934004281132e+00 1.168208868332e+01 1 1 1 0.0 0.0 0.0
Nb 7.292660860941e+00 7.335163270175e+00 1.168208868332e+01 1 1 1 0.0 0.0 0.0
Nb 7.947214213736e+00 1.073632225922e+01 1.168208868332e+01 1 1 1 0.0 0.0 0.0
Nb 8.601767566530e+00 1.413748124826e+01 1.168208868332e+01 1 1 1 0.0 0.0 0.0
Nb 9.256320919324e+00 1.753864023730e+01 1.168208868332e+01 1 1 1 0.0 0.0 0.0
Nb 9.910874272119e+00 2.093979922635e+01 1.168208868332e+01 1 1 1 0.0 0.0 0.0
Nb 1.056542762491e+01 2.434095821539e+01 1.168208868332e+01 1 1 1 0.0 0.0 0.0
Nb 1.121998097771e+01 2.774211720443e+01 1.168208868332e+01 1 1 1 0.0 0.0 0.0
Nb 1.187453433050e+01 3.114327619348e+01 1.168208868332e+01 1 1 1 0.0 0.0 0.0
Nb 3.365340744803e+00 2.800284618117e+00 1.168208868332e+01 1 1 1 0.0 0.0 0.0
Nb 4.019894097597e+00 6.201443607160e+00 1.168208868332e+01 1 1 1 0.0 0.0 0.0
Nb 4.674447450392e+00 9.602602596203e+00 1.168208868332e+01 1 1 1 0.0 0.0 0.0
Nb 5.329000803186e+00 1.300376158525e+01 1.168208868332e+01 1 1 1 0.0 0.0 0.0
Nb 5.983554155981e+00 1.640492057429e+01 1.168208868332e+01 1 1 1 0.0 0.0 0.0
Nb 6.638107508775e+00 1.980607956333e+01 1.168208868332e+01 1 1 1 0.0 0.0 0.0
Nb 7.292660861569e+00 2.320723855237e+01 1.168208868332e+01 1 1 1 0.0 0.0 0.0
Nb 7.947214214364e+00 2.660839754142e+01 1.168208868332e+01 1 1 1 0.0 0.0 0.0
Nb 8.601767567158e+00 3.000955653046e+01 1.168208868332e+01 1 1 1 0.0 0.0 0.0
Nb 1.842006785593e+01 1.666564955103e+00 1.168208868332e+01 1 1 1 0.0 0.0 0.0
Nb 7.471273342533e-01 5.067723944146e+00 1.168208868332e+01 1 1 1 0.0 0.0 0.0
Nb 1.401680687048e+00 8.468882933189e+00 1.168208868332e+01 1 1 1 0.0 0.0 0.0
Nb 2.056234039842e+00 1.187004192223e+01 1.168208868332e+01 1 1 1 0.0 0.0 0.0
Nb 2.710787392637e+00 1.527120091127e+01 1.168208868332e+01 1 1 1 0.0 0.0 0.0
Nb 3.365340745431e+00 1.867235990032e+01 1.168208868332e+01 1 1 1 0.0 0.0 0.0
Nb 4.019894098226e+00 2.207351888936e+01 1.168208868332e+01 1 1 1 0.0 0.0 0.0
Nb 4.674447451020e+00 2.547467787840e+01 1.168208868332e+01 1 1 1 0.0 0.0 0.0
Nb 5.329000803814e+00 2.887583686745e+01 1.168208868332e+01 1 1 1 0.0 0.0 0.0
Nb 5.983554156609e+00 3.227699585649e+01 1.168208868332e+01 1 1 1 0.0 0.0 0.0
Nb 1.514730109259e+01 5.328452920887e-01 1.168208868332e+01 1 1 1 0.0 0.0 0.0
Nb 1.580185444538e+01 3.934004281132e+00 1.168208868332e+01 1 1 1 0.0 0.0 0.0
Nb 1.645640779818e+01 7.335163270175e+00 1.168208868332e+01 1 1 1 0.0 0.0 0.0
Nb 1.711096115097e+01 1.073632225922e+01 1.168208868332e+01 1 1 1 0.0 0.0 0.0
Nb 1.776551450377e+01 1.413748124826e+01 1.168208868332e+01 1 1 1 0.0 0.0 0.0
Nb 1.842006785656e+01 1.753864023730e+01 1.168208868332e+01 1 1 1 0.0 0.0 0.0
Nb 1.907462120936e+01 2.093979922635e+01 1.168208868332e+01 1 1 1 0.0 0.0 0.0
Nb 1.972917456215e+01 2.434095821539e+01 1.168208868332e+01 1 1 1 0.0 0.0 0.0
Nb 2.038372791495e+01 2.774211720443e+01 1.168208868332e+01 1 1 1 0.0 0.0 0.0
Nb 2.103828126774e+01 3.114327619348e+01 1.168208868332e+01 1 1 1 0.0 0.0 0.0
Bi 5.597145212273e+00 3.240194141946e+01 3.834784015603e+01 1 1 1 0.0 0.0 0.0
Bi 2.733474293247e+00 3.633804970475e+00 3.834784015603e+01 1 1 1 0.0 0.0 0.0
Bi 6.153515560797e+00 1.167964703419e+00 3.834784015603e+01 1 1 1 0.0 0.0 0.0
Bi 3.142570138822e+00 7.743538748902e+00 3.834784015603e+01 1 1 1 0.0 0.0 0.0
Bi 6.562611406372e+00 5.277698481845e+00 3.834784015603e+01 1 1 1 0.0 0.0 0.0
Bi 9.982652673922e+00 2.811858214789e+00 3.834784015603e+01 1 1 1 0.0 0.0 0.0
Bi 1.340269394147e+01 3.460179477331e-01 3.834784015603e+01 1 1 1 0.0 0.0 0.0
Bi 3.551665984397e+00 1.185327252733e+01 3.834784015603e+01 1 1 1 0.0 0.0 0.0
Bi 6.971707251947e+00 9.387432260272e+00 3.834784015603e+01 1 1 1 0.0 0.0 0.0
Bi 1.039174851950e+01 6.921591993216e+00 3.834784015603e+01 1 1 1 0.0 0.0 0.0
Bi 1.381178978705e+01 4.455751726160e+00 3.834784015603e+01 1 1 1 0.0 0.0 0.0
Bi 1.723183105460e+01 1.989911459104e+00 3.834784015603e+01 1 1 1 0.0 0.0 0.0
Bi 3.960761829972e+00 1.596300630576e+01 3.834784015603e+01 1 1 1 0.0 0.0 0.0
Bi 7.380803097522e+00 1.349716603870e+01 3.834784015603e+01 1 1 1 0.0 0.0 0.0
Bi 1.080084436507e+01 1.103132577164e+01 3.834784015603e+01 1 1 1 0.0 0.0 0.0
Bi 1.422088563262e+01 8.565485504587e+00 3.834784015603e+01 1 1 1 0.0 0.0 0.0
Bi 1.764092690017e+01 6.099645237531e+00 3.834784015603e+01 1 1 1 0.0 0.0 0.0
Bi 4.369857675547e+00 2.007274008418e+01 3.834784015603e+01 1 1 1 0.0 0.0 0.0
Bi 7.789898943097e+00 1.760689981713e+01 3.834784015603e+01 1 1 1 0.0 0.0 0.0
Bi 1.120994021065e+01 1.514105955007e+01 3.834784015603e+01 1 1 1 0.0 0.0 0.0
Bi 1.462998147820e+01 1.267521928301e+01 3.834784015603e+01 1 1 1 0.0 0.0 0.0
Bi 1.805002274575e+01 1.020937901596e+01 3.834784015603e+01 1 1 1 0.0 0.0 0.0
Bi 4.778953521122e+00 2.418247386261e+01 3.834784015603e+01 1 1 1 0.0 0.0 0.0
Bi 8.198994788672e+00 2.171663359555e+01 3.834784015603e+01 1 1 1 0.0 0.0 0.0
Bi 1.161903605622e+01 1.925079332850e+01 3.834784015603e+01 1 1 1 0.0 0.0 0.0
Bi 1.503907732377e+01 1.678495306144e+01 3.834784015603e+01 1 1 1 0.0 0.0 0.0
Bi 1.845911859132e+01 1.431911279438e+01 3.834784015603e+01 1 1 1 0.0 0.0 0.0
Bi 5.188049366698e+00 2.829220764104e+01 3.834784015603e+01 1 1 1 0.0 0.0 0.0
Bi 8.608090634247e+00 2.582636737398e+01 3.834784015603e+01 1 1 1 0.0 0.0 0.0
Bi 1.202813190180e+01 2.336052710692e+01 3.834784015603e+01 1 1 1 0.0 0.0 0.0
Bi 1.544817316935e+01 2.089468683987e+01 3.834784015603e+01 1 1 1 0.0 0.0 0.0
Bi 1.886821443690e+01 1.842884657281e+01 3.834784015603e+01 1 1 1 0.0 0.0 0.0
Bi 9.017186479822e+00 2.993610115241e+01 3.834784015603e+01 1 1 1 0.0 0.0 0.0
Bi 1.243722774737e+01 2.747026088535e+01 3.834784015603e+01 1 1 1 0.0 0.0 0.0
Bi 1.585726901492e+01 2.500442061829e+01 3.834784015603e+01 1 1 1 0.0 0.0 0.0
Bi 1.927731028247e+01 2.253858035124e+01 3.834784015603e+01 1 1 1 0.0 0.0 0.0
Bi 1.284632359295e+01 3.157999466378e+01 3.834784015603e+01 1 1 1 0.0 0.0 0.0
Bi 1.626636486050e+01 2.911415439672e+01 3.834784015603e+01 1 1 1 0.0 0.0 0.0
Bi 1.968640612805e+01 2.664831412967e+01 3.834784015603e+01 1 1 1 0.0 0.0 0.0
Bi 2.009550197362e+01 3.075804790809e+01 3.834784015603e+01 1 1 1 0.0 0.0 0.0
Bi 4.172036656765e+00 3.045094434914e+01 3.436119714775e+01 1 1 1 0.0 0.0 0.0
Bi 1.308365737739e+00 1.682807900155e+00 3.436119714775e+01 1 1 1 0.0 0.0 0.0
Bi 8.001173769890e+00 3.209483786051e+01 3.436119714775e+01 1 1 1 0.0 0.0 0.0
Bi 1.717461583314e+00 5.792541678582e+00 3.436119714775e+01 1 1 1 0.0 0.0 0.0
Bi 5.137502850864e+00 3.326701411526e+00 3.436119714775e+01 1 1 1 0.0 0.0 0.0
Bi 8.557544118414e+00 8.608611444699e-01 3.436119714775e+01 1 1 1 0.0 0.0 0.0
Bi 1.525035215056e+01 3.127289110483e+01 3.436119714775e+01 1 1 1 0.0 0.0 0.0
Bi 2.126557428889e+00 9.902275457009e+00 3.436119714775e+01 1 1 1 0.0 0.0 0.0
Bi 5.546598696439e+00 7.436435189953e+00 3.436119714775e+01 1 1 1 0.0 0.0 0.0
Bi 8.966639963989e+00 4.970594922897e+00 3.436119714775e+01 1 1 1 0.0 0.0 0.0
Bi 1.238668123154e+01 2.504754655841e+00 3.436119714775e+01 1 1 1 0.0 0.0 0.0
Bi 1.580672249909e+01 3.891438878452e-02 3.436119714775e+01 1 1 1 0.0 0.0 0.0
Bi 2.535653274465e+00 1.401200923544e+01 3.436119714775e+01 1 1 1 0.0 0.0 0.0
Bi 5.955694542014e+00 1.154616896838e+01 3.436119714775e+01 1 1 1 0.0 0.0 0.0
Bi 9.375735809564e+00 9.080328701324e+00 3.436119714775e+01 1 1 1 0.0 0.0 0.0
Bi 1.279577707711e+01 6.614488434268e+00 3.436119714775e+01 1 1 1 0.0 0.0 0.0
Bi 1.621581834466e+01 4.148648167211e+00 3.436119714775e+01 1 1 1 0.0 0.0 0.0
Bi 2.944749120040e+00 1.812174301386e+01 3.436119714775e+01 1 1 1 0.0 0.0 0.0
Bi 6.364790387589e+00 1.565590274681e+01 3.436119714775e+01 1 1 1 0.0 0.0 0.0
Bi 9.784831655139e+00 1.319006247975e+01 3.436119714775e+01 1 1 1 0.0 0.0 0.0
Bi 1.320487292269e+01 1.072422221269e+01 3.436119714775e+01 1 1 1 0.0 0.0 0.0
Bi 1.662491419024e+01 8.258381945638e+00 3.436119714775e+01 1 1 1 0.0 0.0 0.0
Bi 3.353844965615e+00 2.223147679229e+01 3.436119714775e+01 1 1 1 0.0 0.0 0.0
Bi 6.773886233165e+00 1.976563652523e+01 3.436119714775e+01 1 1 1 0.0 0.0 0.0
Bi 1.019392750071e+01 1.729979625818e+01 3.436119714775e+01 1 1 1 0.0 0.0 0.0
Bi 1.361396876826e+01 1.483395599112e+01 3.436119714775e+01 1 1 1 0.0 0.0 0.0
Bi 1.703401003581e+01 1.236811572407e+01 3.436119714775e+01 1 1 1 0.0 0.0 0.0
Bi 3.762940811190e+00 2.634121057072e+01 3.436119714775e+01 1 1 1 0.0 0.0 0.0
Bi 7.182982078740e+00 2.387537030366e+01 3.436119714775e+01 1 1 1 0.0 0.0 0.0
Bi 1.060302334629e+01 2.140953003660e+01 3.436119714775e+01 1 1 1 0.0 0.0 0.0
Bi 1.402306461384e+01 1.894368976955e+01 3.436119714775e+01 1 1 1 0.0 0.0 0.0
Bi 1.744310588139e+01 1.647784950249e+01 3.436119714775e+01 1 1 1 0.0 0.0 0.0
Bi 7.592077924315e+00 2.798510408209e+01 3.436119714775e+01 1 1 1 0.0 0.0 0.0
Bi 1.101211919186e+01 2.551926381503e+01 3.436119714775e+01 1 1 1 0.0 0.0 0.0
Bi 1.443216045941e+01 2.305342354798e+01 3.436119714775e+01 1 1 1 0.0 0.0 0.0
Bi 1.785220172696e+01 2.058758328092e+01 3.436119714775e+01 1 1 1 0.0 0.0 0.0
Bi 1.142121503744e+01 2.962899759346e+01 3.436119714775e+01 1 1 1 0.0 0.0 0.0
Bi 1.484125630499e+01 2.716315732640e+01 3.436119714775e+01 1 1 1 0.0 0.0 0.0
Bi 1.826129757254e+01 2.469731705935e+01 3.436119714775e+01 1 1 1 0.0 0.0 0.0
Bi 1.867039341811e+01 2.880705083777e+01 3.436119714775e+01 1 1 1 0.0 0.0 0.0
Bi 4.104504639078e+00 3.044088693523e+01 2.831971850542e+01 1 1 1 0.0 0.0 0.0
Bi 1.240833720052e+00 1.672750486242e+00 2.831971850542e+01 1 1 1 0.0 0.0 0.0
Bi 7.933641752203e+00 3.208478044660e+01 2.831971850542e+01 1 1 1 0.0 0.0 0.0
Bi 1.649929565627e+00 5.782484264669e+00 2.831971850542e+01 1 1 1 0.0 0.0 0.0
Bi 5.069970833177e+00 3.316643997613e+00 2.831971850542e+01 1 1 1 0.0 0.0 0.0
Bi 8.490012100727e+00 8.508037305571e-01 2.831971850542e+01 1 1 1 0.0 0.0 0.0
Bi 1.518282013288e+01 3.126283369092e+01 2.831971850542e+01 1 1 1 0.0 0.0 0.0
Bi 2.059025411202e+00 9.892218043096e+00 2.831971850542e+01 1 1 1 0.0 0.0 0.0
Bi 5.479066678752e+00 7.426377776040e+00 2.831971850542e+01 1 1 1 0.0 0.0 0.0
Bi 8.899107946302e+00 4.960537508984e+00 2.831971850542e+01 1 1 1 0.0 0.0 0.0
Bi 1.231914921385e+01 2.494697241928e+00 2.831971850542e+01 1 1 1 0.0 0.0 0.0
Bi 1.573919048140e+01 2.885697487173e-02 2.831971850542e+01 1 1 1 0.0 0.0 0.0
Bi 2.468121256777e+00 1.400195182152e+01 2.831971850542e+01 1 1 1 0.0 0.0 0.0
Bi 5.888162524327e+00 1.153611155447e+01 2.831971850542e+01 1 1 1 0.0 0.0 0.0
Bi 9.308203791877e+00 9.070271287411e+00 2.831971850542e+01 1 1 1 0.0 0.0 0.0
Bi 1.272824505943e+01 6.604431020355e+00 2.831971850542e+01 1 1 1 0.0 0.0 0.0
Bi 1.614828632698e+01 4.138590753299e+00 2.831971850542e+01 1 1 1 0.0 0.0 0.0
Bi 2.877217102352e+00 1.811168559995e+01 2.831971850542e+01 1 1 1 0.0 0.0 0.0
Bi 6.297258369902e+00 1.564584533289e+01 2.831971850542e+01 1 1 1 0.0 0.0 0.0
Bi 9.717299637452e+00 1.318000506584e+01 2.831971850542e+01 1 1 1 0.0 0.0 0.0
Bi 1.313734090500e+01 1.071416479878e+01 2.831971850542e+01 1 1 1 0.0 0.0 0.0
Bi 1.655738217255e+01 8.248324531725e+00 2.831971850542e+01 1 1 1 0.0 0.0 0.0
Bi 3.286312947928e+00 2.222141937838e+01 2.831971850542e+01 1 1 1 0.0 0.0 0.0
Bi 6.706354215477e+00 1.975557911132e+01 2.831971850542e+01 1 1 1 0.0 0.0 0.0
Bi 1.012639548303e+01 1.728973884426e+01 2.831971850542e+01 1 1 1 0.0 0.0 0.0
Bi 1.354643675058e+01 1.482389857721e+01 2.831971850542e+01 1 1 1 0.0 0.0 0.0
Bi 1.696647801813e+01 1.235805831015e+01 2.831971850542e+01 1 1 1 0.0 0.0 0.0
Bi 3.695408793503e+00 2.633115315680e+01 2.831971850542e+01 1 1 1 0.0 0.0 0.0
Bi 7.115450061053e+00 2.386531288975e+01 2.831971850542e+01 1 1 1 0.0 0.0 0.0
Bi 1.053549132860e+01 2.139947262269e+01 2.831971850542e+01 1 1 1 0.0 0.0 0.0
Bi 1.395553259615e+01 1.893363235564e+01 2.831971850542e+01 1 1 1 0.0 0.0 0.0
Bi 1.737557386370e+01 1.646779208858e+01 2.831971850542e+01 1 1 1 0.0 0.0 0.0
Bi 7.524545906628e+00 2.797504666817e+01 2.831971850542e+01 1 1 1 0.0 0.0 0.0
Bi 1.094458717418e+01 2.550920640112e+01 2.831971850542e+01 1 1 1 0.0 0.0 0.0
Bi 1.436462844173e+01 2.304336613406e+01 2.831971850542e+01 1 1 1 0.0 0.0 0.0
Bi 1.778466970928e+01 2.057752586701e+01 2.831971850542e+01 1 1 1 0.0 0.0 0.0
Bi 1.135368301975e+01 2.961894017955e+01 2.831971850542e+01 1 1 1 0.0 0.0 0.0
Bi 1.477372428730e+01 2.715309991249e+01 2.831971850542e+01 1 1 1 0.0 0.0 0.0
Bi 1.819376555485e+01 2.468725964543e+01 2.831971850542e+01 1 1 1 0.0 0.0 0.0
Bi 1.860286140043e+01 2.879699342386e+01 2.831971850542e+01 1 1 1 0.0 0.0 0.0
Bi 2.143578782488e+01 3.261254479943e+01 2.434799808390e+01 1 1 1 0.0 0.0 0.0
Bi 1.857211690586e+01 3.844408350441e+00 2.434799808390e+01 1 1 1 0.0 0.0 0.0
Bi 3.664664298934e+00 1.378568083385e+00 2.434799808390e+01 1 1 1 0.0 0.0 0.0
Bi 1.898121275143e+01 7.954142128868e+00 2.434799808390e+01 1 1 1 0.0 0.0 0.0
Bi 4.073760144509e+00 5.488301861811e+00 2.434799808390e+01 1 1 1 0.0 0.0 0.0
Bi 7.493801412059e+00 3.022461594755e+00 2.434799808390e+01 1 1 1 0.0 0.0 0.0
Bi 1.091384267961e+01 5.566213276992e-01 2.434799808390e+01 1 1 1 0.0 0.0 0.0
Bi 1.939030859701e+01 1.206387590729e+01 2.434799808390e+01 1 1 1 0.0 0.0 0.0
Bi 4.482855990084e+00 9.598035640238e+00 2.434799808390e+01 1 1 1 0.0 0.0 0.0
Bi 7.902897257634e+00 7.132195373182e+00 2.434799808390e+01 1 1 1 0.0 0.0 0.0
Bi 1.132293852518e+01 4.666355106126e+00 2.434799808390e+01 1 1 1 0.0 0.0 0.0
Bi 1.474297979273e+01 2.200514839070e+00 2.434799808390e+01 1 1 1 0.0 0.0 0.0
Bi 1.979940444258e+01 1.617360968572e+01 2.434799808390e+01 1 1 1 0.0 0.0 0.0
Bi 4.891951835659e+00 1.370776941867e+01 2.434799808390e+01 1 1 1 0.0 0.0 0.0
Bi 8.311993103209e+00 1.124192915161e+01 2.434799808390e+01 1 1 1 0.0 0.0 0.0
Bi 1.173203437076e+01 8.776088884553e+00 2.434799808390e+01 1 1 1 0.0 0.0 0.0
Bi 1.515207563831e+01 6.310248617497e+00 2.434799808390e+01 1 1 1 0.0 0.0 0.0
Bi 2.020850028816e+01 2.028334346415e+01 2.434799808390e+01 1 1 1 0.0 0.0 0.0
Bi 5.301047681234e+00 1.781750319709e+01 2.434799808390e+01 1 1 1 0.0 0.0 0.0
Bi 8.721088948784e+00 1.535166293004e+01 2.434799808390e+01 1 1 1 0.0 0.0 0.0
Bi 1.214113021633e+01 1.288582266298e+01 2.434799808390e+01 1 1 1 0.0 0.0 0.0
Bi 1.556117148388e+01 1.041998239592e+01 2.434799808390e+01 1 1 1 0.0 0.0 0.0
Bi 2.061759613373e+01 2.439307724258e+01 2.434799808390e+01 1 1 1 0.0 0.0 0.0
Bi 5.710143526809e+00 2.192723697552e+01 2.434799808390e+01 1 1 1 0.0 0.0 0.0
Bi 9.130184794359e+00 1.946139670846e+01 2.434799808390e+01 1 1 1 0.0 0.0 0.0
Bi 1.255022606191e+01 1.699555644141e+01 2.434799808390e+01 1 1 1 0.0 0.0 0.0
Bi 1.597026732946e+01 1.452971617435e+01 2.434799808390e+01 1 1 1 0.0 0.0 0.0
Bi 2.102669197931e+01 2.850281102100e+01 2.434799808390e+01 1 1 1 0.0 0.0 0.0
Bi 6.119239372384e+00 2.603697075395e+01 2.434799808390e+01 1 1 1 0.0 0.0 0.0
Bi 9.539280639934e+00 2.357113048689e+01 2.434799808390e+01 1 1 1 0.0 0.0 0.0
Bi 1.295932190748e+01 2.110529021983e+01 2.434799808390e+01 1 1 1 0.0 0.0 0.0
Bi 1.637936317503e+01 1.863944995278e+01 2.434799808390e+01 1 1 1 0.0 0.0 0.0
Bi 6.528335217959e+00 3.014670453237e+01 2.434799808390e+01 1 1 1 0.0 0.0 0.0
Bi 9.948376485509e+00 2.768086426532e+01 2.434799808390e+01 1 1 1 0.0 0.0 0.0
Bi 1.336841775306e+01 2.521502399826e+01 2.434799808390e+01 1 1 1 0.0 0.0 0.0
Bi 1.678845902061e+01 2.274918373120e+01 2.434799808390e+01 1 1 1 0.0 0.0 0.0
Bi 1.035747233108e+01 3.179059804374e+01 2.434799808390e+01 1 1 1 0.0 0.0 0.0
Bi 1.377751359863e+01 2.932475777669e+01 2.434799808390e+01 1 1 1 0.0 0.0 0.0
Bi 1.719755486618e+01 2.685891750963e+01 2.434799808390e+01 1 1 1 0.0 0.0 0.0
Bi 1.760665071176e+01 3.096865128806e+01 2.434799808390e+01 1 1 1 0.0 0.0 0.0
Se 1.318321170303e+01 9.103866817616e-01 1.000000000000e+01 1 1 1 0.0 0.0 0.0
Se 1.383776505582e+01 4.311545670805e+00 1.000000000000e+01 1 1 1 0.0 0.0 0.0
Se 1.449231840862e+01 7.712704659847e+00 1.000000000000e+01 1 1 1 0.0 0.0 0.0
Se 1.514687176141e+01 1.111386364889e+01 1.000000000000e+01 1 1 1 0.0 0.0 0.0
Se 1.580142511421e+01 1.451502263793e+01 1.000000000000e+01 1 1 1 0.0 0.0 0.0
Se 1.645597846700e+01 1.791618162698e+01 1.000000000000e+01 1 1 1 0.0 0.0 0.0
Se 1.711053181980e+01 2.131734061602e+01 1.000000000000e+01 1 1 1 0.0 0.0 0.0
Se 1.776508517259e+01 2.471849960506e+01 1.000000000000e+01 1 1 1 0.0 0.0 0.0
Se 1.841963852539e+01 2.811965859411e+01 1.000000000000e+01 1 1 1 0.0 0.0 0.0
Se 1.318321170429e+01 3.265453724616e+01 1.000000000000e+01 1 1 1 0.0 0.0 0.0
Se 1.056499829248e+01 3.177826007790e+00 1.000000000000e+01 1 1 1 0.0 0.0 0.0
Se 1.121955164527e+01 6.578984996833e+00 1.000000000000e+01 1 1 1 0.0 0.0 0.0
Se 1.187410499807e+01 9.980143985876e+00 1.000000000000e+01 1 1 1 0.0 0.0 0.0
Se 1.252865835086e+01 1.338130297492e+01 1.000000000000e+01 1 1 1 0.0 0.0 0.0
Se 1.318321170366e+01 1.678246196396e+01 1.000000000000e+01 1 1 1 0.0 0.0 0.0
Se 1.383776505645e+01 2.018362095300e+01 1.000000000000e+01 1 1 1 0.0 0.0 0.0
Se 1.449231840925e+01 2.358477994205e+01 1.000000000000e+01 1 1 1 0.0 0.0 0.0
Se 1.514687176204e+01 2.698593893109e+01 1.000000000000e+01 1 1 1 0.0 0.0 0.0
Se 1.580142511484e+01 3.038709792013e+01 1.000000000000e+01 1 1 1 0.0 0.0 0.0
Se 9.910444940943e+00 3.152081758315e+01 1.000000000000e+01 1 1 1 0.0 0.0 0.0
Se 7.292231529136e+00 2.044106344776e+00 1.000000000000e+01 1 1 1 0.0 0.0 0.0
Se 7.946784881931e+00 5.445265333819e+00 1.000000000000e+01 1 1 1 0.0 0.0 0.0
Se 8.601338234725e+00 8.846424322862e+00 1.000000000000e+01 1 1 1 0.0 0.0 0.0
Se 9.255891587520e+00 1.224758331190e+01 1.000000000000e+01 1 1 1 0.0 0.0 0.0
Se 9.910444940314e+00 1.564874230095e+01 1.000000000000e+01 1 1 1 0.0 0.0 0.0
Se 1.056499829311e+01 1.904990128999e+01 1.000000000000e+01 1 1 1 0.0 0.0 0.0
Se 1.121955164590e+01 2.245106027903e+01 1.000000000000e+01 1 1 1 0.0 0.0 0.0
Se 1.187410499870e+01 2.585221926808e+01 1.000000000000e+01 1 1 1 0.0 0.0 0.0
Se 1.252865835149e+01 2.925337825712e+01 1.000000000000e+01 1 1 1 0.0 0.0 0.0
Se 4.019464765792e+00 9.103866817616e-01 1.000000000000e+01 1 1 1 0.0 0.0 0.0
Se 4.674018118587e+00 4.311545670805e+00 1.000000000000e+01 1 1 1 0.0 0.0 0.0
Se 5.328571471381e+00 7.712704659847e+00 1.000000000000e+01 1 1 1 0.0 0.0 0.0
Se 5.983124824176e+00 1.111386364889e+01 1.000000000000e+01 1 1 1 0.0 0.0 0.0
Se 6.637678176970e+00 1.451502263793e+01 1.000000000000e+01 1 1 1 0.0 0.0 0.0
Se 7.292231529765e+00 1.791618162698e+01 1.000000000000e+01 1 1 1 0.0 0.0 0.0
Se 7.946784882559e+00 2.131734061602e+01 1.000000000000e+01 1 1 1 0.0 0.0 0.0
Se 8.601338235354e+00 2.471849960506e+01 1.000000000000e+01 1 1 1 0.0 0.0 0.0
Se 9.255891588148e+00 2.811965859411e+01 1.000000000000e+01 1 1 1 0.0 0.0 0.0
Se 4.019464767049e+00 3.265453724616e+01 1.000000000000e+01 1 1 1 0.0 0.0 0.0
Se 1.401251355243e+00 3.177826007790e+00 1.000000000000e+01 1 1 1 0.0 0.0 0.0
Se 2.055804708037e+00 6.578984996833e+00 1.000000000000e+01 1 1 1 0.0 0.0 0.0
Se 2.710358060832e+00 9.980143985876e+00 1.000000000000e+01 1 1 1 0.0 0.0 0.0
Se 3.364911413626e+00 1.338130297492e+01 1.000000000000e+01 1 1 1 0.0 0.0 0.0
Se 4.019464766421e+00 1.678246196396e+01 1.000000000000e+01 1 1 1 0.0 0.0 0.0
Se 4.674018119215e+00 2.018362095300e+01 1.000000000000e+01 1 1 1 0.0 0.0 0.0
Se 5.328571472010e+00 2.358477994205e+01 1.000000000000e+01 1 1 1 0.0 0.0 0.0
Se 5.983124824804e+00 2.698593893109e+01 1.000000000000e+01 1 1 1 0.0 0.0 0.0
Se 6.637678177599e+00 3.038709792013e+01 1.000000000000e+01 1 1 1 0.0 0.0 0.0
Se 1.907419187818e+01 3.152081758315e+01 1.000000000000e+01 1 1 1 0.0 0.0 0.0
Se 1.645597846637e+01 2.044106344776e+00 1.000000000000e+01 1 1 1 0.0 0.0 0.0
Se 1.711053181917e+01 5.445265333819e+00 1.000000000000e+01 1 1 1 0.0 0.0 0.0
Se 1.776508517196e+01 8.846424322862e+00 1.000000000000e+01 1 1 1 0.0 0.0 0.0
Se 1.841963852476e+01 1.224758331190e+01 1.000000000000e+01 1 1 1 0.0 0.0 0.0
Se 1.907419187755e+01 1.564874230095e+01 1.000000000000e+01 1 1 1 0.0 0.0 0.0
Se 1.972874523035e+01 1.904990128999e+01 1.000000000000e+01 1 1 1 0.0 0.0 0.0
Se 2.038329858314e+01 2.245106027903e+01 1.000000000000e+01 1 1 1 0.0 0.0 0.0
Se 2.710358061460e+00 2.585221926808e+01 1.000000000000e+01 1 1 1 0.0 0.0 0.0
Se 3.364911414255e+00 2.925337825712e+01 1.000000000000e+01 1 1 1 0.0 0.0 0.0
Se 1.450198042199e+01 2.419330085690e+00 1.614602824434e+01 1 1 1 0.0 0.0 0.0
Se 1.515653377478e+01 5.820489074733e+00 1.614602824434e+01 1 1 1 0.0 0.0 0.0
Se 1.581108712757e+01 9.221648063776e+00 1.614602824434e+01 1 1 1 0.0 0.0 0.0
Se 1.646564048037e+01 1.262280705282e+01 1.614602824434e+01 1 1 1 0.0 0.0 0.0
Se 1.712019383316e+01 1.602396604186e+01 1.614602824434e+01 1 1 1 0.0 0.0 0.0
Se 1.777474718596e+01 1.942512503090e+01 1.614602824434e+01 1 1 1 0.0 0.0 0.0
Se 1.842930053875e+01 2.282628401995e+01 1.614602824434e+01 1 1 1 0.0 0.0 0.0
Se 1.908385389155e+01 2.622744300899e+01 1.614602824434e+01 1 1 1 0.0 0.0 0.0
Se 1.973840724434e+01 2.962860199803e+01 1.614602824434e+01 1 1 1 0.0 0.0 0.0
Se 1.122921365864e+01 1.285610422676e+00 1.614602824434e+01 1 1 1 0.0 0.0 0.0
Se 1.188376701144e+01 4.686769411719e+00 1.614602824434e+01 1 1 1 0.0 0.0 0.0
Se 1.253832036423e+01 8.087928400762e+00 1.614602824434e+01 1 1 1 0.0 0.0 0.0
Se 1.319287371702e+01 1.148908738980e+01 1.614602824434e+01 1 1 1 0.0 0.0 0.0
Se 1.384742706982e+01 1.489024637885e+01 1.614602824434e+01 1 1 1 0.0 0.0 0.0
Se 1.450198042261e+01 1.829140536789e+01 1.614602824434e+01 1 1 1 0.0 0.0 0.0
Se 1.515653377541e+01 2.169256435693e+01 1.614602824434e+01 1 1 1 0.0 0.0 0.0
Se 1.581108712820e+01 2.509372334598e+01 1.614602824434e+01 1 1 1 0.0 0.0 0.0
Se 1.646564048100e+01 2.849488233502e+01 1.614602824434e+01 1 1 1 0.0 0.0 0.0
Se 1.712019383379e+01 3.189604132406e+01 1.614602824434e+01 1 1 1 0.0 0.0 0.0
Se 7.956446895298e+00 1.518907596616e-01 1.614602824434e+01 1 1 1 0.0 0.0 0.0
Se 8.611000248092e+00 3.553049748704e+00 1.614602824434e+01 1 1 1 0.0 0.0 0.0
Se 9.265553600886e+00 6.954208737747e+00 1.614602824434e+01 1 1 1 0.0 0.0 0.0
Se 9.920106953681e+00 1.035536772679e+01 1.614602824434e+01 1 1 1 0.0 0.0 0.0
Se 1.057466030648e+01 1.375652671583e+01 1.614602824434e+01 1 1 1 0.0 0.0 0.0
Se 1.122921365927e+01 1.715768570488e+01 1.614602824434e+01 1 1 1 0.0 0.0 0.0
Se 1.188376701206e+01 2.055884469392e+01 1.614602824434e+01 1 1 1 0.0 0.0 0.0
Se 1.253832036486e+01 2.396000368296e+01 1.614602824434e+01 1 1 1 0.0 0.0 0.0
Se 1.319287371765e+01 2.736116267201e+01 1.614602824434e+01 1 1 1 0.0 0.0 0.0
Se 1.384742707045e+01 3.076232166105e+01 1.614602824434e+01 1 1 1 0.0 0.0 0.0
Se 5.338233484748e+00 2.419330085690e+00 1.614602824434e+01 1 1 1 0.0 0.0 0.0
Se 5.992786837543e+00 5.820489074733e+00 1.614602824434e+01 1 1 1 0.0 0.0 0.0
Se 6.647340190337e+00 9.221648063776e+00 1.614602824434e+01 1 1 1 0.0 0.0 0.0
Se 7.301893543131e+00 1.262280705282e+01 1.614602824434e+01 1 1 1 0.0 0.0 0.0
Se 7.956446895926e+00 1.602396604186e+01 1.614602824434e+01 1 1 1 0.0 0.0 0.0
Se 8.611000248720e+00 1.942512503090e+01 1.614602824434e+01 1 1 1 0.0 0.0 0.0
Se 9.265553601515e+00 2.282628401995e+01 1.614602824434e+01 1 1 1 0.0 0.0 0.0
Se 9.920106954309e+00 2.622744300899e+01 1.614602824434e+01 1 1 1 0.0 0.0 0.0
Se 1.057466030710e+01 2.962860199803e+01 1.614602824434e+01 1 1 1 0.0 0.0 0.0
Se 2.065466721404e+00 1.285610422676e+00 1.614602824434e+01 1 1 1 0.0 0.0 0.0
Se 2.720020074199e+00 4.686769411719e+00 1.614602824434e+01 1 1 1 0.0 0.0 0.0
Se 3.374573426993e+00 8.087928400762e+00 1.614602824434e+01 1 1 1 0.0 0.0 0.0
Se 4.029126779788e+00 1.148908738980e+01 1.614602824434e+01 1 1 1 0.0 0.0 0.0
Se 4.683680132582e+00 1.489024637885e+01 1.614602824434e+01 1 1 1 0.0 0.0 0.0
Se 5.338233485376e+00 1.829140536789e+01 1.614602824434e+01 1 1 1 0.0 0.0 0.0
Se 5.992786838171e+00 2.169256435693e+01 1.614602824434e+01 1 1 1 0.0 0.0 0.0
Se 6.647340190965e+00 2.509372334598e+01 1.614602824434e+01 1 1 1 0.0 0.0 0.0
Se 7.301893543760e+00 2.849488233502e+01 1.614602824434e+01 1 1 1 0.0 0.0 0.0
Se 7.956446896554e+00 3.189604132406e+01 1.614602824434e+01 1 1 1 0.0 0.0 0.0
Se 1.712019383253e+01 1.518907596616e-01 1.614602824434e+01 1 1 1 0.0 0.0 0.0
Se 1.777474718533e+01 3.553049748704e+00 1.614602824434e+01 1 1 1 0.0 0.0 0.0
Se 1.842930053812e+01 6.954208737747e+00 1.614602824434e+01 1 1 1 0.0 0.0 0.0
Se 1.908385389092e+01 1.035536772679e+01 1.614602824434e+01 1 1 1 0.0 0.0 0.0
Se 1.410913369238e+00 1.375652671583e+01 1.614602824434e+01 1 1 1 0.0 0.0 0.0
Se 2.065466722033e+00 1.715768570488e+01 1.614602824434e+01 1 1 1 0.0 0.0 0.0
Se 2.720020074827e+00 2.055884469392e+01 1.614602824434e+01 1 1 1 0.0 0.0 0.0
Se 3.374573427622e+00 2.396000368296e+01 1.614602824434e+01 1 1 1 0.0 0.0 0.0
Se 4.029126780416e+00 2.736116267201e+01 1.614602824434e+01 1 1 1 0.0 0.0 0.0
Se 4.683680133210e+00 3.076232166105e+01 1.614602824434e+01 1 1 1 0.0 0.0 0.0
Se 1.318428257384e+01 9.104935888248e-01 1.336443756309e+01 1 1 1 0.0 0.0 0.0
Se 1.383883592663e+01 4.311652577868e+00 1.336443756309e+01 1 1 1 0.0 0.0 0.0
Se 1.449338927943e+01 7.712811566911e+00 1.336443756309e+01 1 1 1 0.0 0.0 0.0
Se 1.514794263222e+01 1.111397055595e+01 1.336443756309e+01 1 1 1 0.0 0.0 0.0
Se 1.580249598501e+01 1.451512954500e+01 1.336443756309e+01 1 1 1 0.0 0.0 0.0
Se 1.645704933781e+01 1.791628853404e+01 1.336443756309e+01 1 1 1 0.0 0.0 0.0
Se 1.711160269060e+01 2.131744752308e+01 1.336443756309e+01 1 1 1 0.0 0.0 0.0
Se 1.776615604340e+01 2.471860651213e+01 1.336443756309e+01 1 1 1 0.0 0.0 0.0
Se 1.842070939619e+01 2.811976550117e+01 1.336443756309e+01 1 1 1 0.0 0.0 0.0
Se 1.318428257509e+01 3.265464415323e+01 1.336443756309e+01 1 1 1 0.0 0.0 0.0
Se 1.056606916329e+01 3.177932914853e+00 1.336443756309e+01 1 1 1 0.0 0.0 0.0
Se 1.122062251608e+01 6.579091903896e+00 1.336443756309e+01 1 1 1 0.0 0.0 0.0
Se 1.187517586888e+01 9.980250892939e+00 1.336443756309e+01 1 1 1 0.0 0.0 0.0
Se 1.252972922167e+01 1.338140988198e+01 1.336443756309e+01 1 1 1 0.0 0.0 0.0
Se 1.318428257447e+01 1.678256887103e+01 1.336443756309e+01 1 1 1 0.0 0.0 0.0
Se 1.383883592726e+01 2.018372786007e+01 1.336443756309e+01 1 1 1 0.0 0.0 0.0
Se 1.449338928005e+01 2.358488684911e+01 1.336443756309e+01 1 1 1 0.0 0.0 0.0
Se 1.514794263285e+01 2.698604583815e+01 1.336443756309e+01 1 1 1 0.0 0.0 0.0
Se 1.580249598564e+01 3.038720482720e+01 1.336443756309e+01 1 1 1 0.0 0.0 0.0
Se 9.911515811750e+00 3.152092449021e+01 1.336443756309e+01 1 1 1 0.0 0.0 0.0
Se 7.293302399944e+00 2.044213251839e+00 1.336443756309e+01 1 1 1 0.0 0.0 0.0
Se 7.947855752738e+00 5.445372240882e+00 1.336443756309e+01 1 1 1 0.0 0.0 0.0
Se 8.602409105533e+00 8.846531229925e+00 1.336443756309e+01 1 1 1 0.0 0.0 0.0
Se 9.256962458327e+00 1.224769021897e+01 1.336443756309e+01 1 1 1 0.0 0.0 0.0
Se 9.911515811122e+00 1.564884920801e+01 1.336443756309e+01 1 1 1 0.0 0.0 0.0
Se 1.056606916392e+01 1.905000819705e+01 1.336443756309e+01 1 1 1 0.0 0.0 0.0
Se 1.122062251671e+01 2.245116718610e+01 1.336443756309e+01 1 1 1 0.0 0.0 0.0
Se 1.187517586950e+01 2.585232617514e+01 1.336443756309e+01 1 1 1 0.0 0.0 0.0
Se 1.252972922230e+01 2.925348516418e+01 1.336443756309e+01 1 1 1 0.0 0.0 0.0
Se 4.020535636600e+00 9.104935888248e-01 1.336443756309e+01 1 1 1 0.0 0.0 0.0
Se 4.675088989394e+00 4.311652577868e+00 1.336443756309e+01 1 1 1 0.0 0.0 0.0
Se 5.329642342189e+00 7.712811566911e+00 1.336443756309e+01 1 1 1 0.0 0.0 0.0
Se 5.984195694983e+00 1.111397055595e+01 1.336443756309e+01 1 1 1 0.0 0.0 0.0
Se 6.638749047778e+00 1.451512954500e+01 1.336443756309e+01 1 1 1 0.0 0.0 0.0
Se 7.293302400572e+00 1.791628853404e+01 1.336443756309e+01 1 1 1 0.0 0.0 0.0
Se 7.947855753367e+00 2.131744752308e+01 1.336443756309e+01 1 1 1 0.0 0.0 0.0
Se 8.602409106161e+00 2.471860651213e+01 1.336443756309e+01 1 1 1 0.0 0.0 0.0
Se 9.256962458956e+00 2.811976550117e+01 1.336443756309e+01 1 1 1 0.0 0.0 0.0
Se 4.020535637857e+00 3.265464415323e+01 1.336443756309e+01 1 1 1 0.0 0.0 0.0
Se 1.402322226050e+00 3.177932914853e+00 1.336443756309e+01 1 1 1 0.0 0.0 0.0
Se 2.056875578845e+00 6.579091903896e+00 1.336443756309e+01 1 1 1 0.0 0.0 0.0
Se 2.711428931639e+00 9.980250892939e+00 1.336443756309e+01 1 1 1 0.0 0.0 0.0
Se 3.365982284434e+00 1.338140988198e+01 1.336443756309e+01 1 1 1 0.0 0.0 0.0
Se 4.020535637228e+00 1.678256887103e+01 1.336443756309e+01 1 1 1 0.0 0.0 0.0
Se 4.675088990023e+00 2.018372786007e+01 1.336443756309e+01 1 1 1 0.0 0.0 0.0
Se 5.329642342817e+00 2.358488684911e+01 1.336443756309e+01 1 1 1 0.0 0.0 0.0
Se 5.984195695612e+00 2.698604583815e+01 1.336443756309e+01 1 1 1 0.0 0.0 0.0
Se 6.638749048406e+00 3.038720482720e+01 1.336443756309e+01 1 1 1 0.0 0.0 0.0
Se 1.907526274899e+01 3.152092449021e+01 1.336443756309e+01 1 1 1 0.0 0.0 0.0
Se 1.645704933718e+01 2.044213251839e+00 1.336443756309e+01 1 1 1 0.0 0.0 0.0
Se 1.711160268998e+01 5.445372240882e+00 1.336443756309e+01 1 1 1 0.0 0.0 0.0
Se 1.776615604277e+01 8.846531229925e+00 1.336443756309e+01 1 1 1 0.0 0.0 0.0
Se 1.842070939556e+01 1.224769021897e+01 1.336443756309e+01 1 1 1 0.0 0.0 0.0
Se 1.907526274836e+01 1.564884920801e+01 1.336443756309e+01 1 1 1 0.0 0.0 0.0
Se 1.972981610115e+01 1.905000819705e+01 1.336443756309e+01 1 1 1 0.0 0.0 0.0
Se 2.038436945395e+01 2.245116718610e+01 1.336443756309e+01 1 1 1 0.0 0.0 0.0
Se 2.711428932268e+00 2.585232617514e+01 1.336443756309e+01 1 1 1 0.0 0.0 0.0
Se 3.365982285062e+00 2.925348516418e+01 1.336443756309e+01 1 1 1 0.0 0.0 0.0
Se 1.450300012299e+01 2.419612028846e+00 1.951046802998e+01 1 1 1 0.0 0.0 0.0
Se 1.515755347579e+01 5.820771017889e+00 1.951046802998e+01 1 1 1 0.0 0.0 0.0
Se 1.581210682858e+01 9.221930006932e+00 1.951046802998e+01 1 1 1 0.0 0.0 0.0
Se 1.646666018138e+01 1.262308899597e+01 1.951046802998e+01 1 1 1 0.0 0.0 0.0
Se 1.712121353417e+01 1.602424798502e+01 1.951046802998e+01 1 1 1 0.0 0.0 0.0
Se 1.777576688697e+01 1.942540697406e+01 1.951046802998e+01 1 1 1 0.0 0.0 0.0
Se 1.843032023976e+01 2.282656596310e+01 1.951046802998e+01 1 1 1 0.0 0.0 0.0
Se 1.908487359256e+01 2.622772495215e+01 1.951046802998e+01 1 1 1 0.0 0.0 0.0
Se 1.973942694535e+01 2.962888394119e+01 1.951046802998e+01 1 1 1 0.0 0.0 0.0
Se 1.123023335965e+01 1.285892365831e+00 1.951046802998e+01 1 1 1 0.0 0.0 0.0
Se 1.188478671244e+01 4.687051354874e+00 1.951046802998e+01 1 1 1 0.0 0.0 0.0
Se 1.253934006524e+01 8.088210343917e+00 1.951046802998e+01 1 1 1 0.0 0.0 0.0
Se 1.319389341803e+01 1.148936933296e+01 1.951046802998e+01 1 1 1 0.0 0.0 0.0
Se 1.384844677083e+01 1.489052832200e+01 1.951046802998e+01 1 1 1 0.0 0.0 0.0
Se 1.450300012362e+01 1.829168731105e+01 1.951046802998e+01 1 1 1 0.0 0.0 0.0
Se 1.515755347642e+01 2.169284630009e+01 1.951046802998e+01 1 1 1 0.0 0.0 0.0
Se 1.581210682921e+01 2.509400528913e+01 1.951046802998e+01 1 1 1 0.0 0.0 0.0
Se 1.646666018201e+01 2.849516427817e+01 1.951046802998e+01 1 1 1 0.0 0.0 0.0
Se 1.712121353480e+01 3.189632326722e+01 1.951046802998e+01 1 1 1 0.0 0.0 0.0
Se 7.957466596307e+00 1.521727028171e-01 1.951046802998e+01 1 1 1 0.0 0.0 0.0
Se 8.612019949101e+00 3.553331691860e+00 1.951046802998e+01 1 1 1 0.0 0.0 0.0
Se 9.266573301896e+00 6.954490680903e+00 1.951046802998e+01 1 1 1 0.0 0.0 0.0
Se 9.921126654690e+00 1.035564966995e+01 1.951046802998e+01 1 1 1 0.0 0.0 0.0
Se 1.057568000748e+01 1.375680865899e+01 1.951046802998e+01 1 1 1 0.0 0.0 0.0
Se 1.123023336028e+01 1.715796764803e+01 1.951046802998e+01 1 1 1 0.0 0.0 0.0
Se 1.188478671307e+01 2.055912663707e+01 1.951046802998e+01 1 1 1 0.0 0.0 0.0
Se 1.253934006587e+01 2.396028562612e+01 1.951046802998e+01 1 1 1 0.0 0.0 0.0
Se 1.319389341866e+01 2.736144461516e+01 1.951046802998e+01 1 1 1 0.0 0.0 0.0
Se 1.384844677146e+01 3.076260360420e+01 1.951046802998e+01 1 1 1 0.0 0.0 0.0
Se 5.339253185757e+00 2.419612028846e+00 1.951046802998e+01 1 1 1 0.0 0.0 0.0
Se 5.993806538552e+00 5.820771017889e+00 1.951046802998e+01 1 1 1 0.0 0.0 0.0
Se 6.648359891346e+00 9.221930006932e+00 1.951046802998e+01 1 1 1 0.0 0.0 0.0
Se 7.302913244141e+00 1.262308899597e+01 1.951046802998e+01 1 1 1 0.0 0.0 0.0
Se 7.957466596935e+00 1.602424798502e+01 1.951046802998e+01 1 1 1 0.0 0.0 0.0
Se 8.612019949729e+00 1.942540697406e+01 1.951046802998e+01 1 1 1 0.0 0.0 0.0
Se 9.266573302524e+00 2.282656596310e+01 1.951046802998e+01 1 1 1 0.0 0.0 0.0
Se 9.921126655318e+00 2.622772495215e+01 1.951046802998e+01 1 1 1 0.0 0.0 0.0
Se 1.057568000811e+01 2.962888394119e+01 1.951046802998e+01 1 1 1 0.0 0.0 0.0
Se 2.066486422413e+00 1.285892365831e+00 1.951046802998e+01 1 1 1 0.0 0.0 0.0
Se 2.721039775208e+00 4.687051354874e+00 1.951046802998e+01 1 1 1 0.0 0.0 0.0
Se 3.375593128002e+00 8.088210343917e+00 1.951046802998e+01 1 1 1 0.0 0.0 0.0
Se 4.030146480797e+00 1.148936933296e+01 1.951046802998e+01 1 1 1 0.0 0.0 0.0
Se 4.684699833591e+00 1.489052832200e+01 1.951046802998e+01 1 1 1 0.0 0.0 0.0
Se 5.339253186386e+00 1.829168731105e+01 1.951046802998e+01 1 1 1 0.0 0.0 0.0
Se 5.993806539180e+00 2.169284630009e+01 1.951046802998e+01 1 1 1 0.0 0.0 0.0
Se 6.648359891975e+00 2.509400528913e+01 1.951046802998e+01 1 1 1 0.0 0.0 0.0
Se 7.302913244769e+00 2.849516427817e+01 1.951046802998e+01 1 1 1 0.0 0.0 0.0
Se 7.957466597563e+00 3.189632326722e+01 1.951046802998e+01 1 1 1 0.0 0.0 0.0
Se 1.712121353354e+01 1.521727028171e-01 1.951046802998e+01 1 1 1 0.0 0.0 0.0
Se 1.777576688634e+01 3.553331691860e+00 1.951046802998e+01 1 1 1 0.0 0.0 0.0
Se 1.843032023913e+01 6.954490680903e+00 1.951046802998e+01 1 1 1 0.0 0.0 0.0
Se 1.908487359193e+01 1.035564966995e+01 1.951046802998e+01 1 1 1 0.0 0.0 0.0
Se 1.411933070247e+00 1.375680865899e+01 1.951046802998e+01 1 1 1 0.0 0.0 0.0
Se 2.066486423042e+00 1.715796764803e+01 1.951046802998e+01 1 1 1 0.0 0.0 0.0
Se 2.721039775836e+00 2.055912663707e+01 1.951046802998e+01 1 1 1 0.0 0.0 0.0
Se 3.375593128631e+00 2.396028562612e+01 1.951046802998e+01 1 1 1 0.0 0.0 0.0
Se 4.030146481425e+00 2.736144461516e+01 1.951046802998e+01 1 1 1 0.0 0.0 0.0
Se 4.684699834220e+00 3.076260360420e+01 1.951046802998e+01 1 1 1 0.0 0.0 0.0
Se 4.178918630679e+00 3.049486980673e+01 3.998930533072e+01 1 1 1 0.0 0.0 0.0
Se 1.315247711654e+00 1.726733357737e+00 3.998930533072e+01 1 1 1 0.0 0.0 0.0
Se 8.008055743804e+00 3.213876331810e+01 3.998930533072e+01 1 1 1 0.0 0.0 0.0
Se 1.724343557229e+00 5.836467136164e+00 3.998930533072e+01 1 1 1 0.0 0.0 0.0
Se 5.144384824779e+00 3.370626869108e+00 3.998930533072e+01 1 1 1 0.0 0.0 0.0
Se 8.564426092328e+00 9.047866020519e-01 3.998930533072e+01 1 1 1 0.0 0.0 0.0
Se 1.525723412448e+01 3.131681656241e+01 3.998930533072e+01 1 1 1 0.0 0.0 0.0
Se 2.133439402804e+00 9.946200914591e+00 3.998930533072e+01 1 1 1 0.0 0.0 0.0
Se 5.553480670354e+00 7.480360647535e+00 3.998930533072e+01 1 1 1 0.0 0.0 0.0
Se 8.973521937904e+00 5.014520380479e+00 3.998930533072e+01 1 1 1 0.0 0.0 0.0
Se 1.239356320545e+01 2.548680113423e+00 3.998930533072e+01 1 1 1 0.0 0.0 0.0
Se 1.581360447300e+01 8.283984636657e-02 3.998930533072e+01 1 1 1 0.0 0.0 0.0
Se 2.542535248379e+00 1.405593469302e+01 3.998930533072e+01 1 1 1 0.0 0.0 0.0
Se 5.962576515929e+00 1.159009442596e+01 3.998930533072e+01 1 1 1 0.0 0.0 0.0
Se 9.382617783479e+00 9.124254158906e+00 3.998930533072e+01 1 1 1 0.0 0.0 0.0
Se 1.280265905103e+01 6.658413891850e+00 3.998930533072e+01 1 1 1 0.0 0.0 0.0
Se 1.622270031858e+01 4.192573624793e+00 3.998930533072e+01 1 1 1 0.0 0.0 0.0
Se 2.951631093954e+00 1.816566847144e+01 3.998930533072e+01 1 1 1 0.0 0.0 0.0
Se 6.371672361504e+00 1.569982820439e+01 3.998930533072e+01 1 1 1 0.0 0.0 0.0
Se 9.791713629054e+00 1.323398793733e+01 3.998930533072e+01 1 1 1 0.0 0.0 0.0
Se 1.321175489660e+01 1.076814767028e+01 3.998930533072e+01 1 1 1 0.0 0.0 0.0
Se 1.663179616415e+01 8.302307403220e+00 3.998930533072e+01 1 1 1 0.0 0.0 0.0
Se 3.360726939529e+00 2.227540224987e+01 3.998930533072e+01 1 1 1 0.0 0.0 0.0
Se 6.780768207079e+00 1.980956198282e+01 3.998930533072e+01 1 1 1 0.0 0.0 0.0
Se 1.020080947463e+01 1.734372171576e+01 3.998930533072e+01 1 1 1 0.0 0.0 0.0
Se 1.362085074218e+01 1.487788144870e+01 3.998930533072e+01 1 1 1 0.0 0.0 0.0
Se 1.704089200973e+01 1.241204118165e+01 3.998930533072e+01 1 1 1 0.0 0.0 0.0
Se 3.769822785104e+00 2.638513602830e+01 3.998930533072e+01 1 1 1 0.0 0.0 0.0
Se 7.189864052654e+00 2.391929576124e+01 3.998930533072e+01 1 1 1 0.0 0.0 0.0
Se 1.060990532020e+01 2.145345549419e+01 3.998930533072e+01 1 1 1 0.0 0.0 0.0
Se 1.402994658775e+01 1.898761522713e+01 3.998930533072e+01 1 1 1 0.0 0.0 0.0
Se 1.744998785530e+01 1.652177496007e+01 3.998930533072e+01 1 1 1 0.0 0.0 0.0
Se 7.598959898229e+00 2.802902953967e+01 3.998930533072e+01 1 1 1 0.0 0.0 0.0
Se 1.101900116578e+01 2.556318927261e+01 3.998930533072e+01 1 1 1 0.0 0.0 0.0
Se 1.443904243333e+01 2.309734900556e+01 3.998930533072e+01 1 1 1 0.0 0.0 0.0
Se 1.785908370088e+01 2.063150873850e+01 3.998930533072e+01 1 1 1 0.0 0.0 0.0
Se 1.142809701135e+01 2.967292305104e+01 3.998930533072e+01 1 1 1 0.0 0.0 0.0
Se 1.484813827890e+01 2.720708278398e+01 3.998930533072e+01 1 1 1 0.0 0.0 0.0
Se 1.826817954645e+01 2.474124251693e+01 3.998930533072e+01 1 1 1 0.0 0.0 0.0
Se 1.867727539203e+01 2.885097629535e+01 3.998930533072e+01 1 1 1 0.0 0.0 0.0
Se 2.151270119202e+01 3.265078937264e+01 3.635172086532e+01 1 1 1 0.0 0.0 0.0
Se 1.864903027299e+01 3.882652923651e+00 3.635172086532e+01 1 1 1 0.0 0.0 0.0
Se 3.741577666065e+00 1.416812656594e+00 3.635172086532e+01 1 1 1 0.0 0.0 0.0
Se 1.905812611857e+01 7.992386702077e+00 3.635172086532e+01 1 1 1 0.0 0.0 0.0
Se 4.150673511640e+00 5.526546435021e+00 3.635172086532e+01 1 1 1 0.0 0.0 0.0
Se 7.570714779190e+00 3.060706167965e+00 3.635172086532e+01 1 1 1 0.0 0.0 0.0
Se 1.099075604674e+01 5.948659009091e-01 3.635172086532e+01 1 1 1 0.0 0.0 0.0
Se 1.946722196414e+01 1.210212048050e+01 3.635172086532e+01 1 1 1 0.0 0.0 0.0
Se 4.559769357215e+00 9.636280213448e+00 3.635172086532e+01 1 1 1 0.0 0.0 0.0
Se 7.979810624765e+00 7.170439946392e+00 3.635172086532e+01 1 1 1 0.0 0.0 0.0
Se 1.139985189232e+01 4.704599679336e+00 3.635172086532e+01 1 1 1 0.0 0.0 0.0
Se 1.481989315987e+01 2.238759412280e+00 3.635172086532e+01 1 1 1 0.0 0.0 0.0
Se 1.987631780972e+01 1.621185425893e+01 3.635172086532e+01 1 1 1 0.0 0.0 0.0
Se 4.968865202791e+00 1.374601399188e+01 3.635172086532e+01 1 1 1 0.0 0.0 0.0
Se 8.388906470340e+00 1.128017372482e+01 3.635172086532e+01 1 1 1 0.0 0.0 0.0
Se 1.180894773789e+01 8.814333457763e+00 3.635172086532e+01 1 1 1 0.0 0.0 0.0
Se 1.522898900544e+01 6.348493190707e+00 3.635172086532e+01 1 1 1 0.0 0.0 0.0
Se 2.028541365529e+01 2.032158803736e+01 3.635172086532e+01 1 1 1 0.0 0.0 0.0
Se 5.377961048366e+00 1.785574777030e+01 3.635172086532e+01 1 1 1 0.0 0.0 0.0
Se 8.798002315916e+00 1.538990750325e+01 3.635172086532e+01 1 1 1 0.0 0.0 0.0
Se 1.221804358347e+01 1.292406723619e+01 3.635172086532e+01 1 1 1 0.0 0.0 0.0
Se 1.563808485102e+01 1.045822696913e+01 3.635172086532e+01 1 1 1 0.0 0.0 0.0
Se 2.069450950087e+01 2.443132181578e+01 3.635172086532e+01 1 1 1 0.0 0.0 0.0
Se 5.787056893941e+00 2.196548154873e+01 3.635172086532e+01 1 1 1 0.0 0.0 0.0
Se 9.207098161491e+00 1.949964128167e+01 3.635172086532e+01 1 1 1 0.0 0.0 0.0
Se 1.262713942904e+01 1.703380101462e+01 3.635172086532e+01 1 1 1 0.0 0.0 0.0
Se 1.604718069659e+01 1.456796074756e+01 3.635172086532e+01 1 1 1 0.0 0.0 0.0
Se 2.110360534644e+01 2.854105559421e+01 3.635172086532e+01 1 1 1 0.0 0.0 0.0
Se 6.196152739516e+00 2.607521532716e+01 3.635172086532e+01 1 1 1 0.0 0.0 0.0
Se 9.616194007066e+00 2.360937506010e+01 3.635172086532e+01 1 1 1 0.0 0.0 0.0
Se 1.303623527462e+01 2.114353479304e+01 3.635172086532e+01 1 1 1 0.0 0.0 0.0
Se 1.645627654217e+01 1.867769452599e+01 3.635172086532e+01 1 1 1 0.0 0.0 0.0
Se 6.605248585091e+00 3.018494910558e+01 3.635172086532e+01 1 1 1 0.0 0.0 0.0
Se 1.002528985264e+01 2.771910883853e+01 3.635172086532e+01 1 1 1 0.0 0.0 0.0
Se 1.344533112019e+01 2.525326857147e+01 3.635172086532e+01 1 1 1 0.0 0.0 0.0
Se 1.686537238774e+01 2.278742830441e+01 3.635172086532e+01 1 1 1 0.0 0.0 0.0
Se 1.043438569822e+01 3.182884261695e+01 3.635172086532e+01 1 1 1 0.0 0.0 0.0
Se 1.385442696577e+01 2.936300234990e+01 3.635172086532e+01 1 1 1 0.0 0.0 0.0
Se 1.727446823332e+01 2.689716208284e+01 3.635172086532e+01 1 1 1 0.0 0.0 0.0
Se 1.768356407889e+01 3.100689586127e+01 3.635172086532e+01 1 1 1 0.0 0.0 0.0
Se 5.589507099190e+00 3.238201843799e+01 3.271820175121e+01 1 1 1 0.0 0.0 0.0
Se 2.725836180164e+00 3.613881989006e+00 3.271820175121e+01 1 1 1 0.0 0.0 0.0
Se 6.145877447714e+00 1.148041721950e+00 3.271820175121e+01 1 1 1 0.0 0.0 0.0
Se 3.134932025739e+00 7.723615767433e+00 3.271820175121e+01 1 1 1 0.0 0.0 0.0
Se 6.554973293289e+00 5.257775500376e+00 3.271820175121e+01 1 1 1 0.0 0.0 0.0
Se 9.975014560839e+00 2.791935233320e+00 3.271820175121e+01 1 1 1 0.0 0.0 0.0
Se 1.339505582839e+01 3.260949662641e-01 3.271820175121e+01 1 1 1 0.0 0.0 0.0
Se 3.544027871314e+00 1.183334954586e+01 3.271820175121e+01 1 1 1 0.0 0.0 0.0
Se 6.964069138864e+00 9.367509278803e+00 3.271820175121e+01 1 1 1 0.0 0.0 0.0
Se 1.038411040641e+01 6.901669011747e+00 3.271820175121e+01 1 1 1 0.0 0.0 0.0
Se 1.380415167396e+01 4.435828744691e+00 3.271820175121e+01 1 1 1 0.0 0.0 0.0
Se 1.722419294151e+01 1.969988477635e+00 3.271820175121e+01 1 1 1 0.0 0.0 0.0
Se 3.953123716889e+00 1.594308332429e+01 3.271820175121e+01 1 1 1 0.0 0.0 0.0
Se 7.373164984439e+00 1.347724305723e+01 3.271820175121e+01 1 1 1 0.0 0.0 0.0
Se 1.079320625199e+01 1.101140279017e+01 3.271820175121e+01 1 1 1 0.0 0.0 0.0
Se 1.421324751954e+01 8.545562523118e+00 3.271820175121e+01 1 1 1 0.0 0.0 0.0
Se 1.763328878709e+01 6.079722256062e+00 3.271820175121e+01 1 1 1 0.0 0.0 0.0
Se 4.362219562465e+00 2.005281710271e+01 3.271820175121e+01 1 1 1 0.0 0.0 0.0
Se 7.782260830014e+00 1.758697683566e+01 3.271820175121e+01 1 1 1 0.0 0.0 0.0
Se 1.120230209756e+01 1.512113656860e+01 3.271820175121e+01 1 1 1 0.0 0.0 0.0
Se 1.462234336511e+01 1.265529630154e+01 3.271820175121e+01 1 1 1 0.0 0.0 0.0
Se 1.804238463266e+01 1.018945603449e+01 3.271820175121e+01 1 1 1 0.0 0.0 0.0
Se 4.771315408040e+00 2.416255088114e+01 3.271820175121e+01 1 1 1 0.0 0.0 0.0
Se 8.191356675589e+00 2.169671061408e+01 3.271820175121e+01 1 1 1 0.0 0.0 0.0
Se 1.161139794314e+01 1.923087034703e+01 3.271820175121e+01 1 1 1 0.0 0.0 0.0
Se 1.503143921069e+01 1.676503007997e+01 3.271820175121e+01 1 1 1 0.0 0.0 0.0
Se 1.845148047824e+01 1.429918981292e+01 3.271820175121e+01 1 1 1 0.0 0.0 0.0
Se 5.180411253615e+00 2.827228465957e+01 3.271820175121e+01 1 1 1 0.0 0.0 0.0
Se 8.600452521165e+00 2.580644439251e+01 3.271820175121e+01 1 1 1 0.0 0.0 0.0
Se 1.202049378871e+01 2.334060412545e+01 3.271820175121e+01 1 1 1 0.0 0.0 0.0
Se 1.544053505626e+01 2.087476385840e+01 3.271820175121e+01 1 1 1 0.0 0.0 0.0
Se 1.886057632381e+01 1.840892359134e+01 3.271820175121e+01 1 1 1 0.0 0.0 0.0
Se 9.009548366740e+00 2.991617817094e+01 3.271820175121e+01 1 1 1 0.0 0.0 0.0
Se 1.242958963429e+01 2.745033790388e+01 3.271820175121e+01 1 1 1 0.0 0.0 0.0
Se 1.584963090184e+01 2.498449763683e+01 3.271820175121e+01 1 1 1 0.0 0.0 0.0
Se 1.926967216939e+01 2.251865736977e+01 3.271820175121e+01 1 1 1 0.0 0.0 0.0
Se 1.283868547986e+01 3.156007168231e+01 3.271820175121e+01 1 1 1 0.0 0.0 0.0
Se 1.625872674741e+01 2.909423141525e+01 3.271820175121e+01 1 1 1 0.0 0.0 0.0
Se 1.967876801496e+01 2.662839114820e+01 3.271820175121e+01 1 1 1 0.0 0.0 0.0
Se 2.008786386054e+01 3.073812492662e+01 3.271820175121e+01 1 1 1 0.0 0.0 0.0
Se 2.143995217793e+01 3.261297163765e+01 2.995146533993e+01 1 1 1 0.0 0.0 0.0
Se 1.857628125890e+01 3.844835188659e+00 2.995146533993e+01 1 1 1 0.0 0.0 0.0
Se 3.668828651978e+00 1.378994921603e+00 2.995146533993e+01 1 1 1 0.0 0.0 0.0
Se 1.898537710448e+01 7.954568967086e+00 2.995146533993e+01 1 1 1 0.0 0.0 0.0
Se 4.077924497553e+00 5.488728700030e+00 2.995146533993e+01 1 1 1 0.0 0.0 0.0
Se 7.497965765103e+00 3.022888432974e+00 2.995146533993e+01 1 1 1 0.0 0.0 0.0
Se 1.091800703265e+01 5.570481659179e-01 2.995146533993e+01 1 1 1 0.0 0.0 0.0
Se 1.939447295005e+01 1.206430274551e+01 2.995146533993e+01 1 1 1 0.0 0.0 0.0
Se 4.487020343128e+00 9.598462478457e+00 2.995146533993e+01 1 1 1 0.0 0.0 0.0
Se 7.907061610678e+00 7.132622211401e+00 2.995146533993e+01 1 1 1 0.0 0.0 0.0
Se 1.132710287823e+01 4.666781944345e+00 2.995146533993e+01 1 1 1 0.0 0.0 0.0
Se 1.474714414578e+01 2.200941677289e+00 2.995146533993e+01 1 1 1 0.0 0.0 0.0
Se 1.980356879563e+01 1.617403652394e+01 2.995146533993e+01 1 1 1 0.0 0.0 0.0
Se 4.896116188703e+00 1.370819625688e+01 2.995146533993e+01 1 1 1 0.0 0.0 0.0
Se 8.316157456253e+00 1.124235598983e+01 2.995146533993e+01 1 1 1 0.0 0.0 0.0
Se 1.173619872380e+01 8.776515722772e+00 2.995146533993e+01 1 1 1 0.0 0.0 0.0
Se 1.515623999135e+01 6.310675455716e+00 2.995146533993e+01 1 1 1 0.0 0.0 0.0
Se 2.021266464120e+01 2.028377030237e+01 2.995146533993e+01 1 1 1 0.0 0.0 0.0
Se 5.305212034278e+00 1.781793003531e+01 2.995146533993e+01 1 1 1 0.0 0.0 0.0
Se 8.725253301828e+00 1.535208976825e+01 2.995146533993e+01 1 1 1 0.0 0.0 0.0
Se 1.214529456938e+01 1.288624950120e+01 2.995146533993e+01 1 1 1 0.0 0.0 0.0
Se 1.556533583693e+01 1.042040923414e+01 2.995146533993e+01 1 1 1 0.0 0.0 0.0
Se 2.062176048678e+01 2.439350408079e+01 2.995146533993e+01 1 1 1 0.0 0.0 0.0
Se 5.714307879854e+00 2.192766381374e+01 2.995146533993e+01 1 1 1 0.0 0.0 0.0
Se 9.134349147403e+00 1.946182354668e+01 2.995146533993e+01 1 1 1 0.0 0.0 0.0
Se 1.255439041495e+01 1.699598327963e+01 2.995146533993e+01 1 1 1 0.0 0.0 0.0
Se 1.597443168250e+01 1.453014301257e+01 2.995146533993e+01 1 1 1 0.0 0.0 0.0
Se 2.103085633235e+01 2.850323785922e+01 2.995146533993e+01 1 1 1 0.0 0.0 0.0
Se 6.123403725429e+00 2.603739759216e+01 2.995146533993e+01 1 1 1 0.0 0.0 0.0
Se 9.543444992978e+00 2.357155732511e+01 2.995146533993e+01 1 1 1 0.0 0.0 0.0
Se 1.296348626053e+01 2.110571705805e+01 2.995146533993e+01 1 1 1 0.0 0.0 0.0
Se 1.638352752808e+01 1.863987679100e+01 2.995146533993e+01 1 1 1 0.0 0.0 0.0
Se 6.532499571004e+00 3.014713137059e+01 2.995146533993e+01 1 1 1 0.0 0.0 0.0
Se 9.952540838554e+00 2.768129110354e+01 2.995146533993e+01 1 1 1 0.0 0.0 0.0
Se 1.337258210610e+01 2.521545083648e+01 2.995146533993e+01 1 1 1 0.0 0.0 0.0
Se 1.679262337365e+01 2.274961056942e+01 2.995146533993e+01 1 1 1 0.0 0.0 0.0
Se 1.036163668413e+01 3.179102488196e+01 2.995146533993e+01 1 1 1 0.0 0.0 0.0
Se 1.378167795168e+01 2.932518461491e+01 2.995146533993e+01 1 1 1 0.0 0.0 0.0
Se 1.720171921923e+01 2.685934434785e+01 2.995146533993e+01 1 1 1 0.0 0.0 0.0
Se 1.761081506480e+01 3.096907812628e+01 2.995146533993e+01 1 1 1 0.0 0.0 0.0
Se 5.513502765141e+00 3.235173148198e+01 2.633360299309e+01 1 1 1 0.0 0.0 0.0
Se 2.649831846115e+00 3.583595032995e+00 2.633360299309e+01 1 1 1 0.0 0.0 0.0
Se 6.069873113665e+00 1.117754765939e+00 2.633360299309e+01 1 1 1 0.0 0.0 0.0
Se 3.058927691690e+00 7.693328811422e+00 2.633360299309e+01 1 1 1 0.0 0.0 0.0
Se 6.478968959240e+00 5.227488544366e+00 2.633360299309e+01 1 1 1 0.0 0.0 0.0
Se 9.899010226790e+00 2.761648277310e+00 2.633360299309e+01 1 1 1 0.0 0.0 0.0
Se 1.331905149434e+01 2.958080102537e-01 2.633360299309e+01 1 1 1 0.0 0.0 0.0
Se 3.468023537265e+00 1.180306258985e+01 2.633360299309e+01 1 1 1 0.0 0.0 0.0
Se 6.888064804815e+00 9.337222322793e+00 2.633360299309e+01 1 1 1 0.0 0.0 0.0
Se 1.030810607237e+01 6.871382055737e+00 2.633360299309e+01 1 1 1 0.0 0.0 0.0
Se 1.372814733991e+01 4.405541788681e+00 2.633360299309e+01 1 1 1 0.0 0.0 0.0
Se 1.714818860746e+01 1.939701521624e+00 2.633360299309e+01 1 1 1 0.0 0.0 0.0
Se 3.877119382841e+00 1.591279636828e+01 2.633360299309e+01 1 1 1 0.0 0.0 0.0
Se 7.297160650390e+00 1.344695610122e+01 2.633360299309e+01 1 1 1 0.0 0.0 0.0
Se 1.071720191794e+01 1.098111583416e+01 2.633360299309e+01 1 1 1 0.0 0.0 0.0
Se 1.413724318549e+01 8.515275567107e+00 2.633360299309e+01 1 1 1 0.0 0.0 0.0
Se 1.755728445304e+01 6.049435300051e+00 2.633360299309e+01 1 1 1 0.0 0.0 0.0
Se 4.286215228416e+00 2.002253014670e+01 2.633360299309e+01 1 1 1 0.0 0.0 0.0
Se 7.706256495965e+00 1.755668987965e+01 2.633360299309e+01 1 1 1 0.0 0.0 0.0
Se 1.112629776352e+01 1.509084961259e+01 2.633360299309e+01 1 1 1 0.0 0.0 0.0
Se 1.454633903107e+01 1.262500934553e+01 2.633360299309e+01 1 1 1 0.0 0.0 0.0
Se 1.796638029861e+01 1.015916907848e+01 2.633360299309e+01 1 1 1 0.0 0.0 0.0
Se 4.695311073991e+00 2.413226392513e+01 2.633360299309e+01 1 1 1 0.0 0.0 0.0
Se 8.115352341541e+00 2.166642365807e+01 2.633360299309e+01 1 1 1 0.0 0.0 0.0
Se 1.153539360909e+01 1.920058339102e+01 2.633360299309e+01 1 1 1 0.0 0.0 0.0
Se 1.495543487664e+01 1.673474312396e+01 2.633360299309e+01 1 1 1 0.0 0.0 0.0
Se 1.837547614419e+01 1.426890285691e+01 2.633360299309e+01 1 1 1 0.0 0.0 0.0
Se 5.104406919566e+00 2.824199770356e+01 2.633360299309e+01 1 1 1 0.0 0.0 0.0
Se 8.524448187116e+00 2.577615743650e+01 2.633360299309e+01 1 1 1 0.0 0.0 0.0
Se 1.194448945467e+01 2.331031716944e+01 2.633360299309e+01 1 1 1 0.0 0.0 0.0
Se 1.536453072222e+01 2.084447690239e+01 2.633360299309e+01 1 1 1 0.0 0.0 0.0
Se 1.878457198977e+01 1.837863663533e+01 2.633360299309e+01 1 1 1 0.0 0.0 0.0
Se 8.933544032691e+00 2.988589121493e+01 2.633360299309e+01 1 1 1 0.0 0.0 0.0
Se 1.235358530024e+01 2.742005094787e+01 2.633360299309e+01 1 1 1 0.0 0.0 0.0
Se 1.577362656779e+01 2.495421068081e+01 2.633360299309e+01 1 1 1 0.0 0.0 0.0
Se 1.919366783534e+01 2.248837041376e+01 2.633360299309e+01 1 1 1 0.0 0.0 0.0
Se 1.276268114582e+01 3.152978472630e+01 2.633360299309e+01 1 1 1 0.0 0.0 0.0
Se 1.618272241337e+01 2.906394445924e+01 2.633360299309e+01 1 1 1 0.0 0.0 0.0
Se 1.960276368092e+01 2.659810419219e+01 2.633360299309e+01 1 1 1 0.0 0.0 0.0
Se 2.001185952649e+01 3.070783797061e+01 2.633360299309e+01 1 1 1 0.0 0.0 0.0
Se 4.100807404428e+00 3.044767421749e+01 2.271046802998e+01 1 1 1 0.0 0.0 0.0
Se 1.237136485402e+00 1.679537768497e+00 2.271046802998e+01 1 1 1 0.0 0.0 0.0
Se 7.929944517553e+00 3.209156772886e+01 2.271046802998e+01 1 1 1 0.0 0.0 0.0
Se 1.646232330977e+00 5.789271546924e+00 2.271046802998e+01 1 1 1 0.0 0.0 0.0
Se 5.066273598527e+00 3.323431279868e+00 2.271046802998e+01 1 1 1 0.0 0.0 0.0
Se 8.486314866077e+00 8.575910128119e-01 2.271046802998e+01 1 1 1 0.0 0.0 0.0
Se 1.517912289823e+01 3.126962097317e+01 2.271046802998e+01 1 1 1 0.0 0.0 0.0
Se 2.055328176552e+00 9.899005325351e+00 2.271046802998e+01 1 1 1 0.0 0.0 0.0
Se 5.475369444102e+00 7.433165058295e+00 2.271046802998e+01 1 1 1 0.0 0.0 0.0
Se 8.895410711652e+00 4.967324791239e+00 2.271046802998e+01 1 1 1 0.0 0.0 0.0
Se 1.231545197920e+01 2.501484524183e+00 2.271046802998e+01 1 1 1 0.0 0.0 0.0
Se 1.573549324675e+01 3.564425712655e-02 2.271046802998e+01 1 1 1 0.0 0.0 0.0
Se 2.464424022127e+00 1.400873910378e+01 2.271046802998e+01 1 1 1 0.0 0.0 0.0
Se 5.884465289677e+00 1.154289883672e+01 2.271046802998e+01 1 1 1 0.0 0.0 0.0
Se 9.304506557227e+00 9.077058569666e+00 2.271046802998e+01 1 1 1 0.0 0.0 0.0
Se 1.272454782478e+01 6.611218302610e+00 2.271046802998e+01 1 1 1 0.0 0.0 0.0
Se 1.614458909233e+01 4.145378035553e+00 2.271046802998e+01 1 1 1 0.0 0.0 0.0
Se 2.873519867702e+00 1.811847288220e+01 2.271046802998e+01 1 1 1 0.0 0.0 0.0
Se 6.293561135252e+00 1.565263261515e+01 2.271046802998e+01 1 1 1 0.0 0.0 0.0
Se 9.713602402802e+00 1.318679234809e+01 2.271046802998e+01 1 1 1 0.0 0.0 0.0
Se 1.313364367035e+01 1.072095208104e+01 2.271046802998e+01 1 1 1 0.0 0.0 0.0
Se 1.655368493790e+01 8.255111813980e+00 2.271046802998e+01 1 1 1 0.0 0.0 0.0
Se 3.282615713278e+00 2.222820666063e+01 2.271046802998e+01 1 1 1 0.0 0.0 0.0
Se 6.702656980827e+00 1.976236639358e+01 2.271046802998e+01 1 1 1 0.0 0.0 0.0
Se 1.012269824838e+01 1.729652612652e+01 2.271046802998e+01 1 1 1 0.0 0.0 0.0
Se 1.354273951593e+01 1.483068585946e+01 2.271046802998e+01 1 1 1 0.0 0.0 0.0
Se 1.696278078348e+01 1.236484559241e+01 2.271046802998e+01 1 1 1 0.0 0.0 0.0
Se 3.691711558853e+00 2.633794043906e+01 2.271046802998e+01 1 1 1 0.0 0.0 0.0
Se 7.111752826402e+00 2.387210017200e+01 2.271046802998e+01 1 1 1 0.0 0.0 0.0
Se 1.053179409395e+01 2.140625990495e+01 2.271046802998e+01 1 1 1 0.0 0.0 0.0
Se 1.395183536150e+01 1.894041963789e+01 2.271046802998e+01 1 1 1 0.0 0.0 0.0
Se 1.737187662905e+01 1.647457937083e+01 2.271046802998e+01 1 1 1 0.0 0.0 0.0
Se 7.520848671978e+00 2.798183395043e+01 2.271046802998e+01 1 1 1 0.0 0.0 0.0
Se 1.094088993953e+01 2.551599368337e+01 2.271046802998e+01 1 1 1 0.0 0.0 0.0
Se 1.436093120708e+01 2.305015341632e+01 2.271046802998e+01 1 1 1 0.0 0.0 0.0
Se 1.778097247463e+01 2.058431314926e+01 2.271046802998e+01 1 1 1 0.0 0.0 0.0
Se 1.134998578510e+01 2.962572746180e+01 2.271046802998e+01 1 1 1 0.0 0.0 0.0
Se 1.477002705265e+01 2.715988719474e+01 2.271046802998e+01 1 1 1 0.0 0.0 0.0
Se 1.819006832020e+01 2.469404692769e+01 2.271046802998e+01 1 1 1 0.0 0.0 0.0
Se 1.859916416578e+01 2.880378070611e+01 2.271046802998e+01 1 1 1 0.0 0.0 0.0
"