calculation_mode = "Quench Electrons"
cell_relax = "False"
charge_density_mixing = "0.1"
charge_mixing_type = "Broyden"
description = "Example parameters for high-throughput bulk relaxation of a vdW material"
dos_broading = "0.05"
dos_method = "Gaussian"
energy_convergence_criterion = "1e-10"
energy_output_units = "Hartrees"
kohn_sham_mucycles = "3"
kohn_sham_solver = "davidson"
kpoint_mesh = "1 1 1"
localize_projectors = "False"
max_md_steps = "100"
max_scf_steps = "200"
non_local_block_size = "4000"
potential_acceleration_constant_step = "1.5"
processor_grid = "7 8 18"
rms_convergence_criterion = "1e-08"
scalapack_block_factor = "64"
start_mode = "LCAO Start"
state_block_size = "64"
stress = "True"
subdiag_driver = "scalapack"
use_async_allreduce = "False"
vdw_corr = "DFT-D3"
vdwdf_kernel_filepath = "/lustre/orion/world-shared/cph162/rjmorelock/rmgdft/XC/vdW_kernel_table"
wavefunction_grid = "148 164 378"
write_data_period = "50"

atomic_coordinate_type = "Absolute"
crds_units = "Angstrom"
lattice_units = "Angstrom"

lattice_vector = "
1.731785390890e+01 0.000000000000e+00 1.100000000000e-15
6.927141564558e+00 1.799724170954e+01 1.200000000000e-15
0.000000000000e+00 0.000000000000e+00 4.446241589303e+01
"
atoms = "
Nb 1.118770461003e+01 9.858992059802e-01 1.532833092694e+01 1 1 1 0.0 0.0 0.0
Nb 7.724133828250e+00 9.858992059802e-01 1.532833092694e+01 1 1 1 0.0 0.0 0.0
Nb 4.260563046470e+00 9.858992059802e-01 1.532833092694e+01 1 1 1 0.0 0.0 0.0
Nb 7.969922646893e-01 9.858992059802e-01 1.532833092694e+01 1 1 1 0.0 0.0 0.0
Nb 1.465127539181e+01 9.858992059802e-01 1.532833092694e+01 1 1 1 0.0 0.0 0.0
Nb 1.291949000109e+01 3.985439490903e+00 1.532833092694e+01 1 1 1 0.0 0.0 0.0
Nb 9.455919219306e+00 3.985439490903e+00 1.532833092694e+01 1 1 1 0.0 0.0 0.0
Nb 5.992348437526e+00 3.985439490903e+00 1.532833092694e+01 1 1 1 0.0 0.0 0.0
Nb 2.528777655746e+00 3.985439490903e+00 1.532833092694e+01 1 1 1 0.0 0.0 0.0
Nb 1.638306078287e+01 3.985439490903e+00 1.532833092694e+01 1 1 1 0.0 0.0 0.0
Nb 1.465127539214e+01 6.984979775827e+00 1.532833092694e+01 1 1 1 0.0 0.0 0.0
Nb 1.118770461036e+01 6.984979775827e+00 1.532833092694e+01 1 1 1 0.0 0.0 0.0
Nb 7.724133828582e+00 6.984979775827e+00 1.532833092694e+01 1 1 1 0.0 0.0 0.0
Nb 4.260563046802e+00 6.984979775827e+00 1.532833092694e+01 1 1 1 0.0 0.0 0.0
Nb 1.811484617392e+01 6.984979775827e+00 1.532833092694e+01 1 1 1 0.0 0.0 0.0
Nb 1.638306078320e+01 9.984520060750e+00 1.532833092694e+01 1 1 1 0.0 0.0 0.0
Nb 1.291949000142e+01 9.984520060750e+00 1.532833092694e+01 1 1 1 0.0 0.0 0.0
Nb 9.455919219639e+00 9.984520060750e+00 1.532833092694e+01 1 1 1 0.0 0.0 0.0
Nb 5.992348437859e+00 9.984520060750e+00 1.532833092694e+01 1 1 1 0.0 0.0 0.0
Nb 1.984663156498e+01 9.984520060750e+00 1.532833092694e+01 1 1 1 0.0 0.0 0.0
Nb 1.811484617426e+01 1.298406034567e+01 1.532833092694e+01 1 1 1 0.0 0.0 0.0
Nb 1.465127539248e+01 1.298406034567e+01 1.532833092694e+01 1 1 1 0.0 0.0 0.0
Nb 1.118770461070e+01 1.298406034567e+01 1.532833092694e+01 1 1 1 0.0 0.0 0.0
Nb 7.724133828915e+00 1.298406034567e+01 1.532833092694e+01 1 1 1 0.0 0.0 0.0
Nb 2.157841695604e+01 1.298406034567e+01 1.532833092694e+01 1 1 1 0.0 0.0 0.0
Nb 1.984663156531e+01 1.598360063060e+01 1.532833092694e+01 1 1 1 0.0 0.0 0.0
Nb 1.638306078353e+01 1.598360063060e+01 1.532833092694e+01 1 1 1 0.0 0.0 0.0
Nb 1.291949000175e+01 1.598360063060e+01 1.532833092694e+01 1 1 1 0.0 0.0 0.0
Nb 9.455919219971e+00 1.598360063060e+01 1.532833092694e+01 1 1 1 0.0 0.0 0.0
Nb 2.331020234709e+01 1.598360063060e+01 1.532833092694e+01 1 1 1 0.0 0.0 0.0
Nb 1.118672177059e+01 9.956553647717e-01 9.182088683320e+00 1 1 1 0.0 0.0 0.0
Nb 7.723150988807e+00 9.956553647717e-01 9.182088683320e+00 1 1 1 0.0 0.0 0.0
Nb 4.259580207026e+00 9.956553647717e-01 9.182088683320e+00 1 1 1 0.0 0.0 0.0
Nb 7.960094252460e-01 9.956553647717e-01 9.182088683320e+00 1 1 1 0.0 0.0 0.0
Nb 1.465029255237e+01 9.956553647717e-01 9.182088683320e+00 1 1 1 0.0 0.0 0.0
Nb 1.291850716164e+01 3.995195649695e+00 9.182088683320e+00 1 1 1 0.0 0.0 0.0
Nb 9.454936379863e+00 3.995195649695e+00 9.182088683320e+00 1 1 1 0.0 0.0 0.0
Nb 5.991365598083e+00 3.995195649695e+00 9.182088683320e+00 1 1 1 0.0 0.0 0.0
Nb 2.527794816302e+00 3.995195649695e+00 9.182088683320e+00 1 1 1 0.0 0.0 0.0
Nb 1.638207794342e+01 3.995195649695e+00 9.182088683320e+00 1 1 1 0.0 0.0 0.0
Nb 1.465029255270e+01 6.994735934618e+00 9.182088683320e+00 1 1 1 0.0 0.0 0.0
Nb 1.118672177092e+01 6.994735934618e+00 9.182088683320e+00 1 1 1 0.0 0.0 0.0
Nb 7.723150989139e+00 6.994735934618e+00 9.182088683320e+00 1 1 1 0.0 0.0 0.0
Nb 4.259580207359e+00 6.994735934618e+00 9.182088683320e+00 1 1 1 0.0 0.0 0.0
Nb 1.811386333448e+01 6.994735934618e+00 9.182088683320e+00 1 1 1 0.0 0.0 0.0
Nb 1.638207794376e+01 9.994276219541e+00 9.182088683320e+00 1 1 1 0.0 0.0 0.0
Nb 1.291850716198e+01 9.994276219541e+00 9.182088683320e+00 1 1 1 0.0 0.0 0.0
Nb 9.454936380195e+00 9.994276219541e+00 9.182088683320e+00 1 1 1 0.0 0.0 0.0
Nb 5.991365598415e+00 9.994276219541e+00 9.182088683320e+00 1 1 1 0.0 0.0 0.0
Nb 1.984564872554e+01 9.994276219541e+00 9.182088683320e+00 1 1 1 0.0 0.0 0.0
Nb 1.811386333481e+01 1.299381650446e+01 9.182088683320e+00 1 1 1 0.0 0.0 0.0
Nb 1.465029255303e+01 1.299381650446e+01 9.182088683320e+00 1 1 1 0.0 0.0 0.0
Nb 1.118672177125e+01 1.299381650446e+01 9.182088683320e+00 1 1 1 0.0 0.0 0.0
Nb 7.723150989472e+00 1.299381650446e+01 9.182088683320e+00 1 1 1 0.0 0.0 0.0
Nb 2.157743411659e+01 1.299381650446e+01 9.182088683320e+00 1 1 1 0.0 0.0 0.0
Nb 1.984564872587e+01 1.599335678939e+01 9.182088683320e+00 1 1 1 0.0 0.0 0.0
Nb 1.638207794409e+01 1.599335678939e+01 9.182088683320e+00 1 1 1 0.0 0.0 0.0
Nb 1.291850716231e+01 1.599335678939e+01 9.182088683320e+00 1 1 1 0.0 0.0 0.0
Nb 9.454936380528e+00 1.599335678939e+01 9.182088683320e+00 1 1 1 0.0 0.0 0.0
Nb 2.330921950765e+01 1.599335678939e+01 9.182088683320e+00 1 1 1 0.0 0.0 0.0
Bi 9.779393782945e+00 1.442386115184e+00 3.532095071834e+01 1 1 1 0.0 0.0 0.0
Bi 1.355783463589e+01 3.078498997869e+00 3.532095071834e+01 1 1 1 0.0 0.0 0.0
Bi 1.733627548883e+01 4.714611880555e+00 3.532095071834e+01 1 1 1 0.0 0.0 0.0
Bi 1.654910031092e+01 6.243296738413e-01 3.532095071834e+01 1 1 1 0.0 0.0 0.0
Bi 3.009687254965e+00 2.260442556527e+00 3.532095071834e+01 1 1 1 0.0 0.0 0.0
Bi 6.788128107907e+00 3.896555439212e+00 3.532095071834e+01 1 1 1 0.0 0.0 0.0
Bi 1.056656896085e+01 5.532668321898e+00 3.532095071834e+01 1 1 1 0.0 0.0 0.0
Bi 1.434500981379e+01 7.168781204583e+00 3.532095071834e+01 1 1 1 0.0 0.0 0.0
Bi 1.812345066673e+01 8.804894087268e+00 3.532095071834e+01 1 1 1 0.0 0.0 0.0
Bi 3.796862432869e+00 6.350724763240e+00 3.532095071834e+01 1 1 1 0.0 0.0 0.0
Bi 7.575303285811e+00 7.986837645926e+00 3.532095071834e+01 1 1 1 0.0 0.0 0.0
Bi 1.135374413875e+01 9.622950528611e+00 3.532095071834e+01 1 1 1 0.0 0.0 0.0
Bi 1.513218499170e+01 1.125906341130e+01 3.532095071834e+01 1 1 1 0.0 0.0 0.0
Bi 1.891062584464e+01 1.289517629398e+01 3.532095071834e+01 1 1 1 0.0 0.0 0.0
Bi 4.584037610773e+00 1.044100696995e+01 3.532095071834e+01 1 1 1 0.0 0.0 0.0
Bi 8.362478463715e+00 1.207711985264e+01 3.532095071834e+01 1 1 1 0.0 0.0 0.0
Bi 1.214091931666e+01 1.371323273532e+01 3.532095071834e+01 1 1 1 0.0 0.0 0.0
Bi 1.591936016960e+01 1.534934561801e+01 3.532095071834e+01 1 1 1 0.0 0.0 0.0
Bi 1.969780102254e+01 1.698545850070e+01 3.532095071834e+01 1 1 1 0.0 0.0 0.0
Bi 2.268906669758e+01 1.453128917667e+01 3.532095071834e+01 1 1 1 0.0 0.0 0.0
Bi 9.149653641619e+00 1.616740205935e+01 3.532095071834e+01 1 1 1 0.0 0.0 0.0
Bi 1.292809449456e+01 1.780351494204e+01 3.532095071834e+01 1 1 1 0.0 0.0 0.0
Bi 7.542025276378e+00 1.687603181893e+00 3.133430771007e+01 1 1 1 0.0 0.0 0.0
Bi 1.132046612932e+01 3.323716064579e+00 3.133430771007e+01 1 1 1 0.0 0.0 0.0
Bi 1.509890698226e+01 4.959828947264e+00 3.133430771007e+01 1 1 1 0.0 0.0 0.0
Bi 1.431173180436e+01 8.695467405506e-01 3.133430771007e+01 1 1 1 0.0 0.0 0.0
Bi 1.809017265730e+01 2.505659623236e+00 3.133430771007e+01 1 1 1 0.0 0.0 0.0
Bi 4.550759601340e+00 4.141772505921e+00 3.133430771007e+01 1 1 1 0.0 0.0 0.0
Bi 8.329200454282e+00 5.777885388607e+00 3.133430771007e+01 1 1 1 0.0 0.0 0.0
Bi 1.210764130722e+01 7.413998271292e+00 3.133430771007e+01 1 1 1 0.0 0.0 0.0
Bi 1.588608216017e+01 9.050111153978e+00 3.133430771007e+01 1 1 1 0.0 0.0 0.0
Bi 1.887734783520e+01 6.595941829950e+00 3.133430771007e+01 1 1 1 0.0 0.0 0.0
Bi 5.337934779244e+00 8.232054712635e+00 3.133430771007e+01 1 1 1 0.0 0.0 0.0
Bi 9.116375632186e+00 9.868167595320e+00 3.133430771007e+01 1 1 1 0.0 0.0 0.0
Bi 1.289481648513e+01 1.150428047801e+01 3.133430771007e+01 1 1 1 0.0 0.0 0.0
Bi 1.667325733807e+01 1.314039336069e+01 3.133430771007e+01 1 1 1 0.0 0.0 0.0
Bi 1.966452301311e+01 1.068622403666e+01 3.133430771007e+01 1 1 1 0.0 0.0 0.0
Bi 6.125109957148e+00 1.232233691935e+01 3.133430771007e+01 1 1 1 0.0 0.0 0.0
Bi 9.903550810090e+00 1.395844980203e+01 3.133430771007e+01 1 1 1 0.0 0.0 0.0
Bi 1.368199166303e+01 1.559456268472e+01 3.133430771007e+01 1 1 1 0.0 0.0 0.0
Bi 1.746043251597e+01 1.723067556740e+01 3.133430771007e+01 1 1 1 0.0 0.0 0.0
Bi 2.045169819101e+01 1.477650624338e+01 3.133430771007e+01 1 1 1 0.0 0.0 0.0
Bi 6.912285135053e+00 1.641261912606e+01 3.133430771007e+01 1 1 1 0.0 0.0 0.0
Bi 3.763584423436e+00 5.149029920790e-02 3.133430771007e+01 1 1 1 0.0 0.0 0.0
Bi 7.513340617595e+00 1.625174188087e+00 2.529282906773e+01 1 1 1 0.0 0.0 0.0
Bi 1.129178147054e+01 3.261287070772e+00 2.529282906773e+01 1 1 1 0.0 0.0 0.0
Bi 1.507022232348e+01 4.897399953458e+00 2.529282906773e+01 1 1 1 0.0 0.0 0.0
Bi 1.428304714558e+01 8.071177467444e-01 2.529282906773e+01 1 1 1 0.0 0.0 0.0
Bi 1.806148799852e+01 2.443230629430e+00 2.529282906773e+01 1 1 1 0.0 0.0 0.0
Bi 4.522074942558e+00 4.079343512115e+00 2.529282906773e+01 1 1 1 0.0 0.0 0.0
Bi 8.300515795499e+00 5.715456394801e+00 2.529282906773e+01 1 1 1 0.0 0.0 0.0
Bi 1.207895664844e+01 7.351569277486e+00 2.529282906773e+01 1 1 1 0.0 0.0 0.0
Bi 1.585739750138e+01 8.987682160171e+00 2.529282906773e+01 1 1 1 0.0 0.0 0.0
Bi 1.884866317642e+01 6.533512836143e+00 2.529282906773e+01 1 1 1 0.0 0.0 0.0
Bi 5.309250120462e+00 8.169625718829e+00 2.529282906773e+01 1 1 1 0.0 0.0 0.0
Bi 9.087690973403e+00 9.805738601514e+00 2.529282906773e+01 1 1 1 0.0 0.0 0.0
Bi 1.286613182635e+01 1.144185148420e+01 2.529282906773e+01 1 1 1 0.0 0.0 0.0
Bi 1.664457267929e+01 1.307796436688e+01 2.529282906773e+01 1 1 1 0.0 0.0 0.0
Bi 1.963583835433e+01 1.062379504286e+01 2.529282906773e+01 1 1 1 0.0 0.0 0.0
Bi 6.096425298366e+00 1.225990792554e+01 2.529282906773e+01 1 1 1 0.0 0.0 0.0
Bi 9.874866151308e+00 1.389602080823e+01 2.529282906773e+01 1 1 1 0.0 0.0 0.0
Bi 1.365330700425e+01 1.553213369091e+01 2.529282906773e+01 1 1 1 0.0 0.0 0.0
Bi 1.743174785719e+01 1.716824657360e+01 2.529282906773e+01 1 1 1 0.0 0.0 0.0
Bi 2.042301353223e+01 1.471407724957e+01 2.529282906773e+01 1 1 1 0.0 0.0 0.0
Bi 6.883600476270e+00 1.635019013226e+01 2.529282906773e+01 1 1 1 0.0 0.0 0.0
Bi 1.066204132921e+01 1.798630301494e+01 2.529282906773e+01 1 1 1 0.0 0.0 0.0
Bi 1.204629430707e+01 1.075753590524e+00 2.132110864621e+01 1 1 1 0.0 0.0 0.0
Bi 1.582473516001e+01 2.711866473209e+00 2.132110864621e+01 1 1 1 0.0 0.0 0.0
Bi 2.285322104054e+00 4.347979355895e+00 2.132110864621e+01 1 1 1 0.0 0.0 0.0
Bi 1.498146926149e+00 2.576971491811e-01 2.132110864621e+01 1 1 1 0.0 0.0 0.0
Bi 5.276587779091e+00 1.893810031866e+00 2.132110864621e+01 1 1 1 0.0 0.0 0.0
Bi 9.055028632033e+00 3.529922914552e+00 2.132110864621e+01 1 1 1 0.0 0.0 0.0
Bi 1.283346948498e+01 5.166035797237e+00 2.132110864621e+01 1 1 1 0.0 0.0 0.0
Bi 1.661191033792e+01 6.802148679923e+00 2.132110864621e+01 1 1 1 0.0 0.0 0.0
Bi 2.039035119086e+01 8.438261562608e+00 2.132110864621e+01 1 1 1 0.0 0.0 0.0
Bi 6.063762956995e+00 5.984092238580e+00 2.132110864621e+01 1 1 1 0.0 0.0 0.0
Bi 9.842203809937e+00 7.620205121265e+00 2.132110864621e+01 1 1 1 0.0 0.0 0.0
Bi 1.362064466288e+01 9.256318003951e+00 2.132110864621e+01 1 1 1 0.0 0.0 0.0
Bi 1.739908551582e+01 1.089243088664e+01 2.132110864621e+01 1 1 1 0.0 0.0 0.0
Bi 2.117752636876e+01 1.252854376932e+01 2.132110864621e+01 1 1 1 0.0 0.0 0.0
Bi 6.850938134899e+00 1.007437444529e+01 2.132110864621e+01 1 1 1 0.0 0.0 0.0
Bi 1.062937898784e+01 1.171048732798e+01 2.132110864621e+01 1 1 1 0.0 0.0 0.0
Bi 1.440781984078e+01 1.334660021066e+01 2.132110864621e+01 1 1 1 0.0 0.0 0.0
Bi 1.818626069373e+01 1.498271309335e+01 2.132110864621e+01 1 1 1 0.0 0.0 0.0
Bi 2.196470154667e+01 1.661882597604e+01 2.132110864621e+01 1 1 1 0.0 0.0 0.0
Bi 7.638113312804e+00 1.416465665201e+01 2.132110864621e+01 1 1 1 0.0 0.0 0.0
Bi 1.141655416575e+01 1.580076953469e+01 2.132110864621e+01 1 1 1 0.0 0.0 0.0
Bi 1.519499501869e+01 1.743688241738e+01 2.132110864621e+01 1 1 1 0.0 0.0 0.0
Se 1.984608844661e+01 1.799340289829e+01 7.500000000000e+00 1 1 1 0.0 0.0 0.0
Se 1.638251766483e+01 1.799340289829e+01 7.500000000000e+00 1 1 1 0.0 0.0 0.0
Se 1.291894688305e+01 1.799340289829e+01 7.500000000000e+00 1 1 1 0.0 0.0 0.0
Se 9.455376101267e+00 1.799340289829e+01 7.500000000000e+00 1 1 1 0.0 0.0 0.0
Se 2.330965922839e+01 1.799340289829e+01 7.500000000000e+00 1 1 1 0.0 0.0 0.0
Se 1.465073227311e+01 2.995701473676e+00 7.500000000000e+00 1 1 1 0.0 0.0 0.0
Se 1.118716149133e+01 2.995701473676e+00 7.500000000000e+00 1 1 1 0.0 0.0 0.0
Se 7.723590709545e+00 2.995701473676e+00 7.500000000000e+00 1 1 1 0.0 0.0 0.0
Se 4.260019927765e+00 2.995701473676e+00 7.500000000000e+00 1 1 1 0.0 0.0 0.0
Se 1.811430305489e+01 2.995701473676e+00 7.500000000000e+00 1 1 1 0.0 0.0 0.0
Se 1.638251766416e+01 5.995241758599e+00 7.500000000000e+00 1 1 1 0.0 0.0 0.0
Se 1.291894688238e+01 5.995241758599e+00 7.500000000000e+00 1 1 1 0.0 0.0 0.0
Se 9.455376100602e+00 5.995241758599e+00 7.500000000000e+00 1 1 1 0.0 0.0 0.0
Se 5.991805318821e+00 5.995241758599e+00 7.500000000000e+00 1 1 1 0.0 0.0 0.0
Se 2.528234537041e+00 5.995241758599e+00 7.500000000000e+00 1 1 1 0.0 0.0 0.0
Se 1.811430305522e+01 8.994782043522e+00 7.500000000000e+00 1 1 1 0.0 0.0 0.0
Se 1.465073227344e+01 8.994782043522e+00 7.500000000000e+00 1 1 1 0.0 0.0 0.0
Se 1.118716149166e+01 8.994782043522e+00 7.500000000000e+00 1 1 1 0.0 0.0 0.0
Se 7.723590709878e+00 8.994782043522e+00 7.500000000000e+00 1 1 1 0.0 0.0 0.0
Se 4.260019928097e+00 8.994782043522e+00 7.500000000000e+00 1 1 1 0.0 0.0 0.0
Se 1.984608844627e+01 1.199432232845e+01 7.500000000000e+00 1 1 1 0.0 0.0 0.0
Se 1.638251766449e+01 1.199432232845e+01 7.500000000000e+00 1 1 1 0.0 0.0 0.0
Se 1.291894688271e+01 1.199432232845e+01 7.500000000000e+00 1 1 1 0.0 0.0 0.0
Se 9.455376100934e+00 1.199432232845e+01 7.500000000000e+00 1 1 1 0.0 0.0 0.0
Se 5.991805319154e+00 1.199432232845e+01 7.500000000000e+00 1 1 1 0.0 0.0 0.0
Se 2.157787383733e+01 1.499386261337e+01 7.500000000000e+00 1 1 1 0.0 0.0 0.0
Se 1.811430305555e+01 1.499386261337e+01 7.500000000000e+00 1 1 1 0.0 0.0 0.0
Se 1.465073227377e+01 1.499386261337e+01 7.500000000000e+00 1 1 1 0.0 0.0 0.0
Se 1.118716149199e+01 1.499386261337e+01 7.500000000000e+00 1 1 1 0.0 0.0 0.0
Se 7.723590710210e+00 1.499386261337e+01 7.500000000000e+00 1 1 1 0.0 0.0 0.0
Se 1.811511157721e+01 1.698356122359e+01 1.364602824434e+01 1 1 1 0.0 0.0 0.0
Se 1.465154079543e+01 1.698356122359e+01 1.364602824434e+01 1 1 1 0.0 0.0 0.0
Se 1.118797001365e+01 1.698356122359e+01 1.364602824434e+01 1 1 1 0.0 0.0 0.0
Se 7.724399231869e+00 1.698356122359e+01 1.364602824434e+01 1 1 1 0.0 0.0 0.0
Se 2.157868235899e+01 1.698356122359e+01 1.364602824434e+01 1 1 1 0.0 0.0 0.0
Se 1.291975540371e+01 1.985859798973e+00 1.364602824434e+01 1 1 1 0.0 0.0 0.0
Se 9.456184621928e+00 1.985859798973e+00 1.364602824434e+01 1 1 1 0.0 0.0 0.0
Se 5.992613840148e+00 1.985859798973e+00 1.364602824434e+01 1 1 1 0.0 0.0 0.0
Se 2.529043058368e+00 1.985859798973e+00 1.364602824434e+01 1 1 1 0.0 0.0 0.0
Se 1.638332618549e+01 1.985859798973e+00 1.364602824434e+01 1 1 1 0.0 0.0 0.0
Se 1.465154079476e+01 4.985400083896e+00 1.364602824434e+01 1 1 1 0.0 0.0 0.0
Se 1.118797001298e+01 4.985400083896e+00 1.364602824434e+01 1 1 1 0.0 0.0 0.0
Se 7.724399231204e+00 4.985400083896e+00 1.364602824434e+01 1 1 1 0.0 0.0 0.0
Se 4.260828449424e+00 4.985400083896e+00 1.364602824434e+01 1 1 1 0.0 0.0 0.0
Se 1.811511157655e+01 4.985400083896e+00 1.364602824434e+01 1 1 1 0.0 0.0 0.0
Se 1.638332618582e+01 7.984940368819e+00 1.364602824434e+01 1 1 1 0.0 0.0 0.0
Se 1.291975540404e+01 7.984940368819e+00 1.364602824434e+01 1 1 1 0.0 0.0 0.0
Se 9.456184622261e+00 7.984940368819e+00 1.364602824434e+01 1 1 1 0.0 0.0 0.0
Se 5.992613840481e+00 7.984940368819e+00 1.364602824434e+01 1 1 1 0.0 0.0 0.0
Se 1.984689696760e+01 7.984940368819e+00 1.364602824434e+01 1 1 1 0.0 0.0 0.0
Se 1.811511157688e+01 1.098448065374e+01 1.364602824434e+01 1 1 1 0.0 0.0 0.0
Se 1.465154079510e+01 1.098448065374e+01 1.364602824434e+01 1 1 1 0.0 0.0 0.0
Se 1.118797001332e+01 1.098448065374e+01 1.364602824434e+01 1 1 1 0.0 0.0 0.0
Se 7.724399231537e+00 1.098448065374e+01 1.364602824434e+01 1 1 1 0.0 0.0 0.0
Se 4.260828449757e+00 1.098448065374e+01 1.364602824434e+01 1 1 1 0.0 0.0 0.0
Se 1.984689696793e+01 1.398402093867e+01 1.364602824434e+01 1 1 1 0.0 0.0 0.0
Se 1.638332618615e+01 1.398402093867e+01 1.364602824434e+01 1 1 1 0.0 0.0 0.0
Se 1.291975540437e+01 1.398402093867e+01 1.364602824434e+01 1 1 1 0.0 0.0 0.0
Se 9.456184622593e+00 1.398402093867e+01 1.364602824434e+01 1 1 1 0.0 0.0 0.0
Se 5.992613840813e+00 1.398402093867e+01 1.364602824434e+01 1 1 1 0.0 0.0 0.0
Se 1.984578109040e+01 1.799237152757e+01 1.086443756309e+01 1 1 1 0.0 0.0 0.0
Se 1.638221030861e+01 1.799237152757e+01 1.086443756309e+01 1 1 1 0.0 0.0 0.0
Se 1.291863952683e+01 1.799237152757e+01 1.086443756309e+01 1 1 1 0.0 0.0 0.0
Se 9.455068745054e+00 1.799237152757e+01 1.086443756309e+01 1 1 1 0.0 0.0 0.0
Se 2.330935187218e+01 1.799237152757e+01 1.086443756309e+01 1 1 1 0.0 0.0 0.0
Se 1.465042491689e+01 2.994670102954e+00 1.086443756309e+01 1 1 1 0.0 0.0 0.0
Se 1.118685413511e+01 2.994670102954e+00 1.086443756309e+01 1 1 1 0.0 0.0 0.0
Se 7.723283353333e+00 2.994670102954e+00 1.086443756309e+01 1 1 1 0.0 0.0 0.0
Se 4.259712571553e+00 2.994670102954e+00 1.086443756309e+01 1 1 1 0.0 0.0 0.0
Se 1.811399569867e+01 2.994670102954e+00 1.086443756309e+01 1 1 1 0.0 0.0 0.0
Se 1.638221030795e+01 5.994210387878e+00 1.086443756309e+01 1 1 1 0.0 0.0 0.0
Se 1.291863952617e+01 5.994210387878e+00 1.086443756309e+01 1 1 1 0.0 0.0 0.0
Se 9.455068744389e+00 5.994210387878e+00 1.086443756309e+01 1 1 1 0.0 0.0 0.0
Se 5.991497962609e+00 5.994210387878e+00 1.086443756309e+01 1 1 1 0.0 0.0 0.0
Se 2.527927180829e+00 5.994210387878e+00 1.086443756309e+01 1 1 1 0.0 0.0 0.0
Se 1.811399569901e+01 8.993750672801e+00 1.086443756309e+01 1 1 1 0.0 0.0 0.0
Se 1.465042491723e+01 8.993750672801e+00 1.086443756309e+01 1 1 1 0.0 0.0 0.0
Se 1.118685413545e+01 8.993750672801e+00 1.086443756309e+01 1 1 1 0.0 0.0 0.0
Se 7.723283353665e+00 8.993750672801e+00 1.086443756309e+01 1 1 1 0.0 0.0 0.0
Se 4.259712571885e+00 8.993750672801e+00 1.086443756309e+01 1 1 1 0.0 0.0 0.0
Se 1.984578109006e+01 1.199329095772e+01 1.086443756309e+01 1 1 1 0.0 0.0 0.0
Se 1.638221030828e+01 1.199329095772e+01 1.086443756309e+01 1 1 1 0.0 0.0 0.0
Se 1.291863952650e+01 1.199329095772e+01 1.086443756309e+01 1 1 1 0.0 0.0 0.0
Se 9.455068744722e+00 1.199329095772e+01 1.086443756309e+01 1 1 1 0.0 0.0 0.0
Se 5.991497962942e+00 1.199329095772e+01 1.086443756309e+01 1 1 1 0.0 0.0 0.0
Se 2.157756648112e+01 1.499283124265e+01 1.086443756309e+01 1 1 1 0.0 0.0 0.0
Se 1.811399569934e+01 1.499283124265e+01 1.086443756309e+01 1 1 1 0.0 0.0 0.0
Se 1.465042491756e+01 1.499283124265e+01 1.086443756309e+01 1 1 1 0.0 0.0 0.0
Se 1.118685413578e+01 1.499283124265e+01 1.086443756309e+01 1 1 1 0.0 0.0 0.0
Se 7.723283353998e+00 1.499283124265e+01 1.086443756309e+01 1 1 1 0.0 0.0 0.0
Se 1.811464200915e+01 1.698261317932e+01 1.701046802998e+01 1 1 1 0.0 0.0 0.0
Se 1.465107122737e+01 1.698261317932e+01 1.701046802998e+01 1 1 1 0.0 0.0 0.0
Se 1.118750044559e+01 1.698261317932e+01 1.701046802998e+01 1 1 1 0.0 0.0 0.0
Se 7.723929663810e+00 1.698261317932e+01 1.701046802998e+01 1 1 1 0.0 0.0 0.0
Se 2.157821279093e+01 1.698261317932e+01 1.701046802998e+01 1 1 1 0.0 0.0 0.0
Se 1.291928583565e+01 1.984911754708e+00 1.701046802998e+01 1 1 1 0.0 0.0 0.0
Se 9.455715053868e+00 1.984911754708e+00 1.701046802998e+01 1 1 1 0.0 0.0 0.0
Se 5.992144272088e+00 1.984911754708e+00 1.701046802998e+01 1 1 1 0.0 0.0 0.0
Se 2.528573490308e+00 1.984911754708e+00 1.701046802998e+01 1 1 1 0.0 0.0 0.0
Se 1.638285661743e+01 1.984911754708e+00 1.701046802998e+01 1 1 1 0.0 0.0 0.0
Se 1.465107122671e+01 4.984452039631e+00 1.701046802998e+01 1 1 1 0.0 0.0 0.0
Se 1.118750044492e+01 4.984452039631e+00 1.701046802998e+01 1 1 1 0.0 0.0 0.0
Se 7.723929663145e+00 4.984452039631e+00 1.701046802998e+01 1 1 1 0.0 0.0 0.0
Se 4.260358881364e+00 4.984452039631e+00 1.701046802998e+01 1 1 1 0.0 0.0 0.0
Se 1.811464200849e+01 4.984452039631e+00 1.701046802998e+01 1 1 1 0.0 0.0 0.0
Se 1.638285661776e+01 7.983992324554e+00 1.701046802998e+01 1 1 1 0.0 0.0 0.0
Se 1.291928583598e+01 7.983992324554e+00 1.701046802998e+01 1 1 1 0.0 0.0 0.0
Se 9.455715054201e+00 7.983992324554e+00 1.701046802998e+01 1 1 1 0.0 0.0 0.0
Se 5.992144272421e+00 7.983992324554e+00 1.701046802998e+01 1 1 1 0.0 0.0 0.0
Se 1.984642739954e+01 7.983992324554e+00 1.701046802998e+01 1 1 1 0.0 0.0 0.0
Se 1.811464200882e+01 1.098353260948e+01 1.701046802998e+01 1 1 1 0.0 0.0 0.0
Se 1.465107122704e+01 1.098353260948e+01 1.701046802998e+01 1 1 1 0.0 0.0 0.0
Se 1.118750044526e+01 1.098353260948e+01 1.701046802998e+01 1 1 1 0.0 0.0 0.0
Se 7.723929663477e+00 1.098353260948e+01 1.701046802998e+01 1 1 1 0.0 0.0 0.0
Se 4.260358881697e+00 1.098353260948e+01 1.701046802998e+01 1 1 1 0.0 0.0 0.0
Se 1.984642739987e+01 1.398307289440e+01 1.701046802998e+01 1 1 1 0.0 0.0 0.0
Se 1.638285661809e+01 1.398307289440e+01 1.701046802998e+01 1 1 1 0.0 0.0 0.0
Se 1.291928583631e+01 1.398307289440e+01 1.701046802998e+01 1 1 1 0.0 0.0 0.0
Se 9.455715054533e+00 1.398307289440e+01 1.701046802998e+01 1 1 1 0.0 0.0 0.0
Se 5.992144272753e+00 1.398307289440e+01 1.701046802998e+01 1 1 1 0.0 0.0 0.0
Se 7.511412255179e+00 1.715961953710e+00 3.696241589303e+01 1 1 1 0.0 0.0 0.0
Se 1.128985310812e+01 3.352074836395e+00 3.696241589303e+01 1 1 1 0.0 0.0 0.0
Se 1.506829396106e+01 4.988187719081e+00 3.696241589303e+01 1 1 1 0.0 0.0 0.0
Se 1.428111878316e+01 8.979055123674e-01 3.696241589303e+01 1 1 1 0.0 0.0 0.0
Se 1.805955963610e+01 2.534018395053e+00 3.696241589303e+01 1 1 1 0.0 0.0 0.0
Se 4.520146580141e+00 4.170131277738e+00 3.696241589303e+01 1 1 1 0.0 0.0 0.0
Se 8.298587433083e+00 5.806244160424e+00 3.696241589303e+01 1 1 1 0.0 0.0 0.0
Se 1.207702828602e+01 7.442357043109e+00 3.696241589303e+01 1 1 1 0.0 0.0 0.0
Se 1.585546913897e+01 9.078469925794e+00 3.696241589303e+01 1 1 1 0.0 0.0 0.0
Se 1.884673481400e+01 6.624300601766e+00 3.696241589303e+01 1 1 1 0.0 0.0 0.0
Se 5.307321758045e+00 8.260413484452e+00 3.696241589303e+01 1 1 1 0.0 0.0 0.0
Se 9.085762610987e+00 9.896526367137e+00 3.696241589303e+01 1 1 1 0.0 0.0 0.0
Se 1.286420346393e+01 1.153263924982e+01 3.696241589303e+01 1 1 1 0.0 0.0 0.0
Se 1.664264431687e+01 1.316875213251e+01 3.696241589303e+01 1 1 1 0.0 0.0 0.0
Se 1.963390999191e+01 1.071458280848e+01 3.696241589303e+01 1 1 1 0.0 0.0 0.0
Se 6.094496935949e+00 1.235069569117e+01 3.696241589303e+01 1 1 1 0.0 0.0 0.0
Se 9.872937788891e+00 1.398680857385e+01 3.696241589303e+01 1 1 1 0.0 0.0 0.0
Se 1.365137864183e+01 1.562292145654e+01 3.696241589303e+01 1 1 1 0.0 0.0 0.0
Se 1.742981949477e+01 1.725903433922e+01 3.696241589303e+01 1 1 1 0.0 0.0 0.0
Se 2.042108516981e+01 1.480486501519e+01 3.696241589303e+01 1 1 1 0.0 0.0 0.0
Se 6.881672113853e+00 1.644097789788e+01 3.696241589303e+01 1 1 1 0.0 0.0 0.0
Se 3.732971402237e+00 7.984907102467e-02 3.696241589303e+01 1 1 1 0.0 0.0 0.0
Se 1.205802148108e+01 1.160591353430e+00 3.332483142763e+01 1 1 1 0.0 0.0 0.0
Se 1.583646233402e+01 2.796704236115e+00 3.332483142763e+01 1 1 1 0.0 0.0 0.0
Se 2.297049278062e+00 4.432817118801e+00 3.332483142763e+01 1 1 1 0.0 0.0 0.0
Se 1.509874100158e+00 3.425349120873e-01 3.332483142763e+01 1 1 1 0.0 0.0 0.0
Se 5.288314953100e+00 1.978647794773e+00 3.332483142763e+01 1 1 1 0.0 0.0 0.0
Se 9.066755806042e+00 3.614760677458e+00 3.332483142763e+01 1 1 1 0.0 0.0 0.0
Se 1.284519665898e+01 5.250873560143e+00 3.332483142763e+01 1 1 1 0.0 0.0 0.0
Se 1.662363751193e+01 6.886986442829e+00 3.332483142763e+01 1 1 1 0.0 0.0 0.0
Se 2.040207836487e+01 8.523099325514e+00 3.332483142763e+01 1 1 1 0.0 0.0 0.0
Se 6.075490131004e+00 6.068930001486e+00 3.332483142763e+01 1 1 1 0.0 0.0 0.0
Se 9.853930983946e+00 7.705042884172e+00 3.332483142763e+01 1 1 1 0.0 0.0 0.0
Se 1.363237183689e+01 9.341155766857e+00 3.332483142763e+01 1 1 1 0.0 0.0 0.0
Se 1.741081268983e+01 1.097726864954e+01 3.332483142763e+01 1 1 1 0.0 0.0 0.0
Se 2.118925354277e+01 1.261338153223e+01 3.332483142763e+01 1 1 1 0.0 0.0 0.0
Se 6.862665308908e+00 1.015921220820e+01 3.332483142763e+01 1 1 1 0.0 0.0 0.0
Se 1.064110616185e+01 1.179532509089e+01 3.332483142763e+01 1 1 1 0.0 0.0 0.0
Se 1.441954701479e+01 1.343143797357e+01 3.332483142763e+01 1 1 1 0.0 0.0 0.0
Se 1.819798786773e+01 1.506755085626e+01 3.332483142763e+01 1 1 1 0.0 0.0 0.0
Se 2.197642872068e+01 1.670366373894e+01 3.332483142763e+01 1 1 1 0.0 0.0 0.0
Se 7.649840486812e+00 1.424949441491e+01 3.332483142763e+01 1 1 1 0.0 0.0 0.0
Se 1.142828133975e+01 1.588560729760e+01 3.332483142763e+01 1 1 1 0.0 0.0 0.0
Se 1.520672219270e+01 1.752172018028e+01 3.332483142763e+01 1 1 1 0.0 0.0 0.0
Se 9.790834397831e+00 1.425693115888e+00 2.969131231352e+01 1 1 1 0.0 0.0 0.0
Se 1.356927525077e+01 3.061805998573e+00 2.969131231352e+01 1 1 1 0.0 0.0 0.0
Se 1.734771610371e+01 4.697918881258e+00 2.969131231352e+01 1 1 1 0.0 0.0 0.0
Se 1.656054092581e+01 6.076366745449e-01 2.969131231352e+01 1 1 1 0.0 0.0 0.0
Se 3.021127869851e+00 2.243749557230e+00 2.969131231352e+01 1 1 1 0.0 0.0 0.0
Se 6.799568722793e+00 3.879862439916e+00 2.969131231352e+01 1 1 1 0.0 0.0 0.0
Se 1.057800957573e+01 5.515975322601e+00 2.969131231352e+01 1 1 1 0.0 0.0 0.0
Se 1.435645042868e+01 7.152088205287e+00 2.969131231352e+01 1 1 1 0.0 0.0 0.0
Se 1.813489128162e+01 8.788201087972e+00 2.969131231352e+01 1 1 1 0.0 0.0 0.0
Se 3.808303047755e+00 6.334031763944e+00 2.969131231352e+01 1 1 1 0.0 0.0 0.0
Se 7.586743900697e+00 7.970144646629e+00 2.969131231352e+01 1 1 1 0.0 0.0 0.0
Se 1.136518475364e+01 9.606257529315e+00 2.969131231352e+01 1 1 1 0.0 0.0 0.0
Se 1.514362560658e+01 1.124237041200e+01 2.969131231352e+01 1 1 1 0.0 0.0 0.0
Se 1.892206645952e+01 1.287848329469e+01 2.969131231352e+01 1 1 1 0.0 0.0 0.0
Se 4.595478225659e+00 1.042431397066e+01 2.969131231352e+01 1 1 1 0.0 0.0 0.0
Se 8.373919078601e+00 1.206042685334e+01 2.969131231352e+01 1 1 1 0.0 0.0 0.0
Se 1.215235993154e+01 1.369653973603e+01 2.969131231352e+01 1 1 1 0.0 0.0 0.0
Se 1.593080078449e+01 1.533265261871e+01 2.969131231352e+01 1 1 1 0.0 0.0 0.0
Se 1.970924163743e+01 1.696876550140e+01 2.969131231352e+01 1 1 1 0.0 0.0 0.0
Se 2.270050731246e+01 1.451459617737e+01 2.969131231352e+01 1 1 1 0.0 0.0 0.0
Se 9.161094256505e+00 1.615070906006e+01 2.969131231352e+01 1 1 1 0.0 0.0 0.0
Se 1.293953510945e+01 1.778682194274e+01 2.969131231352e+01 1 1 1 0.0 0.0 0.0
Se 1.204821428896e+01 1.079504127489e+00 2.692457590224e+01 1 1 1 0.0 0.0 0.0
Se 1.582665514190e+01 2.715617010175e+00 2.692457590224e+01 1 1 1 0.0 0.0 0.0
Se 2.287242085938e+00 4.351729892860e+00 2.692457590224e+01 1 1 1 0.0 0.0 0.0
Se 1.500066908034e+00 2.614476861468e-01 2.692457590224e+01 1 1 1 0.0 0.0 0.0
Se 5.278507760976e+00 1.897560568832e+00 2.692457590224e+01 1 1 1 0.0 0.0 0.0
Se 9.056948613918e+00 3.533673451518e+00 2.692457590224e+01 1 1 1 0.0 0.0 0.0
Se 1.283538946686e+01 5.169786334203e+00 2.692457590224e+01 1 1 1 0.0 0.0 0.0
Se 1.661383031980e+01 6.805899216888e+00 2.692457590224e+01 1 1 1 0.0 0.0 0.0
Se 2.039227117274e+01 8.442012099574e+00 2.692457590224e+01 1 1 1 0.0 0.0 0.0
Se 6.065682938880e+00 5.987842775546e+00 2.692457590224e+01 1 1 1 0.0 0.0 0.0
Se 9.844123791822e+00 7.623955658231e+00 2.692457590224e+01 1 1 1 0.0 0.0 0.0
Se 1.362256464476e+01 9.260068540916e+00 2.692457590224e+01 1 1 1 0.0 0.0 0.0
Se 1.740100549771e+01 1.089618142360e+01 2.692457590224e+01 1 1 1 0.0 0.0 0.0
Se 2.117944635065e+01 1.253229430629e+01 2.692457590224e+01 1 1 1 0.0 0.0 0.0
Se 6.852858116784e+00 1.007812498226e+01 2.692457590224e+01 1 1 1 0.0 0.0 0.0
Se 1.063129896973e+01 1.171423786494e+01 2.692457590224e+01 1 1 1 0.0 0.0 0.0
Se 1.440973982267e+01 1.335035074763e+01 2.692457590224e+01 1 1 1 0.0 0.0 0.0
Se 1.818818067561e+01 1.498646363032e+01 2.692457590224e+01 1 1 1 0.0 0.0 0.0
Se 2.196662152855e+01 1.662257651300e+01 2.692457590224e+01 1 1 1 0.0 0.0 0.0
Se 7.640033294688e+00 1.416840718897e+01 2.692457590224e+01 1 1 1 0.0 0.0 0.0
Se 1.141847414763e+01 1.580452007166e+01 2.692457590224e+01 1 1 1 0.0 0.0 0.0
Se 1.519691500057e+01 1.744063295434e+01 2.692457590224e+01 1 1 1 0.0 0.0 0.0
Se 9.773378547199e+00 1.345706470652e+00 2.330671355540e+01 1 1 1 0.0 0.0 0.0
Se 1.355181940014e+01 2.981819353338e+00 2.330671355540e+01 1 1 1 0.0 0.0 0.0
Se 1.733026025308e+01 4.617932236023e+00 2.330671355540e+01 1 1 1 0.0 0.0 0.0
Se 1.654308507518e+01 5.276500293096e-01 2.330671355540e+01 1 1 1 0.0 0.0 0.0
Se 3.003672019219e+00 2.163762911995e+00 2.330671355540e+01 1 1 1 0.0 0.0 0.0
Se 6.782112872161e+00 3.799875794680e+00 2.330671355540e+01 1 1 1 0.0 0.0 0.0
Se 1.056055372510e+01 5.435988677366e+00 2.330671355540e+01 1 1 1 0.0 0.0 0.0
Se 1.433899457804e+01 7.072101560051e+00 2.330671355540e+01 1 1 1 0.0 0.0 0.0
Se 1.811743543099e+01 8.708214442737e+00 2.330671355540e+01 1 1 1 0.0 0.0 0.0
Se 3.790847197123e+00 6.254045118709e+00 2.330671355540e+01 1 1 1 0.0 0.0 0.0
Se 7.569288050065e+00 7.890158001394e+00 2.330671355540e+01 1 1 1 0.0 0.0 0.0
Se 1.134772890301e+01 9.526270884079e+00 2.330671355540e+01 1 1 1 0.0 0.0 0.0
Se 1.512616975595e+01 1.116238376676e+01 2.330671355540e+01 1 1 1 0.0 0.0 0.0
Se 1.890461060889e+01 1.279849664945e+01 2.330671355540e+01 1 1 1 0.0 0.0 0.0
Se 4.578022375027e+00 1.034432732542e+01 2.330671355540e+01 1 1 1 0.0 0.0 0.0
Se 8.356463227969e+00 1.198044020811e+01 2.330671355540e+01 1 1 1 0.0 0.0 0.0
Se 1.213490408091e+01 1.361655309079e+01 2.330671355540e+01 1 1 1 0.0 0.0 0.0
Se 1.591334493385e+01 1.525266597348e+01 2.330671355540e+01 1 1 1 0.0 0.0 0.0
Se 1.969178578679e+01 1.688877885616e+01 2.330671355540e+01 1 1 1 0.0 0.0 0.0
Se 2.268305146183e+01 1.443460953214e+01 2.330671355540e+01 1 1 1 0.0 0.0 0.0
Se 9.143638405873e+00 1.607072241482e+01 2.330671355540e+01 1 1 1 0.0 0.0 0.0
Se 1.292207925881e+01 1.770683529751e+01 2.330671355540e+01 1 1 1 0.0 0.0 0.0
Se 7.506034011112e+00 1.625518771738e+00 1.968357859229e+01 1 1 1 0.0 0.0 0.0
Se 1.128447486405e+01 3.261631654423e+00 1.968357859229e+01 1 1 1 0.0 0.0 0.0
Se 1.506291571700e+01 4.897744537109e+00 1.968357859229e+01 1 1 1 0.0 0.0 0.0
Se 1.427574053909e+01 8.074623303954e-01 1.968357859229e+01 1 1 1 0.0 0.0 0.0
Se 1.805418139203e+01 2.443575213081e+00 1.968357859229e+01 1 1 1 0.0 0.0 0.0
Se 4.514768336075e+00 4.079688095766e+00 1.968357859229e+01 1 1 1 0.0 0.0 0.0
Se 8.293209189016e+00 5.715800978452e+00 1.968357859229e+01 1 1 1 0.0 0.0 0.0
Se 1.207165004196e+01 7.351913861137e+00 1.968357859229e+01 1 1 1 0.0 0.0 0.0
Se 1.585009089490e+01 8.988026743822e+00 1.968357859229e+01 1 1 1 0.0 0.0 0.0
Se 1.884135656994e+01 6.533857419794e+00 1.968357859229e+01 1 1 1 0.0 0.0 0.0
Se 5.301943513979e+00 8.169970302480e+00 1.968357859229e+01 1 1 1 0.0 0.0 0.0
Se 9.080384366921e+00 9.806083185165e+00 1.968357859229e+01 1 1 1 0.0 0.0 0.0
Se 1.285882521986e+01 1.144219606785e+01 1.968357859229e+01 1 1 1 0.0 0.0 0.0
Se 1.663726607280e+01 1.307830895054e+01 1.968357859229e+01 1 1 1 0.0 0.0 0.0
Se 1.962853174784e+01 1.062413962651e+01 1.968357859229e+01 1 1 1 0.0 0.0 0.0
Se 6.089118691883e+00 1.226025250919e+01 1.968357859229e+01 1 1 1 0.0 0.0 0.0
Se 9.867559544825e+00 1.389636539188e+01 1.968357859229e+01 1 1 1 0.0 0.0 0.0
Se 1.364600039777e+01 1.553247827456e+01 1.968357859229e+01 1 1 1 0.0 0.0 0.0
Se 1.742444125071e+01 1.716859115725e+01 1.968357859229e+01 1 1 1 0.0 0.0 0.0
Se 2.041570692575e+01 1.471442183322e+01 1.968357859229e+01 1 1 1 0.0 0.0 0.0
Se 6.876293869787e+00 1.635053471591e+01 1.968357859229e+01 1 1 1 0.0 0.0 0.0
Se 1.065473472273e+01 1.798664759859e+01 1.968357859229e+01 1 1 1 0.0 0.0 0.0
"