calculation_mode = "Quench Electrons"
cell_relax = "False"
charge_density_mixing = "0.1"
charge_mixing_type = "Broyden"
description = "Example parameters for high-throughput bulk relaxation of a vdW material"
dos_broading = "0.05"
dos_method = "Gaussian"
energy_convergence_criterion = "1e-10"
energy_output_units = "Hartrees"
kohn_sham_mucycles = "3"
kohn_sham_solver = "davidson"
kpoint_mesh = "1 1 1"
localize_projectors = "False"
max_md_steps = "100"
max_scf_steps = "200"
non_local_block_size = "4000"
potential_acceleration_constant_step = "1.5"
processor_grid = "6 8 18"
rms_convergence_criterion = "1e-08"
scalapack_block_factor = "64"
start_mode = "LCAO Start"
state_block_size = "64"
stress = "True"
subdiag_driver = "scalapack"
use_async_allreduce = "False"
vdw_corr = "DFT-D3"
vdwdf_kernel_filepath = "/lustre/orion/world-shared/cph162/rjmorelock/rmgdft/XC/vdW_kernel_table"
wavefunction_grid = "128 164 378"
write_data_period = "50"

atomic_coordinate_type = "Absolute"
crds_units = "Angstrom"
lattice_units = "Angstrom"

lattice_vector = "
1.509735502196e+01 0.000000000000e+00 9.000000000000e-16
7.945976339153e-01 1.926796860023e+01 1.200000000000e-15
0.000000000000e+00 0.000000000000e+00 4.446241589303e+01
"
atoms = "
Nb 9.033467821935e+00 1.456914370494e+01 1.532833092694e+01 1 1 1 0.0 0.0 0.0
Nb 1.221185835279e+01 1.319286023349e+01 1.532833092694e+01 1 1 1 0.0 0.0 0.0
Nb 3.073985576382e+00 1.388100196922e+01 1.532833092694e+01 1 1 1 0.0 0.0 0.0
Nb 6.252376107237e+00 1.250471849777e+01 1.532833092694e+01 1 1 1 0.0 0.0 0.0
Nb 9.430766638092e+00 1.112843502633e+01 1.532833092694e+01 1 1 1 0.0 0.0 0.0
Nb 1.260915716895e+01 9.752151554882e+00 1.532833092694e+01 1 1 1 0.0 0.0 0.0
Nb 1.539024888365e+01 1.181657676205e+01 1.532833092694e+01 1 1 1 0.0 0.0 0.0
Nb 3.471284392538e+00 1.044029329060e+01 1.532833092694e+01 1 1 1 0.0 0.0 0.0
Nb 6.649674923393e+00 9.064009819159e+00 1.532833092694e+01 1 1 1 0.0 0.0 0.0
Nb 9.828065454248e+00 7.687726347714e+00 1.532833092694e+01 1 1 1 0.0 0.0 0.0
Nb 1.300645598510e+01 6.311442876269e+00 1.532833092694e+01 1 1 1 0.0 0.0 0.0
Nb 6.901926778399e-01 8.375868083436e+00 1.532833092694e+01 1 1 1 0.0 0.0 0.0
Nb 3.868583208695e+00 6.999584611991e+00 1.532833092694e+01 1 1 1 0.0 0.0 0.0
Nb 7.046973739550e+00 5.623301140546e+00 1.532833092694e+01 1 1 1 0.0 0.0 0.0
Nb 1.022536427040e+01 4.247017669101e+00 1.532833092694e+01 1 1 1 0.0 0.0 0.0
Nb 1.340375480126e+01 2.870734197656e+00 1.532833092694e+01 1 1 1 0.0 0.0 0.0
Nb 1.087491493997e+00 4.935159404823e+00 1.532833092694e+01 1 1 1 0.0 0.0 0.0
Nb 4.265882024852e+00 3.558875933378e+00 1.532833092694e+01 1 1 1 0.0 0.0 0.0
Nb 7.444272555707e+00 2.182592461933e+00 1.532833092694e+01 1 1 1 0.0 0.0 0.0
Nb 1.062266308656e+01 8.063089904879e-01 1.532833092694e+01 1 1 1 0.0 0.0 0.0
Nb 1.459565125133e+01 1.869799411928e+01 1.532833092694e+01 1 1 1 0.0 0.0 0.0
Nb 1.484790310153e+00 1.494450726211e+00 1.532833092694e+01 1 1 1 0.0 0.0 0.0
Nb 4.663180841008e+00 1.181672547653e-01 1.532833092694e+01 1 1 1 0.0 0.0 0.0
Nb 8.636169005778e+00 1.800985238355e+01 1.532833092694e+01 1 1 1 0.0 0.0 0.0
Nb 1.181455953663e+01 1.663356891211e+01 1.532833092694e+01 1 1 1 0.0 0.0 0.0
Nb 2.676686760225e+00 1.732171064783e+01 1.532833092694e+01 1 1 1 0.0 0.0 0.0
Nb 5.855077291080e+00 1.594542717638e+01 1.532833092694e+01 1 1 1 0.0 0.0 0.0
Nb 1.499295006749e+01 1.525728544066e+01 1.532833092694e+01 1 1 1 0.0 0.0 0.0
Nb 9.030493032864e+00 1.455980029883e+01 9.182088683320e+00 1 1 1 0.0 0.0 0.0
Nb 1.220888356372e+01 1.318351682739e+01 9.182088683320e+00 1 1 1 0.0 0.0 0.0
Nb 3.071010787310e+00 1.387165856311e+01 9.182088683320e+00 1 1 1 0.0 0.0 0.0
Nb 6.249401318165e+00 1.249537509166e+01 9.182088683320e+00 1 1 1 0.0 0.0 0.0
Nb 9.427791849020e+00 1.111909162022e+01 9.182088683320e+00 1 1 1 0.0 0.0 0.0
Nb 1.260618237988e+01 9.742808148773e+00 9.182088683320e+00 1 1 1 0.0 0.0 0.0
Nb 1.538727409457e+01 1.180723335594e+01 9.182088683320e+00 1 1 1 0.0 0.0 0.0
Nb 3.468309603467e+00 1.043094988450e+01 9.182088683320e+00 1 1 1 0.0 0.0 0.0
Nb 6.646700134322e+00 9.054666413050e+00 9.182088683320e+00 1 1 1 0.0 0.0 0.0
Nb 9.825090665177e+00 7.678382941605e+00 9.182088683320e+00 1 1 1 0.0 0.0 0.0
Nb 1.300348119603e+01 6.302099470160e+00 9.182088683320e+00 1 1 1 0.0 0.0 0.0
Nb 6.872178887685e-01 8.366524677328e+00 9.182088683320e+00 1 1 1 0.0 0.0 0.0
Nb 3.865608419624e+00 6.990241205882e+00 9.182088683320e+00 1 1 1 0.0 0.0 0.0
Nb 7.043998950479e+00 5.613957734437e+00 9.182088683320e+00 1 1 1 0.0 0.0 0.0
Nb 1.022238948133e+01 4.237674262992e+00 9.182088683320e+00 1 1 1 0.0 0.0 0.0
Nb 1.340078001219e+01 2.861390791547e+00 9.182088683320e+00 1 1 1 0.0 0.0 0.0
Nb 1.084516704925e+00 4.925815998715e+00 9.182088683320e+00 1 1 1 0.0 0.0 0.0
Nb 4.262907235780e+00 3.549532527269e+00 9.182088683320e+00 1 1 1 0.0 0.0 0.0
Nb 7.441297766635e+00 2.173249055824e+00 9.182088683320e+00 1 1 1 0.0 0.0 0.0
Nb 1.061968829749e+01 7.969655843790e-01 9.182088683320e+00 1 1 1 0.0 0.0 0.0
Nb 1.459267646226e+01 1.868865071317e+01 9.182088683320e+00 1 1 1 0.0 0.0 0.0
Nb 1.481815521082e+00 1.485107320102e+00 9.182088683320e+00 1 1 1 0.0 0.0 0.0
Nb 4.660206051937e+00 1.088238486564e-01 9.182088683320e+00 1 1 1 0.0 0.0 0.0
Nb 8.633194216707e+00 1.800050897744e+01 9.182088683320e+00 1 1 1 0.0 0.0 0.0
Nb 1.181158474756e+01 1.662422550600e+01 9.182088683320e+00 1 1 1 0.0 0.0 0.0
Nb 2.673711971154e+00 1.731236724172e+01 9.182088683320e+00 1 1 1 0.0 0.0 0.0
Nb 5.852102502009e+00 1.593608377028e+01 9.182088683320e+00 1 1 1 0.0 0.0 0.0
Nb 1.498997527842e+01 1.524794203455e+01 9.182088683320e+00 1 1 1 0.0 0.0 0.0
Bi 1.409612450689e+01 2.942333909208e-01 3.532095071834e+01 1 1 1 0.0 0.0 0.0
Bi 3.013578576699e+00 1.308337001459e+00 3.532095071834e+01 1 1 1 0.0 0.0 0.0
Bi 7.028387668474e+00 2.322440611998e+00 3.532095071834e+01 1 1 1 0.0 0.0 0.0
Bi 1.104319676025e+01 3.336544222537e+00 3.532095071834e+01 1 1 1 0.0 0.0 0.0
Bi 1.505800585202e+01 4.350647833075e+00 3.532095071834e+01 1 1 1 0.0 0.0 0.0
Bi 3.975459921837e+00 5.364751443614e+00 3.532095071834e+01 1 1 1 0.0 0.0 0.0
Bi 7.990269013612e+00 6.378855054152e+00 3.532095071834e+01 1 1 1 0.0 0.0 0.0
Bi 1.200507810539e+01 7.392958664691e+00 3.532095071834e+01 1 1 1 0.0 0.0 0.0
Bi 9.225321751999e-01 8.407062275229e+00 3.532095071834e+01 1 1 1 0.0 0.0 0.0
Bi 4.937341266975e+00 9.421165885768e+00 3.532095071834e+01 1 1 1 0.0 0.0 0.0
Bi 8.952150358750e+00 1.043526949631e+01 3.532095071834e+01 1 1 1 0.0 0.0 0.0
Bi 1.296695945052e+01 1.144937310684e+01 3.532095071834e+01 1 1 1 0.0 0.0 0.0
Bi 1.884413520338e+00 1.246347671738e+01 3.532095071834e+01 1 1 1 0.0 0.0 0.0
Bi 5.899222612113e+00 1.347758032792e+01 3.532095071834e+01 1 1 1 0.0 0.0 0.0
Bi 9.914031703888e+00 1.449168393846e+01 3.532095071834e+01 1 1 1 0.0 0.0 0.0
Bi 1.392884079566e+01 1.550578754900e+01 3.532095071834e+01 1 1 1 0.0 0.0 0.0
Bi 2.846294865476e+00 1.651989115954e+01 3.532095071834e+01 1 1 1 0.0 0.0 0.0
Bi 6.861103957251e+00 1.753399477008e+01 3.532095071834e+01 1 1 1 0.0 0.0 0.0
Bi 1.087591304903e+01 1.854809838061e+01 3.532095071834e+01 1 1 1 0.0 0.0 0.0
Bi 1.175941633441e+01 9.387598057649e-01 3.133430771007e+01 1 1 1 0.0 0.0 0.0
Bi 6.768704042186e-01 1.952863416303e+00 3.133430771007e+01 1 1 1 0.0 0.0 0.0
Bi 4.691679495994e+00 2.966967026842e+00 3.133430771007e+01 1 1 1 0.0 0.0 0.0
Bi 8.706488587769e+00 3.981070637381e+00 3.133430771007e+01 1 1 1 0.0 0.0 0.0
Bi 1.272129767954e+01 4.995174247919e+00 3.133430771007e+01 1 1 1 0.0 0.0 0.0
Bi 1.638751749357e+00 6.009277858458e+00 3.133430771007e+01 1 1 1 0.0 0.0 0.0
Bi 5.653560841132e+00 7.023381468996e+00 3.133430771007e+01 1 1 1 0.0 0.0 0.0
Bi 9.668369932907e+00 8.037485079535e+00 3.133430771007e+01 1 1 1 0.0 0.0 0.0
Bi 1.368317902468e+01 9.051588690073e+00 3.133430771007e+01 1 1 1 0.0 0.0 0.0
Bi 2.600633094495e+00 1.006569230061e+01 3.133430771007e+01 1 1 1 0.0 0.0 0.0
Bi 6.615442186270e+00 1.107979591115e+01 3.133430771007e+01 1 1 1 0.0 0.0 0.0
Bi 1.063025127804e+01 1.209389952169e+01 3.133430771007e+01 1 1 1 0.0 0.0 0.0
Bi 1.464506036982e+01 1.310800313223e+01 3.133430771007e+01 1 1 1 0.0 0.0 0.0
Bi 3.562514439633e+00 1.412210674277e+01 3.133430771007e+01 1 1 1 0.0 0.0 0.0
Bi 7.577323531408e+00 1.513621035330e+01 3.133430771007e+01 1 1 1 0.0 0.0 0.0
Bi 1.159213262318e+01 1.615031396384e+01 3.133430771007e+01 1 1 1 0.0 0.0 0.0
Bi 1.560694171496e+01 1.716441757438e+01 3.133430771007e+01 1 1 1 0.0 0.0 0.0
Bi 4.524395784771e+00 1.817852118492e+01 3.133430771007e+01 1 1 1 0.0 0.0 0.0
Bi 8.539204876546e+00 1.919262479546e+01 3.133430771007e+01 1 1 1 0.0 0.0 0.0
Bi 1.172726388008e+01 8.797762606812e-01 2.529282906773e+01 1 1 1 0.0 0.0 0.0
Bi 6.447179498884e-01 1.893879871220e+00 2.529282906773e+01 1 1 1 0.0 0.0 0.0
Bi 4.659527041663e+00 2.907983481758e+00 2.529282906773e+01 1 1 1 0.0 0.0 0.0
Bi 8.674336133438e+00 3.922087092297e+00 2.529282906773e+01 1 1 1 0.0 0.0 0.0
Bi 1.268914522521e+01 4.936190702835e+00 2.529282906773e+01 1 1 1 0.0 0.0 0.0
Bi 1.606599295026e+00 5.950294313374e+00 2.529282906773e+01 1 1 1 0.0 0.0 0.0
Bi 5.621408386801e+00 6.964397923913e+00 2.529282906773e+01 1 1 1 0.0 0.0 0.0
Bi 9.636217478576e+00 7.978501534451e+00 2.529282906773e+01 1 1 1 0.0 0.0 0.0
Bi 1.365102657035e+01 8.992605144990e+00 2.529282906773e+01 1 1 1 0.0 0.0 0.0
Bi 2.568480640165e+00 1.000670875553e+01 2.529282906773e+01 1 1 1 0.0 0.0 0.0
Bi 6.583289731939e+00 1.102081236607e+01 2.529282906773e+01 1 1 1 0.0 0.0 0.0
Bi 1.059809882371e+01 1.203491597661e+01 2.529282906773e+01 1 1 1 0.0 0.0 0.0
Bi 1.461290791549e+01 1.304901958714e+01 2.529282906773e+01 1 1 1 0.0 0.0 0.0
Bi 3.530361985303e+00 1.406312319768e+01 2.529282906773e+01 1 1 1 0.0 0.0 0.0
Bi 7.545171077078e+00 1.507722680822e+01 2.529282906773e+01 1 1 1 0.0 0.0 0.0
Bi 1.155998016885e+01 1.609133041876e+01 2.529282906773e+01 1 1 1 0.0 0.0 0.0
Bi 1.557478926063e+01 1.710543402930e+01 2.529282906773e+01 1 1 1 0.0 0.0 0.0
Bi 4.492243330441e+00 1.811953763984e+01 2.529282906773e+01 1 1 1 0.0 0.0 0.0
Bi 8.507052422216e+00 1.913364125038e+01 2.529282906773e+01 1 1 1 0.0 0.0 0.0
Bi 2.156964055827e+00 1.878797252247e+01 2.132110864621e+01 1 1 1 0.0 0.0 0.0
Bi 5.377175513687e+00 5.341075327769e-01 2.132110864621e+01 1 1 1 0.0 0.0 0.0
Bi 9.391984605462e+00 1.548211143315e+00 2.132110864621e+01 1 1 1 0.0 0.0 0.0
Bi 1.340679369724e+01 2.562314753854e+00 2.132110864621e+01 1 1 1 0.0 0.0 0.0
Bi 2.324247767050e+00 3.576418364393e+00 2.132110864621e+01 1 1 1 0.0 0.0 0.0
Bi 6.339056858825e+00 4.590521974931e+00 2.132110864621e+01 1 1 1 0.0 0.0 0.0
Bi 1.035386595060e+01 5.604625585470e+00 2.132110864621e+01 1 1 1 0.0 0.0 0.0
Bi 1.436867504237e+01 6.618729196008e+00 2.132110864621e+01 1 1 1 0.0 0.0 0.0
Bi 3.286129112188e+00 7.632832806547e+00 2.132110864621e+01 1 1 1 0.0 0.0 0.0
Bi 7.300938203963e+00 8.646936417085e+00 2.132110864621e+01 1 1 1 0.0 0.0 0.0
Bi 1.131574729574e+01 9.661040027624e+00 2.132110864621e+01 1 1 1 0.0 0.0 0.0
Bi 1.533055638751e+01 1.067514363816e+01 2.132110864621e+01 1 1 1 0.0 0.0 0.0
Bi 4.248010457326e+00 1.168924724870e+01 2.132110864621e+01 1 1 1 0.0 0.0 0.0
Bi 8.262819549101e+00 1.270335085924e+01 2.132110864621e+01 1 1 1 0.0 0.0 0.0
Bi 1.227762864088e+01 1.371745446978e+01 2.132110864621e+01 1 1 1 0.0 0.0 0.0
Bi 1.195082710689e+00 1.473155808032e+01 2.132110864621e+01 1 1 1 0.0 0.0 0.0
Bi 5.209891802464e+00 1.574566169086e+01 2.132110864621e+01 1 1 1 0.0 0.0 0.0
Bi 9.224700894239e+00 1.675976530139e+01 2.132110864621e+01 1 1 1 0.0 0.0 0.0
Bi 1.323950998601e+01 1.777386891193e+01 2.132110864621e+01 1 1 1 0.0 0.0 0.0
Se 7.838052965218e+00 1.616531552135e+01 7.500000000000e+00 1 1 1 0.0 0.0 0.0
Se 1.101644349607e+01 1.478903204991e+01 7.500000000000e+00 1 1 1 0.0 0.0 0.0
Se 1.878570719665e+00 1.547717378563e+01 7.500000000000e+00 1 1 1 0.0 0.0 0.0
Se 5.056961250520e+00 1.410089031419e+01 7.500000000000e+00 1 1 1 0.0 0.0 0.0
Se 8.235351781375e+00 1.272460684274e+01 7.500000000000e+00 1 1 1 0.0 0.0 0.0
Se 1.141374231223e+01 1.134832337130e+01 7.500000000000e+00 1 1 1 0.0 0.0 0.0
Se 1.419483402693e+01 1.341274857846e+01 7.500000000000e+00 1 1 1 0.0 0.0 0.0
Se 2.275869535821e+00 1.203646510702e+01 7.500000000000e+00 1 1 1 0.0 0.0 0.0
Se 5.454260066676e+00 1.066018163557e+01 7.500000000000e+00 1 1 1 0.0 0.0 0.0
Se 8.632650597531e+00 9.283898164127e+00 7.500000000000e+00 1 1 1 0.0 0.0 0.0
Se 1.181104112839e+01 7.907614692682e+00 7.500000000000e+00 1 1 1 0.0 0.0 0.0
Se 1.459213284308e+01 9.972039899850e+00 7.500000000000e+00 1 1 1 0.0 0.0 0.0
Se 2.673168351978e+00 8.595756428405e+00 7.500000000000e+00 1 1 1 0.0 0.0 0.0
Se 5.851558882833e+00 7.219472956959e+00 7.500000000000e+00 1 1 1 0.0 0.0 0.0
Se 9.029949413688e+00 5.843189485514e+00 7.500000000000e+00 1 1 1 0.0 0.0 0.0
Se 1.220833994454e+01 4.466906014069e+00 7.500000000000e+00 1 1 1 0.0 0.0 0.0
Se 1.498943165924e+01 6.531331221237e+00 7.500000000000e+00 1 1 1 0.0 0.0 0.0
Se 3.070467168135e+00 5.155047749792e+00 7.500000000000e+00 1 1 1 0.0 0.0 0.0
Se 6.248857698990e+00 3.778764278346e+00 7.500000000000e+00 1 1 1 0.0 0.0 0.0
Se 9.427248229845e+00 2.402480806901e+00 7.500000000000e+00 1 1 1 0.0 0.0 0.0
Se 1.260563876070e+01 1.026197335456e+00 7.500000000000e+00 1 1 1 0.0 0.0 0.0
Se 2.893754534363e-01 3.090622542624e+00 7.500000000000e+00 1 1 1 0.0 0.0 0.0
Se 3.467765984291e+00 1.714339071179e+00 7.500000000000e+00 1 1 1 0.0 0.0 0.0
Se 6.646156515146e+00 3.380555997335e-01 7.500000000000e+00 1 1 1 0.0 0.0 0.0
Se 1.061914467992e+01 1.822974072852e+01 7.500000000000e+00 1 1 1 0.0 0.0 0.0
Se 1.481271903508e+00 1.891788246424e+01 7.500000000000e+00 1 1 1 0.0 0.0 0.0
Se 4.659662434363e+00 1.754159899280e+01 7.500000000000e+00 1 1 1 0.0 0.0 0.0
Se 1.379753521077e+01 1.685345725708e+01 7.500000000000e+00 1 1 1 0.0 0.0 0.0
Se 9.827776672539e+00 1.640418933507e+01 1.364602824434e+01 1 1 1 0.0 0.0 0.0
Se 1.300616720339e+01 1.502790586363e+01 1.364602824434e+01 1 1 1 0.0 0.0 0.0
Se 3.868294426986e+00 1.571604759935e+01 1.364602824434e+01 1 1 1 0.0 0.0 0.0
Se 7.046684957841e+00 1.433976412791e+01 1.364602824434e+01 1 1 1 0.0 0.0 0.0
Se 1.022507548870e+01 1.296348065646e+01 1.364602824434e+01 1 1 1 0.0 0.0 0.0
Se 1.340346601955e+01 1.158719718502e+01 1.364602824434e+01 1 1 1 0.0 0.0 0.0
Se 1.087202712287e+00 1.365162239218e+01 1.364602824434e+01 1 1 1 0.0 0.0 0.0
Se 4.265593243142e+00 1.227533892074e+01 1.364602824434e+01 1 1 1 0.0 0.0 0.0
Se 7.443983773997e+00 1.089905544929e+01 1.364602824434e+01 1 1 1 0.0 0.0 0.0
Se 1.062237430485e+01 9.522771977848e+00 1.364602824434e+01 1 1 1 0.0 0.0 0.0
Se 1.380076483571e+01 8.146488506402e+00 1.364602824434e+01 1 1 1 0.0 0.0 0.0
Se 1.484501528444e+00 1.021091371357e+01 1.364602824434e+01 1 1 1 0.0 0.0 0.0
Se 4.662892059299e+00 8.834630242125e+00 1.364602824434e+01 1 1 1 0.0 0.0 0.0
Se 7.841282590154e+00 7.458346770680e+00 1.364602824434e+01 1 1 1 0.0 0.0 0.0
Se 1.101967312101e+01 6.082063299235e+00 1.364602824434e+01 1 1 1 0.0 0.0 0.0
Se 1.419806365186e+01 4.705779827789e+00 1.364602824434e+01 1 1 1 0.0 0.0 0.0
Se 1.881800344600e+00 6.770205034957e+00 1.364602824434e+01 1 1 1 0.0 0.0 0.0
Se 5.060190875455e+00 5.393921563512e+00 1.364602824434e+01 1 1 1 0.0 0.0 0.0
Se 8.238581406310e+00 4.017638092067e+00 1.364602824434e+01 1 1 1 0.0 0.0 0.0
Se 1.141697193717e+01 2.641354620622e+00 1.364602824434e+01 1 1 1 0.0 0.0 0.0
Se 1.459536246802e+01 1.265071149176e+00 1.364602824434e+01 1 1 1 0.0 0.0 0.0
Se 2.279099160757e+00 3.329496356344e+00 1.364602824434e+01 1 1 1 0.0 0.0 0.0
Se 5.457489691612e+00 1.953212884899e+00 1.364602824434e+01 1 1 1 0.0 0.0 0.0
Se 8.635880222467e+00 5.769294134539e-01 1.364602824434e+01 1 1 1 0.0 0.0 0.0
Se 1.260886838724e+01 1.846861454224e+01 1.364602824434e+01 1 1 1 0.0 0.0 0.0
Se 3.470995610829e+00 1.915675627796e+01 1.364602824434e+01 1 1 1 0.0 0.0 0.0
Se 6.649386141684e+00 1.778047280652e+01 1.364602824434e+01 1 1 1 0.0 0.0 0.0
Se 1.578725891809e+01 1.709233107080e+01 1.364602824434e+01 1 1 1 0.0 0.0 0.0
Se 7.838744839790e+00 1.616613984106e+01 1.086443756309e+01 1 1 1 0.0 0.0 0.0
Se 1.101713537065e+01 1.478985636962e+01 1.086443756309e+01 1 1 1 0.0 0.0 0.0
Se 1.879262594237e+00 1.547799810534e+01 1.086443756309e+01 1 1 1 0.0 0.0 0.0
Se 5.057653125092e+00 1.410171463389e+01 1.086443756309e+01 1 1 1 0.0 0.0 0.0
Se 8.236043655947e+00 1.272543116245e+01 1.086443756309e+01 1 1 1 0.0 0.0 0.0
Se 1.141443418680e+01 1.134914769100e+01 1.086443756309e+01 1 1 1 0.0 0.0 0.0
Se 1.419552590150e+01 1.341357289817e+01 1.086443756309e+01 1 1 1 0.0 0.0 0.0
Se 2.276561410393e+00 1.203728942673e+01 1.086443756309e+01 1 1 1 0.0 0.0 0.0
Se 5.454951941248e+00 1.066100595528e+01 1.086443756309e+01 1 1 1 0.0 0.0 0.0
Se 8.633342472103e+00 9.284722483837e+00 1.086443756309e+01 1 1 1 0.0 0.0 0.0
Se 1.181173300296e+01 7.908439012391e+00 1.086443756309e+01 1 1 1 0.0 0.0 0.0
Se 1.459282471766e+01 9.972864219559e+00 1.086443756309e+01 1 1 1 0.0 0.0 0.0
Se 2.673860226550e+00 8.596580748114e+00 1.086443756309e+01 1 1 1 0.0 0.0 0.0
Se 5.852250757405e+00 7.220297276669e+00 1.086443756309e+01 1 1 1 0.0 0.0 0.0
Se 9.030641288260e+00 5.844013805224e+00 1.086443756309e+01 1 1 1 0.0 0.0 0.0
Se 1.220903181911e+01 4.467730333778e+00 1.086443756309e+01 1 1 1 0.0 0.0 0.0
Se 1.499012353381e+01 6.532155540946e+00 1.086443756309e+01 1 1 1 0.0 0.0 0.0
Se 3.071159042707e+00 5.155872069501e+00 1.086443756309e+01 1 1 1 0.0 0.0 0.0
Se 6.249549573562e+00 3.779588598056e+00 1.086443756309e+01 1 1 1 0.0 0.0 0.0
Se 9.427940104417e+00 2.403305126611e+00 1.086443756309e+01 1 1 1 0.0 0.0 0.0
Se 1.260633063527e+01 1.027021655165e+00 1.086443756309e+01 1 1 1 0.0 0.0 0.0
Se 2.900673280081e-01 3.091446862333e+00 1.086443756309e+01 1 1 1 0.0 0.0 0.0
Se 3.468457858863e+00 1.715163390888e+00 1.086443756309e+01 1 1 1 0.0 0.0 0.0
Se 6.646848389718e+00 3.388799194429e-01 1.086443756309e+01 1 1 1 0.0 0.0 0.0
Se 1.061983655449e+01 1.823056504823e+01 1.086443756309e+01 1 1 1 0.0 0.0 0.0
Se 1.481963778080e+00 1.891870678395e+01 1.086443756309e+01 1 1 1 0.0 0.0 0.0
Se 4.660354308935e+00 1.754242331251e+01 1.086443756309e+01 1 1 1 0.0 0.0 0.0
Se 1.379822708534e+01 1.685428157679e+01 1.086443756309e+01 1 1 1 0.0 0.0 0.0
Se 9.828584292335e+00 1.640487273273e+01 1.701046802998e+01 1 1 1 0.0 0.0 0.0
Se 1.300697482319e+01 1.502858926128e+01 1.701046802998e+01 1 1 1 0.0 0.0 0.0
Se 3.869102046781e+00 1.571673099701e+01 1.701046802998e+01 1 1 1 0.0 0.0 0.0
Se 7.047492577636e+00 1.434044752556e+01 1.701046802998e+01 1 1 1 0.0 0.0 0.0
Se 1.022588310849e+01 1.296416405412e+01 1.701046802998e+01 1 1 1 0.0 0.0 0.0
Se 1.340427363935e+01 1.158788058267e+01 1.701046802998e+01 1 1 1 0.0 0.0 0.0
Se 1.088010332083e+00 1.365230578984e+01 1.701046802998e+01 1 1 1 0.0 0.0 0.0
Se 4.266400862938e+00 1.227602231839e+01 1.701046802998e+01 1 1 1 0.0 0.0 0.0
Se 7.444791393793e+00 1.089973884695e+01 1.701046802998e+01 1 1 1 0.0 0.0 0.0
Se 1.062318192465e+01 9.523455375504e+00 1.701046802998e+01 1 1 1 0.0 0.0 0.0
Se 1.380157245550e+01 8.147171904059e+00 1.701046802998e+01 1 1 1 0.0 0.0 0.0
Se 1.485309148239e+00 1.021159711123e+01 1.701046802998e+01 1 1 1 0.0 0.0 0.0
Se 4.663699679094e+00 8.835313639781e+00 1.701046802998e+01 1 1 1 0.0 0.0 0.0
Se 7.842090209949e+00 7.459030168336e+00 1.701046802998e+01 1 1 1 0.0 0.0 0.0
Se 1.102048074080e+01 6.082746696891e+00 1.701046802998e+01 1 1 1 0.0 0.0 0.0
Se 1.419887127166e+01 4.706463225446e+00 1.701046802998e+01 1 1 1 0.0 0.0 0.0
Se 1.882607964396e+00 6.770888432614e+00 1.701046802998e+01 1 1 1 0.0 0.0 0.0
Se 5.060998495251e+00 5.394604961168e+00 1.701046802998e+01 1 1 1 0.0 0.0 0.0
Se 8.239389026106e+00 4.018321489723e+00 1.701046802998e+01 1 1 1 0.0 0.0 0.0
Se 1.141777955696e+01 2.642038018278e+00 1.701046802998e+01 1 1 1 0.0 0.0 0.0
Se 1.459617008782e+01 1.265754546833e+00 1.701046802998e+01 1 1 1 0.0 0.0 0.0
Se 2.279906780553e+00 3.330179754001e+00 1.701046802998e+01 1 1 1 0.0 0.0 0.0
Se 5.458297311408e+00 1.953896282555e+00 1.701046802998e+01 1 1 1 0.0 0.0 0.0
Se 8.636687842263e+00 5.776128111102e-01 1.701046802998e+01 1 1 1 0.0 0.0 0.0
Se 1.260967600703e+01 1.846929793990e+01 1.701046802998e+01 1 1 1 0.0 0.0 0.0
Se 3.471803230625e+00 1.915743967562e+01 1.701046802998e+01 1 1 1 0.0 0.0 0.0
Se 6.650193761480e+00 1.778115620418e+01 1.701046802998e+01 1 1 1 0.0 0.0 0.0
Se 1.578806653789e+01 1.709301446845e+01 1.701046802998e+01 1 1 1 0.0 0.0 0.0
Se 1.172828075419e+01 9.732204736457e-01 3.696241589303e+01 1 1 1 0.0 0.0 0.0
Se 6.457348240046e-01 1.987324084184e+00 3.696241589303e+01 1 1 1 0.0 0.0 0.0
Se 4.660543915780e+00 3.001427694723e+00 3.696241589303e+01 1 1 1 0.0 0.0 0.0
Se 8.675353007555e+00 4.015531305261e+00 3.696241589303e+01 1 1 1 0.0 0.0 0.0
Se 1.269016209933e+01 5.029634915800e+00 3.696241589303e+01 1 1 1 0.0 0.0 0.0
Se 1.607616169143e+00 6.043738526338e+00 3.696241589303e+01 1 1 1 0.0 0.0 0.0
Se 5.622425260918e+00 7.057842136877e+00 3.696241589303e+01 1 1 1 0.0 0.0 0.0
Se 9.637234352693e+00 8.071945747416e+00 3.696241589303e+01 1 1 1 0.0 0.0 0.0
Se 1.365204344447e+01 9.086049357954e+00 3.696241589303e+01 1 1 1 0.0 0.0 0.0
Se 2.569497514281e+00 1.010015296849e+01 3.696241589303e+01 1 1 1 0.0 0.0 0.0
Se 6.584306606056e+00 1.111425657903e+01 3.696241589303e+01 1 1 1 0.0 0.0 0.0
Se 1.059911569783e+01 1.212836018957e+01 3.696241589303e+01 1 1 1 0.0 0.0 0.0
Se 1.461392478961e+01 1.314246380011e+01 3.696241589303e+01 1 1 1 0.0 0.0 0.0
Se 3.531378859419e+00 1.415656741065e+01 3.696241589303e+01 1 1 1 0.0 0.0 0.0
Se 7.546187951194e+00 1.517067102119e+01 3.696241589303e+01 1 1 1 0.0 0.0 0.0
Se 1.156099704297e+01 1.618477463172e+01 3.696241589303e+01 1 1 1 0.0 0.0 0.0
Se 1.557580613474e+01 1.719887824226e+01 3.696241589303e+01 1 1 1 0.0 0.0 0.0
Se 4.493260204557e+00 1.821298185280e+01 3.696241589303e+01 1 1 1 0.0 0.0 0.0
Se 8.508069296332e+00 1.922708546334e+01 3.696241589303e+01 1 1 1 0.0 0.0 0.0
Se 2.172093757948e+00 1.887291590373e+01 3.332483142763e+01 1 1 1 0.0 0.0 0.0
Se 5.392305215808e+00 6.190509140370e-01 3.332483142763e+01 1 1 1 0.0 0.0 0.0
Se 9.407114307583e+00 1.633154524576e+00 3.332483142763e+01 1 1 1 0.0 0.0 0.0
Se 1.342192339936e+01 2.647258135114e+00 3.332483142763e+01 1 1 1 0.0 0.0 0.0
Se 2.339377469171e+00 3.661361745653e+00 3.332483142763e+01 1 1 1 0.0 0.0 0.0
Se 6.354186560946e+00 4.675465356191e+00 3.332483142763e+01 1 1 1 0.0 0.0 0.0
Se 1.036899565272e+01 5.689568966730e+00 3.332483142763e+01 1 1 1 0.0 0.0 0.0
Se 1.438380474450e+01 6.703672577268e+00 3.332483142763e+01 1 1 1 0.0 0.0 0.0
Se 3.301258814309e+00 7.717776187807e+00 3.332483142763e+01 1 1 1 0.0 0.0 0.0
Se 7.316067906084e+00 8.731879798345e+00 3.332483142763e+01 1 1 1 0.0 0.0 0.0
Se 1.133087699786e+01 9.745983408884e+00 3.332483142763e+01 1 1 1 0.0 0.0 0.0
Se 1.534568608963e+01 1.076008701942e+01 3.332483142763e+01 1 1 1 0.0 0.0 0.0
Se 4.263140159447e+00 1.177419062996e+01 3.332483142763e+01 1 1 1 0.0 0.0 0.0
Se 8.277949251222e+00 1.278829424050e+01 3.332483142763e+01 1 1 1 0.0 0.0 0.0
Se 1.229275834300e+01 1.380239785104e+01 3.332483142763e+01 1 1 1 0.0 0.0 0.0
Se 1.210212412810e+00 1.481650146158e+01 3.332483142763e+01 1 1 1 0.0 0.0 0.0
Se 5.225021504585e+00 1.583060507212e+01 3.332483142763e+01 1 1 1 0.0 0.0 0.0
Se 9.239830596360e+00 1.684470868265e+01 3.332483142763e+01 1 1 1 0.0 0.0 0.0
Se 1.325463968813e+01 1.785881229319e+01 3.332483142763e+01 1 1 1 0.0 0.0 0.0
Se 1.410755646648e+01 2.751044151406e-01 2.969131231352e+01 1 1 1 0.0 0.0 0.0
Se 3.025010536294e+00 1.289208025679e+00 2.969131231352e+01 1 1 1 0.0 0.0 0.0
Se 7.039819628069e+00 2.303311636218e+00 2.969131231352e+01 1 1 1 0.0 0.0 0.0
Se 1.105462871984e+01 3.317415246756e+00 2.969131231352e+01 1 1 1 0.0 0.0 0.0
Se 1.506943781162e+01 4.331518857295e+00 2.969131231352e+01 1 1 1 0.0 0.0 0.0
Se 3.986891881432e+00 5.345622467833e+00 2.969131231352e+01 1 1 1 0.0 0.0 0.0
Se 8.001700973207e+00 6.359726078372e+00 2.969131231352e+01 1 1 1 0.0 0.0 0.0
Se 1.201651006498e+01 7.373829688911e+00 2.969131231352e+01 1 1 1 0.0 0.0 0.0
Se 9.339641347952e-01 8.387933299449e+00 2.969131231352e+01 1 1 1 0.0 0.0 0.0
Se 4.948773226570e+00 9.402036909988e+00 2.969131231352e+01 1 1 1 0.0 0.0 0.0
Se 8.963582318345e+00 1.041614052053e+01 2.969131231352e+01 1 1 1 0.0 0.0 0.0
Se 1.297839141012e+01 1.143024413106e+01 2.969131231352e+01 1 1 1 0.0 0.0 0.0
Se 1.895845479933e+00 1.244434774160e+01 2.969131231352e+01 1 1 1 0.0 0.0 0.0
Se 5.910654571708e+00 1.345845135214e+01 2.969131231352e+01 1 1 1 0.0 0.0 0.0
Se 9.925463663483e+00 1.447255496268e+01 2.969131231352e+01 1 1 1 0.0 0.0 0.0
Se 1.394027275526e+01 1.548665857322e+01 2.969131231352e+01 1 1 1 0.0 0.0 0.0
Se 2.857726825071e+00 1.650076218376e+01 2.969131231352e+01 1 1 1 0.0 0.0 0.0
Se 6.872535916846e+00 1.751486579430e+01 2.969131231352e+01 1 1 1 0.0 0.0 0.0
Se 1.088734500862e+01 1.852896940483e+01 2.969131231352e+01 1 1 1 0.0 0.0 0.0
Se 2.159101826745e+00 1.879148151285e+01 2.692457590224e+01 1 1 1 0.0 0.0 0.0
Se 5.379313284605e+00 5.376165231531e-01 2.692457590224e+01 1 1 1 0.0 0.0 0.0
Se 9.394122376380e+00 1.551720133692e+00 2.692457590224e+01 1 1 1 0.0 0.0 0.0
Se 1.340893146815e+01 2.565823744230e+00 2.692457590224e+01 1 1 1 0.0 0.0 0.0
Se 2.326385537968e+00 3.579927354769e+00 2.692457590224e+01 1 1 1 0.0 0.0 0.0
Se 6.341194629743e+00 4.594030965307e+00 2.692457590224e+01 1 1 1 0.0 0.0 0.0
Se 1.035600372152e+01 5.608134575846e+00 2.692457590224e+01 1 1 1 0.0 0.0 0.0
Se 1.437081281329e+01 6.622238186384e+00 2.692457590224e+01 1 1 1 0.0 0.0 0.0
Se 3.288266883106e+00 7.636341796923e+00 2.692457590224e+01 1 1 1 0.0 0.0 0.0
Se 7.303075974881e+00 8.650445407462e+00 2.692457590224e+01 1 1 1 0.0 0.0 0.0
Se 1.131788506666e+01 9.664549018000e+00 2.692457590224e+01 1 1 1 0.0 0.0 0.0
Se 1.533269415843e+01 1.067865262854e+01 2.692457590224e+01 1 1 1 0.0 0.0 0.0
Se 4.250148228244e+00 1.169275623908e+01 2.692457590224e+01 1 1 1 0.0 0.0 0.0
Se 8.264957320019e+00 1.270685984962e+01 2.692457590224e+01 1 1 1 0.0 0.0 0.0
Se 1.227976641179e+01 1.372096346015e+01 2.692457590224e+01 1 1 1 0.0 0.0 0.0
Se 1.197220481607e+00 1.473506707069e+01 2.692457590224e+01 1 1 1 0.0 0.0 0.0
Se 5.212029573382e+00 1.574917068123e+01 2.692457590224e+01 1 1 1 0.0 0.0 0.0
Se 9.226838665157e+00 1.676327429177e+01 2.692457590224e+01 1 1 1 0.0 0.0 0.0
Se 1.324164775693e+01 1.777737790231e+01 2.692457590224e+01 1 1 1 0.0 0.0 0.0
Se 1.408658505108e+01 1.961423779135e-01 2.330671355540e+01 1 1 1 0.0 0.0 0.0
Se 3.004039120891e+00 1.210245988452e+00 2.330671355540e+01 1 1 1 0.0 0.0 0.0
Se 7.018848212666e+00 2.224349598991e+00 2.330671355540e+01 1 1 1 0.0 0.0 0.0
Se 1.103365730444e+01 3.238453209529e+00 2.330671355540e+01 1 1 1 0.0 0.0 0.0
Se 1.504846639622e+01 4.252556820068e+00 2.330671355540e+01 1 1 1 0.0 0.0 0.0
Se 3.965920466029e+00 5.266660430606e+00 2.330671355540e+01 1 1 1 0.0 0.0 0.0
Se 7.980729557804e+00 6.280764041145e+00 2.330671355540e+01 1 1 1 0.0 0.0 0.0
Se 1.199553864958e+01 7.294867651683e+00 2.330671355540e+01 1 1 1 0.0 0.0 0.0
Se 9.129927193917e-01 8.308971262222e+00 2.330671355540e+01 1 1 1 0.0 0.0 0.0
Se 4.927801811167e+00 9.323074872761e+00 2.330671355540e+01 1 1 1 0.0 0.0 0.0
Se 8.942610902942e+00 1.033717848330e+01 2.330671355540e+01 1 1 1 0.0 0.0 0.0
Se 1.295741999472e+01 1.135128209384e+01 2.330671355540e+01 1 1 1 0.0 0.0 0.0
Se 1.874874064530e+00 1.236538570438e+01 2.330671355540e+01 1 1 1 0.0 0.0 0.0
Se 5.889683156305e+00 1.337948931491e+01 2.330671355540e+01 1 1 1 0.0 0.0 0.0
Se 9.904492248080e+00 1.439359292545e+01 2.330671355540e+01 1 1 1 0.0 0.0 0.0
Se 1.391930133985e+01 1.540769653599e+01 2.330671355540e+01 1 1 1 0.0 0.0 0.0
Se 2.836755409668e+00 1.642180014653e+01 2.330671355540e+01 1 1 1 0.0 0.0 0.0
Se 6.851564501443e+00 1.743590375707e+01 2.330671355540e+01 1 1 1 0.0 0.0 0.0
Se 1.086637359322e+01 1.845000736761e+01 2.330671355540e+01 1 1 1 0.0 0.0 0.0
Se 1.171961759247e+01 8.814132278263e-01 1.968357859229e+01 1 1 1 0.0 0.0 0.0
Se 6.370716622811e-01 1.895516838365e+00 1.968357859229e+01 1 1 1 0.0 0.0 0.0
Se 4.651880754056e+00 2.909620448903e+00 1.968357859229e+01 1 1 1 0.0 0.0 0.0
Se 8.666689845831e+00 3.923724059442e+00 1.968357859229e+01 1 1 1 0.0 0.0 0.0
Se 1.268149893761e+01 4.937827669981e+00 1.968357859229e+01 1 1 1 0.0 0.0 0.0
Se 1.598953007419e+00 5.951931280519e+00 1.968357859229e+01 1 1 1 0.0 0.0 0.0
Se 5.613762099194e+00 6.966034891058e+00 1.968357859229e+01 1 1 1 0.0 0.0 0.0
Se 9.628571190969e+00 7.980138501596e+00 1.968357859229e+01 1 1 1 0.0 0.0 0.0
Se 1.364338028274e+01 8.994242112135e+00 1.968357859229e+01 1 1 1 0.0 0.0 0.0
Se 2.560834352557e+00 1.000834572267e+01 1.968357859229e+01 1 1 1 0.0 0.0 0.0
Se 6.575643444332e+00 1.102244933321e+01 1.968357859229e+01 1 1 1 0.0 0.0 0.0
Se 1.059045253611e+01 1.203655294375e+01 1.968357859229e+01 1 1 1 0.0 0.0 0.0
Se 1.460526162788e+01 1.305065655429e+01 1.968357859229e+01 1 1 1 0.0 0.0 0.0
Se 3.522715697695e+00 1.406476016483e+01 1.968357859229e+01 1 1 1 0.0 0.0 0.0
Se 7.537524789470e+00 1.507886377537e+01 1.968357859229e+01 1 1 1 0.0 0.0 0.0
Se 1.155233388125e+01 1.609296738590e+01 1.968357859229e+01 1 1 1 0.0 0.0 0.0
Se 1.556714297302e+01 1.710707099644e+01 1.968357859229e+01 1 1 1 0.0 0.0 0.0
Se 4.484597042833e+00 1.812117460698e+01 1.968357859229e+01 1 1 1 0.0 0.0 0.0
Se 8.499406134608e+00 1.913527821752e+01 1.968357859229e+01 1 1 1 0.0 0.0 0.0
"