calculation_mode = "Relax Structure"
cell_relax = "False"
charge_density_mixing = "0.15"
charge_mixing_type = "Broyden"
description = "Example parameters for high-throughput bulk relaxation of a vdW material"
dipole_moment = "True"
dos_broading = "0.05"
dos_method = "Gaussian"
energy_convergence_criterion = "1e-08"
energy_output_units = "Hartrees"
kohn_sham_mucycles = "3"
kohn_sham_solver = "davidson"
kpoint_distribution = "1"
kpoint_mesh = "2 2 1"
localize_projectors = "False"
max_md_steps = "100"
max_scf_steps = "200"
non_local_block_size = "4000"
potential_acceleration_constant_step = "1.5"
processor_grid = "4 4 16"
rms_convergence_criterion = "1e-08"
scalapack_block_factor = "64"
start_mode = "LCAO Start"
state_block_size = "64"
stress = "True"
subdiag_driver = "scalapack"
test_energy_tolerance = "1e-05"
use_async_allreduce = "False"
vdw_corr = "DFT-D3"
vdwdf_kernel_filepath = "/lustre/orion/world-shared/cph162/rjmorelock/rmgdft/XC/vdW_kernel_table"
wavefunction_grid = "106 106 426"
write_data_period = "50"

atomic_coordinate_type = "Absolute"
crds_units = "Angstrom"
lattice_units = "Angstrom"

lattice_vector = "
1.248805389901e+01 0.000000000000e+00 0.000000000000e+00
6.244291538130e+00 1.081479543769e+01 0.000000000000e+00
0.000000000000e+00 0.000000000000e+00 4.998925800348e+01
"
atoms = "
Nb 6.005844269734e-01 3.488803159703e-01 1.789701052112e+01 1 1 1 0.0 0.0 0.0
Nb 3.013983632738e+00 2.828836684392e+00 1.787333788272e+01 1 1 1 0.0 0.0 0.0
Nb 6.388767351898e+00 2.021376709133e+00 1.788581842230e+01 1 1 1 0.0 0.0 0.0
Nb 9.738237930269e+00 1.199934548013e+00 1.790533273296e+01 1 1 1 0.0 0.0 0.0
Nb 5.470869566470e+00 5.316617785123e+00 1.789158894145e+01 1 1 1 0.0 0.0 0.0
Nb 8.749503631608e+00 4.514407989023e+00 1.789239985266e+01 1 1 1 0.0 0.0 0.0
Nb 1.210965406522e+01 3.685301224629e+00 1.790476677789e+01 1 1 1 0.0 0.0 0.0
Nb 7.844714466240e+00 7.830165319874e+00 1.789954549181e+01 1 1 1 0.0 0.0 0.0
Nb 1.115850002974e+01 7.034388149495e+00 1.788915403817e+01 1 1 1 0.0 0.0 0.0
Nb 1.454362842327e+01 6.184529963870e+00 1.784584950593e+01 1 1 1 0.0 0.0 0.0
Nb 1.023352164105e+01 1.035389300779e+01 1.790694016177e+01 1 1 1 0.0 0.0 0.0
Nb 1.359019585640e+01 9.540338551070e+00 1.788364165169e+01 1 1 1 0.0 0.0 0.0
Nb 1.697879395931e+01 8.664516019135e+00 1.787992095353e+01 1 1 1 0.0 0.0 0.0
Nb 6.372505364612e-01 3.529581029333e-01 1.155286307735e+01 1 1 1 0.0 0.0 0.0
Nb 3.058997513329e+00 2.863443024356e+00 1.156420234036e+01 1 1 1 0.0 0.0 0.0
Nb 6.392844398012e+00 1.999776117171e+00 1.155292694904e+01 1 1 1 0.0 0.0 0.0
Nb 9.748317328084e+00 1.151153348752e+00 1.155325413933e+01 1 1 1 0.0 0.0 0.0
Nb 5.433041648332e+00 5.371502356022e+00 1.155591113830e+01 1 1 1 0.0 0.0 0.0
Nb 8.785729412707e+00 4.500026750598e+00 1.155562903391e+01 1 1 1 0.0 0.0 0.0
Nb 1.217824437978e+01 3.668063487413e+00 1.153256886526e+01 1 1 1 0.0 0.0 0.0
Nb 7.842977812344e+00 7.833034201412e+00 1.154775932153e+01 1 1 1 0.0 0.0 0.0
Nb 1.120333790598e+01 7.003922515669e+00 1.155624012780e+01 1 1 1 0.0 0.0 0.0
Nb 1.460548432233e+01 6.170572755174e+00 1.155365213354e+01 1 1 1 0.0 0.0 0.0
Nb 1.028274316870e+01 1.032326063021e+01 1.156499790543e+01 1 1 1 0.0 0.0 0.0
Nb 1.363209701058e+01 9.535835517270e+00 1.154002788317e+01 1 1 1 0.0 0.0 0.0
Nb 1.693631129226e+01 8.663934241667e+00 1.155553087153e+01 1 1 1 0.0 0.0 0.0
Bi 4.135601482514e+00 2.304224012512e+00 3.835822480999e+01 1 1 1 0.0 0.0 0.0
Bi 8.311513729901e+00 9.493191768660e+00 3.835284736370e+01 1 1 1 0.0 0.0 0.0
Bi 6.217445529605e+00 5.911195415308e+00 3.835524210243e+01 1 1 1 0.0 0.0 0.0
Bi 8.288935588807e+00 2.295429404140e+00 3.836964683632e+01 1 1 1 0.0 0.0 0.0
Bi 1.244185127465e+01 9.512281732082e+00 3.837503105608e+01 1 1 1 0.0 0.0 0.0
Bi 1.037727735042e+01 5.907034282928e+00 3.836310631136e+01 1 1 1 0.0 0.0 0.0
Bi 1.242780050742e+01 2.311678744089e+00 3.837747738958e+01 1 1 1 0.0 0.0 0.0
Bi 1.663506730057e+01 9.507739909589e+00 3.836619369018e+01 1 1 1 0.0 0.0 0.0
Bi 1.453527202658e+01 5.910738206164e+00 3.837869989486e+01 1 1 1 0.0 0.0 0.0
Bi 2.025442854197e+00 3.507321505860e+00 3.445043529736e+01 1 1 1 0.0 0.0 0.0
Bi 1.866973450798e+01 1.072274526690e+01 3.441610068991e+01 1 1 1 0.0 0.0 0.0
Bi 4.118164351312e+00 7.124158518862e+00 3.441230442524e+01 1 1 1 0.0 0.0 0.0
Bi 6.187334656207e+00 3.499382365429e+00 3.441915028548e+01 1 1 1 0.0 0.0 0.0
Bi 1.037083641662e+01 1.070927394876e+01 3.444033912462e+01 1 1 1 0.0 0.0 0.0
Bi 8.273422599000e+00 7.093384057194e+00 3.443453151015e+01 1 1 1 0.0 0.0 0.0
Bi 1.037073529084e+01 3.499805019298e+00 3.443311754854e+01 1 1 1 0.0 0.0 0.0
Bi 1.451203823487e+01 1.071922708488e+01 3.443338150215e+01 1 1 1 0.0 0.0 0.0
Bi 1.242873233563e+01 7.099441178739e+00 3.443100470254e+01 1 1 1 0.0 0.0 0.0
Bi 1.979183396197e+00 3.554664560113e+00 2.828384968108e+01 1 1 1 0.0 0.0 0.0
Bi 1.238906378027e+01 -2.947840075019e-02 2.827464638912e+01 1 1 1 0.0 0.0 0.0
Bi 1.652700073366e+01 7.167948729982e+00 2.828664516574e+01 1 1 1 0.0 0.0 0.0
Bi 6.177446344297e+00 3.604847549907e+00 2.829083376242e+01 1 1 1 0.0 0.0 0.0
Bi 4.039161045594e+00 -4.092138250016e-02 2.829255517601e+01 1 1 1 0.0 0.0 0.0
Bi 8.226736941644e+00 7.178501741435e+00 2.827901935116e+01 1 1 1 0.0 0.0 0.0
Bi 1.029954232382e+01 3.573176132801e+00 2.829079687876e+01 1 1 1 0.0 0.0 0.0
Bi 1.446139136830e+01 1.077317030237e+01 2.829025463083e+01 1 1 1 0.0 0.0 0.0
Bi 1.239560568109e+01 7.187034407069e+00 2.829287617493e+01 1 1 1 0.0 0.0 0.0
Bi 4.052203836003e+00 4.780948483803e+00 2.444323996106e+01 1 1 1 0.0 0.0 0.0
Bi 1.982846519868e+00 1.178459582730e+00 2.440750112886e+01 1 1 1 0.0 0.0 0.0
Bi 6.140098548677e+00 8.429924918269e+00 2.442139727051e+01 1 1 1 0.0 0.0 0.0
Bi 8.219426516702e+00 4.786321114576e+00 2.439622430877e+01 1 1 1 0.0 0.0 0.0
Bi 6.144079178697e+00 1.184991376268e+00 2.439530195283e+01 1 1 1 0.0 0.0 0.0
Bi 1.027342033560e+01 8.389543719905e+00 2.441738033893e+01 1 1 1 0.0 0.0 0.0
Bi 1.235317598468e+01 4.773258215432e+00 2.441840048683e+01 1 1 1 0.0 0.0 0.0
Bi 1.030339245873e+01 1.174708403965e+00 2.439499481835e+01 1 1 1 0.0 0.0 0.0
Bi 1.445138610822e+01 8.391980263630e+00 2.443669520268e+01 1 1 1 0.0 0.0 0.0
Se 1.746507387796e+01 1.061158068470e+01 9.854873305625e+00 1 1 1 0.0 0.0 0.0
Se 1.363841856199e+01 2.288410185438e+00 9.853766213902e+00 1 1 1 0.0 0.0 0.0
Se 4.456369521720e+00 1.443945321417e+00 9.842873735245e+00 1 1 1 0.0 0.0 0.0
Se 7.836856078257e+00 6.477220016997e-01 9.853428440064e+00 1 1 1 0.0 0.0 0.0
Se 3.519590268707e+00 4.783787678497e+00 9.845921690363e+00 1 1 1 0.0 0.0 0.0
Se 6.883282591481e+00 3.951836427636e+00 9.861692759915e+00 1 1 1 0.0 0.0 0.0
Se 1.025186329493e+01 3.101146428293e+00 9.857926340845e+00 1 1 1 0.0 0.0 0.0
Se 5.915291670557e+00 7.301114067983e+00 9.852940326970e+00 1 1 1 0.0 0.0 0.0
Se 9.291835062822e+00 6.445901137775e+00 9.860840943297e+00 1 1 1 0.0 0.0 0.0
Se 1.265330626993e+01 5.625096000228e+00 9.860195929149e+00 1 1 1 0.0 0.0 0.0
Se 8.327943942634e+00 9.784630635100e+00 9.849199625914e+00 1 1 1 0.0 0.0 0.0
Se 1.168186156785e+01 8.930784993068e+00 9.849879459926e+00 1 1 1 0.0 0.0 0.0
Se 1.504476430525e+01 8.119145470062e+00 9.845517557698e+00 1 1 1 0.0 0.0 0.0
Se 6.397079879796e+00 9.237325731511e+00 1.620595350053e+01 1 1 1 0.0 0.0 0.0
Se 2.542600212404e+00 9.014113740702e-01 1.621675337317e+01 1 1 1 0.0 0.0 0.0
Se 5.904926146603e+00 6.831011521180e-02 1.620979612113e+01 1 1 1 0.0 0.0 0.0
Se 1.551730313119e+01 1.006505377750e+01 1.620845259301e+01 1 1 1 0.0 0.0 0.0
Se 4.938999757798e+00 3.397171515197e+00 1.619671438327e+01 1 1 1 0.0 0.0 0.0
Se 8.291577188716e+00 2.568813166186e+00 1.620945231467e+01 1 1 1 0.0 0.0 0.0
Se 1.166073046195e+01 1.726528512431e+00 1.621846108107e+01 1 1 1 0.0 0.0 0.0
Se 7.355019766806e+00 5.902940620647e+00 1.620243997527e+01 1 1 1 0.0 0.0 0.0
Se 1.070534745357e+01 5.084758773476e+00 1.621527432276e+01 1 1 1 0.0 0.0 0.0
Se 1.405393166005e+01 4.221471074709e+00 1.620279473570e+01 1 1 1 0.0 0.0 0.0
Se 9.744258485666e+00 8.420482755698e+00 1.620323379406e+01 1 1 1 0.0 0.0 0.0
Se 1.309698551499e+01 7.594380924312e+00 1.619935545400e+01 1 1 1 0.0 0.0 0.0
Se 4.004073789346e+00 6.713434316156e+00 1.620034019995e+01 1 1 1 0.0 0.0 0.0
Se 1.745705398508e+01 1.063062926646e+01 1.323196873560e+01 1 1 1 0.0 0.0 0.0
Se 1.362671638922e+01 2.291349765057e+00 1.322766551913e+01 1 1 1 0.0 0.0 0.0
Se 4.490163362936e+00 1.481080546537e+00 1.324563240967e+01 1 1 1 0.0 0.0 0.0
Se 7.838670521208e+00 6.478148193892e-01 1.323465108215e+01 1 1 1 0.0 0.0 0.0
Se 3.527061669368e+00 4.780441637834e+00 1.326128817150e+01 1 1 1 0.0 0.0 0.0
Se 6.874593342300e+00 3.951199351146e+00 1.323426605279e+01 1 1 1 0.0 0.0 0.0
Se 1.025334229242e+01 3.125547637928e+00 1.321062161954e+01 1 1 1 0.0 0.0 0.0
Se 5.928899251844e+00 7.292866364298e+00 1.321933611047e+01 1 1 1 0.0 0.0 0.0
Se 9.284773245352e+00 6.435658700450e+00 1.322122897749e+01 1 1 1 0.0 0.0 0.0
Se 1.264871729774e+01 5.606854255018e+00 1.322985366705e+01 1 1 1 0.0 0.0 0.0
Se 8.313460520083e+00 9.776714196373e+00 1.321216438289e+01 1 1 1 0.0 0.0 0.0
Se 1.169707112743e+01 8.949793357358e+00 1.322828836075e+01 1 1 1 0.0 0.0 0.0
Se 1.504538254303e+01 8.115478536315e+00 1.324511593268e+01 1 1 1 0.0 0.0 0.0
Se 6.407124775254e+00 9.221312616286e+00 1.958097783659e+01 1 1 1 0.0 0.0 0.0
Se 2.518503544276e+00 9.173878702300e-01 1.959083831377e+01 1 1 1 0.0 0.0 0.0
Se 5.895424663262e+00 8.131279398546e-02 1.958467652097e+01 1 1 1 0.0 0.0 0.0
Se 1.553178597165e+01 1.005496792372e+01 1.958411194176e+01 1 1 1 0.0 0.0 0.0
Se 4.930762267234e+00 3.381466010707e+00 1.956270799207e+01 1 1 1 0.0 0.0 0.0
Se 8.301701354926e+00 2.569629898352e+00 1.959556376077e+01 1 1 1 0.0 0.0 0.0
Se 1.166866002427e+01 1.755602515928e+00 1.958926215934e+01 1 1 1 0.0 0.0 0.0
Se 7.350662309667e+00 5.911131914038e+00 1.959819271335e+01 1 1 1 0.0 0.0 0.0
Se 1.067077476928e+01 5.105374090319e+00 1.958502519586e+01 1 1 1 0.0 0.0 0.0
Se 1.407416665720e+01 4.243248623543e+00 1.952774096489e+01 1 1 1 0.0 0.0 0.0
Se 9.763735013069e+00 8.415288457657e+00 1.959274631526e+01 1 1 1 0.0 0.0 0.0
Se 1.311382779805e+01 7.571710071364e+00 1.952622122075e+01 1 1 1 0.0 0.0 0.0
Se 3.972236633927e+00 6.703062812500e+00 1.952531786227e+01 1 1 1 0.0 0.0 0.0
Se 2.043873727355e+00 3.504771612368e+00 3.993562238931e+01 1 1 1 0.0 0.0 0.0
Se 6.219555041791e+00 1.070870598281e+01 3.993814704105e+01 1 1 1 0.0 0.0 0.0
Se 4.113007201514e+00 7.103372383604e+00 3.994535591688e+01 1 1 1 0.0 0.0 0.0
Se 6.192557106477e+00 3.517864304192e+00 3.994190012485e+01 1 1 1 0.0 0.0 0.0
Se 1.034860377535e+01 1.070279544337e+01 3.994902898908e+01 1 1 1 0.0 0.0 0.0
Se 8.306950264059e+00 7.096934677781e+00 3.996378578460e+01 1 1 1 0.0 0.0 0.0
Se 1.036902393162e+01 3.504968572140e+00 3.996903109533e+01 1 1 1 0.0 0.0 0.0
Se 1.453564446153e+01 1.072702006655e+01 3.994423697158e+01 1 1 1 0.0 0.0 0.0
Se 1.244967944661e+01 7.107520392388e+00 3.996285739603e+01 1 1 1 0.0 0.0 0.0
Se 4.092105229356e+00 4.687814028828e+00 3.638750967856e+01 1 1 1 0.0 0.0 0.0
Se 2.035371066072e+00 1.097760316847e+00 3.637837920138e+01 1 1 1 0.0 0.0 0.0
Se 6.182166869947e+00 8.302690440122e+00 3.639649267403e+01 1 1 1 0.0 0.0 0.0
Se 8.267140735877e+00 4.728308682795e+00 3.639944326053e+01 1 1 1 0.0 0.0 0.0
Se 6.200391575649e+00 1.093424503058e+00 3.638745877170e+01 1 1 1 0.0 0.0 0.0
Se 1.034947554195e+01 8.307664547510e+00 3.642001322688e+01 1 1 1 0.0 0.0 0.0
Se 1.244241987560e+01 4.678477066694e+00 3.637083255172e+01 1 1 1 0.0 0.0 0.0
Se 1.034435157156e+01 1.125136825564e+00 3.639301613826e+01 1 1 1 0.0 0.0 0.0
Se 1.451358316785e+01 8.332735272200e+00 3.638721894857e+01 1 1 1 0.0 0.0 0.0
Se 4.112784788316e+00 2.292945075709e+00 3.283523377163e+01 1 1 1 0.0 0.0 0.0
Se 8.265571196156e+00 9.528503131472e+00 3.285332501883e+01 1 1 1 0.0 0.0 0.0
Se 6.194728109059e+00 5.915018879685e+00 3.284252504035e+01 1 1 1 0.0 0.0 0.0
Se 8.277525680635e+00 2.314437292171e+00 3.284837715863e+01 1 1 1 0.0 0.0 0.0
Se 1.242854024429e+01 9.490827351794e+00 3.282953654353e+01 1 1 1 0.0 0.0 0.0
Se 1.033849257398e+01 5.912825334152e+00 3.282136557054e+01 1 1 1 0.0 0.0 0.0
Se 1.241397030126e+01 2.302786872939e+00 3.283298577376e+01 1 1 1 0.0 0.0 0.0
Se 1.660377694400e+01 9.519418481050e+00 3.281128146305e+01 1 1 1 0.0 0.0 0.0
Se 1.448863082011e+01 5.914850971744e+00 3.282821301831e+01 1 1 1 0.0 0.0 0.0
Se 4.056893193113e+00 4.758004469559e+00 2.985782184316e+01 1 1 1 0.0 0.0 0.0
Se 1.962768582522e+00 1.175987266623e+00 2.987354862057e+01 1 1 1 0.0 0.0 0.0
Se 6.129950622408e+00 8.357046098360e+00 2.987090130555e+01 1 1 1 0.0 0.0 0.0
Se 8.239964520748e+00 4.796908892974e+00 2.987279094459e+01 1 1 1 0.0 0.0 0.0
Se 6.131937047966e+00 1.165406579200e+00 2.984921932613e+01 1 1 1 0.0 0.0 0.0
Se 1.032171537973e+01 8.374957954473e+00 2.989766296322e+01 1 1 1 0.0 0.0 0.0
Se 1.236984443301e+01 4.772018194384e+00 2.987158563757e+01 1 1 1 0.0 0.0 0.0
Se 1.032059135433e+01 1.163938271087e+00 2.986373587517e+01 1 1 1 0.0 0.0 0.0
Se 1.446155075649e+01 8.369254799590e+00 2.988296929855e+01 1 1 1 0.0 0.0 0.0
Se 4.042818030809e+00 2.385952845651e+00 2.635479598653e+01 1 1 1 0.0 0.0 0.0
Se 8.236783054210e+00 9.582752213413e+00 2.636657637170e+01 1 1 1 0.0 0.0 0.0
Se 6.146377977584e+00 5.988892341151e+00 2.634452550281e+01 1 1 1 0.0 0.0 0.0
Se 8.213363680043e+00 2.355256120120e+00 2.634137097140e+01 1 1 1 0.0 0.0 0.0
Se 1.236828706437e+01 9.582071744388e+00 2.634770908606e+01 1 1 1 0.0 0.0 0.0
Se 1.029831405050e+01 5.987138277323e+00 2.636029149226e+01 1 1 1 0.0 0.0 0.0
Se 1.237951303053e+01 2.335439014240e+00 2.633752660452e+01 1 1 1 0.0 0.0 0.0
Se 1.655209114374e+01 9.569029588992e+00 2.636108901529e+01 1 1 1 0.0 0.0 0.0
Se 1.446633854057e+01 5.973766762007e+00 2.634231761658e+01 1 1 1 0.0 0.0 0.0
Se 1.963817888089e+00 3.565812155122e+00 2.284888976522e+01 1 1 1 0.0 0.0 0.0
Se 1.237978904938e+01 -1.486220762662e-02 2.280927894310e+01 1 1 1 0.0 0.0 0.0
Se 1.657461387998e+01 7.206511834072e+00 2.286990667468e+01 1 1 1 0.0 0.0 0.0
Se 6.148589938485e+00 3.610974152425e+00 2.285027070617e+01 1 1 1 0.0 0.0 0.0
Se 1.030879662846e+01 1.077682273666e+01 2.282414570165e+01 1 1 1 0.0 0.0 0.0
Se 8.196756510438e+00 7.186363410317e+00 2.282472081148e+01 1 1 1 0.0 0.0 0.0
Se 1.031205223274e+01 3.564895620127e+00 2.281550683014e+01 1 1 1 0.0 0.0 0.0
Se 1.443565208108e+01 1.077529320274e+01 2.282850712762e+01 1 1 1 0.0 0.0 0.0
Se 1.236181543828e+01 7.184141130460e+00 2.286813874641e+01 1 1 1 0.0 0.0 0.0
"