calculation_mode = "Quench Electrons"
cell_relax = "False"
charge_density_mixing = "0.1"
charge_mixing_type = "Broyden"
description = "Example parameters for high-throughput bulk relaxation of a vdW material"
dos_broading = "0.05"
dos_method = "Gaussian"
energy_convergence_criterion = "1e-10"
energy_output_units = "Hartrees"
kohn_sham_mucycles = "3"
kohn_sham_solver = "davidson"
kpoint_mesh = "1 1 1"
localize_projectors = "False"
max_md_steps = "100"
max_scf_steps = "200"
non_local_block_size = "4000"
potential_acceleration_constant_step = "1.5"
processor_grid = "4 5 12"
rms_convergence_criterion = "1e-08"
scalapack_block_factor = "64"
start_mode = "LCAO Start"
state_block_size = "64"
stress = "True"
subdiag_driver = "scalapack"
use_async_allreduce = "False"
vdw_corr = "DFT-D3"
vdwdf_kernel_filepath = "/lustre/orion/world-shared/cph162/rjmorelock/rmgdft/XC/vdW_kernel_table"
wavefunction_grid = "128 154 378"
write_data_period = "50"

atomic_coordinate_type = "Absolute"
crds_units = "Angstrom"
lattice_units = "Angstrom"

lattice_vector = "
1.509735502215e+01 0.000000000000e+00 9.000000000000e-16
7.151378693933e+00 1.651540165713e+01 1.100000000000e-15
0.000000000000e+00 0.000000000000e+00 4.446241589303e+01
"
atoms = "
Nb 1.035143876226e+01 2.470880204825e+00 1.532833092694e+01 1 1 1 0.0 0.0 0.0
Nb 1.313253047677e+01 4.535305411967e+00 1.532833092694e+01 1 1 1 0.0 0.0 0.0
Nb 4.391956516705e+00 1.782738469112e+00 1.532833092694e+01 1 1 1 0.0 0.0 0.0
Nb 7.173048231215e+00 3.847163676253e+00 1.532833092694e+01 1 1 1 0.0 0.0 0.0
Nb 9.954139945726e+00 5.911588883395e+00 1.532833092694e+01 1 1 1 0.0 0.0 0.0
Nb 1.273523166024e+01 7.976014090537e+00 1.532833092694e+01 1 1 1 0.0 0.0 0.0
Nb 1.551632337475e+01 1.004043929768e+01 1.532833092694e+01 1 1 1 0.0 0.0 0.0
Nb 1.352982929330e+01 1.094596733398e+00 1.532833092694e+01 1 1 1 0.0 0.0 0.0
Nb 1.631092100781e+01 3.159021940539e+00 1.532833092694e+01 1 1 1 0.0 0.0 0.0
Nb 3.994657700171e+00 5.223447147681e+00 1.532833092694e+01 1 1 1 0.0 0.0 0.0
Nb 6.775749414682e+00 7.287872354823e+00 1.532833092694e+01 1 1 1 0.0 0.0 0.0
Nb 9.556841129193e+00 9.352297561964e+00 1.532833092694e+01 1 1 1 0.0 0.0 0.0
Nb 1.233793284370e+01 1.141672276911e+01 1.532833092694e+01 1 1 1 0.0 0.0 0.0
Nb 1.511902455821e+01 1.348114797625e+01 1.532833092694e+01 1 1 1 0.0 0.0 0.0
Nb 1.790011627272e+01 1.554557318339e+01 1.532833092694e+01 1 1 1 0.0 0.0 0.0
Nb 1.591362219128e+01 6.599730619109e+00 1.532833092694e+01 1 1 1 0.0 0.0 0.0
Nb 1.869471390579e+01 8.664155826251e+00 1.532833092694e+01 1 1 1 0.0 0.0 0.0
Nb 6.378450598149e+00 1.072858103339e+01 1.532833092694e+01 1 1 1 0.0 0.0 0.0
Nb 9.159542312660e+00 1.279300624053e+01 1.532833092694e+01 1 1 1 0.0 0.0 0.0
Nb 1.194063402717e+01 1.485743144768e+01 1.532833092694e+01 1 1 1 0.0 0.0 0.0
Nb 7.570347047748e+00 4.064549976837e-01 1.532833092694e+01 1 1 1 0.0 0.0 0.0
Nb 1.829741508926e+01 1.210486450482e+01 1.532833092694e+01 1 1 1 0.0 0.0 0.0
Nb 2.107850680377e+01 1.416928971196e+01 1.532833092694e+01 1 1 1 0.0 0.0 0.0
Nb 8.762243496127e+00 1.623371491910e+01 1.532833092694e+01 1 1 1 0.0 0.0 0.0
Nb 1.034641288157e+01 2.479299773167e+00 9.182088683320e+00 1 1 1 0.0 0.0 0.0
Nb 1.312750459608e+01 4.543724980308e+00 9.182088683320e+00 1 1 1 0.0 0.0 0.0
Nb 4.386930636017e+00 1.791158037453e+00 9.182088683320e+00 1 1 1 0.0 0.0 0.0
Nb 7.168022350528e+00 3.855583244594e+00 9.182088683320e+00 1 1 1 0.0 0.0 0.0
Nb 9.949114065039e+00 5.920008451736e+00 9.182088683320e+00 1 1 1 0.0 0.0 0.0
Nb 1.273020577955e+01 7.984433658878e+00 9.182088683320e+00 1 1 1 0.0 0.0 0.0
Nb 1.551129749406e+01 1.004885886602e+01 9.182088683320e+00 1 1 1 0.0 0.0 0.0
Nb 1.352480341262e+01 1.103016301739e+00 9.182088683320e+00 1 1 1 0.0 0.0 0.0
Nb 1.630589512713e+01 3.167441508881e+00 9.182088683320e+00 1 1 1 0.0 0.0 0.0
Nb 3.989631819484e+00 5.231866716022e+00 9.182088683320e+00 1 1 1 0.0 0.0 0.0
Nb 6.770723533995e+00 7.296291923164e+00 9.182088683320e+00 1 1 1 0.0 0.0 0.0
Nb 9.551815248505e+00 9.360717130306e+00 9.182088683320e+00 1 1 1 0.0 0.0 0.0
Nb 1.233290696302e+01 1.142514233745e+01 9.182088683320e+00 1 1 1 0.0 0.0 0.0
Nb 1.511399867753e+01 1.348956754459e+01 9.182088683320e+00 1 1 1 0.0 0.0 0.0
Nb 1.789509039204e+01 1.555399275173e+01 9.182088683320e+00 1 1 1 0.0 0.0 0.0
Nb 1.590859631059e+01 6.608150187450e+00 9.182088683320e+00 1 1 1 0.0 0.0 0.0
Nb 1.868968802510e+01 8.672575394592e+00 9.182088683320e+00 1 1 1 0.0 0.0 0.0
Nb 6.373424717462e+00 1.073700060173e+01 9.182088683320e+00 1 1 1 0.0 0.0 0.0
Nb 9.154516431972e+00 1.280142580888e+01 9.182088683320e+00 1 1 1 0.0 0.0 0.0
Nb 1.193560814648e+01 1.486585101602e+01 9.182088683320e+00 1 1 1 0.0 0.0 0.0
Nb 7.565321167061e+00 4.148745660249e-01 9.182088683320e+00 1 1 1 0.0 0.0 0.0
Nb 1.829238920857e+01 1.211328407316e+01 9.182088683320e+00 1 1 1 0.0 0.0 0.0
Nb 2.107348092308e+01 1.417770928030e+01 9.182088683320e+00 1 1 1 0.0 0.0 0.0
Nb 8.757217615439e+00 1.624213448744e+01 9.182088683320e+00 1 1 1 0.0 0.0 0.0
Bi 1.546274687378e+01 9.723111069985e+00 3.532095071834e+01 1 1 1 0.0 0.0 0.0
Bi 1.536342216949e+01 1.385196148427e+01 3.532095071834e+01 1 1 1 0.0 0.0 0.0
Bi 1.183739517467e+01 3.529835448560e+00 3.532095071834e+01 1 1 1 0.0 0.0 0.0
Bi 1.173807047039e+01 7.658685862844e+00 3.532095071834e+01 1 1 1 0.0 0.0 0.0
Bi 1.163874576610e+01 1.178753627713e+01 3.532095071834e+01 1 1 1 0.0 0.0 0.0
Bi 8.112718771276e+00 1.465410241418e+00 3.532095071834e+01 1 1 1 0.0 0.0 0.0
Bi 8.013394066990e+00 5.594260655702e+00 3.532095071834e+01 1 1 1 0.0 0.0 0.0
Bi 7.914069362704e+00 9.723111069985e+00 3.532095071834e+01 1 1 1 0.0 0.0 0.0
Bi 7.814744658418e+00 1.385196148427e+01 3.532095071834e+01 1 1 1 0.0 0.0 0.0
Bi 1.153942106181e+01 1.591638669141e+01 3.532095071834e+01 1 1 1 0.0 0.0 0.0
Bi 4.288717663595e+00 3.529835448560e+00 3.532095071834e+01 1 1 1 0.0 0.0 0.0
Bi 4.189392959309e+00 7.658685862844e+00 3.532095071834e+01 1 1 1 0.0 0.0 0.0
Bi 1.918742327718e+01 1.178753627713e+01 3.532095071834e+01 1 1 1 0.0 0.0 0.0
Bi 1.566139628235e+01 1.465410241418e+00 3.532095071834e+01 1 1 1 0.0 0.0 0.0
Bi 1.556207157807e+01 5.594260655702e+00 3.532095071834e+01 1 1 1 0.0 0.0 0.0
Bi 1.908809857289e+01 1.591638669141e+01 3.532095071834e+01 1 1 1 0.0 0.0 0.0
Bi 1.429008821710e+01 7.668174157854e+00 3.133430771007e+01 1 1 1 0.0 0.0 0.0
Bi 1.419076351282e+01 1.179702457214e+01 3.133430771007e+01 1 1 1 0.0 0.0 0.0
Bi 1.066473651799e+01 1.474898536429e+00 3.133430771007e+01 1 1 1 0.0 0.0 0.0
Bi 1.056541181371e+01 5.603748950713e+00 3.133430771007e+01 1 1 1 0.0 0.0 0.0
Bi 1.046608710942e+01 9.732599364996e+00 3.133430771007e+01 1 1 1 0.0 0.0 0.0
Bi 1.409143880853e+01 1.592587498642e+01 3.133430771007e+01 1 1 1 0.0 0.0 0.0
Bi 6.840735410312e+00 3.539323743571e+00 3.133430771007e+01 1 1 1 0.0 0.0 0.0
Bi 6.741410706026e+00 7.668174157854e+00 3.133430771007e+01 1 1 1 0.0 0.0 0.0
Bi 6.642086001740e+00 1.179702457214e+01 3.133430771007e+01 1 1 1 0.0 0.0 0.0
Bi 1.036676240514e+01 1.386144977928e+01 3.133430771007e+01 1 1 1 0.0 0.0 0.0
Bi 3.116059006917e+00 1.474898536429e+00 3.133430771007e+01 1 1 1 0.0 0.0 0.0
Bi 3.016734302631e+00 5.603748950713e+00 3.133430771007e+01 1 1 1 0.0 0.0 0.0
Bi 1.801476462050e+01 9.732599364996e+00 3.133430771007e+01 1 1 1 0.0 0.0 0.0
Bi 2.164011631961e+01 1.592587498642e+01 3.133430771007e+01 1 1 1 0.0 0.0 0.0
Bi 1.438941292139e+01 3.539323743571e+00 3.133430771007e+01 1 1 1 0.0 0.0 0.0
Bi 1.791543991621e+01 1.386144977928e+01 3.133430771007e+01 1 1 1 0.0 0.0 0.0
Bi 1.434156909818e+01 7.620767580788e+00 2.529282906773e+01 1 1 1 0.0 0.0 0.0
Bi 1.424224439389e+01 1.174961799507e+01 2.529282906773e+01 1 1 1 0.0 0.0 0.0
Bi 1.071621739907e+01 1.427491959363e+00 2.529282906773e+01 1 1 1 0.0 0.0 0.0
Bi 1.061689269479e+01 5.556342373646e+00 2.529282906773e+01 1 1 1 0.0 0.0 0.0
Bi 1.051756799050e+01 9.685192787929e+00 2.529282906773e+01 1 1 1 0.0 0.0 0.0
Bi 1.414291968961e+01 1.587846840935e+01 2.529282906773e+01 1 1 1 0.0 0.0 0.0
Bi 6.892216291390e+00 3.491917166504e+00 2.529282906773e+01 1 1 1 0.0 0.0 0.0
Bi 6.792891587104e+00 7.620767580788e+00 2.529282906773e+01 1 1 1 0.0 0.0 0.0
Bi 6.693566882819e+00 1.174961799507e+01 2.529282906773e+01 1 1 1 0.0 0.0 0.0
Bi 1.041824328621e+01 1.381404320221e+01 2.529282906773e+01 1 1 1 0.0 0.0 0.0
Bi 3.167539887995e+00 1.427491959363e+00 2.529282906773e+01 1 1 1 0.0 0.0 0.0
Bi 3.068215183709e+00 5.556342373646e+00 2.529282906773e+01 1 1 1 0.0 0.0 0.0
Bi 1.806624550158e+01 9.685192787929e+00 2.529282906773e+01 1 1 1 0.0 0.0 0.0
Bi 2.169159720069e+01 1.587846840935e+01 2.529282906773e+01 1 1 1 0.0 0.0 0.0
Bi 1.444089380247e+01 3.491917166504e+00 2.529282906773e+01 1 1 1 0.0 0.0 0.0
Bi 1.796692079729e+01 1.381404320221e+01 2.529282906773e+01 1 1 1 0.0 0.0 0.0
Bi 1.677076105068e+01 1.176721512041e+01 2.132110864621e+01 1 1 1 0.0 0.0 0.0
Bi 1.667143634640e+01 1.589606553470e+01 2.132110864621e+01 1 1 1 0.0 0.0 0.0
Bi 1.314540935157e+01 5.573939498989e+00 2.132110864621e+01 1 1 1 0.0 0.0 0.0
Bi 1.304608464729e+01 9.702789913272e+00 2.132110864621e+01 1 1 1 0.0 0.0 0.0
Bi 1.294675994300e+01 1.383164032756e+01 2.132110864621e+01 1 1 1 0.0 0.0 0.0
Bi 9.420732948178e+00 3.509514291847e+00 2.132110864621e+01 1 1 1 0.0 0.0 0.0
Bi 9.321408243893e+00 7.638364706131e+00 2.132110864621e+01 1 1 1 0.0 0.0 0.0
Bi 9.222083539607e+00 1.176721512041e+01 2.132110864621e+01 1 1 1 0.0 0.0 0.0
Bi 9.122758835321e+00 1.589606553470e+01 2.132110864621e+01 1 1 1 0.0 0.0 0.0
Bi 5.696056544783e+00 1.445089084706e+00 2.132110864621e+01 1 1 1 0.0 0.0 0.0
Bi 5.596731840497e+00 5.573939498989e+00 2.132110864621e+01 1 1 1 0.0 0.0 0.0
Bi 5.497407136212e+00 9.702789913273e+00 2.132110864621e+01 1 1 1 0.0 0.0 0.0
Bi 2.049543745408e+01 1.383164032756e+01 2.132110864621e+01 1 1 1 0.0 0.0 0.0
Bi 1.872055437102e+00 3.509514291847e+00 2.132110864621e+01 1 1 1 0.0 0.0 0.0
Bi 1.687008575497e+01 7.638364706131e+00 2.132110864621e+01 1 1 1 0.0 0.0 0.0
Bi 1.324473405586e+01 1.445089084706e+00 2.132110864621e+01 1 1 1 0.0 0.0 0.0
Se 9.551252018026e+00 6.442761641187e-01 7.500000000000e+00 1 1 1 0.0 0.0 0.0
Se 1.233234373254e+01 2.708701371260e+00 7.500000000000e+00 1 1 1 0.0 0.0 0.0
Se 1.074314846640e+01 1.647153608554e+01 7.500000000000e+00 1 1 1 0.0 0.0 0.0
Se 6.372861486983e+00 2.020559635547e+00 7.500000000000e+00 1 1 1 0.0 0.0 0.0
Se 9.153953201493e+00 4.084984842688e+00 7.500000000000e+00 1 1 1 0.0 0.0 0.0
Se 1.193504491600e+01 6.149410049830e+00 7.500000000000e+00 1 1 1 0.0 0.0 0.0
Se 1.471613663051e+01 8.213835256972e+00 7.500000000000e+00 1 1 1 0.0 0.0 0.0
Se 1.988102124300e+01 1.578339434982e+01 7.500000000000e+00 1 1 1 0.0 0.0 0.0
Se 1.551073426358e+01 1.332417899833e+00 7.500000000000e+00 1 1 1 0.0 0.0 0.0
Se 3.194470955939e+00 3.396843106974e+00 7.500000000000e+00 1 1 1 0.0 0.0 0.0
Se 5.975562670449e+00 5.461268314116e+00 7.500000000000e+00 1 1 1 0.0 0.0 0.0
Se 8.756654384960e+00 7.525693521258e+00 7.500000000000e+00 1 1 1 0.0 0.0 0.0
Se 1.153774609947e+01 9.590118728399e+00 7.500000000000e+00 1 1 1 0.0 0.0 0.0
Se 1.431883781398e+01 1.165454393554e+01 7.500000000000e+00 1 1 1 0.0 0.0 0.0
Se 1.709992952849e+01 1.371896914268e+01 7.500000000000e+00 1 1 1 0.0 0.0 0.0
Se 1.511343544705e+01 4.773126578402e+00 7.500000000000e+00 1 1 1 0.0 0.0 0.0
Se 1.789452716156e+01 6.837551785544e+00 7.500000000000e+00 1 1 1 0.0 0.0 0.0
Se 5.578263853916e+00 8.901976992686e+00 7.500000000000e+00 1 1 1 0.0 0.0 0.0
Se 8.359355568427e+00 1.096640219983e+01 7.500000000000e+00 1 1 1 0.0 0.0 0.0
Se 1.114044728294e+01 1.303082740697e+01 7.500000000000e+00 1 1 1 0.0 0.0 0.0
Se 1.392153899745e+01 1.509525261411e+01 7.500000000000e+00 1 1 1 0.0 0.0 0.0
Se 1.749722834503e+01 1.027826046411e+01 7.500000000000e+00 1 1 1 0.0 0.0 0.0
Se 2.027832005954e+01 1.234268567126e+01 7.500000000000e+00 1 1 1 0.0 0.0 0.0
Se 7.962056751894e+00 1.440711087840e+01 7.500000000000e+00 1 1 1 0.0 0.0 0.0
Se 1.154305425699e+01 8.651493657586e-01 1.364602824434e+01 1 1 1 0.0 0.0 0.0
Se 1.432414597150e+01 2.929574572900e+00 1.364602824434e+01 1 1 1 0.0 0.0 0.0
Se 5.583572011439e+00 1.770076300447e-01 1.364602824434e+01 1 1 1 0.0 0.0 0.0
Se 8.364663725949e+00 2.241432837186e+00 1.364602824434e+01 1 1 1 0.0 0.0 0.0
Se 1.114575544046e+01 4.305858044328e+00 1.364602824434e+01 1 1 1 0.0 0.0 0.0
Se 1.392684715497e+01 6.370283251470e+00 1.364602824434e+01 1 1 1 0.0 0.0 0.0
Se 1.670793886948e+01 8.434708458611e+00 1.364602824434e+01 1 1 1 0.0 0.0 0.0
Se 2.187282348197e+01 1.600426755146e+01 1.364602824434e+01 1 1 1 0.0 0.0 0.0
Se 2.405181480395e+00 1.553291101472e+00 1.364602824434e+01 1 1 1 0.0 0.0 0.0
Se 5.186273194906e+00 3.617716308614e+00 1.364602824434e+01 1 1 1 0.0 0.0 0.0
Se 7.967364909416e+00 5.682141515756e+00 1.364602824434e+01 1 1 1 0.0 0.0 0.0
Se 1.074845662393e+01 7.746566722898e+00 1.364602824434e+01 1 1 1 0.0 0.0 0.0
Se 1.352954833844e+01 9.810991930039e+00 1.364602824434e+01 1 1 1 0.0 0.0 0.0
Se 1.631064005295e+01 1.187541713718e+01 1.364602824434e+01 1 1 1 0.0 0.0 0.0
Se 1.909173176746e+01 1.393984234432e+01 1.364602824434e+01 1 1 1 0.0 0.0 0.0
Se 1.710523768601e+01 4.993999780042e+00 1.364602824434e+01 1 1 1 0.0 0.0 0.0
Se 4.788974378372e+00 7.058424987184e+00 1.364602824434e+01 1 1 1 0.0 0.0 0.0
Se 7.570066092883e+00 9.122850194325e+00 1.364602824434e+01 1 1 1 0.0 0.0 0.0
Se 1.035115780739e+01 1.118727540147e+01 1.364602824434e+01 1 1 1 0.0 0.0 0.0
Se 1.313224952190e+01 1.325170060861e+01 1.364602824434e+01 1 1 1 0.0 0.0 0.0
Se 1.591334123642e+01 1.531612581575e+01 1.364602824434e+01 1 1 1 0.0 0.0 0.0
Se 1.948903058399e+01 1.049913366575e+01 1.364602824434e+01 1 1 1 0.0 0.0 0.0
Se 7.172767276350e+00 1.256355887289e+01 1.364602824434e+01 1 1 1 0.0 0.0 0.0
Se 9.953858990861e+00 1.462798408004e+01 1.364602824434e+01 1 1 1 0.0 0.0 0.0
Se 9.552113549006e+00 6.436312162321e-01 1.086443756309e+01 1 1 1 0.0 0.0 0.0
Se 1.233320526352e+01 2.708056423374e+00 1.086443756309e+01 1 1 1 0.0 0.0 0.0
Se 1.074400999739e+01 1.647089113765e+01 1.086443756309e+01 1 1 1 0.0 0.0 0.0
Se 6.373723017963e+00 2.019914687660e+00 1.086443756309e+01 1 1 1 0.0 0.0 0.0
Se 9.154814732473e+00 4.084339894802e+00 1.086443756309e+01 1 1 1 0.0 0.0 0.0
Se 1.193590644698e+01 6.148765101943e+00 1.086443756309e+01 1 1 1 0.0 0.0 0.0
Se 1.471699816149e+01 8.213190309085e+00 1.086443756309e+01 1 1 1 0.0 0.0 0.0
Se 1.988188277398e+01 1.578274940194e+01 1.086443756309e+01 1 1 1 0.0 0.0 0.0
Se 1.551159579456e+01 1.331772951946e+00 1.086443756309e+01 1 1 1 0.0 0.0 0.0
Se 3.195332486919e+00 3.396198159088e+00 1.086443756309e+01 1 1 1 0.0 0.0 0.0
Se 5.976424201430e+00 5.460623366229e+00 1.086443756309e+01 1 1 1 0.0 0.0 0.0
Se 8.757515915940e+00 7.525048573371e+00 1.086443756309e+01 1 1 1 0.0 0.0 0.0
Se 1.153860763045e+01 9.589473780513e+00 1.086443756309e+01 1 1 1 0.0 0.0 0.0
Se 1.431969934496e+01 1.165389898765e+01 1.086443756309e+01 1 1 1 0.0 0.0 0.0
Se 1.710079105947e+01 1.371832419480e+01 1.086443756309e+01 1 1 1 0.0 0.0 0.0
Se 1.511429697803e+01 4.772481630516e+00 1.086443756309e+01 1 1 1 0.0 0.0 0.0
Se 1.789538869254e+01 6.836906837657e+00 1.086443756309e+01 1 1 1 0.0 0.0 0.0
Se 5.579125384897e+00 8.901332044799e+00 1.086443756309e+01 1 1 1 0.0 0.0 0.0
Se 8.360217099407e+00 1.096575725194e+01 1.086443756309e+01 1 1 1 0.0 0.0 0.0
Se 1.114130881392e+01 1.303018245908e+01 1.086443756309e+01 1 1 1 0.0 0.0 0.0
Se 1.392240052843e+01 1.509460766622e+01 1.086443756309e+01 1 1 1 0.0 0.0 0.0
Se 1.749808987601e+01 1.027761551623e+01 1.086443756309e+01 1 1 1 0.0 0.0 0.0
Se 2.027918159052e+01 1.234204072337e+01 1.086443756309e+01 1 1 1 0.0 0.0 0.0
Se 7.962918282874e+00 1.440646593051e+01 1.086443756309e+01 1 1 1 0.0 0.0 0.0
Se 1.154399637093e+01 8.646680099510e-01 1.701046802998e+01 1 1 1 0.0 0.0 0.0
Se 1.432508808544e+01 2.929093217093e+00 1.701046802998e+01 1 1 1 0.0 0.0 0.0
Se 5.584514125379e+00 1.765262742371e-01 1.701046802998e+01 1 1 1 0.0 0.0 0.0
Se 8.365605839890e+00 2.240951481379e+00 1.701046802998e+01 1 1 1 0.0 0.0 0.0
Se 1.114669755440e+01 4.305376688521e+00 1.701046802998e+01 1 1 1 0.0 0.0 0.0
Se 1.392778926891e+01 6.369801895662e+00 1.701046802998e+01 1 1 1 0.0 0.0 0.0
Se 1.670888098342e+01 8.434227102804e+00 1.701046802998e+01 1 1 1 0.0 0.0 0.0
Se 2.187376559591e+01 1.600378619566e+01 1.701046802998e+01 1 1 1 0.0 0.0 0.0
Se 2.406123594336e+00 1.552809745665e+00 1.701046802998e+01 1 1 1 0.0 0.0 0.0
Se 5.187215308846e+00 3.617234952807e+00 1.701046802998e+01 1 1 1 0.0 0.0 0.0
Se 7.968307023357e+00 5.681660159948e+00 1.701046802998e+01 1 1 1 0.0 0.0 0.0
Se 1.074939873787e+01 7.746085367090e+00 1.701046802998e+01 1 1 1 0.0 0.0 0.0
Se 1.353049045238e+01 9.810510574232e+00 1.701046802998e+01 1 1 1 0.0 0.0 0.0
Se 1.631158216689e+01 1.187493578137e+01 1.701046802998e+01 1 1 1 0.0 0.0 0.0
Se 1.909267388140e+01 1.393936098852e+01 1.701046802998e+01 1 1 1 0.0 0.0 0.0
Se 1.710617979996e+01 4.993518424234e+00 1.701046802998e+01 1 1 1 0.0 0.0 0.0
Se 4.789916492313e+00 7.057943631376e+00 1.701046802998e+01 1 1 1 0.0 0.0 0.0
Se 7.571008206824e+00 9.122368838518e+00 1.701046802998e+01 1 1 1 0.0 0.0 0.0
Se 1.035209992133e+01 1.118679404566e+01 1.701046802998e+01 1 1 1 0.0 0.0 0.0
Se 1.313319163585e+01 1.325121925280e+01 1.701046802998e+01 1 1 1 0.0 0.0 0.0
Se 1.591428335036e+01 1.531564445994e+01 1.701046802998e+01 1 1 1 0.0 0.0 0.0
Se 1.948997269793e+01 1.049865230995e+01 1.701046802998e+01 1 1 1 0.0 0.0 0.0
Se 7.173709390291e+00 1.256307751709e+01 1.701046802998e+01 1 1 1 0.0 0.0 0.0
Se 9.954801104802e+00 1.462750272423e+01 1.701046802998e+01 1 1 1 0.0 0.0 0.0
Se 1.424868030482e+01 7.648087970949e+00 3.696241589303e+01 1 1 1 0.0 0.0 0.0
Se 1.414935560053e+01 1.177693838523e+01 3.696241589303e+01 1 1 1 0.0 0.0 0.0
Se 1.062332860571e+01 1.454812349524e+00 3.696241589303e+01 1 1 1 0.0 0.0 0.0
Se 1.052400390142e+01 5.583662763808e+00 3.696241589303e+01 1 1 1 0.0 0.0 0.0
Se 1.042467919714e+01 9.712513178091e+00 3.696241589303e+01 1 1 1 0.0 0.0 0.0
Se 1.405003089625e+01 1.590578879952e+01 3.696241589303e+01 1 1 1 0.0 0.0 0.0
Se 6.799327498027e+00 3.519237556666e+00 3.696241589303e+01 1 1 1 0.0 0.0 0.0
Se 6.700002793741e+00 7.648087970949e+00 3.696241589303e+01 1 1 1 0.0 0.0 0.0
Se 6.600678089455e+00 1.177693838523e+01 3.696241589303e+01 1 1 1 0.0 0.0 0.0
Se 1.032535449285e+01 1.384136359237e+01 3.696241589303e+01 1 1 1 0.0 0.0 0.0
Se 3.074651094632e+00 1.454812349524e+00 3.696241589303e+01 1 1 1 0.0 0.0 0.0
Se 2.975326390346e+00 5.583662763808e+00 3.696241589303e+01 1 1 1 0.0 0.0 0.0
Se 1.797335670821e+01 9.712513178091e+00 3.696241589303e+01 1 1 1 0.0 0.0 0.0
Se 2.159870840732e+01 1.590578879952e+01 3.696241589303e+01 1 1 1 0.0 0.0 0.0
Se 1.434800500910e+01 3.519237556666e+00 3.696241589303e+01 1 1 1 0.0 0.0 0.0
Se 1.787403200393e+01 1.384136359237e+01 3.696241589303e+01 1 1 1 0.0 0.0 0.0
Se 1.668954679854e+01 1.180564726053e+01 3.332483142763e+01 1 1 1 0.0 0.0 0.0
Se 1.659022209426e+01 1.593449767481e+01 3.332483142763e+01 1 1 1 0.0 0.0 0.0
Se 1.306419509943e+01 5.612371639106e+00 3.332483142763e+01 1 1 1 0.0 0.0 0.0
Se 1.296487039515e+01 9.741222053389e+00 3.332483142763e+01 1 1 1 0.0 0.0 0.0
Se 1.286554569086e+01 1.387007246767e+01 3.332483142763e+01 1 1 1 0.0 0.0 0.0
Se 9.339518696039e+00 3.547946431964e+00 3.332483142763e+01 1 1 1 0.0 0.0 0.0
Se 9.240193991753e+00 7.676796846248e+00 3.332483142763e+01 1 1 1 0.0 0.0 0.0
Se 9.140869287467e+00 1.180564726053e+01 3.332483142763e+01 1 1 1 0.0 0.0 0.0
Se 9.041544583181e+00 1.593449767481e+01 3.332483142763e+01 1 1 1 0.0 0.0 0.0
Se 5.614842292643e+00 1.483521224823e+00 3.332483142763e+01 1 1 1 0.0 0.0 0.0
Se 5.515517588358e+00 5.612371639106e+00 3.332483142763e+01 1 1 1 0.0 0.0 0.0
Se 5.416192884072e+00 9.741222053389e+00 3.332483142763e+01 1 1 1 0.0 0.0 0.0
Se 2.041422320194e+01 1.387007246767e+01 3.332483142763e+01 1 1 1 0.0 0.0 0.0
Se 1.790841184962e+00 3.547946431964e+00 3.332483142763e+01 1 1 1 0.0 0.0 0.0
Se 1.678887150283e+01 7.676796846248e+00 3.332483142763e+01 1 1 1 0.0 0.0 0.0
Se 1.316351980372e+01 1.483521224823e+00 3.332483142763e+01 1 1 1 0.0 0.0 0.0
Se 1.548440415138e+01 9.728660073141e+00 2.969131231352e+01 1 1 1 0.0 0.0 0.0
Se 1.538507944710e+01 1.385751048742e+01 2.969131231352e+01 1 1 1 0.0 0.0 0.0
Se 1.185905245227e+01 3.535384451716e+00 2.969131231352e+01 1 1 1 0.0 0.0 0.0
Se 1.175972774799e+01 7.664234866000e+00 2.969131231352e+01 1 1 1 0.0 0.0 0.0
Se 1.166040304370e+01 1.179308528028e+01 2.969131231352e+01 1 1 1 0.0 0.0 0.0
Se 8.134376048876e+00 1.470959244575e+00 2.969131231352e+01 1 1 1 0.0 0.0 0.0
Se 8.035051344590e+00 5.599809658858e+00 2.969131231352e+01 1 1 1 0.0 0.0 0.0
Se 7.935726640305e+00 9.728660073141e+00 2.969131231352e+01 1 1 1 0.0 0.0 0.0
Se 7.836401936019e+00 1.385751048742e+01 2.969131231352e+01 1 1 1 0.0 0.0 0.0
Se 1.156107833941e+01 1.592193569457e+01 2.969131231352e+01 1 1 1 0.0 0.0 0.0
Se 4.310374941195e+00 3.535384451716e+00 2.969131231352e+01 1 1 1 0.0 0.0 0.0
Se 4.211050236909e+00 7.664234866000e+00 2.969131231352e+01 1 1 1 0.0 0.0 0.0
Se 1.920908055478e+01 1.179308528028e+01 2.969131231352e+01 1 1 1 0.0 0.0 0.0
Se 1.568305355995e+01 1.470959244575e+00 2.969131231352e+01 1 1 1 0.0 0.0 0.0
Se 1.558372885567e+01 5.599809658858e+00 2.969131231352e+01 1 1 1 0.0 0.0 0.0
Se 1.910975585049e+01 1.592193569457e+01 2.969131231352e+01 1 1 1 0.0 0.0 0.0
Se 1.676774946793e+01 1.177025074173e+01 2.692457590224e+01 1 1 1 0.0 0.0 0.0
Se 1.666842476365e+01 1.589910115602e+01 2.692457590224e+01 1 1 1 0.0 0.0 0.0
Se 1.314239776882e+01 5.576975120310e+00 2.692457590224e+01 1 1 1 0.0 0.0 0.0
Se 1.304307306454e+01 9.705825534593e+00 2.692457590224e+01 1 1 1 0.0 0.0 0.0
Se 1.294374836025e+01 1.383467594888e+01 2.692457590224e+01 1 1 1 0.0 0.0 0.0
Se 9.417721365428e+00 3.512549913168e+00 2.692457590224e+01 1 1 1 0.0 0.0 0.0
Se 9.318396661142e+00 7.641400327451e+00 2.692457590224e+01 1 1 1 0.0 0.0 0.0
Se 9.219071956857e+00 1.177025074173e+01 2.692457590224e+01 1 1 1 0.0 0.0 0.0
Se 9.119747252571e+00 1.589910115602e+01 2.692457590224e+01 1 1 1 0.0 0.0 0.0
Se 5.693044962033e+00 1.448124706026e+00 2.692457590224e+01 1 1 1 0.0 0.0 0.0
Se 5.593720257747e+00 5.576975120310e+00 2.692457590224e+01 1 1 1 0.0 0.0 0.0
Se 5.494395553461e+00 9.705825534593e+00 2.692457590224e+01 1 1 1 0.0 0.0 0.0
Se 2.049242587133e+01 1.383467594888e+01 2.692457590224e+01 1 1 1 0.0 0.0 0.0
Se 1.869043854352e+00 3.512549913168e+00 2.692457590224e+01 1 1 1 0.0 0.0 0.0
Se 1.686707417222e+01 7.641400327451e+00 2.692457590224e+01 1 1 1 0.0 0.0 0.0
Se 1.324172247311e+01 1.448124706026e+00 2.692457590224e+01 1 1 1 0.0 0.0 0.0
Se 1.555833192290e+01 9.686322796196e+00 2.330671355540e+01 1 1 1 0.0 0.0 0.0
Se 1.545900721861e+01 1.381517321048e+01 2.330671355540e+01 1 1 1 0.0 0.0 0.0
Se 1.193298022379e+01 3.493047174771e+00 2.330671355540e+01 1 1 1 0.0 0.0 0.0
Se 1.183365551950e+01 7.621897589054e+00 2.330671355540e+01 1 1 1 0.0 0.0 0.0
Se 1.173433081522e+01 1.175074800334e+01 2.330671355540e+01 1 1 1 0.0 0.0 0.0
Se 8.208303820394e+00 1.428621967629e+00 2.330671355540e+01 1 1 1 0.0 0.0 0.0
Se 8.108979116108e+00 5.557472381913e+00 2.330671355540e+01 1 1 1 0.0 0.0 0.0
Se 8.009654411822e+00 9.686322796196e+00 2.330671355540e+01 1 1 1 0.0 0.0 0.0
Se 7.910329707536e+00 1.381517321048e+01 2.330671355540e+01 1 1 1 0.0 0.0 0.0
Se 1.163500611093e+01 1.587959841762e+01 2.330671355540e+01 1 1 1 0.0 0.0 0.0
Se 4.384302712713e+00 3.493047174771e+00 2.330671355540e+01 1 1 1 0.0 0.0 0.0
Se 4.284978008427e+00 7.621897589054e+00 2.330671355540e+01 1 1 1 0.0 0.0 0.0
Se 1.928300832629e+01 1.175074800334e+01 2.330671355540e+01 1 1 1 0.0 0.0 0.0
Se 6.596263093176e-01 1.428621967629e+00 2.330671355540e+01 1 1 1 0.0 0.0 0.0
Se 1.565765662718e+01 5.557472381913e+00 2.330671355540e+01 1 1 1 0.0 0.0 0.0
Se 1.918368362201e+01 1.587959841762e+01 2.330671355540e+01 1 1 1 0.0 0.0 0.0
Se 1.433820231163e+01 7.613910212434e+00 1.968357859229e+01 1 1 1 0.0 0.0 0.0
Se 1.423887760734e+01 1.174276062672e+01 1.968357859229e+01 1 1 1 0.0 0.0 0.0
Se 1.071285061252e+01 1.420634591009e+00 1.968357859229e+01 1 1 1 0.0 0.0 0.0
Se 1.061352590823e+01 5.549485005293e+00 1.968357859229e+01 1 1 1 0.0 0.0 0.0
Se 1.051420120395e+01 9.678335419576e+00 1.968357859229e+01 1 1 1 0.0 0.0 0.0
Se 1.413955290306e+01 1.587161104100e+01 1.968357859229e+01 1 1 1 0.0 0.0 0.0
Se 6.888849504838e+00 3.485059798151e+00 1.968357859229e+01 1 1 1 0.0 0.0 0.0
Se 6.789524800552e+00 7.613910212434e+00 1.968357859229e+01 1 1 1 0.0 0.0 0.0
Se 6.690200096267e+00 1.174276062672e+01 1.968357859229e+01 1 1 1 0.0 0.0 0.0
Se 1.041487649966e+01 1.380718583386e+01 1.968357859229e+01 1 1 1 0.0 0.0 0.0
Se 3.164173101443e+00 1.420634591009e+00 1.968357859229e+01 1 1 1 0.0 0.0 0.0
Se 3.064848397157e+00 5.549485005293e+00 1.968357859229e+01 1 1 1 0.0 0.0 0.0
Se 1.806287871502e+01 9.678335419576e+00 1.968357859229e+01 1 1 1 0.0 0.0 0.0
Se 2.168823041413e+01 1.587161104100e+01 1.968357859229e+01 1 1 1 0.0 0.0 0.0
Se 1.443752701591e+01 3.485059798151e+00 1.968357859229e+01 1 1 1 0.0 0.0 0.0
Se 1.796355401074e+01 1.380718583386e+01 1.968357859229e+01 1 1 1 0.0 0.0 0.0
"