calculation_mode = "Quench Electrons"
cell_relax = "False"
charge_density_mixing = "0.15"
charge_mixing_type = "Broyden"
description = "Example parameters for high-throughput bulk relaxation of a vdW material"
dipole_moment = "True"
dos_broading = "0.05"
dos_method = "Gaussian"
energy_convergence_criterion = "1e-08"
energy_output_units = "Hartrees"
kohn_sham_mucycles = "3"
kohn_sham_solver = "davidson"
kpoint_distribution = "1"
kpoint_mesh = "1 1 1"
localize_projectors = "False"
max_md_steps = "100"
max_scf_steps = "200"
non_local_block_size = "4000"
output_wave_function_file = "/dev/null"
potential_acceleration_constant_step = "1.5"
processor_grid = "6 13 16"
rms_convergence_criterion = "1e-08"
scalapack_block_factor = "64"
start_mode = "LCAO Start"
state_block_size = "64"
stress = "True"
subdiag_driver = "scalapack"
test_energy_tolerance = "1e-05"
use_async_allreduce = "False"
vdw_corr = "DFT-D3"
vdwdf_kernel_filepath = "/lustre/orion/world-shared/cph162/rjmorelock/rmgdft/XC/vdW_kernel_table"
wavefunction_grid = "156 358 426"
write_data_period = "50"

atomic_coordinate_type = "Absolute"
crds_units = "Angstrom"
lattice_units = "Angstrom"

lattice_vector = "
1.832749387347e+01 0.000000000000e+00 1.100000000000e-15
1.963660058868e+00 4.194762753383e+01 2.600000000000e-15
0.000000000000e+00 0.000000000000e+00 4.998930533072e+01
"
atoms = "
Nb 3.137460601210e+00 4.118701077811e+01 1.782833092694e+01 1 1 1 0.0 0.0 0.0
Nb 1.828353895046e+00 2.640542233512e+00 1.782833092694e+01 1 1 1 0.0 0.0 0.0
Nb 4.446567305488e+00 3.731029073590e-01 1.782833092694e+01 1 1 1 0.0 0.0 0.0
Nb 2.482907247751e+00 6.041701222742e+00 1.782833092694e+01 1 1 1 0.0 0.0 0.0
Nb 5.101120658193e+00 3.774261896589e+00 1.782833092694e+01 1 1 1 0.0 0.0 0.0
Nb 7.719334068634e+00 1.506822570436e+00 1.782833092694e+01 1 1 1 0.0 0.0 0.0
Nb 1.230120753794e+01 4.118701077811e+01 1.782833092694e+01 1 1 1 0.0 0.0 0.0
Nb 3.137460600455e+00 9.442860211971e+00 1.782833092694e+01 1 1 1 0.0 0.0 0.0
Nb 5.755674010897e+00 7.175420885818e+00 1.782833092694e+01 1 1 1 0.0 0.0 0.0
Nb 8.373887421339e+00 4.907981559665e+00 1.782833092694e+01 1 1 1 0.0 0.0 0.0
Nb 1.099210083178e+01 2.640542233512e+00 1.782833092694e+01 1 1 1 0.0 0.0 0.0
Nb 1.361031424222e+01 3.731029073590e-01 1.782833092694e+01 1 1 1 0.0 0.0 0.0
Nb 3.792013953160e+00 1.284401920120e+01 1.782833092694e+01 1 1 1 0.0 0.0 0.0
Nb 6.410227363602e+00 1.057657987505e+01 1.782833092694e+01 1 1 1 0.0 0.0 0.0
Nb 9.028440774044e+00 8.309140548895e+00 1.782833092694e+01 1 1 1 0.0 0.0 0.0
Nb 1.164665418449e+01 6.041701222742e+00 1.782833092694e+01 1 1 1 0.0 0.0 0.0
Nb 1.426486759493e+01 3.774261896589e+00 1.782833092694e+01 1 1 1 0.0 0.0 0.0
Nb 1.688308100537e+01 1.506822570436e+00 1.782833092694e+01 1 1 1 0.0 0.0 0.0
Nb 4.446567305865e+00 1.624517819043e+01 1.782833092694e+01 1 1 1 0.0 0.0 0.0
Nb 7.064780716307e+00 1.397773886428e+01 1.782833092694e+01 1 1 1 0.0 0.0 0.0
Nb 9.682994126748e+00 1.171029953812e+01 1.782833092694e+01 1 1 1 0.0 0.0 0.0
Nb 1.230120753719e+01 9.442860211971e+00 1.782833092694e+01 1 1 1 0.0 0.0 0.0
Nb 1.491942094763e+01 7.175420885818e+00 1.782833092694e+01 1 1 1 0.0 0.0 0.0
Nb 1.753763435807e+01 4.907981559665e+00 1.782833092694e+01 1 1 1 0.0 0.0 0.0
Nb 2.482907248128e+00 2.191377650581e+01 1.782833092694e+01 1 1 1 0.0 0.0 0.0
Nb 5.101120658570e+00 1.964633717966e+01 1.782833092694e+01 1 1 1 0.0 0.0 0.0
Nb 7.719334069011e+00 1.737889785351e+01 1.782833092694e+01 1 1 1 0.0 0.0 0.0
Nb 1.033754747945e+01 1.511145852735e+01 1.782833092694e+01 1 1 1 0.0 0.0 0.0
Nb 1.295576088989e+01 1.284401920120e+01 1.782833092694e+01 1 1 1 0.0 0.0 0.0
Nb 1.557397430034e+01 1.057657987505e+01 1.782833092694e+01 1 1 1 0.0 0.0 0.0
Nb 1.819218771078e+01 8.309140548895e+00 1.782833092694e+01 1 1 1 0.0 0.0 0.0
Nb 3.137460600833e+00 2.531493549504e+01 1.782833092694e+01 1 1 1 0.0 0.0 0.0
Nb 5.755674011274e+00 2.304749616889e+01 1.782833092694e+01 1 1 1 0.0 0.0 0.0
Nb 8.373887421716e+00 2.078005684274e+01 1.782833092694e+01 1 1 1 0.0 0.0 0.0
Nb 1.099210083216e+01 1.851261751658e+01 1.782833092694e+01 1 1 1 0.0 0.0 0.0
Nb 1.361031424260e+01 1.624517819043e+01 1.782833092694e+01 1 1 1 0.0 0.0 0.0
Nb 1.622852765304e+01 1.397773886428e+01 1.782833092694e+01 1 1 1 0.0 0.0 0.0
Nb 1.884674106348e+01 1.171029953812e+01 1.782833092694e+01 1 1 1 0.0 0.0 0.0
Nb 3.792013953537e+00 2.871609448427e+01 1.782833092694e+01 1 1 1 0.0 0.0 0.0
Nb 6.410227363979e+00 2.644865515812e+01 1.782833092694e+01 1 1 1 0.0 0.0 0.0
Nb 9.028440774421e+00 2.418121583197e+01 1.782833092694e+01 1 1 1 0.0 0.0 0.0
Nb 1.164665418486e+01 2.191377650581e+01 1.782833092694e+01 1 1 1 0.0 0.0 0.0
Nb 1.426486759530e+01 1.964633717966e+01 1.782833092694e+01 1 1 1 0.0 0.0 0.0
Nb 1.688308100575e+01 1.737889785351e+01 1.782833092694e+01 1 1 1 0.0 0.0 0.0
Nb 1.173800542718e+00 1.511145852735e+01 1.782833092694e+01 1 1 1 0.0 0.0 0.0
Nb 4.446567306242e+00 3.211725347350e+01 1.782833092694e+01 1 1 1 0.0 0.0 0.0
Nb 7.064780716684e+00 2.984981414735e+01 1.782833092694e+01 1 1 1 0.0 0.0 0.0
Nb 9.682994127125e+00 2.758237482120e+01 1.782833092694e+01 1 1 1 0.0 0.0 0.0
Nb 1.230120753757e+01 2.531493549504e+01 1.782833092694e+01 1 1 1 0.0 0.0 0.0
Nb 1.491942094801e+01 2.304749616889e+01 1.782833092694e+01 1 1 1 0.0 0.0 0.0
Nb 1.753763435845e+01 2.078005684274e+01 1.782833092694e+01 1 1 1 0.0 0.0 0.0
Nb 1.828353895423e+00 1.851261751658e+01 1.782833092694e+01 1 1 1 0.0 0.0 0.0
Nb 5.101120658947e+00 3.551841246273e+01 1.782833092694e+01 1 1 1 0.0 0.0 0.0
Nb 7.719334069388e+00 3.325097313658e+01 1.782833092694e+01 1 1 1 0.0 0.0 0.0
Nb 1.033754747983e+01 3.098353381042e+01 1.782833092694e+01 1 1 1 0.0 0.0 0.0
Nb 1.295576089027e+01 2.871609448427e+01 1.782833092694e+01 1 1 1 0.0 0.0 0.0
Nb 1.557397430071e+01 2.644865515812e+01 1.782833092694e+01 1 1 1 0.0 0.0 0.0
Nb 1.819218771116e+01 2.418121583197e+01 1.782833092694e+01 1 1 1 0.0 0.0 0.0
Nb 5.755674011651e+00 3.891957145196e+01 1.782833092694e+01 1 1 1 0.0 0.0 0.0
Nb 8.373887422093e+00 3.665213212581e+01 1.782833092694e+01 1 1 1 0.0 0.0 0.0
Nb 1.099210083253e+01 3.438469279965e+01 1.782833092694e+01 1 1 1 0.0 0.0 0.0
Nb 1.361031424298e+01 3.211725347350e+01 1.782833092694e+01 1 1 1 0.0 0.0 0.0
Nb 1.622852765342e+01 2.984981414735e+01 1.782833092694e+01 1 1 1 0.0 0.0 0.0
Nb 1.884674106386e+01 2.758237482120e+01 1.782833092694e+01 1 1 1 0.0 0.0 0.0
Nb 9.028440774798e+00 4.005329111504e+01 1.782833092694e+01 1 1 1 0.0 0.0 0.0
Nb 1.164665418524e+01 3.778585178888e+01 1.782833092694e+01 1 1 1 0.0 0.0 0.0
Nb 1.426486759568e+01 3.551841246273e+01 1.782833092694e+01 1 1 1 0.0 0.0 0.0
Nb 1.688308100612e+01 3.325097313658e+01 1.782833092694e+01 1 1 1 0.0 0.0 0.0
Nb 1.950129441656e+01 3.098353381042e+01 1.782833092694e+01 1 1 1 0.0 0.0 0.0
Nb 1.491942094839e+01 3.891957145196e+01 1.782833092694e+01 1 1 1 0.0 0.0 0.0
Nb 1.753763435883e+01 3.665213212581e+01 1.782833092694e+01 1 1 1 0.0 0.0 0.0
Nb 1.828353895800e+00 3.438469279965e+01 1.782833092694e+01 1 1 1 0.0 0.0 0.0
Nb 1.819218771153e+01 4.005329111504e+01 1.782833092694e+01 1 1 1 0.0 0.0 0.0
Nb 2.482907248505e+00 3.778585178888e+01 1.782833092694e+01 1 1 1 0.0 0.0 0.0
Nb 3.144590463159e+00 4.119374232150e+01 1.168208868332e+01 1 1 1 0.0 0.0 0.0
Nb 1.835483756996e+00 2.647273776895e+00 1.168208868332e+01 1 1 1 0.0 0.0 0.0
Nb 4.453697167437e+00 3.798344507419e-01 1.168208868332e+01 1 1 1 0.0 0.0 0.0
Nb 2.490037109700e+00 6.048432766124e+00 1.168208868332e+01 1 1 1 0.0 0.0 0.0
Nb 5.108250520142e+00 3.780993439971e+00 1.168208868332e+01 1 1 1 0.0 0.0 0.0
Nb 7.726463930584e+00 1.513554113818e+00 1.168208868332e+01 1 1 1 0.0 0.0 0.0
Nb 1.230833739989e+01 4.119374232150e+01 1.168208868332e+01 1 1 1 0.0 0.0 0.0
Nb 3.144590462405e+00 9.449591755354e+00 1.168208868332e+01 1 1 1 0.0 0.0 0.0
Nb 5.762803872847e+00 7.182152429201e+00 1.168208868332e+01 1 1 1 0.0 0.0 0.0
Nb 8.381017283288e+00 4.914713103048e+00 1.168208868332e+01 1 1 1 0.0 0.0 0.0
Nb 1.099923069373e+01 2.647273776895e+00 1.168208868332e+01 1 1 1 0.0 0.0 0.0
Nb 1.361744410417e+01 3.798344507419e-01 1.168208868332e+01 1 1 1 0.0 0.0 0.0
Nb 3.799143815110e+00 1.285075074458e+01 1.168208868332e+01 1 1 1 0.0 0.0 0.0
Nb 6.417357225551e+00 1.058331141843e+01 1.168208868332e+01 1 1 1 0.0 0.0 0.0
Nb 9.035570635993e+00 8.315872092277e+00 1.168208868332e+01 1 1 1 0.0 0.0 0.0
Nb 1.165378404643e+01 6.048432766124e+00 1.168208868332e+01 1 1 1 0.0 0.0 0.0
Nb 1.427199745688e+01 3.780993439971e+00 1.168208868332e+01 1 1 1 0.0 0.0 0.0
Nb 1.689021086732e+01 1.513554113818e+00 1.168208868332e+01 1 1 1 0.0 0.0 0.0
Nb 4.453697167814e+00 1.625190973381e+01 1.168208868332e+01 1 1 1 0.0 0.0 0.0
Nb 7.071910578256e+00 1.398447040766e+01 1.168208868332e+01 1 1 1 0.0 0.0 0.0
Nb 9.690123988698e+00 1.171703108151e+01 1.168208868332e+01 1 1 1 0.0 0.0 0.0
Nb 1.230833739914e+01 9.449591755354e+00 1.168208868332e+01 1 1 1 0.0 0.0 0.0
Nb 1.492655080958e+01 7.182152429201e+00 1.168208868332e+01 1 1 1 0.0 0.0 0.0
Nb 1.754476422002e+01 4.914713103048e+00 1.168208868332e+01 1 1 1 0.0 0.0 0.0
Nb 2.490037110077e+00 2.192050804920e+01 1.168208868332e+01 1 1 1 0.0 0.0 0.0
Nb 5.108250520519e+00 1.965306872304e+01 1.168208868332e+01 1 1 1 0.0 0.0 0.0
Nb 7.726463930961e+00 1.738562939689e+01 1.168208868332e+01 1 1 1 0.0 0.0 0.0
Nb 1.034467734140e+01 1.511819007074e+01 1.168208868332e+01 1 1 1 0.0 0.0 0.0
Nb 1.296289075184e+01 1.285075074458e+01 1.168208868332e+01 1 1 1 0.0 0.0 0.0
Nb 1.558110416229e+01 1.058331141843e+01 1.168208868332e+01 1 1 1 0.0 0.0 0.0
Nb 1.819931757273e+01 8.315872092277e+00 1.168208868332e+01 1 1 1 0.0 0.0 0.0
Nb 3.144590462782e+00 2.532166703843e+01 1.168208868332e+01 1 1 1 0.0 0.0 0.0
Nb 5.762803873224e+00 2.305422771227e+01 1.168208868332e+01 1 1 1 0.0 0.0 0.0
Nb 8.381017283666e+00 2.078678838612e+01 1.168208868332e+01 1 1 1 0.0 0.0 0.0
Nb 1.099923069411e+01 1.851934905997e+01 1.168208868332e+01 1 1 1 0.0 0.0 0.0
Nb 1.361744410455e+01 1.625190973381e+01 1.168208868332e+01 1 1 1 0.0 0.0 0.0
Nb 1.623565751499e+01 1.398447040766e+01 1.168208868332e+01 1 1 1 0.0 0.0 0.0
Nb 1.885387092543e+01 1.171703108151e+01 1.168208868332e+01 1 1 1 0.0 0.0 0.0
Nb 3.799143815487e+00 2.872282602765e+01 1.168208868332e+01 1 1 1 0.0 0.0 0.0
Nb 6.417357225929e+00 2.645538670150e+01 1.168208868332e+01 1 1 1 0.0 0.0 0.0
Nb 9.035570636370e+00 2.418794737535e+01 1.168208868332e+01 1 1 1 0.0 0.0 0.0
Nb 1.165378404681e+01 2.192050804920e+01 1.168208868332e+01 1 1 1 0.0 0.0 0.0
Nb 1.427199745725e+01 1.965306872304e+01 1.168208868332e+01 1 1 1 0.0 0.0 0.0
Nb 1.689021086770e+01 1.738562939689e+01 1.168208868332e+01 1 1 1 0.0 0.0 0.0
Nb 1.180930404668e+00 1.511819007074e+01 1.168208868332e+01 1 1 1 0.0 0.0 0.0
Nb 4.453697168191e+00 3.212398501688e+01 1.168208868332e+01 1 1 1 0.0 0.0 0.0
Nb 7.071910578633e+00 2.985654569073e+01 1.168208868332e+01 1 1 1 0.0 0.0 0.0
Nb 9.690123989075e+00 2.758910636458e+01 1.168208868332e+01 1 1 1 0.0 0.0 0.0
Nb 1.230833739952e+01 2.532166703843e+01 1.168208868332e+01 1 1 1 0.0 0.0 0.0
Nb 1.492655080996e+01 2.305422771227e+01 1.168208868332e+01 1 1 1 0.0 0.0 0.0
Nb 1.754476422040e+01 2.078678838612e+01 1.168208868332e+01 1 1 1 0.0 0.0 0.0
Nb 1.835483757373e+00 1.851934905997e+01 1.168208868332e+01 1 1 1 0.0 0.0 0.0
Nb 5.108250520896e+00 3.552514400611e+01 1.168208868332e+01 1 1 1 0.0 0.0 0.0
Nb 7.726463931338e+00 3.325770467996e+01 1.168208868332e+01 1 1 1 0.0 0.0 0.0
Nb 1.034467734178e+01 3.099026535381e+01 1.168208868332e+01 1 1 1 0.0 0.0 0.0
Nb 1.296289075222e+01 2.872282602765e+01 1.168208868332e+01 1 1 1 0.0 0.0 0.0
Nb 1.558110416266e+01 2.645538670150e+01 1.168208868332e+01 1 1 1 0.0 0.0 0.0
Nb 1.819931757310e+01 2.418794737535e+01 1.168208868332e+01 1 1 1 0.0 0.0 0.0
Nb 5.762803873601e+00 3.892630299534e+01 1.168208868332e+01 1 1 1 0.0 0.0 0.0
Nb 8.381017284043e+00 3.665886366919e+01 1.168208868332e+01 1 1 1 0.0 0.0 0.0
Nb 1.099923069448e+01 3.439142434304e+01 1.168208868332e+01 1 1 1 0.0 0.0 0.0
Nb 1.361744410493e+01 3.212398501688e+01 1.168208868332e+01 1 1 1 0.0 0.0 0.0
Nb 1.623565751537e+01 2.985654569073e+01 1.168208868332e+01 1 1 1 0.0 0.0 0.0
Nb 1.885387092581e+01 2.758910636458e+01 1.168208868332e+01 1 1 1 0.0 0.0 0.0
Nb 9.035570636747e+00 4.006002265842e+01 1.168208868332e+01 1 1 1 0.0 0.0 0.0
Nb 1.165378404719e+01 3.779258333227e+01 1.168208868332e+01 1 1 1 0.0 0.0 0.0
Nb 1.427199745763e+01 3.552514400611e+01 1.168208868332e+01 1 1 1 0.0 0.0 0.0
Nb 1.689021086807e+01 3.325770467996e+01 1.168208868332e+01 1 1 1 0.0 0.0 0.0
Nb 1.950842427851e+01 3.099026535381e+01 1.168208868332e+01 1 1 1 0.0 0.0 0.0
Nb 1.492655081034e+01 3.892630299534e+01 1.168208868332e+01 1 1 1 0.0 0.0 0.0
Nb 1.754476422078e+01 3.665886366919e+01 1.168208868332e+01 1 1 1 0.0 0.0 0.0
Nb 1.835483757750e+00 3.439142434304e+01 1.168208868332e+01 1 1 1 0.0 0.0 0.0
Nb 1.819931757348e+01 4.006002265842e+01 1.168208868332e+01 1 1 1 0.0 0.0 0.0
Nb 2.490037110454e+00 3.779258333227e+01 1.168208868332e+01 1 1 1 0.0 0.0 0.0
Bi 1.445294401438e+01 2.371038465185e+01 3.834784015603e+01 1 1 1 0.0 0.0 0.0
Bi 1.392673445649e+01 2.782289715517e+01 3.834784015603e+01 1 1 1 0.0 0.0 0.0
Bi 1.340052489859e+01 3.193540965848e+01 3.834784015603e+01 1 1 1 0.0 0.0 0.0
Bi 1.287431534070e+01 3.604792216180e+01 3.834784015603e+01 1 1 1 0.0 0.0 0.0
Bi 1.234810578281e+01 4.016043466512e+01 3.834784015603e+01 1 1 1 0.0 0.0 0.0
Bi 1.320800920600e+01 4.792827136592e+00 3.834784015603e+01 1 1 1 0.0 0.0 0.0
Bi 1.268179964811e+01 8.905339639909e+00 3.834784015603e+01 1 1 1 0.0 0.0 0.0
Bi 1.215559009021e+01 1.301785214323e+01 3.834784015603e+01 1 1 1 0.0 0.0 0.0
Bi 1.162938053232e+01 1.713036464654e+01 3.834784015603e+01 1 1 1 0.0 0.0 0.0
Bi 1.110317097442e+01 2.124287714986e+01 3.834784015603e+01 1 1 1 0.0 0.0 0.0
Bi 1.057696141653e+01 2.535538965318e+01 3.834784015603e+01 1 1 1 0.0 0.0 0.0
Bi 1.005075185864e+01 2.946790215649e+01 3.834784015603e+01 1 1 1 0.0 0.0 0.0
Bi 9.524542300742e+00 3.358041465981e+01 3.834784015603e+01 1 1 1 0.0 0.0 0.0
Bi 8.998332742848e+00 3.769292716313e+01 3.834784015603e+01 1 1 1 0.0 0.0 0.0
Bi 8.472123184954e+00 4.180543966644e+01 3.834784015603e+01 1 1 1 0.0 0.0 0.0
Bi 9.858236166043e+00 2.325319634602e+00 3.834784015603e+01 1 1 1 0.0 0.0 0.0
Bi 9.332026608149e+00 6.437832137919e+00 3.834784015603e+01 1 1 1 0.0 0.0 0.0
Bi 8.805817050255e+00 1.055034464124e+01 3.834784015603e+01 1 1 1 0.0 0.0 0.0
Bi 8.279607492361e+00 1.466285714455e+01 3.834784015603e+01 1 1 1 0.0 0.0 0.0
Bi 7.753397934467e+00 1.877536964787e+01 3.834784015603e+01 1 1 1 0.0 0.0 0.0
Bi 7.227188376573e+00 2.288788215119e+01 3.834784015603e+01 1 1 1 0.0 0.0 0.0
Bi 6.700978818679e+00 2.700039465450e+01 3.834784015603e+01 1 1 1 0.0 0.0 0.0
Bi 6.174769260785e+00 3.111290715782e+01 3.834784015603e+01 1 1 1 0.0 0.0 0.0
Bi 5.648559702891e+00 3.522541966114e+01 3.834784015603e+01 1 1 1 0.0 0.0 0.0
Bi 5.122350144997e+00 3.933793216445e+01 3.834784015603e+01 1 1 1 0.0 0.0 0.0
Bi 5.982253568192e+00 3.970324635929e+00 3.834784015603e+01 1 1 1 0.0 0.0 0.0
Bi 5.456044010298e+00 8.082837139246e+00 3.834784015603e+01 1 1 1 0.0 0.0 0.0
Bi 4.929834452404e+00 1.219534964256e+01 3.834784015603e+01 1 1 1 0.0 0.0 0.0
Bi 4.403624894510e+00 1.630786214588e+01 3.834784015603e+01 1 1 1 0.0 0.0 0.0
Bi 3.877415336616e+00 2.042037464920e+01 3.834784015603e+01 1 1 1 0.0 0.0 0.0
Bi 3.351205778722e+00 2.453288715251e+01 3.834784015603e+01 1 1 1 0.0 0.0 0.0
Bi 2.824996220828e+00 2.864539965583e+01 3.834784015603e+01 1 1 1 0.0 0.0 0.0
Bi 2.298786662934e+00 3.275791215915e+01 3.834784015603e+01 1 1 1 0.0 0.0 0.0
Bi 1.772577105040e+00 3.687042466246e+01 3.834784015603e+01 1 1 1 0.0 0.0 0.0
Bi 1.957386142061e+01 4.098293716578e+01 3.834784015603e+01 1 1 1 0.0 0.0 0.0
Bi 2.632480528235e+00 1.502817133939e+00 3.834784015603e+01 1 1 1 0.0 0.0 0.0
Bi 2.106270970341e+00 5.615329637256e+00 3.834784015603e+01 1 1 1 0.0 0.0 0.0
Bi 1.580061412447e+00 9.727842140572e+00 3.834784015603e+01 1 1 1 0.0 0.0 0.0
Bi 1.053851854552e+00 1.384035464389e+01 3.834784015603e+01 1 1 1 0.0 0.0 0.0
Bi 1.885513617013e+01 1.795286714721e+01 3.834784015603e+01 1 1 1 0.0 0.0 0.0
Bi 1.832892661223e+01 2.206537965052e+01 3.834784015603e+01 1 1 1 0.0 0.0 0.0
Bi 1.780271705434e+01 2.617789215384e+01 3.834784015603e+01 1 1 1 0.0 0.0 0.0
Bi 1.727650749645e+01 3.029040465716e+01 3.834784015603e+01 1 1 1 0.0 0.0 0.0
Bi 1.675029793855e+01 3.440291716047e+01 3.834784015603e+01 1 1 1 0.0 0.0 0.0
Bi 1.622408838066e+01 3.851542966379e+01 3.834784015603e+01 1 1 1 0.0 0.0 0.0
Bi 1.708399180385e+01 3.147822135266e+00 3.834784015603e+01 1 1 1 0.0 0.0 0.0
Bi 1.655778224596e+01 7.260334638582e+00 3.834784015603e+01 1 1 1 0.0 0.0 0.0
Bi 1.603157268806e+01 1.137284714190e+01 3.834784015603e+01 1 1 1 0.0 0.0 0.0
Bi 1.550536313017e+01 1.548535964522e+01 3.834784015603e+01 1 1 1 0.0 0.0 0.0
Bi 1.497915357228e+01 1.959787214853e+01 3.834784015603e+01 1 1 1 0.0 0.0 0.0
Bi 1.373421876389e+01 6.803146332756e-01 3.834784015603e+01 1 1 1 0.0 0.0 0.0
Bi 1.689479924273e+01 2.399792765201e+01 3.436119714775e+01 1 1 1 0.0 0.0 0.0
Bi 1.636858968483e+01 2.811044015533e+01 3.436119714775e+01 1 1 1 0.0 0.0 0.0
Bi 1.584238012694e+01 3.222295265865e+01 3.436119714775e+01 1 1 1 0.0 0.0 0.0
Bi 1.531617056905e+01 3.633546516197e+01 3.436119714775e+01 1 1 1 0.0 0.0 0.0
Bi 1.478996101115e+01 4.044797766528e+01 3.436119714775e+01 1 1 1 0.0 0.0 0.0
Bi 1.564986443435e+01 5.080370136758e+00 3.436119714775e+01 1 1 1 0.0 0.0 0.0
Bi 1.512365487645e+01 9.192882640075e+00 3.436119714775e+01 1 1 1 0.0 0.0 0.0
Bi 1.459744531856e+01 1.330539514339e+01 3.436119714775e+01 1 1 1 0.0 0.0 0.0
Bi 1.407123576067e+01 1.741790764671e+01 3.436119714775e+01 1 1 1 0.0 0.0 0.0
Bi 1.354502620277e+01 2.153042015002e+01 3.436119714775e+01 1 1 1 0.0 0.0 0.0
Bi 1.301881664488e+01 2.564293265334e+01 3.436119714775e+01 1 1 1 0.0 0.0 0.0
Bi 1.249260708698e+01 2.975544515666e+01 3.436119714775e+01 1 1 1 0.0 0.0 0.0
Bi 1.196639752909e+01 3.386795765998e+01 3.436119714775e+01 1 1 1 0.0 0.0 0.0
Bi 1.144018797120e+01 3.798047016329e+01 3.436119714775e+01 1 1 1 0.0 0.0 0.0
Bi 8.950318354433e+00 1.453551327778e-01 3.436119714775e+01 1 1 1 0.0 0.0 0.0
Bi 1.230009139439e+01 2.612862634768e+00 3.436119714775e+01 1 1 1 0.0 0.0 0.0
Bi 1.177388183650e+01 6.725375138085e+00 3.436119714775e+01 1 1 1 0.0 0.0 0.0
Bi 1.124767227860e+01 1.083788764140e+01 3.436119714775e+01 1 1 1 0.0 0.0 0.0
Bi 1.072146272071e+01 1.495040014472e+01 3.436119714775e+01 1 1 1 0.0 0.0 0.0
Bi 1.019525316281e+01 1.906291264803e+01 3.436119714775e+01 1 1 1 0.0 0.0 0.0
Bi 9.669043604920e+00 2.317542515135e+01 3.436119714775e+01 1 1 1 0.0 0.0 0.0
Bi 9.142834047026e+00 2.728793765467e+01 3.436119714775e+01 1 1 1 0.0 0.0 0.0
Bi 8.616624489132e+00 3.140045015799e+01 3.436119714775e+01 1 1 1 0.0 0.0 0.0
Bi 8.090414931238e+00 3.551296266130e+01 3.436119714775e+01 1 1 1 0.0 0.0 0.0
Bi 7.564205373344e+00 3.962547516462e+01 3.436119714775e+01 1 1 1 0.0 0.0 0.0
Bi 8.424108796539e+00 4.257867636095e+00 3.436119714775e+01 1 1 1 0.0 0.0 0.0
Bi 7.897899238645e+00 8.370380139411e+00 3.436119714775e+01 1 1 1 0.0 0.0 0.0
Bi 7.371689680751e+00 1.248289264273e+01 3.436119714775e+01 1 1 1 0.0 0.0 0.0
Bi 6.845480122857e+00 1.659540514604e+01 3.436119714775e+01 1 1 1 0.0 0.0 0.0
Bi 6.319270564963e+00 2.070791764936e+01 3.436119714775e+01 1 1 1 0.0 0.0 0.0
Bi 5.793061007069e+00 2.482043015268e+01 3.436119714775e+01 1 1 1 0.0 0.0 0.0
Bi 5.266851449175e+00 2.893294265600e+01 3.436119714775e+01 1 1 1 0.0 0.0 0.0
Bi 4.740641891281e+00 3.304545515931e+01 3.436119714775e+01 1 1 1 0.0 0.0 0.0
Bi 4.214432333386e+00 3.715796766263e+01 3.436119714775e+01 1 1 1 0.0 0.0 0.0
Bi 3.688222775492e+00 4.127048016595e+01 3.436119714775e+01 1 1 1 0.0 0.0 0.0
Bi 5.074335756582e+00 1.790360134104e+00 3.436119714775e+01 1 1 1 0.0 0.0 0.0
Bi 4.548126198688e+00 5.902872637421e+00 3.436119714775e+01 1 1 1 0.0 0.0 0.0
Bi 4.021916640793e+00 1.001538514074e+01 3.436119714775e+01 1 1 1 0.0 0.0 0.0
Bi 3.495707082899e+00 1.412789764405e+01 3.436119714775e+01 1 1 1 0.0 0.0 0.0
Bi 2.969497525005e+00 1.824041014737e+01 3.436119714775e+01 1 1 1 0.0 0.0 0.0
Bi 2.443287967111e+00 2.235292265069e+01 3.436119714775e+01 1 1 1 0.0 0.0 0.0
Bi 1.917078409217e+00 2.646543515400e+01 3.436119714775e+01 1 1 1 0.0 0.0 0.0
Bi 1.971836272479e+01 3.057794765732e+01 3.436119714775e+01 1 1 1 0.0 0.0 0.0
Bi 1.919215316690e+01 3.469046016064e+01 3.436119714775e+01 1 1 1 0.0 0.0 0.0
Bi 1.866594360900e+01 3.880297266396e+01 3.436119714775e+01 1 1 1 0.0 0.0 0.0
Bi 1.198353158730e+00 3.435365135431e+00 3.436119714775e+01 1 1 1 0.0 0.0 0.0
Bi 6.721436008361e-01 7.547877638748e+00 3.436119714775e+01 1 1 1 0.0 0.0 0.0
Bi 1.847342791641e+01 1.166039014206e+01 3.436119714775e+01 1 1 1 0.0 0.0 0.0
Bi 1.794721835852e+01 1.577290264538e+01 3.436119714775e+01 1 1 1 0.0 0.0 0.0
Bi 1.742100880062e+01 1.988541514870e+01 3.436119714775e+01 1 1 1 0.0 0.0 0.0
Bi 1.617607399224e+01 9.678576334411e-01 3.436119714775e+01 1 1 1 0.0 0.0 0.0
Bi 1.694902803001e+01 2.395619375010e+01 2.831971850542e+01 1 1 1 0.0 0.0 0.0
Bi 1.642281847212e+01 2.806870625341e+01 2.831971850542e+01 1 1 1 0.0 0.0 0.0
Bi 1.589660891422e+01 3.218121875673e+01 2.831971850542e+01 1 1 1 0.0 0.0 0.0
Bi 1.537039935633e+01 3.629373126005e+01 2.831971850542e+01 1 1 1 0.0 0.0 0.0
Bi 1.484418979843e+01 4.040624376336e+01 2.831971850542e+01 1 1 1 0.0 0.0 0.0
Bi 1.570409322163e+01 5.038636234841e+00 2.831971850542e+01 1 1 1 0.0 0.0 0.0
Bi 1.517788366374e+01 9.151148738157e+00 2.831971850542e+01 1 1 1 0.0 0.0 0.0
Bi 1.465167410584e+01 1.326366124147e+01 2.831971850542e+01 1 1 1 0.0 0.0 0.0
Bi 1.412546454795e+01 1.737617374479e+01 2.831971850542e+01 1 1 1 0.0 0.0 0.0
Bi 1.359925499005e+01 2.148868624811e+01 2.831971850542e+01 1 1 1 0.0 0.0 0.0
Bi 1.307304543216e+01 2.560119875142e+01 2.831971850542e+01 1 1 1 0.0 0.0 0.0
Bi 1.254683587427e+01 2.971371125474e+01 2.831971850542e+01 1 1 1 0.0 0.0 0.0
Bi 1.202062631637e+01 3.382622375806e+01 2.831971850542e+01 1 1 1 0.0 0.0 0.0
Bi 1.149441675848e+01 3.793873626137e+01 2.831971850542e+01 1 1 1 0.0 0.0 0.0
Bi 9.004547141715e+00 1.036212308604e-01 2.831971850542e+01 1 1 1 0.0 0.0 0.0
Bi 1.235432018167e+01 2.571128732850e+00 2.831971850542e+01 1 1 1 0.0 0.0 0.0
Bi 1.182811062378e+01 6.683641236167e+00 2.831971850542e+01 1 1 1 0.0 0.0 0.0
Bi 1.130190106588e+01 1.079615373948e+01 2.831971850542e+01 1 1 1 0.0 0.0 0.0
Bi 1.077569150799e+01 1.490866624280e+01 2.831971850542e+01 1 1 1 0.0 0.0 0.0
Bi 1.024948195010e+01 1.902117874612e+01 2.831971850542e+01 1 1 1 0.0 0.0 0.0
Bi 9.723272392202e+00 2.313369124943e+01 2.831971850542e+01 1 1 1 0.0 0.0 0.0
Bi 9.197062834308e+00 2.724620375275e+01 2.831971850542e+01 1 1 1 0.0 0.0 0.0
Bi 8.670853276414e+00 3.135871625607e+01 2.831971850542e+01 1 1 1 0.0 0.0 0.0
Bi 8.144643718520e+00 3.547122875938e+01 2.831971850542e+01 1 1 1 0.0 0.0 0.0
Bi 7.618434160626e+00 3.958374126270e+01 2.831971850542e+01 1 1 1 0.0 0.0 0.0
Bi 8.478337583821e+00 4.216133734177e+00 2.831971850542e+01 1 1 1 0.0 0.0 0.0
Bi 7.952128025927e+00 8.328646237494e+00 2.831971850542e+01 1 1 1 0.0 0.0 0.0
Bi 7.425918468033e+00 1.244115874081e+01 2.831971850542e+01 1 1 1 0.0 0.0 0.0
Bi 6.899708910139e+00 1.655367124413e+01 2.831971850542e+01 1 1 1 0.0 0.0 0.0
Bi 6.373499352245e+00 2.066618374744e+01 2.831971850542e+01 1 1 1 0.0 0.0 0.0
Bi 5.847289794351e+00 2.477869625076e+01 2.831971850542e+01 1 1 1 0.0 0.0 0.0
Bi 5.321080236457e+00 2.889120875408e+01 2.831971850542e+01 1 1 1 0.0 0.0 0.0
Bi 4.794870678563e+00 3.300372125739e+01 2.831971850542e+01 1 1 1 0.0 0.0 0.0
Bi 4.268661120669e+00 3.711623376071e+01 2.831971850542e+01 1 1 1 0.0 0.0 0.0
Bi 3.742451562775e+00 4.122874626403e+01 2.831971850542e+01 1 1 1 0.0 0.0 0.0
Bi 5.128564543864e+00 1.748626232187e+00 2.831971850542e+01 1 1 1 0.0 0.0 0.0
Bi 4.602354985970e+00 5.861138735504e+00 2.831971850542e+01 1 1 1 0.0 0.0 0.0
Bi 4.076145428076e+00 9.973651238821e+00 2.831971850542e+01 1 1 1 0.0 0.0 0.0
Bi 3.549935870182e+00 1.408616374214e+01 2.831971850542e+01 1 1 1 0.0 0.0 0.0
Bi 3.023726312287e+00 1.819867624545e+01 2.831971850542e+01 1 1 1 0.0 0.0 0.0
Bi 2.497516754393e+00 2.231118874877e+01 2.831971850542e+01 1 1 1 0.0 0.0 0.0
Bi 1.971307196499e+00 2.642370125209e+01 2.831971850542e+01 1 1 1 0.0 0.0 0.0
Bi 1.445097638605e+00 3.053621375540e+01 2.831971850542e+01 1 1 1 0.0 0.0 0.0
Bi 1.924638195418e+01 3.464872625872e+01 2.831971850542e+01 1 1 1 0.0 0.0 0.0
Bi 1.872017239629e+01 3.876123876204e+01 2.831971850542e+01 1 1 1 0.0 0.0 0.0
Bi 1.252581946012e+00 3.393631233514e+00 2.831971850542e+01 1 1 1 0.0 0.0 0.0
Bi 7.263723881182e-01 7.506143736831e+00 2.831971850542e+01 1 1 1 0.0 0.0 0.0
Bi 1.852765670369e+01 1.161865624015e+01 2.831971850542e+01 1 1 1 0.0 0.0 0.0
Bi 1.800144714580e+01 1.573116874346e+01 2.831971850542e+01 1 1 1 0.0 0.0 0.0
Bi 1.747523758791e+01 1.984368124678e+01 2.831971850542e+01 1 1 1 0.0 0.0 0.0
Bi 1.623030277952e+01 9.261237315238e-01 2.831971850542e+01 1 1 1 0.0 0.0 0.0
Bi 1.601776774963e+01 2.178176657206e+01 2.434799808390e+01 1 1 1 0.0 0.0 0.0
Bi 1.549155819174e+01 2.589427907537e+01 2.434799808390e+01 1 1 1 0.0 0.0 0.0
Bi 1.496534863384e+01 3.000679157869e+01 2.434799808390e+01 1 1 1 0.0 0.0 0.0
Bi 1.443913907595e+01 3.411930408201e+01 2.434799808390e+01 1 1 1 0.0 0.0 0.0
Bi 1.391292951805e+01 3.823181658532e+01 2.434799808390e+01 1 1 1 0.0 0.0 0.0
Bi 1.477283294125e+01 2.864209056800e+00 2.434799808390e+01 1 1 1 0.0 0.0 0.0
Bi 1.424662338336e+01 6.976721560117e+00 2.434799808390e+01 1 1 1 0.0 0.0 0.0
Bi 1.372041382546e+01 1.108923406343e+01 2.434799808390e+01 1 1 1 0.0 0.0 0.0
Bi 1.319420426757e+01 1.520174656675e+01 2.434799808390e+01 1 1 1 0.0 0.0 0.0
Bi 1.266799470967e+01 1.931425907007e+01 2.434799808390e+01 1 1 1 0.0 0.0 0.0
Bi 1.214178515178e+01 2.342677157338e+01 2.434799808390e+01 1 1 1 0.0 0.0 0.0
Bi 1.161557559389e+01 2.753928407670e+01 2.434799808390e+01 1 1 1 0.0 0.0 0.0
Bi 1.108936603599e+01 3.165179658002e+01 2.434799808390e+01 1 1 1 0.0 0.0 0.0
Bi 1.056315647810e+01 3.576430908333e+01 2.434799808390e+01 1 1 1 0.0 0.0 0.0
Bi 1.003694692020e+01 3.987682158665e+01 2.434799808390e+01 1 1 1 0.0 0.0 0.0
Bi 1.142305990129e+01 3.967015548099e-01 2.434799808390e+01 1 1 1 0.0 0.0 0.0
Bi 1.089685034340e+01 4.509214058127e+00 2.434799808390e+01 1 1 1 0.0 0.0 0.0
Bi 1.037064078550e+01 8.621726561443e+00 2.434799808390e+01 1 1 1 0.0 0.0 0.0
Bi 9.844431227611e+00 1.273423906476e+01 2.434799808390e+01 1 1 1 0.0 0.0 0.0
Bi 9.318221669716e+00 1.684675156808e+01 2.434799808390e+01 1 1 1 0.0 0.0 0.0
Bi 8.792012111822e+00 2.095926407139e+01 2.434799808390e+01 1 1 1 0.0 0.0 0.0
Bi 8.265802553928e+00 2.507177657471e+01 2.434799808390e+01 1 1 1 0.0 0.0 0.0
Bi 7.739592996034e+00 2.918428907803e+01 2.434799808390e+01 1 1 1 0.0 0.0 0.0
Bi 7.213383438140e+00 3.329680158134e+01 2.434799808390e+01 1 1 1 0.0 0.0 0.0
Bi 6.687173880246e+00 3.740931408466e+01 2.434799808390e+01 1 1 1 0.0 0.0 0.0
Bi 7.547077303441e+00 2.041706556137e+00 2.434799808390e+01 1 1 1 0.0 0.0 0.0
Bi 7.020867745547e+00 6.154219059453e+00 2.434799808390e+01 1 1 1 0.0 0.0 0.0
Bi 6.494658187653e+00 1.026673156277e+01 2.434799808390e+01 1 1 1 0.0 0.0 0.0
Bi 5.968448629759e+00 1.437924406609e+01 2.434799808390e+01 1 1 1 0.0 0.0 0.0
Bi 5.442239071865e+00 1.849175656940e+01 2.434799808390e+01 1 1 1 0.0 0.0 0.0
Bi 4.916029513971e+00 2.260426907272e+01 2.434799808390e+01 1 1 1 0.0 0.0 0.0
Bi 4.389819956077e+00 2.671678157604e+01 2.434799808390e+01 1 1 1 0.0 0.0 0.0
Bi 3.863610398183e+00 3.082929407935e+01 2.434799808390e+01 1 1 1 0.0 0.0 0.0
Bi 3.337400840289e+00 3.494180658267e+01 2.434799808390e+01 1 1 1 0.0 0.0 0.0
Bi 2.811191282395e+00 3.905431908599e+01 2.434799808390e+01 1 1 1 0.0 0.0 0.0
Bi 6.160964322352e+00 4.152182658798e+01 2.434799808390e+01 1 1 1 0.0 0.0 0.0
Bi 3.671094705590e+00 3.686711557463e+00 2.434799808390e+01 1 1 1 0.0 0.0 0.0
Bi 3.144885147696e+00 7.799224060780e+00 2.434799808390e+01 1 1 1 0.0 0.0 0.0
Bi 2.618675589802e+00 1.191173656410e+01 2.434799808390e+01 1 1 1 0.0 0.0 0.0
Bi 2.092466031908e+00 1.602424906741e+01 2.434799808390e+01 1 1 1 0.0 0.0 0.0
Bi 1.566256474014e+00 2.013676157073e+01 2.434799808390e+01 1 1 1 0.0 0.0 0.0
Bi 1.936754078959e+01 2.424927407405e+01 2.434799808390e+01 1 1 1 0.0 0.0 0.0
Bi 1.884133123169e+01 2.836178657736e+01 2.434799808390e+01 1 1 1 0.0 0.0 0.0
Bi 1.831512167380e+01 3.247429908068e+01 2.434799808390e+01 1 1 1 0.0 0.0 0.0
Bi 1.778891211591e+01 3.658681158400e+01 2.434799808390e+01 1 1 1 0.0 0.0 0.0
Bi 3.213216656325e-01 1.219204055473e+00 2.434799808390e+01 1 1 1 0.0 0.0 0.0
Bi 1.812260598121e+01 5.331716558790e+00 2.434799808390e+01 1 1 1 0.0 0.0 0.0
Bi 1.759639642331e+01 9.444229062107e+00 2.434799808390e+01 1 1 1 0.0 0.0 0.0
Bi 1.707018686542e+01 1.355674156542e+01 2.434799808390e+01 1 1 1 0.0 0.0 0.0
Bi 1.654397730753e+01 1.766925406874e+01 2.434799808390e+01 1 1 1 0.0 0.0 0.0
Bi 1.726270255801e+01 4.069932408731e+01 2.434799808390e+01 1 1 1 0.0 0.0 0.0
Se 1.950832270269e+01 4.157220327026e+01 1.000000000000e+01 1 1 1 0.0 0.0 0.0
Se 1.819921599652e+01 3.025734725654e+00 1.000000000000e+01 1 1 1 0.0 0.0 0.0
Se 2.489935533496e+00 7.582953995015e-01 1.000000000000e+01 1 1 1 0.0 0.0 0.0
Se 5.262754757587e-01 6.426893714884e+00 1.000000000000e+01 1 1 1 0.0 0.0 0.0
Se 3.144488886200e+00 4.159454388731e+00 1.000000000000e+01 1 1 1 0.0 0.0 0.0
Se 5.762702296642e+00 1.892015062578e+00 1.000000000000e+01 1 1 1 0.0 0.0 0.0
Se 1.034457576595e+01 4.157220327026e+01 1.000000000000e+01 1 1 1 0.0 0.0 0.0
Se 1.180828828463e+00 9.828052704114e+00 1.000000000000e+01 1 1 1 0.0 0.0 0.0
Se 3.799042238905e+00 7.560613377961e+00 1.000000000000e+01 1 1 1 0.0 0.0 0.0
Se 6.417255649347e+00 5.293174051807e+00 1.000000000000e+01 1 1 1 0.0 0.0 0.0
Se 9.035469059789e+00 3.025734725654e+00 1.000000000000e+01 1 1 1 0.0 0.0 0.0
Se 1.165368247023e+01 7.582953995015e-01 1.000000000000e+01 1 1 1 0.0 0.0 0.0
Se 1.835382181168e+00 1.322921169334e+01 1.000000000000e+01 1 1 1 0.0 0.0 0.0
Se 4.453595591610e+00 1.096177236719e+01 1.000000000000e+01 1 1 1 0.0 0.0 0.0
Se 7.071809002052e+00 8.694333041037e+00 1.000000000000e+01 1 1 1 0.0 0.0 0.0
Se 9.690022412493e+00 6.426893714884e+00 1.000000000000e+01 1 1 1 0.0 0.0 0.0
Se 1.230823582293e+01 4.159454388731e+00 1.000000000000e+01 1 1 1 0.0 0.0 0.0
Se 1.492644923338e+01 1.892015062578e+00 1.000000000000e+01 1 1 1 0.0 0.0 0.0
Se 2.489935533873e+00 1.663037068257e+01 1.000000000000e+01 1 1 1 0.0 0.0 0.0
Se 5.108148944314e+00 1.436293135642e+01 1.000000000000e+01 1 1 1 0.0 0.0 0.0
Se 7.726362354756e+00 1.209549203027e+01 1.000000000000e+01 1 1 1 0.0 0.0 0.0
Se 1.034457576520e+01 9.828052704114e+00 1.000000000000e+01 1 1 1 0.0 0.0 0.0
Se 1.296278917564e+01 7.560613377961e+00 1.000000000000e+01 1 1 1 0.0 0.0 0.0
Se 1.558100258608e+01 5.293174051807e+00 1.000000000000e+01 1 1 1 0.0 0.0 0.0
Se 1.885376934960e+01 2.229896899796e+01 1.000000000000e+01 1 1 1 0.0 0.0 0.0
Se 3.144488886577e+00 2.003152967180e+01 1.000000000000e+01 1 1 1 0.0 0.0 0.0
Se 5.762702297019e+00 1.776409034565e+01 1.000000000000e+01 1 1 1 0.0 0.0 0.0
Se 8.380915707461e+00 1.549665101950e+01 1.000000000000e+01 1 1 1 0.0 0.0 0.0
Se 1.099912911790e+01 1.322921169334e+01 1.000000000000e+01 1 1 1 0.0 0.0 0.0
Se 1.361734252834e+01 1.096177236719e+01 1.000000000000e+01 1 1 1 0.0 0.0 0.0
Se 1.623555593879e+01 8.694333041037e+00 1.000000000000e+01 1 1 1 0.0 0.0 0.0
Se 1.950832270231e+01 2.570012798718e+01 1.000000000000e+01 1 1 1 0.0 0.0 0.0
Se 3.799042239282e+00 2.343268866103e+01 1.000000000000e+01 1 1 1 0.0 0.0 0.0
Se 6.417255649724e+00 2.116524933488e+01 1.000000000000e+01 1 1 1 0.0 0.0 0.0
Se 9.035469060166e+00 1.889781000873e+01 1.000000000000e+01 1 1 1 0.0 0.0 0.0
Se 1.165368247061e+01 1.663037068257e+01 1.000000000000e+01 1 1 1 0.0 0.0 0.0
Se 1.427189588105e+01 1.436293135642e+01 1.000000000000e+01 1 1 1 0.0 0.0 0.0
Se 1.689010929149e+01 1.209549203027e+01 1.000000000000e+01 1 1 1 0.0 0.0 0.0
Se 1.835382181545e+00 2.910128697641e+01 1.000000000000e+01 1 1 1 0.0 0.0 0.0
Se 4.453595591987e+00 2.683384765026e+01 1.000000000000e+01 1 1 1 0.0 0.0 0.0
Se 7.071809002429e+00 2.456640832411e+01 1.000000000000e+01 1 1 1 0.0 0.0 0.0
Se 9.690022412870e+00 2.229896899796e+01 1.000000000000e+01 1 1 1 0.0 0.0 0.0
Se 1.230823582331e+01 2.003152967180e+01 1.000000000000e+01 1 1 1 0.0 0.0 0.0
Se 1.492644923375e+01 1.776409034565e+01 1.000000000000e+01 1 1 1 0.0 0.0 0.0
Se 1.754466264420e+01 1.549665101950e+01 1.000000000000e+01 1 1 1 0.0 0.0 0.0
Se 2.489935534250e+00 3.250244596564e+01 1.000000000000e+01 1 1 1 0.0 0.0 0.0
Se 5.108148944692e+00 3.023500663949e+01 1.000000000000e+01 1 1 1 0.0 0.0 0.0
Se 7.726362355133e+00 2.796756731334e+01 1.000000000000e+01 1 1 1 0.0 0.0 0.0
Se 1.034457576557e+01 2.570012798718e+01 1.000000000000e+01 1 1 1 0.0 0.0 0.0
Se 1.296278917602e+01 2.343268866103e+01 1.000000000000e+01 1 1 1 0.0 0.0 0.0
Se 1.558100258646e+01 2.116524933488e+01 1.000000000000e+01 1 1 1 0.0 0.0 0.0
Se 1.819921599690e+01 1.889781000873e+01 1.000000000000e+01 1 1 1 0.0 0.0 0.0
Se 3.144488886955e+00 3.590360495487e+01 1.000000000000e+01 1 1 1 0.0 0.0 0.0
Se 5.762702297396e+00 3.363616562872e+01 1.000000000000e+01 1 1 1 0.0 0.0 0.0
Se 8.380915707838e+00 3.136872630257e+01 1.000000000000e+01 1 1 1 0.0 0.0 0.0
Se 1.099912911828e+01 2.910128697641e+01 1.000000000000e+01 1 1 1 0.0 0.0 0.0
Se 1.361734252872e+01 2.683384765026e+01 1.000000000000e+01 1 1 1 0.0 0.0 0.0
Se 1.623555593916e+01 2.456640832411e+01 1.000000000000e+01 1 1 1 0.0 0.0 0.0
Se 3.799042239659e+00 3.930476394410e+01 1.000000000000e+01 1 1 1 0.0 0.0 0.0
Se 6.417255650101e+00 3.703732461795e+01 1.000000000000e+01 1 1 1 0.0 0.0 0.0
Se 9.035469060543e+00 3.476988529180e+01 1.000000000000e+01 1 1 1 0.0 0.0 0.0
Se 1.165368247098e+01 3.250244596564e+01 1.000000000000e+01 1 1 1 0.0 0.0 0.0
Se 1.427189588143e+01 3.023500663949e+01 1.000000000000e+01 1 1 1 0.0 0.0 0.0
Se 1.689010929187e+01 2.796756731334e+01 1.000000000000e+01 1 1 1 0.0 0.0 0.0
Se 7.071809002806e+00 4.043848360718e+01 1.000000000000e+01 1 1 1 0.0 0.0 0.0
Se 9.690022413247e+00 3.817104428103e+01 1.000000000000e+01 1 1 1 0.0 0.0 0.0
Se 1.230823582369e+01 3.590360495487e+01 1.000000000000e+01 1 1 1 0.0 0.0 0.0
Se 1.492644923413e+01 3.363616562872e+01 1.000000000000e+01 1 1 1 0.0 0.0 0.0
Se 1.754466264457e+01 3.136872630257e+01 1.000000000000e+01 1 1 1 0.0 0.0 0.0
Se 1.296278917639e+01 3.930476394410e+01 1.000000000000e+01 1 1 1 0.0 0.0 0.0
Se 1.558100258684e+01 3.703732461795e+01 1.000000000000e+01 1 1 1 0.0 0.0 0.0
Se 1.819921599728e+01 3.476988529180e+01 1.000000000000e+01 1 1 1 0.0 0.0 0.0
Se 1.623555593954e+01 4.043848360718e+01 1.000000000000e+01 1 1 1 0.0 0.0 0.0
Se 1.885376934998e+01 3.817104428103e+01 1.000000000000e+01 1 1 1 0.0 0.0 0.0
Se 2.015572166390e+01 3.967564435596e+01 1.614602824434e+01 1 1 1 0.0 0.0 0.0
Se 5.191210842663e-01 1.129175811363e+00 1.614602824434e+01 1 1 1 0.0 0.0 0.0
Se 5.100994553576e+00 4.080936401904e+01 1.614602824434e+01 1 1 1 0.0 0.0 0.0
Se 1.173674436971e+00 4.530334800593e+00 1.614602824434e+01 1 1 1 0.0 0.0 0.0
Se 3.791887847413e+00 2.262895474440e+00 1.614602824434e+01 1 1 1 0.0 0.0 0.0
Se 8.373761316723e+00 4.194308368212e+01 1.614602824434e+01 1 1 1 0.0 0.0 0.0
Se 1.099197472716e+01 3.967564435596e+01 1.614602824434e+01 1 1 1 0.0 0.0 0.0
Se 1.828227789676e+00 7.931493789822e+00 1.614602824434e+01 1 1 1 0.0 0.0 0.0
Se 4.446441200117e+00 5.664054463669e+00 1.614602824434e+01 1 1 1 0.0 0.0 0.0
Se 7.064654610559e+00 3.396615137516e+00 1.614602824434e+01 1 1 1 0.0 0.0 0.0
Se 9.682868021001e+00 1.129175811363e+00 1.614602824434e+01 1 1 1 0.0 0.0 0.0
Se 1.426474149031e+01 4.080936401904e+01 1.614602824434e+01 1 1 1 0.0 0.0 0.0
Se 2.482781142380e+00 1.133265277905e+01 1.614602824434e+01 1 1 1 0.0 0.0 0.0
Se 5.100994552822e+00 9.065213452899e+00 1.614602824434e+01 1 1 1 0.0 0.0 0.0
Se 7.719207963264e+00 6.797774126746e+00 1.614602824434e+01 1 1 1 0.0 0.0 0.0
Se 1.033742137371e+01 4.530334800593e+00 1.614602824434e+01 1 1 1 0.0 0.0 0.0
Se 1.295563478415e+01 2.262895474440e+00 1.614602824434e+01 1 1 1 0.0 0.0 0.0
Se 1.753750825346e+01 4.194308368212e+01 1.614602824434e+01 1 1 1 0.0 0.0 0.0
Se 3.137334495085e+00 1.473381176828e+01 1.614602824434e+01 1 1 1 0.0 0.0 0.0
Se 5.755547905527e+00 1.246637244213e+01 1.614602824434e+01 1 1 1 0.0 0.0 0.0
Se 8.373761315968e+00 1.019893311598e+01 1.614602824434e+01 1 1 1 0.0 0.0 0.0
Se 1.099197472641e+01 7.931493789822e+00 1.614602824434e+01 1 1 1 0.0 0.0 0.0
Se 1.361018813685e+01 5.664054463669e+00 1.614602824434e+01 1 1 1 0.0 0.0 0.0
Se 1.622840154729e+01 3.396615137516e+00 1.614602824434e+01 1 1 1 0.0 0.0 0.0
Se 1.173674437348e+00 2.040241008366e+01 1.614602824434e+01 1 1 1 0.0 0.0 0.0
Se 3.791887847790e+00 1.813497075751e+01 1.614602824434e+01 1 1 1 0.0 0.0 0.0
Se 6.410101258231e+00 1.586753143136e+01 1.614602824434e+01 1 1 1 0.0 0.0 0.0
Se 9.028314668673e+00 1.360009210521e+01 1.614602824434e+01 1 1 1 0.0 0.0 0.0
Se 1.164652807911e+01 1.133265277905e+01 1.614602824434e+01 1 1 1 0.0 0.0 0.0
Se 1.426474148956e+01 9.065213452899e+00 1.614602824434e+01 1 1 1 0.0 0.0 0.0
Se 1.688295490000e+01 6.797774126746e+00 1.614602824434e+01 1 1 1 0.0 0.0 0.0
Se 1.828227790053e+00 2.380356907289e+01 1.614602824434e+01 1 1 1 0.0 0.0 0.0
Se 4.446441200494e+00 2.153612974674e+01 1.614602824434e+01 1 1 1 0.0 0.0 0.0
Se 7.064654610936e+00 1.926869042059e+01 1.614602824434e+01 1 1 1 0.0 0.0 0.0
Se 9.682868021378e+00 1.700125109443e+01 1.614602824434e+01 1 1 1 0.0 0.0 0.0
Se 1.230108143182e+01 1.473381176828e+01 1.614602824434e+01 1 1 1 0.0 0.0 0.0
Se 1.491929484226e+01 1.246637244213e+01 1.614602824434e+01 1 1 1 0.0 0.0 0.0
Se 1.753750825270e+01 1.019893311598e+01 1.614602824434e+01 1 1 1 0.0 0.0 0.0
Se 2.482781142757e+00 2.720472806212e+01 1.614602824434e+01 1 1 1 0.0 0.0 0.0
Se 5.100994553199e+00 2.493728873597e+01 1.614602824434e+01 1 1 1 0.0 0.0 0.0
Se 7.719207963641e+00 2.266984940982e+01 1.614602824434e+01 1 1 1 0.0 0.0 0.0
Se 1.033742137408e+01 2.040241008366e+01 1.614602824434e+01 1 1 1 0.0 0.0 0.0
Se 1.295563478452e+01 1.813497075751e+01 1.614602824434e+01 1 1 1 0.0 0.0 0.0
Se 1.557384819497e+01 1.586753143136e+01 1.614602824434e+01 1 1 1 0.0 0.0 0.0
Se 1.819206160541e+01 1.360009210521e+01 1.614602824434e+01 1 1 1 0.0 0.0 0.0
Se 3.137334495462e+00 3.060588705135e+01 1.614602824434e+01 1 1 1 0.0 0.0 0.0
Se 5.755547905904e+00 2.833844772520e+01 1.614602824434e+01 1 1 1 0.0 0.0 0.0
Se 8.373761316346e+00 2.607100839905e+01 1.614602824434e+01 1 1 1 0.0 0.0 0.0
Se 1.099197472679e+01 2.380356907289e+01 1.614602824434e+01 1 1 1 0.0 0.0 0.0
Se 1.361018813723e+01 2.153612974674e+01 1.614602824434e+01 1 1 1 0.0 0.0 0.0
Se 1.622840154767e+01 1.926869042059e+01 1.614602824434e+01 1 1 1 0.0 0.0 0.0
Se 1.884661495811e+01 1.700125109443e+01 1.614602824434e+01 1 1 1 0.0 0.0 0.0
Se 3.791887848167e+00 3.400704604058e+01 1.614602824434e+01 1 1 1 0.0 0.0 0.0
Se 6.410101258609e+00 3.173960671443e+01 1.614602824434e+01 1 1 1 0.0 0.0 0.0
Se 9.028314669050e+00 2.947216738828e+01 1.614602824434e+01 1 1 1 0.0 0.0 0.0
Se 1.164652807949e+01 2.720472806212e+01 1.614602824434e+01 1 1 1 0.0 0.0 0.0
Se 1.426474148993e+01 2.493728873597e+01 1.614602824434e+01 1 1 1 0.0 0.0 0.0
Se 1.688295490038e+01 2.266984940982e+01 1.614602824434e+01 1 1 1 0.0 0.0 0.0
Se 4.446441200872e+00 3.740820502981e+01 1.614602824434e+01 1 1 1 0.0 0.0 0.0
Se 7.064654611313e+00 3.514076570366e+01 1.614602824434e+01 1 1 1 0.0 0.0 0.0
Se 9.682868021755e+00 3.287332637751e+01 1.614602824434e+01 1 1 1 0.0 0.0 0.0
Se 1.230108143220e+01 3.060588705135e+01 1.614602824434e+01 1 1 1 0.0 0.0 0.0
Se 1.491929484264e+01 2.833844772520e+01 1.614602824434e+01 1 1 1 0.0 0.0 0.0
Se 1.753750825308e+01 2.607100839905e+01 1.614602824434e+01 1 1 1 0.0 0.0 0.0
Se 7.719207964018e+00 3.854192469289e+01 1.614602824434e+01 1 1 1 0.0 0.0 0.0
Se 1.033742137446e+01 3.627448536674e+01 1.614602824434e+01 1 1 1 0.0 0.0 0.0
Se 1.295563478490e+01 3.400704604058e+01 1.614602824434e+01 1 1 1 0.0 0.0 0.0
Se 1.557384819534e+01 3.173960671443e+01 1.614602824434e+01 1 1 1 0.0 0.0 0.0
Se 1.819206160578e+01 2.947216738828e+01 1.614602824434e+01 1 1 1 0.0 0.0 0.0
Se 1.361018813761e+01 3.740820502981e+01 1.614602824434e+01 1 1 1 0.0 0.0 0.0
Se 1.622840154805e+01 3.514076570366e+01 1.614602824434e+01 1 1 1 0.0 0.0 0.0
Se 1.884661495849e+01 3.287332637751e+01 1.614602824434e+01 1 1 1 0.0 0.0 0.0
Se 1.688295490075e+01 3.854192469289e+01 1.614602824434e+01 1 1 1 0.0 0.0 0.0
Se 1.950116831119e+01 3.627448536674e+01 1.614602824434e+01 1 1 1 0.0 0.0 0.0
Se 1.950787985152e+01 4.157122241540e+01 1.336443756309e+01 1 1 1 0.0 0.0 0.0
Se 1.819877314535e+01 3.024753870799e+00 1.336443756309e+01 1 1 1 0.0 0.0 0.0
Se 2.489492682325e+00 7.573145446464e-01 1.336443756309e+01 1 1 1 0.0 0.0 0.0
Se 5.258326245876e-01 6.425912860029e+00 1.336443756309e+01 1 1 1 0.0 0.0 0.0
Se 3.144046035029e+00 4.158473533876e+00 1.336443756309e+01 1 1 1 0.0 0.0 0.0
Se 5.762259445471e+00 1.891034207723e+00 1.336443756309e+01 1 1 1 0.0 0.0 0.0
Se 1.034413291478e+01 4.157122241540e+01 1.336443756309e+01 1 1 1 0.0 0.0 0.0
Se 1.180385977292e+00 9.827071849258e+00 1.336443756309e+01 1 1 1 0.0 0.0 0.0
Se 3.798599387734e+00 7.559632523105e+00 1.336443756309e+01 1 1 1 0.0 0.0 0.0
Se 6.416812798176e+00 5.292193196952e+00 1.336443756309e+01 1 1 1 0.0 0.0 0.0
Se 9.035026208617e+00 3.024753870799e+00 1.336443756309e+01 1 1 1 0.0 0.0 0.0
Se 1.165323961906e+01 7.573145446464e-01 1.336443756309e+01 1 1 1 0.0 0.0 0.0
Se 1.834939329997e+00 1.322823083849e+01 1.336443756309e+01 1 1 1 0.0 0.0 0.0
Se 4.453152740439e+00 1.096079151233e+01 1.336443756309e+01 1 1 1 0.0 0.0 0.0
Se 7.071366150880e+00 8.693352186182e+00 1.336443756309e+01 1 1 1 0.0 0.0 0.0
Se 9.689579561322e+00 6.425912860029e+00 1.336443756309e+01 1 1 1 0.0 0.0 0.0
Se 1.230779297176e+01 4.158473533876e+00 1.336443756309e+01 1 1 1 0.0 0.0 0.0
Se 1.492600638221e+01 1.891034207723e+00 1.336443756309e+01 1 1 1 0.0 0.0 0.0
Se 2.489492682702e+00 1.662938982772e+01 1.336443756309e+01 1 1 1 0.0 0.0 0.0
Se 5.107706093143e+00 1.436195050156e+01 1.336443756309e+01 1 1 1 0.0 0.0 0.0
Se 7.725919503585e+00 1.209451117541e+01 1.336443756309e+01 1 1 1 0.0 0.0 0.0
Se 1.034413291403e+01 9.827071849258e+00 1.336443756309e+01 1 1 1 0.0 0.0 0.0
Se 1.296234632447e+01 7.559632523105e+00 1.336443756309e+01 1 1 1 0.0 0.0 0.0
Se 1.558055973491e+01 5.292193196952e+00 1.336443756309e+01 1 1 1 0.0 0.0 0.0
Se 1.885332649843e+01 2.229798814310e+01 1.336443756309e+01 1 1 1 0.0 0.0 0.0
Se 3.144046035406e+00 2.003054881695e+01 1.336443756309e+01 1 1 1 0.0 0.0 0.0
Se 5.762259445848e+00 1.776310949079e+01 1.336443756309e+01 1 1 1 0.0 0.0 0.0
Se 8.380472856290e+00 1.549567016464e+01 1.336443756309e+01 1 1 1 0.0 0.0 0.0
Se 1.099868626673e+01 1.322823083849e+01 1.336443756309e+01 1 1 1 0.0 0.0 0.0
Se 1.361689967717e+01 1.096079151233e+01 1.336443756309e+01 1 1 1 0.0 0.0 0.0
Se 1.623511308761e+01 8.693352186182e+00 1.336443756309e+01 1 1 1 0.0 0.0 0.0
Se 1.950787985114e+01 2.569914713233e+01 1.336443756309e+01 1 1 1 0.0 0.0 0.0
Se 3.798599388111e+00 2.343170780618e+01 1.336443756309e+01 1 1 1 0.0 0.0 0.0
Se 6.416812798553e+00 2.116426848002e+01 1.336443756309e+01 1 1 1 0.0 0.0 0.0
Se 9.035026208994e+00 1.889682915387e+01 1.336443756309e+01 1 1 1 0.0 0.0 0.0
Se 1.165323961944e+01 1.662938982772e+01 1.336443756309e+01 1 1 1 0.0 0.0 0.0
Se 1.427145302988e+01 1.436195050156e+01 1.336443756309e+01 1 1 1 0.0 0.0 0.0
Se 1.688966644032e+01 1.209451117541e+01 1.336443756309e+01 1 1 1 0.0 0.0 0.0
Se 1.834939330374e+00 2.910030612156e+01 1.336443756309e+01 1 1 1 0.0 0.0 0.0
Se 4.453152740816e+00 2.683286679541e+01 1.336443756309e+01 1 1 1 0.0 0.0 0.0
Se 7.071366151257e+00 2.456542746925e+01 1.336443756309e+01 1 1 1 0.0 0.0 0.0
Se 9.689579561699e+00 2.229798814310e+01 1.336443756309e+01 1 1 1 0.0 0.0 0.0
Se 1.230779297214e+01 2.003054881695e+01 1.336443756309e+01 1 1 1 0.0 0.0 0.0
Se 1.492600638258e+01 1.776310949079e+01 1.336443756309e+01 1 1 1 0.0 0.0 0.0
Se 1.754421979302e+01 1.549567016464e+01 1.336443756309e+01 1 1 1 0.0 0.0 0.0
Se 2.489492683079e+00 3.250146511079e+01 1.336443756309e+01 1 1 1 0.0 0.0 0.0
Se 5.107706093520e+00 3.023402578464e+01 1.336443756309e+01 1 1 1 0.0 0.0 0.0
Se 7.725919503962e+00 2.796658645848e+01 1.336443756309e+01 1 1 1 0.0 0.0 0.0
Se 1.034413291440e+01 2.569914713233e+01 1.336443756309e+01 1 1 1 0.0 0.0 0.0
Se 1.296234632485e+01 2.343170780618e+01 1.336443756309e+01 1 1 1 0.0 0.0 0.0
Se 1.558055973529e+01 2.116426848002e+01 1.336443756309e+01 1 1 1 0.0 0.0 0.0
Se 1.819877314573e+01 1.889682915387e+01 1.336443756309e+01 1 1 1 0.0 0.0 0.0
Se 3.144046035783e+00 3.590262410002e+01 1.336443756309e+01 1 1 1 0.0 0.0 0.0
Se 5.762259446225e+00 3.363518477387e+01 1.336443756309e+01 1 1 1 0.0 0.0 0.0
Se 8.380472856667e+00 3.136774544771e+01 1.336443756309e+01 1 1 1 0.0 0.0 0.0
Se 1.099868626711e+01 2.910030612156e+01 1.336443756309e+01 1 1 1 0.0 0.0 0.0
Se 1.361689967755e+01 2.683286679541e+01 1.336443756309e+01 1 1 1 0.0 0.0 0.0
Se 1.623511308799e+01 2.456542746925e+01 1.336443756309e+01 1 1 1 0.0 0.0 0.0
Se 3.798599388488e+00 3.930378308925e+01 1.336443756309e+01 1 1 1 0.0 0.0 0.0
Se 6.416812798930e+00 3.703634376309e+01 1.336443756309e+01 1 1 1 0.0 0.0 0.0
Se 9.035026209372e+00 3.476890443694e+01 1.336443756309e+01 1 1 1 0.0 0.0 0.0
Se 1.165323961981e+01 3.250146511079e+01 1.336443756309e+01 1 1 1 0.0 0.0 0.0
Se 1.427145303025e+01 3.023402578464e+01 1.336443756309e+01 1 1 1 0.0 0.0 0.0
Se 1.688966644070e+01 2.796658645848e+01 1.336443756309e+01 1 1 1 0.0 0.0 0.0
Se 7.071366151635e+00 4.043750275232e+01 1.336443756309e+01 1 1 1 0.0 0.0 0.0
Se 9.689579562076e+00 3.817006342617e+01 1.336443756309e+01 1 1 1 0.0 0.0 0.0
Se 1.230779297252e+01 3.590262410002e+01 1.336443756309e+01 1 1 1 0.0 0.0 0.0
Se 1.492600638296e+01 3.363518477387e+01 1.336443756309e+01 1 1 1 0.0 0.0 0.0
Se 1.754421979340e+01 3.136774544771e+01 1.336443756309e+01 1 1 1 0.0 0.0 0.0
Se 1.296234632522e+01 3.930378308925e+01 1.336443756309e+01 1 1 1 0.0 0.0 0.0
Se 1.558055973566e+01 3.703634376309e+01 1.336443756309e+01 1 1 1 0.0 0.0 0.0
Se 1.819877314611e+01 3.476890443694e+01 1.336443756309e+01 1 1 1 0.0 0.0 0.0
Se 1.623511308837e+01 4.043750275232e+01 1.336443756309e+01 1 1 1 0.0 0.0 0.0
Se 1.885332649881e+01 3.817006342617e+01 1.336443756309e+01 1 1 1 0.0 0.0 0.0
Se 2.015545598333e+01 3.967462029741e+01 1.951046802998e+01 1 1 1 0.0 0.0 0.0
Se 5.188554036969e-01 1.128151752808e+00 1.951046802998e+01 1 1 1 0.0 0.0 0.0
Se 5.100728873007e+00 4.080833996049e+01 1.951046802998e+01 1 1 1 0.0 0.0 0.0
Se 1.173408756402e+00 4.529310742037e+00 1.951046802998e+01 1 1 1 0.0 0.0 0.0
Se 3.791622166843e+00 2.261871415884e+00 1.951046802998e+01 1 1 1 0.0 0.0 0.0
Se 8.373495636153e+00 4.194205962356e+01 1.951046802998e+01 1 1 1 0.0 0.0 0.0
Se 1.099170904659e+01 3.967462029741e+01 1.951046802998e+01 1 1 1 0.0 0.0 0.0
Se 1.827962109106e+00 7.930469731267e+00 1.951046802998e+01 1 1 1 0.0 0.0 0.0
Se 4.446175519548e+00 5.663030405114e+00 1.951046802998e+01 1 1 1 0.0 0.0 0.0
Se 7.064388929990e+00 3.395591078961e+00 1.951046802998e+01 1 1 1 0.0 0.0 0.0
Se 9.682602340431e+00 1.128151752808e+00 1.951046802998e+01 1 1 1 0.0 0.0 0.0
Se 1.426447580974e+01 4.080833996049e+01 1.951046802998e+01 1 1 1 0.0 0.0 0.0
Se 2.482515461811e+00 1.133162872050e+01 1.951046802998e+01 1 1 1 0.0 0.0 0.0
Se 5.100728872253e+00 9.064189394343e+00 1.951046802998e+01 1 1 1 0.0 0.0 0.0
Se 7.718942282694e+00 6.796750068190e+00 1.951046802998e+01 1 1 1 0.0 0.0 0.0
Se 1.033715569314e+01 4.529310742037e+00 1.951046802998e+01 1 1 1 0.0 0.0 0.0
Se 1.295536910358e+01 2.261871415884e+00 1.951046802998e+01 1 1 1 0.0 0.0 0.0
Se 1.753724257289e+01 4.194205962356e+01 1.951046802998e+01 1 1 1 0.0 0.0 0.0
Se 3.137068814516e+00 1.473278770973e+01 1.951046802998e+01 1 1 1 0.0 0.0 0.0
Se 5.755282224957e+00 1.246534838357e+01 1.951046802998e+01 1 1 1 0.0 0.0 0.0
Se 8.373495635399e+00 1.019790905742e+01 1.951046802998e+01 1 1 1 0.0 0.0 0.0
Se 1.099170904584e+01 7.930469731267e+00 1.951046802998e+01 1 1 1 0.0 0.0 0.0
Se 1.360992245628e+01 5.663030405114e+00 1.951046802998e+01 1 1 1 0.0 0.0 0.0
Se 1.622813586672e+01 3.395591078961e+00 1.951046802998e+01 1 1 1 0.0 0.0 0.0
Se 1.173408756779e+00 2.040138602511e+01 1.951046802998e+01 1 1 1 0.0 0.0 0.0
Se 3.791622167220e+00 1.813394669896e+01 1.951046802998e+01 1 1 1 0.0 0.0 0.0
Se 6.409835577662e+00 1.586650737280e+01 1.951046802998e+01 1 1 1 0.0 0.0 0.0
Se 9.028048988104e+00 1.359906804665e+01 1.951046802998e+01 1 1 1 0.0 0.0 0.0
Se 1.164626239855e+01 1.133162872050e+01 1.951046802998e+01 1 1 1 0.0 0.0 0.0
Se 1.426447580899e+01 9.064189394343e+00 1.951046802998e+01 1 1 1 0.0 0.0 0.0
Se 1.688268921943e+01 6.796750068190e+00 1.951046802998e+01 1 1 1 0.0 0.0 0.0
Se 1.827962109483e+00 2.380254501434e+01 1.951046802998e+01 1 1 1 0.0 0.0 0.0
Se 4.446175519925e+00 2.153510568818e+01 1.951046802998e+01 1 1 1 0.0 0.0 0.0
Se 7.064388930367e+00 1.926766636203e+01 1.951046802998e+01 1 1 1 0.0 0.0 0.0
Se 9.682602340808e+00 1.700022703588e+01 1.951046802998e+01 1 1 1 0.0 0.0 0.0
Se 1.230081575125e+01 1.473278770973e+01 1.951046802998e+01 1 1 1 0.0 0.0 0.0
Se 1.491902916169e+01 1.246534838357e+01 1.951046802998e+01 1 1 1 0.0 0.0 0.0
Se 1.753724257213e+01 1.019790905742e+01 1.951046802998e+01 1 1 1 0.0 0.0 0.0
Se 2.482515462188e+00 2.720370400357e+01 1.951046802998e+01 1 1 1 0.0 0.0 0.0
Se 5.100728872630e+00 2.493626467741e+01 1.951046802998e+01 1 1 1 0.0 0.0 0.0
Se 7.718942283071e+00 2.266882535126e+01 1.951046802998e+01 1 1 1 0.0 0.0 0.0
Se 1.033715569351e+01 2.040138602511e+01 1.951046802998e+01 1 1 1 0.0 0.0 0.0
Se 1.295536910395e+01 1.813394669896e+01 1.951046802998e+01 1 1 1 0.0 0.0 0.0
Se 1.557358251440e+01 1.586650737280e+01 1.951046802998e+01 1 1 1 0.0 0.0 0.0
Se 1.819179592484e+01 1.359906804665e+01 1.951046802998e+01 1 1 1 0.0 0.0 0.0
Se 3.137068814893e+00 3.060486299280e+01 1.951046802998e+01 1 1 1 0.0 0.0 0.0
Se 5.755282225334e+00 2.833742366664e+01 1.951046802998e+01 1 1 1 0.0 0.0 0.0
Se 8.373495635776e+00 2.606998434049e+01 1.951046802998e+01 1 1 1 0.0 0.0 0.0
Se 1.099170904622e+01 2.380254501434e+01 1.951046802998e+01 1 1 1 0.0 0.0 0.0
Se 1.360992245666e+01 2.153510568818e+01 1.951046802998e+01 1 1 1 0.0 0.0 0.0
Se 1.622813586710e+01 1.926766636203e+01 1.951046802998e+01 1 1 1 0.0 0.0 0.0
Se 1.884634927754e+01 1.700022703588e+01 1.951046802998e+01 1 1 1 0.0 0.0 0.0
Se 3.791622167597e+00 3.400602198203e+01 1.951046802998e+01 1 1 1 0.0 0.0 0.0
Se 6.409835578039e+00 3.173858265587e+01 1.951046802998e+01 1 1 1 0.0 0.0 0.0
Se 9.028048988481e+00 2.947114332972e+01 1.951046802998e+01 1 1 1 0.0 0.0 0.0
Se 1.164626239892e+01 2.720370400357e+01 1.951046802998e+01 1 1 1 0.0 0.0 0.0
Se 1.426447580936e+01 2.493626467741e+01 1.951046802998e+01 1 1 1 0.0 0.0 0.0
Se 1.688268921981e+01 2.266882535126e+01 1.951046802998e+01 1 1 1 0.0 0.0 0.0
Se 4.446175520302e+00 3.740718097126e+01 1.951046802998e+01 1 1 1 0.0 0.0 0.0
Se 7.064388930744e+00 3.513974164510e+01 1.951046802998e+01 1 1 1 0.0 0.0 0.0
Se 9.682602341185e+00 3.287230231895e+01 1.951046802998e+01 1 1 1 0.0 0.0 0.0
Se 1.230081575163e+01 3.060486299280e+01 1.951046802998e+01 1 1 1 0.0 0.0 0.0
Se 1.491902916207e+01 2.833742366664e+01 1.951046802998e+01 1 1 1 0.0 0.0 0.0
Se 1.753724257251e+01 2.606998434049e+01 1.951046802998e+01 1 1 1 0.0 0.0 0.0
Se 7.718942283448e+00 3.854090063433e+01 1.951046802998e+01 1 1 1 0.0 0.0 0.0
Se 1.033715569389e+01 3.627346130818e+01 1.951046802998e+01 1 1 1 0.0 0.0 0.0
Se 1.295536910433e+01 3.400602198203e+01 1.951046802998e+01 1 1 1 0.0 0.0 0.0
Se 1.557358251477e+01 3.173858265587e+01 1.951046802998e+01 1 1 1 0.0 0.0 0.0
Se 1.819179592522e+01 2.947114332972e+01 1.951046802998e+01 1 1 1 0.0 0.0 0.0
Se 1.360992245704e+01 3.740718097126e+01 1.951046802998e+01 1 1 1 0.0 0.0 0.0
Se 1.622813586748e+01 3.513974164510e+01 1.951046802998e+01 1 1 1 0.0 0.0 0.0
Se 1.884634927792e+01 3.287230231895e+01 1.951046802998e+01 1 1 1 0.0 0.0 0.0
Se 1.688268922018e+01 3.854090063433e+01 1.951046802998e+01 1 1 1 0.0 0.0 0.0
Se 1.950090263062e+01 3.627346130818e+01 1.951046802998e+01 1 1 1 0.0 0.0 0.0
Se 1.685726009912e+01 2.397335649873e+01 3.998930533072e+01 1 1 1 0.0 0.0 0.0
Se 1.633105054123e+01 2.808586900205e+01 3.998930533072e+01 1 1 1 0.0 0.0 0.0
Se 1.580484098333e+01 3.219838150536e+01 3.998930533072e+01 1 1 1 0.0 0.0 0.0
Se 1.527863142544e+01 3.631089400868e+01 3.998930533072e+01 1 1 1 0.0 0.0 0.0
Se 1.475242186754e+01 4.042340651200e+01 3.998930533072e+01 1 1 1 0.0 0.0 0.0
Se 1.561232529074e+01 5.055798983474e+00 3.998930533072e+01 1 1 1 0.0 0.0 0.0
Se 1.508611573284e+01 9.168311486790e+00 3.998930533072e+01 1 1 1 0.0 0.0 0.0
Se 1.455990617495e+01 1.328082399011e+01 3.998930533072e+01 1 1 1 0.0 0.0 0.0
Se 1.403369661706e+01 1.739333649342e+01 3.998930533072e+01 1 1 1 0.0 0.0 0.0
Se 1.350748705916e+01 2.150584899674e+01 3.998930533072e+01 1 1 1 0.0 0.0 0.0
Se 1.298127750127e+01 2.561836150006e+01 3.998930533072e+01 1 1 1 0.0 0.0 0.0
Se 1.245506794337e+01 2.973087400337e+01 3.998930533072e+01 1 1 1 0.0 0.0 0.0
Se 1.192885838548e+01 3.384338650669e+01 3.998930533072e+01 1 1 1 0.0 0.0 0.0
Se 1.140264882759e+01 3.795589901001e+01 3.998930533072e+01 1 1 1 0.0 0.0 0.0
Se 8.912779210823e+00 1.207839794937e-01 3.998930533072e+01 1 1 1 0.0 0.0 0.0
Se 1.226255225078e+01 2.588291481484e+00 3.998930533072e+01 1 1 1 0.0 0.0 0.0
Se 1.173634269289e+01 6.700803984800e+00 3.998930533072e+01 1 1 1 0.0 0.0 0.0
Se 1.121013313499e+01 1.081331648812e+01 3.998930533072e+01 1 1 1 0.0 0.0 0.0
Se 1.068392357710e+01 1.492582899143e+01 3.998930533072e+01 1 1 1 0.0 0.0 0.0
Se 1.015771401920e+01 1.903834149475e+01 3.998930533072e+01 1 1 1 0.0 0.0 0.0
Se 9.631504461310e+00 2.315085399807e+01 3.998930533072e+01 1 1 1 0.0 0.0 0.0
Se 9.105294903416e+00 2.726336650138e+01 3.998930533072e+01 1 1 1 0.0 0.0 0.0
Se 8.579085345522e+00 3.137587900470e+01 3.998930533072e+01 1 1 1 0.0 0.0 0.0
Se 8.052875787628e+00 3.548839150802e+01 3.998930533072e+01 1 1 1 0.0 0.0 0.0
Se 7.526666229734e+00 3.960090401133e+01 3.998930533072e+01 1 1 1 0.0 0.0 0.0
Se 8.386569652929e+00 4.233296482810e+00 3.998930533072e+01 1 1 1 0.0 0.0 0.0
Se 7.860360095035e+00 8.345808986127e+00 3.998930533072e+01 1 1 1 0.0 0.0 0.0
Se 7.334150537141e+00 1.245832148944e+01 3.998930533072e+01 1 1 1 0.0 0.0 0.0
Se 6.807940979247e+00 1.657083399276e+01 3.998930533072e+01 1 1 1 0.0 0.0 0.0
Se 6.281731421353e+00 2.068334649608e+01 3.998930533072e+01 1 1 1 0.0 0.0 0.0
Se 5.755521863459e+00 2.479585899939e+01 3.998930533072e+01 1 1 1 0.0 0.0 0.0
Se 5.229312305565e+00 2.890837150271e+01 3.998930533072e+01 1 1 1 0.0 0.0 0.0
Se 4.703102747671e+00 3.302088400603e+01 3.998930533072e+01 1 1 1 0.0 0.0 0.0
Se 4.176893189777e+00 3.713339650934e+01 3.998930533072e+01 1 1 1 0.0 0.0 0.0
Se 3.650683631883e+00 4.124590901266e+01 3.998930533072e+01 1 1 1 0.0 0.0 0.0
Se 5.036796612972e+00 1.765788980820e+00 3.998930533072e+01 1 1 1 0.0 0.0 0.0
Se 4.510587055078e+00 5.878301484137e+00 3.998930533072e+01 1 1 1 0.0 0.0 0.0
Se 3.984377497184e+00 9.990813987454e+00 3.998930533072e+01 1 1 1 0.0 0.0 0.0
Se 3.458167939290e+00 1.410332649077e+01 3.998930533072e+01 1 1 1 0.0 0.0 0.0
Se 2.931958381396e+00 1.821583899409e+01 3.998930533072e+01 1 1 1 0.0 0.0 0.0
Se 2.405748823502e+00 2.232835149740e+01 3.998930533072e+01 1 1 1 0.0 0.0 0.0
Se 1.879539265607e+00 2.644086400072e+01 3.998930533072e+01 1 1 1 0.0 0.0 0.0
Se 1.968082358118e+01 3.055337650404e+01 3.998930533072e+01 1 1 1 0.0 0.0 0.0
Se 1.915461402329e+01 3.466588900735e+01 3.998930533072e+01 1 1 1 0.0 0.0 0.0
Se 1.862840446539e+01 3.877840151067e+01 3.998930533072e+01 1 1 1 0.0 0.0 0.0
Se 1.160814015120e+00 3.410793982147e+00 3.998930533072e+01 1 1 1 0.0 0.0 0.0
Se 6.346044572263e-01 7.523306485464e+00 3.998930533072e+01 1 1 1 0.0 0.0 0.0
Se 1.843588877280e+01 1.163581898878e+01 3.998930533072e+01 1 1 1 0.0 0.0 0.0
Se 1.790967921491e+01 1.574833149210e+01 3.998930533072e+01 1 1 1 0.0 0.0 0.0
Se 1.738346965701e+01 1.986084399541e+01 3.998930533072e+01 1 1 1 0.0 0.0 0.0
Se 1.613853484863e+01 9.432864801570e-01 3.998930533072e+01 1 1 1 0.0 0.0 0.0
Se 1.593601465245e+01 2.181129828290e+01 3.635172086532e+01 1 1 1 0.0 0.0 0.0
Se 1.540980509456e+01 2.592381078622e+01 3.635172086532e+01 1 1 1 0.0 0.0 0.0
Se 1.488359553667e+01 3.003632328953e+01 3.635172086532e+01 1 1 1 0.0 0.0 0.0
Se 1.435738597877e+01 3.414883579285e+01 3.635172086532e+01 1 1 1 0.0 0.0 0.0
Se 1.383117642088e+01 3.826134829617e+01 3.635172086532e+01 1 1 1 0.0 0.0 0.0
Se 1.469107984407e+01 2.893740767643e+00 3.635172086532e+01 1 1 1 0.0 0.0 0.0
Se 1.416487028618e+01 7.006253270960e+00 3.635172086532e+01 1 1 1 0.0 0.0 0.0
Se 1.363866072828e+01 1.111876577428e+01 3.635172086532e+01 1 1 1 0.0 0.0 0.0
Se 1.311245117039e+01 1.523127827759e+01 3.635172086532e+01 1 1 1 0.0 0.0 0.0
Se 1.258624161250e+01 1.934379078091e+01 3.635172086532e+01 1 1 1 0.0 0.0 0.0
Se 1.206003205460e+01 2.345630328423e+01 3.635172086532e+01 1 1 1 0.0 0.0 0.0
Se 1.153382249671e+01 2.756881578754e+01 3.635172086532e+01 1 1 1 0.0 0.0 0.0
Se 1.100761293881e+01 3.168132829086e+01 3.635172086532e+01 1 1 1 0.0 0.0 0.0
Se 1.048140338092e+01 3.579384079418e+01 3.635172086532e+01 1 1 1 0.0 0.0 0.0
Se 9.955193823026e+00 3.990635329749e+01 3.635172086532e+01 1 1 1 0.0 0.0 0.0
Se 1.134130680411e+01 4.262332656532e-01 3.635172086532e+01 1 1 1 0.0 0.0 0.0
Se 1.081509724622e+01 4.538745768970e+00 3.635172086532e+01 1 1 1 0.0 0.0 0.0
Se 1.028888768833e+01 8.651258272287e+00 3.635172086532e+01 1 1 1 0.0 0.0 0.0
Se 9.762678130433e+00 1.276377077560e+01 3.635172086532e+01 1 1 1 0.0 0.0 0.0
Se 9.236468572539e+00 1.687628327892e+01 3.635172086532e+01 1 1 1 0.0 0.0 0.0
Se 8.710259014645e+00 2.098879578224e+01 3.635172086532e+01 1 1 1 0.0 0.0 0.0
Se 8.184049456750e+00 2.510130828555e+01 3.635172086532e+01 1 1 1 0.0 0.0 0.0
Se 7.657839898856e+00 2.921382078887e+01 3.635172086532e+01 1 1 1 0.0 0.0 0.0
Se 7.131630340962e+00 3.332633329219e+01 3.635172086532e+01 1 1 1 0.0 0.0 0.0
Se 6.605420783068e+00 3.743884579550e+01 3.635172086532e+01 1 1 1 0.0 0.0 0.0
Se 7.465324206263e+00 2.071238266980e+00 3.635172086532e+01 1 1 1 0.0 0.0 0.0
Se 6.939114648369e+00 6.183750770297e+00 3.635172086532e+01 1 1 1 0.0 0.0 0.0
Se 6.412905090475e+00 1.029626327361e+01 3.635172086532e+01 1 1 1 0.0 0.0 0.0
Se 5.886695532581e+00 1.440877577693e+01 3.635172086532e+01 1 1 1 0.0 0.0 0.0
Se 5.360485974687e+00 1.852128828025e+01 3.635172086532e+01 1 1 1 0.0 0.0 0.0
Se 4.834276416793e+00 2.263380078356e+01 3.635172086532e+01 1 1 1 0.0 0.0 0.0
Se 4.308066858899e+00 2.674631328688e+01 3.635172086532e+01 1 1 1 0.0 0.0 0.0
Se 3.781857301005e+00 3.085882579020e+01 3.635172086532e+01 1 1 1 0.0 0.0 0.0
Se 3.255647743111e+00 3.497133829351e+01 3.635172086532e+01 1 1 1 0.0 0.0 0.0
Se 2.729438185217e+00 3.908385079683e+01 3.635172086532e+01 1 1 1 0.0 0.0 0.0
Se 6.079211225174e+00 4.155135829882e+01 3.635172086532e+01 1 1 1 0.0 0.0 0.0
Se 3.589341608412e+00 3.716243268307e+00 3.635172086532e+01 1 1 1 0.0 0.0 0.0
Se 3.063132050518e+00 7.828755771623e+00 3.635172086532e+01 1 1 1 0.0 0.0 0.0
Se 2.536922492624e+00 1.194126827494e+01 3.635172086532e+01 1 1 1 0.0 0.0 0.0
Se 2.010712934730e+00 1.605378077826e+01 3.635172086532e+01 1 1 1 0.0 0.0 0.0
Se 1.484503376836e+00 2.016629328157e+01 3.635172086532e+01 1 1 1 0.0 0.0 0.0
Se 1.928578769241e+01 2.427880578489e+01 3.635172086532e+01 1 1 1 0.0 0.0 0.0
Se 1.875957813452e+01 2.839131828821e+01 3.635172086532e+01 1 1 1 0.0 0.0 0.0
Se 1.823336857662e+01 3.250383079152e+01 3.635172086532e+01 1 1 1 0.0 0.0 0.0
Se 1.770715901873e+01 3.661634329484e+01 3.635172086532e+01 1 1 1 0.0 0.0 0.0
Se 2.395685684546e-01 1.248735766317e+00 3.635172086532e+01 1 1 1 0.0 0.0 0.0
Se 1.804085288403e+01 5.361248269633e+00 3.635172086532e+01 1 1 1 0.0 0.0 0.0
Se 1.751464332614e+01 9.473760772950e+00 3.635172086532e+01 1 1 1 0.0 0.0 0.0
Se 1.698843376824e+01 1.358627327627e+01 3.635172086532e+01 1 1 1 0.0 0.0 0.0
Se 1.646222421035e+01 1.769878577958e+01 3.635172086532e+01 1 1 1 0.0 0.0 0.0
Se 1.718094946083e+01 4.072885579816e+01 3.635172086532e+01 1 1 1 0.0 0.0 0.0
Se 1.447309539799e+01 2.371828601534e+01 3.271820175121e+01 1 1 1 0.0 0.0 0.0
Se 1.394688584010e+01 2.783079851865e+01 3.271820175121e+01 1 1 1 0.0 0.0 0.0
Se 1.342067628221e+01 3.194331102197e+01 3.271820175121e+01 1 1 1 0.0 0.0 0.0
Se 1.289446672431e+01 3.605582352529e+01 3.271820175121e+01 1 1 1 0.0 0.0 0.0
Se 1.236825716642e+01 4.016833602861e+01 3.271820175121e+01 1 1 1 0.0 0.0 0.0
Se 1.322816058961e+01 4.800728500081e+00 3.271820175121e+01 1 1 1 0.0 0.0 0.0
Se 1.270195103172e+01 8.913241003398e+00 3.271820175121e+01 1 1 1 0.0 0.0 0.0
Se 1.217574147383e+01 1.302575350671e+01 3.271820175121e+01 1 1 1 0.0 0.0 0.0
Se 1.164953191593e+01 1.713826601003e+01 3.271820175121e+01 1 1 1 0.0 0.0 0.0
Se 1.112332235804e+01 2.125077851335e+01 3.271820175121e+01 1 1 1 0.0 0.0 0.0
Se 1.059711280014e+01 2.536329101666e+01 3.271820175121e+01 1 1 1 0.0 0.0 0.0
Se 1.007090324225e+01 2.947580351998e+01 3.271820175121e+01 1 1 1 0.0 0.0 0.0
Se 9.544693684355e+00 3.358831602330e+01 3.271820175121e+01 1 1 1 0.0 0.0 0.0
Se 9.018484126461e+00 3.770082852661e+01 3.271820175121e+01 1 1 1 0.0 0.0 0.0
Se 8.492274568567e+00 4.181334102993e+01 3.271820175121e+01 1 1 1 0.0 0.0 0.0
Se 9.878387549656e+00 2.333220998091e+00 3.271820175121e+01 1 1 1 0.0 0.0 0.0
Se 9.352177991762e+00 6.445733501408e+00 3.271820175121e+01 1 1 1 0.0 0.0 0.0
Se 8.825968433868e+00 1.055824600472e+01 3.271820175121e+01 1 1 1 0.0 0.0 0.0
Se 8.299758875974e+00 1.467075850804e+01 3.271820175121e+01 1 1 1 0.0 0.0 0.0
Se 7.773549318080e+00 1.878327101136e+01 3.271820175121e+01 1 1 1 0.0 0.0 0.0
Se 7.247339760186e+00 2.289578351467e+01 3.271820175121e+01 1 1 1 0.0 0.0 0.0
Se 6.721130202292e+00 2.700829601799e+01 3.271820175121e+01 1 1 1 0.0 0.0 0.0
Se 6.194920644397e+00 3.112080852131e+01 3.271820175121e+01 1 1 1 0.0 0.0 0.0
Se 5.668711086503e+00 3.523332102462e+01 3.271820175121e+01 1 1 1 0.0 0.0 0.0
Se 5.142501528609e+00 3.934583352794e+01 3.271820175121e+01 1 1 1 0.0 0.0 0.0
Se 6.002404951804e+00 3.978225999418e+00 3.271820175121e+01 1 1 1 0.0 0.0 0.0
Se 5.476195393910e+00 8.090738502734e+00 3.271820175121e+01 1 1 1 0.0 0.0 0.0
Se 4.949985836016e+00 1.220325100605e+01 3.271820175121e+01 1 1 1 0.0 0.0 0.0
Se 4.423776278122e+00 1.631576350937e+01 3.271820175121e+01 1 1 1 0.0 0.0 0.0
Se 3.897566720228e+00 2.042827601268e+01 3.271820175121e+01 1 1 1 0.0 0.0 0.0
Se 3.371357162334e+00 2.454078851600e+01 3.271820175121e+01 1 1 1 0.0 0.0 0.0
Se 2.845147604440e+00 2.865330101932e+01 3.271820175121e+01 1 1 1 0.0 0.0 0.0
Se 2.318938046546e+00 3.276581352263e+01 3.271820175121e+01 1 1 1 0.0 0.0 0.0
Se 1.792728488652e+00 3.687832602595e+01 3.271820175121e+01 1 1 1 0.0 0.0 0.0
Se 1.959401280423e+01 4.099083852927e+01 3.271820175121e+01 1 1 1 0.0 0.0 0.0
Se 2.652631911847e+00 1.510718497428e+00 3.271820175121e+01 1 1 1 0.0 0.0 0.0
Se 2.126422353953e+00 5.623231000744e+00 3.271820175121e+01 1 1 1 0.0 0.0 0.0
Se 1.600212796059e+00 9.735743504061e+00 3.271820175121e+01 1 1 1 0.0 0.0 0.0
Se 1.074003238165e+00 1.384825600738e+01 3.271820175121e+01 1 1 1 0.0 0.0 0.0
Se 1.887528755374e+01 1.796076851069e+01 3.271820175121e+01 1 1 1 0.0 0.0 0.0
Se 1.834907799585e+01 2.207328101401e+01 3.271820175121e+01 1 1 1 0.0 0.0 0.0
Se 1.782286843795e+01 2.618579351733e+01 3.271820175121e+01 1 1 1 0.0 0.0 0.0
Se 1.729665888006e+01 3.029830602064e+01 3.271820175121e+01 1 1 1 0.0 0.0 0.0
Se 1.677044932216e+01 3.441081852396e+01 3.271820175121e+01 1 1 1 0.0 0.0 0.0
Se 1.624423976427e+01 3.852333102728e+01 3.271820175121e+01 1 1 1 0.0 0.0 0.0
Se 1.710414318746e+01 3.155723498754e+00 3.271820175121e+01 1 1 1 0.0 0.0 0.0
Se 1.657793362957e+01 7.268236002071e+00 3.271820175121e+01 1 1 1 0.0 0.0 0.0
Se 1.605172407168e+01 1.138074850539e+01 3.271820175121e+01 1 1 1 0.0 0.0 0.0
Se 1.552551451378e+01 1.549326100870e+01 3.271820175121e+01 1 1 1 0.0 0.0 0.0
Se 1.499930495589e+01 1.960577351202e+01 3.271820175121e+01 1 1 1 0.0 0.0 0.0
Se 1.375437014751e+01 6.882159967642e-01 3.271820175121e+01 1 1 1 0.0 0.0 0.0
Se 1.601456801914e+01 2.178446999676e+01 2.995146533993e+01 1 1 1 0.0 0.0 0.0
Se 1.548835846125e+01 2.589698250007e+01 2.995146533993e+01 1 1 1 0.0 0.0 0.0
Se 1.496214890336e+01 3.000949500339e+01 2.995146533993e+01 1 1 1 0.0 0.0 0.0
Se 1.443593934546e+01 3.412200750671e+01 2.995146533993e+01 1 1 1 0.0 0.0 0.0
Se 1.390972978757e+01 3.823452001002e+01 2.995146533993e+01 1 1 1 0.0 0.0 0.0
Se 1.476963321076e+01 2.866912481499e+00 2.995146533993e+01 1 1 1 0.0 0.0 0.0
Se 1.424342365287e+01 6.979424984816e+00 2.995146533993e+01 1 1 1 0.0 0.0 0.0
Se 1.371721409497e+01 1.109193748813e+01 2.995146533993e+01 1 1 1 0.0 0.0 0.0
Se 1.319100453708e+01 1.520444999145e+01 2.995146533993e+01 1 1 1 0.0 0.0 0.0
Se 1.266479497919e+01 1.931696249477e+01 2.995146533993e+01 1 1 1 0.0 0.0 0.0
Se 1.213858542129e+01 2.342947499808e+01 2.995146533993e+01 1 1 1 0.0 0.0 0.0
Se 1.161237586340e+01 2.754198750140e+01 2.995146533993e+01 1 1 1 0.0 0.0 0.0
Se 1.108616630550e+01 3.165450000472e+01 2.995146533993e+01 1 1 1 0.0 0.0 0.0
Se 1.055995674761e+01 3.576701250803e+01 2.995146533993e+01 1 1 1 0.0 0.0 0.0
Se 1.003374718972e+01 3.987952501135e+01 2.995146533993e+01 1 1 1 0.0 0.0 0.0
Se 1.141986017081e+01 3.994049795093e-01 2.995146533993e+01 1 1 1 0.0 0.0 0.0
Se 1.089365061291e+01 4.511917482826e+00 2.995146533993e+01 1 1 1 0.0 0.0 0.0
Se 1.036744105502e+01 8.624429986143e+00 2.995146533993e+01 1 1 1 0.0 0.0 0.0
Se 9.841231497123e+00 1.273694248946e+01 2.995146533993e+01 1 1 1 0.0 0.0 0.0
Se 9.315021939229e+00 1.684945499278e+01 2.995146533993e+01 1 1 1 0.0 0.0 0.0
Se 8.788812381335e+00 2.096196749609e+01 2.995146533993e+01 1 1 1 0.0 0.0 0.0
Se 8.262602823441e+00 2.507447999941e+01 2.995146533993e+01 1 1 1 0.0 0.0 0.0
Se 7.736393265547e+00 2.918699250273e+01 2.995146533993e+01 1 1 1 0.0 0.0 0.0
Se 7.210183707653e+00 3.329950500604e+01 2.995146533993e+01 1 1 1 0.0 0.0 0.0
Se 6.683974149759e+00 3.741201750936e+01 2.995146533993e+01 1 1 1 0.0 0.0 0.0
Se 7.543877572954e+00 2.044409980836e+00 2.995146533993e+01 1 1 1 0.0 0.0 0.0
Se 7.017668015060e+00 6.156922484153e+00 2.995146533993e+01 1 1 1 0.0 0.0 0.0
Se 6.491458457166e+00 1.026943498747e+01 2.995146533993e+01 1 1 1 0.0 0.0 0.0
Se 5.965248899272e+00 1.438194749079e+01 2.995146533993e+01 1 1 1 0.0 0.0 0.0
Se 5.439039341377e+00 1.849445999410e+01 2.995146533993e+01 1 1 1 0.0 0.0 0.0
Se 4.912829783483e+00 2.260697249742e+01 2.995146533993e+01 1 1 1 0.0 0.0 0.0
Se 4.386620225589e+00 2.671948500074e+01 2.995146533993e+01 1 1 1 0.0 0.0 0.0
Se 3.860410667695e+00 3.083199750405e+01 2.995146533993e+01 1 1 1 0.0 0.0 0.0
Se 3.334201109801e+00 3.494451000737e+01 2.995146533993e+01 1 1 1 0.0 0.0 0.0
Se 2.807991551907e+00 3.905702251069e+01 2.995146533993e+01 1 1 1 0.0 0.0 0.0
Se 6.157764591865e+00 4.152453001268e+01 2.995146533993e+01 1 1 1 0.0 0.0 0.0
Se 3.667894975102e+00 3.689414982163e+00 2.995146533993e+01 1 1 1 0.0 0.0 0.0
Se 3.141685417208e+00 7.801927485479e+00 2.995146533993e+01 1 1 1 0.0 0.0 0.0
Se 2.615475859314e+00 1.191443998880e+01 2.995146533993e+01 1 1 1 0.0 0.0 0.0
Se 2.089266301420e+00 1.602695249211e+01 2.995146533993e+01 1 1 1 0.0 0.0 0.0
Se 1.563056743526e+00 2.013946499543e+01 2.995146533993e+01 1 1 1 0.0 0.0 0.0
Se 1.936434105910e+01 2.425197749875e+01 2.995146533993e+01 1 1 1 0.0 0.0 0.0
Se 1.883813150121e+01 2.836449000206e+01 2.995146533993e+01 1 1 1 0.0 0.0 0.0
Se 1.831192194331e+01 3.247700250538e+01 2.995146533993e+01 1 1 1 0.0 0.0 0.0
Se 1.778571238542e+01 3.658951500870e+01 2.995146533993e+01 1 1 1 0.0 0.0 0.0
Se 3.181219351449e-01 1.221907480173e+00 2.995146533993e+01 1 1 1 0.0 0.0 0.0
Se 1.811940625072e+01 5.334419983489e+00 2.995146533993e+01 1 1 1 0.0 0.0 0.0
Se 1.759319669283e+01 9.446932486806e+00 2.995146533993e+01 1 1 1 0.0 0.0 0.0
Se 1.706698713493e+01 1.355944499012e+01 2.995146533993e+01 1 1 1 0.0 0.0 0.0
Se 1.654077757704e+01 1.767195749344e+01 2.995146533993e+01 1 1 1 0.0 0.0 0.0
Se 1.725950282752e+01 4.070202751201e+01 2.995146533993e+01 1 1 1 0.0 0.0 0.0
Se 1.454828149370e+01 2.368406045075e+01 2.633360299309e+01 1 1 1 0.0 0.0 0.0
Se 1.402207193581e+01 2.779657295407e+01 2.633360299309e+01 1 1 1 0.0 0.0 0.0
Se 1.349586237791e+01 3.190908545739e+01 2.633360299309e+01 1 1 1 0.0 0.0 0.0
Se 1.296965282002e+01 3.602159796070e+01 2.633360299309e+01 1 1 1 0.0 0.0 0.0
Se 1.244344326212e+01 4.013411046402e+01 2.633360299309e+01 1 1 1 0.0 0.0 0.0
Se 1.330334668532e+01 4.766502935496e+00 2.633360299309e+01 1 1 1 0.0 0.0 0.0
Se 1.277713712742e+01 8.879015438812e+00 2.633360299309e+01 1 1 1 0.0 0.0 0.0
Se 1.225092756953e+01 1.299152794213e+01 2.633360299309e+01 1 1 1 0.0 0.0 0.0
Se 1.172471801164e+01 1.710404044545e+01 2.633360299309e+01 1 1 1 0.0 0.0 0.0
Se 1.119850845374e+01 2.121655294876e+01 2.633360299309e+01 1 1 1 0.0 0.0 0.0
Se 1.067229889585e+01 2.532906545208e+01 2.633360299309e+01 1 1 1 0.0 0.0 0.0
Se 1.014608933795e+01 2.944157795540e+01 2.633360299309e+01 1 1 1 0.0 0.0 0.0
Se 9.619879780060e+00 3.355409045871e+01 2.633360299309e+01 1 1 1 0.0 0.0 0.0
Se 9.093670222166e+00 3.766660296203e+01 2.633360299309e+01 1 1 1 0.0 0.0 0.0
Se 8.567460664272e+00 4.177911546535e+01 2.633360299309e+01 1 1 1 0.0 0.0 0.0
Se 9.953573645361e+00 2.298995433506e+00 2.633360299309e+01 1 1 1 0.0 0.0 0.0
Se 9.427364087467e+00 6.411507936822e+00 2.633360299309e+01 1 1 1 0.0 0.0 0.0
Se 8.901154529573e+00 1.052402044014e+01 2.633360299309e+01 1 1 1 0.0 0.0 0.0
Se 8.374944971679e+00 1.463653294346e+01 2.633360299309e+01 1 1 1 0.0 0.0 0.0
Se 7.848735413785e+00 1.874904544677e+01 2.633360299309e+01 1 1 1 0.0 0.0 0.0
Se 7.322525855891e+00 2.286155795009e+01 2.633360299309e+01 1 1 1 0.0 0.0 0.0
Se 6.796316297997e+00 2.697407045341e+01 2.633360299309e+01 1 1 1 0.0 0.0 0.0
Se 6.270106740103e+00 3.108658295672e+01 2.633360299309e+01 1 1 1 0.0 0.0 0.0
Se 5.743897182209e+00 3.519909546004e+01 2.633360299309e+01 1 1 1 0.0 0.0 0.0
Se 5.217687624315e+00 3.931160796336e+01 2.633360299309e+01 1 1 1 0.0 0.0 0.0
Se 6.077591047510e+00 3.944000434832e+00 2.633360299309e+01 1 1 1 0.0 0.0 0.0
Se 5.551381489616e+00 8.056512938149e+00 2.633360299309e+01 1 1 1 0.0 0.0 0.0
Se 5.025171931722e+00 1.216902544147e+01 2.633360299309e+01 1 1 1 0.0 0.0 0.0
Se 4.498962373828e+00 1.628153794478e+01 2.633360299309e+01 1 1 1 0.0 0.0 0.0
Se 3.972752815934e+00 2.039405044810e+01 2.633360299309e+01 1 1 1 0.0 0.0 0.0
Se 3.446543258039e+00 2.450656295142e+01 2.633360299309e+01 1 1 1 0.0 0.0 0.0
Se 2.920333700145e+00 2.861907545473e+01 2.633360299309e+01 1 1 1 0.0 0.0 0.0
Se 2.394124142251e+00 3.273158795805e+01 2.633360299309e+01 1 1 1 0.0 0.0 0.0
Se 1.867914584357e+00 3.684410046137e+01 2.633360299309e+01 1 1 1 0.0 0.0 0.0
Se 1.966919889993e+01 4.095661296468e+01 2.633360299309e+01 1 1 1 0.0 0.0 0.0
Se 2.727818007552e+00 1.476492932842e+00 2.633360299309e+01 1 1 1 0.0 0.0 0.0
Se 2.201608449658e+00 5.589005436159e+00 2.633360299309e+01 1 1 1 0.0 0.0 0.0
Se 1.675398891764e+00 9.701517939476e+00 2.633360299309e+01 1 1 1 0.0 0.0 0.0
Se 1.149189333870e+00 1.381403044279e+01 2.633360299309e+01 1 1 1 0.0 0.0 0.0
Se 1.895047364945e+01 1.792654294611e+01 2.633360299309e+01 1 1 1 0.0 0.0 0.0
Se 1.842426409155e+01 2.203905544943e+01 2.633360299309e+01 1 1 1 0.0 0.0 0.0
Se 1.789805453366e+01 2.615156795274e+01 2.633360299309e+01 1 1 1 0.0 0.0 0.0
Se 1.737184497576e+01 3.026408045606e+01 2.633360299309e+01 1 1 1 0.0 0.0 0.0
Se 1.684563541787e+01 3.437659295938e+01 2.633360299309e+01 1 1 1 0.0 0.0 0.0
Se 1.631942585997e+01 3.848910546269e+01 2.633360299309e+01 1 1 1 0.0 0.0 0.0
Se 1.717932928317e+01 3.121497934169e+00 2.633360299309e+01 1 1 1 0.0 0.0 0.0
Se 1.665311972528e+01 7.234010437486e+00 2.633360299309e+01 1 1 1 0.0 0.0 0.0
Se 1.612691016738e+01 1.134652294080e+01 2.633360299309e+01 1 1 1 0.0 0.0 0.0
Se 1.560070060949e+01 1.545903544412e+01 2.633360299309e+01 1 1 1 0.0 0.0 0.0
Se 1.507449105159e+01 1.957154794744e+01 2.633360299309e+01 1 1 1 0.0 0.0 0.0
Se 1.382955624321e+01 6.539904321790e-01 2.633360299309e+01 1 1 1 0.0 0.0 0.0
Se 1.694652131507e+01 2.394897869770e+01 2.271046802998e+01 1 1 1 0.0 0.0 0.0
Se 1.642031175717e+01 2.806149120101e+01 2.271046802998e+01 1 1 1 0.0 0.0 0.0
Se 1.589410219928e+01 3.217400370433e+01 2.271046802998e+01 1 1 1 0.0 0.0 0.0
Se 1.536789264138e+01 3.628651620765e+01 2.271046802998e+01 1 1 1 0.0 0.0 0.0
Se 1.484168308349e+01 4.039902871096e+01 2.271046802998e+01 1 1 1 0.0 0.0 0.0
Se 1.570158650668e+01 5.031421182440e+00 2.271046802998e+01 1 1 1 0.0 0.0 0.0
Se 1.517537694879e+01 9.143933685756e+00 2.271046802998e+01 1 1 1 0.0 0.0 0.0
Se 1.464916739090e+01 1.325644618907e+01 2.271046802998e+01 1 1 1 0.0 0.0 0.0
Se 1.412295783300e+01 1.736895869239e+01 2.271046802998e+01 1 1 1 0.0 0.0 0.0
Se 1.359674827511e+01 2.148147119571e+01 2.271046802998e+01 1 1 1 0.0 0.0 0.0
Se 1.307053871721e+01 2.559398369902e+01 2.271046802998e+01 1 1 1 0.0 0.0 0.0
Se 1.254432915932e+01 2.970649620234e+01 2.271046802998e+01 1 1 1 0.0 0.0 0.0
Se 1.201811960143e+01 3.381900870566e+01 2.271046802998e+01 1 1 1 0.0 0.0 0.0
Se 1.149191004353e+01 3.793152120897e+01 2.271046802998e+01 1 1 1 0.0 0.0 0.0
Se 9.002040426770e+00 9.640617845945e-02 2.271046802998e+01 1 1 1 0.0 0.0 0.0
Se 1.235181346673e+01 2.563913680449e+00 2.271046802998e+01 1 1 1 0.0 0.0 0.0
Se 1.182560390883e+01 6.676426183766e+00 2.271046802998e+01 1 1 1 0.0 0.0 0.0
Se 1.129939435094e+01 1.078893868708e+01 2.271046802998e+01 1 1 1 0.0 0.0 0.0
Se 1.077318479304e+01 1.490145119040e+01 2.271046802998e+01 1 1 1 0.0 0.0 0.0
Se 1.024697523515e+01 1.901396369372e+01 2.271046802998e+01 1 1 1 0.0 0.0 0.0
Se 9.720765677257e+00 2.312647619703e+01 2.271046802998e+01 1 1 1 0.0 0.0 0.0
Se 9.194556119363e+00 2.723898870035e+01 2.271046802998e+01 1 1 1 0.0 0.0 0.0
Se 8.668346561469e+00 3.135150120367e+01 2.271046802998e+01 1 1 1 0.0 0.0 0.0
Se 8.142137003574e+00 3.546401370698e+01 2.271046802998e+01 1 1 1 0.0 0.0 0.0
Se 7.615927445680e+00 3.957652621030e+01 2.271046802998e+01 1 1 1 0.0 0.0 0.0
Se 8.475830868876e+00 4.208918681776e+00 2.271046802998e+01 1 1 1 0.0 0.0 0.0
Se 7.949621310981e+00 8.321431185093e+00 2.271046802998e+01 1 1 1 0.0 0.0 0.0
Se 7.423411753087e+00 1.243394368841e+01 2.271046802998e+01 1 1 1 0.0 0.0 0.0
Se 6.897202195193e+00 1.654645619173e+01 2.271046802998e+01 1 1 1 0.0 0.0 0.0
Se 6.370992637299e+00 2.065896869504e+01 2.271046802998e+01 1 1 1 0.0 0.0 0.0
Se 5.844783079405e+00 2.477148119836e+01 2.271046802998e+01 1 1 1 0.0 0.0 0.0
Se 5.318573521511e+00 2.888399370168e+01 2.271046802998e+01 1 1 1 0.0 0.0 0.0
Se 4.792363963617e+00 3.299650620499e+01 2.271046802998e+01 1 1 1 0.0 0.0 0.0
Se 4.266154405723e+00 3.710901870831e+01 2.271046802998e+01 1 1 1 0.0 0.0 0.0
Se 3.739944847829e+00 4.122153121163e+01 2.271046802998e+01 1 1 1 0.0 0.0 0.0
Se 5.126057828918e+00 1.741411179786e+00 2.271046802998e+01 1 1 1 0.0 0.0 0.0
Se 4.599848271024e+00 5.853923683103e+00 2.271046802998e+01 1 1 1 0.0 0.0 0.0
Se 4.073638713130e+00 9.966436186420e+00 2.271046802998e+01 1 1 1 0.0 0.0 0.0
Se 3.547429155236e+00 1.407894868974e+01 2.271046802998e+01 1 1 1 0.0 0.0 0.0
Se 3.021219597342e+00 1.819146119305e+01 2.271046802998e+01 1 1 1 0.0 0.0 0.0
Se 2.495010039448e+00 2.230397369637e+01 2.271046802998e+01 1 1 1 0.0 0.0 0.0
Se 1.968800481554e+00 2.641648619969e+01 2.271046802998e+01 1 1 1 0.0 0.0 0.0
Se 1.442590923660e+00 3.052899870300e+01 2.271046802998e+01 1 1 1 0.0 0.0 0.0
Se 1.924387523923e+01 3.464151120632e+01 2.271046802998e+01 1 1 1 0.0 0.0 0.0
Se 1.871766568134e+01 3.875402370964e+01 2.271046802998e+01 1 1 1 0.0 0.0 0.0
Se 1.250075231067e+00 3.386416181113e+00 2.271046802998e+01 1 1 1 0.0 0.0 0.0
Se 7.238656731727e-01 7.498928684430e+00 2.271046802998e+01 1 1 1 0.0 0.0 0.0
Se 1.852514998875e+01 1.161144118775e+01 2.271046802998e+01 1 1 1 0.0 0.0 0.0
Se 1.799894043085e+01 1.572395369106e+01 2.271046802998e+01 1 1 1 0.0 0.0 0.0
Se 1.747273087296e+01 1.983646619438e+01 2.271046802998e+01 1 1 1 0.0 0.0 0.0
Se 1.622779606458e+01 9.189086791228e-01 2.271046802998e+01 1 1 1 0.0 0.0 0.0
"