calculation_mode = "Quench Electrons"
cell_relax = "False"
charge_density_mixing = "0.1"
charge_mixing_type = "Broyden"
description = "Example parameters for high-throughput bulk relaxation of a vdW material"
dos_broading = "0.05"
dos_method = "Gaussian"
energy_convergence_criterion = "1e-10"
energy_output_units = "Hartrees"
kohn_sham_mucycles = "3"
kohn_sham_solver = "davidson"
kpoint_distribution = "1"
kpoint_mesh = "2 1 1"
localize_projectors = "False"
max_md_steps = "100"
max_scf_steps = "200"
non_local_block_size = "4000"
output_wave_function_file = "/dev/null"
potential_acceleration_constant_step = "1.5"
processor_grid = "2 8 14"
rms_convergence_criterion = "1e-08"
scalapack_block_factor = "64"
start_mode = "LCAO Start"
state_block_size = "64"
stress = "True"
subdiag_driver = "scalapack"
use_async_allreduce = "False"
vdw_corr = "DFT-D3"
vdwdf_kernel_filepath = "/lustre/orion/world-shared/cph162/rjmorelock/rmgdft/XC/vdW_kernel_table"
wavefunction_grid = "60 206 378"
write_data_period = "50"

atomic_coordinate_type = "Absolute"
crds_units = "Angstrom"
lattice_units = "Angstrom"

lattice_vector = "
6.927141563561e+00 0.000000000000e+00 4.000000000000e-16
3.463570780450e+00 2.399632227939e+01 1.500000000000e-15
0.000000000000e+00 0.000000000000e+00 4.446241589303e+01
"
atoms = "
Nb 5.735059982475e+00 1.746877007979e+01 1.532833092694e+01 1 1 1 0.0 0.0 0.0
Nb 9.198630764255e+00 1.746877007979e+01 1.532833092694e+01 1 1 1 0.0 0.0 0.0
Nb 4.003274591751e+00 1.446922979487e+01 1.532833092694e+01 1 1 1 0.0 0.0 0.0
Nb 7.466845373531e+00 1.446922979487e+01 1.532833092694e+01 1 1 1 0.0 0.0 0.0
Nb 5.735059982808e+00 1.146968950995e+01 1.532833092694e+01 1 1 1 0.0 0.0 0.0
Nb 2.271489201027e+00 1.146968950995e+01 1.532833092694e+01 1 1 1 0.0 0.0 0.0
Nb 4.003274592084e+00 8.470149225022e+00 1.532833092694e+01 1 1 1 0.0 0.0 0.0
Nb 7.466845373864e+00 8.470149225022e+00 1.532833092694e+01 1 1 1 0.0 0.0 0.0
Nb 2.271489201360e+00 5.470608940099e+00 1.532833092694e+01 1 1 1 0.0 0.0 0.0
Nb 5.735059983140e+00 5.470608940099e+00 1.532833092694e+01 1 1 1 0.0 0.0 0.0
Nb 4.003274592416e+00 2.471068655176e+00 1.532833092694e+01 1 1 1 0.0 0.0 0.0
Nb 5.397038106359e-01 2.471068655176e+00 1.532833092694e+01 1 1 1 0.0 0.0 0.0
Nb 5.735059982142e+00 2.346785064964e+01 1.532833092694e+01 1 1 1 0.0 0.0 0.0
Nb 9.198630763923e+00 2.346785064964e+01 1.532833092694e+01 1 1 1 0.0 0.0 0.0
Nb 4.003274591419e+00 2.046831036472e+01 1.532833092694e+01 1 1 1 0.0 0.0 0.0
Nb 7.466845373199e+00 2.046831036472e+01 1.532833092694e+01 1 1 1 0.0 0.0 0.0
Nb 5.734077143032e+00 1.745901392100e+01 9.182088683320e+00 1 1 1 0.0 0.0 0.0
Nb 9.197647924812e+00 1.745901392100e+01 9.182088683320e+00 1 1 1 0.0 0.0 0.0
Nb 4.002291752308e+00 1.445947363608e+01 9.182088683320e+00 1 1 1 0.0 0.0 0.0
Nb 7.465862534088e+00 1.445947363608e+01 9.182088683320e+00 1 1 1 0.0 0.0 0.0
Nb 5.734077143364e+00 1.145993335115e+01 9.182088683320e+00 1 1 1 0.0 0.0 0.0
Nb 2.270506361584e+00 1.145993335115e+01 9.182088683320e+00 1 1 1 0.0 0.0 0.0
Nb 4.002291752640e+00 8.460393066231e+00 9.182088683320e+00 1 1 1 0.0 0.0 0.0
Nb 7.465862534421e+00 8.460393066231e+00 9.182088683320e+00 1 1 1 0.0 0.0 0.0
Nb 2.270506361916e+00 5.460852781307e+00 9.182088683320e+00 1 1 1 0.0 0.0 0.0
Nb 5.734077143697e+00 5.460852781307e+00 9.182088683320e+00 1 1 1 0.0 0.0 0.0
Nb 4.002291752973e+00 2.461312496384e+00 9.182088683320e+00 1 1 1 0.0 0.0 0.0
Nb 5.387209711926e-01 2.461312496384e+00 9.182088683320e+00 1 1 1 0.0 0.0 0.0
Nb 5.734077142699e+00 2.345809449085e+01 9.182088683320e+00 1 1 1 0.0 0.0 0.0
Nb 9.197647924479e+00 2.345809449085e+01 9.182088683320e+00 1 1 1 0.0 0.0 0.0
Nb 4.002291751975e+00 2.045855420592e+01 9.182088683320e+00 1 1 1 0.0 0.0 0.0
Nb 7.465862533756e+00 2.045855420592e+01 9.182088683320e+00 1 1 1 0.0 0.0 0.0
Bi 5.561089892477e+00 1.852637460296e+01 3.532095071834e+01 1 1 1 0.0 0.0 0.0
Bi 9.024660674378e+00 1.634489075938e+01 3.532095071834e+01 1 1 1 0.0 0.0 0.0
Bi 5.561089892719e+00 1.416340691580e+01 3.532095071834e+01 1 1 1 0.0 0.0 0.0
Bi 2.097519111059e+00 1.198192307222e+01 3.532095071834e+01 1 1 1 0.0 0.0 0.0
Bi 5.561089892960e+00 9.800439228642e+00 3.532095071834e+01 1 1 1 0.0 0.0 0.0
Bi 2.097519111301e+00 7.618955385062e+00 3.532095071834e+01 1 1 1 0.0 0.0 0.0
Bi 5.561089893202e+00 5.437471541481e+00 3.532095071834e+01 1 1 1 0.0 0.0 0.0
Bi 2.097519111543e+00 3.255987697901e+00 3.532095071834e+01 1 1 1 0.0 0.0 0.0
Bi 5.561089893444e+00 1.074503854320e+00 3.532095071834e+01 1 1 1 0.0 0.0 0.0
Bi 5.561089892235e+00 2.288934229013e+01 3.532095071834e+01 1 1 1 0.0 0.0 0.0
Bi 9.024660674136e+00 2.070785844654e+01 3.532095071834e+01 1 1 1 0.0 0.0 0.0
Bi 3.276529339405e+00 1.855258972825e+01 3.133430771007e+01 1 1 1 0.0 0.0 0.0
Bi 6.740100121306e+00 1.637110588466e+01 3.133430771007e+01 1 1 1 0.0 0.0 0.0
Bi 3.276529339647e+00 1.418962204108e+01 3.133430771007e+01 1 1 1 0.0 0.0 0.0
Bi 6.740100121548e+00 1.200813819750e+01 3.133430771007e+01 1 1 1 0.0 0.0 0.0
Bi 3.276529339889e+00 9.826654353923e+00 3.133430771007e+01 1 1 1 0.0 0.0 0.0
Bi 6.740100121790e+00 7.645170510342e+00 3.133430771007e+01 1 1 1 0.0 0.0 0.0
Bi 3.276529340130e+00 5.463686666762e+00 3.133430771007e+01 1 1 1 0.0 0.0 0.0
Bi 6.740100122032e+00 3.282202823181e+00 3.133430771007e+01 1 1 1 0.0 0.0 0.0
Bi 3.276529340372e+00 1.100718979601e+00 3.133430771007e+01 1 1 1 0.0 0.0 0.0
Bi 1.020367090272e+01 2.291555741541e+01 3.133430771007e+01 1 1 1 0.0 0.0 0.0
Bi 6.740100121064e+00 2.073407357183e+01 3.133430771007e+01 1 1 1 0.0 0.0 0.0
Bi 3.259859146081e+00 1.862128055474e+01 2.529282906773e+01 1 1 1 0.0 0.0 0.0
Bi 6.723429927982e+00 1.643979671116e+01 2.529282906773e+01 1 1 1 0.0 0.0 0.0
Bi 3.259859146323e+00 1.425831286758e+01 2.529282906773e+01 1 1 1 0.0 0.0 0.0
Bi 6.723429928224e+00 1.207682902400e+01 2.529282906773e+01 1 1 1 0.0 0.0 0.0
Bi 3.259859146565e+00 9.895345180417e+00 2.529282906773e+01 1 1 1 0.0 0.0 0.0
Bi 6.723429928466e+00 7.713861336837e+00 2.529282906773e+01 1 1 1 0.0 0.0 0.0
Bi 3.259859146807e+00 5.532377493256e+00 2.529282906773e+01 1 1 1 0.0 0.0 0.0
Bi 6.723429928708e+00 3.350893649676e+00 2.529282906773e+01 1 1 1 0.0 0.0 0.0
Bi 3.259859147048e+00 1.169409806095e+00 2.529282906773e+01 1 1 1 0.0 0.0 0.0
Bi 1.018700070940e+01 2.298424824190e+01 2.529282906773e+01 1 1 1 0.0 0.0 0.0
Bi 6.723429927740e+00 2.080276439832e+01 2.529282906773e+01 1 1 1 0.0 0.0 0.0
Bi 7.898548878884e+00 1.862300582501e+01 2.132110864621e+01 1 1 1 0.0 0.0 0.0
Bi 4.434978097225e+00 1.644152198143e+01 2.132110864621e+01 1 1 1 0.0 0.0 0.0
Bi 7.898548879126e+00 1.426003813785e+01 2.132110864621e+01 1 1 1 0.0 0.0 0.0
Bi 4.434978097467e+00 1.207855429427e+01 2.132110864621e+01 1 1 1 0.0 0.0 0.0
Bi 7.898548879368e+00 9.897070450689e+00 2.132110864621e+01 1 1 1 0.0 0.0 0.0
Bi 4.434978097709e+00 7.715586607109e+00 2.132110864621e+01 1 1 1 0.0 0.0 0.0
Bi 9.714073160492e-01 5.534102763528e+00 2.132110864621e+01 1 1 1 0.0 0.0 0.0
Bi 4.434978097950e+00 3.352618919948e+00 2.132110864621e+01 1 1 1 0.0 0.0 0.0
Bi 9.714073162911e-01 1.171135076367e+00 2.132110864621e+01 1 1 1 0.0 0.0 0.0
Bi 7.898548878642e+00 2.298597351217e+01 2.132110864621e+01 1 1 1 0.0 0.0 0.0
Bi 4.434978096983e+00 2.080448966859e+01 2.132110864621e+01 1 1 1 0.0 0.0 0.0
Se 7.466302254494e+00 1.845850809702e+01 7.500000000000e+00 1 1 1 0.0 0.0 0.0
Se 4.002731472714e+00 1.845850809702e+01 7.500000000000e+00 1 1 1 0.0 0.0 0.0
Se 5.734516863770e+00 1.545896781210e+01 7.500000000000e+00 1 1 1 0.0 0.0 0.0
Se 2.270946081990e+00 1.545896781210e+01 7.500000000000e+00 1 1 1 0.0 0.0 0.0
Se 7.466302254827e+00 1.245942752717e+01 7.500000000000e+00 1 1 1 0.0 0.0 0.0
Se 4.002731473046e+00 1.245942752717e+01 7.500000000000e+00 1 1 1 0.0 0.0 0.0
Se 5.734516864103e+00 9.459887242250e+00 7.500000000000e+00 1 1 1 0.0 0.0 0.0
Se 2.270946082323e+00 9.459887242250e+00 7.500000000000e+00 1 1 1 0.0 0.0 0.0
Se 4.002731473379e+00 6.460346957326e+00 7.500000000000e+00 1 1 1 0.0 0.0 0.0
Se 7.466302255159e+00 6.460346957326e+00 7.500000000000e+00 1 1 1 0.0 0.0 0.0
Se 5.734516864435e+00 3.460806672403e+00 7.500000000000e+00 1 1 1 0.0 0.0 0.0
Se 2.270946082655e+00 3.460806672403e+00 7.500000000000e+00 1 1 1 0.0 0.0 0.0
Se 4.002731473711e+00 4.612663874799e-01 7.500000000000e+00 1 1 1 0.0 0.0 0.0
Se 5.391606919312e-01 4.612663874799e-01 7.500000000000e+00 1 1 1 0.0 0.0 0.0
Se 5.734516863438e+00 2.145804838194e+01 7.500000000000e+00 1 1 1 0.0 0.0 0.0
Se 9.198087645218e+00 2.145804838194e+01 7.500000000000e+00 1 1 1 0.0 0.0 0.0
Se 5.735325385097e+00 1.946834977172e+01 1.364602824434e+01 1 1 1 0.0 0.0 0.0
Se 9.198896166877e+00 1.946834977172e+01 1.364602824434e+01 1 1 1 0.0 0.0 0.0
Se 4.003539994373e+00 1.646880948680e+01 1.364602824434e+01 1 1 1 0.0 0.0 0.0
Se 7.467110776153e+00 1.646880948680e+01 1.364602824434e+01 1 1 1 0.0 0.0 0.0
Se 5.735325385430e+00 1.346926920188e+01 1.364602824434e+01 1 1 1 0.0 0.0 0.0
Se 2.271754603649e+00 1.346926920188e+01 1.364602824434e+01 1 1 1 0.0 0.0 0.0
Se 4.003539994706e+00 1.046972891695e+01 1.364602824434e+01 1 1 1 0.0 0.0 0.0
Se 7.467110776486e+00 1.046972891695e+01 1.364602824434e+01 1 1 1 0.0 0.0 0.0
Se 2.271754603982e+00 7.470188632030e+00 1.364602824434e+01 1 1 1 0.0 0.0 0.0
Se 5.735325385762e+00 7.470188632030e+00 1.364602824434e+01 1 1 1 0.0 0.0 0.0
Se 4.003539995038e+00 4.470648347106e+00 1.364602824434e+01 1 1 1 0.0 0.0 0.0
Se 7.467110776818e+00 4.470648347106e+00 1.364602824434e+01 1 1 1 0.0 0.0 0.0
Se 2.271754604314e+00 1.471108062183e+00 1.364602824434e+01 1 1 1 0.0 0.0 0.0
Se 5.735325386095e+00 1.471108062183e+00 1.364602824434e+01 1 1 1 0.0 0.0 0.0
Se 4.003539994041e+00 2.246789005665e+01 1.364602824434e+01 1 1 1 0.0 0.0 0.0
Se 7.467110775821e+00 2.246789005665e+01 1.364602824434e+01 1 1 1 0.0 0.0 0.0
Se 7.465994898282e+00 1.845953946774e+01 1.086443756309e+01 1 1 1 0.0 0.0 0.0
Se 4.002424116502e+00 1.845953946774e+01 1.086443756309e+01 1 1 1 0.0 0.0 0.0
Se 5.734209507558e+00 1.545999918282e+01 1.086443756309e+01 1 1 1 0.0 0.0 0.0
Se 2.270638725778e+00 1.545999918282e+01 1.086443756309e+01 1 1 1 0.0 0.0 0.0
Se 7.465994898614e+00 1.246045889789e+01 1.086443756309e+01 1 1 1 0.0 0.0 0.0
Se 4.002424116834e+00 1.246045889789e+01 1.086443756309e+01 1 1 1 0.0 0.0 0.0
Se 5.734209507891e+00 9.460918612971e+00 1.086443756309e+01 1 1 1 0.0 0.0 0.0
Se 2.270638726110e+00 9.460918612971e+00 1.086443756309e+01 1 1 1 0.0 0.0 0.0
Se 4.002424117167e+00 6.461378328048e+00 1.086443756309e+01 1 1 1 0.0 0.0 0.0
Se 7.465994898947e+00 6.461378328048e+00 1.086443756309e+01 1 1 1 0.0 0.0 0.0
Se 5.734209508223e+00 3.461838043125e+00 1.086443756309e+01 1 1 1 0.0 0.0 0.0
Se 2.270638726443e+00 3.461838043125e+00 1.086443756309e+01 1 1 1 0.0 0.0 0.0
Se 4.002424117499e+00 4.622977582014e-01 1.086443756309e+01 1 1 1 0.0 0.0 0.0
Se 5.388533357189e-01 4.622977582014e-01 1.086443756309e+01 1 1 1 0.0 0.0 0.0
Se 5.734209507225e+00 2.145907975266e+01 1.086443756309e+01 1 1 1 0.0 0.0 0.0
Se 9.197780289006e+00 2.145907975266e+01 1.086443756309e+01 1 1 1 0.0 0.0 0.0
Se 5.734855817037e+00 1.946929781599e+01 1.701046802998e+01 1 1 1 0.0 0.0 0.0
Se 9.198426598817e+00 1.946929781599e+01 1.701046802998e+01 1 1 1 0.0 0.0 0.0
Se 4.003070426313e+00 1.646975753106e+01 1.701046802998e+01 1 1 1 0.0 0.0 0.0
Se 7.466641208094e+00 1.646975753106e+01 1.701046802998e+01 1 1 1 0.0 0.0 0.0
Se 5.734855817370e+00 1.347021724614e+01 1.701046802998e+01 1 1 1 0.0 0.0 0.0
Se 2.271285035589e+00 1.347021724614e+01 1.701046802998e+01 1 1 1 0.0 0.0 0.0
Se 4.003070426646e+00 1.047067696122e+01 1.701046802998e+01 1 1 1 0.0 0.0 0.0
Se 7.466641208426e+00 1.047067696122e+01 1.701046802998e+01 1 1 1 0.0 0.0 0.0
Se 2.271285035922e+00 7.471136676294e+00 1.701046802998e+01 1 1 1 0.0 0.0 0.0
Se 5.734855817702e+00 7.471136676294e+00 1.701046802998e+01 1 1 1 0.0 0.0 0.0
Se 4.003070426978e+00 4.471596391371e+00 1.701046802998e+01 1 1 1 0.0 0.0 0.0
Se 7.466641208759e+00 4.471596391371e+00 1.701046802998e+01 1 1 1 0.0 0.0 0.0
Se 2.271285036254e+00 1.472056106448e+00 1.701046802998e+01 1 1 1 0.0 0.0 0.0
Se 5.734855818035e+00 1.472056106448e+00 1.701046802998e+01 1 1 1 0.0 0.0 0.0
Se 4.003070425981e+00 2.246883810091e+01 1.701046802998e+01 1 1 1 0.0 0.0 0.0
Se 7.466641207761e+00 2.246883810091e+01 1.701046802998e+01 1 1 1 0.0 0.0 0.0
Se 3.240458670025e+00 1.852688409761e+01 3.696241589303e+01 1 1 1 0.0 0.0 0.0
Se 6.704029451926e+00 1.634540025403e+01 3.696241589303e+01 1 1 1 0.0 0.0 0.0
Se 3.240458670267e+00 1.416391641045e+01 3.696241589303e+01 1 1 1 0.0 0.0 0.0
Se 6.704029452168e+00 1.198243256687e+01 3.696241589303e+01 1 1 1 0.0 0.0 0.0
Se 3.240458670509e+00 9.800948723285e+00 3.696241589303e+01 1 1 1 0.0 0.0 0.0
Se 6.704029452410e+00 7.619464879704e+00 3.696241589303e+01 1 1 1 0.0 0.0 0.0
Se 3.240458670750e+00 5.437981036123e+00 3.696241589303e+01 1 1 1 0.0 0.0 0.0
Se 6.704029452652e+00 3.256497192543e+00 3.696241589303e+01 1 1 1 0.0 0.0 0.0
Se 3.240458670992e+00 1.075013348962e+00 3.696241589303e+01 1 1 1 0.0 0.0 0.0
Se 1.016760023334e+01 2.288985178477e+01 3.696241589303e+01 1 1 1 0.0 0.0 0.0
Se 6.704029451684e+00 2.070836794119e+01 3.696241589303e+01 1 1 1 0.0 0.0 0.0
Se 7.893949017810e+00 1.853309164347e+01 3.332483142763e+01 1 1 1 0.0 0.0 0.0
Se 4.430378236151e+00 1.635160779989e+01 3.332483142763e+01 1 1 1 0.0 0.0 0.0
Se 7.893949018052e+00 1.417012395631e+01 3.332483142763e+01 1 1 1 0.0 0.0 0.0
Se 4.430378236392e+00 1.198864011273e+01 3.332483142763e+01 1 1 1 0.0 0.0 0.0
Se 7.893949018294e+00 9.807156269148e+00 3.332483142763e+01 1 1 1 0.0 0.0 0.0
Se 4.430378236634e+00 7.625672425567e+00 3.332483142763e+01 1 1 1 0.0 0.0 0.0
Se 9.668074549749e-01 5.444188581987e+00 3.332483142763e+01 1 1 1 0.0 0.0 0.0
Se 4.430378236876e+00 3.262704738406e+00 3.332483142763e+01 1 1 1 0.0 0.0 0.0
Se 9.668074552167e-01 1.081220894826e+00 3.332483142763e+01 1 1 1 0.0 0.0 0.0
Se 7.893949017568e+00 2.289605933063e+01 3.332483142763e+01 1 1 1 0.0 0.0 0.0
Se 4.430378235909e+00 2.071457548705e+01 3.332483142763e+01 1 1 1 0.0 0.0 0.0
Se 5.575743076575e+00 1.854233464638e+01 2.969131231352e+01 1 1 1 0.0 0.0 0.0
Se 9.039313858476e+00 1.636085080280e+01 2.969131231352e+01 1 1 1 0.0 0.0 0.0
Se 5.575743076817e+00 1.417936695922e+01 2.969131231352e+01 1 1 1 0.0 0.0 0.0
Se 2.112172295158e+00 1.199788311564e+01 2.969131231352e+01 1 1 1 0.0 0.0 0.0
Se 5.575743077059e+00 9.816399272060e+00 2.969131231352e+01 1 1 1 0.0 0.0 0.0
Se 2.112172295399e+00 7.634915428479e+00 2.969131231352e+01 1 1 1 0.0 0.0 0.0
Se 5.575743077301e+00 5.453431584899e+00 2.969131231352e+01 1 1 1 0.0 0.0 0.0
Se 2.112172295641e+00 3.271947741318e+00 2.969131231352e+01 1 1 1 0.0 0.0 0.0
Se 5.575743077542e+00 1.090463897738e+00 2.969131231352e+01 1 1 1 0.0 0.0 0.0
Se 5.575743076333e+00 2.290530233354e+01 2.969131231352e+01 1 1 1 0.0 0.0 0.0
Se 9.039313858234e+00 2.072381848996e+01 2.969131231352e+01 1 1 1 0.0 0.0 0.0
Se 7.899747069593e+00 1.861885431936e+01 2.692457590224e+01 1 1 1 0.0 0.0 0.0
Se 4.436176287934e+00 1.643737047578e+01 2.692457590224e+01 1 1 1 0.0 0.0 0.0
Se 7.899747069835e+00 1.425588663220e+01 2.692457590224e+01 1 1 1 0.0 0.0 0.0
Se 4.436176288176e+00 1.207440278862e+01 2.692457590224e+01 1 1 1 0.0 0.0 0.0
Se 7.899747070077e+00 9.892918945040e+00 2.692457590224e+01 1 1 1 0.0 0.0 0.0
Se 4.436176288417e+00 7.711435101459e+00 2.692457590224e+01 1 1 1 0.0 0.0 0.0
Se 9.726055067580e-01 5.529951257879e+00 2.692457590224e+01 1 1 1 0.0 0.0 0.0
Se 4.436176288659e+00 3.348467414298e+00 2.692457590224e+01 1 1 1 0.0 0.0 0.0
Se 9.726055069999e-01 1.166983570718e+00 2.692457590224e+01 1 1 1 0.0 0.0 0.0
Se 7.899747069351e+00 2.298182200652e+01 2.692457590224e+01 1 1 1 0.0 0.0 0.0
Se 4.436176287692e+00 2.080033816294e+01 2.692457590224e+01 1 1 1 0.0 0.0 0.0
Se 5.573680662995e+00 1.862791353137e+01 2.330671355540e+01 1 1 1 0.0 0.0 0.0
Se 9.037251444896e+00 1.644642968779e+01 2.330671355540e+01 1 1 1 0.0 0.0 0.0
Se 5.573680663237e+00 1.426494584421e+01 2.330671355540e+01 1 1 1 0.0 0.0 0.0
Se 2.110109881577e+00 1.208346200063e+01 2.330671355540e+01 1 1 1 0.0 0.0 0.0
Se 5.573680663478e+00 9.901978157046e+00 2.330671355540e+01 1 1 1 0.0 0.0 0.0
Se 2.110109881819e+00 7.720494313465e+00 2.330671355540e+01 1 1 1 0.0 0.0 0.0
Se 5.573680663720e+00 5.539010469884e+00 2.330671355540e+01 1 1 1 0.0 0.0 0.0
Se 2.110109882061e+00 3.357526626304e+00 2.330671355540e+01 1 1 1 0.0 0.0 0.0
Se 5.573680663962e+00 1.176042782723e+00 2.330671355540e+01 1 1 1 0.0 0.0 0.0
Se 5.573680662753e+00 2.299088121853e+01 2.330671355540e+01 1 1 1 0.0 0.0 0.0
Se 9.037251444654e+00 2.080939737495e+01 2.330671355540e+01 1 1 1 0.0 0.0 0.0
Se 3.252486224444e+00 1.862184174611e+01 1.968357859229e+01 1 1 1 0.0 0.0 0.0
Se 6.716057006345e+00 1.644035790253e+01 1.968357859229e+01 1 1 1 0.0 0.0 0.0
Se 3.252486224685e+00 1.425887405895e+01 1.968357859229e+01 1 1 1 0.0 0.0 0.0
Se 6.716057006587e+00 1.207739021537e+01 1.968357859229e+01 1 1 1 0.0 0.0 0.0
Se 3.252486224927e+00 9.895906371786e+00 1.968357859229e+01 1 1 1 0.0 0.0 0.0
Se 6.716057006828e+00 7.714422528206e+00 1.968357859229e+01 1 1 1 0.0 0.0 0.0
Se 3.252486225169e+00 5.532938684625e+00 1.968357859229e+01 1 1 1 0.0 0.0 0.0
Se 6.716057007070e+00 3.351454841045e+00 1.968357859229e+01 1 1 1 0.0 0.0 0.0
Se 3.252486225411e+00 1.169970997464e+00 1.968357859229e+01 1 1 1 0.0 0.0 0.0
Se 1.017962778776e+01 2.298480943327e+01 1.968357859229e+01 1 1 1 0.0 0.0 0.0
Se 6.716057006103e+00 2.080332558969e+01 1.968357859229e+01 1 1 1 0.0 0.0 0.0
"