calculation_mode = "Quench Electrons"
cell_relax = "False"
charge_density_mixing = "0.1"
charge_mixing_type = "Broyden"
description = "Example parameters for high-throughput bulk relaxation of a vdW material"
dos_broading = "0.05"
dos_method = "Gaussian"
energy_convergence_criterion = "1e-10"
energy_output_units = "Hartrees"
kohn_sham_mucycles = "3"
kohn_sham_solver = "davidson"
kpoint_mesh = "1 1 1"
localize_projectors = "False"
max_md_steps = "100"
max_scf_steps = "200"
non_local_block_size = "4000"
potential_acceleration_constant_step = "1.5"
processor_grid = "4 5 12"
rms_convergence_criterion = "1e-08"
scalapack_block_factor = "64"
start_mode = "LCAO Start"
state_block_size = "64"
stress = "True"
subdiag_driver = "scalapack"
use_async_allreduce = "False"
vdw_corr = "DFT-D3"
vdwdf_kernel_filepath = "/lustre/orion/world-shared/cph162/rjmorelock/rmgdft/XC/vdW_kernel_table"
wavefunction_grid = "128 154 378"
write_data_period = "50"

atomic_coordinate_type = "Absolute"
crds_units = "Angstrom"
lattice_units = "Angstrom"

lattice_vector = "
1.509735502135e+01 0.000000000000e+00 9.000000000000e-16
7.151378694084e+00 1.651540165801e+01 1.100000000000e-15
0.000000000000e+00 0.000000000000e+00 4.446241589303e+01
"
atoms = "
Nb 5.737175571597e+00 8.686987760188e+00 1.532833092694e+01 1 1 1 0.0 0.0 0.0
Nb 8.518267286026e+00 1.075141296744e+01 1.532833092694e+01 1 1 1 0.0 0.0 0.0
Nb 1.129935900046e+01 1.281583817469e+01 1.532833092694e+01 1 1 1 0.0 0.0 0.0
Nb 3.353382673569e+00 3.181853874184e+00 1.532833092694e+01 1 1 1 0.0 0.0 0.0
Nb 6.134474387998e+00 5.246279081436e+00 1.532833092694e+01 1 1 1 0.0 0.0 0.0
Nb 8.915566102428e+00 7.310704288687e+00 1.532833092694e+01 1 1 1 0.0 0.0 0.0
Nb 1.169665781686e+01 9.375129495938e+00 1.532833092694e+01 1 1 1 0.0 0.0 0.0
Nb 1.447774953129e+01 1.143955470319e+01 1.532833092694e+01 1 1 1 0.0 0.0 0.0
Nb 1.725884124572e+01 1.350397991044e+01 1.532833092694e+01 1 1 1 0.0 0.0 0.0
Nb 8.120968469625e+00 1.419212164619e+01 1.532833092694e+01 1 1 1 0.0 0.0 0.0
Nb 1.090206018405e+01 1.625654685344e+01 1.532833092694e+01 1 1 1 0.0 0.0 0.0
Nb 6.531773204400e+00 1.805570402684e+00 1.532833092694e+01 1 1 1 0.0 0.0 0.0
Nb 9.312864918829e+00 3.869995609935e+00 1.532833092694e+01 1 1 1 0.0 0.0 0.0
Nb 1.209395663326e+01 5.934420817186e+00 1.532833092694e+01 1 1 1 0.0 0.0 0.0
Nb 1.487504834769e+01 7.998846024437e+00 1.532833092694e+01 1 1 1 0.0 0.0 0.0
Nb 1.765614006212e+01 1.006327123169e+01 1.532833092694e+01 1 1 1 0.0 0.0 0.0
Nb 5.339876755195e+00 1.212769643894e+01 1.532833092694e+01 1 1 1 0.0 0.0 0.0
Nb 1.408045071488e+01 1.488026338194e+01 1.532833092694e+01 1 1 1 0.0 0.0 0.0
Nb 9.710163735231e+00 4.292869311828e-01 1.532833092694e+01 1 1 1 0.0 0.0 0.0
Nb 1.249125544966e+01 2.493712138434e+00 1.532833092694e+01 1 1 1 0.0 0.0 0.0
Nb 1.527234716409e+01 4.558137345685e+00 1.532833092694e+01 1 1 1 0.0 0.0 0.0
Nb 2.956083857167e+00 6.622562552937e+00 1.532833092694e+01 1 1 1 0.0 0.0 0.0
Nb 2.003993296015e+01 1.556840511769e+01 1.532833092694e+01 1 1 1 0.0 0.0 0.0
Nb 5.722909591396e-01 1.117428666933e+00 1.532833092694e+01 1 1 1 0.0 0.0 0.0
Nb 5.743779804110e+00 8.679739814227e+00 9.182088683320e+00 1 1 1 0.0 0.0 0.0
Nb 8.524871518539e+00 1.074416502148e+01 9.182088683320e+00 1 1 1 0.0 0.0 0.0
Nb 1.130596323297e+01 1.280859022873e+01 9.182088683320e+00 1 1 1 0.0 0.0 0.0
Nb 3.359986906082e+00 3.174605928224e+00 9.182088683320e+00 1 1 1 0.0 0.0 0.0
Nb 6.141078620511e+00 5.239031135475e+00 9.182088683320e+00 1 1 1 0.0 0.0 0.0
Nb 8.922170334941e+00 7.303456342726e+00 9.182088683320e+00 1 1 1 0.0 0.0 0.0
Nb 1.170326204937e+01 9.367881549977e+00 9.182088683320e+00 1 1 1 0.0 0.0 0.0
Nb 1.448435376380e+01 1.143230675723e+01 9.182088683320e+00 1 1 1 0.0 0.0 0.0
Nb 1.726544547823e+01 1.349673196448e+01 9.182088683320e+00 1 1 1 0.0 0.0 0.0
Nb 8.127572702137e+00 1.418487370023e+01 9.182088683320e+00 1 1 1 0.0 0.0 0.0
Nb 1.090866441657e+01 1.624929890748e+01 9.182088683320e+00 1 1 1 0.0 0.0 0.0
Nb 6.538377436913e+00 1.798322456723e+00 9.182088683320e+00 1 1 1 0.0 0.0 0.0
Nb 9.319469151342e+00 3.862747663974e+00 9.182088683320e+00 1 1 1 0.0 0.0 0.0
Nb 1.210056086577e+01 5.927172871225e+00 9.182088683320e+00 1 1 1 0.0 0.0 0.0
Nb 1.488165258020e+01 7.991598078476e+00 9.182088683320e+00 1 1 1 0.0 0.0 0.0
Nb 1.766274429463e+01 1.005602328573e+01 9.182088683320e+00 1 1 1 0.0 0.0 0.0
Nb 5.346480987708e+00 1.212044849298e+01 9.182088683320e+00 1 1 1 0.0 0.0 0.0
Nb 1.408705494740e+01 1.487301543598e+01 9.182088683320e+00 1 1 1 0.0 0.0 0.0
Nb 9.716767967744e+00 4.220389852219e-01 9.182088683320e+00 1 1 1 0.0 0.0 0.0
Nb 1.249785968217e+01 2.486464192473e+00 9.182088683320e+00 1 1 1 0.0 0.0 0.0
Nb 1.527895139660e+01 4.550889399724e+00 9.182088683320e+00 1 1 1 0.0 0.0 0.0
Nb 2.962688089680e+00 6.615314606976e+00 9.182088683320e+00 1 1 1 0.0 0.0 0.0
Nb 2.004653719266e+01 1.556115717173e+01 9.182088683320e+00 1 1 1 0.0 0.0 0.0
Nb 5.788951916524e-01 1.110180720972e+00 9.182088683320e+00 1 1 1 0.0 0.0 0.0
Bi 1.546274687324e+01 9.723111070582e+00 3.532095071834e+01 1 1 1 0.0 0.0 0.0
Bi 1.536342216909e+01 1.385196148508e+01 3.532095071834e+01 1 1 1 0.0 0.0 0.0
Bi 1.183739517412e+01 3.529835448828e+00 3.532095071834e+01 1 1 1 0.0 0.0 0.0
Bi 1.173807046998e+01 7.658685863331e+00 3.532095071834e+01 1 1 1 0.0 0.0 0.0
Bi 1.163874576583e+01 1.178753627783e+01 3.532095071834e+01 1 1 1 0.0 0.0 0.0
Bi 8.112718770861e+00 1.465410241577e+00 3.532095071834e+01 1 1 1 0.0 0.0 0.0
Bi 8.013394066713e+00 5.594260656079e+00 3.532095071834e+01 1 1 1 0.0 0.0 0.0
Bi 7.914069362564e+00 9.723111070582e+00 3.532095071834e+01 1 1 1 0.0 0.0 0.0
Bi 7.814744658416e+00 1.385196148508e+01 3.532095071834e+01 1 1 1 0.0 0.0 0.0
Bi 1.153942106168e+01 1.591638669234e+01 3.532095071834e+01 1 1 1 0.0 0.0 0.0
Bi 4.288717663449e+00 3.529835448828e+00 3.532095071834e+01 1 1 1 0.0 0.0 0.0
Bi 4.189392959301e+00 7.658685863331e+00 3.532095071834e+01 1 1 1 0.0 0.0 0.0
Bi 1.918742327650e+01 1.178753627783e+01 3.532095071834e+01 1 1 1 0.0 0.0 0.0
Bi 1.566139628154e+01 1.465410241577e+00 3.532095071834e+01 1 1 1 0.0 0.0 0.0
Bi 1.556207157739e+01 5.594260656079e+00 3.532095071834e+01 1 1 1 0.0 0.0 0.0
Bi 1.908809857236e+01 1.591638669234e+01 3.532095071834e+01 1 1 1 0.0 0.0 0.0
Bi 1.429008821656e+01 7.668174158342e+00 3.133430771007e+01 1 1 1 0.0 0.0 0.0
Bi 1.419076351241e+01 1.179702457284e+01 3.133430771007e+01 1 1 1 0.0 0.0 0.0
Bi 1.066473651744e+01 1.474898536588e+00 3.133430771007e+01 1 1 1 0.0 0.0 0.0
Bi 1.056541181329e+01 5.603748951091e+00 3.133430771007e+01 1 1 1 0.0 0.0 0.0
Bi 1.046608710915e+01 9.732599365593e+00 3.133430771007e+01 1 1 1 0.0 0.0 0.0
Bi 1.409143880826e+01 1.592587498735e+01 3.133430771007e+01 1 1 1 0.0 0.0 0.0
Bi 6.840735410031e+00 3.539323743840e+00 3.133430771007e+01 1 1 1 0.0 0.0 0.0
Bi 6.741410705883e+00 7.668174158342e+00 3.133430771007e+01 1 1 1 0.0 0.0 0.0
Bi 6.642086001735e+00 1.179702457284e+01 3.133430771007e+01 1 1 1 0.0 0.0 0.0
Bi 1.036676240500e+01 1.386144978010e+01 3.133430771007e+01 1 1 1 0.0 0.0 0.0
Bi 3.116059006767e+00 1.474898536588e+00 3.133430771007e+01 1 1 1 0.0 0.0 0.0
Bi 3.016734302619e+00 5.603748951091e+00 3.133430771007e+01 1 1 1 0.0 0.0 0.0
Bi 1.801476461982e+01 9.732599365593e+00 3.133430771007e+01 1 1 1 0.0 0.0 0.0
Bi 2.164011631894e+01 1.592587498735e+01 3.133430771007e+01 1 1 1 0.0 0.0 0.0
Bi 1.438941292071e+01 3.539323743840e+00 3.133430771007e+01 1 1 1 0.0 0.0 0.0
Bi 1.791543991567e+01 1.386144978010e+01 3.133430771007e+01 1 1 1 0.0 0.0 0.0
Bi 1.434156909763e+01 7.620767581273e+00 2.529282906773e+01 1 1 1 0.0 0.0 0.0
Bi 1.424224439348e+01 1.174961799578e+01 2.529282906773e+01 1 1 1 0.0 0.0 0.0
Bi 1.071621739852e+01 1.427491959519e+00 2.529282906773e+01 1 1 1 0.0 0.0 0.0
Bi 1.061689269437e+01 5.556342374022e+00 2.529282906773e+01 1 1 1 0.0 0.0 0.0
Bi 1.051756799022e+01 9.685192788524e+00 2.529282906773e+01 1 1 1 0.0 0.0 0.0
Bi 1.414291968934e+01 1.587846841028e+01 2.529282906773e+01 1 1 1 0.0 0.0 0.0
Bi 6.892216291105e+00 3.491917166770e+00 2.529282906773e+01 1 1 1 0.0 0.0 0.0
Bi 6.792891586957e+00 7.620767581273e+00 2.529282906773e+01 1 1 1 0.0 0.0 0.0
Bi 6.693566882809e+00 1.174961799578e+01 2.529282906773e+01 1 1 1 0.0 0.0 0.0
Bi 1.041824328607e+01 1.381404320303e+01 2.529282906773e+01 1 1 1 0.0 0.0 0.0
Bi 3.167539887841e+00 1.427491959519e+00 2.529282906773e+01 1 1 1 0.0 0.0 0.0
Bi 3.068215183693e+00 5.556342374022e+00 2.529282906773e+01 1 1 1 0.0 0.0 0.0
Bi 1.806624550090e+01 9.685192788524e+00 2.529282906773e+01 1 1 1 0.0 0.0 0.0
Bi 2.169159720001e+01 1.587846841028e+01 2.529282906773e+01 1 1 1 0.0 0.0 0.0
Bi 1.444089380178e+01 3.491917166770e+00 2.529282906773e+01 1 1 1 0.0 0.0 0.0
Bi 1.796692079675e+01 1.381404320303e+01 2.529282906773e+01 1 1 1 0.0 0.0 0.0
Bi 1.677076105014e+01 1.176721512112e+01 2.132110864621e+01 1 1 1 0.0 0.0 0.0
Bi 1.667143634599e+01 1.589606553562e+01 2.132110864621e+01 1 1 1 0.0 0.0 0.0
Bi 1.314540935102e+01 5.573939499366e+00 2.132110864621e+01 1 1 1 0.0 0.0 0.0
Bi 1.304608464688e+01 9.702789913868e+00 2.132110864621e+01 1 1 1 0.0 0.0 0.0
Bi 1.294675994273e+01 1.383164032837e+01 2.132110864621e+01 1 1 1 0.0 0.0 0.0
Bi 9.420732947759e+00 3.509514292114e+00 2.132110864621e+01 1 1 1 0.0 0.0 0.0
Bi 9.321408243611e+00 7.638364706617e+00 2.132110864621e+01 1 1 1 0.0 0.0 0.0
Bi 9.222083539463e+00 1.176721512112e+01 2.132110864621e+01 1 1 1 0.0 0.0 0.0
Bi 9.122758835315e+00 1.589606553562e+01 2.132110864621e+01 1 1 1 0.0 0.0 0.0
Bi 5.696056544495e+00 1.445089084863e+00 2.132110864621e+01 1 1 1 0.0 0.0 0.0
Bi 5.596731840347e+00 5.573939499366e+00 2.132110864621e+01 1 1 1 0.0 0.0 0.0
Bi 5.497407136199e+00 9.702789913868e+00 2.132110864621e+01 1 1 1 0.0 0.0 0.0
Bi 2.049543745340e+01 1.383164032837e+01 2.132110864621e+01 1 1 1 0.0 0.0 0.0
Bi 1.872055437083e+00 3.509514292114e+00 2.132110864621e+01 1 1 1 0.0 0.0 0.0
Bi 1.687008575429e+01 7.638364706617e+00 2.132110864621e+01 1 1 1 0.0 0.0 0.0
Bi 1.324473405517e+01 1.445089084863e+00 2.132110864621e+01 1 1 1 0.0 0.0 0.0
Se 3.757142801429e+00 8.449814034341e+00 7.500000000000e+00 1 1 1 0.0 0.0 0.0
Se 6.538234515858e+00 1.051423924159e+01 7.500000000000e+00 1 1 1 0.0 0.0 0.0
Se 9.319326230287e+00 1.257866444884e+01 7.500000000000e+00 1 1 1 0.0 0.0 0.0
Se 1.373349903401e+00 2.944680148338e+00 7.500000000000e+00 1 1 1 0.0 0.0 0.0
Se 4.154441617830e+00 5.009105355589e+00 7.500000000000e+00 1 1 1 0.0 0.0 0.0
Se 6.935533332260e+00 7.073530562840e+00 7.500000000000e+00 1 1 1 0.0 0.0 0.0
Se 9.716625046689e+00 9.137955770092e+00 7.500000000000e+00 1 1 1 0.0 0.0 0.0
Se 1.249771676112e+01 1.120238097734e+01 7.500000000000e+00 1 1 1 0.0 0.0 0.0
Se 1.527880847555e+01 1.326680618459e+01 7.500000000000e+00 1 1 1 0.0 0.0 0.0
Se 6.140935699457e+00 1.395494792034e+01 7.500000000000e+00 1 1 1 0.0 0.0 0.0
Se 8.922027413886e+00 1.601937312760e+01 7.500000000000e+00 1 1 1 0.0 0.0 0.0
Se 4.551740434232e+00 1.568396676837e+00 7.500000000000e+00 1 1 1 0.0 0.0 0.0
Se 7.332832148661e+00 3.632821884088e+00 7.500000000000e+00 1 1 1 0.0 0.0 0.0
Se 1.011392386309e+01 5.697247091340e+00 7.500000000000e+00 1 1 1 0.0 0.0 0.0
Se 1.289501557752e+01 7.761672298591e+00 7.500000000000e+00 1 1 1 0.0 0.0 0.0
Se 1.567610729195e+01 9.826097505842e+00 7.500000000000e+00 1 1 1 0.0 0.0 0.0
Se 1.845719900638e+01 1.189052271309e+01 7.500000000000e+00 1 1 1 0.0 0.0 0.0
Se 1.210041794472e+01 1.464308965609e+01 7.500000000000e+00 1 1 1 0.0 0.0 0.0
Se 7.730130965063e+00 1.921132053363e-01 7.500000000000e+00 1 1 1 0.0 0.0 0.0
Se 1.051122267949e+01 2.256538412588e+00 7.500000000000e+00 1 1 1 0.0 0.0 0.0
Se 1.329231439392e+01 4.320963619839e+00 7.500000000000e+00 1 1 1 0.0 0.0 0.0
Se 1.607340610835e+01 6.385388827090e+00 7.500000000000e+00 1 1 1 0.0 0.0 0.0
Se 1.805990018998e+01 1.533123139185e+01 7.500000000000e+00 1 1 1 0.0 0.0 0.0
Se 1.368961321032e+01 8.802549410867e-01 7.500000000000e+00 1 1 1 0.0 0.0 0.0
Se 4.545133864038e+00 1.029240221828e+01 1.364602824434e+01 1 1 1 0.0 0.0 0.0
Se 7.326225578468e+00 1.235682742553e+01 1.364602824434e+01 1 1 1 0.0 0.0 0.0
Se 1.010731729290e+01 1.442125263279e+01 1.364602824434e+01 1 1 1 0.0 0.0 0.0
Se 2.161340966011e+00 4.787268332280e+00 1.364602824434e+01 1 1 1 0.0 0.0 0.0
Se 4.942432680440e+00 6.851693539531e+00 1.364602824434e+01 1 1 1 0.0 0.0 0.0
Se 7.723524394869e+00 8.916118746782e+00 1.364602824434e+01 1 1 1 0.0 0.0 0.0
Se 1.050461610930e+01 1.098054395403e+01 1.364602824434e+01 1 1 1 0.0 0.0 0.0
Se 1.328570782373e+01 1.304496916128e+01 1.364602824434e+01 1 1 1 0.0 0.0 0.0
Se 1.606679953816e+01 1.510939436854e+01 1.364602824434e+01 1 1 1 0.0 0.0 0.0
Se 6.928926762066e+00 1.579753610429e+01 1.364602824434e+01 1 1 1 0.0 0.0 0.0
Se 2.558639782412e+00 1.346559653528e+00 1.364602824434e+01 1 1 1 0.0 0.0 0.0
Se 5.339731496842e+00 3.410984860779e+00 1.364602824434e+01 1 1 1 0.0 0.0 0.0
Se 8.120823211271e+00 5.475410068030e+00 1.364602824434e+01 1 1 1 0.0 0.0 0.0
Se 1.090191492570e+01 7.539835275282e+00 1.364602824434e+01 1 1 1 0.0 0.0 0.0
Se 1.368300664013e+01 9.604260482533e+00 1.364602824434e+01 1 1 1 0.0 0.0 0.0
Se 1.646409835456e+01 1.166868568978e+01 1.364602824434e+01 1 1 1 0.0 0.0 0.0
Se 1.924519006899e+01 1.373311089704e+01 1.364602824434e+01 1 1 1 0.0 0.0 0.0
Se 1.288840900733e+01 1.648567784004e+01 1.364602824434e+01 1 1 1 0.0 0.0 0.0
Se 8.518122027672e+00 2.034701389278e+00 1.364602824434e+01 1 1 1 0.0 0.0 0.0
Se 1.129921374210e+01 4.099126596530e+00 1.364602824434e+01 1 1 1 0.0 0.0 0.0
Se 1.408030545653e+01 6.163551803781e+00 1.364602824434e+01 1 1 1 0.0 0.0 0.0
Se 1.686139717096e+01 8.227977011032e+00 1.364602824434e+01 1 1 1 0.0 0.0 0.0
Se 1.169651255850e+01 6.584179177775e-01 1.364602824434e+01 1 1 1 0.0 0.0 0.0
Se 1.447760427293e+01 2.722843125029e+00 1.364602824434e+01 1 1 1 0.0 0.0 0.0
Se 3.756774856905e+00 8.450825375151e+00 1.086443756309e+01 1 1 1 0.0 0.0 0.0
Se 6.537866571335e+00 1.051525058240e+01 1.086443756309e+01 1 1 1 0.0 0.0 0.0
Se 9.318958285764e+00 1.257967578965e+01 1.086443756309e+01 1 1 1 0.0 0.0 0.0
Se 1.372981958878e+00 2.945691489148e+00 1.086443756309e+01 1 1 1 0.0 0.0 0.0
Se 4.154073673307e+00 5.010116696399e+00 1.086443756309e+01 1 1 1 0.0 0.0 0.0
Se 6.935165387736e+00 7.074541903651e+00 1.086443756309e+01 1 1 1 0.0 0.0 0.0
Se 9.716257102166e+00 9.138967110902e+00 1.086443756309e+01 1 1 1 0.0 0.0 0.0
Se 1.249734881660e+01 1.120339231815e+01 1.086443756309e+01 1 1 1 0.0 0.0 0.0
Se 1.527844053102e+01 1.326781752540e+01 1.086443756309e+01 1 1 1 0.0 0.0 0.0
Se 6.140567754933e+00 1.395595926115e+01 1.086443756309e+01 1 1 1 0.0 0.0 0.0
Se 8.921659469363e+00 1.602038446841e+01 1.086443756309e+01 1 1 1 0.0 0.0 0.0
Se 4.551372489709e+00 1.569408017647e+00 1.086443756309e+01 1 1 1 0.0 0.0 0.0
Se 7.332464204138e+00 3.633833224898e+00 1.086443756309e+01 1 1 1 0.0 0.0 0.0
Se 1.011355591857e+01 5.698258432150e+00 1.086443756309e+01 1 1 1 0.0 0.0 0.0
Se 1.289464763300e+01 7.762683639401e+00 1.086443756309e+01 1 1 1 0.0 0.0 0.0
Se 1.567573934743e+01 9.827108846652e+00 1.086443756309e+01 1 1 1 0.0 0.0 0.0
Se 1.845683106186e+01 1.189153405390e+01 1.086443756309e+01 1 1 1 0.0 0.0 0.0
Se 1.210005000019e+01 1.464410099691e+01 1.086443756309e+01 1 1 1 0.0 0.0 0.0
Se 7.729763020539e+00 1.931245461464e-01 1.086443756309e+01 1 1 1 0.0 0.0 0.0
Se 1.051085473497e+01 2.257549753398e+00 1.086443756309e+01 1 1 1 0.0 0.0 0.0
Se 1.329194644940e+01 4.321974960649e+00 1.086443756309e+01 1 1 1 0.0 0.0 0.0
Se 1.607303816383e+01 6.386400167900e+00 1.086443756309e+01 1 1 1 0.0 0.0 0.0
Se 1.805953224545e+01 1.533224273266e+01 1.086443756309e+01 1 1 1 0.0 0.0 0.0
Se 1.368924526580e+01 8.812662818968e-01 1.086443756309e+01 1 1 1 0.0 0.0 0.0
Se 4.544945834205e+00 1.029344333637e+01 1.701046802998e+01 1 1 1 0.0 0.0 0.0
Se 7.326037548634e+00 1.235786854362e+01 1.701046802998e+01 1 1 1 0.0 0.0 0.0
Se 1.010712926306e+01 1.442229375087e+01 1.701046802998e+01 1 1 1 0.0 0.0 0.0
Se 2.161152936177e+00 4.788309450368e+00 1.701046802998e+01 1 1 1 0.0 0.0 0.0
Se 4.942244650607e+00 6.852734657619e+00 1.701046802998e+01 1 1 1 0.0 0.0 0.0
Se 7.723336365036e+00 8.917159864870e+00 1.701046802998e+01 1 1 1 0.0 0.0 0.0
Se 1.050442807947e+01 1.098158507212e+01 1.701046802998e+01 1 1 1 0.0 0.0 0.0
Se 1.328551979389e+01 1.304601027937e+01 1.701046802998e+01 1 1 1 0.0 0.0 0.0
Se 1.606661150832e+01 1.511043548662e+01 1.701046802998e+01 1 1 1 0.0 0.0 0.0
Se 6.928738732233e+00 1.579857722237e+01 1.701046802998e+01 1 1 1 0.0 0.0 0.0
Se 2.558451752579e+00 1.347600771616e+00 1.701046802998e+01 1 1 1 0.0 0.0 0.0
Se 5.339543467008e+00 3.412025978867e+00 1.701046802998e+01 1 1 1 0.0 0.0 0.0
Se 8.120635181437e+00 5.476451186118e+00 1.701046802998e+01 1 1 1 0.0 0.0 0.0
Se 1.090172689587e+01 7.540876393369e+00 1.701046802998e+01 1 1 1 0.0 0.0 0.0
Se 1.368281861030e+01 9.605301600621e+00 1.701046802998e+01 1 1 1 0.0 0.0 0.0
Se 1.646391032473e+01 1.166972680787e+01 1.701046802998e+01 1 1 1 0.0 0.0 0.0
Se 1.924500203916e+01 1.373415201512e+01 1.701046802998e+01 1 1 1 0.0 0.0 0.0
Se 1.288822097749e+01 1.648671895812e+01 1.701046802998e+01 1 1 1 0.0 0.0 0.0
Se 8.517933997839e+00 2.035742507366e+00 1.701046802998e+01 1 1 1 0.0 0.0 0.0
Se 1.129902571227e+01 4.100167714617e+00 1.701046802998e+01 1 1 1 0.0 0.0 0.0
Se 1.408011742670e+01 6.164592921869e+00 1.701046802998e+01 1 1 1 0.0 0.0 0.0
Se 1.686120914113e+01 8.229018129120e+00 1.701046802998e+01 1 1 1 0.0 0.0 0.0
Se 1.169632452867e+01 6.594590358652e-01 1.701046802998e+01 1 1 1 0.0 0.0 0.0
Se 1.447741624310e+01 2.723884243116e+00 1.701046802998e+01 1 1 1 0.0 0.0 0.0
Se 1.424868030427e+01 7.648087971436e+00 3.696241589303e+01 1 1 1 0.0 0.0 0.0
Se 1.414935560013e+01 1.177693838594e+01 3.696241589303e+01 1 1 1 0.0 0.0 0.0
Se 1.062332860516e+01 1.454812349682e+00 3.696241589303e+01 1 1 1 0.0 0.0 0.0
Se 1.052400390101e+01 5.583662764185e+00 3.696241589303e+01 1 1 1 0.0 0.0 0.0
Se 1.042467919686e+01 9.712513178687e+00 3.696241589303e+01 1 1 1 0.0 0.0 0.0
Se 1.405003089598e+01 1.590578880044e+01 3.696241589303e+01 1 1 1 0.0 0.0 0.0
Se 6.799327497747e+00 3.519237556933e+00 3.696241589303e+01 1 1 1 0.0 0.0 0.0
Se 6.700002793599e+00 7.648087971436e+00 3.696241589303e+01 1 1 1 0.0 0.0 0.0
Se 6.600678089451e+00 1.177693838594e+01 3.696241589303e+01 1 1 1 0.0 0.0 0.0
Se 1.032535449271e+01 1.384136359319e+01 3.696241589303e+01 1 1 1 0.0 0.0 0.0
Se 3.074651094483e+00 1.454812349682e+00 3.696241589303e+01 1 1 1 0.0 0.0 0.0
Se 2.975326390335e+00 5.583662764185e+00 3.696241589303e+01 1 1 1 0.0 0.0 0.0
Se 1.797335670754e+01 9.712513178687e+00 3.696241589303e+01 1 1 1 0.0 0.0 0.0
Se 2.159870840665e+01 1.590578880044e+01 3.696241589303e+01 1 1 1 0.0 0.0 0.0
Se 1.434800500842e+01 3.519237556933e+00 3.696241589303e+01 1 1 1 0.0 0.0 0.0
Se 1.787403200339e+01 1.384136359319e+01 3.696241589303e+01 1 1 1 0.0 0.0 0.0
Se 1.668954679800e+01 1.180564726124e+01 3.332483142763e+01 1 1 1 0.0 0.0 0.0
Se 1.659022209386e+01 1.593449767574e+01 3.332483142763e+01 1 1 1 0.0 0.0 0.0
Se 1.306419509889e+01 5.612371639485e+00 3.332483142763e+01 1 1 1 0.0 0.0 0.0
Se 1.296487039474e+01 9.741222053987e+00 3.332483142763e+01 1 1 1 0.0 0.0 0.0
Se 1.286554569059e+01 1.387007246849e+01 3.332483142763e+01 1 1 1 0.0 0.0 0.0
Se 9.339518695625e+00 3.547946432233e+00 3.332483142763e+01 1 1 1 0.0 0.0 0.0
Se 9.240193991477e+00 7.676796846736e+00 3.332483142763e+01 1 1 1 0.0 0.0 0.0
Se 9.140869287329e+00 1.180564726124e+01 3.332483142763e+01 1 1 1 0.0 0.0 0.0
Se 9.041544583181e+00 1.593449767574e+01 3.332483142763e+01 1 1 1 0.0 0.0 0.0
Se 5.614842292361e+00 1.483521224982e+00 3.332483142763e+01 1 1 1 0.0 0.0 0.0
Se 5.515517588213e+00 5.612371639485e+00 3.332483142763e+01 1 1 1 0.0 0.0 0.0
Se 5.416192884065e+00 9.741222053987e+00 3.332483142763e+01 1 1 1 0.0 0.0 0.0
Se 2.041422320127e+01 1.387007246849e+01 3.332483142763e+01 1 1 1 0.0 0.0 0.0
Se 1.790841184949e+00 3.547946432233e+00 3.332483142763e+01 1 1 1 0.0 0.0 0.0
Se 1.678887150215e+01 7.676796846736e+00 3.332483142763e+01 1 1 1 0.0 0.0 0.0
Se 1.316351980304e+01 1.483521224982e+00 3.332483142763e+01 1 1 1 0.0 0.0 0.0
Se 1.548440415084e+01 9.728660073738e+00 2.969131231352e+01 1 1 1 0.0 0.0 0.0
Se 1.538507944669e+01 1.385751048824e+01 2.969131231352e+01 1 1 1 0.0 0.0 0.0
Se 1.185905245172e+01 3.535384451985e+00 2.969131231352e+01 1 1 1 0.0 0.0 0.0
Se 1.175972774758e+01 7.664234866487e+00 2.969131231352e+01 1 1 1 0.0 0.0 0.0
Se 1.166040304343e+01 1.179308528099e+01 2.969131231352e+01 1 1 1 0.0 0.0 0.0
Se 8.134376048460e+00 1.470959244733e+00 2.969131231352e+01 1 1 1 0.0 0.0 0.0
Se 8.035051344312e+00 5.599809659236e+00 2.969131231352e+01 1 1 1 0.0 0.0 0.0
Se 7.935726640164e+00 9.728660073738e+00 2.969131231352e+01 1 1 1 0.0 0.0 0.0
Se 7.836401936016e+00 1.385751048824e+01 2.969131231352e+01 1 1 1 0.0 0.0 0.0
Se 1.156107833928e+01 1.592193569549e+01 2.969131231352e+01 1 1 1 0.0 0.0 0.0
Se 4.310374941048e+00 3.535384451985e+00 2.969131231352e+01 1 1 1 0.0 0.0 0.0
Se 4.211050236900e+00 7.664234866487e+00 2.969131231352e+01 1 1 1 0.0 0.0 0.0
Se 1.920908055410e+01 1.179308528099e+01 2.969131231352e+01 1 1 1 0.0 0.0 0.0
Se 1.568305355914e+01 1.470959244733e+00 2.969131231352e+01 1 1 1 0.0 0.0 0.0
Se 1.558372885499e+01 5.599809659236e+00 2.969131231352e+01 1 1 1 0.0 0.0 0.0
Se 1.910975584996e+01 1.592193569549e+01 2.969131231352e+01 1 1 1 0.0 0.0 0.0
Se 1.676774946739e+01 1.177025074244e+01 2.692457590224e+01 1 1 1 0.0 0.0 0.0
Se 1.666842476324e+01 1.589910115694e+01 2.692457590224e+01 1 1 1 0.0 0.0 0.0
Se 1.314239776827e+01 5.576975120686e+00 2.692457590224e+01 1 1 1 0.0 0.0 0.0
Se 1.304307306413e+01 9.705825535189e+00 2.692457590224e+01 1 1 1 0.0 0.0 0.0
Se 1.294374835998e+01 1.383467594969e+01 2.692457590224e+01 1 1 1 0.0 0.0 0.0
Se 9.417721365009e+00 3.512549913435e+00 2.692457590224e+01 1 1 1 0.0 0.0 0.0
Se 9.318396660861e+00 7.641400327937e+00 2.692457590224e+01 1 1 1 0.0 0.0 0.0
Se 9.219071956713e+00 1.177025074244e+01 2.692457590224e+01 1 1 1 0.0 0.0 0.0
Se 9.119747252565e+00 1.589910115694e+01 2.692457590224e+01 1 1 1 0.0 0.0 0.0
Se 5.693044961745e+00 1.448124706184e+00 2.692457590224e+01 1 1 1 0.0 0.0 0.0
Se 5.593720257597e+00 5.576975120686e+00 2.692457590224e+01 1 1 1 0.0 0.0 0.0
Se 5.494395553449e+00 9.705825535189e+00 2.692457590224e+01 1 1 1 0.0 0.0 0.0
Se 2.049242587065e+01 1.383467594969e+01 2.692457590224e+01 1 1 1 0.0 0.0 0.0
Se 1.869043854334e+00 3.512549913435e+00 2.692457590224e+01 1 1 1 0.0 0.0 0.0
Se 1.686707417154e+01 7.641400327937e+00 2.692457590224e+01 1 1 1 0.0 0.0 0.0
Se 1.324172247242e+01 1.448124706184e+00 2.692457590224e+01 1 1 1 0.0 0.0 0.0
Se 1.555833192235e+01 9.686322796791e+00 2.330671355540e+01 1 1 1 0.0 0.0 0.0
Se 1.545900721820e+01 1.381517321129e+01 2.330671355540e+01 1 1 1 0.0 0.0 0.0
Se 1.193298022324e+01 3.493047175037e+00 2.330671355540e+01 1 1 1 0.0 0.0 0.0
Se 1.183365551909e+01 7.621897589540e+00 2.330671355540e+01 1 1 1 0.0 0.0 0.0
Se 1.173433081494e+01 1.175074800404e+01 2.330671355540e+01 1 1 1 0.0 0.0 0.0
Se 8.208303819972e+00 1.428621967786e+00 2.330671355540e+01 1 1 1 0.0 0.0 0.0
Se 8.108979115824e+00 5.557472382288e+00 2.330671355540e+01 1 1 1 0.0 0.0 0.0
Se 8.009654411676e+00 9.686322796791e+00 2.330671355540e+01 1 1 1 0.0 0.0 0.0
Se 7.910329707528e+00 1.381517321129e+01 2.330671355540e+01 1 1 1 0.0 0.0 0.0
Se 1.163500611079e+01 1.587959841854e+01 2.330671355540e+01 1 1 1 0.0 0.0 0.0
Se 4.384302712560e+00 3.493047175037e+00 2.330671355540e+01 1 1 1 0.0 0.0 0.0
Se 4.284978008412e+00 7.621897589540e+00 2.330671355540e+01 1 1 1 0.0 0.0 0.0
Se 1.928300832562e+01 1.175074800404e+01 2.330671355540e+01 1 1 1 0.0 0.0 0.0
Se 6.596263092965e-01 1.428621967786e+00 2.330671355540e+01 1 1 1 0.0 0.0 0.0
Se 1.565765662650e+01 5.557472382288e+00 2.330671355540e+01 1 1 1 0.0 0.0 0.0
Se 1.918368362147e+01 1.587959841854e+01 2.330671355540e+01 1 1 1 0.0 0.0 0.0
Se 1.433820231108e+01 7.613910212919e+00 1.968357859229e+01 1 1 1 0.0 0.0 0.0
Se 1.423887760693e+01 1.174276062742e+01 1.968357859229e+01 1 1 1 0.0 0.0 0.0
Se 1.071285061196e+01 1.420634591165e+00 1.968357859229e+01 1 1 1 0.0 0.0 0.0
Se 1.061352590782e+01 5.549485005668e+00 1.968357859229e+01 1 1 1 0.0 0.0 0.0
Se 1.051420120367e+01 9.678335420170e+00 1.968357859229e+01 1 1 1 0.0 0.0 0.0
Se 1.413955290278e+01 1.587161104192e+01 1.968357859229e+01 1 1 1 0.0 0.0 0.0
Se 6.888849504553e+00 3.485059798417e+00 1.968357859229e+01 1 1 1 0.0 0.0 0.0
Se 6.789524800405e+00 7.613910212919e+00 1.968357859229e+01 1 1 1 0.0 0.0 0.0
Se 6.690200096257e+00 1.174276062742e+01 1.968357859229e+01 1 1 1 0.0 0.0 0.0
Se 1.041487649952e+01 1.380718583467e+01 1.968357859229e+01 1 1 1 0.0 0.0 0.0
Se 3.164173101289e+00 1.420634591165e+00 1.968357859229e+01 1 1 1 0.0 0.0 0.0
Se 3.064848397141e+00 5.549485005668e+00 1.968357859229e+01 1 1 1 0.0 0.0 0.0
Se 1.806287871434e+01 9.678335420170e+00 1.968357859229e+01 1 1 1 0.0 0.0 0.0
Se 2.168823041346e+01 1.587161104192e+01 1.968357859229e+01 1 1 1 0.0 0.0 0.0
Se 1.443752701523e+01 3.485059798417e+00 1.968357859229e+01 1 1 1 0.0 0.0 0.0
Se 1.796355401020e+01 1.380718583467e+01 1.968357859229e+01 1 1 1 0.0 0.0 0.0
"