calculation_mode = "Quench Electrons"
cell_relax = "False"
charge_density_mixing = "0.1"
charge_mixing_type = "Broyden"
description = "Example parameters for high-throughput bulk relaxation of a vdW material"
dos_broading = "0.05"
dos_method = "Gaussian"
energy_convergence_criterion = "1e-10"
energy_output_units = "Hartrees"
kohn_sham_mucycles = "3"
kohn_sham_solver = "davidson"
kpoint_distribution = "2"
kpoint_mesh = "2 1 1"
localize_projectors = "False"
max_md_steps = "100"
max_scf_steps = "200"
non_local_block_size = "4000"
output_wave_function_file = "/dev/null"
potential_acceleration_constant_step = "1.5"
processor_grid = "2 16 14"
rms_convergence_criterion = "1e-08"
scalapack_block_factor = "64"
start_mode = "LCAO Start"
state_block_size = "64"
stress = "True"
subdiag_driver = "scalapack"
use_async_allreduce = "False"
vdw_corr = "DFT-D3"
vdwdf_kernel_filepath = "/lustre/orion/world-shared/cph162/rjmorelock/rmgdft/XC/vdW_kernel_table"
wavefunction_grid = "60 410 378"
write_data_period = "50"

atomic_coordinate_type = "Absolute"
crds_units = "Angstrom"
lattice_units = "Angstrom"

lattice_vector = "
6.927141563561e+00 0.000000000000e+00 4.000000000000e-16
3.463570779120e+00 4.799264455877e+01 2.900000000000e-15
0.000000000000e+00 0.000000000000e+00 4.446241589303e+01
"
atoms = "
Nb 5.735059981145e+00 4.146509235918e+01 1.532833092694e+01 1 1 1 0.0 0.0 0.0
Nb 9.198630762925e+00 4.146509235918e+01 1.532833092694e+01 1 1 1 0.0 0.0 0.0
Nb 4.003274590421e+00 3.846555207425e+01 1.532833092694e+01 1 1 1 0.0 0.0 0.0
Nb 7.466845372201e+00 3.846555207425e+01 1.532833092694e+01 1 1 1 0.0 0.0 0.0
Nb 5.735059981477e+00 3.546601178933e+01 1.532833092694e+01 1 1 1 0.0 0.0 0.0
Nb 9.198630763258e+00 3.546601178933e+01 1.532833092694e+01 1 1 1 0.0 0.0 0.0
Nb 4.003274590754e+00 3.246647150441e+01 1.532833092694e+01 1 1 1 0.0 0.0 0.0
Nb 7.466845372534e+00 3.246647150441e+01 1.532833092694e+01 1 1 1 0.0 0.0 0.0
Nb 5.735059981810e+00 2.946693121948e+01 1.532833092694e+01 1 1 1 0.0 0.0 0.0
Nb 2.271489200030e+00 2.946693121948e+01 1.532833092694e+01 1 1 1 0.0 0.0 0.0
Nb 4.003274591086e+00 2.646739093456e+01 1.532833092694e+01 1 1 1 0.0 0.0 0.0
Nb 7.466845372866e+00 2.646739093456e+01 1.532833092694e+01 1 1 1 0.0 0.0 0.0
Nb 5.735059982142e+00 2.346785064964e+01 1.532833092694e+01 1 1 1 0.0 0.0 0.0
Nb 2.271489200362e+00 2.346785064964e+01 1.532833092694e+01 1 1 1 0.0 0.0 0.0
Nb 4.003274591419e+00 2.046831036472e+01 1.532833092694e+01 1 1 1 0.0 0.0 0.0
Nb 7.466845373199e+00 2.046831036472e+01 1.532833092694e+01 1 1 1 0.0 0.0 0.0
Nb 2.271489200695e+00 1.746877007979e+01 1.532833092694e+01 1 1 1 0.0 0.0 0.0
Nb 5.735059982475e+00 1.746877007979e+01 1.532833092694e+01 1 1 1 0.0 0.0 0.0
Nb 4.003274591751e+00 1.446922979487e+01 1.532833092694e+01 1 1 1 0.0 0.0 0.0
Nb 7.466845373531e+00 1.446922979487e+01 1.532833092694e+01 1 1 1 0.0 0.0 0.0
Nb 2.271489201027e+00 1.146968950995e+01 1.532833092694e+01 1 1 1 0.0 0.0 0.0
Nb 5.735059982808e+00 1.146968950995e+01 1.532833092694e+01 1 1 1 0.0 0.0 0.0
Nb 4.003274592084e+00 8.470149225022e+00 1.532833092694e+01 1 1 1 0.0 0.0 0.0
Nb 7.466845373864e+00 8.470149225022e+00 1.532833092694e+01 1 1 1 0.0 0.0 0.0
Nb 2.271489201360e+00 5.470608940099e+00 1.532833092694e+01 1 1 1 0.0 0.0 0.0
Nb 5.735059983140e+00 5.470608940099e+00 1.532833092694e+01 1 1 1 0.0 0.0 0.0
Nb 4.003274592416e+00 2.471068655176e+00 1.532833092694e+01 1 1 1 0.0 0.0 0.0
Nb 5.397038106359e-01 2.471068655176e+00 1.532833092694e+01 1 1 1 0.0 0.0 0.0
Nb 5.735059980812e+00 4.746417292902e+01 1.532833092694e+01 1 1 1 0.0 0.0 0.0
Nb 9.198630762593e+00 4.746417292902e+01 1.532833092694e+01 1 1 1 0.0 0.0 0.0
Nb 4.003274590088e+00 4.446463264410e+01 1.532833092694e+01 1 1 1 0.0 0.0 0.0
Nb 7.466845371869e+00 4.446463264410e+01 1.532833092694e+01 1 1 1 0.0 0.0 0.0
Nb 5.734077141702e+00 4.145533620039e+01 9.182088683320e+00 1 1 1 0.0 0.0 0.0
Nb 9.197647923482e+00 4.145533620039e+01 9.182088683320e+00 1 1 1 0.0 0.0 0.0
Nb 4.002291750978e+00 3.845579591546e+01 9.182088683320e+00 1 1 1 0.0 0.0 0.0
Nb 7.465862532758e+00 3.845579591546e+01 9.182088683320e+00 1 1 1 0.0 0.0 0.0
Nb 5.734077142034e+00 3.545625563054e+01 9.182088683320e+00 1 1 1 0.0 0.0 0.0
Nb 9.197647923814e+00 3.545625563054e+01 9.182088683320e+00 1 1 1 0.0 0.0 0.0
Nb 4.002291751310e+00 3.245671534562e+01 9.182088683320e+00 1 1 1 0.0 0.0 0.0
Nb 7.465862533091e+00 3.245671534562e+01 9.182088683320e+00 1 1 1 0.0 0.0 0.0
Nb 5.734077142367e+00 2.945717506069e+01 9.182088683320e+00 1 1 1 0.0 0.0 0.0
Nb 2.270506360586e+00 2.945717506069e+01 9.182088683320e+00 1 1 1 0.0 0.0 0.0
Nb 4.002291751643e+00 2.645763477577e+01 9.182088683320e+00 1 1 1 0.0 0.0 0.0
Nb 7.465862533423e+00 2.645763477577e+01 9.182088683320e+00 1 1 1 0.0 0.0 0.0
Nb 5.734077142699e+00 2.345809449085e+01 9.182088683320e+00 1 1 1 0.0 0.0 0.0
Nb 2.270506360919e+00 2.345809449085e+01 9.182088683320e+00 1 1 1 0.0 0.0 0.0
Nb 4.002291751975e+00 2.045855420592e+01 9.182088683320e+00 1 1 1 0.0 0.0 0.0
Nb 7.465862533756e+00 2.045855420592e+01 9.182088683320e+00 1 1 1 0.0 0.0 0.0
Nb 2.270506361251e+00 1.745901392100e+01 9.182088683320e+00 1 1 1 0.0 0.0 0.0
Nb 5.734077143032e+00 1.745901392100e+01 9.182088683320e+00 1 1 1 0.0 0.0 0.0
Nb 4.002291752308e+00 1.445947363608e+01 9.182088683320e+00 1 1 1 0.0 0.0 0.0
Nb 7.465862534088e+00 1.445947363608e+01 9.182088683320e+00 1 1 1 0.0 0.0 0.0
Nb 2.270506361584e+00 1.145993335115e+01 9.182088683320e+00 1 1 1 0.0 0.0 0.0
Nb 5.734077143364e+00 1.145993335115e+01 9.182088683320e+00 1 1 1 0.0 0.0 0.0
Nb 4.002291752640e+00 8.460393066231e+00 9.182088683320e+00 1 1 1 0.0 0.0 0.0
Nb 7.465862534421e+00 8.460393066231e+00 9.182088683320e+00 1 1 1 0.0 0.0 0.0
Nb 2.270506361916e+00 5.460852781307e+00 9.182088683320e+00 1 1 1 0.0 0.0 0.0
Nb 5.734077143697e+00 5.460852781307e+00 9.182088683320e+00 1 1 1 0.0 0.0 0.0
Nb 4.002291752973e+00 2.461312496384e+00 9.182088683320e+00 1 1 1 0.0 0.0 0.0
Nb 5.387209711926e-01 2.461312496384e+00 9.182088683320e+00 1 1 1 0.0 0.0 0.0
Nb 5.734077141369e+00 4.745441677023e+01 9.182088683320e+00 1 1 1 0.0 0.0 0.0
Nb 9.197647923149e+00 4.745441677023e+01 9.182088683320e+00 1 1 1 0.0 0.0 0.0
Nb 4.002291750645e+00 4.445487648531e+01 9.182088683320e+00 1 1 1 0.0 0.0 0.0
Nb 7.465862532425e+00 4.445487648531e+01 9.182088683320e+00 1 1 1 0.0 0.0 0.0
Bi 3.616902070559e+00 4.756911558004e+01 3.532095071834e+01 1 1 1 0.0 0.0 0.0
Bi 4.682013622681e-01 3.939438708427e+00 3.532095071834e+01 1 1 1 0.0 0.0 0.0
Bi 7.830714330972e-01 8.302406395588e+00 3.532095071834e+01 1 1 1 0.0 0.0 0.0
Bi 1.097941503926e+00 1.266537408275e+01 3.532095071834e+01 1 1 1 0.0 0.0 0.0
Bi 1.412811574755e+00 1.702834176991e+01 3.532095071834e+01 1 1 1 0.0 0.0 0.0
Bi 1.727681645585e+00 2.139130945707e+01 3.532095071834e+01 1 1 1 0.0 0.0 0.0
Bi 2.042551716414e+00 2.575427714423e+01 3.532095071834e+01 1 1 1 0.0 0.0 0.0
Bi 2.357421787243e+00 3.011724483139e+01 3.532095071834e+01 1 1 1 0.0 0.0 0.0
Bi 2.672291858072e+00 3.448021251855e+01 3.532095071834e+01 1 1 1 0.0 0.0 0.0
Bi 2.987161928901e+00 3.884318020572e+01 3.532095071834e+01 1 1 1 0.0 0.0 0.0
Bi 3.302031999730e+00 4.320614789288e+01 3.532095071834e+01 1 1 1 0.0 0.0 0.0
Bi 3.774337108634e+00 1.757954864846e+00 3.532095071834e+01 1 1 1 0.0 0.0 0.0
Bi 4.089207179463e+00 6.120922552007e+00 3.532095071834e+01 1 1 1 0.0 0.0 0.0
Bi 4.404077250292e+00 1.048389023917e+01 3.532095071834e+01 1 1 1 0.0 0.0 0.0
Bi 4.718947321121e+00 1.484685792633e+01 3.532095071834e+01 1 1 1 0.0 0.0 0.0
Bi 5.033817391950e+00 1.920982561349e+01 3.532095071834e+01 1 1 1 0.0 0.0 0.0
Bi 5.348687462779e+00 2.357279330065e+01 3.532095071834e+01 1 1 1 0.0 0.0 0.0
Bi 5.663557533608e+00 2.793576098781e+01 3.532095071834e+01 1 1 1 0.0 0.0 0.0
Bi 5.978427604438e+00 3.229872867497e+01 3.532095071834e+01 1 1 1 0.0 0.0 0.0
Bi 6.293297675267e+00 3.666169636213e+01 3.532095071834e+01 1 1 1 0.0 0.0 0.0
Bi 6.608167746096e+00 4.102466404930e+01 3.532095071834e+01 1 1 1 0.0 0.0 0.0
Bi 6.923037816925e+00 4.538763173646e+01 3.532095071834e+01 1 1 1 0.0 0.0 0.0
Bi 4.581659847356e+00 4.539765804412e+01 3.133430771007e+01 1 1 1 0.0 0.0 0.0
Bi 1.432959139065e+00 1.767981172507e+00 3.133430771007e+01 1 1 1 0.0 0.0 0.0
Bi 1.747829209895e+00 6.130948859668e+00 3.133430771007e+01 1 1 1 0.0 0.0 0.0
Bi 2.062699280724e+00 1.049391654683e+01 3.133430771007e+01 1 1 1 0.0 0.0 0.0
Bi 2.377569351553e+00 1.485688423399e+01 3.133430771007e+01 1 1 1 0.0 0.0 0.0
Bi 2.692439422382e+00 1.921985192115e+01 3.133430771007e+01 1 1 1 0.0 0.0 0.0
Bi 3.007309493211e+00 2.358281960831e+01 3.133430771007e+01 1 1 1 0.0 0.0 0.0
Bi 3.322179564040e+00 2.794578729547e+01 3.133430771007e+01 1 1 1 0.0 0.0 0.0
Bi 3.637049634869e+00 3.230875498263e+01 3.133430771007e+01 1 1 1 0.0 0.0 0.0
Bi 3.951919705698e+00 3.667172266980e+01 3.133430771007e+01 1 1 1 0.0 0.0 0.0
Bi 4.266789776527e+00 4.103469035696e+01 3.133430771007e+01 1 1 1 0.0 0.0 0.0
Bi 8.202665664551e+00 4.757914188770e+01 3.133430771007e+01 1 1 1 0.0 0.0 0.0
Bi 5.053964956260e+00 3.949465016088e+00 3.133430771007e+01 1 1 1 0.0 0.0 0.0
Bi 5.368835027089e+00 8.312432703249e+00 3.133430771007e+01 1 1 1 0.0 0.0 0.0
Bi 5.683705097919e+00 1.267540039041e+01 3.133430771007e+01 1 1 1 0.0 0.0 0.0
Bi 5.998575168748e+00 1.703836807757e+01 3.133430771007e+01 1 1 1 0.0 0.0 0.0
Bi 6.313445239577e+00 2.140133576473e+01 3.133430771007e+01 1 1 1 0.0 0.0 0.0
Bi 6.628315310406e+00 2.576430345189e+01 3.133430771007e+01 1 1 1 0.0 0.0 0.0
Bi 6.943185381235e+00 3.012727113905e+01 3.133430771007e+01 1 1 1 0.0 0.0 0.0
Bi 7.258055452064e+00 3.449023882622e+01 3.133430771007e+01 1 1 1 0.0 0.0 0.0
Bi 7.572925522893e+00 3.885320651338e+01 3.133430771007e+01 1 1 1 0.0 0.0 0.0
Bi 7.887795593722e+00 4.321617420054e+01 3.133430771007e+01 1 1 1 0.0 0.0 0.0
Bi 4.531849005878e+00 4.534756338261e+01 2.529282906773e+01 1 1 1 0.0 0.0 0.0
Bi 1.383148297587e+00 1.717886511004e+00 2.529282906773e+01 1 1 1 0.0 0.0 0.0
Bi 1.698018368416e+00 6.080854198165e+00 2.529282906773e+01 1 1 1 0.0 0.0 0.0
Bi 2.012888439245e+00 1.044382188533e+01 2.529282906773e+01 1 1 1 0.0 0.0 0.0
Bi 2.327758510074e+00 1.480678957249e+01 2.529282906773e+01 1 1 1 0.0 0.0 0.0
Bi 2.642628580904e+00 1.916975725965e+01 2.529282906773e+01 1 1 1 0.0 0.0 0.0
Bi 2.957498651733e+00 2.353272494681e+01 2.529282906773e+01 1 1 1 0.0 0.0 0.0
Bi 3.272368722562e+00 2.789569263397e+01 2.529282906773e+01 1 1 1 0.0 0.0 0.0
Bi 3.587238793391e+00 3.225866032113e+01 2.529282906773e+01 1 1 1 0.0 0.0 0.0
Bi 3.902108864220e+00 3.662162800829e+01 2.529282906773e+01 1 1 1 0.0 0.0 0.0
Bi 4.216978935049e+00 4.098459569545e+01 2.529282906773e+01 1 1 1 0.0 0.0 0.0
Bi 8.152854823073e+00 4.752904722619e+01 2.529282906773e+01 1 1 1 0.0 0.0 0.0
Bi 5.004154114782e+00 3.899370354584e+00 2.529282906773e+01 1 1 1 0.0 0.0 0.0
Bi 5.319024185611e+00 8.262338041745e+00 2.529282906773e+01 1 1 1 0.0 0.0 0.0
Bi 5.633894256440e+00 1.262530572891e+01 2.529282906773e+01 1 1 1 0.0 0.0 0.0
Bi 5.948764327269e+00 1.698827341607e+01 2.529282906773e+01 1 1 1 0.0 0.0 0.0
Bi 6.263634398098e+00 2.135124110323e+01 2.529282906773e+01 1 1 1 0.0 0.0 0.0
Bi 6.578504468928e+00 2.571420879039e+01 2.529282906773e+01 1 1 1 0.0 0.0 0.0
Bi 6.893374539757e+00 3.007717647755e+01 2.529282906773e+01 1 1 1 0.0 0.0 0.0
Bi 7.208244610586e+00 3.444014416471e+01 2.529282906773e+01 1 1 1 0.0 0.0 0.0
Bi 7.523114681415e+00 3.880311185187e+01 2.529282906773e+01 1 1 1 0.0 0.0 0.0
Bi 7.837984752244e+00 4.316607953903e+01 2.529282906773e+01 1 1 1 0.0 0.0 0.0
Bi 5.990917351083e+00 1.736481442172e+00 2.132110864621e+01 1 1 1 0.0 0.0 0.0
Bi 6.305787421912e+00 6.099449129333e+00 2.132110864621e+01 1 1 1 0.0 0.0 0.0
Bi 6.620657492741e+00 1.046241681649e+01 2.132110864621e+01 1 1 1 0.0 0.0 0.0
Bi 6.935527563570e+00 1.482538450366e+01 2.132110864621e+01 1 1 1 0.0 0.0 0.0
Bi 7.250397634399e+00 1.918835219082e+01 2.132110864621e+01 1 1 1 0.0 0.0 0.0
Bi 7.565267705228e+00 2.355131987798e+01 2.132110864621e+01 1 1 1 0.0 0.0 0.0
Bi 7.880137776057e+00 2.791428756514e+01 2.132110864621e+01 1 1 1 0.0 0.0 0.0
Bi 8.195007846886e+00 3.227725525230e+01 2.132110864621e+01 1 1 1 0.0 0.0 0.0
Bi 8.509877917715e+00 3.664022293946e+01 2.132110864621e+01 1 1 1 0.0 0.0 0.0
Bi 8.824747988544e+00 4.100319062662e+01 2.132110864621e+01 1 1 1 0.0 0.0 0.0
Bi 9.139618059373e+00 4.536615831378e+01 2.132110864621e+01 1 1 1 0.0 0.0 0.0
Bi 2.684781604717e+00 3.917965285753e+00 2.132110864621e+01 1 1 1 0.0 0.0 0.0
Bi 2.999651675546e+00 8.280932972914e+00 2.132110864621e+01 1 1 1 0.0 0.0 0.0
Bi 3.314521746375e+00 1.264390066007e+01 2.132110864621e+01 1 1 1 0.0 0.0 0.0
Bi 3.629391817204e+00 1.700686834724e+01 2.132110864621e+01 1 1 1 0.0 0.0 0.0
Bi 3.944261888033e+00 2.136983603440e+01 2.132110864621e+01 1 1 1 0.0 0.0 0.0
Bi 4.259131958862e+00 2.573280372156e+01 2.132110864621e+01 1 1 1 0.0 0.0 0.0
Bi 4.574002029691e+00 3.009577140872e+01 2.132110864621e+01 1 1 1 0.0 0.0 0.0
Bi 4.888872100520e+00 3.445873909588e+01 2.132110864621e+01 1 1 1 0.0 0.0 0.0
Bi 5.203742171350e+00 3.882170678304e+01 2.132110864621e+01 1 1 1 0.0 0.0 0.0
Bi 5.518612242179e+00 4.318467447020e+01 2.132110864621e+01 1 1 1 0.0 0.0 0.0
Bi 5.833482313008e+00 4.754764215736e+01 2.132110864621e+01 1 1 1 0.0 0.0 0.0
Se 7.466302253164e+00 4.245483037641e+01 7.500000000000e+00 1 1 1 0.0 0.0 0.0
Se 4.002731471384e+00 4.245483037641e+01 7.500000000000e+00 1 1 1 0.0 0.0 0.0
Se 5.734516862440e+00 3.945529009148e+01 7.500000000000e+00 1 1 1 0.0 0.0 0.0
Se 9.198087644221e+00 3.945529009148e+01 7.500000000000e+00 1 1 1 0.0 0.0 0.0
Se 7.466302253497e+00 3.645574980656e+01 7.500000000000e+00 1 1 1 0.0 0.0 0.0
Se 4.002731471716e+00 3.645574980656e+01 7.500000000000e+00 1 1 1 0.0 0.0 0.0
Se 5.734516862773e+00 3.345620952164e+01 7.500000000000e+00 1 1 1 0.0 0.0 0.0
Se 9.198087644553e+00 3.345620952164e+01 7.500000000000e+00 1 1 1 0.0 0.0 0.0
Se 7.466302253829e+00 3.045666923671e+01 7.500000000000e+00 1 1 1 0.0 0.0 0.0
Se 4.002731472049e+00 3.045666923671e+01 7.500000000000e+00 1 1 1 0.0 0.0 0.0
Se 5.734516863105e+00 2.745712895179e+01 7.500000000000e+00 1 1 1 0.0 0.0 0.0
Se 2.270946081325e+00 2.745712895179e+01 7.500000000000e+00 1 1 1 0.0 0.0 0.0
Se 7.466302254162e+00 2.445758866687e+01 7.500000000000e+00 1 1 1 0.0 0.0 0.0
Se 4.002731472381e+00 2.445758866687e+01 7.500000000000e+00 1 1 1 0.0 0.0 0.0
Se 5.734516863438e+00 2.145804838194e+01 7.500000000000e+00 1 1 1 0.0 0.0 0.0
Se 2.270946081658e+00 2.145804838194e+01 7.500000000000e+00 1 1 1 0.0 0.0 0.0
Se 4.002731472714e+00 1.845850809702e+01 7.500000000000e+00 1 1 1 0.0 0.0 0.0
Se 7.466302254494e+00 1.845850809702e+01 7.500000000000e+00 1 1 1 0.0 0.0 0.0
Se 5.734516863770e+00 1.545896781210e+01 7.500000000000e+00 1 1 1 0.0 0.0 0.0
Se 2.270946081990e+00 1.545896781210e+01 7.500000000000e+00 1 1 1 0.0 0.0 0.0
Se 4.002731473046e+00 1.245942752717e+01 7.500000000000e+00 1 1 1 0.0 0.0 0.0
Se 7.466302254827e+00 1.245942752717e+01 7.500000000000e+00 1 1 1 0.0 0.0 0.0
Se 5.734516864103e+00 9.459887242250e+00 7.500000000000e+00 1 1 1 0.0 0.0 0.0
Se 2.270946082323e+00 9.459887242250e+00 7.500000000000e+00 1 1 1 0.0 0.0 0.0
Se 4.002731473379e+00 6.460346957326e+00 7.500000000000e+00 1 1 1 0.0 0.0 0.0
Se 5.391606915987e-01 6.460346957326e+00 7.500000000000e+00 1 1 1 0.0 0.0 0.0
Se 5.734516864435e+00 3.460806672403e+00 7.500000000000e+00 1 1 1 0.0 0.0 0.0
Se 2.270946082655e+00 3.460806672403e+00 7.500000000000e+00 1 1 1 0.0 0.0 0.0
Se 4.002731473711e+00 4.612663874799e-01 7.500000000000e+00 1 1 1 0.0 0.0 0.0
Se 5.391606919312e-01 4.612663874799e-01 7.500000000000e+00 1 1 1 0.0 0.0 0.0
Se 5.734516862108e+00 4.545437066133e+01 7.500000000000e+00 1 1 1 0.0 0.0 0.0
Se 9.198087643888e+00 4.545437066133e+01 7.500000000000e+00 1 1 1 0.0 0.0 0.0
Se 5.735325383767e+00 4.346467205111e+01 1.364602824434e+01 1 1 1 0.0 0.0 0.0
Se 9.198896165547e+00 4.346467205111e+01 1.364602824434e+01 1 1 1 0.0 0.0 0.0
Se 4.003539993043e+00 4.046513176619e+01 1.364602824434e+01 1 1 1 0.0 0.0 0.0
Se 7.467110774823e+00 4.046513176619e+01 1.364602824434e+01 1 1 1 0.0 0.0 0.0
Se 5.735325384099e+00 3.746559148126e+01 1.364602824434e+01 1 1 1 0.0 0.0 0.0
Se 9.198896165880e+00 3.746559148126e+01 1.364602824434e+01 1 1 1 0.0 0.0 0.0
Se 4.003539993376e+00 3.446605119634e+01 1.364602824434e+01 1 1 1 0.0 0.0 0.0
Se 7.467110775156e+00 3.446605119634e+01 1.364602824434e+01 1 1 1 0.0 0.0 0.0
Se 5.735325384432e+00 3.146651091142e+01 1.364602824434e+01 1 1 1 0.0 0.0 0.0
Se 2.271754602652e+00 3.146651091142e+01 1.364602824434e+01 1 1 1 0.0 0.0 0.0
Se 4.003539993708e+00 2.846697062649e+01 1.364602824434e+01 1 1 1 0.0 0.0 0.0
Se 7.467110775488e+00 2.846697062649e+01 1.364602824434e+01 1 1 1 0.0 0.0 0.0
Se 5.735325384764e+00 2.546743034157e+01 1.364602824434e+01 1 1 1 0.0 0.0 0.0
Se 2.271754602984e+00 2.546743034157e+01 1.364602824434e+01 1 1 1 0.0 0.0 0.0
Se 4.003539994041e+00 2.246789005665e+01 1.364602824434e+01 1 1 1 0.0 0.0 0.0
Se 7.467110775821e+00 2.246789005665e+01 1.364602824434e+01 1 1 1 0.0 0.0 0.0
Se 2.271754603317e+00 1.946834977172e+01 1.364602824434e+01 1 1 1 0.0 0.0 0.0
Se 5.735325385097e+00 1.946834977172e+01 1.364602824434e+01 1 1 1 0.0 0.0 0.0
Se 4.003539994373e+00 1.646880948680e+01 1.364602824434e+01 1 1 1 0.0 0.0 0.0
Se 7.467110776153e+00 1.646880948680e+01 1.364602824434e+01 1 1 1 0.0 0.0 0.0
Se 2.271754603649e+00 1.346926920188e+01 1.364602824434e+01 1 1 1 0.0 0.0 0.0
Se 5.735325385430e+00 1.346926920188e+01 1.364602824434e+01 1 1 1 0.0 0.0 0.0
Se 4.003539994706e+00 1.046972891695e+01 1.364602824434e+01 1 1 1 0.0 0.0 0.0
Se 7.467110776486e+00 1.046972891695e+01 1.364602824434e+01 1 1 1 0.0 0.0 0.0
Se 2.271754603982e+00 7.470188632030e+00 1.364602824434e+01 1 1 1 0.0 0.0 0.0
Se 5.735325385762e+00 7.470188632030e+00 1.364602824434e+01 1 1 1 0.0 0.0 0.0
Se 4.003539995038e+00 4.470648347106e+00 1.364602824434e+01 1 1 1 0.0 0.0 0.0
Se 5.399692132579e-01 4.470648347106e+00 1.364602824434e+01 1 1 1 0.0 0.0 0.0
Se 2.271754604314e+00 1.471108062183e+00 1.364602824434e+01 1 1 1 0.0 0.0 0.0
Se 5.735325386095e+00 1.471108062183e+00 1.364602824434e+01 1 1 1 0.0 0.0 0.0
Se 4.003539992710e+00 4.646421233603e+01 1.364602824434e+01 1 1 1 0.0 0.0 0.0
Se 7.467110774491e+00 4.646421233603e+01 1.364602824434e+01 1 1 1 0.0 0.0 0.0
Se 7.465994896952e+00 4.245586174713e+01 1.086443756309e+01 1 1 1 0.0 0.0 0.0
Se 4.002424115172e+00 4.245586174713e+01 1.086443756309e+01 1 1 1 0.0 0.0 0.0
Se 5.734209506228e+00 3.945632146220e+01 1.086443756309e+01 1 1 1 0.0 0.0 0.0
Se 9.197780288008e+00 3.945632146220e+01 1.086443756309e+01 1 1 1 0.0 0.0 0.0
Se 7.465994897284e+00 3.645678117728e+01 1.086443756309e+01 1 1 1 0.0 0.0 0.0
Se 4.002424115504e+00 3.645678117728e+01 1.086443756309e+01 1 1 1 0.0 0.0 0.0
Se 5.734209506560e+00 3.345724089236e+01 1.086443756309e+01 1 1 1 0.0 0.0 0.0
Se 9.197780288341e+00 3.345724089236e+01 1.086443756309e+01 1 1 1 0.0 0.0 0.0
Se 7.465994897617e+00 3.045770060743e+01 1.086443756309e+01 1 1 1 0.0 0.0 0.0
Se 4.002424115837e+00 3.045770060743e+01 1.086443756309e+01 1 1 1 0.0 0.0 0.0
Se 5.734209506893e+00 2.745816032251e+01 1.086443756309e+01 1 1 1 0.0 0.0 0.0
Se 2.270638725113e+00 2.745816032251e+01 1.086443756309e+01 1 1 1 0.0 0.0 0.0
Se 7.465994897949e+00 2.445862003759e+01 1.086443756309e+01 1 1 1 0.0 0.0 0.0
Se 4.002424116169e+00 2.445862003759e+01 1.086443756309e+01 1 1 1 0.0 0.0 0.0
Se 5.734209507225e+00 2.145907975266e+01 1.086443756309e+01 1 1 1 0.0 0.0 0.0
Se 2.270638725445e+00 2.145907975266e+01 1.086443756309e+01 1 1 1 0.0 0.0 0.0
Se 4.002424116502e+00 1.845953946774e+01 1.086443756309e+01 1 1 1 0.0 0.0 0.0
Se 7.465994898282e+00 1.845953946774e+01 1.086443756309e+01 1 1 1 0.0 0.0 0.0
Se 5.734209507558e+00 1.545999918282e+01 1.086443756309e+01 1 1 1 0.0 0.0 0.0
Se 2.270638725778e+00 1.545999918282e+01 1.086443756309e+01 1 1 1 0.0 0.0 0.0
Se 4.002424116834e+00 1.246045889789e+01 1.086443756309e+01 1 1 1 0.0 0.0 0.0
Se 7.465994898614e+00 1.246045889789e+01 1.086443756309e+01 1 1 1 0.0 0.0 0.0
Se 5.734209507891e+00 9.460918612971e+00 1.086443756309e+01 1 1 1 0.0 0.0 0.0
Se 2.270638726110e+00 9.460918612971e+00 1.086443756309e+01 1 1 1 0.0 0.0 0.0
Se 4.002424117167e+00 6.461378328048e+00 1.086443756309e+01 1 1 1 0.0 0.0 0.0
Se 5.388533353864e-01 6.461378328048e+00 1.086443756309e+01 1 1 1 0.0 0.0 0.0
Se 5.734209508223e+00 3.461838043125e+00 1.086443756309e+01 1 1 1 0.0 0.0 0.0
Se 2.270638726443e+00 3.461838043125e+00 1.086443756309e+01 1 1 1 0.0 0.0 0.0
Se 4.002424117499e+00 4.622977582014e-01 1.086443756309e+01 1 1 1 0.0 0.0 0.0
Se 5.388533357189e-01 4.622977582014e-01 1.086443756309e+01 1 1 1 0.0 0.0 0.0
Se 5.734209505895e+00 4.545540203205e+01 1.086443756309e+01 1 1 1 0.0 0.0 0.0
Se 9.197780287676e+00 4.545540203205e+01 1.086443756309e+01 1 1 1 0.0 0.0 0.0
Se 5.734855815707e+00 4.346562009537e+01 1.701046802998e+01 1 1 1 0.0 0.0 0.0
Se 9.198426597487e+00 4.346562009537e+01 1.701046802998e+01 1 1 1 0.0 0.0 0.0
Se 4.003070424983e+00 4.046607981045e+01 1.701046802998e+01 1 1 1 0.0 0.0 0.0
Se 7.466641206763e+00 4.046607981045e+01 1.701046802998e+01 1 1 1 0.0 0.0 0.0
Se 5.734855816040e+00 3.746653952553e+01 1.701046802998e+01 1 1 1 0.0 0.0 0.0
Se 9.198426597820e+00 3.746653952553e+01 1.701046802998e+01 1 1 1 0.0 0.0 0.0
Se 4.003070425316e+00 3.446699924060e+01 1.701046802998e+01 1 1 1 0.0 0.0 0.0
Se 7.466641207096e+00 3.446699924060e+01 1.701046802998e+01 1 1 1 0.0 0.0 0.0
Se 5.734855816372e+00 3.146745895568e+01 1.701046802998e+01 1 1 1 0.0 0.0 0.0
Se 2.271285034592e+00 3.146745895568e+01 1.701046802998e+01 1 1 1 0.0 0.0 0.0
Se 4.003070425648e+00 2.846791867076e+01 1.701046802998e+01 1 1 1 0.0 0.0 0.0
Se 7.466641207428e+00 2.846791867076e+01 1.701046802998e+01 1 1 1 0.0 0.0 0.0
Se 5.734855816705e+00 2.546837838583e+01 1.701046802998e+01 1 1 1 0.0 0.0 0.0
Se 2.271285034924e+00 2.546837838583e+01 1.701046802998e+01 1 1 1 0.0 0.0 0.0
Se 4.003070425981e+00 2.246883810091e+01 1.701046802998e+01 1 1 1 0.0 0.0 0.0
Se 7.466641207761e+00 2.246883810091e+01 1.701046802998e+01 1 1 1 0.0 0.0 0.0
Se 2.271285035257e+00 1.946929781599e+01 1.701046802998e+01 1 1 1 0.0 0.0 0.0
Se 5.734855817037e+00 1.946929781599e+01 1.701046802998e+01 1 1 1 0.0 0.0 0.0
Se 4.003070426313e+00 1.646975753106e+01 1.701046802998e+01 1 1 1 0.0 0.0 0.0
Se 7.466641208094e+00 1.646975753106e+01 1.701046802998e+01 1 1 1 0.0 0.0 0.0
Se 2.271285035589e+00 1.347021724614e+01 1.701046802998e+01 1 1 1 0.0 0.0 0.0
Se 5.734855817370e+00 1.347021724614e+01 1.701046802998e+01 1 1 1 0.0 0.0 0.0
Se 4.003070426646e+00 1.047067696122e+01 1.701046802998e+01 1 1 1 0.0 0.0 0.0
Se 7.466641208426e+00 1.047067696122e+01 1.701046802998e+01 1 1 1 0.0 0.0 0.0
Se 2.271285035922e+00 7.471136676294e+00 1.701046802998e+01 1 1 1 0.0 0.0 0.0
Se 5.734855817702e+00 7.471136676294e+00 1.701046802998e+01 1 1 1 0.0 0.0 0.0
Se 4.003070426978e+00 4.471596391371e+00 1.701046802998e+01 1 1 1 0.0 0.0 0.0
Se 5.394996451980e-01 4.471596391371e+00 1.701046802998e+01 1 1 1 0.0 0.0 0.0
Se 2.271285036254e+00 1.472056106448e+00 1.701046802998e+01 1 1 1 0.0 0.0 0.0
Se 5.734855818035e+00 1.472056106448e+00 1.701046802998e+01 1 1 1 0.0 0.0 0.0
Se 4.003070424651e+00 4.646516038030e+01 1.701046802998e+01 1 1 1 0.0 0.0 0.0
Se 7.466641206431e+00 4.646516038030e+01 1.701046802998e+01 1 1 1 0.0 0.0 0.0
Se 4.618569975331e+00 4.537643291469e+01 3.696241589303e+01 1 1 1 0.0 0.0 0.0
Se 1.469869267040e+00 1.746756043081e+00 3.696241589303e+01 1 1 1 0.0 0.0 0.0
Se 1.784739337870e+00 6.109723730242e+00 3.696241589303e+01 1 1 1 0.0 0.0 0.0
Se 2.099609408699e+00 1.047269141740e+01 3.696241589303e+01 1 1 1 0.0 0.0 0.0
Se 2.414479479528e+00 1.483565910456e+01 3.696241589303e+01 1 1 1 0.0 0.0 0.0
Se 2.729349550357e+00 1.919862679172e+01 3.696241589303e+01 1 1 1 0.0 0.0 0.0
Se 3.044219621186e+00 2.356159447889e+01 3.696241589303e+01 1 1 1 0.0 0.0 0.0
Se 3.359089692015e+00 2.792456216605e+01 3.696241589303e+01 1 1 1 0.0 0.0 0.0
Se 3.673959762844e+00 3.228752985321e+01 3.696241589303e+01 1 1 1 0.0 0.0 0.0
Se 3.988829833673e+00 3.665049754037e+01 3.696241589303e+01 1 1 1 0.0 0.0 0.0
Se 4.303699904502e+00 4.101346522753e+01 3.696241589303e+01 1 1 1 0.0 0.0 0.0
Se 8.239575792526e+00 4.755791675827e+01 3.696241589303e+01 1 1 1 0.0 0.0 0.0
Se 5.090875084235e+00 3.928239886661e+00 3.696241589303e+01 1 1 1 0.0 0.0 0.0
Se 5.405745155064e+00 8.291207573822e+00 3.696241589303e+01 1 1 1 0.0 0.0 0.0
Se 5.720615225893e+00 1.265417526098e+01 3.696241589303e+01 1 1 1 0.0 0.0 0.0
Se 6.035485296723e+00 1.701714294814e+01 3.696241589303e+01 1 1 1 0.0 0.0 0.0
Se 6.350355367552e+00 2.138011063531e+01 3.696241589303e+01 1 1 1 0.0 0.0 0.0
Se 6.665225438381e+00 2.574307832247e+01 3.696241589303e+01 1 1 1 0.0 0.0 0.0
Se 6.980095509210e+00 3.010604600963e+01 3.696241589303e+01 1 1 1 0.0 0.0 0.0
Se 7.294965580039e+00 3.446901369679e+01 3.696241589303e+01 1 1 1 0.0 0.0 0.0
Se 7.609835650868e+00 3.883198138395e+01 3.696241589303e+01 1 1 1 0.0 0.0 0.0
Se 7.924705721697e+00 4.319494907111e+01 3.696241589303e+01 1 1 1 0.0 0.0 0.0
Se 6.067527121544e+00 1.777092791253e+00 3.332483142763e+01 1 1 1 0.0 0.0 0.0
Se 6.382397192373e+00 6.140060478415e+00 3.332483142763e+01 1 1 1 0.0 0.0 0.0
Se 6.697267263202e+00 1.050302816558e+01 3.332483142763e+01 1 1 1 0.0 0.0 0.0
Se 7.012137334031e+00 1.486599585274e+01 3.332483142763e+01 1 1 1 0.0 0.0 0.0
Se 7.327007404860e+00 1.922896353990e+01 3.332483142763e+01 1 1 1 0.0 0.0 0.0
Se 7.641877475689e+00 2.359193122706e+01 3.332483142763e+01 1 1 1 0.0 0.0 0.0
Se 7.956747546518e+00 2.795489891422e+01 3.332483142763e+01 1 1 1 0.0 0.0 0.0
Se 8.271617617347e+00 3.231786660138e+01 3.332483142763e+01 1 1 1 0.0 0.0 0.0
Se 8.586487688177e+00 3.668083428854e+01 3.332483142763e+01 1 1 1 0.0 0.0 0.0
Se 8.901357759006e+00 4.104380197570e+01 3.332483142763e+01 1 1 1 0.0 0.0 0.0
Se 9.216227829835e+00 4.540676966286e+01 3.332483142763e+01 1 1 1 0.0 0.0 0.0
Se 2.761391375178e+00 3.958576634834e+00 3.332483142763e+01 1 1 1 0.0 0.0 0.0
Se 3.076261446007e+00 8.321544321995e+00 3.332483142763e+01 1 1 1 0.0 0.0 0.0
Se 3.391131516836e+00 1.268451200916e+01 3.332483142763e+01 1 1 1 0.0 0.0 0.0
Se 3.706001587665e+00 1.704747969632e+01 3.332483142763e+01 1 1 1 0.0 0.0 0.0
Se 4.020871658494e+00 2.141044738348e+01 3.332483142763e+01 1 1 1 0.0 0.0 0.0
Se 4.335741729324e+00 2.577341507064e+01 3.332483142763e+01 1 1 1 0.0 0.0 0.0
Se 4.650611800153e+00 3.013638275780e+01 3.332483142763e+01 1 1 1 0.0 0.0 0.0
Se 4.965481870982e+00 3.449935044496e+01 3.332483142763e+01 1 1 1 0.0 0.0 0.0
Se 5.280351941811e+00 3.886231813212e+01 3.332483142763e+01 1 1 1 0.0 0.0 0.0
Se 5.595222012640e+00 4.322528581928e+01 3.332483142763e+01 1 1 1 0.0 0.0 0.0
Se 5.910092083469e+00 4.758825350644e+01 3.332483142763e+01 1 1 1 0.0 0.0 0.0
Se 3.597328664659e+00 4.757497922707e+01 2.969131231352e+01 1 1 1 0.0 0.0 0.0
Se 4.486279563677e-01 3.945302355456e+00 2.969131231352e+01 1 1 1 0.0 0.0 0.0
Se 7.634980271968e-01 8.308270042617e+00 2.969131231352e+01 1 1 1 0.0 0.0 0.0
Se 1.078368098026e+00 1.267123772978e+01 2.969131231352e+01 1 1 1 0.0 0.0 0.0
Se 1.393238168855e+00 1.703420541694e+01 2.969131231352e+01 1 1 1 0.0 0.0 0.0
Se 1.708108239684e+00 2.139717310410e+01 2.969131231352e+01 1 1 1 0.0 0.0 0.0
Se 2.022978310513e+00 2.576014079126e+01 2.969131231352e+01 1 1 1 0.0 0.0 0.0
Se 2.337848381342e+00 3.012310847842e+01 2.969131231352e+01 1 1 1 0.0 0.0 0.0
Se 2.652718452171e+00 3.448607616558e+01 2.969131231352e+01 1 1 1 0.0 0.0 0.0
Se 2.967588523000e+00 3.884904385274e+01 2.969131231352e+01 1 1 1 0.0 0.0 0.0
Se 3.282458593830e+00 4.321201153991e+01 2.969131231352e+01 1 1 1 0.0 0.0 0.0
Se 3.754763702733e+00 1.763818511875e+00 2.969131231352e+01 1 1 1 0.0 0.0 0.0
Se 4.069633773562e+00 6.126786199037e+00 2.969131231352e+01 1 1 1 0.0 0.0 0.0
Se 4.384503844392e+00 1.048975388620e+01 2.969131231352e+01 1 1 1 0.0 0.0 0.0
Se 4.699373915221e+00 1.485272157336e+01 2.969131231352e+01 1 1 1 0.0 0.0 0.0
Se 5.014243986050e+00 1.921568926052e+01 2.969131231352e+01 1 1 1 0.0 0.0 0.0
Se 5.329114056879e+00 2.357865694768e+01 2.969131231352e+01 1 1 1 0.0 0.0 0.0
Se 5.643984127708e+00 2.794162463484e+01 2.969131231352e+01 1 1 1 0.0 0.0 0.0
Se 5.958854198537e+00 3.230459232200e+01 2.969131231352e+01 1 1 1 0.0 0.0 0.0
Se 6.273724269366e+00 3.666756000916e+01 2.969131231352e+01 1 1 1 0.0 0.0 0.0
Se 6.588594340195e+00 4.103052769633e+01 2.969131231352e+01 1 1 1 0.0 0.0 0.0
Se 6.903464411024e+00 4.539349538349e+01 2.969131231352e+01 1 1 1 0.0 0.0 0.0
Se 5.993845455349e+00 1.739689191643e+00 2.692457590224e+01 1 1 1 0.0 0.0 0.0
Se 6.308715526178e+00 6.102656878804e+00 2.692457590224e+01 1 1 1 0.0 0.0 0.0
Se 6.623585597007e+00 1.046562456597e+01 2.692457590224e+01 1 1 1 0.0 0.0 0.0
Se 6.938455667836e+00 1.482859225313e+01 2.692457590224e+01 1 1 1 0.0 0.0 0.0
Se 7.253325738665e+00 1.919155994029e+01 2.692457590224e+01 1 1 1 0.0 0.0 0.0
Se 7.568195809494e+00 2.355452762745e+01 2.692457590224e+01 1 1 1 0.0 0.0 0.0
Se 7.883065880324e+00 2.791749531461e+01 2.692457590224e+01 1 1 1 0.0 0.0 0.0
Se 8.197935951153e+00 3.228046300177e+01 2.692457590224e+01 1 1 1 0.0 0.0 0.0
Se 8.512806021982e+00 3.664343068893e+01 2.692457590224e+01 1 1 1 0.0 0.0 0.0
Se 8.827676092811e+00 4.100639837609e+01 2.692457590224e+01 1 1 1 0.0 0.0 0.0
Se 9.142546163640e+00 4.536936606325e+01 2.692457590224e+01 1 1 1 0.0 0.0 0.0
Se 2.687709708983e+00 3.921173035224e+00 2.692457590224e+01 1 1 1 0.0 0.0 0.0
Se 3.002579779812e+00 8.284140722385e+00 2.692457590224e+01 1 1 1 0.0 0.0 0.0
Se 3.317449850641e+00 1.264710840955e+01 2.692457590224e+01 1 1 1 0.0 0.0 0.0
Se 3.632319921470e+00 1.701007609671e+01 2.692457590224e+01 1 1 1 0.0 0.0 0.0
Se 3.947189992300e+00 2.137304378387e+01 2.692457590224e+01 1 1 1 0.0 0.0 0.0
Se 4.262060063129e+00 2.573601147103e+01 2.692457590224e+01 1 1 1 0.0 0.0 0.0
Se 4.576930133958e+00 3.009897915819e+01 2.692457590224e+01 1 1 1 0.0 0.0 0.0
Se 4.891800204787e+00 3.446194684535e+01 2.692457590224e+01 1 1 1 0.0 0.0 0.0
Se 5.206670275616e+00 3.882491453251e+01 2.692457590224e+01 1 1 1 0.0 0.0 0.0
Se 5.521540346445e+00 4.318788221967e+01 2.692457590224e+01 1 1 1 0.0 0.0 0.0
Se 5.836410417274e+00 4.755084990683e+01 2.692457590224e+01 1 1 1 0.0 0.0 0.0
Se 3.527193825936e+00 4.753024130907e+01 2.330671355540e+01 1 1 1 0.0 0.0 0.0
Se 3.784931176455e-01 3.900564437455e+00 2.330671355540e+01 1 1 1 0.0 0.0 0.0
Se 6.933631884746e-01 8.263532124616e+00 2.330671355540e+01 1 1 1 0.0 0.0 0.0
Se 1.008233259304e+00 1.262649981178e+01 2.330671355540e+01 1 1 1 0.0 0.0 0.0
Se 1.323103330133e+00 1.698946749894e+01 2.330671355540e+01 1 1 1 0.0 0.0 0.0
Se 1.637973400962e+00 2.135243518610e+01 2.330671355540e+01 1 1 1 0.0 0.0 0.0
Se 1.952843471791e+00 2.571540287326e+01 2.330671355540e+01 1 1 1 0.0 0.0 0.0
Se 2.267713542620e+00 3.007837056042e+01 2.330671355540e+01 1 1 1 0.0 0.0 0.0
Se 2.582583613449e+00 3.444133824758e+01 2.330671355540e+01 1 1 1 0.0 0.0 0.0
Se 2.897453684278e+00 3.880430593474e+01 2.330671355540e+01 1 1 1 0.0 0.0 0.0
Se 3.212323755107e+00 4.316727362190e+01 2.330671355540e+01 1 1 1 0.0 0.0 0.0
Se 3.684628864011e+00 1.719080593874e+00 2.330671355540e+01 1 1 1 0.0 0.0 0.0
Se 3.999498934840e+00 6.082048281035e+00 2.330671355540e+01 1 1 1 0.0 0.0 0.0
Se 4.314369005669e+00 1.044501596820e+01 2.330671355540e+01 1 1 1 0.0 0.0 0.0
Se 4.629239076498e+00 1.480798365536e+01 2.330671355540e+01 1 1 1 0.0 0.0 0.0
Se 4.944109147328e+00 1.917095134252e+01 2.330671355540e+01 1 1 1 0.0 0.0 0.0
Se 5.258979218157e+00 2.353391902968e+01 2.330671355540e+01 1 1 1 0.0 0.0 0.0
Se 5.573849288986e+00 2.789688671684e+01 2.330671355540e+01 1 1 1 0.0 0.0 0.0
Se 5.888719359815e+00 3.225985440400e+01 2.330671355540e+01 1 1 1 0.0 0.0 0.0
Se 6.203589430644e+00 3.662282209116e+01 2.330671355540e+01 1 1 1 0.0 0.0 0.0
Se 6.518459501473e+00 4.098578977832e+01 2.330671355540e+01 1 1 1 0.0 0.0 0.0
Se 6.833329572302e+00 4.534875746548e+01 2.330671355540e+01 1 1 1 0.0 0.0 0.0
Se 4.534567011762e+00 4.534031718245e+01 1.968357859229e+01 1 1 1 0.0 0.0 0.0
Se 1.385866303471e+00 1.710640310841e+00 1.968357859229e+01 1 1 1 0.0 0.0 0.0
Se 1.700736374300e+00 6.073607998002e+00 1.968357859229e+01 1 1 1 0.0 0.0 0.0
Se 2.015606445129e+00 1.043657568516e+01 1.968357859229e+01 1 1 1 0.0 0.0 0.0
Se 2.330476515958e+00 1.479954337232e+01 1.968357859229e+01 1 1 1 0.0 0.0 0.0
Se 2.645346586787e+00 1.916251105949e+01 1.968357859229e+01 1 1 1 0.0 0.0 0.0
Se 2.960216657616e+00 2.352547874665e+01 1.968357859229e+01 1 1 1 0.0 0.0 0.0
Se 3.275086728445e+00 2.788844643381e+01 1.968357859229e+01 1 1 1 0.0 0.0 0.0
Se 3.589956799274e+00 3.225141412097e+01 1.968357859229e+01 1 1 1 0.0 0.0 0.0
Se 3.904826870104e+00 3.661438180813e+01 1.968357859229e+01 1 1 1 0.0 0.0 0.0
Se 4.219696940933e+00 4.097734949529e+01 1.968357859229e+01 1 1 1 0.0 0.0 0.0
Se 8.155572828957e+00 4.752180102603e+01 1.968357859229e+01 1 1 1 0.0 0.0 0.0
Se 5.006872120666e+00 3.892124154421e+00 1.968357859229e+01 1 1 1 0.0 0.0 0.0
Se 5.321742191495e+00 8.255091841582e+00 1.968357859229e+01 1 1 1 0.0 0.0 0.0
Se 5.636612262324e+00 1.261805952874e+01 1.968357859229e+01 1 1 1 0.0 0.0 0.0
Se 5.951482333153e+00 1.698102721590e+01 1.968357859229e+01 1 1 1 0.0 0.0 0.0
Se 6.266352403982e+00 2.134399490307e+01 1.968357859229e+01 1 1 1 0.0 0.0 0.0
Se 6.581222474811e+00 2.570696259023e+01 1.968357859229e+01 1 1 1 0.0 0.0 0.0
Se 6.896092545640e+00 3.006993027739e+01 1.968357859229e+01 1 1 1 0.0 0.0 0.0
Se 7.210962616469e+00 3.443289796455e+01 1.968357859229e+01 1 1 1 0.0 0.0 0.0
Se 7.525832687298e+00 3.879586565171e+01 1.968357859229e+01 1 1 1 0.0 0.0 0.0
Se 7.840702758128e+00 4.315883333887e+01 1.968357859229e+01 1 1 1 0.0 0.0 0.0
"