calculation_mode = "Quench Electrons"
cell_relax = "False"
charge_density_mixing = "0.1"
charge_mixing_type = "Broyden"
description = "Example parameters for high-throughput bulk relaxation of a vdW material"
dos_broading = "0.05"
dos_method = "Gaussian"
energy_convergence_criterion = "1e-10"
energy_output_units = "Hartrees"
kohn_sham_mucycles = "3"
kohn_sham_solver = "davidson"
kpoint_distribution = "1"
kpoint_mesh = "2 1 1"
localize_projectors = "False"
max_md_steps = "100"
max_scf_steps = "200"
non_local_block_size = "4000"
output_wave_function_file = "/dev/null"
potential_acceleration_constant_step = "1.5"
processor_grid = "2 12 14"
rms_convergence_criterion = "1e-08"
scalapack_block_factor = "64"
start_mode = "LCAO Start"
state_block_size = "64"
stress = "True"
subdiag_driver = "scalapack"
use_async_allreduce = "False"
vdw_corr = "DFT-D3"
vdwdf_kernel_filepath = "/lustre/orion/world-shared/cph162/rjmorelock/rmgdft/XC/vdW_kernel_table"
wavefunction_grid = "60 332 378"
write_data_period = "50"

atomic_coordinate_type = "Absolute"
crds_units = "Angstrom"
lattice_units = "Angstrom"

lattice_vector = "
6.927141563561e+00 0.000000000000e+00 4.000000000000e-16
1.731785388729e+00 3.899402370400e+01 2.400000000000e-15
0.000000000000e+00 0.000000000000e+00 4.446241589303e+01
"
atoms = "
Nb 4.031119661503e+00 3.249431657516e+01 1.532833092694e+01 1 1 1 0.0 0.0 0.0
Nb 7.494690443283e+00 3.249431657516e+01 1.532833092694e+01 1 1 1 0.0 0.0 0.0
Nb 2.299334270779e+00 2.949477629023e+01 1.532833092694e+01 1 1 1 0.0 0.0 0.0
Nb 5.762905052559e+00 2.949477629023e+01 1.532833092694e+01 1 1 1 0.0 0.0 0.0
Nb 4.031119661835e+00 2.649523600531e+01 1.532833092694e+01 1 1 1 0.0 0.0 0.0
Nb 7.494690443615e+00 2.649523600531e+01 1.532833092694e+01 1 1 1 0.0 0.0 0.0
Nb 2.299334271111e+00 2.349569572039e+01 1.532833092694e+01 1 1 1 0.0 0.0 0.0
Nb 5.762905052891e+00 2.349569572039e+01 1.532833092694e+01 1 1 1 0.0 0.0 0.0
Nb 4.031119662168e+00 2.049615543546e+01 1.532833092694e+01 1 1 1 0.0 0.0 0.0
Nb 7.494690443948e+00 2.049615543546e+01 1.532833092694e+01 1 1 1 0.0 0.0 0.0
Nb 2.299334271444e+00 1.749661515054e+01 1.532833092694e+01 1 1 1 0.0 0.0 0.0
Nb 5.762905053224e+00 1.749661515054e+01 1.532833092694e+01 1 1 1 0.0 0.0 0.0
Nb 4.031119662500e+00 1.449707486562e+01 1.532833092694e+01 1 1 1 0.0 0.0 0.0
Nb 7.494690444280e+00 1.449707486562e+01 1.532833092694e+01 1 1 1 0.0 0.0 0.0
Nb 2.299334271776e+00 1.149753458069e+01 1.532833092694e+01 1 1 1 0.0 0.0 0.0
Nb 5.762905053557e+00 1.149753458069e+01 1.532833092694e+01 1 1 1 0.0 0.0 0.0
Nb 4.031119662833e+00 8.497994295771e+00 1.532833092694e+01 1 1 1 0.0 0.0 0.0
Nb 5.675488810524e-01 8.497994295771e+00 1.532833092694e+01 1 1 1 0.0 0.0 0.0
Nb 2.299334272109e+00 5.498454010848e+00 1.532833092694e+01 1 1 1 0.0 0.0 0.0
Nb 5.762905053889e+00 5.498454010848e+00 1.532833092694e+01 1 1 1 0.0 0.0 0.0
Nb 4.031119663165e+00 2.498913725925e+00 1.532833092694e+01 1 1 1 0.0 0.0 0.0
Nb 5.675488813849e-01 2.498913725925e+00 1.532833092694e+01 1 1 1 0.0 0.0 0.0
Nb 4.031119661170e+00 3.849339714500e+01 1.532833092694e+01 1 1 1 0.0 0.0 0.0
Nb 7.494690442950e+00 3.849339714500e+01 1.532833092694e+01 1 1 1 0.0 0.0 0.0
Nb 2.299334270446e+00 3.549385686008e+01 1.532833092694e+01 1 1 1 0.0 0.0 0.0
Nb 5.762905052226e+00 3.549385686008e+01 1.532833092694e+01 1 1 1 0.0 0.0 0.0
Nb 4.030136822059e+00 3.248456041637e+01 9.182088683320e+00 1 1 1 0.0 0.0 0.0
Nb 7.493707603840e+00 3.248456041637e+01 9.182088683320e+00 1 1 1 0.0 0.0 0.0
Nb 2.298351431335e+00 2.948502013144e+01 9.182088683320e+00 1 1 1 0.0 0.0 0.0
Nb 5.761922213116e+00 2.948502013144e+01 9.182088683320e+00 1 1 1 0.0 0.0 0.0
Nb 4.030136822392e+00 2.648547984652e+01 9.182088683320e+00 1 1 1 0.0 0.0 0.0
Nb 7.493707604172e+00 2.648547984652e+01 9.182088683320e+00 1 1 1 0.0 0.0 0.0
Nb 2.298351431668e+00 2.348593956160e+01 9.182088683320e+00 1 1 1 0.0 0.0 0.0
Nb 5.761922213448e+00 2.348593956160e+01 9.182088683320e+00 1 1 1 0.0 0.0 0.0
Nb 4.030136822724e+00 2.048639927667e+01 9.182088683320e+00 1 1 1 0.0 0.0 0.0
Nb 7.493707604505e+00 2.048639927667e+01 9.182088683320e+00 1 1 1 0.0 0.0 0.0
Nb 2.298351432000e+00 1.748685899175e+01 9.182088683320e+00 1 1 1 0.0 0.0 0.0
Nb 5.761922213781e+00 1.748685899175e+01 9.182088683320e+00 1 1 1 0.0 0.0 0.0
Nb 4.030136823057e+00 1.448731870683e+01 9.182088683320e+00 1 1 1 0.0 0.0 0.0
Nb 7.493707604837e+00 1.448731870683e+01 9.182088683320e+00 1 1 1 0.0 0.0 0.0
Nb 2.298351432333e+00 1.148777842190e+01 9.182088683320e+00 1 1 1 0.0 0.0 0.0
Nb 5.761922214113e+00 1.148777842190e+01 9.182088683320e+00 1 1 1 0.0 0.0 0.0
Nb 4.030136823389e+00 8.488238136980e+00 9.182088683320e+00 1 1 1 0.0 0.0 0.0
Nb 5.665660416091e-01 8.488238136980e+00 9.182088683320e+00 1 1 1 0.0 0.0 0.0
Nb 2.298351432665e+00 5.488697852056e+00 9.182088683320e+00 1 1 1 0.0 0.0 0.0
Nb 5.761922214446e+00 5.488697852056e+00 9.182088683320e+00 1 1 1 0.0 0.0 0.0
Nb 4.030136823722e+00 2.489157567133e+00 9.182088683320e+00 1 1 1 0.0 0.0 0.0
Nb 5.665660419416e-01 2.489157567133e+00 9.182088683320e+00 1 1 1 0.0 0.0 0.0
Nb 4.030136821727e+00 3.848364098621e+01 9.182088683320e+00 1 1 1 0.0 0.0 0.0
Nb 7.493707603507e+00 3.848364098621e+01 9.182088683320e+00 1 1 1 0.0 0.0 0.0
Nb 2.298351431003e+00 3.548410070129e+01 9.182088683320e+00 1 1 1 0.0 0.0 0.0
Nb 5.761922212783e+00 3.548410070129e+01 9.182088683320e+00 1 1 1 0.0 0.0 0.0
Bi 1.885564872014e+00 3.859156082656e+01 3.532095071834e+01 1 1 1 0.0 0.0 0.0
Bi 3.462000820325e-01 3.930206422998e+00 3.532095071834e+01 1 1 1 0.0 0.0 0.0
Bi 5.386206807802e-01 8.262875723443e+00 3.532095071834e+01 1 1 1 0.0 0.0 0.0
Bi 7.310412795278e-01 1.259554502389e+01 3.532095071834e+01 1 1 1 0.0 0.0 0.0
Bi 9.234618782754e-01 1.692821432433e+01 3.532095071834e+01 1 1 1 0.0 0.0 0.0
Bi 1.115882477023e+00 2.126088362478e+01 3.532095071834e+01 1 1 1 0.0 0.0 0.0
Bi 1.308303075771e+00 2.559355292522e+01 3.532095071834e+01 1 1 1 0.0 0.0 0.0
Bi 1.500723674518e+00 2.992622222567e+01 3.532095071834e+01 1 1 1 0.0 0.0 0.0
Bi 1.693144273266e+00 3.425889152611e+01 3.532095071834e+01 1 1 1 0.0 0.0 0.0
Bi 3.713560564439e+00 1.763871772775e+00 3.532095071834e+01 1 1 1 0.0 0.0 0.0
Bi 3.905981163187e+00 6.096541073220e+00 3.532095071834e+01 1 1 1 0.0 0.0 0.0
Bi 4.098401761934e+00 1.042921037366e+01 3.532095071834e+01 1 1 1 0.0 0.0 0.0
Bi 4.290822360682e+00 1.476187967411e+01 3.532095071834e+01 1 1 1 0.0 0.0 0.0
Bi 4.483242959430e+00 1.909454897455e+01 3.532095071834e+01 1 1 1 0.0 0.0 0.0
Bi 4.675663558177e+00 2.342721827500e+01 3.532095071834e+01 1 1 1 0.0 0.0 0.0
Bi 4.868084156925e+00 2.775988757544e+01 3.532095071834e+01 1 1 1 0.0 0.0 0.0
Bi 5.060504755672e+00 3.209255687589e+01 3.532095071834e+01 1 1 1 0.0 0.0 0.0
Bi 5.252925354420e+00 3.642522617633e+01 3.532095071834e+01 1 1 1 0.0 0.0 0.0
Bi 2.911265990130e+00 3.643518285686e+01 3.133430771007e+01 1 1 1 0.0 0.0 0.0
Bi 1.371901200148e+00 1.773828453300e+00 3.133430771007e+01 1 1 1 0.0 0.0 0.0
Bi 1.564321798896e+00 6.106497753744e+00 3.133430771007e+01 1 1 1 0.0 0.0 0.0
Bi 1.756742397644e+00 1.043916705419e+01 3.133430771007e+01 1 1 1 0.0 0.0 0.0
Bi 1.949162996391e+00 1.477183635463e+01 3.133430771007e+01 1 1 1 0.0 0.0 0.0
Bi 2.141583595139e+00 1.910450565508e+01 3.133430771007e+01 1 1 1 0.0 0.0 0.0
Bi 2.334004193887e+00 2.343717495552e+01 3.133430771007e+01 1 1 1 0.0 0.0 0.0
Bi 2.526424792634e+00 2.776984425597e+01 3.133430771007e+01 1 1 1 0.0 0.0 0.0
Bi 2.718845391382e+00 3.210251355641e+01 3.133430771007e+01 1 1 1 0.0 0.0 0.0
Bi 6.471047071284e+00 3.860151750708e+01 3.133430771007e+01 1 1 1 0.0 0.0 0.0
Bi 4.931682281303e+00 3.940163103522e+00 3.133430771007e+01 1 1 1 0.0 0.0 0.0
Bi 5.124102880050e+00 8.272832403967e+00 3.133430771007e+01 1 1 1 0.0 0.0 0.0
Bi 5.316523478798e+00 1.260550170441e+01 3.133430771007e+01 1 1 1 0.0 0.0 0.0
Bi 5.508944077545e+00 1.693817100486e+01 3.133430771007e+01 1 1 1 0.0 0.0 0.0
Bi 5.701364676293e+00 2.127084030530e+01 3.133430771007e+01 1 1 1 0.0 0.0 0.0
Bi 5.893785275041e+00 2.560350960575e+01 3.133430771007e+01 1 1 1 0.0 0.0 0.0
Bi 6.086205873788e+00 2.993617890619e+01 3.133430771007e+01 1 1 1 0.0 0.0 0.0
Bi 6.278626472536e+00 3.426884820663e+01 3.133430771007e+01 1 1 1 0.0 0.0 0.0
Bi 2.862861087291e+00 3.638543607495e+01 2.529282906773e+01 1 1 1 0.0 0.0 0.0
Bi 1.323496297310e+00 1.724081671390e+00 2.529282906773e+01 1 1 1 0.0 0.0 0.0
Bi 1.515916896058e+00 6.056750971835e+00 2.529282906773e+01 1 1 1 0.0 0.0 0.0
Bi 1.708337494805e+00 1.038942027228e+01 2.529282906773e+01 1 1 1 0.0 0.0 0.0
Bi 1.900758093553e+00 1.472208957272e+01 2.529282906773e+01 1 1 1 0.0 0.0 0.0
Bi 2.093178692300e+00 1.905475887317e+01 2.529282906773e+01 1 1 1 0.0 0.0 0.0
Bi 2.285599291048e+00 2.338742817361e+01 2.529282906773e+01 1 1 1 0.0 0.0 0.0
Bi 2.478019889796e+00 2.772009747406e+01 2.529282906773e+01 1 1 1 0.0 0.0 0.0
Bi 2.670440488543e+00 3.205276677450e+01 2.529282906773e+01 1 1 1 0.0 0.0 0.0
Bi 6.422642168445e+00 3.855177072517e+01 2.529282906773e+01 1 1 1 0.0 0.0 0.0
Bi 4.883277378464e+00 3.890416321612e+00 2.529282906773e+01 1 1 1 0.0 0.0 0.0
Bi 5.075697977212e+00 8.223085622057e+00 2.529282906773e+01 1 1 1 0.0 0.0 0.0
Bi 5.268118575959e+00 1.255575492250e+01 2.529282906773e+01 1 1 1 0.0 0.0 0.0
Bi 5.460539174707e+00 1.688842422295e+01 2.529282906773e+01 1 1 1 0.0 0.0 0.0
Bi 5.652959773455e+00 2.122109352339e+01 2.529282906773e+01 1 1 1 0.0 0.0 0.0
Bi 5.845380372202e+00 2.555376282384e+01 2.529282906773e+01 1 1 1 0.0 0.0 0.0
Bi 6.037800970950e+00 2.988643212428e+01 2.529282906773e+01 1 1 1 0.0 0.0 0.0
Bi 6.230221569697e+00 3.421910142473e+01 2.529282906773e+01 1 1 1 0.0 0.0 0.0
Bi 5.930743472197e+00 1.742547471092e+00 2.132110864621e+01 1 1 1 0.0 0.0 0.0
Bi 6.123164070944e+00 6.075216771537e+00 2.132110864621e+01 1 1 1 0.0 0.0 0.0
Bi 6.315584669692e+00 1.040788607198e+01 2.132110864621e+01 1 1 1 0.0 0.0 0.0
Bi 6.508005268440e+00 1.474055537243e+01 2.132110864621e+01 1 1 1 0.0 0.0 0.0
Bi 6.700425867187e+00 1.907322467287e+01 2.132110864621e+01 1 1 1 0.0 0.0 0.0
Bi 6.892846465935e+00 2.340589397332e+01 2.132110864621e+01 1 1 1 0.0 0.0 0.0
Bi 7.085267064683e+00 2.773856327376e+01 2.132110864621e+01 1 1 1 0.0 0.0 0.0
Bi 7.277687663430e+00 3.207123257421e+01 2.132110864621e+01 1 1 1 0.0 0.0 0.0
Bi 7.470108262178e+00 3.640390187465e+01 2.132110864621e+01 1 1 1 0.0 0.0 0.0
Bi 2.563382989790e+00 3.908882121315e+00 2.132110864621e+01 1 1 1 0.0 0.0 0.0
Bi 2.755803588538e+00 8.241551421759e+00 2.132110864621e+01 1 1 1 0.0 0.0 0.0
Bi 2.948224187286e+00 1.257422072220e+01 2.132110864621e+01 1 1 1 0.0 0.0 0.0
Bi 3.140644786033e+00 1.690689002265e+01 2.132110864621e+01 1 1 1 0.0 0.0 0.0
Bi 3.333065384781e+00 2.123955932309e+01 2.132110864621e+01 1 1 1 0.0 0.0 0.0
Bi 3.525485983529e+00 2.557222862354e+01 2.132110864621e+01 1 1 1 0.0 0.0 0.0
Bi 3.717906582276e+00 2.990489792398e+01 2.132110864621e+01 1 1 1 0.0 0.0 0.0
Bi 3.910327181024e+00 3.423756722443e+01 2.132110864621e+01 1 1 1 0.0 0.0 0.0
Bi 4.102747779771e+00 3.857023652487e+01 2.132110864621e+01 1 1 1 0.0 0.0 0.0
Se 5.762361933522e+00 3.348405459238e+01 7.500000000000e+00 1 1 1 0.0 0.0 0.0
Se 2.298791151741e+00 3.348405459238e+01 7.500000000000e+00 1 1 1 0.0 0.0 0.0
Se 4.030576542798e+00 3.048451430746e+01 7.500000000000e+00 1 1 1 0.0 0.0 0.0
Se 7.494147324578e+00 3.048451430746e+01 7.500000000000e+00 1 1 1 0.0 0.0 0.0
Se 5.762361933854e+00 2.748497402254e+01 7.500000000000e+00 1 1 1 0.0 0.0 0.0
Se 2.298791152074e+00 2.748497402254e+01 7.500000000000e+00 1 1 1 0.0 0.0 0.0
Se 4.030576543130e+00 2.448543373761e+01 7.500000000000e+00 1 1 1 0.0 0.0 0.0
Se 7.494147324911e+00 2.448543373761e+01 7.500000000000e+00 1 1 1 0.0 0.0 0.0
Se 5.762361934187e+00 2.148589345269e+01 7.500000000000e+00 1 1 1 0.0 0.0 0.0
Se 2.298791152407e+00 2.148589345269e+01 7.500000000000e+00 1 1 1 0.0 0.0 0.0
Se 4.030576543463e+00 1.848635316777e+01 7.500000000000e+00 1 1 1 0.0 0.0 0.0
Se 7.494147325243e+00 1.848635316777e+01 7.500000000000e+00 1 1 1 0.0 0.0 0.0
Se 5.762361934519e+00 1.548681288285e+01 7.500000000000e+00 1 1 1 0.0 0.0 0.0
Se 2.298791152739e+00 1.548681288285e+01 7.500000000000e+00 1 1 1 0.0 0.0 0.0
Se 4.030576543795e+00 1.248727259792e+01 7.500000000000e+00 1 1 1 0.0 0.0 0.0
Se 5.670057620152e-01 1.248727259792e+01 7.500000000000e+00 1 1 1 0.0 0.0 0.0
Se 5.762361934852e+00 9.487732312999e+00 7.500000000000e+00 1 1 1 0.0 0.0 0.0
Se 2.298791153072e+00 9.487732312999e+00 7.500000000000e+00 1 1 1 0.0 0.0 0.0
Se 4.030576544128e+00 6.488192028075e+00 7.500000000000e+00 1 1 1 0.0 0.0 0.0
Se 5.670057623477e-01 6.488192028075e+00 7.500000000000e+00 1 1 1 0.0 0.0 0.0
Se 5.762361935184e+00 3.488651743152e+00 7.500000000000e+00 1 1 1 0.0 0.0 0.0
Se 2.298791153404e+00 3.488651743152e+00 7.500000000000e+00 1 1 1 0.0 0.0 0.0
Se 4.030576544461e+00 4.891114582289e-01 7.500000000000e+00 1 1 1 0.0 0.0 0.0
Se 5.670057626802e-01 4.891114582289e-01 7.500000000000e+00 1 1 1 0.0 0.0 0.0
Se 4.030576542465e+00 3.648359487731e+01 7.500000000000e+00 1 1 1 0.0 0.0 0.0
Se 7.494147324246e+00 3.648359487731e+01 7.500000000000e+00 1 1 1 0.0 0.0 0.0
Se 4.031385064125e+00 3.449389626709e+01 1.364602824434e+01 1 1 1 0.0 0.0 0.0
Se 7.494955845905e+00 3.449389626709e+01 1.364602824434e+01 1 1 1 0.0 0.0 0.0
Se 2.299599673401e+00 3.149435598216e+01 1.364602824434e+01 1 1 1 0.0 0.0 0.0
Se 5.763170455181e+00 3.149435598216e+01 1.364602824434e+01 1 1 1 0.0 0.0 0.0
Se 4.031385064457e+00 2.849481569724e+01 1.364602824434e+01 1 1 1 0.0 0.0 0.0
Se 7.494955846237e+00 2.849481569724e+01 1.364602824434e+01 1 1 1 0.0 0.0 0.0
Se 2.299599673733e+00 2.549527541232e+01 1.364602824434e+01 1 1 1 0.0 0.0 0.0
Se 5.763170455513e+00 2.549527541232e+01 1.364602824434e+01 1 1 1 0.0 0.0 0.0
Se 4.031385064790e+00 2.249573512739e+01 1.364602824434e+01 1 1 1 0.0 0.0 0.0
Se 7.494955846570e+00 2.249573512739e+01 1.364602824434e+01 1 1 1 0.0 0.0 0.0
Se 2.299599674066e+00 1.949619484247e+01 1.364602824434e+01 1 1 1 0.0 0.0 0.0
Se 5.763170455846e+00 1.949619484247e+01 1.364602824434e+01 1 1 1 0.0 0.0 0.0
Se 4.031385065122e+00 1.649665455755e+01 1.364602824434e+01 1 1 1 0.0 0.0 0.0
Se 7.494955846902e+00 1.649665455755e+01 1.364602824434e+01 1 1 1 0.0 0.0 0.0
Se 2.299599674398e+00 1.349711427263e+01 1.364602824434e+01 1 1 1 0.0 0.0 0.0
Se 5.763170456179e+00 1.349711427263e+01 1.364602824434e+01 1 1 1 0.0 0.0 0.0
Se 4.031385065455e+00 1.049757398770e+01 1.364602824434e+01 1 1 1 0.0 0.0 0.0
Se 5.678142836744e-01 1.049757398770e+01 1.364602824434e+01 1 1 1 0.0 0.0 0.0
Se 2.299599674731e+00 7.498033702779e+00 1.364602824434e+01 1 1 1 0.0 0.0 0.0
Se 5.763170456511e+00 7.498033702779e+00 1.364602824434e+01 1 1 1 0.0 0.0 0.0
Se 4.031385065787e+00 4.498493417855e+00 1.364602824434e+01 1 1 1 0.0 0.0 0.0
Se 5.678142840069e-01 4.498493417855e+00 1.364602824434e+01 1 1 1 0.0 0.0 0.0
Se 2.299599675063e+00 1.498953132932e+00 1.364602824434e+01 1 1 1 0.0 0.0 0.0
Se 5.763170456844e+00 1.498953132932e+00 1.364602824434e+01 1 1 1 0.0 0.0 0.0
Se 2.299599673068e+00 3.749343655201e+01 1.364602824434e+01 1 1 1 0.0 0.0 0.0
Se 5.763170454848e+00 3.749343655201e+01 1.364602824434e+01 1 1 1 0.0 0.0 0.0
Se 5.762054577309e+00 3.348508596311e+01 1.086443756309e+01 1 1 1 0.0 0.0 0.0
Se 2.298483795529e+00 3.348508596311e+01 1.086443756309e+01 1 1 1 0.0 0.0 0.0
Se 4.030269186586e+00 3.048554567818e+01 1.086443756309e+01 1 1 1 0.0 0.0 0.0
Se 7.493839968366e+00 3.048554567818e+01 1.086443756309e+01 1 1 1 0.0 0.0 0.0
Se 5.762054577642e+00 2.748600539326e+01 1.086443756309e+01 1 1 1 0.0 0.0 0.0
Se 2.298483795862e+00 2.748600539326e+01 1.086443756309e+01 1 1 1 0.0 0.0 0.0
Se 4.030269186918e+00 2.448646510834e+01 1.086443756309e+01 1 1 1 0.0 0.0 0.0
Se 7.493839968698e+00 2.448646510834e+01 1.086443756309e+01 1 1 1 0.0 0.0 0.0
Se 5.762054577974e+00 2.148692482341e+01 1.086443756309e+01 1 1 1 0.0 0.0 0.0
Se 2.298483796194e+00 2.148692482341e+01 1.086443756309e+01 1 1 1 0.0 0.0 0.0
Se 4.030269187251e+00 1.848738453849e+01 1.086443756309e+01 1 1 1 0.0 0.0 0.0
Se 7.493839969031e+00 1.848738453849e+01 1.086443756309e+01 1 1 1 0.0 0.0 0.0
Se 5.762054578307e+00 1.548784425357e+01 1.086443756309e+01 1 1 1 0.0 0.0 0.0
Se 2.298483796527e+00 1.548784425357e+01 1.086443756309e+01 1 1 1 0.0 0.0 0.0
Se 4.030269187583e+00 1.248830396864e+01 1.086443756309e+01 1 1 1 0.0 0.0 0.0
Se 5.666984058029e-01 1.248830396864e+01 1.086443756309e+01 1 1 1 0.0 0.0 0.0
Se 5.762054578640e+00 9.488763683720e+00 1.086443756309e+01 1 1 1 0.0 0.0 0.0
Se 2.298483796859e+00 9.488763683720e+00 1.086443756309e+01 1 1 1 0.0 0.0 0.0
Se 4.030269187916e+00 6.489223398797e+00 1.086443756309e+01 1 1 1 0.0 0.0 0.0
Se 5.666984061354e-01 6.489223398797e+00 1.086443756309e+01 1 1 1 0.0 0.0 0.0
Se 5.762054578972e+00 3.489683113874e+00 1.086443756309e+01 1 1 1 0.0 0.0 0.0
Se 2.298483797192e+00 3.489683113874e+00 1.086443756309e+01 1 1 1 0.0 0.0 0.0
Se 4.030269188248e+00 4.901428289504e-01 1.086443756309e+01 1 1 1 0.0 0.0 0.0
Se 5.666984064679e-01 4.901428289504e-01 1.086443756309e+01 1 1 1 0.0 0.0 0.0
Se 4.030269186253e+00 3.648462624803e+01 1.086443756309e+01 1 1 1 0.0 0.0 0.0
Se 7.493839968033e+00 3.648462624803e+01 1.086443756309e+01 1 1 1 0.0 0.0 0.0
Se 4.030915496065e+00 3.449484431135e+01 1.701046802998e+01 1 1 1 0.0 0.0 0.0
Se 7.494486277845e+00 3.449484431135e+01 1.701046802998e+01 1 1 1 0.0 0.0 0.0
Se 2.299130105341e+00 3.149530402643e+01 1.701046802998e+01 1 1 1 0.0 0.0 0.0
Se 5.762700887121e+00 3.149530402643e+01 1.701046802998e+01 1 1 1 0.0 0.0 0.0
Se 4.030915496397e+00 2.849576374151e+01 1.701046802998e+01 1 1 1 0.0 0.0 0.0
Se 7.494486278177e+00 2.849576374151e+01 1.701046802998e+01 1 1 1 0.0 0.0 0.0
Se 2.299130105673e+00 2.549622345658e+01 1.701046802998e+01 1 1 1 0.0 0.0 0.0
Se 5.762700887454e+00 2.549622345658e+01 1.701046802998e+01 1 1 1 0.0 0.0 0.0
Se 4.030915496730e+00 2.249668317166e+01 1.701046802998e+01 1 1 1 0.0 0.0 0.0
Se 7.494486278510e+00 2.249668317166e+01 1.701046802998e+01 1 1 1 0.0 0.0 0.0
Se 2.299130106006e+00 1.949714288674e+01 1.701046802998e+01 1 1 1 0.0 0.0 0.0
Se 5.762700887786e+00 1.949714288674e+01 1.701046802998e+01 1 1 1 0.0 0.0 0.0
Se 4.030915497062e+00 1.649760260181e+01 1.701046802998e+01 1 1 1 0.0 0.0 0.0
Se 7.494486278843e+00 1.649760260181e+01 1.701046802998e+01 1 1 1 0.0 0.0 0.0
Se 2.299130106338e+00 1.349806231689e+01 1.701046802998e+01 1 1 1 0.0 0.0 0.0
Se 5.762700888119e+00 1.349806231689e+01 1.701046802998e+01 1 1 1 0.0 0.0 0.0
Se 4.030915497395e+00 1.049852203197e+01 1.701046802998e+01 1 1 1 0.0 0.0 0.0
Se 5.673447156145e-01 1.049852203197e+01 1.701046802998e+01 1 1 1 0.0 0.0 0.0
Se 2.299130106671e+00 7.498981747043e+00 1.701046802998e+01 1 1 1 0.0 0.0 0.0
Se 5.762700888451e+00 7.498981747043e+00 1.701046802998e+01 1 1 1 0.0 0.0 0.0
Se 4.030915497727e+00 4.499441462120e+00 1.701046802998e+01 1 1 1 0.0 0.0 0.0
Se 5.673447159470e-01 4.499441462120e+00 1.701046802998e+01 1 1 1 0.0 0.0 0.0
Se 2.299130107003e+00 1.499901177197e+00 1.701046802998e+01 1 1 1 0.0 0.0 0.0
Se 5.762700888784e+00 1.499901177197e+00 1.701046802998e+01 1 1 1 0.0 0.0 0.0
Se 2.299130105008e+00 3.749438459628e+01 1.701046802998e+01 1 1 1 0.0 0.0 0.0
Se 5.762700886789e+00 3.749438459628e+01 1.701046802998e+01 1 1 1 0.0 0.0 0.0
Se 2.948771814905e+00 3.641410512416e+01 3.696241589303e+01 1 1 1 0.0 0.0 0.0
Se 1.409407024924e+00 1.752750720605e+00 3.696241589303e+01 1 1 1 0.0 0.0 0.0
Se 1.601827623672e+00 6.085420021050e+00 3.696241589303e+01 1 1 1 0.0 0.0 0.0
Se 1.794248222419e+00 1.041808932149e+01 3.696241589303e+01 1 1 1 0.0 0.0 0.0
Se 1.986668821167e+00 1.475075862194e+01 3.696241589303e+01 1 1 1 0.0 0.0 0.0
Se 2.179089419915e+00 1.908342792238e+01 3.696241589303e+01 1 1 1 0.0 0.0 0.0
Se 2.371510018662e+00 2.341609722283e+01 3.696241589303e+01 1 1 1 0.0 0.0 0.0
Se 2.563930617410e+00 2.774876652327e+01 3.696241589303e+01 1 1 1 0.0 0.0 0.0
Se 2.756351216158e+00 3.208143582372e+01 3.696241589303e+01 1 1 1 0.0 0.0 0.0
Se 6.508552896059e+00 3.858043977439e+01 3.696241589303e+01 1 1 1 0.0 0.0 0.0
Se 4.969188106078e+00 3.919085370828e+00 3.696241589303e+01 1 1 1 0.0 0.0 0.0
Se 5.161608704826e+00 8.251754671272e+00 3.696241589303e+01 1 1 1 0.0 0.0 0.0
Se 5.354029303574e+00 1.258442397172e+01 3.696241589303e+01 1 1 1 0.0 0.0 0.0
Se 5.546449902321e+00 1.691709327216e+01 3.696241589303e+01 1 1 1 0.0 0.0 0.0
Se 5.738870501069e+00 2.124976257261e+01 3.696241589303e+01 1 1 1 0.0 0.0 0.0
Se 5.931291099816e+00 2.558243187305e+01 3.696241589303e+01 1 1 1 0.0 0.0 0.0
Se 6.123711698564e+00 2.991510117350e+01 3.696241589303e+01 1 1 1 0.0 0.0 0.0
Se 6.316132297312e+00 3.424777047394e+01 3.696241589303e+01 1 1 1 0.0 0.0 0.0
Se 6.006213459233e+00 1.782876796916e+00 3.332483142763e+01 1 1 1 0.0 0.0 0.0
Se 6.198634057980e+00 6.115546097361e+00 3.332483142763e+01 1 1 1 0.0 0.0 0.0
Se 6.391054656728e+00 1.044821539781e+01 3.332483142763e+01 1 1 1 0.0 0.0 0.0
Se 6.583475255476e+00 1.478088469825e+01 3.332483142763e+01 1 1 1 0.0 0.0 0.0
Se 6.775895854223e+00 1.911355399869e+01 3.332483142763e+01 1 1 1 0.0 0.0 0.0
Se 6.968316452971e+00 2.344622329914e+01 3.332483142763e+01 1 1 1 0.0 0.0 0.0
Se 7.160737051718e+00 2.777889259958e+01 3.332483142763e+01 1 1 1 0.0 0.0 0.0
Se 7.353157650466e+00 3.211156190003e+01 3.332483142763e+01 1 1 1 0.0 0.0 0.0
Se 7.545578249214e+00 3.644423120047e+01 3.332483142763e+01 1 1 1 0.0 0.0 0.0
Se 2.638852976826e+00 3.949211447138e+00 3.332483142763e+01 1 1 1 0.0 0.0 0.0
Se 2.831273575574e+00 8.281880747583e+00 3.332483142763e+01 1 1 1 0.0 0.0 0.0
Se 3.023694174321e+00 1.261455004803e+01 3.332483142763e+01 1 1 1 0.0 0.0 0.0
Se 3.216114773069e+00 1.694721934847e+01 3.332483142763e+01 1 1 1 0.0 0.0 0.0
Se 3.408535371817e+00 2.127988864892e+01 3.332483142763e+01 1 1 1 0.0 0.0 0.0
Se 3.600955970564e+00 2.561255794936e+01 3.332483142763e+01 1 1 1 0.0 0.0 0.0
Se 3.793376569312e+00 2.994522724981e+01 3.332483142763e+01 1 1 1 0.0 0.0 0.0
Se 3.985797168060e+00 3.427789655025e+01 3.332483142763e+01 1 1 1 0.0 0.0 0.0
Se 4.178217766807e+00 3.861056585070e+01 3.332483142763e+01 1 1 1 0.0 0.0 0.0
Se 1.865826899118e+00 3.859738375381e+01 2.969131231352e+01 1 1 1 0.0 0.0 0.0
Se 3.264621091367e-01 3.936029350256e+00 2.969131231352e+01 1 1 1 0.0 0.0 0.0
Se 5.188827078843e-01 8.268698650701e+00 2.969131231352e+01 1 1 1 0.0 0.0 0.0
Se 7.113033066319e-01 1.260136795115e+01 2.969131231352e+01 1 1 1 0.0 0.0 0.0
Se 9.037239053796e-01 1.693403725159e+01 2.969131231352e+01 1 1 1 0.0 0.0 0.0
Se 1.096144504127e+00 2.126670655203e+01 2.969131231352e+01 1 1 1 0.0 0.0 0.0
Se 1.288565102875e+00 2.559937585248e+01 2.969131231352e+01 1 1 1 0.0 0.0 0.0
Se 1.480985701622e+00 2.993204515292e+01 2.969131231352e+01 1 1 1 0.0 0.0 0.0
Se 1.673406300370e+00 3.426471445337e+01 2.969131231352e+01 1 1 1 0.0 0.0 0.0
Se 3.693822591543e+00 1.769694700034e+00 2.969131231352e+01 1 1 1 0.0 0.0 0.0
Se 3.886243190291e+00 6.102364000478e+00 2.969131231352e+01 1 1 1 0.0 0.0 0.0
Se 4.078663789038e+00 1.043503330092e+01 2.969131231352e+01 1 1 1 0.0 0.0 0.0
Se 4.271084387786e+00 1.476770260137e+01 2.969131231352e+01 1 1 1 0.0 0.0 0.0
Se 4.463504986534e+00 1.910037190181e+01 2.969131231352e+01 1 1 1 0.0 0.0 0.0
Se 4.655925585281e+00 2.343304120226e+01 2.969131231352e+01 1 1 1 0.0 0.0 0.0
Se 4.848346184029e+00 2.776571050270e+01 2.969131231352e+01 1 1 1 0.0 0.0 0.0
Se 5.040766782777e+00 3.209837980315e+01 2.969131231352e+01 1 1 1 0.0 0.0 0.0
Se 5.233187381524e+00 3.643104910359e+01 2.969131231352e+01 1 1 1 0.0 0.0 0.0
Se 5.933581548928e+00 1.745732944525e+00 2.692457590224e+01 1 1 1 0.0 0.0 0.0
Se 6.126002147675e+00 6.078402244970e+00 2.692457590224e+01 1 1 1 0.0 0.0 0.0
Se 6.318422746423e+00 1.041107154541e+01 2.692457590224e+01 1 1 1 0.0 0.0 0.0
Se 6.510843345170e+00 1.474374084586e+01 2.692457590224e+01 1 1 1 0.0 0.0 0.0
Se 6.703263943918e+00 1.907641014630e+01 2.692457590224e+01 1 1 1 0.0 0.0 0.0
Se 6.895684542666e+00 2.340907944675e+01 2.692457590224e+01 1 1 1 0.0 0.0 0.0
Se 7.088105141413e+00 2.774174874719e+01 2.692457590224e+01 1 1 1 0.0 0.0 0.0
Se 7.280525740161e+00 3.207441804764e+01 2.692457590224e+01 1 1 1 0.0 0.0 0.0
Se 7.472946338909e+00 3.640708734808e+01 2.692457590224e+01 1 1 1 0.0 0.0 0.0
Se 2.566221066521e+00 3.912067594747e+00 2.692457590224e+01 1 1 1 0.0 0.0 0.0
Se 2.758641665269e+00 8.244736895192e+00 2.692457590224e+01 1 1 1 0.0 0.0 0.0
Se 2.951062264016e+00 1.257740619564e+01 2.692457590224e+01 1 1 1 0.0 0.0 0.0
Se 3.143482862764e+00 1.691007549608e+01 2.692457590224e+01 1 1 1 0.0 0.0 0.0
Se 3.335903461512e+00 2.124274479653e+01 2.692457590224e+01 1 1 1 0.0 0.0 0.0
Se 3.528324060259e+00 2.557541409697e+01 2.692457590224e+01 1 1 1 0.0 0.0 0.0
Se 3.720744659007e+00 2.990808339742e+01 2.692457590224e+01 1 1 1 0.0 0.0 0.0
Se 3.913165257755e+00 3.424075269786e+01 2.692457590224e+01 1 1 1 0.0 0.0 0.0
Se 4.105585856502e+00 3.857342199830e+01 2.692457590224e+01 1 1 1 0.0 0.0 0.0
Se 1.796947658611e+00 3.855295651580e+01 2.330671355540e+01 1 1 1 0.0 0.0 0.0
Se 2.575828686298e-01 3.891602112241e+00 2.330671355540e+01 1 1 1 0.0 0.0 0.0
Se 4.500034673774e-01 8.224271412685e+00 2.330671355540e+01 1 1 1 0.0 0.0 0.0
Se 6.424240661250e-01 1.255694071313e+01 2.330671355540e+01 1 1 1 0.0 0.0 0.0
Se 8.348446648727e-01 1.688961001357e+01 2.330671355540e+01 1 1 1 0.0 0.0 0.0
Se 1.027265263620e+00 2.122227931402e+01 2.330671355540e+01 1 1 1 0.0 0.0 0.0
Se 1.219685862368e+00 2.555494861446e+01 2.330671355540e+01 1 1 1 0.0 0.0 0.0
Se 1.412106461116e+00 2.988761791491e+01 2.330671355540e+01 1 1 1 0.0 0.0 0.0
Se 1.604527059863e+00 3.422028721535e+01 2.330671355540e+01 1 1 1 0.0 0.0 0.0
Se 3.624943351036e+00 1.725267462018e+00 2.330671355540e+01 1 1 1 0.0 0.0 0.0
Se 3.817363949784e+00 6.057936762463e+00 2.330671355540e+01 1 1 1 0.0 0.0 0.0
Se 4.009784548531e+00 1.039060606291e+01 2.330671355540e+01 1 1 1 0.0 0.0 0.0
Se 4.202205147279e+00 1.472327536335e+01 2.330671355540e+01 1 1 1 0.0 0.0 0.0
Se 4.394625746027e+00 1.905594466380e+01 2.330671355540e+01 1 1 1 0.0 0.0 0.0
Se 4.587046344774e+00 2.338861396424e+01 2.330671355540e+01 1 1 1 0.0 0.0 0.0
Se 4.779466943522e+00 2.772128326469e+01 2.330671355540e+01 1 1 1 0.0 0.0 0.0
Se 4.971887542270e+00 3.205395256513e+01 2.330671355540e+01 1 1 1 0.0 0.0 0.0
Se 5.164308141017e+00 3.638662186558e+01 2.330671355540e+01 1 1 1 0.0 0.0 0.0
Se 2.865782462406e+00 3.637824019562e+01 1.968357859229e+01 1 1 1 0.0 0.0 0.0
Se 1.326417672425e+00 1.716885792062e+00 1.968357859229e+01 1 1 1 0.0 0.0 0.0
Se 1.518838271172e+00 6.049555092506e+00 1.968357859229e+01 1 1 1 0.0 0.0 0.0
Se 1.711258869920e+00 1.038222439295e+01 1.968357859229e+01 1 1 1 0.0 0.0 0.0
Se 1.903679468668e+00 1.471489369340e+01 1.968357859229e+01 1 1 1 0.0 0.0 0.0
Se 2.096100067415e+00 1.904756299384e+01 1.968357859229e+01 1 1 1 0.0 0.0 0.0
Se 2.288520666163e+00 2.338023229429e+01 1.968357859229e+01 1 1 1 0.0 0.0 0.0
Se 2.480941264911e+00 2.771290159473e+01 1.968357859229e+01 1 1 1 0.0 0.0 0.0
Se 2.673361863658e+00 3.204557089517e+01 1.968357859229e+01 1 1 1 0.0 0.0 0.0
Se 6.425563543560e+00 3.854457484584e+01 1.968357859229e+01 1 1 1 0.0 0.0 0.0
Se 4.886198753579e+00 3.883220442284e+00 1.968357859229e+01 1 1 1 0.0 0.0 0.0
Se 5.078619352326e+00 8.215889742729e+00 1.968357859229e+01 1 1 1 0.0 0.0 0.0
Se 5.271039951074e+00 1.254855904317e+01 1.968357859229e+01 1 1 1 0.0 0.0 0.0
Se 5.463460549822e+00 1.688122834362e+01 1.968357859229e+01 1 1 1 0.0 0.0 0.0
Se 5.655881148569e+00 2.121389764406e+01 1.968357859229e+01 1 1 1 0.0 0.0 0.0
Se 5.848301747317e+00 2.554656694451e+01 1.968357859229e+01 1 1 1 0.0 0.0 0.0
Se 6.040722346065e+00 2.987923624495e+01 1.968357859229e+01 1 1 1 0.0 0.0 0.0
Se 6.233142944812e+00 3.421190554540e+01 1.968357859229e+01 1 1 1 0.0 0.0 0.0
"