calculation_mode = "Quench Electrons"
cell_relax = "False"
charge_density_mixing = "0.1"
charge_mixing_type = "Broyden"
description = "Example parameters for high-throughput bulk relaxation of a vdW material"
dos_broading = "0.05"
dos_method = "Gaussian"
energy_convergence_criterion = "1e-10"
energy_output_units = "Hartrees"
kohn_sham_mucycles = "3"
kohn_sham_solver = "davidson"
kpoint_mesh = "1 1 1"
localize_projectors = "False"
max_md_steps = "100"
max_scf_steps = "200"
non_local_block_size = "4000"
potential_acceleration_constant_step = "1.5"
processor_grid = "4 7 14"
rms_convergence_criterion = "1e-08"
scalapack_block_factor = "64"
start_mode = "LCAO Start"
state_block_size = "64"
stress = "True"
subdiag_driver = "scalapack"
use_async_allreduce = "False"
vdw_corr = "DFT-D3"
vdwdf_kernel_filepath = "/lustre/orion/world-shared/cph162/rjmorelock/rmgdft/XC/vdW_kernel_table"
wavefunction_grid = "106 194 378"
write_data_period = "50"

atomic_coordinate_type = "Absolute"
crds_units = "Angstrom"
lattice_units = "Angstrom"

lattice_vector = "
1.248808205046e+01 0.000000000000e+00 8.000000000000e-16
3.362175937333e+00 2.246191539154e+01 1.400000000000e-15
0.000000000000e+00 0.000000000000e+00 4.446241589303e+01
"
atoms = "
Nb 1.048848465039e+01 1.753319032660e+01 1.532833092694e+01 1 1 1 0.0 0.0 0.0
Nb 1.289003889079e+01 1.503742194976e+01 1.532833092694e+01 1 1 1 0.0 0.0 0.0
Nb 7.126308713702e+00 1.670126753432e+01 1.532833092694e+01 1 1 1 0.0 0.0 0.0
Nb 9.527862954101e+00 1.420549915748e+01 1.532833092694e+01 1 1 1 0.0 0.0 0.0
Nb 1.192941719450e+01 1.170973078064e+01 1.532833092694e+01 1 1 1 0.0 0.0 0.0
Nb 3.764132777015e+00 1.586934474204e+01 1.532833092694e+01 1 1 1 0.0 0.0 0.0
Nb 6.165687017413e+00 1.337357636520e+01 1.532833092694e+01 1 1 1 0.0 0.0 0.0
Nb 8.567241257812e+00 1.087780798836e+01 1.532833092694e+01 1 1 1 0.0 0.0 0.0
Nb 1.096879549821e+01 8.382039611523e+00 1.532833092694e+01 1 1 1 0.0 0.0 0.0
Nb 2.803511080726e+00 1.254165357292e+01 1.532833092694e+01 1 1 1 0.0 0.0 0.0
Nb 5.205065321125e+00 1.004588519608e+01 1.532833092694e+01 1 1 1 0.0 0.0 0.0
Nb 7.606619561523e+00 7.550116819243e+00 1.532833092694e+01 1 1 1 0.0 0.0 0.0
Nb 1.000817380192e+01 5.054348442405e+00 1.532833092694e+01 1 1 1 0.0 0.0 0.0
Nb 1.842889384437e+00 9.213962403802e+00 1.532833092694e+01 1 1 1 0.0 0.0 0.0
Nb 4.244443624836e+00 6.718194026964e+00 1.532833092694e+01 1 1 1 0.0 0.0 0.0
Nb 6.645997865235e+00 4.222425650126e+00 1.532833092694e+01 1 1 1 0.0 0.0 0.0
Nb 9.047552105634e+00 1.726657273288e+00 1.532833092694e+01 1 1 1 0.0 0.0 0.0
Nb 8.822676881486e-01 5.886271234685e+00 1.532833092694e+01 1 1 1 0.0 0.0 0.0
Nb 3.283821928547e+00 3.390502857847e+00 1.532833092694e+01 1 1 1 0.0 0.0 0.0
Nb 5.685376168946e+00 8.947344810086e-01 1.532833092694e+01 1 1 1 0.0 0.0 0.0
Nb 1.144910634668e+01 2.086088149571e+01 1.532833092694e+01 1 1 1 0.0 0.0 0.0
Nb 1.240972804232e+01 2.558580065567e+00 1.532833092694e+01 1 1 1 0.0 0.0 0.0
Nb 2.323200232259e+00 6.281168872927e-02 1.532833092694e+01 1 1 1 0.0 0.0 0.0
Nb 8.086930409991e+00 2.002895870343e+01 1.532833092694e+01 1 1 1 0.0 0.0 0.0
Nb 1.481128228337e+01 2.169280428799e+01 1.532833092694e+01 1 1 1 0.0 0.0 0.0
Nb 4.724754473303e+00 1.919703591115e+01 1.532833092694e+01 1 1 1 0.0 0.0 0.0
Nb 1.385066058708e+01 1.836511311887e+01 1.532833092694e+01 1 1 1 0.0 0.0 0.0
Nb 1.048213606630e+01 1.752571743641e+01 9.182088683320e+00 1 1 1 0.0 0.0 0.0
Nb 1.288369030670e+01 1.502994905957e+01 9.182088683320e+00 1 1 1 0.0 0.0 0.0
Nb 7.119960129612e+00 1.669379464413e+01 9.182088683320e+00 1 1 1 0.0 0.0 0.0
Nb 9.521514370011e+00 1.419802626729e+01 9.182088683320e+00 1 1 1 0.0 0.0 0.0
Nb 1.192306861041e+01 1.170225789045e+01 9.182088683320e+00 1 1 1 0.0 0.0 0.0
Nb 3.757784192925e+00 1.586187185185e+01 9.182088683320e+00 1 1 1 0.0 0.0 0.0
Nb 6.159338433324e+00 1.336610347501e+01 9.182088683320e+00 1 1 1 0.0 0.0 0.0
Nb 8.560892673722e+00 1.087033509817e+01 9.182088683320e+00 1 1 1 0.0 0.0 0.0
Nb 1.096244691412e+01 8.374566721333e+00 9.182088683320e+00 1 1 1 0.0 0.0 0.0
Nb 2.797162496636e+00 1.253418068273e+01 9.182088683320e+00 1 1 1 0.0 0.0 0.0
Nb 5.198716737035e+00 1.003841230589e+01 9.182088683320e+00 1 1 1 0.0 0.0 0.0
Nb 7.600270977434e+00 7.542643929053e+00 9.182088683320e+00 1 1 1 0.0 0.0 0.0
Nb 1.000182521783e+01 5.046875552215e+00 9.182088683320e+00 1 1 1 0.0 0.0 0.0
Nb 1.836540800348e+00 9.206489513612e+00 9.182088683320e+00 1 1 1 0.0 0.0 0.0
Nb 4.238095040746e+00 6.710721136774e+00 9.182088683320e+00 1 1 1 0.0 0.0 0.0
Nb 6.639649281145e+00 4.214952759936e+00 9.182088683320e+00 1 1 1 0.0 0.0 0.0
Nb 9.041203521544e+00 1.719184383098e+00 9.182088683320e+00 1 1 1 0.0 0.0 0.0
Nb 1.336400115452e+01 5.878798344495e+00 9.182088683320e+00 1 1 1 0.0 0.0 0.0
Nb 3.277473344458e+00 3.383029967657e+00 9.182088683320e+00 1 1 1 0.0 0.0 0.0
Nb 5.679027584857e+00 8.872615908186e-01 9.182088683320e+00 1 1 1 0.0 0.0 0.0
Nb 1.144275776259e+01 2.085340860552e+01 9.182088683320e+00 1 1 1 0.0 0.0 0.0
Nb 1.240337945823e+01 2.551107175377e+00 9.182088683320e+00 1 1 1 0.0 0.0 0.0
Nb 2.316851648169e+00 5.533879853923e-02 9.182088683320e+00 1 1 1 0.0 0.0 0.0
Nb 8.080581825901e+00 2.002148581324e+01 9.182088683320e+00 1 1 1 0.0 0.0 0.0
Nb 1.480493369928e+01 2.168533139780e+01 9.182088683320e+00 1 1 1 0.0 0.0 0.0
Nb 4.718405889214e+00 1.918956302096e+01 9.182088683320e+00 1 1 1 0.0 0.0 0.0
Nb 1.384431200299e+01 1.835764022868e+01 9.182088683320e+00 1 1 1 0.0 0.0 0.0
Bi 5.814110269910e+00 7.966676211790e-02 3.532095071834e+01 1 1 1 0.0 0.0 0.0
Bi 1.651416253089e+00 7.966676211790e-02 3.532095071834e+01 1 1 1 0.0 0.0 0.0
Bi 9.976804286730e+00 7.966676211790e-02 3.532095071834e+01 1 1 1 0.0 0.0 0.0
Bi 7.762037598405e+00 3.823319327375e+00 3.532095071834e+01 1 1 1 0.0 0.0 0.0
Bi 3.599343581585e+00 3.823319327375e+00 3.532095071834e+01 1 1 1 0.0 0.0 0.0
Bi 1.192473161523e+01 3.823319327375e+00 3.532095071834e+01 1 1 1 0.0 0.0 0.0
Bi 9.709964926901e+00 7.566971892632e+00 3.532095071834e+01 1 1 1 0.0 0.0 0.0
Bi 5.547270910080e+00 7.566971892632e+00 3.532095071834e+01 1 1 1 0.0 0.0 0.0
Bi 1.384576893260e+00 7.566971892632e+00 3.532095071834e+01 1 1 1 0.0 0.0 0.0
Bi 7.495198238576e+00 1.131062445789e+01 3.532095071834e+01 1 1 1 0.0 0.0 0.0
Bi 3.332504221756e+00 1.131062445789e+01 3.532095071834e+01 1 1 1 0.0 0.0 0.0
Bi 1.165789225540e+01 1.131062445789e+01 3.532095071834e+01 1 1 1 0.0 0.0 0.0
Bi 9.443125567072e+00 1.505427702315e+01 3.532095071834e+01 1 1 1 0.0 0.0 0.0
Bi 5.280431550251e+00 1.505427702315e+01 3.532095071834e+01 1 1 1 0.0 0.0 0.0
Bi 1.360581958389e+01 1.505427702315e+01 3.532095071834e+01 1 1 1 0.0 0.0 0.0
Bi 1.139105289557e+01 1.879792958840e+01 3.532095071834e+01 1 1 1 0.0 0.0 0.0
Bi 7.228358878747e+00 1.879792958840e+01 3.532095071834e+01 1 1 1 0.0 0.0 0.0
Bi 3.065664861927e+00 1.879792958840e+01 3.532095071834e+01 1 1 1 0.0 0.0 0.0
Bi 7.842691264715e+00 1.291823639653e+00 3.133430771007e+01 1 1 1 0.0 0.0 0.0
Bi 3.679997247894e+00 1.291823639653e+00 3.133430771007e+01 1 1 1 0.0 0.0 0.0
Bi 1.200538528154e+01 1.291823639653e+00 3.133430771007e+01 1 1 1 0.0 0.0 0.0
Bi 9.790618593210e+00 5.035476204910e+00 3.133430771007e+01 1 1 1 0.0 0.0 0.0
Bi 5.627924576390e+00 5.035476204910e+00 3.133430771007e+01 1 1 1 0.0 0.0 0.0
Bi 1.465230559570e+00 5.035476204910e+00 3.133430771007e+01 1 1 1 0.0 0.0 0.0
Bi 1.173854592171e+01 8.779128770167e+00 3.133430771007e+01 1 1 1 0.0 0.0 0.0
Bi 7.575851904886e+00 8.779128770167e+00 3.133430771007e+01 1 1 1 0.0 0.0 0.0
Bi 3.413157888065e+00 8.779128770167e+00 3.133430771007e+01 1 1 1 0.0 0.0 0.0
Bi 9.523779233381e+00 1.252278133542e+01 3.133430771007e+01 1 1 1 0.0 0.0 0.0
Bi 5.361085216561e+00 1.252278133542e+01 3.133430771007e+01 1 1 1 0.0 0.0 0.0
Bi 1.368647325020e+01 1.252278133542e+01 3.133430771007e+01 1 1 1 0.0 0.0 0.0
Bi 1.147170656188e+01 1.626643390068e+01 3.133430771007e+01 1 1 1 0.0 0.0 0.0
Bi 7.309012545057e+00 1.626643390068e+01 3.133430771007e+01 1 1 1 0.0 0.0 0.0
Bi 3.146318528236e+00 1.626643390068e+01 3.133430771007e+01 1 1 1 0.0 0.0 0.0
Bi 1.341963389037e+01 2.001008646594e+01 3.133430771007e+01 1 1 1 0.0 0.0 0.0
Bi 9.256939873552e+00 2.001008646594e+01 3.133430771007e+01 1 1 1 0.0 0.0 0.0
Bi 5.094245856732e+00 2.001008646594e+01 3.133430771007e+01 1 1 1 0.0 0.0 0.0
Bi 7.892265919292e+00 1.241892462372e+00 2.529282906773e+01 1 1 1 0.0 0.0 0.0
Bi 3.729571902472e+00 1.241892462372e+00 2.529282906773e+01 1 1 1 0.0 0.0 0.0
Bi 1.205495993611e+01 1.241892462372e+00 2.529282906773e+01 1 1 1 0.0 0.0 0.0
Bi 9.840193247788e+00 4.985545027629e+00 2.529282906773e+01 1 1 1 0.0 0.0 0.0
Bi 5.677499230968e+00 4.985545027629e+00 2.529282906773e+01 1 1 1 0.0 0.0 0.0
Bi 1.514805214147e+00 4.985545027629e+00 2.529282906773e+01 1 1 1 0.0 0.0 0.0
Bi 1.178812057628e+01 8.729197592886e+00 2.529282906773e+01 1 1 1 0.0 0.0 0.0
Bi 7.625426559463e+00 8.729197592886e+00 2.529282906773e+01 1 1 1 0.0 0.0 0.0
Bi 3.462732542643e+00 8.729197592886e+00 2.529282906773e+01 1 1 1 0.0 0.0 0.0
Bi 9.573353887959e+00 1.247285015814e+01 2.529282906773e+01 1 1 1 0.0 0.0 0.0
Bi 5.410659871139e+00 1.247285015814e+01 2.529282906773e+01 1 1 1 0.0 0.0 0.0
Bi 1.373604790478e+01 1.247285015814e+01 2.529282906773e+01 1 1 1 0.0 0.0 0.0
Bi 1.152128121645e+01 1.621650272340e+01 2.529282906773e+01 1 1 1 0.0 0.0 0.0
Bi 7.358587199634e+00 1.621650272340e+01 2.529282906773e+01 1 1 1 0.0 0.0 0.0
Bi 3.195893182814e+00 1.621650272340e+01 2.529282906773e+01 1 1 1 0.0 0.0 0.0
Bi 1.346920854495e+01 1.996015528866e+01 2.529282906773e+01 1 1 1 0.0 0.0 0.0
Bi 9.306514528130e+00 1.996015528866e+01 2.529282906773e+01 1 1 1 0.0 0.0 0.0
Bi 5.143820511309e+00 1.996015528866e+01 2.529282906773e+01 1 1 1 0.0 0.0 0.0
Bi 7.163402360707e+00 2.119542870498e+01 2.132110864621e+01 1 1 1 0.0 0.0 0.0
Bi 1.548879039435e+01 2.119542870498e+01 2.132110864621e+01 1 1 1 0.0 0.0 0.0
Bi 1.132609637753e+01 2.119542870498e+01 2.132110864621e+01 1 1 1 0.0 0.0 0.0
Bi 5.749153751869e+00 2.477165878698e+00 2.132110864621e+01 1 1 1 0.0 0.0 0.0
Bi 1.586459735049e+00 2.477165878698e+00 2.132110864621e+01 1 1 1 0.0 0.0 0.0
Bi 9.911847768690e+00 2.477165878698e+00 2.132110864621e+01 1 1 1 0.0 0.0 0.0
Bi 7.697081080365e+00 6.220818443955e+00 2.132110864621e+01 1 1 1 0.0 0.0 0.0
Bi 3.534387063545e+00 6.220818443955e+00 2.132110864621e+01 1 1 1 0.0 0.0 0.0
Bi 1.185977509719e+01 6.220818443955e+00 2.132110864621e+01 1 1 1 0.0 0.0 0.0
Bi 5.482314392040e+00 9.964471009212e+00 2.132110864621e+01 1 1 1 0.0 0.0 0.0
Bi 1.380770242568e+01 9.964471009212e+00 2.132110864621e+01 1 1 1 0.0 0.0 0.0
Bi 9.645008408861e+00 9.964471009212e+00 2.132110864621e+01 1 1 1 0.0 0.0 0.0
Bi 7.430241720536e+00 1.370812357447e+01 2.132110864621e+01 1 1 1 0.0 0.0 0.0
Bi 3.267547703716e+00 1.370812357447e+01 2.132110864621e+01 1 1 1 0.0 0.0 0.0
Bi 1.159293573736e+01 1.370812357447e+01 2.132110864621e+01 1 1 1 0.0 0.0 0.0
Bi 9.378169049031e+00 1.745177613973e+01 2.132110864621e+01 1 1 1 0.0 0.0 0.0
Bi 5.215475032211e+00 1.745177613973e+01 2.132110864621e+01 1 1 1 0.0 0.0 0.0
Bi 1.354086306585e+01 1.745177613973e+01 2.132110864621e+01 1 1 1 0.0 0.0 0.0
Se 1.000126626188e+01 1.946694299668e+01 7.500000000000e+00 1 1 1 0.0 0.0 0.0
Se 1.240282050228e+01 1.697117461985e+01 7.500000000000e+00 1 1 1 0.0 0.0 0.0
Se 6.639090325196e+00 1.863502020440e+01 7.500000000000e+00 1 1 1 0.0 0.0 0.0
Se 9.040644565595e+00 1.613925182757e+01 7.500000000000e+00 1 1 1 0.0 0.0 0.0
Se 1.144219880599e+01 1.364348345073e+01 7.500000000000e+00 1 1 1 0.0 0.0 0.0
Se 3.276914388509e+00 1.780309741213e+01 7.500000000000e+00 1 1 1 0.0 0.0 0.0
Se 5.678468628908e+00 1.530732903529e+01 7.500000000000e+00 1 1 1 0.0 0.0 0.0
Se 8.080022869306e+00 1.281156065845e+01 7.500000000000e+00 1 1 1 0.0 0.0 0.0
Se 1.048157710971e+01 1.031579228161e+01 7.500000000000e+00 1 1 1 0.0 0.0 0.0
Se 2.316292692220e+00 1.447540624301e+01 7.500000000000e+00 1 1 1 0.0 0.0 0.0
Se 4.717846932619e+00 1.197963786617e+01 7.500000000000e+00 1 1 1 0.0 0.0 0.0
Se 7.119401173018e+00 9.483869489332e+00 7.500000000000e+00 1 1 1 0.0 0.0 0.0
Se 9.520955413417e+00 6.988101112494e+00 7.500000000000e+00 1 1 1 0.0 0.0 0.0
Se 1.384375304639e+01 1.114771507389e+01 7.500000000000e+00 1 1 1 0.0 0.0 0.0
Se 3.757225236330e+00 8.651946697052e+00 7.500000000000e+00 1 1 1 0.0 0.0 0.0
Se 6.158779476729e+00 6.156178320214e+00 7.500000000000e+00 1 1 1 0.0 0.0 0.0
Se 8.560333717128e+00 3.660409943376e+00 7.500000000000e+00 1 1 1 0.0 0.0 0.0
Se 1.288313135010e+01 7.820023904773e+00 7.500000000000e+00 1 1 1 0.0 0.0 0.0
Se 2.796603540042e+00 5.324255527935e+00 7.500000000000e+00 1 1 1 0.0 0.0 0.0
Se 5.198157780440e+00 2.828487151097e+00 7.500000000000e+00 1 1 1 0.0 0.0 0.0
Se 7.599712020839e+00 3.327187742589e-01 7.500000000000e+00 1 1 1 0.0 0.0 0.0
Se 1.192250965382e+01 4.492332735656e+00 7.500000000000e+00 1 1 1 0.0 0.0 0.0
Se 1.835981843753e+00 1.996564358818e+00 7.500000000000e+00 1 1 1 0.0 0.0 0.0
Se 7.599712021485e+00 2.196271137352e+01 7.500000000000e+00 1 1 1 0.0 0.0 0.0
Se 1.096188795753e+01 1.164641566538e+00 7.500000000000e+00 1 1 1 0.0 0.0 0.0
Se 4.237536084797e+00 2.113078858124e+01 7.500000000000e+00 1 1 1 0.0 0.0 0.0
Se 1.336344219857e+01 2.029886578896e+01 7.500000000000e+00 1 1 1 0.0 0.0 0.0
Se 1.192915114681e+01 1.891984062891e+01 1.364602824434e+01 1 1 1 0.0 0.0 0.0
Se 1.433070538721e+01 1.642407225207e+01 1.364602824434e+01 1 1 1 0.0 0.0 0.0
Se 8.566975210124e+00 1.808791783663e+01 1.364602824434e+01 1 1 1 0.0 0.0 0.0
Se 1.096852945052e+01 1.559214945979e+01 1.364602824434e+01 1 1 1 0.0 0.0 0.0
Se 1.337008369092e+01 1.309638108295e+01 1.364602824434e+01 1 1 1 0.0 0.0 0.0
Se 5.204799273436e+00 1.725599504435e+01 1.364602824434e+01 1 1 1 0.0 0.0 0.0
Se 7.606353513835e+00 1.476022666751e+01 1.364602824434e+01 1 1 1 0.0 0.0 0.0
Se 1.000790775423e+01 1.226445829068e+01 1.364602824434e+01 1 1 1 0.0 0.0 0.0
Se 1.240946199463e+01 9.768689913837e+00 1.364602824434e+01 1 1 1 0.0 0.0 0.0
Se 4.244177577148e+00 1.392830387523e+01 1.364602824434e+01 1 1 1 0.0 0.0 0.0
Se 6.645731817546e+00 1.143253549840e+01 1.364602824434e+01 1 1 1 0.0 0.0 0.0
Se 9.047286057945e+00 8.936767121558e+00 1.364602824434e+01 1 1 1 0.0 0.0 0.0
Se 1.144884029834e+01 6.440998744720e+00 1.364602824434e+01 1 1 1 0.0 0.0 0.0
Se 3.283555880859e+00 1.060061270612e+01 1.364602824434e+01 1 1 1 0.0 0.0 0.0
Se 5.685110121258e+00 8.104844329278e+00 1.364602824434e+01 1 1 1 0.0 0.0 0.0
Se 8.086664361657e+00 5.609075952440e+00 1.364602824434e+01 1 1 1 0.0 0.0 0.0
Se 1.048821860206e+01 3.113307575602e+00 1.364602824434e+01 1 1 1 0.0 0.0 0.0
Se 2.322934184570e+00 7.272921536999e+00 1.364602824434e+01 1 1 1 0.0 0.0 0.0
Se 4.724488424969e+00 4.777153160161e+00 1.364602824434e+01 1 1 1 0.0 0.0 0.0
Se 7.126042665368e+00 2.281384783323e+00 1.364602824434e+01 1 1 1 0.0 0.0 0.0
Se 1.288977284310e+01 2.224753179803e+01 1.364602824434e+01 1 1 1 0.0 0.0 0.0
Se 1.362312488282e+00 3.945230367882e+00 1.364602824434e+01 1 1 1 0.0 0.0 0.0
Se 3.763866728681e+00 1.449461991044e+00 1.364602824434e+01 1 1 1 0.0 0.0 0.0
Se 9.527596906412e+00 2.141560900575e+01 1.364602824434e+01 1 1 1 0.0 0.0 0.0
Se 4.016907919931e-01 6.175391987643e-01 1.364602824434e+01 1 1 1 0.0 0.0 0.0
Se 6.165420969725e+00 2.058368621347e+01 1.364602824434e+01 1 1 1 0.0 0.0 0.0
Se 1.529132708350e+01 1.975176342119e+01 1.364602824434e+01 1 1 1 0.0 0.0 0.0
Se 1.000222255678e+01 1.946743664989e+01 1.086443756309e+01 1 1 1 0.0 0.0 0.0
Se 1.240377679717e+01 1.697166827305e+01 1.086443756309e+01 1 1 1 0.0 0.0 0.0
Se 6.640046620088e+00 1.863551385761e+01 1.086443756309e+01 1 1 1 0.0 0.0 0.0
Se 9.041600860487e+00 1.613974548077e+01 1.086443756309e+01 1 1 1 0.0 0.0 0.0
Se 1.144315510089e+01 1.364397710393e+01 1.086443756309e+01 1 1 1 0.0 0.0 0.0
Se 3.277870683401e+00 1.780359106533e+01 1.086443756309e+01 1 1 1 0.0 0.0 0.0
Se 5.679424923800e+00 1.530782268849e+01 1.086443756309e+01 1 1 1 0.0 0.0 0.0
Se 8.080979164198e+00 1.281205431165e+01 1.086443756309e+01 1 1 1 0.0 0.0 0.0
Se 1.048253340460e+01 1.031628593482e+01 1.086443756309e+01 1 1 1 0.0 0.0 0.0
Se 2.317248987112e+00 1.447589989621e+01 1.086443756309e+01 1 1 1 0.0 0.0 0.0
Se 4.718803227511e+00 1.198013151937e+01 1.086443756309e+01 1 1 1 0.0 0.0 0.0
Se 7.120357467910e+00 9.484363142536e+00 1.086443756309e+01 1 1 1 0.0 0.0 0.0
Se 9.521911708308e+00 6.988594765698e+00 1.086443756309e+01 1 1 1 0.0 0.0 0.0
Se 1.384470934128e+01 1.114820872709e+01 1.086443756309e+01 1 1 1 0.0 0.0 0.0
Se 3.758181531222e+00 8.652440350257e+00 1.086443756309e+01 1 1 1 0.0 0.0 0.0
Se 6.159735771621e+00 6.156671973419e+00 1.086443756309e+01 1 1 1 0.0 0.0 0.0
Se 8.561290012020e+00 3.660903596581e+00 1.086443756309e+01 1 1 1 0.0 0.0 0.0
Se 1.288408764500e+01 7.820517557977e+00 1.086443756309e+01 1 1 1 0.0 0.0 0.0
Se 2.797559834934e+00 5.324749181139e+00 1.086443756309e+01 1 1 1 0.0 0.0 0.0
Se 5.199114075332e+00 2.828980804301e+00 1.086443756309e+01 1 1 1 0.0 0.0 0.0
Se 7.600668315731e+00 3.332124274632e-01 1.086443756309e+01 1 1 1 0.0 0.0 0.0
Se 1.192346594871e+01 4.492826388860e+00 1.086443756309e+01 1 1 1 0.0 0.0 0.0
Se 1.836938138645e+00 1.997058012022e+00 1.086443756309e+01 1 1 1 0.0 0.0 0.0
Se 7.600668316377e+00 2.196320502673e+01 1.086443756309e+01 1 1 1 0.0 0.0 0.0
Se 1.096284425242e+01 1.165135219742e+00 1.086443756309e+01 1 1 1 0.0 0.0 0.0
Se 4.238492379689e+00 2.113128223445e+01 1.086443756309e+01 1 1 1 0.0 0.0 0.0
Se 1.336439849346e+01 2.029935944217e+01 1.086443756309e+01 1 1 1 0.0 0.0 0.0
Se 1.193015987228e+01 1.892015961954e+01 1.701046802998e+01 1 1 1 0.0 0.0 0.0
Se 1.433171411268e+01 1.642439124270e+01 1.701046802998e+01 1 1 1 0.0 0.0 0.0
Se 8.567983935593e+00 1.808823682726e+01 1.701046802998e+01 1 1 1 0.0 0.0 0.0
Se 1.096953817599e+01 1.559246845042e+01 1.701046802998e+01 1 1 1 0.0 0.0 0.0
Se 1.337109241639e+01 1.309670007358e+01 1.701046802998e+01 1 1 1 0.0 0.0 0.0
Se 5.205807998905e+00 1.725631403498e+01 1.701046802998e+01 1 1 1 0.0 0.0 0.0
Se 7.607362239304e+00 1.476054565814e+01 1.701046802998e+01 1 1 1 0.0 0.0 0.0
Se 1.000891647970e+01 1.226477728130e+01 1.701046802998e+01 1 1 1 0.0 0.0 0.0
Se 1.241047072010e+01 9.769008904462e+00 1.701046802998e+01 1 1 1 0.0 0.0 0.0
Se 4.245186302617e+00 1.392862286586e+01 1.701046802998e+01 1 1 1 0.0 0.0 0.0
Se 6.646740543015e+00 1.143285448902e+01 1.701046802998e+01 1 1 1 0.0 0.0 0.0
Se 9.048294783414e+00 8.937086112183e+00 1.701046802998e+01 1 1 1 0.0 0.0 0.0
Se 1.144984902381e+01 6.441317735345e+00 1.701046802998e+01 1 1 1 0.0 0.0 0.0
Se 3.284564606328e+00 1.060093169674e+01 1.701046802998e+01 1 1 1 0.0 0.0 0.0
Se 5.686118846727e+00 8.105163319904e+00 1.701046802998e+01 1 1 1 0.0 0.0 0.0
Se 8.087673087126e+00 5.609394943066e+00 1.701046802998e+01 1 1 1 0.0 0.0 0.0
Se 1.048922732752e+01 3.113626566228e+00 1.701046802998e+01 1 1 1 0.0 0.0 0.0
Se 2.323942910039e+00 7.273240527624e+00 1.701046802998e+01 1 1 1 0.0 0.0 0.0
Se 4.725497150438e+00 4.777472150786e+00 1.701046802998e+01 1 1 1 0.0 0.0 0.0
Se 7.127051390837e+00 2.281703773948e+00 1.701046802998e+01 1 1 1 0.0 0.0 0.0
Se 1.289078156857e+01 2.224785078865e+01 1.701046802998e+01 1 1 1 0.0 0.0 0.0
Se 1.363321213751e+00 3.945549358507e+00 1.701046802998e+01 1 1 1 0.0 0.0 0.0
Se 3.764875454150e+00 1.449780981669e+00 1.701046802998e+01 1 1 1 0.0 0.0 0.0
Se 9.528605631881e+00 2.141592799637e+01 1.701046802998e+01 1 1 1 0.0 0.0 0.0
Se 4.026995174621e-01 6.178581893897e-01 1.701046802998e+01 1 1 1 0.0 0.0 0.0
Se 6.166429695194e+00 2.058400520409e+01 1.701046802998e+01 1 1 1 0.0 0.0 0.0
Se 1.529233580897e+01 1.975208241181e+01 1.701046802998e+01 1 1 1 0.0 0.0 0.0
Se 7.861461279945e+00 1.333374166708e+00 3.696241589303e+01 1 1 1 0.0 0.0 0.0
Se 3.698767263125e+00 1.333374166708e+00 3.696241589303e+01 1 1 1 0.0 0.0 0.0
Se 1.202415529677e+01 1.333374166708e+00 3.696241589303e+01 1 1 1 0.0 0.0 0.0
Se 9.809388608441e+00 5.077026731965e+00 3.696241589303e+01 1 1 1 0.0 0.0 0.0
Se 5.646694591620e+00 5.077026731965e+00 3.696241589303e+01 1 1 1 0.0 0.0 0.0
Se 1.484000574800e+00 5.077026731965e+00 3.696241589303e+01 1 1 1 0.0 0.0 0.0
Se 1.175731593694e+01 8.820679297222e+00 3.696241589303e+01 1 1 1 0.0 0.0 0.0
Se 7.594621920116e+00 8.820679297222e+00 3.696241589303e+01 1 1 1 0.0 0.0 0.0
Se 3.431927903296e+00 8.820679297222e+00 3.696241589303e+01 1 1 1 0.0 0.0 0.0
Se 9.542549248612e+00 1.256433186248e+01 3.696241589303e+01 1 1 1 0.0 0.0 0.0
Se 5.379855231791e+00 1.256433186248e+01 3.696241589303e+01 1 1 1 0.0 0.0 0.0
Se 1.370524326543e+01 1.256433186248e+01 3.696241589303e+01 1 1 1 0.0 0.0 0.0
Se 1.149047657711e+01 1.630798442774e+01 3.696241589303e+01 1 1 1 0.0 0.0 0.0
Se 7.327782560287e+00 1.630798442774e+01 3.696241589303e+01 1 1 1 0.0 0.0 0.0
Se 3.165088543467e+00 1.630798442774e+01 3.696241589303e+01 1 1 1 0.0 0.0 0.0
Se 1.343840390560e+01 2.005163699299e+01 3.696241589303e+01 1 1 1 0.0 0.0 0.0
Se 9.275709888783e+00 2.005163699299e+01 3.696241589303e+01 1 1 1 0.0 0.0 0.0
Se 5.113015871962e+00 2.005163699299e+01 3.696241589303e+01 1 1 1 0.0 0.0 0.0
Se 7.121817024194e+00 2.127506565074e+01 3.332483142763e+01 1 1 1 0.0 0.0 0.0
Se 1.544720505783e+01 2.127506565074e+01 3.332483142763e+01 1 1 1 0.0 0.0 0.0
Se 1.128451104101e+01 2.127506565074e+01 3.332483142763e+01 1 1 1 0.0 0.0 0.0
Se 5.707568415356e+00 2.556802824460e+00 3.332483142763e+01 1 1 1 0.0 0.0 0.0
Se 1.544874398536e+00 2.556802824460e+00 3.332483142763e+01 1 1 1 0.0 0.0 0.0
Se 9.870262432177e+00 2.556802824460e+00 3.332483142763e+01 1 1 1 0.0 0.0 0.0
Se 7.655495743852e+00 6.300455389717e+00 3.332483142763e+01 1 1 1 0.0 0.0 0.0
Se 3.492801727032e+00 6.300455389717e+00 3.332483142763e+01 1 1 1 0.0 0.0 0.0
Se 1.181818976067e+01 6.300455389717e+00 3.332483142763e+01 1 1 1 0.0 0.0 0.0
Se 5.440729055527e+00 1.004410795497e+01 3.332483142763e+01 1 1 1 0.0 0.0 0.0
Se 1.376611708917e+01 1.004410795497e+01 3.332483142763e+01 1 1 1 0.0 0.0 0.0
Se 9.603423072348e+00 1.004410795497e+01 3.332483142763e+01 1 1 1 0.0 0.0 0.0
Se 7.388656384023e+00 1.378776052023e+01 3.332483142763e+01 1 1 1 0.0 0.0 0.0
Se 3.225962367202e+00 1.378776052023e+01 3.332483142763e+01 1 1 1 0.0 0.0 0.0
Se 1.155135040084e+01 1.378776052023e+01 3.332483142763e+01 1 1 1 0.0 0.0 0.0
Se 9.336583712518e+00 1.753141308549e+01 3.332483142763e+01 1 1 1 0.0 0.0 0.0
Se 5.173889695698e+00 1.753141308549e+01 3.332483142763e+01 1 1 1 0.0 0.0 0.0
Se 1.349927772934e+01 1.753141308549e+01 3.332483142763e+01 1 1 1 0.0 0.0 0.0
Se 5.809286067487e+00 5.805315988659e-02 2.969131231352e+01 1 1 1 0.0 0.0 0.0
Se 1.646592050667e+00 5.805315988659e-02 2.969131231352e+01 1 1 1 0.0 0.0 0.0
Se 9.971980084307e+00 5.805315988659e-02 2.969131231352e+01 1 1 1 0.0 0.0 0.0
Se 7.757213395982e+00 3.801705725144e+00 2.969131231352e+01 1 1 1 0.0 0.0 0.0
Se 3.594519379162e+00 3.801705725144e+00 2.969131231352e+01 1 1 1 0.0 0.0 0.0
Se 1.191990741280e+01 3.801705725144e+00 2.969131231352e+01 1 1 1 0.0 0.0 0.0
Se 9.705140724478e+00 7.545358290401e+00 2.969131231352e+01 1 1 1 0.0 0.0 0.0
Se 5.542446707658e+00 7.545358290401e+00 2.969131231352e+01 1 1 1 0.0 0.0 0.0
Se 1.379752690837e+00 7.545358290401e+00 2.969131231352e+01 1 1 1 0.0 0.0 0.0
Se 7.490374036153e+00 1.128901085566e+01 2.969131231352e+01 1 1 1 0.0 0.0 0.0
Se 3.327680019333e+00 1.128901085566e+01 2.969131231352e+01 1 1 1 0.0 0.0 0.0
Se 1.165306805297e+01 1.128901085566e+01 2.969131231352e+01 1 1 1 0.0 0.0 0.0
Se 9.438301364649e+00 1.503266342091e+01 2.969131231352e+01 1 1 1 0.0 0.0 0.0
Se 5.275607347829e+00 1.503266342091e+01 2.969131231352e+01 1 1 1 0.0 0.0 0.0
Se 1.360099538147e+01 1.503266342091e+01 2.969131231352e+01 1 1 1 0.0 0.0 0.0
Se 1.138622869314e+01 1.877631598617e+01 2.969131231352e+01 1 1 1 0.0 0.0 0.0
Se 7.223534676324e+00 1.877631598617e+01 2.969131231352e+01 1 1 1 0.0 0.0 0.0
Se 3.060840659504e+00 1.877631598617e+01 2.969131231352e+01 1 1 1 0.0 0.0 0.0
Se 7.160237981324e+00 2.119834337093e+01 2.692457590224e+01 1 1 1 0.0 0.0 0.0
Se 1.548562601496e+01 2.119834337093e+01 2.692457590224e+01 1 1 1 0.0 0.0 0.0
Se 1.132293199814e+01 2.119834337093e+01 2.692457590224e+01 1 1 1 0.0 0.0 0.0
Se 5.745989372486e+00 2.480080544644e+00 2.692457590224e+01 1 1 1 0.0 0.0 0.0
Se 1.583295355666e+00 2.480080544644e+00 2.692457590224e+01 1 1 1 0.0 0.0 0.0
Se 9.908683389307e+00 2.480080544644e+00 2.692457590224e+01 1 1 1 0.0 0.0 0.0
Se 7.693916700982e+00 6.223733109901e+00 2.692457590224e+01 1 1 1 0.0 0.0 0.0
Se 3.531222684162e+00 6.223733109901e+00 2.692457590224e+01 1 1 1 0.0 0.0 0.0
Se 1.185661071780e+01 6.223733109901e+00 2.692457590224e+01 1 1 1 0.0 0.0 0.0
Se 5.479150012657e+00 9.967385675158e+00 2.692457590224e+01 1 1 1 0.0 0.0 0.0
Se 1.380453804630e+01 9.967385675158e+00 2.692457590224e+01 1 1 1 0.0 0.0 0.0
Se 9.641844029478e+00 9.967385675158e+00 2.692457590224e+01 1 1 1 0.0 0.0 0.0
Se 7.427077341153e+00 1.371103824042e+01 2.692457590224e+01 1 1 1 0.0 0.0 0.0
Se 3.264383324333e+00 1.371103824042e+01 2.692457590224e+01 1 1 1 0.0 0.0 0.0
Se 1.158977135797e+01 1.371103824042e+01 2.692457590224e+01 1 1 1 0.0 0.0 0.0
Se 9.375004669649e+00 1.745469080567e+01 2.692457590224e+01 1 1 1 0.0 0.0 0.0
Se 5.212310652828e+00 1.745469080567e+01 2.692457590224e+01 1 1 1 0.0 0.0 0.0
Se 1.353769868647e+01 1.745469080567e+01 2.692457590224e+01 1 1 1 0.0 0.0 0.0
Se 9.216723596288e+00 2.244765202484e+01 2.330671355540e+01 1 1 1 0.0 0.0 0.0
Se 5.054029579468e+00 2.244765202484e+01 2.330671355540e+01 1 1 1 0.0 0.0 0.0
Se 1.337941761311e+01 2.244765202484e+01 2.330671355540e+01 1 1 1 0.0 0.0 0.0
Se 7.802474987451e+00 3.729389198556e+00 2.330671355540e+01 1 1 1 0.0 0.0 0.0
Se 3.639780970630e+00 3.729389198556e+00 2.330671355540e+01 1 1 1 0.0 0.0 0.0
Se 1.196516900427e+01 3.729389198556e+00 2.330671355540e+01 1 1 1 0.0 0.0 0.0
Se 9.750402315946e+00 7.473041763813e+00 2.330671355540e+01 1 1 1 0.0 0.0 0.0
Se 5.587708299126e+00 7.473041763813e+00 2.330671355540e+01 1 1 1 0.0 0.0 0.0
Se 1.425014282306e+00 7.473041763813e+00 2.330671355540e+01 1 1 1 0.0 0.0 0.0
Se 7.535635627622e+00 1.121669432907e+01 2.330671355540e+01 1 1 1 0.0 0.0 0.0
Se 3.372941610801e+00 1.121669432907e+01 2.330671355540e+01 1 1 1 0.0 0.0 0.0
Se 1.169832964444e+01 1.121669432907e+01 2.330671355540e+01 1 1 1 0.0 0.0 0.0
Se 9.483562956117e+00 1.496034689433e+01 2.330671355540e+01 1 1 1 0.0 0.0 0.0
Se 5.320868939297e+00 1.496034689433e+01 2.330671355540e+01 1 1 1 0.0 0.0 0.0
Se 1.364625697294e+01 1.496034689433e+01 2.330671355540e+01 1 1 1 0.0 0.0 0.0
Se 1.143149028461e+01 1.870399945958e+01 2.330671355540e+01 1 1 1 0.0 0.0 0.0
Se 7.268796267793e+00 1.870399945958e+01 2.330671355540e+01 1 1 1 0.0 0.0 0.0
Se 3.106102250972e+00 1.870399945958e+01 2.330671355540e+01 1 1 1 0.0 0.0 0.0
Se 7.899054652179e+00 1.245395497684e+00 1.968357859229e+01 1 1 1 0.0 0.0 0.0
Se 3.736360635359e+00 1.245395497684e+00 1.968357859229e+01 1 1 1 0.0 0.0 0.0
Se 1.206174866900e+01 1.245395497684e+00 1.968357859229e+01 1 1 1 0.0 0.0 0.0
Se 9.846981980675e+00 4.989048062941e+00 1.968357859229e+01 1 1 1 0.0 0.0 0.0
Se 5.684287963855e+00 4.989048062941e+00 1.968357859229e+01 1 1 1 0.0 0.0 0.0
Se 1.521593947034e+00 4.989048062941e+00 1.968357859229e+01 1 1 1 0.0 0.0 0.0
Se 1.179490930917e+01 8.732700628198e+00 1.968357859229e+01 1 1 1 0.0 0.0 0.0
Se 7.632215292350e+00 8.732700628198e+00 1.968357859229e+01 1 1 1 0.0 0.0 0.0
Se 3.469521275530e+00 8.732700628198e+00 1.968357859229e+01 1 1 1 0.0 0.0 0.0
Se 9.580142620846e+00 1.247635319345e+01 1.968357859229e+01 1 1 1 0.0 0.0 0.0
Se 5.417448604025e+00 1.247635319345e+01 1.968357859229e+01 1 1 1 0.0 0.0 0.0
Se 1.374283663767e+01 1.247635319345e+01 1.968357859229e+01 1 1 1 0.0 0.0 0.0
Se 1.152806994934e+01 1.622000575871e+01 1.968357859229e+01 1 1 1 0.0 0.0 0.0
Se 7.365375932521e+00 1.622000575871e+01 1.968357859229e+01 1 1 1 0.0 0.0 0.0
Se 3.202681915701e+00 1.622000575871e+01 1.968357859229e+01 1 1 1 0.0 0.0 0.0
Se 1.347599727784e+01 1.996365832397e+01 1.968357859229e+01 1 1 1 0.0 0.0 0.0
Se 9.313303261017e+00 1.996365832397e+01 1.968357859229e+01 1 1 1 0.0 0.0 0.0
Se 5.150609244196e+00 1.996365832397e+01 1.968357859229e+01 1 1 1 0.0 0.0 0.0
"