calculation_mode = "Quench Electrons"
cell_relax = "False"
charge_density_mixing = "0.15"
charge_mixing_type = "Broyden"
description = "Example parameters for high-throughput bulk relaxation of a vdW material"
dipole_moment = "True"
dos_broading = "0.05"
dos_method = "Gaussian"
energy_convergence_criterion = "1e-08"
energy_output_units = "Hartrees"
kohn_sham_mucycles = "3"
kohn_sham_solver = "davidson"
kpoint_distribution = "1"
kpoint_mesh = "1 1 1"
localize_projectors = "False"
max_md_steps = "100"
max_scf_steps = "200"
non_local_block_size = "4000"
output_wave_function_file = "/dev/null"
potential_acceleration_constant_step = "1.5"
processor_grid = "6 8 15"
rms_convergence_criterion = "1e-08"
scalapack_block_factor = "64"
start_mode = "LCAO Start"
state_block_size = "64"
stress = "True"
subdiag_driver = "scalapack"
test_energy_tolerance = "1e-05"
use_async_allreduce = "False"
vdw_corr = "DFT-D3"
vdwdf_kernel_filepath = "/lustre/orion/world-shared/cph162/rjmorelock/rmgdft/XC/vdW_kernel_table"
wavefunction_grid = "180 230 426"
write_data_period = "50"

atomic_coordinate_type = "Absolute"
crds_units = "Angstrom"
lattice_units = "Angstrom"

lattice_vector = "
2.106807857321e+01 0.000000000000e+00 1.300000000000e-15
9.964631756358e+00 2.514919064546e+01 1.700000000000e-15
0.000000000000e+00 0.000000000000e+00 4.998930533072e+01
"
atoms = "
Nb 1.658797042323e+01 2.707668561103e+00 1.782833092694e+01 1 1 1 0.0 0.0 0.0
Nb 1.943500806816e+01 4.680154101923e+00 1.782833092694e+01 1 1 1 0.0 0.0 0.0
Nb 1.060919136869e+01 2.214547175898e+00 1.782833092694e+01 1 1 1 0.0 0.0 0.0
Nb 1.345622901362e+01 4.187032716718e+00 1.782833092694e+01 1 1 1 0.0 0.0 0.0
Nb 1.630326665855e+01 6.159518257538e+00 1.782833092694e+01 1 1 1 0.0 0.0 0.0
Nb 1.915030430349e+01 8.132003798359e+00 1.782833092694e+01 1 1 1 0.0 0.0 0.0
Nb 2.199734194842e+01 1.010448933918e+01 1.782833092694e+01 1 1 1 0.0 0.0 0.0
Nb 4.630412314155e+00 1.721425790693e+00 1.782833092694e+01 1 1 1 0.0 0.0 0.0
Nb 7.477449959086e+00 3.693911331513e+00 1.782833092694e+01 1 1 1 0.0 0.0 0.0
Nb 1.032448760402e+01 5.666396872333e+00 1.782833092694e+01 1 1 1 0.0 0.0 0.0
Nb 1.317152524895e+01 7.638882413154e+00 1.782833092694e+01 1 1 1 0.0 0.0 0.0
Nb 1.601856289388e+01 9.611367953974e+00 1.782833092694e+01 1 1 1 0.0 0.0 0.0
Nb 1.886560053881e+01 1.158385349479e+01 1.782833092694e+01 1 1 1 0.0 0.0 0.0
Nb 2.171263818374e+01 1.355633903561e+01 1.782833092694e+01 1 1 1 0.0 0.0 0.0
Nb 2.455967582867e+01 1.552882457644e+01 1.782833092694e+01 1 1 1 0.0 0.0 0.0
Nb 1.971971183283e+01 1.228304405487e+00 1.782833092694e+01 1 1 1 0.0 0.0 0.0
Nb 1.498670904550e+00 3.200789946308e+00 1.782833092694e+01 1 1 1 0.0 0.0 0.0
Nb 4.345708549481e+00 5.173275487128e+00 1.782833092694e+01 1 1 1 0.0 0.0 0.0
Nb 7.192746194413e+00 7.145761027949e+00 1.782833092694e+01 1 1 1 0.0 0.0 0.0
Nb 1.003978383934e+01 9.118246568769e+00 1.782833092694e+01 1 1 1 0.0 0.0 0.0
Nb 1.288682148428e+01 1.109073210959e+01 1.782833092694e+01 1 1 1 0.0 0.0 0.0
Nb 1.573385912921e+01 1.306321765041e+01 1.782833092694e+01 1 1 1 0.0 0.0 0.0
Nb 1.858089677414e+01 1.503570319123e+01 1.782833092694e+01 1 1 1 0.0 0.0 0.0
Nb 2.142793441907e+01 1.700818873205e+01 1.782833092694e+01 1 1 1 0.0 0.0 0.0
Nb 2.427497206400e+01 1.898067427287e+01 1.782833092694e+01 1 1 1 0.0 0.0 0.0
Nb 2.712200970893e+01 2.095315981369e+01 1.782833092694e+01 1 1 1 0.0 0.0 0.0
Nb 2.228204571309e+01 6.652639642743e+00 1.782833092694e+01 1 1 1 0.0 0.0 0.0
Nb 4.061004784808e+00 8.625125183564e+00 1.782833092694e+01 1 1 1 0.0 0.0 0.0
Nb 6.908042429739e+00 1.059761072438e+01 1.782833092694e+01 1 1 1 0.0 0.0 0.0
Nb 9.755080074671e+00 1.257009626520e+01 1.782833092694e+01 1 1 1 0.0 0.0 0.0
Nb 1.260211771960e+01 1.454258180602e+01 1.782833092694e+01 1 1 1 0.0 0.0 0.0
Nb 1.544915536453e+01 1.651506734685e+01 1.782833092694e+01 1 1 1 0.0 0.0 0.0
Nb 1.829619300946e+01 1.848755288767e+01 1.782833092694e+01 1 1 1 0.0 0.0 0.0
Nb 2.114323065440e+01 2.046003842849e+01 1.782833092694e+01 1 1 1 0.0 0.0 0.0
Nb 2.399026829933e+01 2.243252396931e+01 1.782833092694e+01 1 1 1 0.0 0.0 0.0
Nb 2.683730594426e+01 2.440500951013e+01 1.782833092694e+01 1 1 1 0.0 0.0 0.0
Nb 2.484437959335e+01 1.207697488000e+01 1.782833092694e+01 1 1 1 0.0 0.0 0.0
Nb 6.623338665066e+00 1.404946042082e+01 1.782833092694e+01 1 1 1 0.0 0.0 0.0
Nb 9.470376309997e+00 1.602194596164e+01 1.782833092694e+01 1 1 1 0.0 0.0 0.0
Nb 1.231741395493e+01 1.799443150246e+01 1.782833092694e+01 1 1 1 0.0 0.0 0.0
Nb 1.516445159986e+01 1.996691704328e+01 1.782833092694e+01 1 1 1 0.0 0.0 0.0
Nb 1.801148924479e+01 2.193940258410e+01 1.782833092694e+01 1 1 1 0.0 0.0 0.0
Nb 2.085852688972e+01 2.391188812492e+01 1.782833092694e+01 1 1 1 0.0 0.0 0.0
Nb 1.374093277830e+01 7.351830202824e-01 1.782833092694e+01 1 1 1 0.0 0.0 0.0
Nb 2.740671347361e+01 1.750131011726e+01 1.782833092694e+01 1 1 1 0.0 0.0 0.0
Nb 9.185672545324e+00 1.947379565808e+01 1.782833092694e+01 1 1 1 0.0 0.0 0.0
Nb 1.203271019026e+01 2.144628119890e+01 1.782833092694e+01 1 1 1 0.0 0.0 0.0
Nb 1.487974783519e+01 2.341876673972e+01 1.782833092694e+01 1 1 1 0.0 0.0 0.0
Nb 7.762153723760e+00 2.420616350773e-01 1.782833092694e+01 1 1 1 0.0 0.0 0.0
Nb 2.996904735386e+01 2.292564535451e+01 1.782833092694e+01 1 1 1 0.0 0.0 0.0
Nb 1.174800642558e+01 2.489813089533e+01 1.782833092694e+01 1 1 1 0.0 0.0 0.0
Nb 1.658322223060e+01 2.716247796179e+00 1.168208868332e+01 1 1 1 0.0 0.0 0.0
Nb 1.943025987553e+01 4.688733336999e+00 1.168208868332e+01 1 1 1 0.0 0.0 0.0
Nb 1.060444317606e+01 2.223126410974e+00 1.168208868332e+01 1 1 1 0.0 0.0 0.0
Nb 1.345148082099e+01 4.195611951794e+00 1.168208868332e+01 1 1 1 0.0 0.0 0.0
Nb 1.629851846593e+01 6.168097492615e+00 1.168208868332e+01 1 1 1 0.0 0.0 0.0
Nb 1.914555611086e+01 8.140583033435e+00 1.168208868332e+01 1 1 1 0.0 0.0 0.0
Nb 2.199259375579e+01 1.011306857426e+01 1.168208868332e+01 1 1 1 0.0 0.0 0.0
Nb 4.625664121526e+00 1.730005025769e+00 1.168208868332e+01 1 1 1 0.0 0.0 0.0
Nb 7.472701766457e+00 3.702490566589e+00 1.168208868332e+01 1 1 1 0.0 0.0 0.0
Nb 1.031973941139e+01 5.674976107410e+00 1.168208868332e+01 1 1 1 0.0 0.0 0.0
Nb 1.316677705632e+01 7.647461648230e+00 1.168208868332e+01 1 1 1 0.0 0.0 0.0
Nb 1.601381470125e+01 9.619947189050e+00 1.168208868332e+01 1 1 1 0.0 0.0 0.0
Nb 1.886085234618e+01 1.159243272987e+01 1.168208868332e+01 1 1 1 0.0 0.0 0.0
Nb 2.170788999111e+01 1.356491827069e+01 1.168208868332e+01 1 1 1 0.0 0.0 0.0
Nb 2.455492763605e+01 1.553740381151e+01 1.168208868332e+01 1 1 1 0.0 0.0 0.0
Nb 1.971496364020e+01 1.236883640564e+00 1.168208868332e+01 1 1 1 0.0 0.0 0.0
Nb 1.493922711921e+00 3.209369181384e+00 1.168208868332e+01 1 1 1 0.0 0.0 0.0
Nb 4.340960356852e+00 5.181854722204e+00 1.168208868332e+01 1 1 1 0.0 0.0 0.0
Nb 7.187998001784e+00 7.154340263025e+00 1.168208868332e+01 1 1 1 0.0 0.0 0.0
Nb 1.003503564672e+01 9.126825803845e+00 1.168208868332e+01 1 1 1 0.0 0.0 0.0
Nb 1.288207329165e+01 1.109931134467e+01 1.168208868332e+01 1 1 1 0.0 0.0 0.0
Nb 1.572911093658e+01 1.307179688549e+01 1.168208868332e+01 1 1 1 0.0 0.0 0.0
Nb 1.857614858151e+01 1.504428242631e+01 1.168208868332e+01 1 1 1 0.0 0.0 0.0
Nb 2.142318622644e+01 1.701676796713e+01 1.168208868332e+01 1 1 1 0.0 0.0 0.0
Nb 2.427022387137e+01 1.898925350795e+01 1.168208868332e+01 1 1 1 0.0 0.0 0.0
Nb 2.711726151630e+01 2.096173904877e+01 1.168208868332e+01 1 1 1 0.0 0.0 0.0
Nb 2.227729752046e+01 6.661218877820e+00 1.168208868332e+01 1 1 1 0.0 0.0 0.0
Nb 4.056256592179e+00 8.633704418640e+00 1.168208868332e+01 1 1 1 0.0 0.0 0.0
Nb 6.903294237110e+00 1.060618995946e+01 1.168208868332e+01 1 1 1 0.0 0.0 0.0
Nb 9.750331882042e+00 1.257867550028e+01 1.168208868332e+01 1 1 1 0.0 0.0 0.0
Nb 1.259736952697e+01 1.455116104110e+01 1.168208868332e+01 1 1 1 0.0 0.0 0.0
Nb 1.544440717190e+01 1.652364658192e+01 1.168208868332e+01 1 1 1 0.0 0.0 0.0
Nb 1.829144481684e+01 1.849613212274e+01 1.168208868332e+01 1 1 1 0.0 0.0 0.0
Nb 2.113848246177e+01 2.046861766356e+01 1.168208868332e+01 1 1 1 0.0 0.0 0.0
Nb 2.398552010670e+01 2.244110320438e+01 1.168208868332e+01 1 1 1 0.0 0.0 0.0
Nb 2.683255775163e+01 2.441358874520e+01 1.168208868332e+01 1 1 1 0.0 0.0 0.0
Nb 2.483963140072e+01 1.208555411508e+01 1.168208868332e+01 1 1 1 0.0 0.0 0.0
Nb 6.618590472437e+00 1.405803965590e+01 1.168208868332e+01 1 1 1 0.0 0.0 0.0
Nb 9.465628117368e+00 1.603052519672e+01 1.168208868332e+01 1 1 1 0.0 0.0 0.0
Nb 1.231266576230e+01 1.800301073754e+01 1.168208868332e+01 1 1 1 0.0 0.0 0.0
Nb 1.515970340723e+01 1.997549627836e+01 1.168208868332e+01 1 1 1 0.0 0.0 0.0
Nb 1.800674105216e+01 2.194798181918e+01 1.168208868332e+01 1 1 1 0.0 0.0 0.0
Nb 2.085377869709e+01 2.392046736000e+01 1.168208868332e+01 1 1 1 0.0 0.0 0.0
Nb 1.373618458567e+01 7.437622553586e-01 1.168208868332e+01 1 1 1 0.0 0.0 0.0
Nb 2.740196528098e+01 1.750988935233e+01 1.168208868332e+01 1 1 1 0.0 0.0 0.0
Nb 9.180924352695e+00 1.948237489315e+01 1.168208868332e+01 1 1 1 0.0 0.0 0.0
Nb 1.202796199763e+01 2.145486043397e+01 1.168208868332e+01 1 1 1 0.0 0.0 0.0
Nb 1.487499964256e+01 2.342734597479e+01 1.168208868332e+01 1 1 1 0.0 0.0 0.0
Nb 7.757405531131e+00 2.506408701535e-01 1.168208868332e+01 1 1 1 0.0 0.0 0.0
Nb 2.996429916124e+01 2.293422458959e+01 1.168208868332e+01 1 1 1 0.0 0.0 0.0
Nb 1.174325823295e+01 2.490671013041e+01 1.168208868332e+01 1 1 1 0.0 0.0 0.0
Bi 1.405545872879e+01 2.143664284780e+00 3.834784015603e+01 1 1 1 0.0 0.0 0.0
Bi 1.608092265322e+01 5.736405805560e+00 3.834784015603e+01 1 1 1 0.0 0.0 0.0
Bi 1.810638657765e+01 9.329147326340e+00 3.834784015603e+01 1 1 1 0.0 0.0 0.0
Bi 2.013185050207e+01 1.292188884712e+01 3.834784015603e+01 1 1 1 0.0 0.0 0.0
Bi 2.215731442650e+01 1.651463036790e+01 3.834784015603e+01 1 1 1 0.0 0.0 0.0
Bi 2.418277835093e+01 2.010737188868e+01 3.834784015603e+01 1 1 1 0.0 0.0 0.0
Bi 2.620824227536e+01 2.370011340946e+01 3.834784015603e+01 1 1 1 0.0 0.0 0.0
Bi 9.841843014145e+00 2.143664284780e+00 3.834784015603e+01 1 1 1 0.0 0.0 0.0
Bi 1.186730693857e+01 5.736405805560e+00 3.834784015603e+01 1 1 1 0.0 0.0 0.0
Bi 1.389277086300e+01 9.329147326340e+00 3.834784015603e+01 1 1 1 0.0 0.0 0.0
Bi 1.591823478743e+01 1.292188884712e+01 3.834784015603e+01 1 1 1 0.0 0.0 0.0
Bi 1.794369871186e+01 1.651463036790e+01 3.834784015603e+01 1 1 1 0.0 0.0 0.0
Bi 1.996916263629e+01 2.010737188868e+01 3.834784015603e+01 1 1 1 0.0 0.0 0.0
Bi 2.199462656072e+01 2.370011340946e+01 3.834784015603e+01 1 1 1 0.0 0.0 0.0
Bi 5.628227299503e+00 2.143664284780e+00 3.834784015603e+01 1 1 1 0.0 0.0 0.0
Bi 7.653691223931e+00 5.736405805560e+00 3.834784015603e+01 1 1 1 0.0 0.0 0.0
Bi 9.679155148360e+00 9.329147326340e+00 3.834784015603e+01 1 1 1 0.0 0.0 0.0
Bi 1.170461907279e+01 1.292188884712e+01 3.834784015603e+01 1 1 1 0.0 0.0 0.0
Bi 1.373008299722e+01 1.651463036790e+01 3.834784015603e+01 1 1 1 0.0 0.0 0.0
Bi 1.575554692165e+01 2.010737188868e+01 3.834784015603e+01 1 1 1 0.0 0.0 0.0
Bi 1.778101084607e+01 2.370011340946e+01 3.834784015603e+01 1 1 1 0.0 0.0 0.0
Bi 1.414611584860e+00 2.143664284780e+00 3.834784015603e+01 1 1 1 0.0 0.0 0.0
Bi 3.440075509288e+00 5.736405805560e+00 3.834784015603e+01 1 1 1 0.0 0.0 0.0
Bi 5.465539433717e+00 9.329147326340e+00 3.834784015603e+01 1 1 1 0.0 0.0 0.0
Bi 7.491003358146e+00 1.292188884712e+01 3.834784015603e+01 1 1 1 0.0 0.0 0.0
Bi 9.516467282574e+00 1.651463036790e+01 3.834784015603e+01 1 1 1 0.0 0.0 0.0
Bi 1.154193120700e+01 2.010737188868e+01 3.834784015603e+01 1 1 1 0.0 0.0 0.0
Bi 1.356739513143e+01 2.370011340946e+01 3.834784015603e+01 1 1 1 0.0 0.0 0.0
Bi 1.826907444343e+01 2.143664284780e+00 3.834784015603e+01 1 1 1 0.0 0.0 0.0
Bi 2.029453836786e+01 5.736405805560e+00 3.834784015603e+01 1 1 1 0.0 0.0 0.0
Bi 2.232000229229e+01 9.329147326340e+00 3.834784015603e+01 1 1 1 0.0 0.0 0.0
Bi 2.434546621672e+01 1.292188884712e+01 3.834784015603e+01 1 1 1 0.0 0.0 0.0
Bi 2.637093014115e+01 1.651463036790e+01 3.834784015603e+01 1 1 1 0.0 0.0 0.0
Bi 2.839639406557e+01 2.010737188868e+01 3.834784015603e+01 1 1 1 0.0 0.0 0.0
Bi 3.042185799000e+01 2.370011340946e+01 3.834784015603e+01 1 1 1 0.0 0.0 0.0
Bi 1.622458327416e+01 9.371965186287e-01 3.436119714775e+01 1 1 1 0.0 0.0 0.0
Bi 1.825004719859e+01 4.529938039409e+00 3.436119714775e+01 1 1 1 0.0 0.0 0.0
Bi 2.027551112302e+01 8.122679560189e+00 3.436119714775e+01 1 1 1 0.0 0.0 0.0
Bi 2.230097504745e+01 1.171542108097e+01 3.436119714775e+01 1 1 1 0.0 0.0 0.0
Bi 2.432643897188e+01 1.530816260175e+01 3.436119714775e+01 1 1 1 0.0 0.0 0.0
Bi 2.635190289631e+01 1.890090412253e+01 3.436119714775e+01 1 1 1 0.0 0.0 0.0
Bi 2.837736682073e+01 2.249364564331e+01 3.436119714775e+01 1 1 1 0.0 0.0 0.0
Bi 1.201096755952e+01 9.371965186287e-01 3.436119714775e+01 1 1 1 0.0 0.0 0.0
Bi 1.403643148395e+01 4.529938039409e+00 3.436119714775e+01 1 1 1 0.0 0.0 0.0
Bi 1.606189540838e+01 8.122679560189e+00 3.436119714775e+01 1 1 1 0.0 0.0 0.0
Bi 1.808735933281e+01 1.171542108097e+01 3.436119714775e+01 1 1 1 0.0 0.0 0.0
Bi 2.011282325723e+01 1.530816260175e+01 3.436119714775e+01 1 1 1 0.0 0.0 0.0
Bi 2.213828718166e+01 1.890090412253e+01 3.436119714775e+01 1 1 1 0.0 0.0 0.0
Bi 2.416375110609e+01 2.249364564331e+01 3.436119714775e+01 1 1 1 0.0 0.0 0.0
Bi 7.797351844877e+00 9.371965186287e-01 3.436119714775e+01 1 1 1 0.0 0.0 0.0
Bi 9.822815769305e+00 4.529938039409e+00 3.436119714775e+01 1 1 1 0.0 0.0 0.0
Bi 1.184827969373e+01 8.122679560189e+00 3.436119714775e+01 1 1 1 0.0 0.0 0.0
Bi 1.387374361816e+01 1.171542108097e+01 3.436119714775e+01 1 1 1 0.0 0.0 0.0
Bi 1.589920754259e+01 1.530816260175e+01 3.436119714775e+01 1 1 1 0.0 0.0 0.0
Bi 1.792467146702e+01 1.890090412253e+01 3.436119714775e+01 1 1 1 0.0 0.0 0.0
Bi 1.995013539145e+01 2.249364564331e+01 3.436119714775e+01 1 1 1 0.0 0.0 0.0
Bi 3.583736130234e+00 9.371965186287e-01 3.436119714775e+01 1 1 1 0.0 0.0 0.0
Bi 5.609200054663e+00 4.529938039409e+00 3.436119714775e+01 1 1 1 0.0 0.0 0.0
Bi 7.634663979091e+00 8.122679560189e+00 3.436119714775e+01 1 1 1 0.0 0.0 0.0
Bi 9.660127903520e+00 1.171542108097e+01 3.436119714775e+01 1 1 1 0.0 0.0 0.0
Bi 1.168559182795e+01 1.530816260175e+01 3.436119714775e+01 1 1 1 0.0 0.0 0.0
Bi 1.371105575238e+01 1.890090412253e+01 3.436119714775e+01 1 1 1 0.0 0.0 0.0
Bi 1.573651967681e+01 2.249364564331e+01 3.436119714775e+01 1 1 1 0.0 0.0 0.0
Bi 2.043819898881e+01 9.371965186287e-01 3.436119714775e+01 1 1 1 0.0 0.0 0.0
Bi 2.246366291323e+01 4.529938039409e+00 3.436119714775e+01 1 1 1 0.0 0.0 0.0
Bi 3.421048264448e+00 8.122679560189e+00 3.436119714775e+01 1 1 1 0.0 0.0 0.0
Bi 5.446512188877e+00 1.171542108097e+01 3.436119714775e+01 1 1 1 0.0 0.0 0.0
Bi 7.471976113306e+00 1.530816260175e+01 3.436119714775e+01 1 1 1 0.0 0.0 0.0
Bi 9.497440037734e+00 1.890090412253e+01 3.436119714775e+01 1 1 1 0.0 0.0 0.0
Bi 1.152290396216e+01 2.249364564331e+01 3.436119714775e+01 1 1 1 0.0 0.0 0.0
Bi 1.624401929836e+01 8.719862328179e-01 2.831971850542e+01 1 1 1 0.0 0.0 0.0
Bi 1.826948322279e+01 4.464727753598e+00 2.831971850542e+01 1 1 1 0.0 0.0 0.0
Bi 2.029494714722e+01 8.057469274378e+00 2.831971850542e+01 1 1 1 0.0 0.0 0.0
Bi 2.232041107165e+01 1.165021079516e+01 2.831971850542e+01 1 1 1 0.0 0.0 0.0
Bi 2.434587499608e+01 1.524295231594e+01 2.831971850542e+01 1 1 1 0.0 0.0 0.0
Bi 2.637133892050e+01 1.883569383672e+01 2.831971850542e+01 1 1 1 0.0 0.0 0.0
Bi 2.839680284493e+01 2.242843535750e+01 2.831971850542e+01 1 1 1 0.0 0.0 0.0
Bi 1.203040358372e+01 8.719862328179e-01 2.831971850542e+01 1 1 1 0.0 0.0 0.0
Bi 1.405586750815e+01 4.464727753598e+00 2.831971850542e+01 1 1 1 0.0 0.0 0.0
Bi 1.608133143258e+01 8.057469274378e+00 2.831971850542e+01 1 1 1 0.0 0.0 0.0
Bi 1.810679535700e+01 1.165021079516e+01 2.831971850542e+01 1 1 1 0.0 0.0 0.0
Bi 2.013225928143e+01 1.524295231594e+01 2.831971850542e+01 1 1 1 0.0 0.0 0.0
Bi 2.215772320586e+01 1.883569383672e+01 2.831971850542e+01 1 1 1 0.0 0.0 0.0
Bi 2.418318713029e+01 2.242843535750e+01 2.831971850542e+01 1 1 1 0.0 0.0 0.0
Bi 7.816787869076e+00 8.719862328179e-01 2.831971850542e+01 1 1 1 0.0 0.0 0.0
Bi 9.842251793504e+00 4.464727753598e+00 2.831971850542e+01 1 1 1 0.0 0.0 0.0
Bi 1.186771571793e+01 8.057469274378e+00 2.831971850542e+01 1 1 1 0.0 0.0 0.0
Bi 1.389317964236e+01 1.165021079516e+01 2.831971850542e+01 1 1 1 0.0 0.0 0.0
Bi 1.591864356679e+01 1.524295231594e+01 2.831971850542e+01 1 1 1 0.0 0.0 0.0
Bi 1.794410749122e+01 1.883569383672e+01 2.831971850542e+01 1 1 1 0.0 0.0 0.0
Bi 1.996957141565e+01 2.242843535750e+01 2.831971850542e+01 1 1 1 0.0 0.0 0.0
Bi 3.603172154433e+00 8.719862328179e-01 2.831971850542e+01 1 1 1 0.0 0.0 0.0
Bi 5.628636078862e+00 4.464727753598e+00 2.831971850542e+01 1 1 1 0.0 0.0 0.0
Bi 7.654100003290e+00 8.057469274378e+00 2.831971850542e+01 1 1 1 0.0 0.0 0.0
Bi 9.679563927719e+00 1.165021079516e+01 2.831971850542e+01 1 1 1 0.0 0.0 0.0
Bi 1.170502785215e+01 1.524295231594e+01 2.831971850542e+01 1 1 1 0.0 0.0 0.0
Bi 1.373049177658e+01 1.883569383672e+01 2.831971850542e+01 1 1 1 0.0 0.0 0.0
Bi 1.575595570100e+01 2.242843535750e+01 2.831971850542e+01 1 1 1 0.0 0.0 0.0
Bi 2.045763501300e+01 8.719862328179e-01 2.831971850542e+01 1 1 1 0.0 0.0 0.0
Bi 2.248309893743e+01 4.464727753598e+00 2.831971850542e+01 1 1 1 0.0 0.0 0.0
Bi 3.440484288647e+00 8.057469274378e+00 2.831971850542e+01 1 1 1 0.0 0.0 0.0
Bi 5.465948213076e+00 1.165021079516e+01 2.831971850542e+01 1 1 1 0.0 0.0 0.0
Bi 7.491412137505e+00 1.524295231594e+01 2.831971850542e+01 1 1 1 0.0 0.0 0.0
Bi 9.516876061933e+00 1.883569383672e+01 2.831971850542e+01 1 1 1 0.0 0.0 0.0
Bi 1.154233998636e+01 2.242843535750e+01 2.831971850542e+01 1 1 1 0.0 0.0 0.0
Bi 2.414837276669e+01 2.483285739664e+01 2.434799808390e+01 1 1 1 0.0 0.0 0.0
Bi 1.620920493476e+01 3.276408271963e+00 2.434799808390e+01 1 1 1 0.0 0.0 0.0
Bi 1.823466885919e+01 6.869149792743e+00 2.434799808390e+01 1 1 1 0.0 0.0 0.0
Bi 2.026013278362e+01 1.046189131352e+01 2.434799808390e+01 1 1 1 0.0 0.0 0.0
Bi 2.228559670805e+01 1.405463283430e+01 2.434799808390e+01 1 1 1 0.0 0.0 0.0
Bi 2.431106063248e+01 1.764737435508e+01 2.434799808390e+01 1 1 1 0.0 0.0 0.0
Bi 2.633652455691e+01 2.124011587586e+01 2.434799808390e+01 1 1 1 0.0 0.0 0.0
Bi 1.993475705205e+01 2.483285739664e+01 2.434799808390e+01 1 1 1 0.0 0.0 0.0
Bi 1.199558922012e+01 3.276408271963e+00 2.434799808390e+01 1 1 1 0.0 0.0 0.0
Bi 1.402105314455e+01 6.869149792743e+00 2.434799808390e+01 1 1 1 0.0 0.0 0.0
Bi 1.604651706898e+01 1.046189131352e+01 2.434799808390e+01 1 1 1 0.0 0.0 0.0
Bi 1.807198099341e+01 1.405463283430e+01 2.434799808390e+01 1 1 1 0.0 0.0 0.0
Bi 2.009744491783e+01 1.764737435508e+01 2.434799808390e+01 1 1 1 0.0 0.0 0.0
Bi 2.212290884226e+01 2.124011587586e+01 2.434799808390e+01 1 1 1 0.0 0.0 0.0
Bi 1.572114133741e+01 2.483285739664e+01 2.434799808390e+01 1 1 1 0.0 0.0 0.0
Bi 7.781973505476e+00 3.276408271963e+00 2.434799808390e+01 1 1 1 0.0 0.0 0.0
Bi 9.807437429905e+00 6.869149792743e+00 2.434799808390e+01 1 1 1 0.0 0.0 0.0
Bi 1.183290135433e+01 1.046189131352e+01 2.434799808390e+01 1 1 1 0.0 0.0 0.0
Bi 1.385836527876e+01 1.405463283430e+01 2.434799808390e+01 1 1 1 0.0 0.0 0.0
Bi 1.588382920319e+01 1.764737435508e+01 2.434799808390e+01 1 1 1 0.0 0.0 0.0
Bi 1.790929312762e+01 2.124011587586e+01 2.434799808390e+01 1 1 1 0.0 0.0 0.0
Bi 1.150752562276e+01 2.483285739664e+01 2.434799808390e+01 1 1 1 0.0 0.0 0.0
Bi 3.568357790834e+00 3.276408271963e+00 2.434799808390e+01 1 1 1 0.0 0.0 0.0
Bi 5.593821715262e+00 6.869149792743e+00 2.434799808390e+01 1 1 1 0.0 0.0 0.0
Bi 7.619285639691e+00 1.046189131352e+01 2.434799808390e+01 1 1 1 0.0 0.0 0.0
Bi 9.644749564120e+00 1.405463283430e+01 2.434799808390e+01 1 1 1 0.0 0.0 0.0
Bi 1.167021348855e+01 1.764737435508e+01 2.434799808390e+01 1 1 1 0.0 0.0 0.0
Bi 1.369567741298e+01 2.124011587586e+01 2.434799808390e+01 1 1 1 0.0 0.0 0.0
Bi 2.836198848133e+01 2.483285739664e+01 2.434799808390e+01 1 1 1 0.0 0.0 0.0
Bi 2.042282064940e+01 3.276408271963e+00 2.434799808390e+01 1 1 1 0.0 0.0 0.0
Bi 2.244828457383e+01 6.869149792743e+00 2.434799808390e+01 1 1 1 0.0 0.0 0.0
Bi 2.447374849826e+01 1.046189131352e+01 2.434799808390e+01 1 1 1 0.0 0.0 0.0
Bi 2.649921242269e+01 1.405463283430e+01 2.434799808390e+01 1 1 1 0.0 0.0 0.0
Bi 7.456597773906e+00 1.764737435508e+01 2.434799808390e+01 1 1 1 0.0 0.0 0.0
Bi 9.482061698334e+00 2.124011587586e+01 2.434799808390e+01 1 1 1 0.0 0.0 0.0
Se 1.572854869337e+01 9.081754554132e-01 1.000000000000e+01 1 1 1 0.0 0.0 0.0
Se 1.857558633830e+01 2.880660996234e+00 1.000000000000e+01 1 1 1 0.0 0.0 0.0
Se 9.749769638836e+00 4.150540702081e-01 1.000000000000e+01 1 1 1 0.0 0.0 0.0
Se 1.259680728377e+01 2.387539611028e+00 1.000000000000e+01 1 1 1 0.0 0.0 0.0
Se 1.544384492870e+01 4.360025151849e+00 1.000000000000e+01 1 1 1 0.0 0.0 0.0
Se 1.829088257363e+01 6.332510692669e+00 1.000000000000e+01 1 1 1 0.0 0.0 0.0
Se 2.113792021856e+01 8.304996233490e+00 1.000000000000e+01 1 1 1 0.0 0.0 0.0
Se 1.373562234066e+01 2.507112333046e+01 1.000000000000e+01 1 1 1 0.0 0.0 0.0
Se 6.618028229231e+00 1.894418225823e+00 1.000000000000e+01 1 1 1 0.0 0.0 0.0
Se 9.465065874163e+00 3.866903766644e+00 1.000000000000e+01 1 1 1 0.0 0.0 0.0
Se 1.231210351909e+01 5.839389307464e+00 1.000000000000e+01 1 1 1 0.0 0.0 0.0
Se 1.515914116403e+01 7.811874848284e+00 1.000000000000e+01 1 1 1 0.0 0.0 0.0
Se 1.800617880896e+01 9.784360389105e+00 1.000000000000e+01 1 1 1 0.0 0.0 0.0
Se 2.085321645389e+01 1.175684592993e+01 1.000000000000e+01 1 1 1 0.0 0.0 0.0
Se 2.370025409882e+01 1.372933147075e+01 1.000000000000e+01 1 1 1 0.0 0.0 0.0
Se 2.882492185934e+01 2.457800194526e+01 1.000000000000e+01 1 1 1 0.0 0.0 0.0
Se 6.392491746947e-01 1.401296840618e+00 1.000000000000e+01 1 1 1 0.0 0.0 0.0
Se 3.486286819626e+00 3.373782381439e+00 1.000000000000e+01 1 1 1 0.0 0.0 0.0
Se 6.333324464558e+00 5.346267922259e+00 1.000000000000e+01 1 1 1 0.0 0.0 0.0
Se 9.180362109489e+00 7.318753463079e+00 1.000000000000e+01 1 1 1 0.0 0.0 0.0
Se 1.202739975442e+01 9.291239003900e+00 1.000000000000e+01 1 1 1 0.0 0.0 0.0
Se 1.487443739935e+01 1.126372454472e+01 1.000000000000e+01 1 1 1 0.0 0.0 0.0
Se 1.772147504428e+01 1.323621008554e+01 1.000000000000e+01 1 1 1 0.0 0.0 0.0
Se 2.056851268921e+01 1.520869562636e+01 1.000000000000e+01 1 1 1 0.0 0.0 0.0
Se 2.341555033415e+01 1.718118116718e+01 1.000000000000e+01 1 1 1 0.0 0.0 0.0
Se 2.626258797908e+01 1.915366670800e+01 1.000000000000e+01 1 1 1 0.0 0.0 0.0
Se 2.142262398324e+01 4.853146537054e+00 1.000000000000e+01 1 1 1 0.0 0.0 0.0
Se 3.201583054953e+00 6.825632077874e+00 1.000000000000e+01 1 1 1 0.0 0.0 0.0
Se 6.048620699884e+00 8.798117618695e+00 1.000000000000e+01 1 1 1 0.0 0.0 0.0
Se 8.895658344815e+00 1.077060315951e+01 1.000000000000e+01 1 1 1 0.0 0.0 0.0
Se 1.174269598975e+01 1.274308870034e+01 1.000000000000e+01 1 1 1 0.0 0.0 0.0
Se 1.458973363468e+01 1.471557424116e+01 1.000000000000e+01 1 1 1 0.0 0.0 0.0
Se 1.743677127961e+01 1.668805978198e+01 1.000000000000e+01 1 1 1 0.0 0.0 0.0
Se 2.028380892454e+01 1.866054532280e+01 1.000000000000e+01 1 1 1 0.0 0.0 0.0
Se 2.313084656947e+01 2.063303086362e+01 1.000000000000e+01 1 1 1 0.0 0.0 0.0
Se 2.597788421440e+01 2.260551640444e+01 1.000000000000e+01 1 1 1 0.0 0.0 0.0
Se 2.398495786349e+01 1.027748177431e+01 1.000000000000e+01 1 1 1 0.0 0.0 0.0
Se 5.763916935210e+00 1.224996731513e+01 1.000000000000e+01 1 1 1 0.0 0.0 0.0
Se 8.610954580142e+00 1.422245285595e+01 1.000000000000e+01 1 1 1 0.0 0.0 0.0
Se 1.145799222507e+01 1.619493839677e+01 1.000000000000e+01 1 1 1 0.0 0.0 0.0
Se 1.430502987000e+01 1.816742393759e+01 1.000000000000e+01 1 1 1 0.0 0.0 0.0
Se 1.715206751494e+01 2.013990947841e+01 1.000000000000e+01 1 1 1 0.0 0.0 0.0
Se 1.999910515987e+01 2.211239501923e+01 1.000000000000e+01 1 1 1 0.0 0.0 0.0
Se 2.284614280480e+01 2.408488056005e+01 1.000000000000e+01 1 1 1 0.0 0.0 0.0
Se 2.654729174375e+01 1.570181701157e+01 1.000000000000e+01 1 1 1 0.0 0.0 0.0
Se 8.326250815468e+00 1.767430255239e+01 1.000000000000e+01 1 1 1 0.0 0.0 0.0
Se 1.117328846040e+01 1.964678809321e+01 1.000000000000e+01 1 1 1 0.0 0.0 0.0
Se 1.402032610533e+01 2.161927363403e+01 1.000000000000e+01 1 1 1 0.0 0.0 0.0
Se 1.686736375026e+01 2.359175917485e+01 1.000000000000e+01 1 1 1 0.0 0.0 0.0
Se 2.910962562401e+01 2.112615224882e+01 1.000000000000e+01 1 1 1 0.0 0.0 0.0
Se 1.088858469573e+01 2.309863778964e+01 1.000000000000e+01 1 1 1 0.0 0.0 0.0
Se 1.772650249526e+01 1.063873033738e+00 1.614602824434e+01 1 1 1 0.0 0.0 0.0
Se 2.057354014019e+01 3.036358574558e+00 1.614602824434e+01 1 1 1 0.0 0.0 0.0
Se 1.174772344072e+01 5.707516485329e-01 1.614602824434e+01 1 1 1 0.0 0.0 0.0
Se 1.459476108565e+01 2.543237189353e+00 1.614602824434e+01 1 1 1 0.0 0.0 0.0
Se 1.744179873058e+01 4.515722730174e+00 1.614602824434e+01 1 1 1 0.0 0.0 0.0
Se 2.028883637551e+01 6.488208270994e+00 1.614602824434e+01 1 1 1 0.0 0.0 0.0
Se 2.313587402044e+01 8.460693811814e+00 1.614602824434e+01 1 1 1 0.0 0.0 0.0
Se 5.768944386183e+00 7.763026332778e-02 1.614602824434e+01 1 1 1 0.0 0.0 0.0
Se 8.615982031114e+00 2.050115804148e+00 1.614602824434e+01 1 1 1 0.0 0.0 0.0
Se 1.146301967605e+01 4.022601344969e+00 1.614602824434e+01 1 1 1 0.0 0.0 0.0
Se 1.431005732098e+01 5.995086885789e+00 1.614602824434e+01 1 1 1 0.0 0.0 0.0
Se 1.715709496591e+01 7.967572426609e+00 1.614602824434e+01 1 1 1 0.0 0.0 0.0
Se 2.000413261084e+01 9.940057967430e+00 1.614602824434e+01 1 1 1 0.0 0.0 0.0
Se 2.285117025577e+01 1.191254350825e+01 1.614602824434e+01 1 1 1 0.0 0.0 0.0
Se 2.569820790070e+01 1.388502904907e+01 1.614602824434e+01 1 1 1 0.0 0.0 0.0
Se 3.082287566122e+01 2.473369952358e+01 1.614602824434e+01 1 1 1 0.0 0.0 0.0
Se 2.637202976578e+00 1.556994418943e+00 1.614602824434e+01 1 1 1 0.0 0.0 0.0
Se 5.484240621509e+00 3.529479959763e+00 1.614602824434e+01 1 1 1 0.0 0.0 0.0
Se 8.331278266441e+00 5.501965500584e+00 1.614602824434e+01 1 1 1 0.0 0.0 0.0
Se 1.117831591137e+01 7.474451041404e+00 1.614602824434e+01 1 1 1 0.0 0.0 0.0
Se 1.402535355630e+01 9.446936582225e+00 1.614602824434e+01 1 1 1 0.0 0.0 0.0
Se 1.687239120123e+01 1.141942212304e+01 1.614602824434e+01 1 1 1 0.0 0.0 0.0
Se 1.971942884617e+01 1.339190766387e+01 1.614602824434e+01 1 1 1 0.0 0.0 0.0
Se 2.256646649110e+01 1.536439320469e+01 1.614602824434e+01 1 1 1 0.0 0.0 0.0
Se 2.541350413603e+01 1.733687874551e+01 1.614602824434e+01 1 1 1 0.0 0.0 0.0
Se 2.826054178096e+01 1.930936428633e+01 1.614602824434e+01 1 1 1 0.0 0.0 0.0
Se 2.352499211904e+00 5.008844115379e+00 1.614602824434e+01 1 1 1 0.0 0.0 0.0
Se 5.199536856836e+00 6.981329656199e+00 1.614602824434e+01 1 1 1 0.0 0.0 0.0
Se 8.046574501767e+00 8.953815197019e+00 1.614602824434e+01 1 1 1 0.0 0.0 0.0
Se 1.089361214670e+01 1.092630073784e+01 1.614602824434e+01 1 1 1 0.0 0.0 0.0
Se 1.374064979163e+01 1.289878627866e+01 1.614602824434e+01 1 1 1 0.0 0.0 0.0
Se 1.658768743656e+01 1.487127181948e+01 1.614602824434e+01 1 1 1 0.0 0.0 0.0
Se 1.943472508149e+01 1.684375736030e+01 1.614602824434e+01 1 1 1 0.0 0.0 0.0
Se 2.228176272642e+01 1.881624290112e+01 1.614602824434e+01 1 1 1 0.0 0.0 0.0
Se 2.512880037136e+01 2.078872844194e+01 1.614602824434e+01 1 1 1 0.0 0.0 0.0
Se 2.797583801629e+01 2.276121398276e+01 1.614602824434e+01 1 1 1 0.0 0.0 0.0
Se 4.914833092162e+00 1.043317935263e+01 1.614602824434e+01 1 1 1 0.0 0.0 0.0
Se 7.761870737094e+00 1.240566489346e+01 1.614602824434e+01 1 1 1 0.0 0.0 0.0
Se 1.060890838203e+01 1.437815043428e+01 1.614602824434e+01 1 1 1 0.0 0.0 0.0
Se 1.345594602696e+01 1.635063597510e+01 1.614602824434e+01 1 1 1 0.0 0.0 0.0
Se 1.630298367189e+01 1.832312151592e+01 1.614602824434e+01 1 1 1 0.0 0.0 0.0
Se 1.915002131682e+01 2.029560705674e+01 1.614602824434e+01 1 1 1 0.0 0.0 0.0
Se 2.199705896175e+01 2.226809259756e+01 1.614602824434e+01 1 1 1 0.0 0.0 0.0
Se 2.484409660668e+01 2.424057813838e+01 1.614602824434e+01 1 1 1 0.0 0.0 0.0
Se 7.477166972420e+00 1.585751458989e+01 1.614602824434e+01 1 1 1 0.0 0.0 0.0
Se 1.032420461735e+01 1.783000013071e+01 1.614602824434e+01 1 1 1 0.0 0.0 0.0
Se 1.317124226228e+01 1.980248567153e+01 1.614602824434e+01 1 1 1 0.0 0.0 0.0
Se 1.601827990721e+01 2.177497121235e+01 1.614602824434e+01 1 1 1 0.0 0.0 0.0
Se 1.886531755215e+01 2.374745675317e+01 1.614602824434e+01 1 1 1 0.0 0.0 0.0
Se 1.003950085268e+01 2.128184982715e+01 1.614602824434e+01 1 1 1 0.0 0.0 0.0
Se 1.288653849761e+01 2.325433536797e+01 1.614602824434e+01 1 1 1 0.0 0.0 0.0
Se 1.572938869888e+01 9.075027116663e-01 1.336443756309e+01 1 1 1 0.0 0.0 0.0
Se 1.857642634381e+01 2.879988252487e+00 1.336443756309e+01 1 1 1 0.0 0.0 0.0
Se 9.750609644346e+00 4.143813264612e-01 1.336443756309e+01 1 1 1 0.0 0.0 0.0
Se 1.259764728928e+01 2.386866867282e+00 1.336443756309e+01 1 1 1 0.0 0.0 0.0
Se 1.544468493421e+01 4.359352408102e+00 1.336443756309e+01 1 1 1 0.0 0.0 0.0
Se 1.829172257914e+01 6.331837948922e+00 1.336443756309e+01 1 1 1 0.0 0.0 0.0
Se 2.113876022407e+01 8.304323489743e+00 1.336443756309e+01 1 1 1 0.0 0.0 0.0
Se 1.373646234617e+01 2.507045058672e+01 1.336443756309e+01 1 1 1 0.0 0.0 0.0
Se 6.618868234741e+00 1.893745482076e+00 1.336443756309e+01 1 1 1 0.0 0.0 0.0
Se 9.465905879673e+00 3.866231022897e+00 1.336443756309e+01 1 1 1 0.0 0.0 0.0
Se 1.231294352460e+01 5.838716563717e+00 1.336443756309e+01 1 1 1 0.0 0.0 0.0
Se 1.515998116954e+01 7.811202104538e+00 1.336443756309e+01 1 1 1 0.0 0.0 0.0
Se 1.800701881447e+01 9.783687645358e+00 1.336443756309e+01 1 1 1 0.0 0.0 0.0
Se 2.085405645940e+01 1.175617318618e+01 1.336443756309e+01 1 1 1 0.0 0.0 0.0
Se 2.370109410433e+01 1.372865872700e+01 1.336443756309e+01 1 1 1 0.0 0.0 0.0
Se 2.882576186485e+01 2.457732920151e+01 1.336443756309e+01 1 1 1 0.0 0.0 0.0
Se 6.400891802051e-01 1.400624096871e+00 1.336443756309e+01 1 1 1 0.0 0.0 0.0
Se 3.487126825136e+00 3.373109637692e+00 1.336443756309e+01 1 1 1 0.0 0.0 0.0
Se 6.334164470068e+00 5.345595178512e+00 1.336443756309e+01 1 1 1 0.0 0.0 0.0
Se 9.181202114999e+00 7.318080719332e+00 1.336443756309e+01 1 1 1 0.0 0.0 0.0
Se 1.202823975993e+01 9.290566260153e+00 1.336443756309e+01 1 1 1 0.0 0.0 0.0
Se 1.487527740486e+01 1.126305180097e+01 1.336443756309e+01 1 1 1 0.0 0.0 0.0
Se 1.772231504979e+01 1.323553734179e+01 1.336443756309e+01 1 1 1 0.0 0.0 0.0
Se 2.056935269473e+01 1.520802288261e+01 1.336443756309e+01 1 1 1 0.0 0.0 0.0
Se 2.341639033966e+01 1.718050842343e+01 1.336443756309e+01 1 1 1 0.0 0.0 0.0
Se 2.626342798459e+01 1.915299396425e+01 1.336443756309e+01 1 1 1 0.0 0.0 0.0
Se 2.142346398875e+01 4.852473793307e+00 1.336443756309e+01 1 1 1 0.0 0.0 0.0
Se 3.202423060463e+00 6.824959334127e+00 1.336443756309e+01 1 1 1 0.0 0.0 0.0
Se 6.049460705394e+00 8.797444874948e+00 1.336443756309e+01 1 1 1 0.0 0.0 0.0
Se 8.896498350326e+00 1.076993041577e+01 1.336443756309e+01 1 1 1 0.0 0.0 0.0
Se 1.174353599526e+01 1.274241595659e+01 1.336443756309e+01 1 1 1 0.0 0.0 0.0
Se 1.459057364019e+01 1.471490149741e+01 1.336443756309e+01 1 1 1 0.0 0.0 0.0
Se 1.743761128512e+01 1.668738703823e+01 1.336443756309e+01 1 1 1 0.0 0.0 0.0
Se 2.028464893005e+01 1.865987257905e+01 1.336443756309e+01 1 1 1 0.0 0.0 0.0
Se 2.313168657498e+01 2.063235811987e+01 1.336443756309e+01 1 1 1 0.0 0.0 0.0
Se 2.597872421991e+01 2.260484366069e+01 1.336443756309e+01 1 1 1 0.0 0.0 0.0
Se 2.398579786900e+01 1.027680903056e+01 1.336443756309e+01 1 1 1 0.0 0.0 0.0
Se 5.764756940721e+00 1.224929457138e+01 1.336443756309e+01 1 1 1 0.0 0.0 0.0
Se 8.611794585652e+00 1.422178011220e+01 1.336443756309e+01 1 1 1 0.0 0.0 0.0
Se 1.145883223058e+01 1.619426565302e+01 1.336443756309e+01 1 1 1 0.0 0.0 0.0
Se 1.430586987552e+01 1.816675119384e+01 1.336443756309e+01 1 1 1 0.0 0.0 0.0
Se 1.715290752045e+01 2.013923673466e+01 1.336443756309e+01 1 1 1 0.0 0.0 0.0
Se 1.999994516538e+01 2.211172227549e+01 1.336443756309e+01 1 1 1 0.0 0.0 0.0
Se 2.284698281031e+01 2.408420781631e+01 1.336443756309e+01 1 1 1 0.0 0.0 0.0
Se 2.654813174926e+01 1.570114426782e+01 1.336443756309e+01 1 1 1 0.0 0.0 0.0
Se 8.327090820979e+00 1.767362980864e+01 1.336443756309e+01 1 1 1 0.0 0.0 0.0
Se 1.117412846591e+01 1.964611534946e+01 1.336443756309e+01 1 1 1 0.0 0.0 0.0
Se 1.402116611084e+01 2.161860089028e+01 1.336443756309e+01 1 1 1 0.0 0.0 0.0
Se 1.686820375577e+01 2.359108643110e+01 1.336443756309e+01 1 1 1 0.0 0.0 0.0
Se 2.911046562952e+01 2.112547950507e+01 1.336443756309e+01 1 1 1 0.0 0.0 0.0
Se 1.088942470124e+01 2.309796504590e+01 1.336443756309e+01 1 1 1 0.0 0.0 0.0
Se 1.772742838410e+01 1.063361162720e+00 1.951046802998e+01 1 1 1 0.0 0.0 0.0
Se 2.057446602903e+01 3.035846703540e+00 1.951046802998e+01 1 1 1 0.0 0.0 0.0
Se 1.174864932956e+01 5.702397775147e-01 1.951046802998e+01 1 1 1 0.0 0.0 0.0
Se 1.459568697449e+01 2.542725318335e+00 1.951046802998e+01 1 1 1 0.0 0.0 0.0
Se 1.744272461943e+01 4.515210859155e+00 1.951046802998e+01 1 1 1 0.0 0.0 0.0
Se 2.028976226436e+01 6.487696399976e+00 1.951046802998e+01 1 1 1 0.0 0.0 0.0
Se 2.313679990929e+01 8.460181940796e+00 1.951046802998e+01 1 1 1 0.0 0.0 0.0
Se 5.769870275027e+00 7.711839230962e-02 1.951046802998e+01 1 1 1 0.0 0.0 0.0
Se 8.616907919958e+00 2.049603933130e+00 1.951046802998e+01 1 1 1 0.0 0.0 0.0
Se 1.146394556489e+01 4.022089473950e+00 1.951046802998e+01 1 1 1 0.0 0.0 0.0
Se 1.431098320982e+01 5.994575014771e+00 1.951046802998e+01 1 1 1 0.0 0.0 0.0
Se 1.715802085475e+01 7.967060555591e+00 1.951046802998e+01 1 1 1 0.0 0.0 0.0
Se 2.000505849968e+01 9.939546096411e+00 1.951046802998e+01 1 1 1 0.0 0.0 0.0
Se 2.285209614462e+01 1.191203163723e+01 1.951046802998e+01 1 1 1 0.0 0.0 0.0
Se 2.569913378955e+01 1.388451717805e+01 1.951046802998e+01 1 1 1 0.0 0.0 0.0
Se 3.082380155006e+01 2.473318765256e+01 1.951046802998e+01 1 1 1 0.0 0.0 0.0
Se 2.638128865422e+00 1.556482547925e+00 1.951046802998e+01 1 1 1 0.0 0.0 0.0
Se 5.485166510353e+00 3.528968088745e+00 1.951046802998e+01 1 1 1 0.0 0.0 0.0
Se 8.332204155285e+00 5.501453629566e+00 1.951046802998e+01 1 1 1 0.0 0.0 0.0
Se 1.117924180022e+01 7.473939170386e+00 1.951046802998e+01 1 1 1 0.0 0.0 0.0
Se 1.402627944515e+01 9.446424711206e+00 1.951046802998e+01 1 1 1 0.0 0.0 0.0
Se 1.687331709008e+01 1.141891025203e+01 1.951046802998e+01 1 1 1 0.0 0.0 0.0
Se 1.972035473501e+01 1.339139579285e+01 1.951046802998e+01 1 1 1 0.0 0.0 0.0
Se 2.256739237994e+01 1.536388133367e+01 1.951046802998e+01 1 1 1 0.0 0.0 0.0
Se 2.541443002487e+01 1.733636687449e+01 1.951046802998e+01 1 1 1 0.0 0.0 0.0
Se 2.826146766980e+01 1.930885241531e+01 1.951046802998e+01 1 1 1 0.0 0.0 0.0
Se 2.353425100748e+00 5.008332244361e+00 1.951046802998e+01 1 1 1 0.0 0.0 0.0
Se 5.200462745680e+00 6.980817785181e+00 1.951046802998e+01 1 1 1 0.0 0.0 0.0
Se 8.047500390611e+00 8.953303326001e+00 1.951046802998e+01 1 1 1 0.0 0.0 0.0
Se 1.089453803554e+01 1.092578886682e+01 1.951046802998e+01 1 1 1 0.0 0.0 0.0
Se 1.374157568047e+01 1.289827440764e+01 1.951046802998e+01 1 1 1 0.0 0.0 0.0
Se 1.658861332541e+01 1.487075994846e+01 1.951046802998e+01 1 1 1 0.0 0.0 0.0
Se 1.943565097034e+01 1.684324548928e+01 1.951046802998e+01 1 1 1 0.0 0.0 0.0
Se 2.228268861527e+01 1.881573103010e+01 1.951046802998e+01 1 1 1 0.0 0.0 0.0
Se 2.512972626020e+01 2.078821657092e+01 1.951046802998e+01 1 1 1 0.0 0.0 0.0
Se 2.797676390513e+01 2.276070211174e+01 1.951046802998e+01 1 1 1 0.0 0.0 0.0
Se 4.915758981006e+00 1.043266748162e+01 1.951046802998e+01 1 1 1 0.0 0.0 0.0
Se 7.762796625938e+00 1.240515302244e+01 1.951046802998e+01 1 1 1 0.0 0.0 0.0
Se 1.060983427087e+01 1.437763856326e+01 1.951046802998e+01 1 1 1 0.0 0.0 0.0
Se 1.345687191580e+01 1.635012410408e+01 1.951046802998e+01 1 1 1 0.0 0.0 0.0
Se 1.630390956073e+01 1.832260964490e+01 1.951046802998e+01 1 1 1 0.0 0.0 0.0
Se 1.915094720566e+01 2.029509518572e+01 1.951046802998e+01 1 1 1 0.0 0.0 0.0
Se 2.199798485059e+01 2.226758072654e+01 1.951046802998e+01 1 1 1 0.0 0.0 0.0
Se 2.484502249553e+01 2.424006626736e+01 1.951046802998e+01 1 1 1 0.0 0.0 0.0
Se 7.478092861264e+00 1.585700271887e+01 1.951046802998e+01 1 1 1 0.0 0.0 0.0
Se 1.032513050620e+01 1.782948825969e+01 1.951046802998e+01 1 1 1 0.0 0.0 0.0
Se 1.317216815113e+01 1.980197380051e+01 1.951046802998e+01 1 1 1 0.0 0.0 0.0
Se 1.601920579606e+01 2.177445934133e+01 1.951046802998e+01 1 1 1 0.0 0.0 0.0
Se 1.886624344099e+01 2.374694488215e+01 1.951046802998e+01 1 1 1 0.0 0.0 0.0
Se 1.004042674152e+01 2.128133795613e+01 1.951046802998e+01 1 1 1 0.0 0.0 0.0
Se 1.288746438645e+01 2.325382349695e+01 1.951046802998e+01 1 1 1 0.0 0.0 0.0
Se 1.617920334548e+01 9.396562026317e-01 3.998930533072e+01 1 1 1 0.0 0.0 0.0
Se 1.820466726991e+01 4.532397723412e+00 3.998930533072e+01 1 1 1 0.0 0.0 0.0
Se 2.023013119433e+01 8.125139244192e+00 3.998930533072e+01 1 1 1 0.0 0.0 0.0
Se 2.225559511876e+01 1.171788076497e+01 3.998930533072e+01 1 1 1 0.0 0.0 0.0
Se 2.428105904319e+01 1.531062228575e+01 3.998930533072e+01 1 1 1 0.0 0.0 0.0
Se 2.630652296762e+01 1.890336380653e+01 3.998930533072e+01 1 1 1 0.0 0.0 0.0
Se 2.833198689205e+01 2.249610532731e+01 3.998930533072e+01 1 1 1 0.0 0.0 0.0
Se 1.196558763083e+01 9.396562026317e-01 3.998930533072e+01 1 1 1 0.0 0.0 0.0
Se 1.399105155526e+01 4.532397723412e+00 3.998930533072e+01 1 1 1 0.0 0.0 0.0
Se 1.601651547969e+01 8.125139244192e+00 3.998930533072e+01 1 1 1 0.0 0.0 0.0
Se 1.804197940412e+01 1.171788076497e+01 3.998930533072e+01 1 1 1 0.0 0.0 0.0
Se 2.006744332855e+01 1.531062228575e+01 3.998930533072e+01 1 1 1 0.0 0.0 0.0
Se 2.209290725298e+01 1.890336380653e+01 3.998930533072e+01 1 1 1 0.0 0.0 0.0
Se 2.411837117741e+01 2.249610532731e+01 3.998930533072e+01 1 1 1 0.0 0.0 0.0
Se 7.751971916191e+00 9.396562026317e-01 3.998930533072e+01 1 1 1 0.0 0.0 0.0
Se 9.777435840619e+00 4.532397723412e+00 3.998930533072e+01 1 1 1 0.0 0.0 0.0
Se 1.180289976505e+01 8.125139244192e+00 3.998930533072e+01 1 1 1 0.0 0.0 0.0
Se 1.382836368948e+01 1.171788076497e+01 3.998930533072e+01 1 1 1 0.0 0.0 0.0
Se 1.585382761391e+01 1.531062228575e+01 3.998930533072e+01 1 1 1 0.0 0.0 0.0
Se 1.787929153833e+01 1.890336380653e+01 3.998930533072e+01 1 1 1 0.0 0.0 0.0
Se 1.990475546276e+01 2.249610532731e+01 3.998930533072e+01 1 1 1 0.0 0.0 0.0
Se 3.538356201548e+00 9.396562026317e-01 3.998930533072e+01 1 1 1 0.0 0.0 0.0
Se 5.563820125977e+00 4.532397723412e+00 3.998930533072e+01 1 1 1 0.0 0.0 0.0
Se 7.589284050405e+00 8.125139244192e+00 3.998930533072e+01 1 1 1 0.0 0.0 0.0
Se 9.614747974834e+00 1.171788076497e+01 3.998930533072e+01 1 1 1 0.0 0.0 0.0
Se 1.164021189926e+01 1.531062228575e+01 3.998930533072e+01 1 1 1 0.0 0.0 0.0
Se 1.366567582369e+01 1.890336380653e+01 3.998930533072e+01 1 1 1 0.0 0.0 0.0
Se 1.569113974812e+01 2.249610532731e+01 3.998930533072e+01 1 1 1 0.0 0.0 0.0
Se 2.039281906012e+01 9.396562026317e-01 3.998930533072e+01 1 1 1 0.0 0.0 0.0
Se 2.241828298455e+01 4.532397723412e+00 3.998930533072e+01 1 1 1 0.0 0.0 0.0
Se 3.375668335762e+00 8.125139244192e+00 3.998930533072e+01 1 1 1 0.0 0.0 0.0
Se 5.401132260191e+00 1.171788076497e+01 3.998930533072e+01 1 1 1 0.0 0.0 0.0
Se 7.426596184620e+00 1.531062228575e+01 3.998930533072e+01 1 1 1 0.0 0.0 0.0
Se 9.452060109048e+00 1.890336380653e+01 3.998930533072e+01 1 1 1 0.0 0.0 0.0
Se 1.147752403348e+01 2.249610532731e+01 3.998930533072e+01 1 1 1 0.0 0.0 0.0
Se 2.409913529539e+01 2.490451267458e+01 3.635172086532e+01 1 1 1 0.0 0.0 0.0
Se 1.615996746346e+01 3.348063549901e+00 3.635172086532e+01 1 1 1 0.0 0.0 0.0
Se 1.818543138789e+01 6.940805070681e+00 3.635172086532e+01 1 1 1 0.0 0.0 0.0
Se 2.021089531231e+01 1.053354659146e+01 3.635172086532e+01 1 1 1 0.0 0.0 0.0
Se 2.223635923674e+01 1.412628811224e+01 3.635172086532e+01 1 1 1 0.0 0.0 0.0
Se 2.426182316117e+01 1.771902963302e+01 3.635172086532e+01 1 1 1 0.0 0.0 0.0
Se 2.628728708560e+01 2.131177115380e+01 3.635172086532e+01 1 1 1 0.0 0.0 0.0
Se 1.988551958074e+01 2.490451267458e+01 3.635172086532e+01 1 1 1 0.0 0.0 0.0
Se 1.194635174881e+01 3.348063549901e+00 3.635172086532e+01 1 1 1 0.0 0.0 0.0
Se 1.397181567324e+01 6.940805070681e+00 3.635172086532e+01 1 1 1 0.0 0.0 0.0
Se 1.599727959767e+01 1.053354659146e+01 3.635172086532e+01 1 1 1 0.0 0.0 0.0
Se 1.802274352210e+01 1.412628811224e+01 3.635172086532e+01 1 1 1 0.0 0.0 0.0
Se 2.004820744653e+01 1.771902963302e+01 3.635172086532e+01 1 1 1 0.0 0.0 0.0
Se 2.207367137096e+01 2.131177115380e+01 3.635172086532e+01 1 1 1 0.0 0.0 0.0
Se 1.567190386610e+01 2.490451267458e+01 3.635172086532e+01 1 1 1 0.0 0.0 0.0
Se 7.732736034172e+00 3.348063549901e+00 3.635172086532e+01 1 1 1 0.0 0.0 0.0
Se 9.758199958600e+00 6.940805070681e+00 3.635172086532e+01 1 1 1 0.0 0.0 0.0
Se 1.178366388303e+01 1.053354659146e+01 3.635172086532e+01 1 1 1 0.0 0.0 0.0
Se 1.380912780746e+01 1.412628811224e+01 3.635172086532e+01 1 1 1 0.0 0.0 0.0
Se 1.583459173189e+01 1.771902963302e+01 3.635172086532e+01 1 1 1 0.0 0.0 0.0
Se 1.786005565632e+01 2.131177115380e+01 3.635172086532e+01 1 1 1 0.0 0.0 0.0
Se 1.145828815146e+01 2.490451267458e+01 3.635172086532e+01 1 1 1 0.0 0.0 0.0
Se 3.519120319529e+00 3.348063549901e+00 3.635172086532e+01 1 1 1 0.0 0.0 0.0
Se 5.544584243958e+00 6.940805070681e+00 3.635172086532e+01 1 1 1 0.0 0.0 0.0
Se 7.570048168386e+00 1.053354659146e+01 3.635172086532e+01 1 1 1 0.0 0.0 0.0
Se 9.595512092815e+00 1.412628811224e+01 3.635172086532e+01 1 1 1 0.0 0.0 0.0
Se 1.162097601724e+01 1.771902963302e+01 3.635172086532e+01 1 1 1 0.0 0.0 0.0
Se 1.364643994167e+01 2.131177115380e+01 3.635172086532e+01 1 1 1 0.0 0.0 0.0
Se 2.831275101003e+01 2.490451267458e+01 3.635172086532e+01 1 1 1 0.0 0.0 0.0
Se 2.037358317810e+01 3.348063549901e+00 3.635172086532e+01 1 1 1 0.0 0.0 0.0
Se 2.239904710253e+01 6.940805070681e+00 3.635172086532e+01 1 1 1 0.0 0.0 0.0
Se 2.442451102696e+01 1.053354659146e+01 3.635172086532e+01 1 1 1 0.0 0.0 0.0
Se 2.644997495139e+01 1.412628811224e+01 3.635172086532e+01 1 1 1 0.0 0.0 0.0
Se 7.407360302601e+00 1.771902963302e+01 3.635172086532e+01 1 1 1 0.0 0.0 0.0
Se 9.432824227030e+00 2.131177115380e+01 3.635172086532e+01 1 1 1 0.0 0.0 0.0
Se 1.407666084901e+01 2.138121613657e+00 3.271820175121e+01 1 1 1 0.0 0.0 0.0
Se 1.610212477344e+01 5.730863134437e+00 3.271820175121e+01 1 1 1 0.0 0.0 0.0
Se 1.812758869786e+01 9.323604655217e+00 3.271820175121e+01 1 1 1 0.0 0.0 0.0
Se 2.015305262229e+01 1.291634617600e+01 3.271820175121e+01 1 1 1 0.0 0.0 0.0
Se 2.217851654672e+01 1.650908769678e+01 3.271820175121e+01 1 1 1 0.0 0.0 0.0
Se 2.420398047115e+01 2.010182921756e+01 3.271820175121e+01 1 1 1 0.0 0.0 0.0
Se 2.622944439558e+01 2.369457073834e+01 3.271820175121e+01 1 1 1 0.0 0.0 0.0
Se 9.863045134364e+00 2.138121613657e+00 3.271820175121e+01 1 1 1 0.0 0.0 0.0
Se 1.188850905879e+01 5.730863134437e+00 3.271820175121e+01 1 1 1 0.0 0.0 0.0
Se 1.391397298322e+01 9.323604655217e+00 3.271820175121e+01 1 1 1 0.0 0.0 0.0
Se 1.593943690765e+01 1.291634617600e+01 3.271820175121e+01 1 1 1 0.0 0.0 0.0
Se 1.796490083208e+01 1.650908769678e+01 3.271820175121e+01 1 1 1 0.0 0.0 0.0
Se 1.999036475651e+01 2.010182921756e+01 3.271820175121e+01 1 1 1 0.0 0.0 0.0
Se 2.201582868094e+01 2.369457073834e+01 3.271820175121e+01 1 1 1 0.0 0.0 0.0
Se 5.649429419721e+00 2.138121613657e+00 3.271820175121e+01 1 1 1 0.0 0.0 0.0
Se 7.674893344150e+00 5.730863134437e+00 3.271820175121e+01 1 1 1 0.0 0.0 0.0
Se 9.700357268578e+00 9.323604655217e+00 3.271820175121e+01 1 1 1 0.0 0.0 0.0
Se 1.172582119301e+01 1.291634617600e+01 3.271820175121e+01 1 1 1 0.0 0.0 0.0
Se 1.375128511744e+01 1.650908769678e+01 3.271820175121e+01 1 1 1 0.0 0.0 0.0
Se 1.577674904186e+01 2.010182921756e+01 3.271820175121e+01 1 1 1 0.0 0.0 0.0
Se 1.780221296629e+01 2.369457073834e+01 3.271820175121e+01 1 1 1 0.0 0.0 0.0
Se 1.435813705078e+00 2.138121613657e+00 3.271820175121e+01 1 1 1 0.0 0.0 0.0
Se 3.461277629507e+00 5.730863134437e+00 3.271820175121e+01 1 1 1 0.0 0.0 0.0
Se 5.486741553936e+00 9.323604655217e+00 3.271820175121e+01 1 1 1 0.0 0.0 0.0
Se 7.512205478364e+00 1.291634617600e+01 3.271820175121e+01 1 1 1 0.0 0.0 0.0
Se 9.537669402793e+00 1.650908769678e+01 3.271820175121e+01 1 1 1 0.0 0.0 0.0
Se 1.156313332722e+01 2.010182921756e+01 3.271820175121e+01 1 1 1 0.0 0.0 0.0
Se 1.358859725165e+01 2.369457073834e+01 3.271820175121e+01 1 1 1 0.0 0.0 0.0
Se 1.829027656365e+01 2.138121613657e+00 3.271820175121e+01 1 1 1 0.0 0.0 0.0
Se 2.031574048808e+01 5.730863134437e+00 3.271820175121e+01 1 1 1 0.0 0.0 0.0
Se 2.234120441251e+01 9.323604655217e+00 3.271820175121e+01 1 1 1 0.0 0.0 0.0
Se 2.436666833694e+01 1.291634617600e+01 3.271820175121e+01 1 1 1 0.0 0.0 0.0
Se 2.639213226136e+01 1.650908769678e+01 3.271820175121e+01 1 1 1 0.0 0.0 0.0
Se 2.841759618579e+01 2.010182921756e+01 3.271820175121e+01 1 1 1 0.0 0.0 0.0
Se 3.044306011022e+01 2.369457073834e+01 3.271820175121e+01 1 1 1 0.0 0.0 0.0
Se 2.414736984543e+01 2.483689744512e+01 2.995146533993e+01 1 1 1 0.0 0.0 0.0
Se 1.620820201351e+01 3.280448320439e+00 2.995146533993e+01 1 1 1 0.0 0.0 0.0
Se 1.823366593793e+01 6.873189841219e+00 2.995146533993e+01 1 1 1 0.0 0.0 0.0
Se 2.025912986236e+01 1.046593136200e+01 2.995146533993e+01 1 1 1 0.0 0.0 0.0
Se 2.228459378679e+01 1.405867288278e+01 2.995146533993e+01 1 1 1 0.0 0.0 0.0
Se 2.431005771122e+01 1.765141440356e+01 2.995146533993e+01 1 1 1 0.0 0.0 0.0
Se 2.633552163565e+01 2.124415592434e+01 2.995146533993e+01 1 1 1 0.0 0.0 0.0
Se 1.993375413079e+01 2.483689744512e+01 2.995146533993e+01 1 1 1 0.0 0.0 0.0
Se 1.199458629886e+01 3.280448320439e+00 2.995146533993e+01 1 1 1 0.0 0.0 0.0
Se 1.402005022329e+01 6.873189841219e+00 2.995146533993e+01 1 1 1 0.0 0.0 0.0
Se 1.604551414772e+01 1.046593136200e+01 2.995146533993e+01 1 1 1 0.0 0.0 0.0
Se 1.807097807215e+01 1.405867288278e+01 2.995146533993e+01 1 1 1 0.0 0.0 0.0
Se 2.009644199658e+01 1.765141440356e+01 2.995146533993e+01 1 1 1 0.0 0.0 0.0
Se 2.212190592101e+01 2.124415592434e+01 2.995146533993e+01 1 1 1 0.0 0.0 0.0
Se 1.572013841615e+01 2.483689744512e+01 2.995146533993e+01 1 1 1 0.0 0.0 0.0
Se 7.780970584220e+00 3.280448320439e+00 2.995146533993e+01 1 1 1 0.0 0.0 0.0
Se 9.806434508649e+00 6.873189841219e+00 2.995146533993e+01 1 1 1 0.0 0.0 0.0
Se 1.183189843308e+01 1.046593136200e+01 2.995146533993e+01 1 1 1 0.0 0.0 0.0
Se 1.385736235751e+01 1.405867288278e+01 2.995146533993e+01 1 1 1 0.0 0.0 0.0
Se 1.588282628193e+01 1.765141440356e+01 2.995146533993e+01 1 1 1 0.0 0.0 0.0
Se 1.790829020636e+01 2.124415592434e+01 2.995146533993e+01 1 1 1 0.0 0.0 0.0
Se 1.150652270151e+01 2.483689744512e+01 2.995146533993e+01 1 1 1 0.0 0.0 0.0
Se 3.567354869577e+00 3.280448320439e+00 2.995146533993e+01 1 1 1 0.0 0.0 0.0
Se 5.592818794006e+00 6.873189841219e+00 2.995146533993e+01 1 1 1 0.0 0.0 0.0
Se 7.618282718434e+00 1.046593136200e+01 2.995146533993e+01 1 1 1 0.0 0.0 0.0
Se 9.643746642863e+00 1.405867288278e+01 2.995146533993e+01 1 1 1 0.0 0.0 0.0
Se 1.166921056729e+01 1.765141440356e+01 2.995146533993e+01 1 1 1 0.0 0.0 0.0
Se 1.369467449172e+01 2.124415592434e+01 2.995146533993e+01 1 1 1 0.0 0.0 0.0
Se 2.836098556008e+01 2.483689744512e+01 2.995146533993e+01 1 1 1 0.0 0.0 0.0
Se 2.042181772815e+01 3.280448320439e+00 2.995146533993e+01 1 1 1 0.0 0.0 0.0
Se 2.244728165258e+01 6.873189841219e+00 2.995146533993e+01 1 1 1 0.0 0.0 0.0
Se 2.447274557701e+01 1.046593136200e+01 2.995146533993e+01 1 1 1 0.0 0.0 0.0
Se 2.649820950143e+01 1.405867288278e+01 2.995146533993e+01 1 1 1 0.0 0.0 0.0
Se 7.455594852649e+00 1.765141440356e+01 2.995146533993e+01 1 1 1 0.0 0.0 0.0
Se 9.481058777078e+00 2.124415592434e+01 2.995146533993e+01 1 1 1 0.0 0.0 0.0
Se 1.411772352484e+01 2.066580922012e+00 2.633360299309e+01 1 1 1 0.0 0.0 0.0
Se 1.614318744927e+01 5.659322442792e+00 2.633360299309e+01 1 1 1 0.0 0.0 0.0
Se 1.816865137370e+01 9.252063963572e+00 2.633360299309e+01 1 1 1 0.0 0.0 0.0
Se 2.019411529812e+01 1.284480548435e+01 2.633360299309e+01 1 1 1 0.0 0.0 0.0
Se 2.221957922255e+01 1.643754700513e+01 2.633360299309e+01 1 1 1 0.0 0.0 0.0
Se 2.424504314698e+01 2.003028852591e+01 2.633360299309e+01 1 1 1 0.0 0.0 0.0
Se 2.627050707141e+01 2.362303004669e+01 2.633360299309e+01 1 1 1 0.0 0.0 0.0
Se 9.904107810196e+00 2.066580922012e+00 2.633360299309e+01 1 1 1 0.0 0.0 0.0
Se 1.192957173462e+01 5.659322442792e+00 2.633360299309e+01 1 1 1 0.0 0.0 0.0
Se 1.395503565905e+01 9.252063963572e+00 2.633360299309e+01 1 1 1 0.0 0.0 0.0
Se 1.598049958348e+01 1.284480548435e+01 2.633360299309e+01 1 1 1 0.0 0.0 0.0
Se 1.800596350791e+01 1.643754700513e+01 2.633360299309e+01 1 1 1 0.0 0.0 0.0
Se 2.003142743234e+01 2.003028852591e+01 2.633360299309e+01 1 1 1 0.0 0.0 0.0
Se 2.205689135677e+01 2.362303004669e+01 2.633360299309e+01 1 1 1 0.0 0.0 0.0
Se 5.690492095553e+00 2.066580922012e+00 2.633360299309e+01 1 1 1 0.0 0.0 0.0
Se 7.715956019982e+00 5.659322442792e+00 2.633360299309e+01 1 1 1 0.0 0.0 0.0
Se 9.741419944410e+00 9.252063963572e+00 2.633360299309e+01 1 1 1 0.0 0.0 0.0
Se 1.176688386884e+01 1.284480548435e+01 2.633360299309e+01 1 1 1 0.0 0.0 0.0
Se 1.379234779327e+01 1.643754700513e+01 2.633360299309e+01 1 1 1 0.0 0.0 0.0
Se 1.581781171770e+01 2.003028852591e+01 2.633360299309e+01 1 1 1 0.0 0.0 0.0
Se 1.784327564213e+01 2.362303004669e+01 2.633360299309e+01 1 1 1 0.0 0.0 0.0
Se 1.476876380910e+00 2.066580922012e+00 2.633360299309e+01 1 1 1 0.0 0.0 0.0
Se 3.502340305339e+00 5.659322442792e+00 2.633360299309e+01 1 1 1 0.0 0.0 0.0
Se 5.527804229768e+00 9.252063963572e+00 2.633360299309e+01 1 1 1 0.0 0.0 0.0
Se 7.553268154196e+00 1.284480548435e+01 2.633360299309e+01 1 1 1 0.0 0.0 0.0
Se 9.578732078625e+00 1.643754700513e+01 2.633360299309e+01 1 1 1 0.0 0.0 0.0
Se 1.160419600305e+01 2.003028852591e+01 2.633360299309e+01 1 1 1 0.0 0.0 0.0
Se 1.362965992748e+01 2.362303004669e+01 2.633360299309e+01 1 1 1 0.0 0.0 0.0
Se 1.833133923948e+01 2.066580922012e+00 2.633360299309e+01 1 1 1 0.0 0.0 0.0
Se 2.035680316391e+01 5.659322442792e+00 2.633360299309e+01 1 1 1 0.0 0.0 0.0
Se 2.238226708834e+01 9.252063963572e+00 2.633360299309e+01 1 1 1 0.0 0.0 0.0
Se 2.440773101277e+01 1.284480548435e+01 2.633360299309e+01 1 1 1 0.0 0.0 0.0
Se 2.643319493720e+01 1.643754700513e+01 2.633360299309e+01 1 1 1 0.0 0.0 0.0
Se 2.845865886162e+01 2.003028852591e+01 2.633360299309e+01 1 1 1 0.0 0.0 0.0
Se 9.416044212839e+00 2.362303004669e+01 2.633360299309e+01 1 1 1 0.0 0.0 0.0
Se 1.623766017063e+01 8.677001685702e-01 2.271046802998e+01 1 1 1 0.0 0.0 0.0
Se 1.826312409506e+01 4.460441689350e+00 2.271046802998e+01 1 1 1 0.0 0.0 0.0
Se 2.028858801949e+01 8.053183210130e+00 2.271046802998e+01 1 1 1 0.0 0.0 0.0
Se 2.231405194391e+01 1.164592473091e+01 2.271046802998e+01 1 1 1 0.0 0.0 0.0
Se 2.433951586834e+01 1.523866625169e+01 2.271046802998e+01 1 1 1 0.0 0.0 0.0
Se 2.636497979277e+01 1.883140777247e+01 2.271046802998e+01 1 1 1 0.0 0.0 0.0
Se 2.839044371720e+01 2.242414929325e+01 2.271046802998e+01 1 1 1 0.0 0.0 0.0
Se 1.202404445599e+01 8.677001685702e-01 2.271046802998e+01 1 1 1 0.0 0.0 0.0
Se 1.404950838041e+01 4.460441689350e+00 2.271046802998e+01 1 1 1 0.0 0.0 0.0
Se 1.607497230484e+01 8.053183210130e+00 2.271046802998e+01 1 1 1 0.0 0.0 0.0
Se 1.810043622927e+01 1.164592473091e+01 2.271046802998e+01 1 1 1 0.0 0.0 0.0
Se 2.012590015370e+01 1.523866625169e+01 2.271046802998e+01 1 1 1 0.0 0.0 0.0
Se 2.215136407813e+01 1.883140777247e+01 2.271046802998e+01 1 1 1 0.0 0.0 0.0
Se 2.417682800256e+01 2.242414929325e+01 2.271046802998e+01 1 1 1 0.0 0.0 0.0
Se 7.810428741343e+00 8.677001685702e-01 2.271046802998e+01 1 1 1 0.0 0.0 0.0
Se 9.835892665772e+00 4.460441689350e+00 2.271046802998e+01 1 1 1 0.0 0.0 0.0
Se 1.186135659020e+01 8.053183210130e+00 2.271046802998e+01 1 1 1 0.0 0.0 0.0
Se 1.388682051463e+01 1.164592473091e+01 2.271046802998e+01 1 1 1 0.0 0.0 0.0
Se 1.591228443906e+01 1.523866625169e+01 2.271046802998e+01 1 1 1 0.0 0.0 0.0
Se 1.793774836349e+01 1.883140777247e+01 2.271046802998e+01 1 1 1 0.0 0.0 0.0
Se 1.996321228792e+01 2.242414929325e+01 2.271046802998e+01 1 1 1 0.0 0.0 0.0
Se 3.596813026700e+00 8.677001685702e-01 2.271046802998e+01 1 1 1 0.0 0.0 0.0
Se 5.622276951129e+00 4.460441689350e+00 2.271046802998e+01 1 1 1 0.0 0.0 0.0
Se 7.647740875557e+00 8.053183210130e+00 2.271046802998e+01 1 1 1 0.0 0.0 0.0
Se 9.673204799986e+00 1.164592473091e+01 2.271046802998e+01 1 1 1 0.0 0.0 0.0
Se 1.169866872441e+01 1.523866625169e+01 2.271046802998e+01 1 1 1 0.0 0.0 0.0
Se 1.372413264884e+01 1.883140777247e+01 2.271046802998e+01 1 1 1 0.0 0.0 0.0
Se 1.574959657327e+01 2.242414929325e+01 2.271046802998e+01 1 1 1 0.0 0.0 0.0
Se 2.045127588527e+01 8.677001685702e-01 2.271046802998e+01 1 1 1 0.0 0.0 0.0
Se 2.247673980970e+01 4.460441689350e+00 2.271046802998e+01 1 1 1 0.0 0.0 0.0
Se 3.434125160915e+00 8.053183210130e+00 2.271046802998e+01 1 1 1 0.0 0.0 0.0
Se 5.459589085343e+00 1.164592473091e+01 2.271046802998e+01 1 1 1 0.0 0.0 0.0
Se 7.485053009772e+00 1.523866625169e+01 2.271046802998e+01 1 1 1 0.0 0.0 0.0
Se 9.510516934201e+00 1.883140777247e+01 2.271046802998e+01 1 1 1 0.0 0.0 0.0
Se 1.153598085863e+01 2.242414929325e+01 2.271046802998e+01 1 1 1 0.0 0.0 0.0
"