calculation_mode = "Quench Electrons"
cell_relax = "False"
charge_density_mixing = "0.1"
charge_mixing_type = "Broyden"
description = "Example parameters for high-throughput bulk relaxation of a vdW material"
dipole_moment = "True"
dos_broading = "0.05"
dos_method = "Gaussian"
energy_convergence_criterion = "1e-10"
energy_output_units = "Hartrees"
kohn_sham_mucycles = "3"
kohn_sham_solver = "davidson"
kpoint_distribution = "1"
kpoint_mesh = "2 2 1"
localize_projectors = "False"
max_md_steps = "100"
max_scf_steps = "200"
non_local_block_size = "4000"
output_wave_function_file = "/dev/null"
potential_acceleration_constant_step = "1.5"
processor_grid = "4 4 16"
rms_convergence_criterion = "1e-08"
start_mode = "LCAO Start"
stress = "True"
subdiag_driver = "scalapack"
use_async_allreduce = "False"
vdw_corr = "DFT-D3"
vdwdf_kernel_filepath = "/lustre/orion/world-shared/cph162/rjmorelock/rmgdft/XC/vdW_kernel_table"
wavefunction_grid = "106 106 426"
write_data_period = "50"

atomic_coordinate_type = "Absolute"
crds_units = "Angstrom"
lattice_units = "Angstrom"

lattice_vector = "
1.248808204977e+01 0.000000000000e+00 8.000000000000e-16
6.244041024516e+00 1.081499630023e+01 8.000000000000e-16
0.000000000000e+00 0.000000000000e+00 4.998930533072e+01
"
atoms = "
Nb 6.377127582443e-01 3.468747943780e-01 1.782833092694e+01 1 1 1 0.0 0.0 0.0
Nb 3.039266998499e+00 2.842643171354e+00 1.782833092694e+01 1 1 1 0.0 0.0 0.0
Nb 6.401442935004e+00 2.010720379029e+00 1.782833092694e+01 1 1 1 0.0 0.0 0.0
Nb 9.763618871509e+00 1.178797586703e+00 1.782833092694e+01 1 1 1 0.0 0.0 0.0
Nb 5.440821238755e+00 5.338411548330e+00 1.782833092694e+01 1 1 1 0.0 0.0 0.0
Nb 8.802997175259e+00 4.506488756005e+00 1.782833092694e+01 1 1 1 0.0 0.0 0.0
Nb 1.216517311176e+01 3.674565963680e+00 1.782833092694e+01 1 1 1 0.0 0.0 0.0
Nb 7.842375479010e+00 7.834179925307e+00 1.782833092694e+01 1 1 1 0.0 0.0 0.0
Nb 1.120455141551e+01 7.002257132981e+00 1.782833092694e+01 1 1 1 0.0 0.0 0.0
Nb 1.456672735202e+01 6.170334340656e+00 1.782833092694e+01 1 1 1 0.0 0.0 0.0
Nb 1.024392971926e+01 1.032994830228e+01 1.782833092694e+01 1 1 1 0.0 0.0 0.0
Nb 1.360610565577e+01 9.498025509958e+00 1.782833092694e+01 1 1 1 0.0 0.0 0.0
Nb 1.696828159227e+01 8.666102717632e+00 1.782833092694e+01 1 1 1 0.0 0.0 0.0
Nb 6.410101789438e-01 3.561092745727e-01 1.168208868332e+01 1 1 1 0.0 0.0 0.0
Nb 3.042564419199e+00 2.851877651549e+00 1.168208868332e+01 1 1 1 0.0 0.0 0.0
Nb 6.404740355704e+00 2.019954859223e+00 1.168208868332e+01 1 1 1 0.0 0.0 0.0
Nb 9.766916292208e+00 1.188032066898e+00 1.168208868332e+01 1 1 1 0.0 0.0 0.0
Nb 5.444118659454e+00 5.347646028525e+00 1.168208868332e+01 1 1 1 0.0 0.0 0.0
Nb 8.806294595959e+00 4.515723236200e+00 1.168208868332e+01 1 1 1 0.0 0.0 0.0
Nb 1.216847053246e+01 3.683800443874e+00 1.168208868332e+01 1 1 1 0.0 0.0 0.0
Nb 7.845672899709e+00 7.843414405501e+00 1.168208868332e+01 1 1 1 0.0 0.0 0.0
Nb 1.120784883621e+01 7.011491613176e+00 1.168208868332e+01 1 1 1 0.0 0.0 0.0
Nb 1.457002477272e+01 6.179568820851e+00 1.168208868332e+01 1 1 1 0.0 0.0 0.0
Nb 1.024722713996e+01 1.033918278248e+01 1.168208868332e+01 1 1 1 0.0 0.0 0.0
Nb 1.360940307647e+01 9.507259990152e+00 1.168208868332e+01 1 1 1 0.0 0.0 0.0
Nb 1.697157901297e+01 8.675337197827e+00 1.168208868332e+01 1 1 1 0.0 0.0 0.0
Bi 4.123439833410e+00 2.312080821361e+00 3.834784015603e+01 1 1 1 0.0 0.0 0.0
Bi 8.286133849754e+00 9.522078354848e+00 3.834784015603e+01 1 1 1 0.0 0.0 0.0
Bi 6.204786841582e+00 5.917079588105e+00 3.834784015603e+01 1 1 1 0.0 0.0 0.0
Bi 8.286133850000e+00 2.312080821361e+00 3.834784015603e+01 1 1 1 0.0 0.0 0.0
Bi 1.244882786634e+01 9.522078354848e+00 3.834784015603e+01 1 1 1 0.0 0.0 0.0
Bi 1.036748085817e+01 5.917079588105e+00 3.834784015603e+01 1 1 1 0.0 0.0 0.0
Bi 1.244882786659e+01 2.312080821361e+00 3.834784015603e+01 1 1 1 0.0 0.0 0.0
Bi 1.661152188293e+01 9.522078354848e+00 3.834784015603e+01 1 1 1 0.0 0.0 0.0
Bi 1.453017487476e+01 5.917079588105e+00 3.834784015603e+01 1 1 1 0.0 0.0 0.0
Bi 1.449559703543e+01 3.522664656556e+00 3.436119714775e+01 1 1 1 0.0 0.0 0.0
Bi 1.865829105177e+01 1.073266219004e+01 3.436119714775e+01 1 1 1 0.0 0.0 0.0
Bi 1.657694404360e+01 7.127663423300e+00 3.436119714775e+01 1 1 1 0.0 0.0 0.0
Bi 6.170209002249e+00 3.522664656556e+00 3.436119714775e+01 1 1 1 0.0 0.0 0.0
Bi 1.033290301859e+01 1.073266219004e+01 3.436119714775e+01 1 1 1 0.0 0.0 0.0
Bi 8.251556010421e+00 7.127663423300e+00 3.436119714775e+01 1 1 1 0.0 0.0 0.0
Bi 1.033290301884e+01 3.522664656556e+00 3.436119714775e+01 1 1 1 0.0 0.0 0.0
Bi 1.449559703518e+01 1.073266219004e+01 3.436119714775e+01 1 1 1 0.0 0.0 0.0
Bi 1.241425002701e+01 7.127663423300e+00 3.436119714775e+01 1 1 1 0.0 0.0 0.0
Bi 1.447785449175e+01 3.588097418298e+00 2.831971850542e+01 1 1 1 0.0 0.0 0.0
Bi 1.864054850810e+01 1.079809495178e+01 2.831971850542e+01 1 1 1 0.0 0.0 0.0
Bi 1.655920149992e+01 7.193096185041e+00 2.831971850542e+01 1 1 1 0.0 0.0 0.0
Bi 6.152466458573e+00 3.588097418298e+00 2.831971850542e+01 1 1 1 0.0 0.0 0.0
Bi 1.031516047492e+01 1.079809495178e+01 2.831971850542e+01 1 1 1 0.0 0.0 0.0
Bi 8.233813466745e+00 7.193096185041e+00 2.831971850542e+01 1 1 1 0.0 0.0 0.0
Bi 1.031516047516e+01 3.588097418298e+00 2.831971850542e+01 1 1 1 0.0 0.0 0.0
Bi 1.447785449151e+01 1.079809495178e+01 2.831971850542e+01 1 1 1 0.0 0.0 0.0
Bi 1.239650748333e+01 7.193096185041e+00 2.831971850542e+01 1 1 1 0.0 0.0 0.0
Bi 4.051732008703e+00 4.780471053032e+00 2.434799808390e+01 1 1 1 0.0 0.0 0.0
Bi 1.970385000531e+00 1.175472286288e+00 2.434799808390e+01 1 1 1 0.0 0.0 0.0
Bi 6.133079016874e+00 8.385469819775e+00 2.434799808390e+01 1 1 1 0.0 0.0 0.0
Bi 8.214426025292e+00 4.780471053032e+00 2.434799808390e+01 1 1 1 0.0 0.0 0.0
Bi 6.133079017120e+00 1.175472286288e+00 2.434799808390e+01 1 1 1 0.0 0.0 0.0
Bi 1.029577303346e+01 8.385469819775e+00 2.434799808390e+01 1 1 1 0.0 0.0 0.0
Bi 1.237712004188e+01 4.780471053032e+00 2.434799808390e+01 1 1 1 0.0 0.0 0.0
Bi 1.029577303371e+01 1.175472286288e+00 2.434799808390e+01 1 1 1 0.0 0.0 0.0
Bi 1.445846705005e+01 8.385469819775e+00 2.434799808390e+01 1 1 1 0.0 0.0 0.0
Se 1.745154770135e+01 1.061693826120e+01 1.000000000000e+01 1 1 1 0.0 0.0 0.0
Se 1.360906091708e+01 2.297710337943e+00 1.000000000000e+01 1 1 1 0.0 0.0 0.0
Se 4.483154803820e+00 1.465787545617e+00 1.000000000000e+01 1 1 1 0.0 0.0 0.0
Se 7.845330740325e+00 6.338647532920e-01 1.000000000000e+01 1 1 1 0.0 0.0 0.0
Se 3.522533107570e+00 4.793478714919e+00 1.000000000000e+01 1 1 1 0.0 0.0 0.0
Se 6.884709044075e+00 3.961555922594e+00 1.000000000000e+01 1 1 1 0.0 0.0 0.0
Se 1.024688498058e+01 3.129633130268e+00 1.000000000000e+01 1 1 1 0.0 0.0 0.0
Se 5.924087347826e+00 7.289247091895e+00 1.000000000000e+01 1 1 1 0.0 0.0 0.0
Se 9.286263284330e+00 6.457324299570e+00 1.000000000000e+01 1 1 1 0.0 0.0 0.0
Se 1.264843922084e+01 5.625401507244e+00 1.000000000000e+01 1 1 1 0.0 0.0 0.0
Se 8.325641588081e+00 9.785015468872e+00 1.000000000000e+01 1 1 1 0.0 0.0 0.0
Se 1.168781752459e+01 8.953092676546e+00 1.000000000000e+01 1 1 1 0.0 0.0 0.0
Se 1.504999346109e+01 8.121169884221e+00 1.000000000000e+01 1 1 1 0.0 0.0 0.0
Se 6.401212643005e+00 9.220892159168e+00 1.614602824434e+01 1 1 1 0.0 0.0 0.0
Se 2.558725858745e+00 9.016642359137e-01 1.614602824434e+01 1 1 1 0.0 0.0 0.0
Se 5.920901795250e+00 6.974144358824e-02 1.614602824434e+01 1 1 1 0.0 0.0 0.0
Se 1.552711875627e+01 1.005281495149e+01 1.614602824434e+01 1 1 1 0.0 0.0 0.0
Se 4.960280099000e+00 3.397432612890e+00 1.614602824434e+01 1 1 1 0.0 0.0 0.0
Se 8.322456035505e+00 2.565509820564e+00 1.614602824434e+01 1 1 1 0.0 0.0 0.0
Se 1.168463197201e+01 1.733587028239e+00 1.614602824434e+01 1 1 1 0.0 0.0 0.0
Se 7.361834339255e+00 5.893200989866e+00 1.614602824434e+01 1 1 1 0.0 0.0 0.0
Se 1.072401027576e+01 5.061278197541e+00 1.614602824434e+01 1 1 1 0.0 0.0 0.0
Se 1.408618621226e+01 4.229355405215e+00 1.614602824434e+01 1 1 1 0.0 0.0 0.0
Se 9.763388579510e+00 8.388969366842e+00 1.614602824434e+01 1 1 1 0.0 0.0 0.0
Se 1.312556451601e+01 7.557046574517e+00 1.614602824434e+01 1 1 1 0.0 0.0 0.0
Se 3.999658402750e+00 6.725123782192e+00 1.614602824434e+01 1 1 1 0.0 0.0 0.0
Se 1.745159833258e+01 1.061586325892e+01 1.336443756309e+01 1 1 1 0.0 0.0 0.0
Se 1.360911154832e+01 2.296635335671e+00 1.336443756309e+01 1 1 1 0.0 0.0 0.0
Se 4.483205435050e+00 1.464712543345e+00 1.336443756309e+01 1 1 1 0.0 0.0 0.0
Se 7.845381371555e+00 6.327897510199e-01 1.336443756309e+01 1 1 1 0.0 0.0 0.0
Se 3.522583738801e+00 4.792403712647e+00 1.336443756309e+01 1 1 1 0.0 0.0 0.0
Se 6.884759675306e+00 3.960480920322e+00 1.336443756309e+01 1 1 1 0.0 0.0 0.0
Se 1.024693561181e+01 3.128558127996e+00 1.336443756309e+01 1 1 1 0.0 0.0 0.0
Se 5.924137979056e+00 7.288172089623e+00 1.336443756309e+01 1 1 1 0.0 0.0 0.0
Se 9.286313915561e+00 6.456249297298e+00 1.336443756309e+01 1 1 1 0.0 0.0 0.0
Se 1.264848985207e+01 5.624326504972e+00 1.336443756309e+01 1 1 1 0.0 0.0 0.0
Se 8.325692219311e+00 9.783940466600e+00 1.336443756309e+01 1 1 1 0.0 0.0 0.0
Se 1.168786815582e+01 8.952017674274e+00 1.336443756309e+01 1 1 1 0.0 0.0 0.0
Se 1.505004409232e+01 8.120094881949e+00 1.336443756309e+01 1 1 1 0.0 0.0 0.0
Se 6.401440751755e+00 9.219859081974e+00 1.951046802998e+01 1 1 1 0.0 0.0 0.0
Se 2.558953967494e+00 9.006311587194e-01 1.951046802998e+01 1 1 1 0.0 0.0 0.0
Se 5.921129903999e+00 6.870836639393e-02 1.951046802998e+01 1 1 1 0.0 0.0 0.0
Se 1.552734686502e+01 1.005178187430e+01 1.951046802998e+01 1 1 1 0.0 0.0 0.0
Se 4.960508207749e+00 3.396399535696e+00 1.951046802998e+01 1 1 1 0.0 0.0 0.0
Se 8.322684144254e+00 2.564476743370e+00 1.951046802998e+01 1 1 1 0.0 0.0 0.0
Se 1.168486008076e+01 1.732553951045e+00 1.951046802998e+01 1 1 1 0.0 0.0 0.0
Se 7.362062448004e+00 5.892167912672e+00 1.951046802998e+01 1 1 1 0.0 0.0 0.0
Se 1.072423838451e+01 5.060245120346e+00 1.951046802998e+01 1 1 1 0.0 0.0 0.0
Se 1.408641432101e+01 4.228322328021e+00 1.951046802998e+01 1 1 1 0.0 0.0 0.0
Se 9.763616688260e+00 8.387936289648e+00 1.951046802998e+01 1 1 1 0.0 0.0 0.0
Se 1.312579262476e+01 7.556013497323e+00 1.951046802998e+01 1 1 1 0.0 0.0 0.0
Se 3.999886511500e+00 6.724090704997e+00 1.951046802998e+01 1 1 1 0.0 0.0 0.0
Se 2.052291479121e+00 3.520196580925e+00 3.998930533072e+01 1 1 1 0.0 0.0 0.0
Se 6.214985495465e+00 1.073019411441e+01 3.998930533072e+01 1 1 1 0.0 0.0 0.0
Se 4.133638487293e+00 7.125195347668e+00 3.998930533072e+01 1 1 1 0.0 0.0 0.0
Se 6.214985495711e+00 3.520196580925e+00 3.998930533072e+01 1 1 1 0.0 0.0 0.0
Se 1.037767951205e+01 1.073019411441e+01 3.998930533072e+01 1 1 1 0.0 0.0 0.0
Se 8.296332503883e+00 7.125195347668e+00 3.998930533072e+01 1 1 1 0.0 0.0 0.0
Se 1.037767951230e+01 3.520196580925e+00 3.998930533072e+01 1 1 1 0.0 0.0 0.0
Se 1.454037352864e+01 1.073019411441e+01 3.998930533072e+01 1 1 1 0.0 0.0 0.0
Se 1.245902652047e+01 7.125195347668e+00 3.998930533072e+01 1 1 1 0.0 0.0 0.0
Se 4.098771689124e+00 4.708571310981e+00 3.635172086532e+01 1 1 1 0.0 0.0 0.0
Se 2.017424680952e+00 1.103572544238e+00 3.635172086532e+01 1 1 1 0.0 0.0 0.0
Se 6.180118697296e+00 8.313570077725e+00 3.635172086532e+01 1 1 1 0.0 0.0 0.0
Se 8.261465705714e+00 4.708571310981e+00 3.635172086532e+01 1 1 1 0.0 0.0 0.0
Se 6.180118697542e+00 1.103572544238e+00 3.635172086532e+01 1 1 1 0.0 0.0 0.0
Se 1.034281271389e+01 8.313570077725e+00 3.635172086532e+01 1 1 1 0.0 0.0 0.0
Se 1.242415972230e+01 4.708571310981e+00 3.635172086532e+01 1 1 1 0.0 0.0 0.0
Se 1.034281271413e+01 1.103572544238e+00 3.635172086532e+01 1 1 1 0.0 0.0 0.0
Se 1.450550673048e+01 8.313570077725e+00 3.635172086532e+01 1 1 1 0.0 0.0 0.0
Se 4.102617917651e+00 2.317642402245e+00 3.271820175121e+01 1 1 1 0.0 0.0 0.0
Se 8.265311933995e+00 9.527639935732e+00 3.271820175121e+01 1 1 1 0.0 0.0 0.0
Se 6.183964925823e+00 5.922641168989e+00 3.271820175121e+01 1 1 1 0.0 0.0 0.0
Se 8.265311934241e+00 2.317642402245e+00 3.271820175121e+01 1 1 1 0.0 0.0 0.0
Se 1.242800595058e+01 9.527639935732e+00 3.271820175121e+01 1 1 1 0.0 0.0 0.0
Se 1.034665894241e+01 5.922641168989e+00 3.271820175121e+01 1 1 1 0.0 0.0 0.0
Se 1.242800595083e+01 2.317642402245e+00 3.271820175121e+01 1 1 1 0.0 0.0 0.0
Se 1.659069996717e+01 9.527639935732e+00 3.271820175121e+01 1 1 1 0.0 0.0 0.0
Se 1.450935295900e+01 5.922641168989e+00 3.271820175121e+01 1 1 1 0.0 0.0 0.0
Se 4.052632443563e+00 4.776417221246e+00 2.995146533993e+01 1 1 1 0.0 0.0 0.0
Se 1.971285435391e+00 1.171418454503e+00 2.995146533993e+01 1 1 1 0.0 0.0 0.0
Se 6.133979451735e+00 8.381415987990e+00 2.995146533993e+01 1 1 1 0.0 0.0 0.0
Se 8.215326460152e+00 4.776417221246e+00 2.995146533993e+01 1 1 1 0.0 0.0 0.0
Se 6.133979451980e+00 1.171418454503e+00 2.995146533993e+01 1 1 1 0.0 0.0 0.0
Se 1.029667346832e+01 8.381415987990e+00 2.995146533993e+01 1 1 1 0.0 0.0 0.0
Se 1.237802047674e+01 4.776417221246e+00 2.995146533993e+01 1 1 1 0.0 0.0 0.0
Se 1.029667346857e+01 1.171418454503e+00 2.995146533993e+01 1 1 1 0.0 0.0 0.0
Se 1.445936748491e+01 8.381415987990e+00 2.995146533993e+01 1 1 1 0.0 0.0 0.0
Se 4.063651676987e+00 2.389427167072e+00 2.633360299309e+01 1 1 1 0.0 0.0 0.0
Se 8.226345693331e+00 9.599424700559e+00 2.633360299309e+01 1 1 1 0.0 0.0 0.0
Se 6.144998685159e+00 5.994425933815e+00 2.633360299309e+01 1 1 1 0.0 0.0 0.0
Se 8.226345693577e+00 2.389427167072e+00 2.633360299309e+01 1 1 1 0.0 0.0 0.0
Se 1.238903970992e+01 9.599424700559e+00 2.633360299309e+01 1 1 1 0.0 0.0 0.0
Se 1.030769270175e+01 5.994425933815e+00 2.633360299309e+01 1 1 1 0.0 0.0 0.0
Se 1.238903971017e+01 2.389427167072e+00 2.633360299309e+01 1 1 1 0.0 0.0 0.0
Se 1.655173372651e+01 9.599424700559e+00 2.633360299309e+01 1 1 1 0.0 0.0 0.0
Se 1.447038671834e+01 5.994425933815e+00 2.633360299309e+01 1 1 1 0.0 0.0 0.0
Se 1.448423263803e+01 3.592398105179e+00 2.271046802998e+01 1 1 1 0.0 0.0 0.0
Se 1.864692665437e+01 1.080239563867e+01 2.271046802998e+01 1 1 1 0.0 0.0 0.0
Se 1.656557964620e+01 7.197396871923e+00 2.271046802998e+01 1 1 1 0.0 0.0 0.0
Se 6.158844604849e+00 3.592398105179e+00 2.271046802998e+01 1 1 1 0.0 0.0 0.0
Se 1.032153862119e+01 1.080239563867e+01 2.271046802998e+01 1 1 1 0.0 0.0 0.0
Se 8.240191613021e+00 7.197396871923e+00 2.271046802998e+01 1 1 1 0.0 0.0 0.0
Se 1.032153862144e+01 3.592398105179e+00 2.271046802998e+01 1 1 1 0.0 0.0 0.0
Se 1.448423263778e+01 1.080239563867e+01 2.271046802998e+01 1 1 1 0.0 0.0 0.0
Se 1.240288562961e+01 7.197396871923e+00 2.271046802998e+01 1 1 1 0.0 0.0 0.0
"
