calculation_mode = "Quench Electrons"
cell_relax = "False"
charge_density_mixing = "0.1"
charge_mixing_type = "Broyden"
description = "Example parameters for high-throughput bulk relaxation of a vdW material"
dos_broading = "0.05"
dos_method = "Gaussian"
energy_convergence_criterion = "1e-10"
energy_output_units = "Hartrees"
kohn_sham_mucycles = "3"
kohn_sham_solver = "davidson"
kpoint_mesh = "1 1 1"
localize_projectors = "False"
max_md_steps = "100"
max_scf_steps = "200"
non_local_block_size = "4000"
potential_acceleration_constant_step = "1.5"
processor_grid = "7 8 16"
rms_convergence_criterion = "1e-08"
scalapack_block_factor = "64"
start_mode = "LCAO Start"
state_block_size = "64"
stress = "True"
subdiag_driver = "scalapack"
use_async_allreduce = "False"
vdw_corr = "DFT-D3"
vdwdf_kernel_filepath = "/lustre/orion/world-shared/cph162/rjmorelock/rmgdft/XC/vdW_kernel_table"
wavefunction_grid = "154 156 378"
write_data_period = "50"

atomic_coordinate_type = "Absolute"
crds_units = "Angstrom"
lattice_units = "Angstrom"

lattice_vector = "
1.799724170868e+01 0.000000000000e+00 1.100000000000e-15
5.999080569559e+00 1.731785390973e+01 1.100000000000e-15
0.000000000000e+00 0.000000000000e+00 4.446241589303e+01
"
atoms = "
Nb 7.055471266352e+00 1.707121061384e+01 1.532833092694e+01 1 1 1 0.0 0.0 0.0
Nb 4.055930981573e+00 1.485142095085e+00 1.532833092694e+01 1 1 1 0.0 0.0 0.0
Nb 1.305455183591e+01 1.707121061384e+01 1.532833092694e+01 1 1 1 0.0 0.0 0.0
Nb 4.055930981573e+00 4.948712877032e+00 1.532833092694e+01 1 1 1 0.0 0.0 0.0
Nb 7.055471266352e+00 3.216927486058e+00 1.532833092694e+01 1 1 1 0.0 0.0 0.0
Nb 1.005501155113e+01 1.485142095085e+00 1.532833092694e+01 1 1 1 0.0 0.0 0.0
Nb 1.905363240547e+01 1.707121061384e+01 1.532833092694e+01 1 1 1 0.0 0.0 0.0
Nb 4.055930981573e+00 8.412283658978e+00 1.532833092694e+01 1 1 1 0.0 0.0 0.0
Nb 7.055471266352e+00 6.680498268005e+00 1.532833092694e+01 1 1 1 0.0 0.0 0.0
Nb 1.005501155113e+01 4.948712877032e+00 1.532833092694e+01 1 1 1 0.0 0.0 0.0
Nb 1.305455183591e+01 3.216927486058e+00 1.532833092694e+01 1 1 1 0.0 0.0 0.0
Nb 1.605409212069e+01 1.485142095085e+00 1.532833092694e+01 1 1 1 0.0 0.0 0.0
Nb 7.055471266352e+00 1.014406904995e+01 1.532833092694e+01 1 1 1 0.0 0.0 0.0
Nb 1.005501155113e+01 8.412283658978e+00 1.532833092694e+01 1 1 1 0.0 0.0 0.0
Nb 1.305455183591e+01 6.680498268005e+00 1.532833092694e+01 1 1 1 0.0 0.0 0.0
Nb 1.605409212069e+01 4.948712877032e+00 1.532833092694e+01 1 1 1 0.0 0.0 0.0
Nb 1.905363240547e+01 3.216927486058e+00 1.532833092694e+01 1 1 1 0.0 0.0 0.0
Nb 7.055471266352e+00 1.360763983190e+01 1.532833092694e+01 1 1 1 0.0 0.0 0.0
Nb 1.005501155113e+01 1.187585444092e+01 1.532833092694e+01 1 1 1 0.0 0.0 0.0
Nb 1.305455183591e+01 1.014406904995e+01 1.532833092694e+01 1 1 1 0.0 0.0 0.0
Nb 1.605409212069e+01 8.412283658978e+00 1.532833092694e+01 1 1 1 0.0 0.0 0.0
Nb 1.905363240547e+01 6.680498268005e+00 1.532833092694e+01 1 1 1 0.0 0.0 0.0
Nb 1.005501155113e+01 1.533942522287e+01 1.532833092694e+01 1 1 1 0.0 0.0 0.0
Nb 1.305455183591e+01 1.360763983190e+01 1.532833092694e+01 1 1 1 0.0 0.0 0.0
Nb 1.605409212069e+01 1.187585444092e+01 1.532833092694e+01 1 1 1 0.0 0.0 0.0
Nb 1.905363240547e+01 1.014406904995e+01 1.532833092694e+01 1 1 1 0.0 0.0 0.0
Nb 1.605409212069e+01 1.533942522287e+01 1.532833092694e+01 1 1 1 0.0 0.0 0.0
Nb 1.905363240547e+01 1.360763983190e+01 1.532833092694e+01 1 1 1 0.0 0.0 0.0
Nb 2.205317269025e+01 1.187585444092e+01 1.532833092694e+01 1 1 1 0.0 0.0 0.0
Nb 2.205317269025e+01 1.533942522287e+01 1.532833092694e+01 1 1 1 0.0 0.0 0.0
Nb 7.061200509674e+00 1.707916827548e+01 9.182088683320e+00 1 1 1 0.0 0.0 0.0
Nb 4.061660224895e+00 1.493099756720e+00 9.182088683320e+00 1 1 1 0.0 0.0 0.0
Nb 1.306028107923e+01 1.707916827548e+01 9.182088683320e+00 1 1 1 0.0 0.0 0.0
Nb 4.061660224895e+00 4.956670538667e+00 9.182088683320e+00 1 1 1 0.0 0.0 0.0
Nb 7.061200509674e+00 3.224885147693e+00 9.182088683320e+00 1 1 1 0.0 0.0 0.0
Nb 1.006074079445e+01 1.493099756720e+00 9.182088683320e+00 1 1 1 0.0 0.0 0.0
Nb 1.905936164879e+01 1.707916827548e+01 9.182088683320e+00 1 1 1 0.0 0.0 0.0
Nb 4.061660224895e+00 8.420241320613e+00 9.182088683320e+00 1 1 1 0.0 0.0 0.0
Nb 7.061200509674e+00 6.688455929640e+00 9.182088683320e+00 1 1 1 0.0 0.0 0.0
Nb 1.006074079445e+01 4.956670538667e+00 9.182088683320e+00 1 1 1 0.0 0.0 0.0
Nb 1.306028107923e+01 3.224885147693e+00 9.182088683320e+00 1 1 1 0.0 0.0 0.0
Nb 1.605982136401e+01 1.493099756720e+00 9.182088683320e+00 1 1 1 0.0 0.0 0.0
Nb 7.061200509674e+00 1.015202671159e+01 9.182088683320e+00 1 1 1 0.0 0.0 0.0
Nb 1.006074079445e+01 8.420241320613e+00 9.182088683320e+00 1 1 1 0.0 0.0 0.0
Nb 1.306028107923e+01 6.688455929640e+00 9.182088683320e+00 1 1 1 0.0 0.0 0.0
Nb 1.605982136401e+01 4.956670538667e+00 9.182088683320e+00 1 1 1 0.0 0.0 0.0
Nb 1.905936164879e+01 3.224885147693e+00 9.182088683320e+00 1 1 1 0.0 0.0 0.0
Nb 7.061200509674e+00 1.361559749353e+01 9.182088683320e+00 1 1 1 0.0 0.0 0.0
Nb 1.006074079445e+01 1.188381210256e+01 9.182088683320e+00 1 1 1 0.0 0.0 0.0
Nb 1.306028107923e+01 1.015202671159e+01 9.182088683320e+00 1 1 1 0.0 0.0 0.0
Nb 1.605982136401e+01 8.420241320613e+00 9.182088683320e+00 1 1 1 0.0 0.0 0.0
Nb 1.905936164879e+01 6.688455929640e+00 9.182088683320e+00 1 1 1 0.0 0.0 0.0
Nb 1.006074079445e+01 1.534738288451e+01 9.182088683320e+00 1 1 1 0.0 0.0 0.0
Nb 1.306028107923e+01 1.361559749353e+01 9.182088683320e+00 1 1 1 0.0 0.0 0.0
Nb 1.605982136401e+01 1.188381210256e+01 9.182088683320e+00 1 1 1 0.0 0.0 0.0
Nb 1.905936164879e+01 1.015202671159e+01 9.182088683320e+00 1 1 1 0.0 0.0 0.0
Nb 1.605982136401e+01 1.534738288451e+01 9.182088683320e+00 1 1 1 0.0 0.0 0.0
Nb 1.905936164879e+01 1.361559749353e+01 9.182088683320e+00 1 1 1 0.0 0.0 0.0
Nb 2.205890193357e+01 1.188381210256e+01 9.182088683320e+00 1 1 1 0.0 0.0 0.0
Nb 2.205890193357e+01 1.534738288451e+01 9.182088683320e+00 1 1 1 0.0 0.0 0.0
Bi 1.286681580301e+01 2.110602044544e+00 3.532095071834e+01 1 1 1 0.0 0.0 0.0
Bi 1.629486184275e+01 4.584581174506e+00 3.532095071834e+01 1 1 1 0.0 0.0 0.0
Bi 5.725053220198e+00 1.285942334557e+00 3.532095071834e+01 1 1 1 0.0 0.0 0.0
Bi 9.153099259946e+00 3.759921464518e+00 3.532095071834e+01 1 1 1 0.0 0.0 0.0
Bi 1.258114529969e+01 6.233900594480e+00 3.532095071834e+01 1 1 1 0.0 0.0 0.0
Bi 1.600919133944e+01 8.707879724442e+00 3.532095071834e+01 1 1 1 0.0 0.0 0.0
Bi 1.943723737919e+01 1.118185885440e+01 3.532095071834e+01 1 1 1 0.0 0.0 0.0
Bi 1.658053234607e+01 4.612826245693e-01 3.532095071834e+01 1 1 1 0.0 0.0 0.0
Bi 2.011336677138e+00 2.935261754531e+00 3.532095071834e+01 1 1 1 0.0 0.0 0.0
Bi 5.439382716886e+00 5.409240884493e+00 3.532095071834e+01 1 1 1 0.0 0.0 0.0
Bi 8.867428756634e+00 7.883220014455e+00 3.532095071834e+01 1 1 1 0.0 0.0 0.0
Bi 1.229547479638e+01 1.035719914442e+01 3.532095071834e+01 1 1 1 0.0 0.0 0.0
Bi 1.572352083613e+01 1.283117827438e+01 3.532095071834e+01 1 1 1 0.0 0.0 0.0
Bi 1.915156687588e+01 1.530515740434e+01 3.532095071834e+01 1 1 1 0.0 0.0 0.0
Bi 1.972290788250e+01 7.058560304467e+00 3.532095071834e+01 1 1 1 0.0 0.0 0.0
Bi 5.153712213574e+00 9.532539434429e+00 3.532095071834e+01 1 1 1 0.0 0.0 0.0
Bi 8.581758253322e+00 1.200651856439e+01 3.532095071834e+01 1 1 1 0.0 0.0 0.0
Bi 1.200980429307e+01 1.448049769435e+01 3.532095071834e+01 1 1 1 0.0 0.0 0.0
Bi 1.543785033282e+01 1.695447682431e+01 3.532095071834e+01 1 1 1 0.0 0.0 0.0
Bi 4.868041710262e+00 1.365583798437e+01 3.532095071834e+01 1 1 1 0.0 0.0 0.0
Bi 8.296087750009e+00 1.612981711433e+01 3.532095071834e+01 1 1 1 0.0 0.0 0.0
Bi 1.051319003691e+01 1.813855489698e+00 3.133430771007e+01 1 1 1 0.0 0.0 0.0
Bi 1.394123607666e+01 4.287834619660e+00 3.133430771007e+01 1 1 1 0.0 0.0 0.0
Bi 3.371427454102e+00 9.891957797112e-01 3.133430771007e+01 1 1 1 0.0 0.0 0.0
Bi 6.799473493850e+00 3.463174909673e+00 3.133430771007e+01 1 1 1 0.0 0.0 0.0
Bi 1.022751953360e+01 5.937154039635e+00 3.133430771007e+01 1 1 1 0.0 0.0 0.0
Bi 1.365556557335e+01 8.411133169597e+00 3.133430771007e+01 1 1 1 0.0 0.0 0.0
Bi 1.708361161309e+01 1.088511229956e+01 3.133430771007e+01 1 1 1 0.0 0.0 0.0
Bi 1.422690657997e+01 1.645360697239e-01 3.133430771007e+01 1 1 1 0.0 0.0 0.0
Bi 1.765495261972e+01 2.638515199686e+00 3.133430771007e+01 1 1 1 0.0 0.0 0.0
Bi 3.085756950790e+00 5.112494329648e+00 3.133430771007e+01 1 1 1 0.0 0.0 0.0
Bi 6.513802990538e+00 7.586473459609e+00 3.133430771007e+01 1 1 1 0.0 0.0 0.0
Bi 9.941849030285e+00 1.006045258957e+01 3.133430771007e+01 1 1 1 0.0 0.0 0.0
Bi 1.336989507003e+01 1.253443171953e+01 3.133430771007e+01 1 1 1 0.0 0.0 0.0
Bi 1.679794110978e+01 1.500841084949e+01 3.133430771007e+01 1 1 1 0.0 0.0 0.0
Bi 1.736928211641e+01 6.761813749622e+00 3.133430771007e+01 1 1 1 0.0 0.0 0.0
Bi 2.079732815615e+01 9.235792879584e+00 3.133430771007e+01 1 1 1 0.0 0.0 0.0
Bi 6.228132487225e+00 1.170977200955e+01 3.133430771007e+01 1 1 1 0.0 0.0 0.0
Bi 9.656178526973e+00 1.418375113951e+01 3.133430771007e+01 1 1 1 0.0 0.0 0.0
Bi 1.308422456672e+01 1.665773026947e+01 3.133430771007e+01 1 1 1 0.0 0.0 0.0
Bi 2.051165765284e+01 1.335909142952e+01 3.133430771007e+01 1 1 1 0.0 0.0 0.0
Bi 5.942461983913e+00 1.583307055948e+01 3.133430771007e+01 1 1 1 0.0 0.0 0.0
Bi 1.050050097091e+01 1.746953481737e+00 2.529282906773e+01 1 1 1 0.0 0.0 0.0
Bi 1.392854701065e+01 4.220932611699e+00 2.529282906773e+01 1 1 1 0.0 0.0 0.0
Bi 3.358738388098e+00 9.222937717494e-01 2.529282906773e+01 1 1 1 0.0 0.0 0.0
Bi 6.786784427845e+00 3.396272901711e+00 2.529282906773e+01 1 1 1 0.0 0.0 0.0
Bi 1.021483046759e+01 5.870252031673e+00 2.529282906773e+01 1 1 1 0.0 0.0 0.0
Bi 1.364287650734e+01 8.344231161635e+00 2.529282906773e+01 1 1 1 0.0 0.0 0.0
Bi 1.707092254709e+01 1.081821029160e+01 2.529282906773e+01 1 1 1 0.0 0.0 0.0
Bi 1.421421751397e+01 9.763406176214e-02 2.529282906773e+01 1 1 1 0.0 0.0 0.0
Bi 1.764226355371e+01 2.571613191724e+00 2.529282906773e+01 1 1 1 0.0 0.0 0.0
Bi 3.073067884785e+00 5.045592321686e+00 2.529282906773e+01 1 1 1 0.0 0.0 0.0
Bi 6.501113924533e+00 7.519571451648e+00 2.529282906773e+01 1 1 1 0.0 0.0 0.0
Bi 9.929159964281e+00 9.993550581609e+00 2.529282906773e+01 1 1 1 0.0 0.0 0.0
Bi 1.335720600403e+01 1.246752971157e+01 2.529282906773e+01 1 1 1 0.0 0.0 0.0
Bi 1.678525204378e+01 1.494150884153e+01 2.529282906773e+01 1 1 1 0.0 0.0 0.0
Bi 1.735659305040e+01 6.694911741660e+00 2.529282906773e+01 1 1 1 0.0 0.0 0.0
Bi 2.078463909015e+01 9.168890871622e+00 2.529282906773e+01 1 1 1 0.0 0.0 0.0
Bi 6.215443421221e+00 1.164287000158e+01 2.529282906773e+01 1 1 1 0.0 0.0 0.0
Bi 9.643489460968e+00 1.411684913155e+01 2.529282906773e+01 1 1 1 0.0 0.0 0.0
Bi 1.307153550072e+01 1.659082826151e+01 2.529282906773e+01 1 1 1 0.0 0.0 0.0
Bi 2.049896858684e+01 1.329218942156e+01 2.529282906773e+01 1 1 1 0.0 0.0 0.0
Bi 5.929772917908e+00 1.576616855152e+01 2.529282906773e+01 1 1 1 0.0 0.0 0.0
Bi 1.528302244553e+01 2.297547953255e+00 2.132110864621e+01 1 1 1 0.0 0.0 0.0
Bi 1.871106848527e+01 4.771527083217e+00 2.132110864621e+01 1 1 1 0.0 0.0 0.0
Bi 8.141259862720e+00 1.472888243268e+00 2.132110864621e+01 1 1 1 0.0 0.0 0.0
Bi 1.156930590247e+01 3.946867373230e+00 2.132110864621e+01 1 1 1 0.0 0.0 0.0
Bi 1.499735194221e+01 6.420846503192e+00 2.132110864621e+01 1 1 1 0.0 0.0 0.0
Bi 1.842539798196e+01 8.894825633153e+00 2.132110864621e+01 1 1 1 0.0 0.0 0.0
Bi 2.185344402171e+01 1.136880476312e+01 2.132110864621e+01 1 1 1 0.0 0.0 0.0
Bi 9.994972799118e-01 6.482285332807e-01 2.132110864621e+01 1 1 1 0.0 0.0 0.0
Bi 4.427543319659e+00 3.122207663242e+00 2.132110864621e+01 1 1 1 0.0 0.0 0.0
Bi 7.855589359407e+00 5.596186793204e+00 2.132110864621e+01 1 1 1 0.0 0.0 0.0
Bi 1.128363539915e+01 8.070165923166e+00 2.132110864621e+01 1 1 1 0.0 0.0 0.0
Bi 1.471168143890e+01 1.054414505313e+01 2.132110864621e+01 1 1 1 0.0 0.0 0.0
Bi 1.813972747865e+01 1.301812418309e+01 2.132110864621e+01 1 1 1 0.0 0.0 0.0
Bi 2.156777351840e+01 1.549210331305e+01 2.132110864621e+01 1 1 1 0.0 0.0 0.0
Bi 4.141872816347e+00 7.245506213179e+00 2.132110864621e+01 1 1 1 0.0 0.0 0.0
Bi 7.569918856095e+00 9.719485343141e+00 2.132110864621e+01 1 1 1 0.0 0.0 0.0
Bi 1.099796489584e+01 1.219346447310e+01 2.132110864621e+01 1 1 1 0.0 0.0 0.0
Bi 1.442601093559e+01 1.466744360306e+01 2.132110864621e+01 1 1 1 0.0 0.0 0.0
Bi 1.785405697534e+01 1.714142273303e+01 2.132110864621e+01 1 1 1 0.0 0.0 0.0
Bi 7.284248352783e+00 1.384278389308e+01 2.132110864621e+01 1 1 1 0.0 0.0 0.0
Bi 1.071229439253e+01 1.631676302304e+01 2.132110864621e+01 1 1 1 0.0 0.0 0.0
Se 2.305854417874e+01 1.707969348390e+01 7.500000000000e+00 1 1 1 0.0 0.0 0.0
Se 2.061762185285e+00 1.493624965140e+00 7.500000000000e+00 1 1 1 0.0 0.0 0.0
Se 1.106038303962e+01 1.707969348390e+01 7.500000000000e+00 1 1 1 0.0 0.0 0.0
Se 2.061762185285e+00 4.957195747086e+00 7.500000000000e+00 1 1 1 0.0 0.0 0.0
Se 5.061302470064e+00 3.225410356113e+00 7.500000000000e+00 1 1 1 0.0 0.0 0.0
Se 8.060842754844e+00 1.493624965140e+00 7.500000000000e+00 1 1 1 0.0 0.0 0.0
Se 1.705946360918e+01 1.707969348390e+01 7.500000000000e+00 1 1 1 0.0 0.0 0.0
Se 2.005900389396e+01 8.420766529033e+00 7.500000000000e+00 1 1 1 0.0 0.0 0.0
Se 5.061302470064e+00 6.688981138059e+00 7.500000000000e+00 1 1 1 0.0 0.0 0.0
Se 8.060842754844e+00 4.957195747086e+00 7.500000000000e+00 1 1 1 0.0 0.0 0.0
Se 1.106038303962e+01 3.225410356113e+00 7.500000000000e+00 1 1 1 0.0 0.0 0.0
Se 1.405992332440e+01 1.493624965140e+00 7.500000000000e+00 1 1 1 0.0 0.0 0.0
Se 5.061302470064e+00 1.015255192001e+01 7.500000000000e+00 1 1 1 0.0 0.0 0.0
Se 8.060842754844e+00 8.420766529033e+00 7.500000000000e+00 1 1 1 0.0 0.0 0.0
Se 1.106038303962e+01 6.688981138059e+00 7.500000000000e+00 1 1 1 0.0 0.0 0.0
Se 1.405992332440e+01 4.957195747086e+00 7.500000000000e+00 1 1 1 0.0 0.0 0.0
Se 1.705946360918e+01 3.225410356113e+00 7.500000000000e+00 1 1 1 0.0 0.0 0.0
Se 5.061302470064e+00 1.361612270195e+01 7.500000000000e+00 1 1 1 0.0 0.0 0.0
Se 8.060842754844e+00 1.188433731098e+01 7.500000000000e+00 1 1 1 0.0 0.0 0.0
Se 1.106038303962e+01 1.015255192001e+01 7.500000000000e+00 1 1 1 0.0 0.0 0.0
Se 1.405992332440e+01 8.420766529033e+00 7.500000000000e+00 1 1 1 0.0 0.0 0.0
Se 1.705946360918e+01 6.688981138059e+00 7.500000000000e+00 1 1 1 0.0 0.0 0.0
Se 8.060842754844e+00 1.534790809293e+01 7.500000000000e+00 1 1 1 0.0 0.0 0.0
Se 1.106038303962e+01 1.361612270195e+01 7.500000000000e+00 1 1 1 0.0 0.0 0.0
Se 1.405992332440e+01 1.188433731098e+01 7.500000000000e+00 1 1 1 0.0 0.0 0.0
Se 1.705946360918e+01 1.015255192001e+01 7.500000000000e+00 1 1 1 0.0 0.0 0.0
Se 1.405992332440e+01 1.534790809293e+01 7.500000000000e+00 1 1 1 0.0 0.0 0.0
Se 1.705946360918e+01 1.361612270195e+01 7.500000000000e+00 1 1 1 0.0 0.0 0.0
Se 2.005900389396e+01 1.188433731098e+01 7.500000000000e+00 1 1 1 0.0 0.0 0.0
Se 2.005900389396e+01 1.534790809293e+01 7.500000000000e+00 1 1 1 0.0 0.0 0.0
Se 6.055451574926e+00 1.533965650508e+01 1.364602824434e+01 1 1 1 0.0 0.0 0.0
Se 9.054991859705e+00 1.707144189605e+01 1.364602824434e+01 1 1 1 0.0 0.0 0.0
Se 1.205453214448e+01 1.533965650508e+01 1.364602824434e+01 1 1 1 0.0 0.0 0.0
Se 3.055911290147e+00 3.217158768267e+00 1.364602824434e+01 1 1 1 0.0 0.0 0.0
Se 6.055451574926e+00 1.485373377294e+00 1.364602824434e+01 1 1 1 0.0 0.0 0.0
Se 1.505407242926e+01 1.707144189605e+01 1.364602824434e+01 1 1 1 0.0 0.0 0.0
Se 1.805361271404e+01 1.533965650508e+01 1.364602824434e+01 1 1 1 0.0 0.0 0.0
Se 3.055911290147e+00 6.680729550213e+00 1.364602824434e+01 1 1 1 0.0 0.0 0.0
Se 6.055451574926e+00 4.948944159240e+00 1.364602824434e+01 1 1 1 0.0 0.0 0.0
Se 9.054991859705e+00 3.217158768267e+00 1.364602824434e+01 1 1 1 0.0 0.0 0.0
Se 1.205453214448e+01 1.485373377294e+00 1.364602824434e+01 1 1 1 0.0 0.0 0.0
Se 2.105315299882e+01 1.707144189605e+01 1.364602824434e+01 1 1 1 0.0 0.0 0.0
Se 6.055451574926e+00 8.412514941187e+00 1.364602824434e+01 1 1 1 0.0 0.0 0.0
Se 9.054991859705e+00 6.680729550213e+00 1.364602824434e+01 1 1 1 0.0 0.0 0.0
Se 1.205453214448e+01 4.948944159240e+00 1.364602824434e+01 1 1 1 0.0 0.0 0.0
Se 1.505407242926e+01 3.217158768267e+00 1.364602824434e+01 1 1 1 0.0 0.0 0.0
Se 1.805361271404e+01 1.485373377294e+00 1.364602824434e+01 1 1 1 0.0 0.0 0.0
Se 6.055451574926e+00 1.187608572313e+01 1.364602824434e+01 1 1 1 0.0 0.0 0.0
Se 9.054991859705e+00 1.014430033216e+01 1.364602824434e+01 1 1 1 0.0 0.0 0.0
Se 1.205453214448e+01 8.412514941187e+00 1.364602824434e+01 1 1 1 0.0 0.0 0.0
Se 1.505407242926e+01 6.680729550213e+00 1.364602824434e+01 1 1 1 0.0 0.0 0.0
Se 1.805361271404e+01 4.948944159240e+00 1.364602824434e+01 1 1 1 0.0 0.0 0.0
Se 9.054991859705e+00 1.360787111411e+01 1.364602824434e+01 1 1 1 0.0 0.0 0.0
Se 1.205453214448e+01 1.187608572313e+01 1.364602824434e+01 1 1 1 0.0 0.0 0.0
Se 1.505407242926e+01 1.014430033216e+01 1.364602824434e+01 1 1 1 0.0 0.0 0.0
Se 1.805361271404e+01 8.412514941187e+00 1.364602824434e+01 1 1 1 0.0 0.0 0.0
Se 1.505407242926e+01 1.360787111411e+01 1.364602824434e+01 1 1 1 0.0 0.0 0.0
Se 1.805361271404e+01 1.187608572313e+01 1.364602824434e+01 1 1 1 0.0 0.0 0.0
Se 2.105315299882e+01 1.014430033216e+01 1.364602824434e+01 1 1 1 0.0 0.0 0.0
Se 2.105315299882e+01 1.360787111411e+01 1.364602824434e+01 1 1 1 0.0 0.0 0.0
Se 2.305829467167e+01 1.707864661255e+01 1.086443756309e+01 1 1 1 0.0 0.0 0.0
Se 2.061512678212e+00 1.492578093788e+00 1.086443756309e+01 1 1 1 0.0 0.0 0.0
Se 1.106013353255e+01 1.707864661255e+01 1.086443756309e+01 1 1 1 0.0 0.0 0.0
Se 2.061512678212e+00 4.956148875734e+00 1.086443756309e+01 1 1 1 0.0 0.0 0.0
Se 5.061052962992e+00 3.224363484761e+00 1.086443756309e+01 1 1 1 0.0 0.0 0.0
Se 8.060593247771e+00 1.492578093788e+00 1.086443756309e+01 1 1 1 0.0 0.0 0.0
Se 1.705921410211e+01 1.707864661255e+01 1.086443756309e+01 1 1 1 0.0 0.0 0.0
Se 2.005875438689e+01 8.419719657681e+00 1.086443756309e+01 1 1 1 0.0 0.0 0.0
Se 5.061052962992e+00 6.687934266708e+00 1.086443756309e+01 1 1 1 0.0 0.0 0.0
Se 8.060593247771e+00 4.956148875734e+00 1.086443756309e+01 1 1 1 0.0 0.0 0.0
Se 1.106013353255e+01 3.224363484761e+00 1.086443756309e+01 1 1 1 0.0 0.0 0.0
Se 1.405967381733e+01 1.492578093788e+00 1.086443756309e+01 1 1 1 0.0 0.0 0.0
Se 5.061052962992e+00 1.015150504865e+01 1.086443756309e+01 1 1 1 0.0 0.0 0.0
Se 8.060593247771e+00 8.419719657681e+00 1.086443756309e+01 1 1 1 0.0 0.0 0.0
Se 1.106013353255e+01 6.687934266708e+00 1.086443756309e+01 1 1 1 0.0 0.0 0.0
Se 1.405967381733e+01 4.956148875734e+00 1.086443756309e+01 1 1 1 0.0 0.0 0.0
Se 1.705921410211e+01 3.224363484761e+00 1.086443756309e+01 1 1 1 0.0 0.0 0.0
Se 5.061052962992e+00 1.361507583060e+01 1.086443756309e+01 1 1 1 0.0 0.0 0.0
Se 8.060593247771e+00 1.188329043963e+01 1.086443756309e+01 1 1 1 0.0 0.0 0.0
Se 1.106013353255e+01 1.015150504865e+01 1.086443756309e+01 1 1 1 0.0 0.0 0.0
Se 1.405967381733e+01 8.419719657681e+00 1.086443756309e+01 1 1 1 0.0 0.0 0.0
Se 1.705921410211e+01 6.687934266708e+00 1.086443756309e+01 1 1 1 0.0 0.0 0.0
Se 8.060593247771e+00 1.534686122157e+01 1.086443756309e+01 1 1 1 0.0 0.0 0.0
Se 1.106013353255e+01 1.361507583060e+01 1.086443756309e+01 1 1 1 0.0 0.0 0.0
Se 1.405967381733e+01 1.188329043963e+01 1.086443756309e+01 1 1 1 0.0 0.0 0.0
Se 1.705921410211e+01 1.015150504865e+01 1.086443756309e+01 1 1 1 0.0 0.0 0.0
Se 1.405967381733e+01 1.534686122157e+01 1.086443756309e+01 1 1 1 0.0 0.0 0.0
Se 1.705921410211e+01 1.361507583060e+01 1.086443756309e+01 1 1 1 0.0 0.0 0.0
Se 2.005875438689e+01 1.188329043963e+01 1.086443756309e+01 1 1 1 0.0 0.0 0.0
Se 2.005875438689e+01 1.534686122157e+01 1.086443756309e+01 1 1 1 0.0 0.0 0.0
Se 6.055384210662e+00 1.533860069063e+01 1.701046802998e+01 1 1 1 0.0 0.0 0.0
Se 9.054924495441e+00 1.707038608161e+01 1.701046802998e+01 1 1 1 0.0 0.0 0.0
Se 1.205446478022e+01 1.533860069063e+01 1.701046802998e+01 1 1 1 0.0 0.0 0.0
Se 3.055843925883e+00 3.216102953820e+00 1.701046802998e+01 1 1 1 0.0 0.0 0.0
Se 6.055384210662e+00 1.484317562846e+00 1.701046802998e+01 1 1 1 0.0 0.0 0.0
Se 1.505400506500e+01 1.707038608161e+01 1.701046802998e+01 1 1 1 0.0 0.0 0.0
Se 1.805354534978e+01 1.533860069063e+01 1.701046802998e+01 1 1 1 0.0 0.0 0.0
Se 3.055843925883e+00 6.679673735766e+00 1.701046802998e+01 1 1 1 0.0 0.0 0.0
Se 6.055384210662e+00 4.947888344793e+00 1.701046802998e+01 1 1 1 0.0 0.0 0.0
Se 9.054924495441e+00 3.216102953820e+00 1.701046802998e+01 1 1 1 0.0 0.0 0.0
Se 1.205446478022e+01 1.484317562846e+00 1.701046802998e+01 1 1 1 0.0 0.0 0.0
Se 2.105308563456e+01 1.707038608161e+01 1.701046802998e+01 1 1 1 0.0 0.0 0.0
Se 6.055384210662e+00 8.411459126739e+00 1.701046802998e+01 1 1 1 0.0 0.0 0.0
Se 9.054924495441e+00 6.679673735766e+00 1.701046802998e+01 1 1 1 0.0 0.0 0.0
Se 1.205446478022e+01 4.947888344793e+00 1.701046802998e+01 1 1 1 0.0 0.0 0.0
Se 1.505400506500e+01 3.216102953820e+00 1.701046802998e+01 1 1 1 0.0 0.0 0.0
Se 1.805354534978e+01 1.484317562846e+00 1.701046802998e+01 1 1 1 0.0 0.0 0.0
Se 6.055384210662e+00 1.187502990869e+01 1.701046802998e+01 1 1 1 0.0 0.0 0.0
Se 9.054924495441e+00 1.014324451771e+01 1.701046802998e+01 1 1 1 0.0 0.0 0.0
Se 1.205446478022e+01 8.411459126739e+00 1.701046802998e+01 1 1 1 0.0 0.0 0.0
Se 1.505400506500e+01 6.679673735766e+00 1.701046802998e+01 1 1 1 0.0 0.0 0.0
Se 1.805354534978e+01 4.947888344793e+00 1.701046802998e+01 1 1 1 0.0 0.0 0.0
Se 9.054924495441e+00 1.360681529966e+01 1.701046802998e+01 1 1 1 0.0 0.0 0.0
Se 1.205446478022e+01 1.187502990869e+01 1.701046802998e+01 1 1 1 0.0 0.0 0.0
Se 1.505400506500e+01 1.014324451771e+01 1.701046802998e+01 1 1 1 0.0 0.0 0.0
Se 1.805354534978e+01 8.411459126739e+00 1.701046802998e+01 1 1 1 0.0 0.0 0.0
Se 1.505400506500e+01 1.360681529966e+01 1.701046802998e+01 1 1 1 0.0 0.0 0.0
Se 1.805354534978e+01 1.187502990869e+01 1.701046802998e+01 1 1 1 0.0 0.0 0.0
Se 2.105308563456e+01 1.014324451771e+01 1.701046802998e+01 1 1 1 0.0 0.0 0.0
Se 2.105308563456e+01 1.360681529966e+01 1.701046802998e+01 1 1 1 0.0 0.0 0.0
Se 1.047431869679e+01 1.833854916031e+00 3.696241589303e+01 1 1 1 0.0 0.0 0.0
Se 1.390236473654e+01 4.307834045993e+00 3.696241589303e+01 1 1 1 0.0 0.0 0.0
Se 3.332556113983e+00 1.009195206044e+00 3.696241589303e+01 1 1 1 0.0 0.0 0.0
Se 6.760602153730e+00 3.483174336005e+00 3.696241589303e+01 1 1 1 0.0 0.0 0.0
Se 1.018864819348e+01 5.957153465967e+00 3.696241589303e+01 1 1 1 0.0 0.0 0.0
Se 1.361669423323e+01 8.431132595929e+00 3.696241589303e+01 1 1 1 0.0 0.0 0.0
Se 1.704474027297e+01 1.090511172589e+01 3.696241589303e+01 1 1 1 0.0 0.0 0.0
Se 1.418803523985e+01 1.845354960562e-01 3.696241589303e+01 1 1 1 0.0 0.0 0.0
Se 1.761608127960e+01 2.658514626018e+00 3.696241589303e+01 1 1 1 0.0 0.0 0.0
Se 3.046885610670e+00 5.132493755980e+00 3.696241589303e+01 1 1 1 0.0 0.0 0.0
Se 6.474931650418e+00 7.606472885942e+00 3.696241589303e+01 1 1 1 0.0 0.0 0.0
Se 9.902977690166e+00 1.008045201590e+01 3.696241589303e+01 1 1 1 0.0 0.0 0.0
Se 1.333102372991e+01 1.255443114587e+01 3.696241589303e+01 1 1 1 0.0 0.0 0.0
Se 1.675906976966e+01 1.502841027583e+01 3.696241589303e+01 1 1 1 0.0 0.0 0.0
Se 1.733041077629e+01 6.781813175954e+00 3.696241589303e+01 1 1 1 0.0 0.0 0.0
Se 2.075845681603e+01 9.255792305916e+00 3.696241589303e+01 1 1 1 0.0 0.0 0.0
Se 6.189261147106e+00 1.172977143588e+01 3.696241589303e+01 1 1 1 0.0 0.0 0.0
Se 9.617307186854e+00 1.420375056584e+01 3.696241589303e+01 1 1 1 0.0 0.0 0.0
Se 1.304535322660e+01 1.667772969580e+01 3.696241589303e+01 1 1 1 0.0 0.0 0.0
Se 2.047278631272e+01 1.337909085585e+01 3.696241589303e+01 1 1 1 0.0 0.0 0.0
Se 5.903590643794e+00 1.585306998581e+01 3.696241589303e+01 1 1 1 0.0 0.0 0.0
Se 1.527239283061e+01 2.381975312962e+00 3.332483142763e+01 1 1 1 0.0 0.0 0.0
Se 1.870043887035e+01 4.855954442924e+00 3.332483142763e+01 1 1 1 0.0 0.0 0.0
Se 8.130630247799e+00 1.557315602975e+00 3.332483142763e+01 1 1 1 0.0 0.0 0.0
Se 1.155867628755e+01 4.031294732937e+00 3.332483142763e+01 1 1 1 0.0 0.0 0.0
Se 1.498672232729e+01 6.505273862899e+00 3.332483142763e+01 1 1 1 0.0 0.0 0.0
Se 1.841476836704e+01 8.979252992860e+00 3.332483142763e+01 1 1 1 0.0 0.0 0.0
Se 2.184281440679e+01 1.145323212282e+01 3.332483142763e+01 1 1 1 0.0 0.0 0.0
Se 9.888676649914e-01 7.326558929876e-01 3.332483142763e+01 1 1 1 0.0 0.0 0.0
Se 4.416913704739e+00 3.206635022949e+00 3.332483142763e+01 1 1 1 0.0 0.0 0.0
Se 7.844959744487e+00 5.680614152911e+00 3.332483142763e+01 1 1 1 0.0 0.0 0.0
Se 1.127300578423e+01 8.154593282873e+00 3.332483142763e+01 1 1 1 0.0 0.0 0.0
Se 1.470105182398e+01 1.062857241283e+01 3.332483142763e+01 1 1 1 0.0 0.0 0.0
Se 1.812909786373e+01 1.310255154280e+01 3.332483142763e+01 1 1 1 0.0 0.0 0.0
Se 2.155714390348e+01 1.557653067276e+01 3.332483142763e+01 1 1 1 0.0 0.0 0.0
Se 4.131243201427e+00 7.329933572886e+00 3.332483142763e+01 1 1 1 0.0 0.0 0.0
Se 7.559289241175e+00 9.803912702848e+00 3.332483142763e+01 1 1 1 0.0 0.0 0.0
Se 1.098733528092e+01 1.227789183281e+01 3.332483142763e+01 1 1 1 0.0 0.0 0.0
Se 1.441538132067e+01 1.475187096277e+01 3.332483142763e+01 1 1 1 0.0 0.0 0.0
Se 1.784342736042e+01 1.722585009273e+01 3.332483142763e+01 1 1 1 0.0 0.0 0.0
Se 7.273618737862e+00 1.392721125278e+01 3.332483142763e+01 1 1 1 0.0 0.0 0.0
Se 1.070166477761e+01 1.640119038275e+01 3.332483142763e+01 1 1 1 0.0 0.0 0.0
Se 1.288296798403e+01 2.097263154407e+00 2.969131231352e+01 1 1 1 0.0 0.0 0.0
Se 1.631101402378e+01 4.571242284369e+00 2.969131231352e+01 1 1 1 0.0 0.0 0.0
Se 5.741205401227e+00 1.272603444420e+00 2.969131231352e+01 1 1 1 0.0 0.0 0.0
Se 9.169251440975e+00 3.746582574381e+00 2.969131231352e+01 1 1 1 0.0 0.0 0.0
Se 1.259729748072e+01 6.220561704343e+00 2.969131231352e+01 1 1 1 0.0 0.0 0.0
Se 1.602534352047e+01 8.694540834305e+00 2.969131231352e+01 1 1 1 0.0 0.0 0.0
Se 1.945338956022e+01 1.116851996427e+01 2.969131231352e+01 1 1 1 0.0 0.0 0.0
Se 1.659668452709e+01 4.479437344324e-01 2.969131231352e+01 1 1 1 0.0 0.0 0.0
Se 2.027488858167e+00 2.921922864394e+00 2.969131231352e+01 1 1 1 0.0 0.0 0.0
Se 5.455534897915e+00 5.395901994356e+00 2.969131231352e+01 1 1 1 0.0 0.0 0.0
Se 8.883580937662e+00 7.869881124318e+00 2.969131231352e+01 1 1 1 0.0 0.0 0.0
Se 1.231162697741e+01 1.034386025428e+01 2.969131231352e+01 1 1 1 0.0 0.0 0.0
Se 1.573967301716e+01 1.281783938424e+01 2.969131231352e+01 1 1 1 0.0 0.0 0.0
Se 1.916771905691e+01 1.529181851420e+01 2.969131231352e+01 1 1 1 0.0 0.0 0.0
Se 1.973906006353e+01 7.045221414331e+00 2.969131231352e+01 1 1 1 0.0 0.0 0.0
Se 5.169864394602e+00 9.519200544292e+00 2.969131231352e+01 1 1 1 0.0 0.0 0.0
Se 8.597910434350e+00 1.199317967425e+01 2.969131231352e+01 1 1 1 0.0 0.0 0.0
Se 1.202595647410e+01 1.446715880422e+01 2.969131231352e+01 1 1 1 0.0 0.0 0.0
Se 1.545400251385e+01 1.694113793418e+01 2.969131231352e+01 1 1 1 0.0 0.0 0.0
Se 4.884193891290e+00 1.364249909423e+01 2.969131231352e+01 1 1 1 0.0 0.0 0.0
Se 8.312239931038e+00 1.611647822419e+01 2.969131231352e+01 1 1 1 0.0 0.0 0.0
Se 1.528398593455e+01 2.301614047677e+00 2.692457590224e+01 1 1 1 0.0 0.0 0.0
Se 1.871203197430e+01 4.775593177639e+00 2.692457590224e+01 1 1 1 0.0 0.0 0.0
Se 8.142223351745e+00 1.476954337690e+00 2.692457590224e+01 1 1 1 0.0 0.0 0.0
Se 1.157026939149e+01 3.950933467652e+00 2.692457590224e+01 1 1 1 0.0 0.0 0.0
Se 1.499831543124e+01 6.424912597613e+00 2.692457590224e+01 1 1 1 0.0 0.0 0.0
Se 1.842636147099e+01 8.898891727575e+00 2.692457590224e+01 1 1 1 0.0 0.0 0.0
Se 2.185440751074e+01 1.137287085754e+01 2.692457590224e+01 1 1 1 0.0 0.0 0.0
Se 1.000460768937e+00 6.522946277025e-01 2.692457590224e+01 1 1 1 0.0 0.0 0.0
Se 4.428506808685e+00 3.126273757664e+00 2.692457590224e+01 1 1 1 0.0 0.0 0.0
Se 7.856552848433e+00 5.600252887626e+00 2.692457590224e+01 1 1 1 0.0 0.0 0.0
Se 1.128459888818e+01 8.074232017588e+00 2.692457590224e+01 1 1 1 0.0 0.0 0.0
Se 1.471264492793e+01 1.054821114755e+01 2.692457590224e+01 1 1 1 0.0 0.0 0.0
Se 1.814069096768e+01 1.302219027751e+01 2.692457590224e+01 1 1 1 0.0 0.0 0.0
Se 2.156873700742e+01 1.549616940747e+01 2.692457590224e+01 1 1 1 0.0 0.0 0.0
Se 4.142836305373e+00 7.249572307601e+00 2.692457590224e+01 1 1 1 0.0 0.0 0.0
Se 7.570882345120e+00 9.723551437562e+00 2.692457590224e+01 1 1 1 0.0 0.0 0.0
Se 1.099892838487e+01 1.219753056752e+01 2.692457590224e+01 1 1 1 0.0 0.0 0.0
Se 1.442697442462e+01 1.467150969749e+01 2.692457590224e+01 1 1 1 0.0 0.0 0.0
Se 1.785502046436e+01 1.714548882745e+01 2.692457590224e+01 1 1 1 0.0 0.0 0.0
Se 7.285211841808e+00 1.384684998750e+01 2.692457590224e+01 1 1 1 0.0 0.0 0.0
Se 1.071325788156e+01 1.632082911746e+01 2.692457590224e+01 1 1 1 0.0 0.0 0.0
Se 1.288644505085e+01 2.016139814230e+00 2.330671355540e+01 1 1 1 0.0 0.0 0.0
Se 1.631449109060e+01 4.490118944192e+00 2.330671355540e+01 1 1 1 0.0 0.0 0.0
Se 5.744682468042e+00 1.191480104243e+00 2.330671355540e+01 1 1 1 0.0 0.0 0.0
Se 9.172728507789e+00 3.665459234205e+00 2.330671355540e+01 1 1 1 0.0 0.0 0.0
Se 1.260077454754e+01 6.139438364167e+00 2.330671355540e+01 1 1 1 0.0 0.0 0.0
Se 1.602882058728e+01 8.613417494129e+00 2.330671355540e+01 1 1 1 0.0 0.0 0.0
Se 1.945686662703e+01 1.108739662409e+01 2.330671355540e+01 1 1 1 0.0 0.0 0.0
Se 1.660016159391e+01 3.668203942559e-01 2.330671355540e+01 1 1 1 0.0 0.0 0.0
Se 2.030965924982e+00 2.840799524218e+00 2.330671355540e+01 1 1 1 0.0 0.0 0.0
Se 5.459011964729e+00 5.314778654180e+00 2.330671355540e+01 1 1 1 0.0 0.0 0.0
Se 8.887058004477e+00 7.788757784141e+00 2.330671355540e+01 1 1 1 0.0 0.0 0.0
Se 1.231510404422e+01 1.026273691410e+01 2.330671355540e+01 1 1 1 0.0 0.0 0.0
Se 1.574315008397e+01 1.273671604406e+01 2.330671355540e+01 1 1 1 0.0 0.0 0.0
Se 1.917119612372e+01 1.521069517403e+01 2.330671355540e+01 1 1 1 0.0 0.0 0.0
Se 1.974253713034e+01 6.964098074154e+00 2.330671355540e+01 1 1 1 0.0 0.0 0.0
Se 5.173341461417e+00 9.438077204116e+00 2.330671355540e+01 1 1 1 0.0 0.0 0.0
Se 8.601387501165e+00 1.191205633408e+01 2.330671355540e+01 1 1 1 0.0 0.0 0.0
Se 1.202943354091e+01 1.438603546404e+01 2.330671355540e+01 1 1 1 0.0 0.0 0.0
Se 1.545747958066e+01 1.686001459400e+01 2.330671355540e+01 1 1 1 0.0 0.0 0.0
Se 4.887670958105e+00 1.356137575405e+01 2.330671355540e+01 1 1 1 0.0 0.0 0.0
Se 8.315716997853e+00 1.603535488401e+01 2.330671355540e+01 1 1 1 0.0 0.0 0.0
Se 1.049293636149e+01 1.745545389299e+00 1.968357859229e+01 1 1 1 0.0 0.0 0.0
Se 1.392098240123e+01 4.219524519261e+00 1.968357859229e+01 1 1 1 0.0 0.0 0.0
Se 3.351173778678e+00 9.208856793119e-01 1.968357859229e+01 1 1 1 0.0 0.0 0.0
Se 6.779219818425e+00 3.394864809274e+00 1.968357859229e+01 1 1 1 0.0 0.0 0.0
Se 1.020726585817e+01 5.868843939236e+00 1.968357859229e+01 1 1 1 0.0 0.0 0.0
Se 1.363531189792e+01 8.342823069197e+00 1.968357859229e+01 1 1 1 0.0 0.0 0.0
Se 1.706335793767e+01 1.081680219916e+01 1.968357859229e+01 1 1 1 0.0 0.0 0.0
Se 1.420665290455e+01 9.622596932461e-02 1.968357859229e+01 1 1 1 0.0 0.0 0.0
Se 1.763469894429e+01 2.570205099286e+00 1.968357859229e+01 1 1 1 0.0 0.0 0.0
Se 3.065503275365e+00 5.044184229248e+00 1.968357859229e+01 1 1 1 0.0 0.0 0.0
Se 6.493549315113e+00 7.518163359210e+00 1.968357859229e+01 1 1 1 0.0 0.0 0.0
Se 9.921595354861e+00 9.992142489172e+00 1.968357859229e+01 1 1 1 0.0 0.0 0.0
Se 1.334964139461e+01 1.246612161913e+01 1.968357859229e+01 1 1 1 0.0 0.0 0.0
Se 1.677768743436e+01 1.494010074910e+01 1.968357859229e+01 1 1 1 0.0 0.0 0.0
Se 1.734902844098e+01 6.693503649223e+00 1.968357859229e+01 1 1 1 0.0 0.0 0.0
Se 2.077707448073e+01 9.167482779185e+00 1.968357859229e+01 1 1 1 0.0 0.0 0.0
Se 6.207878811801e+00 1.164146190915e+01 1.968357859229e+01 1 1 1 0.0 0.0 0.0
Se 9.635924851548e+00 1.411544103911e+01 1.968357859229e+01 1 1 1 0.0 0.0 0.0
Se 1.306397089130e+01 1.658942016907e+01 1.968357859229e+01 1 1 1 0.0 0.0 0.0
Se 2.049140397742e+01 1.329078132912e+01 1.968357859229e+01 1 1 1 0.0 0.0 0.0
Se 5.922208308488e+00 1.576476045908e+01 1.968357859229e+01 1 1 1 0.0 0.0 0.0
"