calculation_mode = "Quench Electrons"
cell_relax = "False"
charge_density_mixing = "0.1"
charge_mixing_type = "Broyden"
description = "Example parameters for high-throughput bulk relaxation of a vdW material"
dos_broading = "0.05"
dos_method = "Gaussian"
energy_convergence_criterion = "1e-10"
energy_output_units = "Hartrees"
kohn_sham_mucycles = "3"
kohn_sham_solver = "davidson"
kpoint_distribution = "1"
kpoint_mesh = "2 1 1"
localize_projectors = "False"
max_md_steps = "100"
max_scf_steps = "200"
non_local_block_size = "4000"
output_wave_function_file = "/dev/null"
potential_acceleration_constant_step = "1.5"
processor_grid = "2 12 16"
rms_convergence_criterion = "1e-08"
scalapack_block_factor = "64"
start_mode = "LCAO Start"
state_block_size = "64"
stress = "True"
subdiag_driver = "scalapack"
use_async_allreduce = "False"
vdw_corr = "DFT-D3"
vdwdf_kernel_filepath = "/lustre/orion/world-shared/cph162/rjmorelock/rmgdft/XC/vdW_kernel_table"
wavefunction_grid = "60 332 378"
write_data_period = "50"

atomic_coordinate_type = "Absolute"
crds_units = "Angstrom"
lattice_units = "Angstrom"

lattice_vector = "
6.927141563561e+00 0.000000000000e+00 4.000000000000e-16
1.731785393052e+00 3.899402370400e+01 2.400000000000e-15
0.000000000000e+00 0.000000000000e+00 4.446241589303e+01
"
atoms = "
Nb 7.830665102315e-01 9.719734515224e-01 1.532833092694e+01 1 1 1 0.0 0.0 0.0
Nb 4.246637292012e+00 9.719734515224e-01 1.532833092694e+01 1 1 1 0.0 0.0 0.0
Nb 2.514851901288e+00 3.971513736446e+00 1.532833092694e+01 1 1 1 0.0 0.0 0.0
Nb 5.978422683068e+00 3.971513736446e+00 1.532833092694e+01 1 1 1 0.0 0.0 0.0
Nb 4.246637292344e+00 6.971054021369e+00 1.532833092694e+01 1 1 1 0.0 0.0 0.0
Nb 7.830665105640e-01 6.971054021369e+00 1.532833092694e+01 1 1 1 0.0 0.0 0.0
Nb 2.514851901620e+00 9.970594306292e+00 1.532833092694e+01 1 1 1 0.0 0.0 0.0
Nb 5.978422683401e+00 9.970594306292e+00 1.532833092694e+01 1 1 1 0.0 0.0 0.0
Nb 4.246637292677e+00 1.297013459122e+01 1.532833092694e+01 1 1 1 0.0 0.0 0.0
Nb 7.830665108965e-01 1.297013459122e+01 1.532833092694e+01 1 1 1 0.0 0.0 0.0
Nb 2.514851901953e+00 1.596967487614e+01 1.532833092694e+01 1 1 1 0.0 0.0 0.0
Nb 5.978422683733e+00 1.596967487614e+01 1.532833092694e+01 1 1 1 0.0 0.0 0.0
Nb 4.246637293009e+00 1.896921516106e+01 1.532833092694e+01 1 1 1 0.0 0.0 0.0
Nb 7.710208074790e+00 1.896921516106e+01 1.532833092694e+01 1 1 1 0.0 0.0 0.0
Nb 2.514851902285e+00 2.196875544599e+01 1.532833092694e+01 1 1 1 0.0 0.0 0.0
Nb 5.978422684066e+00 2.196875544599e+01 1.532833092694e+01 1 1 1 0.0 0.0 0.0
Nb 4.246637293342e+00 2.496829573091e+01 1.532833092694e+01 1 1 1 0.0 0.0 0.0
Nb 7.710208075122e+00 2.496829573091e+01 1.532833092694e+01 1 1 1 0.0 0.0 0.0
Nb 2.514851902618e+00 2.796783601583e+01 1.532833092694e+01 1 1 1 0.0 0.0 0.0
Nb 5.978422684398e+00 2.796783601583e+01 1.532833092694e+01 1 1 1 0.0 0.0 0.0
Nb 4.246637293674e+00 3.096737630075e+01 1.532833092694e+01 1 1 1 0.0 0.0 0.0
Nb 7.710208075455e+00 3.096737630075e+01 1.532833092694e+01 1 1 1 0.0 0.0 0.0
Nb 2.514851902951e+00 3.396691658568e+01 1.532833092694e+01 1 1 1 0.0 0.0 0.0
Nb 5.978422684731e+00 3.396691658568e+01 1.532833092694e+01 1 1 1 0.0 0.0 0.0
Nb 4.246637294007e+00 3.696645687060e+01 1.532833092694e+01 1 1 1 0.0 0.0 0.0
Nb 7.710208075787e+00 3.696645687060e+01 1.532833092694e+01 1 1 1 0.0 0.0 0.0
Nb 7.820836707882e-01 9.817296103138e-01 9.182088683320e+00 1 1 1 0.0 0.0 0.0
Nb 4.245654452568e+00 9.817296103138e-01 9.182088683320e+00 1 1 1 0.0 0.0 0.0
Nb 2.513869061845e+00 3.981269895237e+00 9.182088683320e+00 1 1 1 0.0 0.0 0.0
Nb 5.977439843625e+00 3.981269895237e+00 9.182088683320e+00 1 1 1 0.0 0.0 0.0
Nb 4.245654452901e+00 6.980810180160e+00 9.182088683320e+00 1 1 1 0.0 0.0 0.0
Nb 7.820836711207e-01 6.980810180160e+00 9.182088683320e+00 1 1 1 0.0 0.0 0.0
Nb 2.513869062177e+00 9.980350465084e+00 9.182088683320e+00 1 1 1 0.0 0.0 0.0
Nb 5.977439843957e+00 9.980350465084e+00 9.182088683320e+00 1 1 1 0.0 0.0 0.0
Nb 4.245654453234e+00 1.297989075001e+01 9.182088683320e+00 1 1 1 0.0 0.0 0.0
Nb 7.820836714532e-01 1.297989075001e+01 9.182088683320e+00 1 1 1 0.0 0.0 0.0
Nb 2.513869062510e+00 1.597943103493e+01 9.182088683320e+00 1 1 1 0.0 0.0 0.0
Nb 5.977439844290e+00 1.597943103493e+01 9.182088683320e+00 1 1 1 0.0 0.0 0.0
Nb 4.245654453566e+00 1.897897131985e+01 9.182088683320e+00 1 1 1 0.0 0.0 0.0
Nb 7.709225235346e+00 1.897897131985e+01 9.182088683320e+00 1 1 1 0.0 0.0 0.0
Nb 2.513869062842e+00 2.197851160478e+01 9.182088683320e+00 1 1 1 0.0 0.0 0.0
Nb 5.977439844622e+00 2.197851160478e+01 9.182088683320e+00 1 1 1 0.0 0.0 0.0
Nb 4.245654453899e+00 2.497805188970e+01 9.182088683320e+00 1 1 1 0.0 0.0 0.0
Nb 7.709225235679e+00 2.497805188970e+01 9.182088683320e+00 1 1 1 0.0 0.0 0.0
Nb 2.513869063175e+00 2.797759217462e+01 9.182088683320e+00 1 1 1 0.0 0.0 0.0
Nb 5.977439844955e+00 2.797759217462e+01 9.182088683320e+00 1 1 1 0.0 0.0 0.0
Nb 4.245654454231e+00 3.097713245955e+01 9.182088683320e+00 1 1 1 0.0 0.0 0.0
Nb 7.709225236011e+00 3.097713245955e+01 9.182088683320e+00 1 1 1 0.0 0.0 0.0
Nb 2.513869063507e+00 3.397667274447e+01 9.182088683320e+00 1 1 1 0.0 0.0 0.0
Nb 5.977439845287e+00 3.397667274447e+01 9.182088683320e+00 1 1 1 0.0 0.0 0.0
Nb 4.245654454564e+00 3.697621302939e+01 9.182088683320e+00 1 1 1 0.0 0.0 0.0
Nb 7.709225236344e+00 3.697621302939e+01 9.182088683320e+00 1 1 1 0.0 0.0 0.0
Bi 4.242729972431e+00 3.400844019959e+01 3.532095071834e+01 1 1 1 0.0 0.0 0.0
Bi 7.797447353618e+00 3.195612316253e+01 3.532095071834e+01 1 1 1 0.0 0.0 0.0
Bi 4.425023171244e+00 2.990380612548e+01 3.532095071834e+01 1 1 1 0.0 0.0 0.0
Bi 7.979740552431e+00 2.785148908843e+01 3.532095071834e+01 1 1 1 0.0 0.0 0.0
Bi 4.607316370058e+00 2.579917205138e+01 3.532095071834e+01 1 1 1 0.0 0.0 0.0
Bi 1.234892187684e+00 2.374685501432e+01 3.532095071834e+01 1 1 1 0.0 0.0 0.0
Bi 4.789609568872e+00 2.169453797727e+01 3.532095071834e+01 1 1 1 0.0 0.0 0.0
Bi 1.417185386498e+00 1.964222094022e+01 3.532095071834e+01 1 1 1 0.0 0.0 0.0
Bi 4.971902767685e+00 1.758990390316e+01 3.532095071834e+01 1 1 1 0.0 0.0 0.0
Bi 1.599478585312e+00 1.553758686611e+01 3.532095071834e+01 1 1 1 0.0 0.0 0.0
Bi 5.154195966499e+00 1.348526982906e+01 3.532095071834e+01 1 1 1 0.0 0.0 0.0
Bi 1.781771784125e+00 1.143295279201e+01 3.532095071834e+01 1 1 1 0.0 0.0 0.0
Bi 5.336489165312e+00 9.380635754954e+00 3.532095071834e+01 1 1 1 0.0 0.0 0.0
Bi 1.964064982939e+00 7.328318717901e+00 3.532095071834e+01 1 1 1 0.0 0.0 0.0
Bi 5.518782364126e+00 5.276001680848e+00 3.532095071834e+01 1 1 1 0.0 0.0 0.0
Bi 2.146358181752e+00 3.223684643796e+00 3.532095071834e+01 1 1 1 0.0 0.0 0.0
Bi 5.701075562939e+00 1.171367606743e+00 3.532095071834e+01 1 1 1 0.0 0.0 0.0
Bi 4.060436773617e+00 3.811307427369e+01 3.532095071834e+01 1 1 1 0.0 0.0 0.0
Bi 7.615154154804e+00 3.606075723664e+01 3.532095071834e+01 1 1 1 0.0 0.0 0.0
Bi 1.957074100901e+00 3.403310311350e+01 3.133430771007e+01 1 1 1 0.0 0.0 0.0
Bi 5.511791482088e+00 3.198078607645e+01 3.133430771007e+01 1 1 1 0.0 0.0 0.0
Bi 2.139367299715e+00 2.992846903940e+01 3.133430771007e+01 1 1 1 0.0 0.0 0.0
Bi 5.694084680902e+00 2.787615200234e+01 3.133430771007e+01 1 1 1 0.0 0.0 0.0
Bi 2.321660498528e+00 2.582383496529e+01 3.133430771007e+01 1 1 1 0.0 0.0 0.0
Bi 5.876377879715e+00 2.377151792824e+01 3.133430771007e+01 1 1 1 0.0 0.0 0.0
Bi 2.503953697342e+00 2.171920089119e+01 3.133430771007e+01 1 1 1 0.0 0.0 0.0
Bi 6.058671078529e+00 1.966688385413e+01 3.133430771007e+01 1 1 1 0.0 0.0 0.0
Bi 2.686246896155e+00 1.761456681708e+01 3.133430771007e+01 1 1 1 0.0 0.0 0.0
Bi 6.240964277342e+00 1.556224978003e+01 3.133430771007e+01 1 1 1 0.0 0.0 0.0
Bi 2.868540094969e+00 1.350993274297e+01 3.133430771007e+01 1 1 1 0.0 0.0 0.0
Bi 6.423257476156e+00 1.145761570592e+01 3.133430771007e+01 1 1 1 0.0 0.0 0.0
Bi 3.050833293782e+00 9.405298668869e+00 3.133430771007e+01 1 1 1 0.0 0.0 0.0
Bi 6.605550674970e+00 7.352981631816e+00 3.133430771007e+01 1 1 1 0.0 0.0 0.0
Bi 3.233126492596e+00 5.300664594764e+00 3.133430771007e+01 1 1 1 0.0 0.0 0.0
Bi 6.787843873783e+00 3.248347557711e+00 3.133430771007e+01 1 1 1 0.0 0.0 0.0
Bi 3.415419691410e+00 1.196030520658e+00 3.133430771007e+01 1 1 1 0.0 0.0 0.0
Bi 1.774780902088e+00 3.813773718761e+01 3.133430771007e+01 1 1 1 0.0 0.0 0.0
Bi 5.329498283275e+00 3.608542015055e+01 3.133430771007e+01 1 1 1 0.0 0.0 0.0
Bi 1.937533872461e+00 3.409772672001e+01 2.529282906773e+01 1 1 1 0.0 0.0 0.0
Bi 5.492251253648e+00 3.204540968295e+01 2.529282906773e+01 1 1 1 0.0 0.0 0.0
Bi 2.119827071274e+00 2.999309264590e+01 2.529282906773e+01 1 1 1 0.0 0.0 0.0
Bi 5.674544452462e+00 2.794077560885e+01 2.529282906773e+01 1 1 1 0.0 0.0 0.0
Bi 2.302120270088e+00 2.588845857180e+01 2.529282906773e+01 1 1 1 0.0 0.0 0.0
Bi 5.856837651275e+00 2.383614153474e+01 2.529282906773e+01 1 1 1 0.0 0.0 0.0
Bi 2.484413468902e+00 2.178382449769e+01 2.529282906773e+01 1 1 1 0.0 0.0 0.0
Bi 6.039130850089e+00 1.973150746064e+01 2.529282906773e+01 1 1 1 0.0 0.0 0.0
Bi 2.666706667715e+00 1.767919042358e+01 2.529282906773e+01 1 1 1 0.0 0.0 0.0
Bi 6.221424048902e+00 1.562687338653e+01 2.529282906773e+01 1 1 1 0.0 0.0 0.0
Bi 2.848999866529e+00 1.357455634948e+01 2.529282906773e+01 1 1 1 0.0 0.0 0.0
Bi 6.403717247716e+00 1.152223931243e+01 2.529282906773e+01 1 1 1 0.0 0.0 0.0
Bi 3.031293065342e+00 9.469922275374e+00 2.529282906773e+01 1 1 1 0.0 0.0 0.0
Bi 6.586010446529e+00 7.417605238321e+00 2.529282906773e+01 1 1 1 0.0 0.0 0.0
Bi 3.213586264156e+00 5.365288201268e+00 2.529282906773e+01 1 1 1 0.0 0.0 0.0
Bi 6.768303645343e+00 3.312971164215e+00 2.529282906773e+01 1 1 1 0.0 0.0 0.0
Bi 3.395879462969e+00 1.260654127163e+00 2.529282906773e+01 1 1 1 0.0 0.0 0.0
Bi 1.755240673647e+00 3.820236079411e+01 2.529282906773e+01 1 1 1 0.0 0.0 0.0
Bi 5.309958054834e+00 3.615004375706e+01 2.529282906773e+01 1 1 1 0.0 0.0 0.0
Bi 6.576151520147e+00 3.409934983612e+01 2.132110864621e+01 1 1 1 0.0 0.0 0.0
Bi 3.203727337774e+00 3.204703279907e+01 2.132110864621e+01 1 1 1 0.0 0.0 0.0
Bi 6.758444718961e+00 2.999471576201e+01 2.132110864621e+01 1 1 1 0.0 0.0 0.0
Bi 3.386020536587e+00 2.794239872496e+01 2.132110864621e+01 1 1 1 0.0 0.0 0.0
Bi 6.940737917774e+00 2.589008168791e+01 2.132110864621e+01 1 1 1 0.0 0.0 0.0
Bi 3.568313735401e+00 2.383776465085e+01 2.132110864621e+01 1 1 1 0.0 0.0 0.0
Bi 7.123031116588e+00 2.178544761380e+01 2.132110864621e+01 1 1 1 0.0 0.0 0.0
Bi 3.750606934214e+00 1.973313057675e+01 2.132110864621e+01 1 1 1 0.0 0.0 0.0
Bi 7.305324315401e+00 1.768081353970e+01 2.132110864621e+01 1 1 1 0.0 0.0 0.0
Bi 3.932900133028e+00 1.562849650264e+01 2.132110864621e+01 1 1 1 0.0 0.0 0.0
Bi 7.487617514215e+00 1.357617946559e+01 2.132110864621e+01 1 1 1 0.0 0.0 0.0
Bi 4.115193331841e+00 1.152386242854e+01 2.132110864621e+01 1 1 1 0.0 0.0 0.0
Bi 7.427691494678e-01 9.471545391485e+00 2.132110864621e+01 1 1 1 0.0 0.0 0.0
Bi 4.297486530655e+00 7.419228354432e+00 2.132110864621e+01 1 1 1 0.0 0.0 0.0
Bi 9.250623482814e-01 5.366911317379e+00 2.132110864621e+01 1 1 1 0.0 0.0 0.0
Bi 4.479779729468e+00 3.314594280327e+00 2.132110864621e+01 1 1 1 0.0 0.0 0.0
Bi 1.107355547095e+00 1.262277243274e+00 2.132110864621e+01 1 1 1 0.0 0.0 0.0
Bi 6.393858321334e+00 3.820398391022e+01 2.132110864621e+01 1 1 1 0.0 0.0 0.0
Bi 3.021434138960e+00 3.615166687317e+01 2.132110864621e+01 1 1 1 0.0 0.0 0.0
Se 4.246094175302e+00 3.897625913830e+01 7.500000000000e+00 1 1 1 0.0 0.0 0.0
Se 7.709664957083e+00 3.897625913830e+01 7.500000000000e+00 1 1 1 0.0 0.0 0.0
Se 4.246094173307e+00 2.981775719218e+00 7.500000000000e+00 1 1 1 0.0 0.0 0.0
Se 7.825233915268e-01 2.981775719218e+00 7.500000000000e+00 1 1 1 0.0 0.0 0.0
Se 5.977879564363e+00 5.981316004141e+00 7.500000000000e+00 1 1 1 0.0 0.0 0.0
Se 2.514308782583e+00 5.981316004141e+00 7.500000000000e+00 1 1 1 0.0 0.0 0.0
Se 4.246094173640e+00 8.980856289065e+00 7.500000000000e+00 1 1 1 0.0 0.0 0.0
Se 7.825233918593e-01 8.980856289065e+00 7.500000000000e+00 1 1 1 0.0 0.0 0.0
Se 5.977879564696e+00 1.198039657399e+01 7.500000000000e+00 1 1 1 0.0 0.0 0.0
Se 2.514308782916e+00 1.198039657399e+01 7.500000000000e+00 1 1 1 0.0 0.0 0.0
Se 4.246094173972e+00 1.497993685891e+01 7.500000000000e+00 1 1 1 0.0 0.0 0.0
Se 7.825233921919e-01 1.497993685891e+01 7.500000000000e+00 1 1 1 0.0 0.0 0.0
Se 5.977879565029e+00 1.797947714383e+01 7.500000000000e+00 1 1 1 0.0 0.0 0.0
Se 2.514308783248e+00 1.797947714383e+01 7.500000000000e+00 1 1 1 0.0 0.0 0.0
Se 4.246094174305e+00 2.097901742876e+01 7.500000000000e+00 1 1 1 0.0 0.0 0.0
Se 7.709664956085e+00 2.097901742876e+01 7.500000000000e+00 1 1 1 0.0 0.0 0.0
Se 5.977879565361e+00 2.397855771368e+01 7.500000000000e+00 1 1 1 0.0 0.0 0.0
Se 2.514308783581e+00 2.397855771368e+01 7.500000000000e+00 1 1 1 0.0 0.0 0.0
Se 4.246094174637e+00 2.697809799860e+01 7.500000000000e+00 1 1 1 0.0 0.0 0.0
Se 7.709664956417e+00 2.697809799860e+01 7.500000000000e+00 1 1 1 0.0 0.0 0.0
Se 5.977879565694e+00 2.997763828353e+01 7.500000000000e+00 1 1 1 0.0 0.0 0.0
Se 2.514308783913e+00 2.997763828353e+01 7.500000000000e+00 1 1 1 0.0 0.0 0.0
Se 4.246094174970e+00 3.297717856845e+01 7.500000000000e+00 1 1 1 0.0 0.0 0.0
Se 7.709664956750e+00 3.297717856845e+01 7.500000000000e+00 1 1 1 0.0 0.0 0.0
Se 5.977879566026e+00 3.597671885337e+01 7.500000000000e+00 1 1 1 0.0 0.0 0.0
Se 2.514308784246e+00 3.597671885337e+01 7.500000000000e+00 1 1 1 0.0 0.0 0.0
Se 2.515117305905e+00 3.796641746359e+01 1.364602824434e+01 1 1 1 0.0 0.0 0.0
Se 5.978688087685e+00 3.796641746359e+01 1.364602824434e+01 1 1 1 0.0 0.0 0.0
Se 2.515117303910e+00 1.971934044515e+00 1.364602824434e+01 1 1 1 0.0 0.0 0.0
Se 5.978688085690e+00 1.971934044515e+00 1.364602824434e+01 1 1 1 0.0 0.0 0.0
Se 4.246902694966e+00 4.971474329438e+00 1.364602824434e+01 1 1 1 0.0 0.0 0.0
Se 7.833319131860e-01 4.971474329438e+00 1.364602824434e+01 1 1 1 0.0 0.0 0.0
Se 2.515117304242e+00 7.971014614361e+00 1.364602824434e+01 1 1 1 0.0 0.0 0.0
Se 5.978688086023e+00 7.971014614361e+00 1.364602824434e+01 1 1 1 0.0 0.0 0.0
Se 4.246902695299e+00 1.097055489928e+01 1.364602824434e+01 1 1 1 0.0 0.0 0.0
Se 7.833319135185e-01 1.097055489928e+01 1.364602824434e+01 1 1 1 0.0 0.0 0.0
Se 2.515117304575e+00 1.397009518421e+01 1.364602824434e+01 1 1 1 0.0 0.0 0.0
Se 5.978688086355e+00 1.397009518421e+01 1.364602824434e+01 1 1 1 0.0 0.0 0.0
Se 4.246902695631e+00 1.696963546913e+01 1.364602824434e+01 1 1 1 0.0 0.0 0.0
Se 7.833319138511e-01 1.696963546913e+01 1.364602824434e+01 1 1 1 0.0 0.0 0.0
Se 2.515117304907e+00 1.996917575405e+01 1.364602824434e+01 1 1 1 0.0 0.0 0.0
Se 5.978688086688e+00 1.996917575405e+01 1.364602824434e+01 1 1 1 0.0 0.0 0.0
Se 4.246902695964e+00 2.296871603898e+01 1.364602824434e+01 1 1 1 0.0 0.0 0.0
Se 7.710473477744e+00 2.296871603898e+01 1.364602824434e+01 1 1 1 0.0 0.0 0.0
Se 2.515117305240e+00 2.596825632390e+01 1.364602824434e+01 1 1 1 0.0 0.0 0.0
Se 5.978688087020e+00 2.596825632390e+01 1.364602824434e+01 1 1 1 0.0 0.0 0.0
Se 4.246902696296e+00 2.896779660882e+01 1.364602824434e+01 1 1 1 0.0 0.0 0.0
Se 7.710473478077e+00 2.896779660882e+01 1.364602824434e+01 1 1 1 0.0 0.0 0.0
Se 2.515117305573e+00 3.196733689375e+01 1.364602824434e+01 1 1 1 0.0 0.0 0.0
Se 5.978688087353e+00 3.196733689375e+01 1.364602824434e+01 1 1 1 0.0 0.0 0.0
Se 4.246902696629e+00 3.496687717867e+01 1.364602824434e+01 1 1 1 0.0 0.0 0.0
Se 7.710473478409e+00 3.496687717867e+01 1.364602824434e+01 1 1 1 0.0 0.0 0.0
Se 4.245786819090e+00 3.897522776758e+01 1.086443756309e+01 1 1 1 0.0 0.0 0.0
Se 7.709357600870e+00 3.897522776758e+01 1.086443756309e+01 1 1 1 0.0 0.0 0.0
Se 4.245786817095e+00 2.980744348497e+00 1.086443756309e+01 1 1 1 0.0 0.0 0.0
Se 7.822160353145e-01 2.980744348497e+00 1.086443756309e+01 1 1 1 0.0 0.0 0.0
Se 5.977572208151e+00 5.980284633420e+00 1.086443756309e+01 1 1 1 0.0 0.0 0.0
Se 2.514001426371e+00 5.980284633420e+00 1.086443756309e+01 1 1 1 0.0 0.0 0.0
Se 4.245786817427e+00 8.979824918343e+00 1.086443756309e+01 1 1 1 0.0 0.0 0.0
Se 7.822160356470e-01 8.979824918343e+00 1.086443756309e+01 1 1 1 0.0 0.0 0.0
Se 5.977572208484e+00 1.197936520327e+01 1.086443756309e+01 1 1 1 0.0 0.0 0.0
Se 2.514001426703e+00 1.197936520327e+01 1.086443756309e+01 1 1 1 0.0 0.0 0.0
Se 4.245786817760e+00 1.497890548819e+01 1.086443756309e+01 1 1 1 0.0 0.0 0.0
Se 7.822160359796e-01 1.497890548819e+01 1.086443756309e+01 1 1 1 0.0 0.0 0.0
Se 5.977572208816e+00 1.797844577311e+01 1.086443756309e+01 1 1 1 0.0 0.0 0.0
Se 2.514001427036e+00 1.797844577311e+01 1.086443756309e+01 1 1 1 0.0 0.0 0.0
Se 4.245786818092e+00 2.097798605804e+01 1.086443756309e+01 1 1 1 0.0 0.0 0.0
Se 7.709357599873e+00 2.097798605804e+01 1.086443756309e+01 1 1 1 0.0 0.0 0.0
Se 5.977572209149e+00 2.397752634296e+01 1.086443756309e+01 1 1 1 0.0 0.0 0.0
Se 2.514001427368e+00 2.397752634296e+01 1.086443756309e+01 1 1 1 0.0 0.0 0.0
Se 4.245786818425e+00 2.697706662788e+01 1.086443756309e+01 1 1 1 0.0 0.0 0.0
Se 7.709357600205e+00 2.697706662788e+01 1.086443756309e+01 1 1 1 0.0 0.0 0.0
Se 5.977572209481e+00 2.997660691281e+01 1.086443756309e+01 1 1 1 0.0 0.0 0.0
Se 2.514001427701e+00 2.997660691281e+01 1.086443756309e+01 1 1 1 0.0 0.0 0.0
Se 4.245786818757e+00 3.297614719773e+01 1.086443756309e+01 1 1 1 0.0 0.0 0.0
Se 7.709357600538e+00 3.297614719773e+01 1.086443756309e+01 1 1 1 0.0 0.0 0.0
Se 5.977572209814e+00 3.597568748265e+01 1.086443756309e+01 1 1 1 0.0 0.0 0.0
Se 2.514001428034e+00 3.597568748265e+01 1.086443756309e+01 1 1 1 0.0 0.0 0.0
Se 2.514647737845e+00 3.796546941933e+01 1.701046802998e+01 1 1 1 0.0 0.0 0.0
Se 5.978218519625e+00 3.796546941933e+01 1.701046802998e+01 1 1 1 0.0 0.0 0.0
Se 2.514647735850e+00 1.970986000250e+00 1.701046802998e+01 1 1 1 0.0 0.0 0.0
Se 5.978218517630e+00 1.970986000250e+00 1.701046802998e+01 1 1 1 0.0 0.0 0.0
Se 4.246433126906e+00 4.970526285173e+00 1.701046802998e+01 1 1 1 0.0 0.0 0.0
Se 7.828623451262e-01 4.970526285173e+00 1.701046802998e+01 1 1 1 0.0 0.0 0.0
Se 2.514647736183e+00 7.970066570096e+00 1.701046802998e+01 1 1 1 0.0 0.0 0.0
Se 5.978218517963e+00 7.970066570096e+00 1.701046802998e+01 1 1 1 0.0 0.0 0.0
Se 4.246433127239e+00 1.096960685502e+01 1.701046802998e+01 1 1 1 0.0 0.0 0.0
Se 7.828623454587e-01 1.096960685502e+01 1.701046802998e+01 1 1 1 0.0 0.0 0.0
Se 2.514647736515e+00 1.396914713994e+01 1.701046802998e+01 1 1 1 0.0 0.0 0.0
Se 5.978218518295e+00 1.396914713994e+01 1.701046802998e+01 1 1 1 0.0 0.0 0.0
Se 4.246433127571e+00 1.696868742487e+01 1.701046802998e+01 1 1 1 0.0 0.0 0.0
Se 7.828623457912e-01 1.696868742487e+01 1.701046802998e+01 1 1 1 0.0 0.0 0.0
Se 2.514647736848e+00 1.996822770979e+01 1.701046802998e+01 1 1 1 0.0 0.0 0.0
Se 5.978218518628e+00 1.996822770979e+01 1.701046802998e+01 1 1 1 0.0 0.0 0.0
Se 4.246433127904e+00 2.296776799471e+01 1.701046802998e+01 1 1 1 0.0 0.0 0.0
Se 7.710003909684e+00 2.296776799471e+01 1.701046802998e+01 1 1 1 0.0 0.0 0.0
Se 2.514647737180e+00 2.596730827964e+01 1.701046802998e+01 1 1 1 0.0 0.0 0.0
Se 5.978218518960e+00 2.596730827964e+01 1.701046802998e+01 1 1 1 0.0 0.0 0.0
Se 4.246433128237e+00 2.896684856456e+01 1.701046802998e+01 1 1 1 0.0 0.0 0.0
Se 7.710003910017e+00 2.896684856456e+01 1.701046802998e+01 1 1 1 0.0 0.0 0.0
Se 2.514647737513e+00 3.196638884948e+01 1.701046802998e+01 1 1 1 0.0 0.0 0.0
Se 5.978218519293e+00 3.196638884948e+01 1.701046802998e+01 1 1 1 0.0 0.0 0.0
Se 4.246433128569e+00 3.496592913441e+01 1.701046802998e+01 1 1 1 0.0 0.0 0.0
Se 7.710003910349e+00 3.496592913441e+01 1.701046802998e+01 1 1 1 0.0 0.0 0.0
Se 1.922077462311e+00 3.400891952678e+01 3.696241589303e+01 1 1 1 0.0 0.0 0.0
Se 5.476794843498e+00 3.195660248973e+01 3.696241589303e+01 1 1 1 0.0 0.0 0.0
Se 2.104370661124e+00 2.990428545268e+01 3.696241589303e+01 1 1 1 0.0 0.0 0.0
Se 5.659088042311e+00 2.785196841562e+01 3.696241589303e+01 1 1 1 0.0 0.0 0.0
Se 2.286663859938e+00 2.579965137857e+01 3.696241589303e+01 1 1 1 0.0 0.0 0.0
Se 5.841381241125e+00 2.374733434152e+01 3.696241589303e+01 1 1 1 0.0 0.0 0.0
Se 2.468957058751e+00 2.169501730447e+01 3.696241589303e+01 1 1 1 0.0 0.0 0.0
Se 6.023674439939e+00 1.964270026741e+01 3.696241589303e+01 1 1 1 0.0 0.0 0.0
Se 2.651250257565e+00 1.759038323036e+01 3.696241589303e+01 1 1 1 0.0 0.0 0.0
Se 6.205967638752e+00 1.553806619331e+01 3.696241589303e+01 1 1 1 0.0 0.0 0.0
Se 2.833543456379e+00 1.348574915626e+01 3.696241589303e+01 1 1 1 0.0 0.0 0.0
Se 6.388260837566e+00 1.143343211920e+01 3.696241589303e+01 1 1 1 0.0 0.0 0.0
Se 3.015836655192e+00 9.381115082150e+00 3.696241589303e+01 1 1 1 0.0 0.0 0.0
Se 6.570554036379e+00 7.328798045097e+00 3.696241589303e+01 1 1 1 0.0 0.0 0.0
Se 3.198129854006e+00 5.276481008045e+00 3.696241589303e+01 1 1 1 0.0 0.0 0.0
Se 6.752847235193e+00 3.224163970992e+00 3.696241589303e+01 1 1 1 0.0 0.0 0.0
Se 3.380423052819e+00 1.171846933939e+00 3.696241589303e+01 1 1 1 0.0 0.0 0.0
Se 1.739784263497e+00 3.811355360089e+01 3.696241589303e+01 1 1 1 0.0 0.0 0.0
Se 5.294501644684e+00 3.606123656384e+01 3.696241589303e+01 1 1 1 0.0 0.0 0.0
Se 6.575308446866e+00 3.401475952059e+01 3.332483142763e+01 1 1 1 0.0 0.0 0.0
Se 3.202884264493e+00 3.196244248354e+01 3.332483142763e+01 1 1 1 0.0 0.0 0.0
Se 6.757601645680e+00 2.991012544648e+01 3.332483142763e+01 1 1 1 0.0 0.0 0.0
Se 3.385177463306e+00 2.785780840943e+01 3.332483142763e+01 1 1 1 0.0 0.0 0.0
Se 6.939894844493e+00 2.580549137238e+01 3.332483142763e+01 1 1 1 0.0 0.0 0.0
Se 3.567470662120e+00 2.375317433533e+01 3.332483142763e+01 1 1 1 0.0 0.0 0.0
Se 7.122188043307e+00 2.170085729827e+01 3.332483142763e+01 1 1 1 0.0 0.0 0.0
Se 3.749763860933e+00 1.964854026122e+01 3.332483142763e+01 1 1 1 0.0 0.0 0.0
Se 7.304481242120e+00 1.759622322417e+01 3.332483142763e+01 1 1 1 0.0 0.0 0.0
Se 3.932057059747e+00 1.554390618711e+01 3.332483142763e+01 1 1 1 0.0 0.0 0.0
Se 7.486774440934e+00 1.349158915006e+01 3.332483142763e+01 1 1 1 0.0 0.0 0.0
Se 4.114350258560e+00 1.143927211301e+01 3.332483142763e+01 1 1 1 0.0 0.0 0.0
Se 7.419260761869e-01 9.386955075956e+00 3.332483142763e+01 1 1 1 0.0 0.0 0.0
Se 4.296643457374e+00 7.334638038903e+00 3.332483142763e+01 1 1 1 0.0 0.0 0.0
Se 9.242192750004e-01 5.282321001850e+00 3.332483142763e+01 1 1 1 0.0 0.0 0.0
Se 4.478936656187e+00 3.230003964798e+00 3.332483142763e+01 1 1 1 0.0 0.0 0.0
Se 1.106512473814e+00 1.177686927745e+00 3.332483142763e+01 1 1 1 0.0 0.0 0.0
Se 6.393015248053e+00 3.811939359469e+01 3.332483142763e+01 1 1 1 0.0 0.0 0.0
Se 3.020591065679e+00 3.606707655764e+01 3.332483142763e+01 1 1 1 0.0 0.0 0.0
Se 4.256716315156e+00 3.402345524043e+01 2.969131231352e+01 1 1 1 0.0 0.0 0.0
Se 7.811433696343e+00 3.197113820338e+01 2.969131231352e+01 1 1 1 0.0 0.0 0.0
Se 4.439009513969e+00 2.991882116633e+01 2.969131231352e+01 1 1 1 0.0 0.0 0.0
Se 7.993726895156e+00 2.786650412928e+01 2.969131231352e+01 1 1 1 0.0 0.0 0.0
Se 4.621302712783e+00 2.581418709222e+01 2.969131231352e+01 1 1 1 0.0 0.0 0.0
Se 1.248878530409e+00 2.376187005517e+01 2.969131231352e+01 1 1 1 0.0 0.0 0.0
Se 4.803595911596e+00 2.170955301812e+01 2.969131231352e+01 1 1 1 0.0 0.0 0.0
Se 1.431171729223e+00 1.965723598106e+01 2.969131231352e+01 1 1 1 0.0 0.0 0.0
Se 4.985889110410e+00 1.760491894401e+01 2.969131231352e+01 1 1 1 0.0 0.0 0.0
Se 1.613464928037e+00 1.555260190696e+01 2.969131231352e+01 1 1 1 0.0 0.0 0.0
Se 5.168182309224e+00 1.350028486991e+01 2.969131231352e+01 1 1 1 0.0 0.0 0.0
Se 1.795758126850e+00 1.144796783285e+01 2.969131231352e+01 1 1 1 0.0 0.0 0.0
Se 5.350475508037e+00 9.395650795801e+00 2.969131231352e+01 1 1 1 0.0 0.0 0.0
Se 1.978051325664e+00 7.343333758748e+00 2.969131231352e+01 1 1 1 0.0 0.0 0.0
Se 5.532768706851e+00 5.291016721695e+00 2.969131231352e+01 1 1 1 0.0 0.0 0.0
Se 2.160344524477e+00 3.238699684643e+00 2.969131231352e+01 1 1 1 0.0 0.0 0.0
Se 5.715061905664e+00 1.186382647590e+00 2.969131231352e+01 1 1 1 0.0 0.0 0.0
Se 4.074423116342e+00 3.812808931454e+01 2.969131231352e+01 1 1 1 0.0 0.0 0.0
Se 7.629140497529e+00 3.607577227749e+01 2.969131231352e+01 1 1 1 0.0 0.0 0.0
Se 6.577523168763e+00 3.409544414330e+01 2.692457590224e+01 1 1 1 0.0 0.0 0.0
Se 3.205098986389e+00 3.204312710625e+01 2.692457590224e+01 1 1 1 0.0 0.0 0.0
Se 6.759816367577e+00 2.999081006920e+01 2.692457590224e+01 1 1 1 0.0 0.0 0.0
Se 3.387392185203e+00 2.793849303214e+01 2.692457590224e+01 1 1 1 0.0 0.0 0.0
Se 6.942109566390e+00 2.588617599509e+01 2.692457590224e+01 1 1 1 0.0 0.0 0.0
Se 3.569685384017e+00 2.383385895804e+01 2.692457590224e+01 1 1 1 0.0 0.0 0.0
Se 7.124402765204e+00 2.178154192099e+01 2.692457590224e+01 1 1 1 0.0 0.0 0.0
Se 3.751978582830e+00 1.972922488393e+01 2.692457590224e+01 1 1 1 0.0 0.0 0.0
Se 7.306695964017e+00 1.767690784688e+01 2.692457590224e+01 1 1 1 0.0 0.0 0.0
Se 3.934271781644e+00 1.562459080983e+01 2.692457590224e+01 1 1 1 0.0 0.0 0.0
Se 7.488989162831e+00 1.357227377278e+01 2.692457590224e+01 1 1 1 0.0 0.0 0.0
Se 4.116564980457e+00 1.151995673572e+01 2.692457590224e+01 1 1 1 0.0 0.0 0.0
Se 7.441407980837e-01 9.467639698670e+00 2.692457590224e+01 1 1 1 0.0 0.0 0.0
Se 4.298858179271e+00 7.415322661617e+00 2.692457590224e+01 1 1 1 0.0 0.0 0.0
Se 9.264339968973e-01 5.363005624564e+00 2.692457590224e+01 1 1 1 0.0 0.0 0.0
Se 4.481151378084e+00 3.310688587512e+00 2.692457590224e+01 1 1 1 0.0 0.0 0.0
Se 1.108727195711e+00 1.258371550459e+00 2.692457590224e+01 1 1 1 0.0 0.0 0.0
Se 6.395229969949e+00 3.820007821741e+01 2.692457590224e+01 1 1 1 0.0 0.0 0.0
Se 3.022805787576e+00 3.614776118036e+01 2.692457590224e+01 1 1 1 0.0 0.0 0.0
Se 4.251078250828e+00 3.410396695460e+01 2.330671355540e+01 1 1 1 0.0 0.0 0.0
Se 7.805795632015e+00 3.205164991754e+01 2.330671355540e+01 1 1 1 0.0 0.0 0.0
Se 4.433371449641e+00 2.999933288049e+01 2.330671355540e+01 1 1 1 0.0 0.0 0.0
Se 7.988088830828e+00 2.794701584344e+01 2.330671355540e+01 1 1 1 0.0 0.0 0.0
Se 4.615664648455e+00 2.589469880639e+01 2.330671355540e+01 1 1 1 0.0 0.0 0.0
Se 1.243240466081e+00 2.384238176933e+01 2.330671355540e+01 1 1 1 0.0 0.0 0.0
Se 4.797957847268e+00 2.179006473228e+01 2.330671355540e+01 1 1 1 0.0 0.0 0.0
Se 1.425533664895e+00 1.973774769523e+01 2.330671355540e+01 1 1 1 0.0 0.0 0.0
Se 4.980251046082e+00 1.768543065818e+01 2.330671355540e+01 1 1 1 0.0 0.0 0.0
Se 1.607826863708e+00 1.563311362112e+01 2.330671355540e+01 1 1 1 0.0 0.0 0.0
Se 5.162544244895e+00 1.358079658407e+01 2.330671355540e+01 1 1 1 0.0 0.0 0.0
Se 1.790120062522e+00 1.152847954702e+01 2.330671355540e+01 1 1 1 0.0 0.0 0.0
Se 5.344837443709e+00 9.476162509965e+00 2.330671355540e+01 1 1 1 0.0 0.0 0.0
Se 1.972413261335e+00 7.423845472912e+00 2.330671355540e+01 1 1 1 0.0 0.0 0.0
Se 5.527130642522e+00 5.371528435859e+00 2.330671355540e+01 1 1 1 0.0 0.0 0.0
Se 2.154706460149e+00 3.319211398807e+00 2.330671355540e+01 1 1 1 0.0 0.0 0.0
Se 5.709423841336e+00 1.266894361754e+00 2.330671355540e+01 1 1 1 0.0 0.0 0.0
Se 4.068785052014e+00 3.820860102870e+01 2.330671355540e+01 1 1 1 0.0 0.0 0.0
Se 7.623502433201e+00 3.615628399165e+01 2.330671355540e+01 1 1 1 0.0 0.0 0.0
Se 1.930137503166e+00 3.409825468294e+01 1.968357859229e+01 1 1 1 0.0 0.0 0.0
Se 5.484854884353e+00 3.204593764589e+01 1.968357859229e+01 1 1 1 0.0 0.0 0.0
Se 2.112430701980e+00 2.999362060883e+01 1.968357859229e+01 1 1 1 0.0 0.0 0.0
Se 5.667148083167e+00 2.794130357178e+01 1.968357859229e+01 1 1 1 0.0 0.0 0.0
Se 2.294723900793e+00 2.588898653473e+01 1.968357859229e+01 1 1 1 0.0 0.0 0.0
Se 5.849441281981e+00 2.383666949768e+01 1.968357859229e+01 1 1 1 0.0 0.0 0.0
Se 2.477017099607e+00 2.178435246062e+01 1.968357859229e+01 1 1 1 0.0 0.0 0.0
Se 6.031734480794e+00 1.973203542357e+01 1.968357859229e+01 1 1 1 0.0 0.0 0.0
Se 2.659310298421e+00 1.767971838652e+01 1.968357859229e+01 1 1 1 0.0 0.0 0.0
Se 6.214027679608e+00 1.562740134946e+01 1.968357859229e+01 1 1 1 0.0 0.0 0.0
Se 2.841603497234e+00 1.357508431241e+01 1.968357859229e+01 1 1 1 0.0 0.0 0.0
Se 6.396320878421e+00 1.152276727536e+01 1.968357859229e+01 1 1 1 0.0 0.0 0.0
Se 3.023896696048e+00 9.470450238307e+00 1.968357859229e+01 1 1 1 0.0 0.0 0.0
Se 6.578614077235e+00 7.418133201254e+00 1.968357859229e+01 1 1 1 0.0 0.0 0.0
Se 3.206189894861e+00 5.365816164201e+00 1.968357859229e+01 1 1 1 0.0 0.0 0.0
Se 6.760907276048e+00 3.313499127148e+00 1.968357859229e+01 1 1 1 0.0 0.0 0.0
Se 3.388483093675e+00 1.261182090096e+00 1.968357859229e+01 1 1 1 0.0 0.0 0.0
Se 1.747844304353e+00 3.820288875705e+01 1.968357859229e+01 1 1 1 0.0 0.0 0.0
Se 5.302561685540e+00 3.615057171999e+01 1.968357859229e+01 1 1 1 0.0 0.0 0.0
"