calculation_mode = "Quench Electrons"
cell_relax = "False"
charge_density_mixing = "0.1"
charge_mixing_type = "Broyden"
description = "Example parameters for high-throughput bulk relaxation of a vdW material"
dos_broading = "0.05"
dos_method = "Gaussian"
energy_convergence_criterion = "1e-10"
energy_output_units = "Hartrees"
kohn_sham_mucycles = "3"
kohn_sham_solver = "davidson"
kpoint_distribution = "1"
kpoint_mesh = "2 1 1"
localize_projectors = "False"
max_md_steps = "100"
max_scf_steps = "200"
non_local_block_size = "4000"
output_wave_function_file = "/dev/null"
potential_acceleration_constant_step = "1.5"
processor_grid = "2 12 14"
rms_convergence_criterion = "1e-08"
scalapack_block_factor = "64"
start_mode = "LCAO Start"
state_block_size = "64"
stress = "True"
subdiag_driver = "scalapack"
use_async_allreduce = "False"
vdw_corr = "DFT-D3"
vdwdf_kernel_filepath = "/lustre/orion/world-shared/cph162/rjmorelock/rmgdft/XC/vdW_kernel_table"
wavefunction_grid = "60 282 378"
write_data_period = "50"

atomic_coordinate_type = "Absolute"
crds_units = "Angstrom"
lattice_units = "Angstrom"

lattice_vector = "
6.927141563561e+00 0.000000000000e+00 4.000000000000e-16
1.731785392719e+00 3.299494313416e+01 2.000000000000e-15
0.000000000000e+00 0.000000000000e+00 4.446241589303e+01
"
atoms = "
Nb 7.639901342618e-01 9.528970755528e-01 1.532833092694e+01 1 1 1 0.0 0.0 0.0
Nb 4.227560916042e+00 9.528970755528e-01 1.532833092694e+01 1 1 1 0.0 0.0 0.0
Nb 2.495775525318e+00 3.952437360476e+00 1.532833092694e+01 1 1 1 0.0 0.0 0.0
Nb 5.959346307099e+00 3.952437360476e+00 1.532833092694e+01 1 1 1 0.0 0.0 0.0
Nb 4.227560916375e+00 6.951977645399e+00 1.532833092694e+01 1 1 1 0.0 0.0 0.0
Nb 7.639901345944e-01 6.951977645399e+00 1.532833092694e+01 1 1 1 0.0 0.0 0.0
Nb 2.495775525651e+00 9.951517930322e+00 1.532833092694e+01 1 1 1 0.0 0.0 0.0
Nb 5.959346307431e+00 9.951517930322e+00 1.532833092694e+01 1 1 1 0.0 0.0 0.0
Nb 4.227560916707e+00 1.295105821525e+01 1.532833092694e+01 1 1 1 0.0 0.0 0.0
Nb 7.639901349269e-01 1.295105821525e+01 1.532833092694e+01 1 1 1 0.0 0.0 0.0
Nb 2.495775525983e+00 1.595059850017e+01 1.532833092694e+01 1 1 1 0.0 0.0 0.0
Nb 5.959346307764e+00 1.595059850017e+01 1.532833092694e+01 1 1 1 0.0 0.0 0.0
Nb 4.227560917040e+00 1.895013878509e+01 1.532833092694e+01 1 1 1 0.0 0.0 0.0
Nb 7.691131698820e+00 1.895013878509e+01 1.532833092694e+01 1 1 1 0.0 0.0 0.0
Nb 2.495775526316e+00 2.194967907002e+01 1.532833092694e+01 1 1 1 0.0 0.0 0.0
Nb 5.959346308096e+00 2.194967907002e+01 1.532833092694e+01 1 1 1 0.0 0.0 0.0
Nb 4.227560917372e+00 2.494921935494e+01 1.532833092694e+01 1 1 1 0.0 0.0 0.0
Nb 7.691131699153e+00 2.494921935494e+01 1.532833092694e+01 1 1 1 0.0 0.0 0.0
Nb 2.495775526648e+00 2.794875963986e+01 1.532833092694e+01 1 1 1 0.0 0.0 0.0
Nb 5.959346308429e+00 2.794875963986e+01 1.532833092694e+01 1 1 1 0.0 0.0 0.0
Nb 4.227560917705e+00 3.094829992479e+01 1.532833092694e+01 1 1 1 0.0 0.0 0.0
Nb 7.691131699485e+00 3.094829992479e+01 1.532833092694e+01 1 1 1 0.0 0.0 0.0
Nb 7.630072948185e-01 9.626532343442e-01 9.182088683320e+00 1 1 1 0.0 0.0 0.0
Nb 4.226578076599e+00 9.626532343442e-01 9.182088683320e+00 1 1 1 0.0 0.0 0.0
Nb 2.494792685875e+00 3.962193519267e+00 9.182088683320e+00 1 1 1 0.0 0.0 0.0
Nb 5.958363467655e+00 3.962193519267e+00 9.182088683320e+00 1 1 1 0.0 0.0 0.0
Nb 4.226578076931e+00 6.961733804191e+00 9.182088683320e+00 1 1 1 0.0 0.0 0.0
Nb 7.630072951511e-01 6.961733804191e+00 9.182088683320e+00 1 1 1 0.0 0.0 0.0
Nb 2.494792686207e+00 9.961274089114e+00 9.182088683320e+00 1 1 1 0.0 0.0 0.0
Nb 5.958363467988e+00 9.961274089114e+00 9.182088683320e+00 1 1 1 0.0 0.0 0.0
Nb 4.226578077264e+00 1.296081437404e+01 9.182088683320e+00 1 1 1 0.0 0.0 0.0
Nb 7.630072954836e-01 1.296081437404e+01 9.182088683320e+00 1 1 1 0.0 0.0 0.0
Nb 2.494792686540e+00 1.596035465896e+01 9.182088683320e+00 1 1 1 0.0 0.0 0.0
Nb 5.958363468320e+00 1.596035465896e+01 9.182088683320e+00 1 1 1 0.0 0.0 0.0
Nb 4.226578077596e+00 1.895989494388e+01 9.182088683320e+00 1 1 1 0.0 0.0 0.0
Nb 7.690148859377e+00 1.895989494388e+01 9.182088683320e+00 1 1 1 0.0 0.0 0.0
Nb 2.494792686873e+00 2.195943522881e+01 9.182088683320e+00 1 1 1 0.0 0.0 0.0
Nb 5.958363468653e+00 2.195943522881e+01 9.182088683320e+00 1 1 1 0.0 0.0 0.0
Nb 4.226578077929e+00 2.495897551373e+01 9.182088683320e+00 1 1 1 0.0 0.0 0.0
Nb 7.690148859709e+00 2.495897551373e+01 9.182088683320e+00 1 1 1 0.0 0.0 0.0
Nb 2.494792687205e+00 2.795851579865e+01 9.182088683320e+00 1 1 1 0.0 0.0 0.0
Nb 5.958363468985e+00 2.795851579865e+01 9.182088683320e+00 1 1 1 0.0 0.0 0.0
Nb 4.226578078261e+00 3.095805608358e+01 9.182088683320e+00 1 1 1 0.0 0.0 0.0
Nb 7.690148860042e+00 3.095805608358e+01 9.182088683320e+00 1 1 1 0.0 0.0 0.0
Bi 2.087387658438e+00 3.274231609420e+01 3.532095071834e+01 1 1 1 0.0 0.0 0.0
Bi 5.720754398087e-01 3.871740851818e+00 3.532095071834e+01 1 1 1 0.0 0.0 0.0
Bi 7.885486138986e-01 7.996108743588e+00 3.532095071834e+01 1 1 1 0.0 0.0 0.0
Bi 1.005021787988e+00 1.212047663536e+01 3.532095071834e+01 1 1 1 0.0 0.0 0.0
Bi 1.221494962078e+00 1.624484452713e+01 3.532095071834e+01 1 1 1 0.0 0.0 0.0
Bi 1.437968136168e+00 2.036921241890e+01 3.532095071834e+01 1 1 1 0.0 0.0 0.0
Bi 1.654441310258e+00 2.449358031067e+01 3.532095071834e+01 1 1 1 0.0 0.0 0.0
Bi 1.870914484348e+00 2.861794820244e+01 3.532095071834e+01 1 1 1 0.0 0.0 0.0
Bi 3.927409634544e+00 1.809556905934e+00 3.532095071834e+01 1 1 1 0.0 0.0 0.0
Bi 4.143882808634e+00 5.933924797703e+00 3.532095071834e+01 1 1 1 0.0 0.0 0.0
Bi 4.360355982724e+00 1.005829268947e+01 3.532095071834e+01 1 1 1 0.0 0.0 0.0
Bi 4.576829156814e+00 1.418266058124e+01 3.532095071834e+01 1 1 1 0.0 0.0 0.0
Bi 4.793302330904e+00 1.830702847301e+01 3.532095071834e+01 1 1 1 0.0 0.0 0.0
Bi 5.009775504993e+00 2.243139636478e+01 3.532095071834e+01 1 1 1 0.0 0.0 0.0
Bi 5.226248679083e+00 2.655576425655e+01 3.532095071834e+01 1 1 1 0.0 0.0 0.0
Bi 5.442721853173e+00 3.068013214832e+01 3.532095071834e+01 1 1 1 0.0 0.0 0.0
Bi 3.101117762847e+00 3.068961014228e+01 3.133430771007e+01 1 1 1 0.0 0.0 0.0
Bi 1.585805544218e+00 1.819034899894e+00 3.133430771007e+01 1 1 1 0.0 0.0 0.0
Bi 1.802278718308e+00 5.943402791664e+00 3.133430771007e+01 1 1 1 0.0 0.0 0.0
Bi 2.018751892398e+00 1.006777068343e+01 3.133430771007e+01 1 1 1 0.0 0.0 0.0
Bi 2.235225066488e+00 1.419213857520e+01 3.133430771007e+01 1 1 1 0.0 0.0 0.0
Bi 2.451698240577e+00 1.831650646697e+01 3.133430771007e+01 1 1 1 0.0 0.0 0.0
Bi 2.668171414667e+00 2.244087435874e+01 3.133430771007e+01 1 1 1 0.0 0.0 0.0
Bi 2.884644588757e+00 2.656524225051e+01 3.133430771007e+01 1 1 1 0.0 0.0 0.0
Bi 6.672925131672e+00 3.275179408817e+01 3.133430771007e+01 1 1 1 0.0 0.0 0.0
Bi 5.157612913043e+00 3.881218845779e+00 3.133430771007e+01 1 1 1 0.0 0.0 0.0
Bi 5.374086087133e+00 8.005586737548e+00 3.133430771007e+01 1 1 1 0.0 0.0 0.0
Bi 5.590559261223e+00 1.212995462932e+01 3.133430771007e+01 1 1 1 0.0 0.0 0.0
Bi 5.807032435313e+00 1.625432252109e+01 3.133430771007e+01 1 1 1 0.0 0.0 0.0
Bi 6.023505609403e+00 2.037869041286e+01 3.133430771007e+01 1 1 1 0.0 0.0 0.0
Bi 6.239978783493e+00 2.450305830463e+01 3.133430771007e+01 1 1 1 0.0 0.0 0.0
Bi 6.456451957582e+00 2.862742619640e+01 3.133430771007e+01 1 1 1 0.0 0.0 0.0
Bi 3.052436693485e+00 3.064225503258e+01 2.529282906773e+01 1 1 1 0.0 0.0 0.0
Bi 1.537124474855e+00 1.771679790192e+00 2.529282906773e+01 1 1 1 0.0 0.0 0.0
Bi 1.753597648945e+00 5.896047681961e+00 2.529282906773e+01 1 1 1 0.0 0.0 0.0
Bi 1.970070823035e+00 1.002041557373e+01 2.529282906773e+01 1 1 1 0.0 0.0 0.0
Bi 2.186543997125e+00 1.414478346550e+01 2.529282906773e+01 1 1 1 0.0 0.0 0.0
Bi 2.403017171215e+00 1.826915135727e+01 2.529282906773e+01 1 1 1 0.0 0.0 0.0
Bi 2.619490345305e+00 2.239351924904e+01 2.529282906773e+01 1 1 1 0.0 0.0 0.0
Bi 2.835963519395e+00 2.651788714081e+01 2.529282906773e+01 1 1 1 0.0 0.0 0.0
Bi 6.624244062310e+00 3.270443897846e+01 2.529282906773e+01 1 1 1 0.0 0.0 0.0
Bi 5.108931843681e+00 3.833863736077e+00 2.529282906773e+01 1 1 1 0.0 0.0 0.0
Bi 5.325405017770e+00 7.958231627846e+00 2.529282906773e+01 1 1 1 0.0 0.0 0.0
Bi 5.541878191860e+00 1.208259951962e+01 2.529282906773e+01 1 1 1 0.0 0.0 0.0
Bi 5.758351365950e+00 1.620696741139e+01 2.529282906773e+01 1 1 1 0.0 0.0 0.0
Bi 5.974824540040e+00 2.033133530315e+01 2.529282906773e+01 1 1 1 0.0 0.0 0.0
Bi 6.191297714130e+00 2.445570319492e+01 2.529282906773e+01 1 1 1 0.0 0.0 0.0
Bi 6.407770888220e+00 2.858007108669e+01 2.529282906773e+01 1 1 1 0.0 0.0 0.0
Bi 6.144474161614e+00 1.789257811062e+00 2.132110864621e+01 1 1 1 0.0 0.0 0.0
Bi 6.360947335704e+00 5.913625702832e+00 2.132110864621e+01 1 1 1 0.0 0.0 0.0
Bi 6.577420509794e+00 1.003799359460e+01 2.132110864621e+01 1 1 1 0.0 0.0 0.0
Bi 6.793893683883e+00 1.416236148637e+01 2.132110864621e+01 1 1 1 0.0 0.0 0.0
Bi 7.010366857973e+00 1.828672937814e+01 2.132110864621e+01 1 1 1 0.0 0.0 0.0
Bi 7.226840032063e+00 2.241109726991e+01 2.132110864621e+01 1 1 1 0.0 0.0 0.0
Bi 7.443313206153e+00 2.653546516168e+01 2.132110864621e+01 1 1 1 0.0 0.0 0.0
Bi 7.659786380243e+00 3.065983305345e+01 2.132110864621e+01 1 1 1 0.0 0.0 0.0
Bi 2.789139966878e+00 3.851441756947e+00 2.132110864621e+01 1 1 1 0.0 0.0 0.0
Bi 3.005613140968e+00 7.975809648716e+00 2.132110864621e+01 1 1 1 0.0 0.0 0.0
Bi 3.222086315058e+00 1.210017754049e+01 2.132110864621e+01 1 1 1 0.0 0.0 0.0
Bi 3.438559489148e+00 1.622454543226e+01 2.132110864621e+01 1 1 1 0.0 0.0 0.0
Bi 3.655032663238e+00 2.034891332402e+01 2.132110864621e+01 1 1 1 0.0 0.0 0.0
Bi 3.871505837328e+00 2.447328121579e+01 2.132110864621e+01 1 1 1 0.0 0.0 0.0
Bi 4.087979011418e+00 2.859764910756e+01 2.132110864621e+01 1 1 1 0.0 0.0 0.0
Bi 4.304452185508e+00 3.272201699933e+01 2.132110864621e+01 1 1 1 0.0 0.0 0.0
Se 4.227017799000e+00 3.295810219248e+01 7.500000000000e+00 1 1 1 0.0 0.0 0.0
Se 7.690588580780e+00 3.295810219248e+01 7.500000000000e+00 1 1 1 0.0 0.0 0.0
Se 4.227017797337e+00 2.962699343248e+00 7.500000000000e+00 1 1 1 0.0 0.0 0.0
Se 7.634470155572e-01 2.962699343248e+00 7.500000000000e+00 1 1 1 0.0 0.0 0.0
Se 5.958803188394e+00 5.962239628172e+00 7.500000000000e+00 1 1 1 0.0 0.0 0.0
Se 2.495232406614e+00 5.962239628172e+00 7.500000000000e+00 1 1 1 0.0 0.0 0.0
Se 4.227017797670e+00 8.961779913095e+00 7.500000000000e+00 1 1 1 0.0 0.0 0.0
Se 7.634470158897e-01 8.961779913095e+00 7.500000000000e+00 1 1 1 0.0 0.0 0.0
Se 5.958803188726e+00 1.196132019802e+01 7.500000000000e+00 1 1 1 0.0 0.0 0.0
Se 2.495232406946e+00 1.196132019802e+01 7.500000000000e+00 1 1 1 0.0 0.0 0.0
Se 4.227017798003e+00 1.496086048294e+01 7.500000000000e+00 1 1 1 0.0 0.0 0.0
Se 7.690588579783e+00 1.496086048294e+01 7.500000000000e+00 1 1 1 0.0 0.0 0.0
Se 5.958803189059e+00 1.796040076786e+01 7.500000000000e+00 1 1 1 0.0 0.0 0.0
Se 2.495232407279e+00 1.796040076786e+01 7.500000000000e+00 1 1 1 0.0 0.0 0.0
Se 4.227017798335e+00 2.095994105279e+01 7.500000000000e+00 1 1 1 0.0 0.0 0.0
Se 7.690588580115e+00 2.095994105279e+01 7.500000000000e+00 1 1 1 0.0 0.0 0.0
Se 5.958803189391e+00 2.395948133771e+01 7.500000000000e+00 1 1 1 0.0 0.0 0.0
Se 2.495232407611e+00 2.395948133771e+01 7.500000000000e+00 1 1 1 0.0 0.0 0.0
Se 4.227017798668e+00 2.695902162263e+01 7.500000000000e+00 1 1 1 0.0 0.0 0.0
Se 7.690588580448e+00 2.695902162263e+01 7.500000000000e+00 1 1 1 0.0 0.0 0.0
Se 5.958803189724e+00 2.995856190756e+01 7.500000000000e+00 1 1 1 0.0 0.0 0.0
Se 2.495232407944e+00 2.995856190756e+01 7.500000000000e+00 1 1 1 0.0 0.0 0.0
Se 2.496040929603e+00 3.194826051778e+01 1.364602824434e+01 1 1 1 0.0 0.0 0.0
Se 5.959611711383e+00 3.194826051778e+01 1.364602824434e+01 1 1 1 0.0 0.0 0.0
Se 2.496040927940e+00 1.952857668545e+00 1.364602824434e+01 1 1 1 0.0 0.0 0.0
Se 5.959611709721e+00 1.952857668545e+00 1.364602824434e+01 1 1 1 0.0 0.0 0.0
Se 4.227826318997e+00 4.952397953468e+00 1.364602824434e+01 1 1 1 0.0 0.0 0.0
Se 7.642555372164e-01 4.952397953468e+00 1.364602824434e+01 1 1 1 0.0 0.0 0.0
Se 2.496040928273e+00 7.951938238392e+00 1.364602824434e+01 1 1 1 0.0 0.0 0.0
Se 5.959611710053e+00 7.951938238392e+00 1.364602824434e+01 1 1 1 0.0 0.0 0.0
Se 4.227826319329e+00 1.095147852331e+01 1.364602824434e+01 1 1 1 0.0 0.0 0.0
Se 7.642555375489e-01 1.095147852331e+01 1.364602824434e+01 1 1 1 0.0 0.0 0.0
Se 2.496040928605e+00 1.395101880824e+01 1.364602824434e+01 1 1 1 0.0 0.0 0.0
Se 5.959611710386e+00 1.395101880824e+01 1.364602824434e+01 1 1 1 0.0 0.0 0.0
Se 4.227826319662e+00 1.695055909316e+01 1.364602824434e+01 1 1 1 0.0 0.0 0.0
Se 7.691397101442e+00 1.695055909316e+01 1.364602824434e+01 1 1 1 0.0 0.0 0.0
Se 2.496040928938e+00 1.995009937808e+01 1.364602824434e+01 1 1 1 0.0 0.0 0.0
Se 5.959611710718e+00 1.995009937808e+01 1.364602824434e+01 1 1 1 0.0 0.0 0.0
Se 4.227826319994e+00 2.294963966301e+01 1.364602824434e+01 1 1 1 0.0 0.0 0.0
Se 7.691397101775e+00 2.294963966301e+01 1.364602824434e+01 1 1 1 0.0 0.0 0.0
Se 2.496040929270e+00 2.594917994793e+01 1.364602824434e+01 1 1 1 0.0 0.0 0.0
Se 5.959611711051e+00 2.594917994793e+01 1.364602824434e+01 1 1 1 0.0 0.0 0.0
Se 4.227826320327e+00 2.894872023285e+01 1.364602824434e+01 1 1 1 0.0 0.0 0.0
Se 7.691397102107e+00 2.894872023285e+01 1.364602824434e+01 1 1 1 0.0 0.0 0.0
Se 4.226710442788e+00 3.295707082176e+01 1.086443756309e+01 1 1 1 0.0 0.0 0.0
Se 7.690281224568e+00 3.295707082176e+01 1.086443756309e+01 1 1 1 0.0 0.0 0.0
Se 4.226710441125e+00 2.961667972527e+00 1.086443756309e+01 1 1 1 0.0 0.0 0.0
Se 7.631396593449e-01 2.961667972527e+00 1.086443756309e+01 1 1 1 0.0 0.0 0.0
Se 5.958495832182e+00 5.961208257450e+00 1.086443756309e+01 1 1 1 0.0 0.0 0.0
Se 2.494925050401e+00 5.961208257450e+00 1.086443756309e+01 1 1 1 0.0 0.0 0.0
Se 4.226710441458e+00 8.960748542373e+00 1.086443756309e+01 1 1 1 0.0 0.0 0.0
Se 7.631396596774e-01 8.960748542373e+00 1.086443756309e+01 1 1 1 0.0 0.0 0.0
Se 5.958495832514e+00 1.196028882730e+01 1.086443756309e+01 1 1 1 0.0 0.0 0.0
Se 2.494925050734e+00 1.196028882730e+01 1.086443756309e+01 1 1 1 0.0 0.0 0.0
Se 4.226710441790e+00 1.495982911222e+01 1.086443756309e+01 1 1 1 0.0 0.0 0.0
Se 7.690281223570e+00 1.495982911222e+01 1.086443756309e+01 1 1 1 0.0 0.0 0.0
Se 5.958495832847e+00 1.795936939714e+01 1.086443756309e+01 1 1 1 0.0 0.0 0.0
Se 2.494925051066e+00 1.795936939714e+01 1.086443756309e+01 1 1 1 0.0 0.0 0.0
Se 4.226710442123e+00 2.095890968207e+01 1.086443756309e+01 1 1 1 0.0 0.0 0.0
Se 7.690281223903e+00 2.095890968207e+01 1.086443756309e+01 1 1 1 0.0 0.0 0.0
Se 5.958495833179e+00 2.395844996699e+01 1.086443756309e+01 1 1 1 0.0 0.0 0.0
Se 2.494925051399e+00 2.395844996699e+01 1.086443756309e+01 1 1 1 0.0 0.0 0.0
Se 4.226710442455e+00 2.695799025191e+01 1.086443756309e+01 1 1 1 0.0 0.0 0.0
Se 7.690281224236e+00 2.695799025191e+01 1.086443756309e+01 1 1 1 0.0 0.0 0.0
Se 5.958495833512e+00 2.995753053684e+01 1.086443756309e+01 1 1 1 0.0 0.0 0.0
Se 2.494925051731e+00 2.995753053684e+01 1.086443756309e+01 1 1 1 0.0 0.0 0.0
Se 2.495571361543e+00 3.194731247351e+01 1.701046802998e+01 1 1 1 0.0 0.0 0.0
Se 5.959142143323e+00 3.194731247351e+01 1.701046802998e+01 1 1 1 0.0 0.0 0.0
Se 2.495571359880e+00 1.951909624280e+00 1.701046802998e+01 1 1 1 0.0 0.0 0.0
Se 5.959142141661e+00 1.951909624280e+00 1.701046802998e+01 1 1 1 0.0 0.0 0.0
Se 4.227356750937e+00 4.951449909204e+00 1.701046802998e+01 1 1 1 0.0 0.0 0.0
Se 7.637859691565e-01 4.951449909204e+00 1.701046802998e+01 1 1 1 0.0 0.0 0.0
Se 2.495571360213e+00 7.950990194127e+00 1.701046802998e+01 1 1 1 0.0 0.0 0.0
Se 5.959142141993e+00 7.950990194127e+00 1.701046802998e+01 1 1 1 0.0 0.0 0.0
Se 4.227356751269e+00 1.095053047905e+01 1.701046802998e+01 1 1 1 0.0 0.0 0.0
Se 7.637859694890e-01 1.095053047905e+01 1.701046802998e+01 1 1 1 0.0 0.0 0.0
Se 2.495571360545e+00 1.395007076397e+01 1.701046802998e+01 1 1 1 0.0 0.0 0.0
Se 5.959142142326e+00 1.395007076397e+01 1.701046802998e+01 1 1 1 0.0 0.0 0.0
Se 4.227356751602e+00 1.694961104890e+01 1.701046802998e+01 1 1 1 0.0 0.0 0.0
Se 7.690927533382e+00 1.694961104890e+01 1.701046802998e+01 1 1 1 0.0 0.0 0.0
Se 2.495571360878e+00 1.994915133382e+01 1.701046802998e+01 1 1 1 0.0 0.0 0.0
Se 5.959142142658e+00 1.994915133382e+01 1.701046802998e+01 1 1 1 0.0 0.0 0.0
Se 4.227356751934e+00 2.294869161874e+01 1.701046802998e+01 1 1 1 0.0 0.0 0.0
Se 7.690927533715e+00 2.294869161874e+01 1.701046802998e+01 1 1 1 0.0 0.0 0.0
Se 2.495571361210e+00 2.594823190367e+01 1.701046802998e+01 1 1 1 0.0 0.0 0.0
Se 5.959142142991e+00 2.594823190367e+01 1.701046802998e+01 1 1 1 0.0 0.0 0.0
Se 4.227356752267e+00 2.894777218859e+01 1.701046802998e+01 1 1 1 0.0 0.0 0.0
Se 7.690927534047e+00 2.894777218859e+01 1.701046802998e+01 1 1 1 0.0 0.0 0.0
Se 3.138506575749e+00 3.066954576212e+01 3.696241589303e+01 1 1 1 0.0 0.0 0.0
Se 1.623194357120e+00 1.798970519733e+00 3.696241589303e+01 1 1 1 0.0 0.0 0.0
Se 1.839667531210e+00 5.923338411503e+00 3.696241589303e+01 1 1 1 0.0 0.0 0.0
Se 2.056140705299e+00 1.004770630327e+01 3.696241589303e+01 1 1 1 0.0 0.0 0.0
Se 2.272613879389e+00 1.417207419504e+01 3.696241589303e+01 1 1 1 0.0 0.0 0.0
Se 2.489087053479e+00 1.829644208681e+01 3.696241589303e+01 1 1 1 0.0 0.0 0.0
Se 2.705560227569e+00 2.242080997858e+01 3.696241589303e+01 1 1 1 0.0 0.0 0.0
Se 2.922033401659e+00 2.654517787035e+01 3.696241589303e+01 1 1 1 0.0 0.0 0.0
Se 6.710313944574e+00 3.273172970800e+01 3.696241589303e+01 1 1 1 0.0 0.0 0.0
Se 5.195001725945e+00 3.861154465618e+00 3.696241589303e+01 1 1 1 0.0 0.0 0.0
Se 5.411474900035e+00 7.985522357388e+00 3.696241589303e+01 1 1 1 0.0 0.0 0.0
Se 5.627948074125e+00 1.210989024916e+01 3.696241589303e+01 1 1 1 0.0 0.0 0.0
Se 5.844421248215e+00 1.623425814093e+01 3.696241589303e+01 1 1 1 0.0 0.0 0.0
Se 6.060894422304e+00 2.035862603270e+01 3.696241589303e+01 1 1 1 0.0 0.0 0.0
Se 6.277367596394e+00 2.448299392447e+01 3.696241589303e+01 1 1 1 0.0 0.0 0.0
Se 6.493840770484e+00 2.860736181623e+01 3.696241589303e+01 1 1 1 0.0 0.0 0.0
Se 6.220168034684e+00 1.827648226991e+00 3.332483142763e+01 1 1 1 0.0 0.0 0.0
Se 6.436641208774e+00 5.952016118760e+00 3.332483142763e+01 1 1 1 0.0 0.0 0.0
Se 6.653114382864e+00 1.007638401053e+01 3.332483142763e+01 1 1 1 0.0 0.0 0.0
Se 6.869587556954e+00 1.420075190230e+01 3.332483142763e+01 1 1 1 0.0 0.0 0.0
Se 7.086060731044e+00 1.832511979407e+01 3.332483142763e+01 1 1 1 0.0 0.0 0.0
Se 7.302533905133e+00 2.244948768584e+01 3.332483142763e+01 1 1 1 0.0 0.0 0.0
Se 7.519007079223e+00 2.657385557761e+01 3.332483142763e+01 1 1 1 0.0 0.0 0.0
Se 7.735480253313e+00 3.069822346938e+01 3.332483142763e+01 1 1 1 0.0 0.0 0.0
Se 2.864833839949e+00 3.889832172875e+00 3.332483142763e+01 1 1 1 0.0 0.0 0.0
Se 3.081307014039e+00 8.014200064645e+00 3.332483142763e+01 1 1 1 0.0 0.0 0.0
Se 3.297780188128e+00 1.213856795641e+01 3.332483142763e+01 1 1 1 0.0 0.0 0.0
Se 3.514253362218e+00 1.626293584818e+01 3.332483142763e+01 1 1 1 0.0 0.0 0.0
Se 3.730726536308e+00 2.038730373995e+01 3.332483142763e+01 1 1 1 0.0 0.0 0.0
Se 3.947199710398e+00 2.451167163172e+01 3.332483142763e+01 1 1 1 0.0 0.0 0.0
Se 4.163672884488e+00 2.863603952349e+01 3.332483142763e+01 1 1 1 0.0 0.0 0.0
Se 4.380146058578e+00 3.276040741526e+01 3.332483142763e+01 1 1 1 0.0 0.0 0.0
Se 2.067682011202e+00 3.274785907304e+01 2.969131231352e+01 1 1 1 0.0 0.0 0.0
Se 5.523697925733e-01 3.877283830651e+00 2.969131231352e+01 1 1 1 0.0 0.0 0.0
Se 7.688429666632e-01 8.001651722420e+00 2.969131231352e+01 1 1 1 0.0 0.0 0.0
Se 9.853161407530e-01 1.212601961419e+01 2.969131231352e+01 1 1 1 0.0 0.0 0.0
Se 1.201789314843e+00 1.625038750596e+01 2.969131231352e+01 1 1 1 0.0 0.0 0.0
Se 1.418262488933e+00 2.037475539773e+01 2.969131231352e+01 1 1 1 0.0 0.0 0.0
Se 1.634735663023e+00 2.449912328950e+01 2.969131231352e+01 1 1 1 0.0 0.0 0.0
Se 1.851208837113e+00 2.862349118127e+01 2.969131231352e+01 1 1 1 0.0 0.0 0.0
Se 3.907703987309e+00 1.815099884766e+00 2.969131231352e+01 1 1 1 0.0 0.0 0.0
Se 4.124177161399e+00 5.939467776536e+00 2.969131231352e+01 1 1 1 0.0 0.0 0.0
Se 4.340650335488e+00 1.006383566830e+01 2.969131231352e+01 1 1 1 0.0 0.0 0.0
Se 4.557123509578e+00 1.418820356007e+01 2.969131231352e+01 1 1 1 0.0 0.0 0.0
Se 4.773596683668e+00 1.831257145184e+01 2.969131231352e+01 1 1 1 0.0 0.0 0.0
Se 4.990069857758e+00 2.243693934361e+01 2.969131231352e+01 1 1 1 0.0 0.0 0.0
Se 5.206543031848e+00 2.656130723538e+01 2.969131231352e+01 1 1 1 0.0 0.0 0.0
Se 5.423016205938e+00 3.068567512715e+01 2.969131231352e+01 1 1 1 0.0 0.0 0.0
Se 6.147329922325e+00 1.792290136734e+00 2.692457590224e+01 1 1 1 0.0 0.0 0.0
Se 6.363803096415e+00 5.916658028503e+00 2.692457590224e+01 1 1 1 0.0 0.0 0.0
Se 6.580276270505e+00 1.004102592027e+01 2.692457590224e+01 1 1 1 0.0 0.0 0.0
Se 6.796749444595e+00 1.416539381204e+01 2.692457590224e+01 1 1 1 0.0 0.0 0.0
Se 7.013222618685e+00 1.828976170381e+01 2.692457590224e+01 1 1 1 0.0 0.0 0.0
Se 7.229695792774e+00 2.241412959558e+01 2.692457590224e+01 1 1 1 0.0 0.0 0.0
Se 7.446168966864e+00 2.653849748735e+01 2.692457590224e+01 1 1 1 0.0 0.0 0.0
Se 7.662642140954e+00 3.066286537912e+01 2.692457590224e+01 1 1 1 0.0 0.0 0.0
Se 2.791995727590e+00 3.854474082619e+00 2.692457590224e+01 1 1 1 0.0 0.0 0.0
Se 3.008468901680e+00 7.978841974388e+00 2.692457590224e+01 1 1 1 0.0 0.0 0.0
Se 3.224942075770e+00 1.210320986616e+01 2.692457590224e+01 1 1 1 0.0 0.0 0.0
Se 3.441415249859e+00 1.622757775793e+01 2.692457590224e+01 1 1 1 0.0 0.0 0.0
Se 3.657888423949e+00 2.035194564970e+01 2.692457590224e+01 1 1 1 0.0 0.0 0.0
Se 3.874361598039e+00 2.447631354147e+01 2.692457590224e+01 1 1 1 0.0 0.0 0.0
Se 4.090834772129e+00 2.860068143324e+01 2.692457590224e+01 1 1 1 0.0 0.0 0.0
Se 4.307307946219e+00 3.272504932500e+01 2.692457590224e+01 1 1 1 0.0 0.0 0.0
Se 1.998556135327e+00 3.270556775993e+01 2.330671355540e+01 1 1 1 0.0 0.0 0.0
Se 4.832439166978e-01 3.834992517540e+00 2.330671355540e+01 1 1 1 0.0 0.0 0.0
Se 6.997170907877e-01 7.959360409310e+00 2.330671355540e+01 1 1 1 0.0 0.0 0.0
Se 9.161902648776e-01 1.208372830108e+01 2.330671355540e+01 1 1 1 0.0 0.0 0.0
Se 1.132663438967e+00 1.620809619285e+01 2.330671355540e+01 1 1 1 0.0 0.0 0.0
Se 1.349136613057e+00 2.033246408462e+01 2.330671355540e+01 1 1 1 0.0 0.0 0.0
Se 1.565609787147e+00 2.445683197639e+01 2.330671355540e+01 1 1 1 0.0 0.0 0.0
Se 1.782082961237e+00 2.858119986816e+01 2.330671355540e+01 1 1 1 0.0 0.0 0.0
Se 3.838578111433e+00 1.772808571655e+00 2.330671355540e+01 1 1 1 0.0 0.0 0.0
Se 4.055051285523e+00 5.897176463425e+00 2.330671355540e+01 1 1 1 0.0 0.0 0.0
Se 4.271524459613e+00 1.002154435519e+01 2.330671355540e+01 1 1 1 0.0 0.0 0.0
Se 4.487997633703e+00 1.414591224696e+01 2.330671355540e+01 1 1 1 0.0 0.0 0.0
Se 4.704470807793e+00 1.827028013873e+01 2.330671355540e+01 1 1 1 0.0 0.0 0.0
Se 4.920943981883e+00 2.239464803050e+01 2.330671355540e+01 1 1 1 0.0 0.0 0.0
Se 5.137417155972e+00 2.651901592227e+01 2.330671355540e+01 1 1 1 0.0 0.0 0.0
Se 5.353890330062e+00 3.064338381404e+01 2.330671355540e+01 1 1 1 0.0 0.0 0.0
Se 3.055318121071e+00 3.063540510899e+01 1.968357859229e+01 1 1 1 0.0 0.0 0.0
Se 1.540005902442e+00 1.764829866600e+00 1.968357859229e+01 1 1 1 0.0 0.0 0.0
Se 1.756479076532e+00 5.889197758370e+00 1.968357859229e+01 1 1 1 0.0 0.0 0.0
Se 1.972952250622e+00 1.001356565014e+01 1.968357859229e+01 1 1 1 0.0 0.0 0.0
Se 2.189425424712e+00 1.413793354191e+01 1.968357859229e+01 1 1 1 0.0 0.0 0.0
Se 2.405898598801e+00 1.826230143368e+01 1.968357859229e+01 1 1 1 0.0 0.0 0.0
Se 2.622371772891e+00 2.238666932545e+01 1.968357859229e+01 1 1 1 0.0 0.0 0.0
Se 2.838844946981e+00 2.651103721722e+01 1.968357859229e+01 1 1 1 0.0 0.0 0.0
Se 6.627125489896e+00 3.269758905487e+01 1.968357859229e+01 1 1 1 0.0 0.0 0.0
Se 5.111813271267e+00 3.827013812485e+00 1.968357859229e+01 1 1 1 0.0 0.0 0.0
Se 5.328286445357e+00 7.951381704255e+00 1.968357859229e+01 1 1 1 0.0 0.0 0.0
Se 5.544759619447e+00 1.207574959602e+01 1.968357859229e+01 1 1 1 0.0 0.0 0.0
Se 5.761232793537e+00 1.620011748779e+01 1.968357859229e+01 1 1 1 0.0 0.0 0.0
Se 5.977705967627e+00 2.032448537956e+01 1.968357859229e+01 1 1 1 0.0 0.0 0.0
Se 6.194179141717e+00 2.444885327133e+01 1.968357859229e+01 1 1 1 0.0 0.0 0.0
Se 6.410652315806e+00 2.857322116310e+01 1.968357859229e+01 1 1 1 0.0 0.0 0.0
"