calculation_mode = "Quench Electrons"
cell_relax = "False"
charge_density_mixing = "0.1"
charge_mixing_type = "Broyden"
description = "Example parameters for high-throughput bulk relaxation of a vdW material"
dos_broading = "0.05"
dos_method = "Gaussian"
energy_convergence_criterion = "1e-10"
energy_output_units = "Hartrees"
kohn_sham_mucycles = "3"
kohn_sham_solver = "davidson"
kpoint_distribution = "1"
kpoint_mesh = "3 3 1"
localize_projectors = "False"
max_md_steps = "100"
max_scf_steps = "200"
non_local_block_size = "4000"
output_wave_function_file = "/dev/null"
potential_acceleration_constant_step = "1.5"
processor_grid = "2 2 16"
rms_convergence_criterion = "1e-08"
scalapack_block_factor = "64"
start_mode = "LCAO Start"
state_block_size = "64"
stress = "True"
subdiag_driver = "scalapack"
use_async_allreduce = "False"
vdw_corr = "DFT-D3"
vdwdf_kernel_filepath = "/lustre/orion/world-shared/cph162/rjmorelock/rmgdft/XC/vdW_kernel_table"
wavefunction_grid = "60 60 378"
write_data_period = "50"

atomic_coordinate_type = "Absolute"
crds_units = "Angstrom"
lattice_units = "Angstrom"

lattice_vector = "
6.927141563561e+00 0.000000000000e+00 4.000000000000e-16
3.463570781448e+00 5.999080569846e+00 4.000000000000e-16
0.000000000000e+00 0.000000000000e+00 4.446241589303e+01
"
atoms = "
Nb 6.081576419128e+00 5.817125376087e+00 1.532833092694e+01 1 1 1 0.0 0.0 0.0
Nb 9.545147200908e+00 5.817125376087e+00 1.532833092694e+01 1 1 1 0.0 0.0 0.0
Nb 4.349791028404e+00 2.817585091163e+00 1.532833092694e+01 1 1 1 0.0 0.0 0.0
Nb 7.813361810184e+00 2.817585091163e+00 1.532833092694e+01 1 1 1 0.0 0.0 0.0
Nb 6.080593579684e+00 5.807369217295e+00 9.182088683320e+00 1 1 1 0.0 0.0 0.0
Nb 9.544164361465e+00 5.807369217295e+00 9.182088683320e+00 1 1 1 0.0 0.0 0.0
Nb 4.348808188961e+00 2.807828932372e+00 9.182088683320e+00 1 1 1 0.0 0.0 0.0
Nb 7.812378970741e+00 2.807828932372e+00 9.182088683320e+00 1 1 1 0.0 0.0 0.0
Bi 5.907606329443e+00 1.214836587347e+00 3.532095071834e+01 1 1 1 0.0 0.0 0.0
Bi 5.907606329222e+00 5.214223633912e+00 3.532095071834e+01 1 1 1 0.0 0.0 0.0
Bi 2.444035547552e+00 3.214530110630e+00 3.532095071834e+01 1 1 1 0.0 0.0 0.0
Bi 3.623045776372e+00 1.238867118855e+00 3.133430771007e+01 1 1 1 0.0 0.0 0.0
Bi 3.623045776150e+00 5.238254165419e+00 3.133430771007e+01 1 1 1 0.0 0.0 0.0
Bi 7.086616558041e+00 3.238560642137e+00 3.133430771007e+01 1 1 1 0.0 0.0 0.0
Bi 3.606375583048e+00 1.301833709808e+00 2.529282906773e+01 1 1 1 0.0 0.0 0.0
Bi 3.606375582826e+00 5.301220756372e+00 2.529282906773e+01 1 1 1 0.0 0.0 0.0
Bi 7.069946364717e+00 3.301527233090e+00 2.529282906773e+01 1 1 1 0.0 0.0 0.0
Bi 1.317923752291e+00 1.303415207557e+00 2.132110864621e+01 1 1 1 0.0 0.0 0.0
Bi 8.245065315630e+00 5.302802254121e+00 2.132110864621e+01 1 1 1 0.0 0.0 0.0
Bi 4.781494533960e+00 3.303108730839e+00 2.132110864621e+01 1 1 1 0.0 0.0 0.0
Se 4.349247909699e+00 8.077828234677e-01 7.500000000000e+00 1 1 1 0.0 0.0 0.0
Se 8.856771279190e-01 8.077828234677e-01 7.500000000000e+00 1 1 1 0.0 0.0 0.0
Se 6.081033300423e+00 3.807323108391e+00 7.500000000000e+00 1 1 1 0.0 0.0 0.0
Se 2.617462518643e+00 3.807323108391e+00 7.500000000000e+00 1 1 1 0.0 0.0 0.0
Se 2.618271040302e+00 1.817624498171e+00 1.364602824434e+01 1 1 1 0.0 0.0 0.0
Se 6.081841822082e+00 1.817624498171e+00 1.364602824434e+01 1 1 1 0.0 0.0 0.0
Se 4.350056431026e+00 4.817164783094e+00 1.364602824434e+01 1 1 1 0.0 0.0 0.0
Se 7.813627212806e+00 4.817164783094e+00 1.364602824434e+01 1 1 1 0.0 0.0 0.0
Se 4.348940553487e+00 8.088141941892e-01 1.086443756309e+01 1 1 1 0.0 0.0 0.0
Se 8.853697717067e-01 8.088141941892e-01 1.086443756309e+01 1 1 1 0.0 0.0 0.0
Se 6.080725944211e+00 3.808354479112e+00 1.086443756309e+01 1 1 1 0.0 0.0 0.0
Se 2.617155162431e+00 3.808354479112e+00 1.086443756309e+01 1 1 1 0.0 0.0 0.0
Se 2.617801472242e+00 1.818572542436e+00 1.701046802998e+01 1 1 1 0.0 0.0 0.0
Se 6.081372254022e+00 1.818572542436e+00 1.701046802998e+01 1 1 1 0.0 0.0 0.0
Se 4.349586862966e+00 4.818112827359e+00 1.701046802998e+01 1 1 1 0.0 0.0 0.0
Se 7.813157644746e+00 4.818112827359e+00 1.701046802998e+01 1 1 1 0.0 0.0 0.0
Se 3.586975106991e+00 1.215303624103e+00 3.696241589303e+01 1 1 1 0.0 0.0 0.0
Se 3.586975106770e+00 5.214690670667e+00 3.696241589303e+01 1 1 1 0.0 0.0 0.0
Se 7.050545888661e+00 3.214997147385e+00 3.696241589303e+01 1 1 1 0.0 0.0 0.0
Se 1.313323891216e+00 1.220993874478e+00 3.332483142763e+01 1 1 1 0.0 0.0 0.0
Se 8.240465454555e+00 5.220380921042e+00 3.332483142763e+01 1 1 1 0.0 0.0 0.0
Se 4.776894672885e+00 3.220687397760e+00 3.332483142763e+01 1 1 1 0.0 0.0 0.0
Se 5.922259513542e+00 1.229466627147e+00 2.969131231352e+01 1 1 1 0.0 0.0 0.0
Se 5.922259513320e+00 5.228853673711e+00 2.969131231352e+01 1 1 1 0.0 0.0 0.0
Se 2.458688731651e+00 3.229160150429e+00 2.969131231352e+01 1 1 1 0.0 0.0 0.0
Se 1.319121942999e+00 1.299609660712e+00 2.692457590224e+01 1 1 1 0.0 0.0 0.0
Se 8.246263506338e+00 5.298996707276e+00 2.692457590224e+01 1 1 1 0.0 0.0 0.0
Se 4.782692724669e+00 3.299303183994e+00 2.692457590224e+01 1 1 1 0.0 0.0 0.0
Se 5.920197099962e+00 1.307913938384e+00 2.330671355540e+01 1 1 1 0.0 0.0 0.0
Se 5.920197099740e+00 5.307300984948e+00 2.330671355540e+01 1 1 1 0.0 0.0 0.0
Se 2.456626318071e+00 3.307607461666e+00 2.330671355540e+01 1 1 1 0.0 0.0 0.0
Se 3.599002661411e+00 1.302348135230e+00 1.968357859229e+01 1 1 1 0.0 0.0 0.0
Se 3.599002661189e+00 5.301735181794e+00 1.968357859229e+01 1 1 1 0.0 0.0 0.0
Se 7.062573443080e+00 3.302041658512e+00 1.968357859229e+01 1 1 1 0.0 0.0 0.0
"