calculation_mode = "Quench Electrons"
cell_relax = "False"
charge_density_mixing = "0.1"
charge_mixing_type = "Broyden"
description = "Example parameters for high-throughput bulk relaxation of a vdW material"
dos_broading = "0.05"
dos_method = "Gaussian"
energy_convergence_criterion = "1e-10"
energy_output_units = "Hartrees"
kohn_sham_mucycles = "3"
kohn_sham_solver = "davidson"
kpoint_mesh = "1 1 1"
localize_projectors = "False"
max_md_steps = "100"
max_scf_steps = "200"
non_local_block_size = "4000"
potential_acceleration_constant_step = "1.5"
processor_grid = "6 6 18"
rms_convergence_criterion = "1e-08"
scalapack_block_factor = "64"
start_mode = "LCAO Start"
state_block_size = "64"
stress = "True"
subdiag_driver = "scalapack"
use_async_allreduce = "False"
vdw_corr = "DFT-D3"
vdwdf_kernel_filepath = "/lustre/orion/world-shared/cph162/rjmorelock/rmgdft/XC/vdW_kernel_table"
wavefunction_grid = "128 136 378"
write_data_period = "50"

atomic_coordinate_type = "Absolute"
crds_units = "Angstrom"
lattice_units = "Angstrom"

lattice_vector = "
1.509735502196e+01 0.000000000000e+00 9.000000000000e-16
1.191896450072e+00 1.582725992162e+01 1.000000000000e-15
0.000000000000e+00 0.000000000000e+00 4.446241589303e+01
"
atoms = "
Nb 1.105835250566e+01 3.358073496446e+00 1.532833092694e+01 1 1 1 0.0 0.0 0.0
Nb 1.066105368950e+01 6.798782175059e+00 1.532833092694e+01 1 1 1 0.0 0.0 0.0
Nb 1.026375487335e+01 1.023949085367e+01 1.532833092694e+01 1 1 1 0.0 0.0 0.0
Nb 9.866456057188e+00 1.368019953228e+01 1.532833092694e+01 1 1 1 0.0 0.0 0.0
Nb 8.277260790960e+00 1.293648289278e+00 1.532833092694e+01 1 1 1 0.0 0.0 0.0
Nb 7.879961974803e+00 4.734356967891e+00 1.532833092694e+01 1 1 1 0.0 0.0 0.0
Nb 7.482663158647e+00 8.175065646504e+00 1.532833092694e+01 1 1 1 0.0 0.0 0.0
Nb 7.085364342490e+00 1.161577432512e+01 1.532833092694e+01 1 1 1 0.0 0.0 0.0
Nb 6.688065526333e+00 1.505648300373e+01 1.532833092694e+01 1 1 1 0.0 0.0 0.0
Nb 5.098870260105e+00 2.669931760723e+00 1.532833092694e+01 1 1 1 0.0 0.0 0.0
Nb 4.701571443948e+00 6.110640439336e+00 1.532833092694e+01 1 1 1 0.0 0.0 0.0
Nb 4.304272627792e+00 9.551349117949e+00 1.532833092694e+01 1 1 1 0.0 0.0 0.0
Nb 3.906973811635e+00 1.299205779656e+01 1.532833092694e+01 1 1 1 0.0 0.0 0.0
Nb 2.317778545406e+00 6.055065535556e-01 1.532833092694e+01 1 1 1 0.0 0.0 0.0
Nb 1.920479729250e+00 4.046215232169e+00 1.532833092694e+01 1 1 1 0.0 0.0 0.0
Nb 1.523180913093e+00 7.486923910782e+00 1.532833092694e+01 1 1 1 0.0 0.0 0.0
Nb 1.125882096937e+00 1.092763258939e+01 1.532833092694e+01 1 1 1 0.0 0.0 0.0
Nb 1.582593830274e+01 1.436834126801e+01 1.532833092694e+01 1 1 1 0.0 0.0 0.0
Nb 1.423674303651e+01 1.981790025001e+00 1.532833092694e+01 1 1 1 0.0 0.0 0.0
Nb 1.383944422036e+01 5.422498703614e+00 1.532833092694e+01 1 1 1 0.0 0.0 0.0
Nb 1.344214540420e+01 8.863207382227e+00 1.532833092694e+01 1 1 1 0.0 0.0 0.0
Nb 1.304484658804e+01 1.230391606084e+01 1.532833092694e+01 1 1 1 0.0 0.0 0.0
Nb 1.264754777189e+01 1.574462473945e+01 1.532833092694e+01 1 1 1 0.0 0.0 0.0
Nb 1.104854800524e+01 3.357930740265e+00 9.182088683320e+00 1 1 1 0.0 0.0 0.0
Nb 1.065124918909e+01 6.798639418878e+00 9.182088683320e+00 1 1 1 0.0 0.0 0.0
Nb 1.025395037293e+01 1.023934809749e+01 9.182088683320e+00 1 1 1 0.0 0.0 0.0
Nb 9.856651556772e+00 1.368005677610e+01 9.182088683320e+00 1 1 1 0.0 0.0 0.0
Nb 8.267456290544e+00 1.293505533098e+00 9.182088683320e+00 1 1 1 0.0 0.0 0.0
Nb 7.870157474387e+00 4.734214211711e+00 9.182088683320e+00 1 1 1 0.0 0.0 0.0
Nb 7.472858658231e+00 8.174922890324e+00 9.182088683320e+00 1 1 1 0.0 0.0 0.0
Nb 7.075559842074e+00 1.161563156894e+01 9.182088683320e+00 1 1 1 0.0 0.0 0.0
Nb 6.678261025917e+00 1.505634024755e+01 9.182088683320e+00 1 1 1 0.0 0.0 0.0
Nb 5.089065759689e+00 2.669789004543e+00 9.182088683320e+00 1 1 1 0.0 0.0 0.0
Nb 4.691766943532e+00 6.110497683156e+00 9.182088683320e+00 1 1 1 0.0 0.0 0.0
Nb 4.294468127376e+00 9.551206361769e+00 9.182088683320e+00 1 1 1 0.0 0.0 0.0
Nb 3.897169311219e+00 1.299191504038e+01 9.182088683320e+00 1 1 1 0.0 0.0 0.0
Nb 2.307974044990e+00 6.053637973751e-01 9.182088683320e+00 1 1 1 0.0 0.0 0.0
Nb 1.910675228834e+00 4.046072475988e+00 9.182088683320e+00 1 1 1 0.0 0.0 0.0
Nb 1.513376412677e+00 7.486781154601e+00 9.182088683320e+00 1 1 1 0.0 0.0 0.0
Nb 1.116077596521e+00 1.092748983321e+01 9.182088683320e+00 1 1 1 0.0 0.0 0.0
Nb 1.581613380233e+01 1.436819851183e+01 9.182088683320e+00 1 1 1 0.0 0.0 0.0
Nb 1.422693853610e+01 1.981647268820e+00 9.182088683320e+00 1 1 1 0.0 0.0 0.0
Nb 1.382963971994e+01 5.422355947433e+00 9.182088683320e+00 1 1 1 0.0 0.0 0.0
Nb 1.343234090378e+01 8.863064626046e+00 9.182088683320e+00 1 1 1 0.0 0.0 0.0
Nb 1.303504208763e+01 1.230377330466e+01 9.182088683320e+00 1 1 1 0.0 0.0 0.0
Nb 1.263774327147e+01 1.574448198327e+01 9.182088683320e+00 1 1 1 0.0 0.0 0.0
Bi 1.521565458015e+00 1.535995190014e+01 3.532095071834e+01 1 1 1 0.0 0.0 0.0
Bi 6.276431204610e-01 3.489506958924e+00 3.532095071834e+01 1 1 1 0.0 0.0 0.0
Bi 9.256172329790e-01 7.446321939329e+00 3.532095071834e+01 1 1 1 0.0 0.0 0.0
Bi 1.223591345497e+00 1.140313691973e+01 3.532095071834e+01 1 1 1 0.0 0.0 0.0
Bi 4.252994819692e+00 1.511099468722e+00 3.532095071834e+01 1 1 1 0.0 0.0 0.0
Bi 4.550968932210e+00 5.467914449127e+00 3.532095071834e+01 1 1 1 0.0 0.0 0.0
Bi 4.848943044728e+00 9.424729429532e+00 3.532095071834e+01 1 1 1 0.0 0.0 0.0
Bi 5.146917157246e+00 1.338154440994e+01 3.532095071834e+01 1 1 1 0.0 0.0 0.0
Bi 9.070242968996e+00 1.535995190014e+01 3.532095071834e+01 1 1 1 0.0 0.0 0.0
Bi 8.176320631442e+00 3.489506958924e+00 3.532095071834e+01 1 1 1 0.0 0.0 0.0
Bi 8.474294743960e+00 7.446321939329e+00 3.532095071834e+01 1 1 1 0.0 0.0 0.0
Bi 8.772268856478e+00 1.140313691973e+01 3.532095071834e+01 1 1 1 0.0 0.0 0.0
Bi 1.180167233067e+01 1.511099468722e+00 3.532095071834e+01 1 1 1 0.0 0.0 0.0
Bi 1.209964644319e+01 5.467914449127e+00 3.532095071834e+01 1 1 1 0.0 0.0 0.0
Bi 1.239762055571e+01 9.424729429532e+00 3.532095071834e+01 1 1 1 0.0 0.0 0.0
Bi 1.269559466823e+01 1.338154440994e+01 3.532095071834e+01 1 1 1 0.0 0.0 0.0
Bi 2.595355916368e+00 1.339063735932e+01 3.133430771007e+01 1 1 1 0.0 0.0 0.0
Bi 1.701433578814e+00 1.520192418107e+00 3.133430771007e+01 1 1 1 0.0 0.0 0.0
Bi 1.999407691332e+00 5.477007398512e+00 3.133430771007e+01 1 1 1 0.0 0.0 0.0
Bi 2.297381803850e+00 9.433822378917e+00 3.133430771007e+01 1 1 1 0.0 0.0 0.0
Bi 6.518681728118e+00 1.536904484952e+01 3.133430771007e+01 1 1 1 0.0 0.0 0.0
Bi 5.624759390564e+00 3.498599908310e+00 3.133430771007e+01 1 1 1 0.0 0.0 0.0
Bi 5.922733503082e+00 7.455414888715e+00 3.133430771007e+01 1 1 1 0.0 0.0 0.0
Bi 6.220707615600e+00 1.141222986912e+01 3.133430771007e+01 1 1 1 0.0 0.0 0.0
Bi 1.014403342735e+01 1.339063735932e+01 3.133430771007e+01 1 1 1 0.0 0.0 0.0
Bi 9.250111089795e+00 1.520192418107e+00 3.133430771007e+01 1 1 1 0.0 0.0 0.0
Bi 9.548085202313e+00 5.477007398512e+00 3.133430771007e+01 1 1 1 0.0 0.0 0.0
Bi 9.846059314831e+00 9.433822378917e+00 3.133430771007e+01 1 1 1 0.0 0.0 0.0
Bi 1.406735923910e+01 1.536904484952e+01 3.133430771007e+01 1 1 1 0.0 0.0 0.0
Bi 1.317343690154e+01 3.498599908310e+00 3.133430771007e+01 1 1 1 0.0 0.0 0.0
Bi 1.347141101406e+01 7.455414888715e+00 3.133430771007e+01 1 1 1 0.0 0.0 0.0
Bi 1.376938512658e+01 1.141222986912e+01 3.133430771007e+01 1 1 1 0.0 0.0 0.0
Bi 2.541594185287e+00 1.334520605630e+01 2.529282906773e+01 1 1 1 0.0 0.0 0.0
Bi 1.647671847733e+00 1.474761115084e+00 2.529282906773e+01 1 1 1 0.0 0.0 0.0
Bi 1.945645960251e+00 5.431576095489e+00 2.529282906773e+01 1 1 1 0.0 0.0 0.0
Bi 2.243620072769e+00 9.388391075894e+00 2.529282906773e+01 1 1 1 0.0 0.0 0.0
Bi 6.464919997037e+00 1.532361354650e+01 2.529282906773e+01 1 1 1 0.0 0.0 0.0
Bi 5.570997659483e+00 3.453168605287e+00 2.529282906773e+01 1 1 1 0.0 0.0 0.0
Bi 5.868971772001e+00 7.409983585692e+00 2.529282906773e+01 1 1 1 0.0 0.0 0.0
Bi 6.166945884519e+00 1.136679856610e+01 2.529282906773e+01 1 1 1 0.0 0.0 0.0
Bi 1.009027169627e+01 1.334520605630e+01 2.529282906773e+01 1 1 1 0.0 0.0 0.0
Bi 9.196349358714e+00 1.474761115084e+00 2.529282906773e+01 1 1 1 0.0 0.0 0.0
Bi 9.494323471232e+00 5.431576095489e+00 2.529282906773e+01 1 1 1 0.0 0.0 0.0
Bi 9.792297583750e+00 9.388391075894e+00 2.529282906773e+01 1 1 1 0.0 0.0 0.0
Bi 1.401359750802e+01 1.532361354650e+01 2.529282906773e+01 1 1 1 0.0 0.0 0.0
Bi 1.311967517046e+01 3.453168605287e+00 2.529282906773e+01 1 1 1 0.0 0.0 0.0
Bi 1.341764928298e+01 7.409983585692e+00 2.529282906773e+01 1 1 1 0.0 0.0 0.0
Bi 1.371562339550e+01 1.136679856610e+01 2.529282906773e+01 1 1 1 0.0 0.0 0.0
Bi 1.421735685503e+01 1.491625026872e+00 2.132110864621e+01 1 1 1 0.0 0.0 0.0
Bi 1.451533096755e+01 5.448440007277e+00 2.132110864621e+01 1 1 1 0.0 0.0 0.0
Bi 1.481330508006e+01 9.405254987682e+00 2.132110864621e+01 1 1 1 0.0 0.0 0.0
Bi 1.511127919258e+01 1.336206996809e+01 2.132110864621e+01 1 1 1 0.0 0.0 0.0
Bi 3.043327644815e+00 3.470032517074e+00 2.132110864621e+01 1 1 1 0.0 0.0 0.0
Bi 3.341301757333e+00 7.426847497479e+00 2.132110864621e+01 1 1 1 0.0 0.0 0.0
Bi 3.639275869851e+00 1.138366247788e+01 2.132110864621e+01 1 1 1 0.0 0.0 0.0
Bi 3.937249982369e+00 1.534047745829e+01 2.132110864621e+01 1 1 1 0.0 0.0 0.0
Bi 6.668679344046e+00 1.491625026872e+00 2.132110864621e+01 1 1 1 0.0 0.0 0.0
Bi 6.966653456564e+00 5.448440007277e+00 2.132110864621e+01 1 1 1 0.0 0.0 0.0
Bi 7.264627569082e+00 9.405254987682e+00 2.132110864621e+01 1 1 1 0.0 0.0 0.0
Bi 7.562601681600e+00 1.336206996809e+01 2.132110864621e+01 1 1 1 0.0 0.0 0.0
Bi 1.059200515580e+01 3.470032517074e+00 2.132110864621e+01 1 1 1 0.0 0.0 0.0
Bi 1.088997926831e+01 7.426847497479e+00 2.132110864621e+01 1 1 1 0.0 0.0 0.0
Bi 1.118795338083e+01 1.138366247788e+01 2.132110864621e+01 1 1 1 0.0 0.0 0.0
Bi 1.148592749335e+01 1.534047745829e+01 2.132110864621e+01 1 1 1 0.0 0.0 0.0
Se 1.224014463536e+01 1.751789427752e+00 7.500000000000e+00 1 1 1 0.0 0.0 0.0
Se 1.184284581921e+01 5.192498106365e+00 7.500000000000e+00 1 1 1 0.0 0.0 0.0
Se 1.144554700305e+01 8.633206784978e+00 7.500000000000e+00 1 1 1 0.0 0.0 0.0
Se 1.104824818689e+01 1.207391546359e+01 7.500000000000e+00 1 1 1 0.0 0.0 0.0
Se 1.065094937074e+01 1.551462414220e+01 7.500000000000e+00 1 1 1 0.0 0.0 0.0
Se 9.061754104508e+00 3.128072899197e+00 7.500000000000e+00 1 1 1 0.0 0.0 0.0
Se 8.664455288351e+00 6.568781577810e+00 7.500000000000e+00 1 1 1 0.0 0.0 0.0
Se 8.267156472194e+00 1.000949025642e+01 7.500000000000e+00 1 1 1 0.0 0.0 0.0
Se 7.869857656038e+00 1.345019893504e+01 7.500000000000e+00 1 1 1 0.0 0.0 0.0
Se 6.280662389809e+00 1.063647692029e+00 7.500000000000e+00 1 1 1 0.0 0.0 0.0
Se 5.883363573653e+00 4.504356370642e+00 7.500000000000e+00 1 1 1 0.0 0.0 0.0
Se 5.486064757496e+00 7.945065049255e+00 7.500000000000e+00 1 1 1 0.0 0.0 0.0
Se 5.088765941339e+00 1.138577372787e+01 7.500000000000e+00 1 1 1 0.0 0.0 0.0
Se 4.691467125183e+00 1.482648240648e+01 7.500000000000e+00 1 1 1 0.0 0.0 0.0
Se 3.102271858954e+00 2.439931163474e+00 7.500000000000e+00 1 1 1 0.0 0.0 0.0
Se 2.704973042798e+00 5.880639842087e+00 7.500000000000e+00 1 1 1 0.0 0.0 0.0
Se 2.307674226641e+00 9.321348520700e+00 7.500000000000e+00 1 1 1 0.0 0.0 0.0
Se 1.910375410484e+00 1.276205719931e+01 7.500000000000e+00 1 1 1 0.0 0.0 0.0
Se 3.211801442558e-01 3.755059563066e-01 7.500000000000e+00 1 1 1 0.0 0.0 0.0
Se 1.502123635006e+01 3.816214634920e+00 7.500000000000e+00 1 1 1 0.0 0.0 0.0
Se 1.462393753390e+01 7.256923313533e+00 7.500000000000e+00 1 1 1 0.0 0.0 0.0
Se 1.422663871775e+01 1.069763199215e+01 7.500000000000e+00 1 1 1 0.0 0.0 0.0
Se 1.382933990159e+01 1.413834067076e+01 7.500000000000e+00 1 1 1 0.0 0.0 0.0
Se 1.304476395131e+01 3.587177366788e+00 1.364602824434e+01 1 1 1 0.0 0.0 0.0
Se 1.264746513515e+01 7.027886045401e+00 1.364602824434e+01 1 1 1 0.0 0.0 0.0
Se 1.225016631900e+01 1.046859472401e+01 1.364602824434e+01 1 1 1 0.0 0.0 0.0
Se 1.185286750284e+01 1.390930340263e+01 1.364602824434e+01 1 1 1 0.0 0.0 0.0
Se 1.026367223661e+01 1.522752159620e+00 1.364602824434e+01 1 1 1 0.0 0.0 0.0
Se 9.866373420455e+00 4.963460838233e+00 1.364602824434e+01 1 1 1 0.0 0.0 0.0
Se 9.469074604298e+00 8.404169516846e+00 1.364602824434e+01 1 1 1 0.0 0.0 0.0
Se 9.071775788141e+00 1.184487819546e+01 1.364602824434e+01 1 1 1 0.0 0.0 0.0
Se 8.674476971985e+00 1.528558687407e+01 1.364602824434e+01 1 1 1 0.0 0.0 0.0
Se 7.085281705756e+00 2.899035631066e+00 1.364602824434e+01 1 1 1 0.0 0.0 0.0
Se 6.687982889600e+00 6.339744309679e+00 1.364602824434e+01 1 1 1 0.0 0.0 0.0
Se 6.290684073443e+00 9.780452988292e+00 1.364602824434e+01 1 1 1 0.0 0.0 0.0
Se 5.893385257286e+00 1.322116166690e+01 1.364602824434e+01 1 1 1 0.0 0.0 0.0
Se 4.304189991058e+00 8.346104238978e-01 1.364602824434e+01 1 1 1 0.0 0.0 0.0
Se 3.906891174901e+00 4.275319102511e+00 1.364602824434e+01 1 1 1 0.0 0.0 0.0
Se 3.509592358745e+00 7.716027781124e+00 1.364602824434e+01 1 1 1 0.0 0.0 0.0
Se 3.112293542588e+00 1.115673645974e+01 1.364602824434e+01 1 1 1 0.0 0.0 0.0
Se 2.714994726431e+00 1.459744513835e+01 1.364602824434e+01 1 1 1 0.0 0.0 0.0
Se 1.125799460203e+00 2.210893895343e+00 1.364602824434e+01 1 1 1 0.0 0.0 0.0
Se 7.285006440462e-01 5.651602573956e+00 1.364602824434e+01 1 1 1 0.0 0.0 0.0
Se 1.542855684985e+01 9.092311252569e+00 1.364602824434e+01 1 1 1 0.0 0.0 0.0
Se 1.503125803369e+01 1.253301993118e+01 1.364602824434e+01 1 1 1 0.0 0.0 0.0
Se 1.344206276747e+01 1.464686881752e-01 1.364602824434e+01 1 1 1 0.0 0.0 0.0
Se 1.224113394211e+01 1.752213061523e+00 1.086443756309e+01 1 1 1 0.0 0.0 0.0
Se 1.184383512595e+01 5.192921740136e+00 1.086443756309e+01 1 1 1 0.0 0.0 0.0
Se 1.144653630979e+01 8.633630418749e+00 1.086443756309e+01 1 1 1 0.0 0.0 0.0
Se 1.104923749364e+01 1.207433909736e+01 1.086443756309e+01 1 1 1 0.0 0.0 0.0
Se 1.065193867748e+01 1.551504777598e+01 1.086443756309e+01 1 1 1 0.0 0.0 0.0
Se 9.062743411252e+00 3.128496532969e+00 1.086443756309e+01 1 1 1 0.0 0.0 0.0
Se 8.665444595095e+00 6.569205211582e+00 1.086443756309e+01 1 1 1 0.0 0.0 0.0
Se 8.268145778938e+00 1.000991389019e+01 1.086443756309e+01 1 1 1 0.0 0.0 0.0
Se 7.870846962782e+00 1.345062256881e+01 1.086443756309e+01 1 1 1 0.0 0.0 0.0
Se 6.281651696553e+00 1.064071325801e+00 1.086443756309e+01 1 1 1 0.0 0.0 0.0
Se 5.884352880397e+00 4.504780004414e+00 1.086443756309e+01 1 1 1 0.0 0.0 0.0
Se 5.487054064240e+00 7.945488683027e+00 1.086443756309e+01 1 1 1 0.0 0.0 0.0
Se 5.089755248083e+00 1.138619736164e+01 1.086443756309e+01 1 1 1 0.0 0.0 0.0
Se 4.692456431927e+00 1.482690604025e+01 1.086443756309e+01 1 1 1 0.0 0.0 0.0
Se 3.103261165698e+00 2.440354797246e+00 1.086443756309e+01 1 1 1 0.0 0.0 0.0
Se 2.705962349542e+00 5.881063475859e+00 1.086443756309e+01 1 1 1 0.0 0.0 0.0
Se 2.308663533385e+00 9.321772154472e+00 1.086443756309e+01 1 1 1 0.0 0.0 0.0
Se 1.911364717228e+00 1.276248083308e+01 1.086443756309e+01 1 1 1 0.0 0.0 0.0
Se 3.221694509998e-01 3.759295900783e-01 1.086443756309e+01 1 1 1 0.0 0.0 0.0
Se 1.502222565681e+01 3.816638268691e+00 1.086443756309e+01 1 1 1 0.0 0.0 0.0
Se 1.462492684065e+01 7.257346947304e+00 1.086443756309e+01 1 1 1 0.0 0.0 0.0
Se 1.422762802449e+01 1.069805562592e+01 1.086443756309e+01 1 1 1 0.0 0.0 0.0
Se 1.383032920834e+01 1.413876430453e+01 1.086443756309e+01 1 1 1 0.0 0.0 0.0
Se 1.304565187464e+01 3.587752583490e+00 1.701046802998e+01 1 1 1 0.0 0.0 0.0
Se 1.264835305848e+01 7.028461262103e+00 1.701046802998e+01 1 1 1 0.0 0.0 0.0
Se 1.225105424232e+01 1.046916994072e+01 1.701046802998e+01 1 1 1 0.0 0.0 0.0
Se 1.185375542617e+01 1.390987861933e+01 1.701046802998e+01 1 1 1 0.0 0.0 0.0
Se 1.026456015994e+01 1.523327376323e+00 1.701046802998e+01 1 1 1 0.0 0.0 0.0
Se 9.867261343783e+00 4.964036054936e+00 1.701046802998e+01 1 1 1 0.0 0.0 0.0
Se 9.469962527626e+00 8.404744733549e+00 1.701046802998e+01 1 1 1 0.0 0.0 0.0
Se 9.072663711469e+00 1.184545341216e+01 1.701046802998e+01 1 1 1 0.0 0.0 0.0
Se 8.675364895313e+00 1.528616209077e+01 1.701046802998e+01 1 1 1 0.0 0.0 0.0
Se 7.086169629084e+00 2.899610847768e+00 1.701046802998e+01 1 1 1 0.0 0.0 0.0
Se 6.688870812928e+00 6.340319526381e+00 1.701046802998e+01 1 1 1 0.0 0.0 0.0
Se 6.291571996771e+00 9.781028204994e+00 1.701046802998e+01 1 1 1 0.0 0.0 0.0
Se 5.894273180614e+00 1.322173688361e+01 1.701046802998e+01 1 1 1 0.0 0.0 0.0
Se 4.305077914386e+00 8.351856406000e-01 1.701046802998e+01 1 1 1 0.0 0.0 0.0
Se 3.907779098229e+00 4.275894319213e+00 1.701046802998e+01 1 1 1 0.0 0.0 0.0
Se 3.510480282073e+00 7.716602997826e+00 1.701046802998e+01 1 1 1 0.0 0.0 0.0
Se 3.113181465916e+00 1.115731167644e+01 1.701046802998e+01 1 1 1 0.0 0.0 0.0
Se 2.715882649759e+00 1.459802035505e+01 1.701046802998e+01 1 1 1 0.0 0.0 0.0
Se 1.126687383531e+00 2.211469112045e+00 1.701046802998e+01 1 1 1 0.0 0.0 0.0
Se 7.293885673743e-01 5.652177790658e+00 1.701046802998e+01 1 1 1 0.0 0.0 0.0
Se 1.542944477318e+01 9.092886469271e+00 1.701046802998e+01 1 1 1 0.0 0.0 0.0
Se 1.503214595702e+01 1.253359514788e+01 1.701046802998e+01 1 1 1 0.0 0.0 0.0
Se 1.344295069079e+01 1.470439048774e-01 1.701046802998e+01 1 1 1 0.0 0.0 0.0
Se 2.635797431534e+00 1.337138809687e+01 3.696241589303e+01 1 1 1 0.0 0.0 0.0
Se 1.741875093980e+00 1.500943155656e+00 3.696241589303e+01 1 1 1 0.0 0.0 0.0
Se 2.039849206498e+00 5.457758136061e+00 3.696241589303e+01 1 1 1 0.0 0.0 0.0
Se 2.337823319016e+00 9.414573116466e+00 3.696241589303e+01 1 1 1 0.0 0.0 0.0
Se 6.559123243284e+00 1.534979558707e+01 3.696241589303e+01 1 1 1 0.0 0.0 0.0
Se 5.665200905730e+00 3.479350645859e+00 3.696241589303e+01 1 1 1 0.0 0.0 0.0
Se 5.963175018248e+00 7.436165626264e+00 3.696241589303e+01 1 1 1 0.0 0.0 0.0
Se 6.261149130766e+00 1.139298060667e+01 3.696241589303e+01 1 1 1 0.0 0.0 0.0
Se 1.018447494252e+01 1.337138809687e+01 3.696241589303e+01 1 1 1 0.0 0.0 0.0
Se 9.290552604961e+00 1.500943155656e+00 3.696241589303e+01 1 1 1 0.0 0.0 0.0
Se 9.588526717479e+00 5.457758136061e+00 3.696241589303e+01 1 1 1 0.0 0.0 0.0
Se 9.886500829997e+00 9.414573116466e+00 3.696241589303e+01 1 1 1 0.0 0.0 0.0
Se 1.410780075426e+01 1.534979558707e+01 3.696241589303e+01 1 1 1 0.0 0.0 0.0
Se 1.321387841671e+01 3.479350645859e+00 3.696241589303e+01 1 1 1 0.0 0.0 0.0
Se 1.351185252923e+01 7.436165626264e+00 3.696241589303e+01 1 1 1 0.0 0.0 0.0
Se 1.380982664175e+01 1.139298060667e+01 3.696241589303e+01 1 1 1 0.0 0.0 0.0
Se 1.430042017437e+01 1.528455827818e+00 3.332483142763e+01 1 1 1 0.0 0.0 0.0
Se 1.459839428689e+01 5.485270808223e+00 3.332483142763e+01 1 1 1 0.0 0.0 0.0
Se 1.489636839941e+01 9.442085788627e+00 3.332483142763e+01 1 1 1 0.0 0.0 0.0
Se 1.519434251192e+01 1.339890076903e+01 3.332483142763e+01 1 1 1 0.0 0.0 0.0
Se 3.126390964157e+00 3.506863318020e+00 3.332483142763e+01 1 1 1 0.0 0.0 0.0
Se 3.424365076675e+00 7.463678298425e+00 3.332483142763e+01 1 1 1 0.0 0.0 0.0
Se 3.722339189193e+00 1.142049327883e+01 3.332483142763e+01 1 1 1 0.0 0.0 0.0
Se 4.020313301711e+00 1.537730825923e+01 3.332483142763e+01 1 1 1 0.0 0.0 0.0
Se 6.751742663389e+00 1.528455827818e+00 3.332483142763e+01 1 1 1 0.0 0.0 0.0
Se 7.049716775907e+00 5.485270808223e+00 3.332483142763e+01 1 1 1 0.0 0.0 0.0
Se 7.347690888425e+00 9.442085788627e+00 3.332483142763e+01 1 1 1 0.0 0.0 0.0
Se 7.645665000943e+00 1.339890076903e+01 3.332483142763e+01 1 1 1 0.0 0.0 0.0
Se 1.067506847514e+01 3.506863318020e+00 3.332483142763e+01 1 1 1 0.0 0.0 0.0
Se 1.097304258766e+01 7.463678298425e+00 3.332483142763e+01 1 1 1 0.0 0.0 0.0
Se 1.127101670017e+01 1.142049327883e+01 3.332483142763e+01 1 1 1 0.0 0.0 0.0
Se 1.156899081269e+01 1.537730825923e+01 3.332483142763e+01 1 1 1 0.0 0.0 0.0
Se 1.500175156954e+00 1.536526969483e+01 2.969131231352e+01 1 1 1 0.0 0.0 0.0
Se 6.062528193998e-01 3.494824753616e+00 2.969131231352e+01 1 1 1 0.0 0.0 0.0
Se 9.042269319177e-01 7.451639734020e+00 2.969131231352e+01 1 1 1 0.0 0.0 0.0
Se 1.202201044436e+00 1.140845471443e+01 2.969131231352e+01 1 1 1 0.0 0.0 0.0
Se 4.231604518631e+00 1.516417263413e+00 2.969131231352e+01 1 1 1 0.0 0.0 0.0
Se 4.529578631149e+00 5.473232243818e+00 2.969131231352e+01 1 1 1 0.0 0.0 0.0
Se 4.827552743667e+00 9.430047224223e+00 2.969131231352e+01 1 1 1 0.0 0.0 0.0
Se 5.125526856185e+00 1.338686220463e+01 2.969131231352e+01 1 1 1 0.0 0.0 0.0
Se 9.048852667935e+00 1.536526969483e+01 2.969131231352e+01 1 1 1 0.0 0.0 0.0
Se 8.154930330381e+00 3.494824753616e+00 2.969131231352e+01 1 1 1 0.0 0.0 0.0
Se 8.452904442899e+00 7.451639734020e+00 2.969131231352e+01 1 1 1 0.0 0.0 0.0
Se 8.750878555417e+00 1.140845471443e+01 2.969131231352e+01 1 1 1 0.0 0.0 0.0
Se 1.178028202961e+01 1.516417263413e+00 2.969131231352e+01 1 1 1 0.0 0.0 0.0
Se 1.207825614213e+01 5.473232243818e+00 2.969131231352e+01 1 1 1 0.0 0.0 0.0
Se 1.237623025465e+01 9.430047224223e+00 2.969131231352e+01 1 1 1 0.0 0.0 0.0
Se 1.267420436717e+01 1.338686220463e+01 2.969131231352e+01 1 1 1 0.0 0.0 0.0
Se 1.422051448918e+01 1.494534163971e+00 2.692457590224e+01 1 1 1 0.0 0.0 0.0
Se 1.451848860169e+01 5.451349144376e+00 2.692457590224e+01 1 1 1 0.0 0.0 0.0
Se 1.481646271421e+01 9.408164124780e+00 2.692457590224e+01 1 1 1 0.0 0.0 0.0
Se 1.511443682673e+01 1.336497910519e+01 2.692457590224e+01 1 1 1 0.0 0.0 0.0
Se 3.046485278964e+00 3.472941654173e+00 2.692457590224e+01 1 1 1 0.0 0.0 0.0
Se 3.344459391482e+00 7.429756634578e+00 2.692457590224e+01 1 1 1 0.0 0.0 0.0
Se 3.642433504000e+00 1.138657161498e+01 2.692457590224e+01 1 1 1 0.0 0.0 0.0
Se 3.940407616518e+00 1.534338659539e+01 2.692457590224e+01 1 1 1 0.0 0.0 0.0
Se 6.671836978195e+00 1.494534163971e+00 2.692457590224e+01 1 1 1 0.0 0.0 0.0
Se 6.969811090713e+00 5.451349144376e+00 2.692457590224e+01 1 1 1 0.0 0.0 0.0
Se 7.267785203231e+00 9.408164124780e+00 2.692457590224e+01 1 1 1 0.0 0.0 0.0
Se 7.565759315749e+00 1.336497910519e+01 2.692457590224e+01 1 1 1 0.0 0.0 0.0
Se 1.059516278994e+01 3.472941654173e+00 2.692457590224e+01 1 1 1 0.0 0.0 0.0
Se 1.089313690246e+01 7.429756634578e+00 2.692457590224e+01 1 1 1 0.0 0.0 0.0
Se 1.119111101498e+01 1.138657161498e+01 2.692457590224e+01 1 1 1 0.0 0.0 0.0
Se 1.148908512750e+01 1.534338659539e+01 2.692457590224e+01 1 1 1 0.0 0.0 0.0
Se 1.424210432250e+00 1.532469647109e+01 2.330671355540e+01 1 1 1 0.0 0.0 0.0
Se 5.302880946958e-01 3.454251529876e+00 2.330671355540e+01 1 1 1 0.0 0.0 0.0
Se 8.282622072138e-01 7.411066510281e+00 2.330671355540e+01 1 1 1 0.0 0.0 0.0
Se 1.126236319732e+00 1.136788149069e+01 2.330671355540e+01 1 1 1 0.0 0.0 0.0
Se 4.155639793927e+00 1.475844039673e+00 2.330671355540e+01 1 1 1 0.0 0.0 0.0
Se 4.453613906445e+00 5.432659020078e+00 2.330671355540e+01 1 1 1 0.0 0.0 0.0
Se 4.751588018963e+00 9.389474000483e+00 2.330671355540e+01 1 1 1 0.0 0.0 0.0
Se 5.049562131481e+00 1.334628898089e+01 2.330671355540e+01 1 1 1 0.0 0.0 0.0
Se 8.972887943231e+00 1.532469647109e+01 2.330671355540e+01 1 1 1 0.0 0.0 0.0
Se 8.078965605677e+00 3.454251529876e+00 2.330671355540e+01 1 1 1 0.0 0.0 0.0
Se 8.376939718195e+00 7.411066510281e+00 2.330671355540e+01 1 1 1 0.0 0.0 0.0
Se 8.674913830713e+00 1.136788149069e+01 2.330671355540e+01 1 1 1 0.0 0.0 0.0
Se 1.170431730491e+01 1.475844039673e+00 2.330671355540e+01 1 1 1 0.0 0.0 0.0
Se 1.200229141743e+01 5.432659020078e+00 2.330671355540e+01 1 1 1 0.0 0.0 0.0
Se 1.230026552994e+01 9.389474000483e+00 2.330671355540e+01 1 1 1 0.0 0.0 0.0
Se 1.259823964246e+01 1.334628898089e+01 2.330671355540e+01 1 1 1 0.0 0.0 0.0
Se 2.544631046550e+00 1.333863441163e+01 1.968357859229e+01 1 1 1 0.0 0.0 0.0
Se 1.650708708997e+00 1.468189470412e+00 1.968357859229e+01 1 1 1 0.0 0.0 0.0
Se 1.948682821515e+00 5.425004450817e+00 1.968357859229e+01 1 1 1 0.0 0.0 0.0
Se 2.246656934032e+00 9.381819431222e+00 1.968357859229e+01 1 1 1 0.0 0.0 0.0
Se 6.467956858300e+00 1.531704190183e+01 1.968357859229e+01 1 1 1 0.0 0.0 0.0
Se 5.574034520746e+00 3.446596960615e+00 1.968357859229e+01 1 1 1 0.0 0.0 0.0
Se 5.872008633264e+00 7.403411941020e+00 1.968357859229e+01 1 1 1 0.0 0.0 0.0
Se 6.169982745782e+00 1.136022692142e+01 1.968357859229e+01 1 1 1 0.0 0.0 0.0
Se 1.009330855753e+01 1.333863441163e+01 1.968357859229e+01 1 1 1 0.0 0.0 0.0
Se 9.199386219977e+00 1.468189470412e+00 1.968357859229e+01 1 1 1 0.0 0.0 0.0
Se 9.497360332495e+00 5.425004450817e+00 1.968357859229e+01 1 1 1 0.0 0.0 0.0
Se 9.795334445013e+00 9.381819431222e+00 1.968357859229e+01 1 1 1 0.0 0.0 0.0
Se 1.401663436928e+01 1.531704190183e+01 1.968357859229e+01 1 1 1 0.0 0.0 0.0
Se 1.312271203173e+01 3.446596960615e+00 1.968357859229e+01 1 1 1 0.0 0.0 0.0
Se 1.342068614424e+01 7.403411941020e+00 1.968357859229e+01 1 1 1 0.0 0.0 0.0
Se 1.371866025676e+01 1.136022692142e+01 1.968357859229e+01 1 1 1 0.0 0.0 0.0
"