calculation_mode = "Quench Electrons"
cell_relax = "False"
charge_density_mixing = "0.1"
charge_mixing_type = "Broyden"
description = "Example parameters for high-throughput bulk relaxation of a vdW material"
dos_broading = "0.05"
dos_method = "Gaussian"
energy_convergence_criterion = "1e-10"
energy_output_units = "Hartrees"
kohn_sham_mucycles = "3"
kohn_sham_solver = "davidson"
kpoint_mesh = "1 1 1"
localize_projectors = "False"
max_md_steps = "100"
max_scf_steps = "200"
non_local_block_size = "4000"
potential_acceleration_constant_step = "1.5"
processor_grid = "5 8 18"
rms_convergence_criterion = "1e-08"
scalapack_block_factor = "64"
start_mode = "LCAO Start"
state_block_size = "64"
stress = "True"
subdiag_driver = "scalapack"
use_async_allreduce = "False"
vdw_corr = "DFT-D3"
vdwdf_kernel_filepath = "/lustre/orion/world-shared/cph162/rjmorelock/rmgdft/XC/vdW_kernel_table"
wavefunction_grid = "106 180 378"
write_data_period = "50"

atomic_coordinate_type = "Absolute"
crds_units = "Angstrom"
lattice_units = "Angstrom"

lattice_vector = "
1.248808204977e+01 0.000000000000e+00 8.000000000000e-16
3.362175935767e+00 2.079806980814e+01 1.300000000000e-15
0.000000000000e+00 0.000000000000e+00 4.446241589303e+01
"
atoms = "
Nb 5.697811576504e+00 1.587752218109e+01 1.532833092694e+01 1 1 1 0.0 0.0 0.0
Nb 8.099365816759e+00 1.837329055807e+01 1.532833092694e+01 1 1 1 0.0 0.0 0.0
Nb 4.256879032498e+00 1.005406263481e+01 1.532833092694e+01 1 1 1 0.0 0.0 0.0
Nb 6.658433272753e+00 1.254983101179e+01 1.532833092694e+01 1 1 1 0.0 0.0 0.0
Nb 9.059987513008e+00 1.504559938877e+01 1.532833092694e+01 1 1 1 0.0 0.0 0.0
Nb 1.146154175326e+01 1.754136776574e+01 1.532833092694e+01 1 1 1 0.0 0.0 0.0
Nb 2.815946488493e+00 4.230603088536e+00 1.532833092694e+01 1 1 1 0.0 0.0 0.0
Nb 5.217500728748e+00 6.726371465512e+00 1.532833092694e+01 1 1 1 0.0 0.0 0.0
Nb 7.619054969003e+00 9.222139842488e+00 1.532833092694e+01 1 1 1 0.0 0.0 0.0
Nb 1.002060920926e+01 1.171790821946e+01 1.532833092694e+01 1 1 1 0.0 0.0 0.0
Nb 1.242216344951e+01 1.421367659644e+01 1.532833092694e+01 1 1 1 0.0 0.0 0.0
Nb 1.482371768977e+01 1.670944497342e+01 1.532833092694e+01 1 1 1 0.0 0.0 0.0
Nb 4.737189880254e+00 1.920521335039e+01 1.532833092694e+01 1 1 1 0.0 0.0 0.0
Nb 3.776568184742e+00 9.029119192339e-01 1.532833092694e+01 1 1 1 0.0 0.0 0.0
Nb 6.178122424997e+00 3.398680296210e+00 1.532833092694e+01 1 1 1 0.0 0.0 0.0
Nb 8.579676665253e+00 5.894448673186e+00 1.532833092694e+01 1 1 1 0.0 0.0 0.0
Nb 1.098123090551e+01 8.390217050163e+00 1.532833092694e+01 1 1 1 0.0 0.0 0.0
Nb 1.338278514576e+01 1.088598542714e+01 1.532833092694e+01 1 1 1 0.0 0.0 0.0
Nb 3.296257336249e+00 1.338175380412e+01 1.532833092694e+01 1 1 1 0.0 0.0 0.0
Nb 7.138744121247e+00 7.098912690853e-02 1.532833092694e+01 1 1 1 0.0 0.0 0.0
Nb 9.540298361502e+00 2.566757503885e+00 1.532833092694e+01 1 1 1 0.0 0.0 0.0
Nb 1.194185260176e+01 5.062525880861e+00 1.532833092694e+01 1 1 1 0.0 0.0 0.0
Nb 1.855324792243e+00 7.558294257837e+00 1.532833092694e+01 1 1 1 0.0 0.0 0.0
Nb 1.386309599352e+01 2.003713614272e+01 1.532833092694e+01 1 1 1 0.0 0.0 0.0
Nb 4.143922482376e-01 1.734834711559e+00 1.532833092694e+01 1 1 1 0.0 0.0 0.0
Nb 5.705523113674e+00 1.587146571329e+01 9.182088683320e+00 1 1 1 0.0 0.0 0.0
Nb 8.107077353929e+00 1.836723409027e+01 9.182088683320e+00 1 1 1 0.0 0.0 0.0
Nb 4.264590569668e+00 1.004800616701e+01 9.182088683320e+00 1 1 1 0.0 0.0 0.0
Nb 6.666144809923e+00 1.254377454399e+01 9.182088683320e+00 1 1 1 0.0 0.0 0.0
Nb 9.067699050179e+00 1.503954292097e+01 9.182088683320e+00 1 1 1 0.0 0.0 0.0
Nb 1.146925329043e+01 1.753531129794e+01 9.182088683320e+00 1 1 1 0.0 0.0 0.0
Nb 2.823658025663e+00 4.224546620736e+00 9.182088683320e+00 1 1 1 0.0 0.0 0.0
Nb 5.225212265918e+00 6.720314997712e+00 9.182088683320e+00 1 1 1 0.0 0.0 0.0
Nb 7.626766506173e+00 9.216083374688e+00 9.182088683320e+00 1 1 1 0.0 0.0 0.0
Nb 1.002832074643e+01 1.171185175166e+01 9.182088683320e+00 1 1 1 0.0 0.0 0.0
Nb 1.242987498668e+01 1.420762012864e+01 9.182088683320e+00 1 1 1 0.0 0.0 0.0
Nb 1.483142922694e+01 1.670338850562e+01 9.182088683320e+00 1 1 1 0.0 0.0 0.0
Nb 4.744901417424e+00 1.919915688259e+01 9.182088683320e+00 1 1 1 0.0 0.0 0.0
Nb 3.784279721912e+00 8.968554514342e-01 9.182088683320e+00 1 1 1 0.0 0.0 0.0
Nb 6.185833962168e+00 3.392623828410e+00 9.182088683320e+00 1 1 1 0.0 0.0 0.0
Nb 8.587388202423e+00 5.888392205387e+00 9.182088683320e+00 1 1 1 0.0 0.0 0.0
Nb 1.098894244268e+01 8.384160582363e+00 9.182088683320e+00 1 1 1 0.0 0.0 0.0
Nb 1.339049668293e+01 1.087992895934e+01 9.182088683320e+00 1 1 1 0.0 0.0 0.0
Nb 3.303968873419e+00 1.337569733632e+01 9.182088683320e+00 1 1 1 0.0 0.0 0.0
Nb 7.146455658417e+00 6.493265910881e-02 9.182088683320e+00 1 1 1 0.0 0.0 0.0
Nb 9.548009898672e+00 2.560701036085e+00 9.182088683320e+00 1 1 1 0.0 0.0 0.0
Nb 1.194956413893e+01 5.056469413061e+00 9.182088683320e+00 1 1 1 0.0 0.0 0.0
Nb 1.863036329413e+00 7.552237790038e+00 9.182088683320e+00 1 1 1 0.0 0.0 0.0
Nb 1.387080753069e+01 2.003107967492e+01 9.182088683320e+00 1 1 1 0.0 0.0 0.0
Nb 4.221037854077e-01 1.728778243760e+00 9.182088683320e+00 1 1 1 0.0 0.0 0.0
Bi 6.121498533673e+00 2.683534067179e-01 3.532095071834e+01 1 1 1 0.0 0.0 0.0
Bi 1.958804517083e+00 2.683534067179e-01 3.532095071834e+01 1 1 1 0.0 0.0 0.0
Bi 1.028419255026e+01 2.683534067179e-01 3.532095071834e+01 1 1 1 0.0 0.0 0.0
Bi 8.069425861831e+00 3.734698374740e+00 3.532095071834e+01 1 1 1 0.0 0.0 0.0
Bi 3.906731845241e+00 3.734698374740e+00 3.532095071834e+01 1 1 1 0.0 0.0 0.0
Bi 1.223211987842e+01 3.734698374740e+00 3.532095071834e+01 1 1 1 0.0 0.0 0.0
Bi 1.001735318999e+01 7.201043342763e+00 3.532095071834e+01 1 1 1 0.0 0.0 0.0
Bi 5.854659173399e+00 7.201043342763e+00 3.532095071834e+01 1 1 1 0.0 0.0 0.0
Bi 1.691965156809e+00 7.201043342763e+00 3.532095071834e+01 1 1 1 0.0 0.0 0.0
Bi 7.802586501557e+00 1.066738831079e+01 3.532095071834e+01 1 1 1 0.0 0.0 0.0
Bi 3.639892484967e+00 1.066738831079e+01 3.532095071834e+01 1 1 1 0.0 0.0 0.0
Bi 1.196528051815e+01 1.066738831079e+01 3.532095071834e+01 1 1 1 0.0 0.0 0.0
Bi 9.750513829714e+00 1.413373327881e+01 3.532095071834e+01 1 1 1 0.0 0.0 0.0
Bi 5.587819813125e+00 1.413373327881e+01 3.532095071834e+01 1 1 1 0.0 0.0 0.0
Bi 1.391320784630e+01 1.413373327881e+01 3.532095071834e+01 1 1 1 0.0 0.0 0.0
Bi 1.169844115787e+01 1.760007824683e+01 3.532095071834e+01 1 1 1 0.0 0.0 0.0
Bi 7.535747141282e+00 1.760007824683e+01 3.532095071834e+01 1 1 1 0.0 0.0 0.0
Bi 3.373053124693e+00 1.760007824683e+01 3.532095071834e+01 1 1 1 0.0 0.0 0.0
Bi 8.150079528292e+00 1.390720885979e+00 3.133430771007e+01 1 1 1 0.0 0.0 0.0
Bi 3.987385511702e+00 1.390720885979e+00 3.133430771007e+01 1 1 1 0.0 0.0 0.0
Bi 1.231277354488e+01 1.390720885979e+00 3.133430771007e+01 1 1 1 0.0 0.0 0.0
Bi 1.009800685645e+01 4.857065854002e+00 3.133430771007e+01 1 1 1 0.0 0.0 0.0
Bi 5.935312839860e+00 4.857065854002e+00 3.133430771007e+01 1 1 1 0.0 0.0 0.0
Bi 1.772618823270e+00 4.857065854002e+00 3.133430771007e+01 1 1 1 0.0 0.0 0.0
Bi 1.204593418461e+01 8.323410822024e+00 3.133430771007e+01 1 1 1 0.0 0.0 0.0
Bi 7.883240168017e+00 8.323410822024e+00 3.133430771007e+01 1 1 1 0.0 0.0 0.0
Bi 3.720546151428e+00 8.323410822024e+00 3.133430771007e+01 1 1 1 0.0 0.0 0.0
Bi 9.831167496175e+00 1.178975579005e+01 3.133430771007e+01 1 1 1 0.0 0.0 0.0
Bi 5.668473479585e+00 1.178975579005e+01 3.133430771007e+01 1 1 1 0.0 0.0 0.0
Bi 1.399386151276e+01 1.178975579005e+01 3.133430771007e+01 1 1 1 0.0 0.0 0.0
Bi 1.177909482433e+01 1.525610075807e+01 3.133430771007e+01 1 1 1 0.0 0.0 0.0
Bi 7.616400807743e+00 1.525610075807e+01 3.133430771007e+01 1 1 1 0.0 0.0 0.0
Bi 3.453706791153e+00 1.525610075807e+01 3.133430771007e+01 1 1 1 0.0 0.0 0.0
Bi 1.372702215249e+01 1.872244572609e+01 3.133430771007e+01 1 1 1 0.0 0.0 0.0
Bi 9.564328135901e+00 1.872244572609e+01 3.133430771007e+01 1 1 1 0.0 0.0 0.0
Bi 5.401634119311e+00 1.872244572609e+01 3.133430771007e+01 1 1 1 0.0 0.0 0.0
Bi 8.199654182870e+00 1.344488314420e+00 2.529282906773e+01 1 1 1 0.0 0.0 0.0
Bi 4.036960166280e+00 1.344488314420e+00 2.529282906773e+01 1 1 1 0.0 0.0 0.0
Bi 1.236234819946e+01 1.344488314420e+00 2.529282906773e+01 1 1 1 0.0 0.0 0.0
Bi 1.014758151103e+01 4.810833282443e+00 2.529282906773e+01 1 1 1 0.0 0.0 0.0
Bi 5.984887494438e+00 4.810833282443e+00 2.529282906773e+01 1 1 1 0.0 0.0 0.0
Bi 1.822193477848e+00 4.810833282443e+00 2.529282906773e+01 1 1 1 0.0 0.0 0.0
Bi 1.209550883919e+01 8.277178250465e+00 2.529282906773e+01 1 1 1 0.0 0.0 0.0
Bi 7.932814822595e+00 8.277178250465e+00 2.529282906773e+01 1 1 1 0.0 0.0 0.0
Bi 3.770120806006e+00 8.277178250465e+00 2.529282906773e+01 1 1 1 0.0 0.0 0.0
Bi 9.880742150753e+00 1.174352321849e+01 2.529282906773e+01 1 1 1 0.0 0.0 0.0
Bi 5.718048134163e+00 1.174352321849e+01 2.529282906773e+01 1 1 1 0.0 0.0 0.0
Bi 1.404343616734e+01 1.174352321849e+01 2.529282906773e+01 1 1 1 0.0 0.0 0.0
Bi 1.182866947891e+01 1.520986818651e+01 2.529282906773e+01 1 1 1 0.0 0.0 0.0
Bi 7.665975462321e+00 1.520986818651e+01 2.529282906773e+01 1 1 1 0.0 0.0 0.0
Bi 3.503281445731e+00 1.520986818651e+01 2.529282906773e+01 1 1 1 0.0 0.0 0.0
Bi 1.377659680707e+01 1.867621315453e+01 2.529282906773e+01 1 1 1 0.0 0.0 0.0
Bi 9.613902790479e+00 1.867621315453e+01 2.529282906773e+01 1 1 1 0.0 0.0 0.0
Bi 5.451208773889e+00 1.867621315453e+01 2.529282906773e+01 1 1 1 0.0 0.0 0.0
Bi 7.470790623099e+00 1.981998483638e+01 2.132110864621e+01 1 1 1 0.0 0.0 0.0
Bi 3.308096606509e+00 1.981998483638e+01 2.132110864621e+01 1 1 1 0.0 0.0 0.0
Bi 1.163348463969e+01 1.981998483638e+01 2.132110864621e+01 1 1 1 0.0 0.0 0.0
Bi 6.056542015489e+00 2.488259996267e+00 2.132110864621e+01 1 1 1 0.0 0.0 0.0
Bi 1.893847998900e+00 2.488259996267e+00 2.132110864621e+01 1 1 1 0.0 0.0 0.0
Bi 1.021923603208e+01 2.488259996267e+00 2.132110864621e+01 1 1 1 0.0 0.0 0.0
Bi 8.004469343647e+00 5.954604964289e+00 2.132110864621e+01 1 1 1 0.0 0.0 0.0
Bi 3.841775327057e+00 5.954604964289e+00 2.132110864621e+01 1 1 1 0.0 0.0 0.0
Bi 1.216716336024e+01 5.954604964289e+00 2.132110864621e+01 1 1 1 0.0 0.0 0.0
Bi 5.789702655215e+00 9.420949932312e+00 2.132110864621e+01 1 1 1 0.0 0.0 0.0
Bi 1.627008638625e+00 9.420949932312e+00 2.132110864621e+01 1 1 1 0.0 0.0 0.0
Bi 9.952396671805e+00 9.420949932312e+00 2.132110864621e+01 1 1 1 0.0 0.0 0.0
Bi 7.737629983373e+00 1.288729490033e+01 2.132110864621e+01 1 1 1 0.0 0.0 0.0
Bi 3.574935966783e+00 1.288729490033e+01 2.132110864621e+01 1 1 1 0.0 0.0 0.0
Bi 1.190032399996e+01 1.288729490033e+01 2.132110864621e+01 1 1 1 0.0 0.0 0.0
Bi 9.685557311531e+00 1.635363986836e+01 2.132110864621e+01 1 1 1 0.0 0.0 0.0
Bi 5.522863294941e+00 1.635363986836e+01 2.132110864621e+01 1 1 1 0.0 0.0 0.0
Bi 1.384825132812e+01 1.635363986836e+01 2.132110864621e+01 1 1 1 0.0 0.0 0.0
Se 3.784228895004e+00 1.531628919183e+01 7.500000000000e+00 1 1 1 0.0 0.0 0.0
Se 6.185783135259e+00 1.781205756881e+01 7.500000000000e+00 1 1 1 0.0 0.0 0.0
Se 2.343296350998e+00 9.492829645553e+00 7.500000000000e+00 1 1 1 0.0 0.0 0.0
Se 4.744850591253e+00 1.198859802253e+01 7.500000000000e+00 1 1 1 0.0 0.0 0.0
Se 7.146404831508e+00 1.448436639951e+01 7.500000000000e+00 1 1 1 0.0 0.0 0.0
Se 9.547959071764e+00 1.698013477648e+01 7.500000000000e+00 1 1 1 0.0 0.0 0.0
Se 9.023638069926e-01 3.669370099275e+00 7.500000000000e+00 1 1 1 0.0 0.0 0.0
Se 3.303918047248e+00 6.165138476251e+00 7.500000000000e+00 1 1 1 0.0 0.0 0.0
Se 5.705472287503e+00 8.660906853227e+00 7.500000000000e+00 1 1 1 0.0 0.0 0.0
Se 8.107026527758e+00 1.115667523020e+01 7.500000000000e+00 1 1 1 0.0 0.0 0.0
Se 1.050858076801e+01 1.365244360718e+01 7.500000000000e+00 1 1 1 0.0 0.0 0.0
Se 1.291013500827e+01 1.614821198416e+01 7.500000000000e+00 1 1 1 0.0 0.0 0.0
Se 1.531168924852e+01 1.864398036113e+01 7.500000000000e+00 1 1 1 0.0 0.0 0.0
Se 1.862985503242e+00 3.416789299730e-01 7.500000000000e+00 1 1 1 0.0 0.0 0.0
Se 4.264539743497e+00 2.837447306949e+00 7.500000000000e+00 1 1 1 0.0 0.0 0.0
Se 6.666093983752e+00 5.333215683925e+00 7.500000000000e+00 1 1 1 0.0 0.0 0.0
Se 9.067648224008e+00 7.828984060902e+00 7.500000000000e+00 1 1 1 0.0 0.0 0.0
Se 1.146920246426e+01 1.032475243788e+01 7.500000000000e+00 1 1 1 0.0 0.0 0.0
Se 1.387075670452e+01 1.282052081485e+01 7.500000000000e+00 1 1 1 0.0 0.0 0.0
Se 8.587337375514e+00 2.030782594578e+01 7.500000000000e+00 1 1 1 0.0 0.0 0.0
Se 7.626715680002e+00 2.005524514624e+00 7.500000000000e+00 1 1 1 0.0 0.0 0.0
Se 1.002826992026e+01 4.501292891600e+00 7.500000000000e+00 1 1 1 0.0 0.0 0.0
Se 1.242982416051e+01 6.997061268576e+00 7.500000000000e+00 1 1 1 0.0 0.0 0.0
Se 1.194951331202e+01 1.947590315346e+01 7.500000000000e+00 1 1 1 0.0 0.0 0.0
Se 1.098889161651e+01 1.173601722298e+00 7.500000000000e+00 1 1 1 0.0 0.0 0.0
Se 4.256777032786e+00 1.726378999744e+01 1.364602824434e+01 1 1 1 0.0 0.0 0.0
Se 6.658331273041e+00 1.975955837441e+01 1.364602824434e+01 1 1 1 0.0 0.0 0.0
Se 2.815844488780e+00 1.144033045116e+01 1.364602824434e+01 1 1 1 0.0 0.0 0.0
Se 5.217398729036e+00 1.393609882813e+01 1.364602824434e+01 1 1 1 0.0 0.0 0.0
Se 7.618952969291e+00 1.643186720511e+01 1.364602824434e+01 1 1 1 0.0 0.0 0.0
Se 1.002050720955e+01 1.892763558209e+01 1.364602824434e+01 1 1 1 0.0 0.0 0.0
Se 1.374911944775e+00 5.616870904880e+00 1.364602824434e+01 1 1 1 0.0 0.0 0.0
Se 3.776466185030e+00 8.112639281856e+00 1.364602824434e+01 1 1 1 0.0 0.0 0.0
Se 6.178020425285e+00 1.060840765883e+01 1.364602824434e+01 1 1 1 0.0 0.0 0.0
Se 8.579574665540e+00 1.310417603581e+01 1.364602824434e+01 1 1 1 0.0 0.0 0.0
Se 1.098112890580e+01 1.559994441279e+01 1.364602824434e+01 1 1 1 0.0 0.0 0.0
Se 1.338268314605e+01 1.809571278976e+01 1.364602824434e+01 1 1 1 0.0 0.0 0.0
Se 1.578423738631e+01 2.059148116674e+01 1.364602824434e+01 1 1 1 0.0 0.0 0.0
Se 2.335533641024e+00 2.289179735578e+00 1.364602824434e+01 1 1 1 0.0 0.0 0.0
Se 4.737087881280e+00 4.784948112555e+00 1.364602824434e+01 1 1 1 0.0 0.0 0.0
Se 7.138642121535e+00 7.280716489531e+00 1.364602824434e+01 1 1 1 0.0 0.0 0.0
Se 9.540196361790e+00 9.776484866507e+00 1.364602824434e+01 1 1 1 0.0 0.0 0.0
Se 1.194175060204e+01 1.227225324348e+01 1.364602824434e+01 1 1 1 0.0 0.0 0.0
Se 1.434330484230e+01 1.476802162046e+01 1.364602824434e+01 1 1 1 0.0 0.0 0.0
Se 5.697709577529e+00 1.457256943253e+00 1.364602824434e+01 1 1 1 0.0 0.0 0.0
Se 8.099263817784e+00 3.953025320229e+00 1.364602824434e+01 1 1 1 0.0 0.0 0.0
Se 1.050081805804e+01 6.448793697206e+00 1.364602824434e+01 1 1 1 0.0 0.0 0.0
Se 1.290237229829e+01 8.944562074182e+00 1.364602824434e+01 1 1 1 0.0 0.0 0.0
Se 9.059885514034e+00 6.253341509277e-01 1.364602824434e+01 1 1 1 0.0 0.0 0.0
Se 1.146143975429e+01 3.121102527904e+00 1.364602824434e+01 1 1 1 0.0 0.0 0.0
Se 3.783698826490e+00 1.531722579248e+01 1.086443756309e+01 1 1 1 0.0 0.0 0.0
Se 6.185253066745e+00 1.781299416946e+01 1.086443756309e+01 1 1 1 0.0 0.0 0.0
Se 2.342766282484e+00 9.493766246202e+00 1.086443756309e+01 1 1 1 0.0 0.0 0.0
Se 4.744320522739e+00 1.198953462318e+01 1.086443756309e+01 1 1 1 0.0 0.0 0.0
Se 7.145874762995e+00 1.448530300015e+01 1.086443756309e+01 1 1 1 0.0 0.0 0.0
Se 9.547429003250e+00 1.698107137713e+01 1.086443756309e+01 1 1 1 0.0 0.0 0.0
Se 9.018337384788e-01 3.670306699924e+00 1.086443756309e+01 1 1 1 0.0 0.0 0.0
Se 3.303387978734e+00 6.166075076901e+00 1.086443756309e+01 1 1 1 0.0 0.0 0.0
Se 5.704942218989e+00 8.661843453877e+00 1.086443756309e+01 1 1 1 0.0 0.0 0.0
Se 8.106496459244e+00 1.115761183085e+01 1.086443756309e+01 1 1 1 0.0 0.0 0.0
Se 1.050805069950e+01 1.365338020783e+01 1.086443756309e+01 1 1 1 0.0 0.0 0.0
Se 1.290960493975e+01 1.614914858481e+01 1.086443756309e+01 1 1 1 0.0 0.0 0.0
Se 1.531115918001e+01 1.864491696178e+01 1.086443756309e+01 1 1 1 0.0 0.0 0.0
Se 1.862455434728e+00 3.426155306227e-01 1.086443756309e+01 1 1 1 0.0 0.0 0.0
Se 4.264009674984e+00 2.838383907599e+00 1.086443756309e+01 1 1 1 0.0 0.0 0.0
Se 6.665563915239e+00 5.334152284575e+00 1.086443756309e+01 1 1 1 0.0 0.0 0.0
Se 9.067118155494e+00 7.829920661551e+00 1.086443756309e+01 1 1 1 0.0 0.0 0.0
Se 1.146867239575e+01 1.032568903853e+01 1.086443756309e+01 1 1 1 0.0 0.0 0.0
Se 1.387022663600e+01 1.282145741550e+01 1.086443756309e+01 1 1 1 0.0 0.0 0.0
Se 8.586807307000e+00 2.030876254643e+01 1.086443756309e+01 1 1 1 0.0 0.0 0.0
Se 7.626185611488e+00 2.006461115274e+00 1.086443756309e+01 1 1 1 0.0 0.0 0.0
Se 1.002773985174e+01 4.502229492250e+00 1.086443756309e+01 1 1 1 0.0 0.0 0.0
Se 1.242929409200e+01 6.997997869226e+00 1.086443756309e+01 1 1 1 0.0 0.0 0.0
Se 1.194898324350e+01 1.947683975411e+01 1.086443756309e+01 1 1 1 0.0 0.0 0.0
Se 1.098836154799e+01 1.174538322948e+00 1.086443756309e+01 1 1 1 0.0 0.0 0.0
Se 4.256419481054e+00 1.726478570766e+01 1.701046802998e+01 1 1 1 0.0 0.0 0.0
Se 6.657973721309e+00 1.976055408464e+01 1.701046802998e+01 1 1 1 0.0 0.0 0.0
Se 2.815486937049e+00 1.144132616138e+01 1.701046802998e+01 1 1 1 0.0 0.0 0.0
Se 5.217041177304e+00 1.393709453836e+01 1.701046802998e+01 1 1 1 0.0 0.0 0.0
Se 7.618595417559e+00 1.643286291533e+01 1.701046802998e+01 1 1 1 0.0 0.0 0.0
Se 1.002014965781e+01 1.892863129231e+01 1.701046802998e+01 1 1 1 0.0 0.0 0.0
Se 1.374554393043e+00 5.617866615104e+00 1.701046802998e+01 1 1 1 0.0 0.0 0.0
Se 3.776108633298e+00 8.113634992080e+00 1.701046802998e+01 1 1 1 0.0 0.0 0.0
Se 6.177662873553e+00 1.060940336906e+01 1.701046802998e+01 1 1 1 0.0 0.0 0.0
Se 8.579217113809e+00 1.310517174603e+01 1.701046802998e+01 1 1 1 0.0 0.0 0.0
Se 1.098077135406e+01 1.560094012301e+01 1.701046802998e+01 1 1 1 0.0 0.0 0.0
Se 1.338232559432e+01 1.809670849999e+01 1.701046802998e+01 1 1 1 0.0 0.0 0.0
Se 1.578387983457e+01 2.059247687696e+01 1.701046802998e+01 1 1 1 0.0 0.0 0.0
Se 2.335176089293e+00 2.290175445802e+00 1.701046802998e+01 1 1 1 0.0 0.0 0.0
Se 4.736730329548e+00 4.785943822779e+00 1.701046802998e+01 1 1 1 0.0 0.0 0.0
Se 7.138284569803e+00 7.281712199755e+00 1.701046802998e+01 1 1 1 0.0 0.0 0.0
Se 9.539838810058e+00 9.777480576731e+00 1.701046802998e+01 1 1 1 0.0 0.0 0.0
Se 1.194139305031e+01 1.227324895371e+01 1.701046802998e+01 1 1 1 0.0 0.0 0.0
Se 1.434294729057e+01 1.476901733068e+01 1.701046802998e+01 1 1 1 0.0 0.0 0.0
Se 5.697352025798e+00 1.458252653477e+00 1.701046802998e+01 1 1 1 0.0 0.0 0.0
Se 8.098906266053e+00 3.954021030453e+00 1.701046802998e+01 1 1 1 0.0 0.0 0.0
Se 1.050046050631e+01 6.449789407430e+00 1.701046802998e+01 1 1 1 0.0 0.0 0.0
Se 1.290201474656e+01 8.945557784406e+00 1.701046802998e+01 1 1 1 0.0 0.0 0.0
Se 9.059527962302e+00 6.263298611516e-01 1.701046802998e+01 1 1 1 0.0 0.0 0.0
Se 1.146108220256e+01 3.122098238128e+00 1.701046802998e+01 1 1 1 0.0 0.0 0.0
Se 8.168849543518e+00 1.429193596217e+00 3.696241589303e+01 1 1 1 0.0 0.0 0.0
Se 4.006155526929e+00 1.429193596217e+00 3.696241589303e+01 1 1 1 0.0 0.0 0.0
Se 1.233154356011e+01 1.429193596217e+00 3.696241589303e+01 1 1 1 0.0 0.0 0.0
Se 1.011677687168e+01 4.895538564240e+00 3.696241589303e+01 1 1 1 0.0 0.0 0.0
Se 5.954082855086e+00 4.895538564240e+00 3.696241589303e+01 1 1 1 0.0 0.0 0.0
Se 1.791388838497e+00 4.895538564240e+00 3.696241589303e+01 1 1 1 0.0 0.0 0.0
Se 1.206470419983e+01 8.361883532262e+00 3.696241589303e+01 1 1 1 0.0 0.0 0.0
Se 7.902010183244e+00 8.361883532262e+00 3.696241589303e+01 1 1 1 0.0 0.0 0.0
Se 3.739316166654e+00 8.361883532262e+00 3.696241589303e+01 1 1 1 0.0 0.0 0.0
Se 9.849937511402e+00 1.182822850028e+01 3.696241589303e+01 1 1 1 0.0 0.0 0.0
Se 5.687243494812e+00 1.182822850028e+01 3.696241589303e+01 1 1 1 0.0 0.0 0.0
Se 1.401263152799e+01 1.182822850028e+01 3.696241589303e+01 1 1 1 0.0 0.0 0.0
Se 1.179786483956e+01 1.529457346831e+01 3.696241589303e+01 1 1 1 0.0 0.0 0.0
Se 7.635170822970e+00 1.529457346831e+01 3.696241589303e+01 1 1 1 0.0 0.0 0.0
Se 3.472476806380e+00 1.529457346831e+01 3.696241589303e+01 1 1 1 0.0 0.0 0.0
Se 1.374579216772e+01 1.876091843633e+01 3.696241589303e+01 1 1 1 0.0 0.0 0.0
Se 9.583098151128e+00 1.876091843633e+01 3.696241589303e+01 1 1 1 0.0 0.0 0.0
Se 5.420404134538e+00 1.876091843633e+01 3.696241589303e+01 1 1 1 0.0 0.0 0.0
Se 7.429205286583e+00 1.989372274913e+01 3.332483142763e+01 1 1 1 0.0 0.0 0.0
Se 3.266511269993e+00 1.989372274913e+01 3.332483142763e+01 1 1 1 0.0 0.0 0.0
Se 1.159189930317e+01 1.989372274913e+01 3.332483142763e+01 1 1 1 0.0 0.0 0.0
Se 6.014956678974e+00 2.561997909013e+00 3.332483142763e+01 1 1 1 0.0 0.0 0.0
Se 1.852262662384e+00 2.561997909013e+00 3.332483142763e+01 1 1 1 0.0 0.0 0.0
Se 1.017765069556e+01 2.561997909013e+00 3.332483142763e+01 1 1 1 0.0 0.0 0.0
Se 7.962884007132e+00 6.028342877036e+00 3.332483142763e+01 1 1 1 0.0 0.0 0.0
Se 3.800189990542e+00 6.028342877036e+00 3.332483142763e+01 1 1 1 0.0 0.0 0.0
Se 1.212557802372e+01 6.028342877036e+00 3.332483142763e+01 1 1 1 0.0 0.0 0.0
Se 5.748117318699e+00 9.494687845058e+00 3.332483142763e+01 1 1 1 0.0 0.0 0.0
Se 1.585423302110e+00 9.494687845058e+00 3.332483142763e+01 1 1 1 0.0 0.0 0.0
Se 9.910811335289e+00 9.494687845058e+00 3.332483142763e+01 1 1 1 0.0 0.0 0.0
Se 7.696044646857e+00 1.296103281308e+01 3.332483142763e+01 1 1 1 0.0 0.0 0.0
Se 3.533350630267e+00 1.296103281308e+01 3.332483142763e+01 1 1 1 0.0 0.0 0.0
Se 1.185873866345e+01 1.296103281308e+01 3.332483142763e+01 1 1 1 0.0 0.0 0.0
Se 9.643971975015e+00 1.642737778110e+01 3.332483142763e+01 1 1 1 0.0 0.0 0.0
Se 5.481277958425e+00 1.642737778110e+01 3.332483142763e+01 1 1 1 0.0 0.0 0.0
Se 1.380666599160e+01 1.642737778110e+01 3.332483142763e+01 1 1 1 0.0 0.0 0.0
Se 6.116674331252e+00 2.483408120582e-01 2.969131231352e+01 1 1 1 0.0 0.0 0.0
Se 1.953980314662e+00 2.483408120582e-01 2.969131231352e+01 1 1 1 0.0 0.0 0.0
Se 1.027936834784e+01 2.483408120582e-01 2.969131231352e+01 1 1 1 0.0 0.0 0.0
Se 8.064601659410e+00 3.714685780081e+00 2.969131231352e+01 1 1 1 0.0 0.0 0.0
Se 3.901907642820e+00 3.714685780081e+00 2.969131231352e+01 1 1 1 0.0 0.0 0.0
Se 1.222729567600e+01 3.714685780081e+00 2.969131231352e+01 1 1 1 0.0 0.0 0.0
Se 1.001252898757e+01 7.181030748103e+00 2.969131231352e+01 1 1 1 0.0 0.0 0.0
Se 5.849834970978e+00 7.181030748103e+00 2.969131231352e+01 1 1 1 0.0 0.0 0.0
Se 1.687140954388e+00 7.181030748103e+00 2.969131231352e+01 1 1 1 0.0 0.0 0.0
Se 7.797762299136e+00 1.064737571613e+01 2.969131231352e+01 1 1 1 0.0 0.0 0.0
Se 3.635068282546e+00 1.064737571613e+01 2.969131231352e+01 1 1 1 0.0 0.0 0.0
Se 1.196045631573e+01 1.064737571613e+01 2.969131231352e+01 1 1 1 0.0 0.0 0.0
Se 9.745689627293e+00 1.411372068415e+01 2.969131231352e+01 1 1 1 0.0 0.0 0.0
Se 5.582995610704e+00 1.411372068415e+01 2.969131231352e+01 1 1 1 0.0 0.0 0.0
Se 1.390838364388e+01 1.411372068415e+01 2.969131231352e+01 1 1 1 0.0 0.0 0.0
Se 1.169361695545e+01 1.758006565217e+01 2.969131231352e+01 1 1 1 0.0 0.0 0.0
Se 7.530922938861e+00 1.758006565217e+01 2.969131231352e+01 1 1 1 0.0 0.0 0.0
Se 3.368228922272e+00 1.758006565217e+01 2.969131231352e+01 1 1 1 0.0 0.0 0.0
Se 7.467626243716e+00 1.982268360114e+01 2.692457590224e+01 1 1 1 0.0 0.0 0.0
Se 3.304932227126e+00 1.982268360114e+01 2.692457590224e+01 1 1 1 0.0 0.0 0.0
Se 1.163032026031e+01 1.982268360114e+01 2.692457590224e+01 1 1 1 0.0 0.0 0.0
Se 6.053377636106e+00 2.490958761032e+00 2.692457590224e+01 1 1 1 0.0 0.0 0.0
Se 1.890683619517e+00 2.490958761032e+00 2.692457590224e+01 1 1 1 0.0 0.0 0.0
Se 1.021607165270e+01 2.490958761032e+00 2.692457590224e+01 1 1 1 0.0 0.0 0.0
Se 8.001304964264e+00 5.957303729054e+00 2.692457590224e+01 1 1 1 0.0 0.0 0.0
Se 3.838610947674e+00 5.957303729054e+00 2.692457590224e+01 1 1 1 0.0 0.0 0.0
Se 1.216399898085e+01 5.957303729054e+00 2.692457590224e+01 1 1 1 0.0 0.0 0.0
Se 5.786538275832e+00 9.423648697077e+00 2.692457590224e+01 1 1 1 0.0 0.0 0.0
Se 1.623844259242e+00 9.423648697077e+00 2.692457590224e+01 1 1 1 0.0 0.0 0.0
Se 9.949232292422e+00 9.423648697077e+00 2.692457590224e+01 1 1 1 0.0 0.0 0.0
Se 7.734465603990e+00 1.288999366510e+01 2.692457590224e+01 1 1 1 0.0 0.0 0.0
Se 3.571771587400e+00 1.288999366510e+01 2.692457590224e+01 1 1 1 0.0 0.0 0.0
Se 1.189715962058e+01 1.288999366510e+01 2.692457590224e+01 1 1 1 0.0 0.0 0.0
Se 9.682392932148e+00 1.635633863312e+01 2.692457590224e+01 1 1 1 0.0 0.0 0.0
Se 5.519698915558e+00 1.635633863312e+01 2.692457590224e+01 1 1 1 0.0 0.0 0.0
Se 1.384508694874e+01 1.635633863312e+01 2.692457590224e+01 1 1 1 0.0 0.0 0.0
Se 6.161935922722e+00 1.813810652139e-01 2.330671355540e+01 1 1 1 0.0 0.0 0.0
Se 1.999241906133e+00 1.813810652139e-01 2.330671355540e+01 1 1 1 0.0 0.0 0.0
Se 1.032462993931e+01 1.813810652139e-01 2.330671355540e+01 1 1 1 0.0 0.0 0.0
Se 8.109863250880e+00 3.647726033236e+00 2.330671355540e+01 1 1 1 0.0 0.0 0.0
Se 3.947169234290e+00 3.647726033236e+00 2.330671355540e+01 1 1 1 0.0 0.0 0.0
Se 1.227255726747e+01 3.647726033236e+00 2.330671355540e+01 1 1 1 0.0 0.0 0.0
Se 1.005779057904e+01 7.114071001259e+00 2.330671355540e+01 1 1 1 0.0 0.0 0.0
Se 5.895096562448e+00 7.114071001259e+00 2.330671355540e+01 1 1 1 0.0 0.0 0.0
Se 1.732402545858e+00 7.114071001259e+00 2.330671355540e+01 1 1 1 0.0 0.0 0.0
Se 7.843023890606e+00 1.058041596928e+01 2.330671355540e+01 1 1 1 0.0 0.0 0.0
Se 3.680329874016e+00 1.058041596928e+01 2.330671355540e+01 1 1 1 0.0 0.0 0.0
Se 1.200571790720e+01 1.058041596928e+01 2.330671355540e+01 1 1 1 0.0 0.0 0.0
Se 9.790951218764e+00 1.404676093730e+01 2.330671355540e+01 1 1 1 0.0 0.0 0.0
Se 5.628257202174e+00 1.404676093730e+01 2.330671355540e+01 1 1 1 0.0 0.0 0.0
Se 1.395364523535e+01 1.404676093730e+01 2.330671355540e+01 1 1 1 0.0 0.0 0.0
Se 1.173887854692e+01 1.751310590533e+01 2.330671355540e+01 1 1 1 0.0 0.0 0.0
Se 7.576184530332e+00 1.751310590533e+01 2.330671355540e+01 1 1 1 0.0 0.0 0.0
Se 3.413490513742e+00 1.751310590533e+01 2.330671355540e+01 1 1 1 0.0 0.0 0.0
Se 8.206442915756e+00 1.347731865635e+00 1.968357859229e+01 1 1 1 0.0 0.0 0.0
Se 4.043748899166e+00 1.347731865635e+00 1.968357859229e+01 1 1 1 0.0 0.0 0.0
Se 1.236913693235e+01 1.347731865635e+00 1.968357859229e+01 1 1 1 0.0 0.0 0.0
Se 1.015437024391e+01 4.814076833658e+00 1.968357859229e+01 1 1 1 0.0 0.0 0.0
Se 5.991676227324e+00 4.814076833658e+00 1.968357859229e+01 1 1 1 0.0 0.0 0.0
Se 1.828982210734e+00 4.814076833658e+00 1.968357859229e+01 1 1 1 0.0 0.0 0.0
Se 1.210229757207e+01 8.280421801680e+00 1.968357859229e+01 1 1 1 0.0 0.0 0.0
Se 7.939603555482e+00 8.280421801680e+00 1.968357859229e+01 1 1 1 0.0 0.0 0.0
Se 3.776909538892e+00 8.280421801680e+00 1.968357859229e+01 1 1 1 0.0 0.0 0.0
Se 9.887530883639e+00 1.174676676970e+01 1.968357859229e+01 1 1 1 0.0 0.0 0.0
Se 5.724836867050e+00 1.174676676970e+01 1.968357859229e+01 1 1 1 0.0 0.0 0.0
Se 1.405022490023e+01 1.174676676970e+01 1.968357859229e+01 1 1 1 0.0 0.0 0.0
Se 1.183545821180e+01 1.521311173773e+01 1.968357859229e+01 1 1 1 0.0 0.0 0.0
Se 7.672764195207e+00 1.521311173773e+01 1.968357859229e+01 1 1 1 0.0 0.0 0.0
Se 3.510070178618e+00 1.521311173773e+01 1.968357859229e+01 1 1 1 0.0 0.0 0.0
Se 1.378338553995e+01 1.867945670575e+01 1.968357859229e+01 1 1 1 0.0 0.0 0.0
Se 9.620691523365e+00 1.867945670575e+01 1.968357859229e+01 1 1 1 0.0 0.0 0.0
Se 5.457997506775e+00 1.867945670575e+01 1.968357859229e+01 1 1 1 0.0 0.0 0.0
"