calculation_mode = "Quench Electrons"
cell_relax = "False"
charge_density_mixing = "0.1"
charge_mixing_type = "Broyden"
description = "Example parameters for high-throughput bulk relaxation of a vdW material"
dos_broading = "0.05"
dos_method = "Gaussian"
energy_convergence_criterion = "1e-10"
energy_output_units = "Hartrees"
kohn_sham_mucycles = "3"
kohn_sham_solver = "davidson"
kpoint_mesh = "1 1 1"
localize_projectors = "False"
max_md_steps = "100"
max_scf_steps = "200"
non_local_block_size = "4000"
potential_acceleration_constant_step = "1.5"
processor_grid = "7 7 16"
rms_convergence_criterion = "1e-08"
scalapack_block_factor = "64"
start_mode = "LCAO Start"
state_block_size = "64"
stress = "True"
subdiag_driver = "scalapack"
use_async_allreduce = "False"
vdw_corr = "DFT-D3"
vdwdf_kernel_filepath = "/lustre/orion/world-shared/cph162/rjmorelock/rmgdft/XC/vdW_kernel_table"
wavefunction_grid = "154 154 378"
write_data_period = "50"

atomic_coordinate_type = "Absolute"
crds_units = "Angstrom"
lattice_units = "Angstrom"

lattice_vector = "
1.799724170868e+01 0.000000000000e+00 1.100000000000e-15
8.998620854338e+00 1.558606851876e+01 1.100000000000e-15
0.000000000000e+00 0.000000000000e+00 4.446241589303e+01
"
atoms = "
Nb 1.007607060289e+01 1.536048427463e+01 1.532833092694e+01 1 1 1 0.0 0.0 0.0
Nb 4.076990033332e+00 1.506201146844e+00 1.532833092694e+01 1 1 1 0.0 0.0 0.0
Nb 1.607515117245e+01 1.536048427463e+01 1.532833092694e+01 1 1 1 0.0 0.0 0.0
Nb 4.076990033332e+00 4.969771928790e+00 1.532833092694e+01 1 1 1 0.0 0.0 0.0
Nb 7.076530318111e+00 3.237986537817e+00 1.532833092694e+01 1 1 1 0.0 0.0 0.0
Nb 1.007607060289e+01 1.506201146844e+00 1.532833092694e+01 1 1 1 0.0 0.0 0.0
Nb 2.207423174201e+01 1.536048427463e+01 1.532833092694e+01 1 1 1 0.0 0.0 0.0
Nb 7.076530318111e+00 6.701557319764e+00 1.532833092694e+01 1 1 1 0.0 0.0 0.0
Nb 1.007607060289e+01 4.969771928790e+00 1.532833092694e+01 1 1 1 0.0 0.0 0.0
Nb 1.307561088767e+01 3.237986537817e+00 1.532833092694e+01 1 1 1 0.0 0.0 0.0
Nb 1.607515117245e+01 1.506201146844e+00 1.532833092694e+01 1 1 1 0.0 0.0 0.0
Nb 7.076530318111e+00 1.016512810171e+01 1.532833092694e+01 1 1 1 0.0 0.0 0.0
Nb 1.007607060289e+01 8.433342710737e+00 1.532833092694e+01 1 1 1 0.0 0.0 0.0
Nb 1.307561088767e+01 6.701557319764e+00 1.532833092694e+01 1 1 1 0.0 0.0 0.0
Nb 1.607515117245e+01 4.969771928790e+00 1.532833092694e+01 1 1 1 0.0 0.0 0.0
Nb 1.907469145723e+01 3.237986537817e+00 1.532833092694e+01 1 1 1 0.0 0.0 0.0
Nb 1.007607060289e+01 1.189691349268e+01 1.532833092694e+01 1 1 1 0.0 0.0 0.0
Nb 1.307561088767e+01 1.016512810171e+01 1.532833092694e+01 1 1 1 0.0 0.0 0.0
Nb 1.607515117245e+01 8.433342710737e+00 1.532833092694e+01 1 1 1 0.0 0.0 0.0
Nb 1.907469145723e+01 6.701557319764e+00 1.532833092694e+01 1 1 1 0.0 0.0 0.0
Nb 1.307561088767e+01 1.362869888366e+01 1.532833092694e+01 1 1 1 0.0 0.0 0.0
Nb 1.607515117245e+01 1.189691349268e+01 1.532833092694e+01 1 1 1 0.0 0.0 0.0
Nb 1.907469145723e+01 1.016512810171e+01 1.532833092694e+01 1 1 1 0.0 0.0 0.0
Nb 2.207423174201e+01 8.433342710737e+00 1.532833092694e+01 1 1 1 0.0 0.0 0.0
Nb 1.907469145723e+01 1.362869888366e+01 1.532833092694e+01 1 1 1 0.0 0.0 0.0
Nb 2.207423174201e+01 1.189691349268e+01 1.532833092694e+01 1 1 1 0.0 0.0 0.0
Nb 2.507377202679e+01 1.362869888366e+01 1.532833092694e+01 1 1 1 0.0 0.0 0.0
Nb 1.008179984621e+01 1.536844193626e+01 9.182088683320e+00 1 1 1 0.0 0.0 0.0
Nb 4.082719276653e+00 1.514158808479e+00 9.182088683320e+00 1 1 1 0.0 0.0 0.0
Nb 1.608088041577e+01 1.536844193626e+01 9.182088683320e+00 1 1 1 0.0 0.0 0.0
Nb 4.082719276653e+00 4.977729590425e+00 9.182088683320e+00 1 1 1 0.0 0.0 0.0
Nb 7.082259561433e+00 3.245944199452e+00 9.182088683320e+00 1 1 1 0.0 0.0 0.0
Nb 1.008179984621e+01 1.514158808479e+00 9.182088683320e+00 1 1 1 0.0 0.0 0.0
Nb 2.207996098533e+01 1.536844193626e+01 9.182088683320e+00 1 1 1 0.0 0.0 0.0
Nb 7.082259561433e+00 6.709514981399e+00 9.182088683320e+00 1 1 1 0.0 0.0 0.0
Nb 1.008179984621e+01 4.977729590425e+00 9.182088683320e+00 1 1 1 0.0 0.0 0.0
Nb 1.308134013099e+01 3.245944199452e+00 9.182088683320e+00 1 1 1 0.0 0.0 0.0
Nb 1.608088041577e+01 1.514158808479e+00 9.182088683320e+00 1 1 1 0.0 0.0 0.0
Nb 7.082259561433e+00 1.017308576335e+01 9.182088683320e+00 1 1 1 0.0 0.0 0.0
Nb 1.008179984621e+01 8.441300372372e+00 9.182088683320e+00 1 1 1 0.0 0.0 0.0
Nb 1.308134013099e+01 6.709514981399e+00 9.182088683320e+00 1 1 1 0.0 0.0 0.0
Nb 1.608088041577e+01 4.977729590425e+00 9.182088683320e+00 1 1 1 0.0 0.0 0.0
Nb 1.908042070055e+01 3.245944199452e+00 9.182088683320e+00 1 1 1 0.0 0.0 0.0
Nb 1.008179984621e+01 1.190487115432e+01 9.182088683320e+00 1 1 1 0.0 0.0 0.0
Nb 1.308134013099e+01 1.017308576335e+01 9.182088683320e+00 1 1 1 0.0 0.0 0.0
Nb 1.608088041577e+01 8.441300372372e+00 9.182088683320e+00 1 1 1 0.0 0.0 0.0
Nb 1.908042070055e+01 6.709514981399e+00 9.182088683320e+00 1 1 1 0.0 0.0 0.0
Nb 1.308134013099e+01 1.363665654529e+01 9.182088683320e+00 1 1 1 0.0 0.0 0.0
Nb 1.608088041577e+01 1.190487115432e+01 9.182088683320e+00 1 1 1 0.0 0.0 0.0
Nb 1.908042070055e+01 1.017308576335e+01 9.182088683320e+00 1 1 1 0.0 0.0 0.0
Nb 2.207996098533e+01 8.441300372372e+00 9.182088683320e+00 1 1 1 0.0 0.0 0.0
Nb 1.908042070055e+01 1.363665654529e+01 9.182088683320e+00 1 1 1 0.0 0.0 0.0
Nb 2.207996098533e+01 1.190487115432e+01 9.182088683320e+00 1 1 1 0.0 0.0 0.0
Nb 2.507950127011e+01 1.363665654529e+01 9.182088683320e+00 1 1 1 0.0 0.0 0.0
Bi 2.001217898064e+01 9.630421475544e+00 3.532095071834e+01 1 1 1 0.0 0.0 0.0
Bi 2.048579060456e+01 1.373201845417e+01 3.532095071834e+01 1 1 1 0.0 0.0 0.0
Bi 1.574967436543e+01 3.888185705475e+00 3.532095071834e+01 1 1 1 0.0 0.0 0.0
Bi 1.622328598934e+01 7.989782684096e+00 3.532095071834e+01 1 1 1 0.0 0.0 0.0
Bi 1.669689761326e+01 1.209137966272e+01 3.532095071834e+01 1 1 1 0.0 0.0 0.0
Bi 1.196078137413e+01 2.247546914027e+00 3.532095071834e+01 1 1 1 0.0 0.0 0.0
Bi 1.243439299804e+01 6.349143892648e+00 3.532095071834e+01 1 1 1 0.0 0.0 0.0
Bi 1.290800462196e+01 1.045074087127e+01 3.532095071834e+01 1 1 1 0.0 0.0 0.0
Bi 1.338161624587e+01 1.455233784989e+01 3.532095071834e+01 1 1 1 0.0 0.0 0.0
Bi 8.171888382832e+00 6.069081225783e-01 3.532095071834e+01 1 1 1 0.0 0.0 0.0
Bi 8.645500006744e+00 4.708505101199e+00 3.532095071834e+01 1 1 1 0.0 0.0 0.0
Bi 9.119111630657e+00 8.810102079820e+00 3.532095071834e+01 1 1 1 0.0 0.0 0.0
Bi 9.592723254569e+00 1.291169905844e+01 3.532095071834e+01 1 1 1 0.0 0.0 0.0
Bi 4.856607015444e+00 3.067866309751e+00 3.532095071834e+01 1 1 1 0.0 0.0 0.0
Bi 5.330218639357e+00 7.169463288372e+00 3.532095071834e+01 1 1 1 0.0 0.0 0.0
Bi 2.380107197194e+01 1.127106026699e+01 3.532095071834e+01 1 1 1 0.0 0.0 0.0
Bi 1.067714024144e+00 1.427227518302e+00 3.532095071834e+01 1 1 1 0.0 0.0 0.0
Bi 1.953856735673e+01 5.528824496923e+00 3.532095071834e+01 1 1 1 0.0 0.0 0.0
Bi 2.427468359586e+01 1.537265724561e+01 3.532095071834e+01 1 1 1 0.0 0.0 0.0
Bi 1.862633160976e+01 7.721854217768e+00 3.133430771007e+01 1 1 1 0.0 0.0 0.0
Bi 1.909994323367e+01 1.182345119639e+01 3.133430771007e+01 1 1 1 0.0 0.0 0.0
Bi 1.436382699455e+01 1.979618447699e+00 3.133430771007e+01 1 1 1 0.0 0.0 0.0
Bi 1.483743861846e+01 6.081215426320e+00 3.133430771007e+01 1 1 1 0.0 0.0 0.0
Bi 1.531105024237e+01 1.018281240494e+01 3.133430771007e+01 1 1 1 0.0 0.0 0.0
Bi 1.057493400325e+01 3.389796562508e-01 3.133430771007e+01 1 1 1 0.0 0.0 0.0
Bi 1.104854562716e+01 4.440576634872e+00 3.133430771007e+01 1 1 1 0.0 0.0 0.0
Bi 1.152215725107e+01 8.542173613493e+00 3.133430771007e+01 1 1 1 0.0 0.0 0.0
Bi 1.199576887498e+01 1.264377059211e+01 3.133430771007e+01 1 1 1 0.0 0.0 0.0
Bi 1.578466186628e+01 1.428440938356e+01 3.133430771007e+01 1 1 1 0.0 0.0 0.0
Bi 7.259652635859e+00 2.799937843423e+00 3.133430771007e+01 1 1 1 0.0 0.0 0.0
Bi 7.733264259771e+00 6.901534822044e+00 3.133430771007e+01 1 1 1 0.0 0.0 0.0
Bi 8.206875883684e+00 1.100313180067e+01 3.133430771007e+01 1 1 1 0.0 0.0 0.0
Bi 3.470759644558e+00 1.159299051975e+00 3.133430771007e+01 1 1 1 0.0 0.0 0.0
Bi 3.944371268471e+00 5.260896030596e+00 3.133430771007e+01 1 1 1 0.0 0.0 0.0
Bi 2.241522460106e+01 9.362493009217e+00 3.133430771007e+01 1 1 1 0.0 0.0 0.0
Bi 2.667772921627e+01 1.510472877929e+01 3.133430771007e+01 1 1 1 0.0 0.0 0.0
Bi 1.815271998585e+01 3.620257239148e+00 3.133430771007e+01 1 1 1 0.0 0.0 0.0
Bi 2.288883622497e+01 1.346408998784e+01 3.133430771007e+01 1 1 1 0.0 0.0 0.0
Bi 1.866826986556e+01 7.669290030710e+00 2.529282906773e+01 1 1 1 0.0 0.0 0.0
Bi 1.914188148948e+01 1.177088700933e+01 2.529282906773e+01 1 1 1 0.0 0.0 0.0
Bi 1.440576525035e+01 1.927054260641e+00 2.529282906773e+01 1 1 1 0.0 0.0 0.0
Bi 1.487937687426e+01 6.028651239262e+00 2.529282906773e+01 1 1 1 0.0 0.0 0.0
Bi 1.535298849818e+01 1.013024821788e+01 2.529282906773e+01 1 1 1 0.0 0.0 0.0
Bi 1.061687225905e+01 2.864154691926e-01 2.529282906773e+01 1 1 1 0.0 0.0 0.0
Bi 1.109048388296e+01 4.388012447814e+00 2.529282906773e+01 1 1 1 0.0 0.0 0.0
Bi 1.156409550688e+01 8.489609426434e+00 2.529282906773e+01 1 1 1 0.0 0.0 0.0
Bi 1.203770713079e+01 1.259120640506e+01 2.529282906773e+01 1 1 1 0.0 0.0 0.0
Bi 1.582660012209e+01 1.423184519650e+01 2.529282906773e+01 1 1 1 0.0 0.0 0.0
Bi 7.301590891664e+00 2.747373656365e+00 2.529282906773e+01 1 1 1 0.0 0.0 0.0
Bi 7.775202515576e+00 6.848970634986e+00 2.529282906773e+01 1 1 1 0.0 0.0 0.0
Bi 8.248814139489e+00 1.095056761361e+01 2.529282906773e+01 1 1 1 0.0 0.0 0.0
Bi 3.512697900364e+00 1.106734864917e+00 2.529282906773e+01 1 1 1 0.0 0.0 0.0
Bi 3.986309524276e+00 5.208331843538e+00 2.529282906773e+01 1 1 1 0.0 0.0 0.0
Bi 2.245716285686e+01 9.309928822159e+00 2.529282906773e+01 1 1 1 0.0 0.0 0.0
Bi 8.722425763401e+00 1.505216459223e+01 2.529282906773e+01 1 1 1 0.0 0.0 0.0
Bi 1.819465824165e+01 3.567693052089e+00 2.529282906773e+01 1 1 1 0.0 0.0 0.0
Bi 2.293077448078e+01 1.341152580078e+01 2.529282906773e+01 1 1 1 0.0 0.0 0.0
Bi 2.152392360760e+01 1.151354652874e+01 2.132110864621e+01 1 1 1 0.0 0.0 0.0
Bi 1.299891437717e+01 2.907498860296e-02 2.132110864621e+01 1 1 1 0.0 0.0 0.0
Bi 1.726141899238e+01 5.771310758672e+00 2.132110864621e+01 1 1 1 0.0 0.0 0.0
Bi 1.773503061629e+01 9.872907737293e+00 2.132110864621e+01 1 1 1 0.0 0.0 0.0
Bi 1.820864224021e+01 1.397450471591e+01 2.132110864621e+01 1 1 1 0.0 0.0 0.0
Bi 1.347252600108e+01 4.130671967224e+00 2.132110864621e+01 1 1 1 0.0 0.0 0.0
Bi 1.394613762499e+01 8.232268945845e+00 2.132110864621e+01 1 1 1 0.0 0.0 0.0
Bi 1.441974924891e+01 1.233386592447e+01 2.132110864621e+01 1 1 1 0.0 0.0 0.0
Bi 5.894740018482e+00 8.493943843271e-01 2.132110864621e+01 1 1 1 0.0 0.0 0.0
Bi 9.683633009782e+00 2.490033175776e+00 2.132110864621e+01 1 1 1 0.0 0.0 0.0
Bi 1.015724463369e+01 6.591630154396e+00 2.132110864621e+01 1 1 1 0.0 0.0 0.0
Bi 1.063085625761e+01 1.069322713302e+01 2.132110864621e+01 1 1 1 0.0 0.0 0.0
Bi 1.110446788152e+01 1.479482411164e+01 2.132110864621e+01 1 1 1 0.0 0.0 0.0
Bi 6.368351642395e+00 4.950991362948e+00 2.132110864621e+01 1 1 1 0.0 0.0 0.0
Bi 6.841963266307e+00 9.052588341569e+00 2.132110864621e+01 1 1 1 0.0 0.0 0.0
Bi 2.531281659890e+01 1.315418532019e+01 2.132110864621e+01 1 1 1 0.0 0.0 0.0
Bi 2.579458651095e+00 3.310352571500e+00 2.132110864621e+01 1 1 1 0.0 0.0 0.0
Bi 2.105031198368e+01 7.411949550121e+00 2.132110864621e+01 1 1 1 0.0 0.0 0.0
Bi 1.678780736847e+01 1.669713780051e+00 2.132110864621e+01 1 1 1 0.0 0.0 0.0
Se 2.607914351528e+01 1.536896714468e+01 7.500000000000e+00 1 1 1 0.0 0.0 0.0
Se 2.082821237044e+00 1.514684016898e+00 7.500000000000e+00 1 1 1 0.0 0.0 0.0
Se 1.408098237616e+01 1.536896714468e+01 7.500000000000e+00 1 1 1 0.0 0.0 0.0
Se 2.008006294572e+01 4.978254798845e+00 7.500000000000e+00 1 1 1 0.0 0.0 0.0
Se 5.082361521823e+00 3.246469407872e+00 7.500000000000e+00 1 1 1 0.0 0.0 0.0
Se 8.081901806602e+00 1.514684016898e+00 7.500000000000e+00 1 1 1 0.0 0.0 0.0
Se 2.008006294572e+01 1.536896714468e+01 7.500000000000e+00 1 1 1 0.0 0.0 0.0
Se 5.082361521823e+00 6.710040189818e+00 7.500000000000e+00 1 1 1 0.0 0.0 0.0
Se 8.081901806602e+00 4.978254798845e+00 7.500000000000e+00 1 1 1 0.0 0.0 0.0
Se 1.108144209138e+01 3.246469407872e+00 7.500000000000e+00 1 1 1 0.0 0.0 0.0
Se 1.408098237616e+01 1.514684016898e+00 7.500000000000e+00 1 1 1 0.0 0.0 0.0
Se 2.307960323050e+01 1.017361097176e+01 7.500000000000e+00 1 1 1 0.0 0.0 0.0
Se 8.081901806602e+00 8.441825580792e+00 7.500000000000e+00 1 1 1 0.0 0.0 0.0
Se 1.108144209138e+01 6.710040189818e+00 7.500000000000e+00 1 1 1 0.0 0.0 0.0
Se 1.408098237616e+01 4.978254798845e+00 7.500000000000e+00 1 1 1 0.0 0.0 0.0
Se 1.708052266094e+01 3.246469407872e+00 7.500000000000e+00 1 1 1 0.0 0.0 0.0
Se 8.081901806602e+00 1.190539636274e+01 7.500000000000e+00 1 1 1 0.0 0.0 0.0
Se 1.108144209138e+01 1.017361097176e+01 7.500000000000e+00 1 1 1 0.0 0.0 0.0
Se 1.408098237616e+01 8.441825580792e+00 7.500000000000e+00 1 1 1 0.0 0.0 0.0
Se 1.708052266094e+01 6.710040189818e+00 7.500000000000e+00 1 1 1 0.0 0.0 0.0
Se 1.108144209138e+01 1.363718175371e+01 7.500000000000e+00 1 1 1 0.0 0.0 0.0
Se 1.408098237616e+01 1.190539636274e+01 7.500000000000e+00 1 1 1 0.0 0.0 0.0
Se 1.708052266094e+01 1.017361097176e+01 7.500000000000e+00 1 1 1 0.0 0.0 0.0
Se 2.008006294572e+01 8.441825580792e+00 7.500000000000e+00 1 1 1 0.0 0.0 0.0
Se 1.708052266094e+01 1.363718175371e+01 7.500000000000e+00 1 1 1 0.0 0.0 0.0
Se 2.008006294572e+01 1.190539636274e+01 7.500000000000e+00 1 1 1 0.0 0.0 0.0
Se 2.307960323050e+01 1.363718175371e+01 7.500000000000e+00 1 1 1 0.0 0.0 0.0
Se 9.076050911464e+00 1.362893016587e+01 1.364602824434e+01 1 1 1 0.0 0.0 0.0
Se 1.207559119624e+01 1.536071555684e+01 1.364602824434e+01 1 1 1 0.0 0.0 0.0
Se 1.507513148102e+01 1.362893016587e+01 1.364602824434e+01 1 1 1 0.0 0.0 0.0
Se 3.076970341905e+00 3.238217820026e+00 1.364602824434e+01 1 1 1 0.0 0.0 0.0
Se 6.076510626685e+00 1.506432429052e+00 1.364602824434e+01 1 1 1 0.0 0.0 0.0
Se 1.807467176580e+01 1.536071555684e+01 1.364602824434e+01 1 1 1 0.0 0.0 0.0
Se 2.107421205058e+01 1.362893016587e+01 1.364602824434e+01 1 1 1 0.0 0.0 0.0
Se 6.076510626685e+00 4.970003210999e+00 1.364602824434e+01 1 1 1 0.0 0.0 0.0
Se 9.076050911464e+00 3.238217820026e+00 1.364602824434e+01 1 1 1 0.0 0.0 0.0
Se 1.207559119624e+01 1.506432429052e+00 1.364602824434e+01 1 1 1 0.0 0.0 0.0
Se 2.407375233536e+01 1.536071555684e+01 1.364602824434e+01 1 1 1 0.0 0.0 0.0
Se 6.076510626685e+00 8.433573992945e+00 1.364602824434e+01 1 1 1 0.0 0.0 0.0
Se 9.076050911464e+00 6.701788601972e+00 1.364602824434e+01 1 1 1 0.0 0.0 0.0
Se 1.207559119624e+01 4.970003210999e+00 1.364602824434e+01 1 1 1 0.0 0.0 0.0
Se 1.507513148102e+01 3.238217820026e+00 1.364602824434e+01 1 1 1 0.0 0.0 0.0
Se 1.807467176580e+01 1.506432429052e+00 1.364602824434e+01 1 1 1 0.0 0.0 0.0
Se 9.076050911464e+00 1.016535938392e+01 1.364602824434e+01 1 1 1 0.0 0.0 0.0
Se 1.207559119624e+01 8.433573992945e+00 1.364602824434e+01 1 1 1 0.0 0.0 0.0
Se 1.507513148102e+01 6.701788601972e+00 1.364602824434e+01 1 1 1 0.0 0.0 0.0
Se 1.807467176580e+01 4.970003210999e+00 1.364602824434e+01 1 1 1 0.0 0.0 0.0
Se 1.207559119624e+01 1.189714477489e+01 1.364602824434e+01 1 1 1 0.0 0.0 0.0
Se 1.507513148102e+01 1.016535938392e+01 1.364602824434e+01 1 1 1 0.0 0.0 0.0
Se 1.807467176580e+01 8.433573992945e+00 1.364602824434e+01 1 1 1 0.0 0.0 0.0
Se 2.107421205058e+01 6.701788601972e+00 1.364602824434e+01 1 1 1 0.0 0.0 0.0
Se 1.807467176580e+01 1.189714477489e+01 1.364602824434e+01 1 1 1 0.0 0.0 0.0
Se 2.107421205058e+01 1.016535938392e+01 1.364602824434e+01 1 1 1 0.0 0.0 0.0
Se 2.407375233536e+01 1.189714477489e+01 1.364602824434e+01 1 1 1 0.0 0.0 0.0
Se 2.607889400821e+01 1.536792027333e+01 1.086443756309e+01 1 1 1 0.0 0.0 0.0
Se 2.082571729971e+00 1.513637145547e+00 1.086443756309e+01 1 1 1 0.0 0.0 0.0
Se 1.408073286909e+01 1.536792027333e+01 1.086443756309e+01 1 1 1 0.0 0.0 0.0
Se 2.007981343865e+01 4.977207927493e+00 1.086443756309e+01 1 1 1 0.0 0.0 0.0
Se 5.082112014750e+00 3.245422536520e+00 1.086443756309e+01 1 1 1 0.0 0.0 0.0
Se 8.081652299530e+00 1.513637145547e+00 1.086443756309e+01 1 1 1 0.0 0.0 0.0
Se 2.007981343865e+01 1.536792027333e+01 1.086443756309e+01 1 1 1 0.0 0.0 0.0
Se 5.082112014750e+00 6.708993318467e+00 1.086443756309e+01 1 1 1 0.0 0.0 0.0
Se 8.081652299530e+00 4.977207927493e+00 1.086443756309e+01 1 1 1 0.0 0.0 0.0
Se 1.108119258431e+01 3.245422536520e+00 1.086443756309e+01 1 1 1 0.0 0.0 0.0
Se 1.408073286909e+01 1.513637145547e+00 1.086443756309e+01 1 1 1 0.0 0.0 0.0
Se 2.307935372343e+01 1.017256410041e+01 1.086443756309e+01 1 1 1 0.0 0.0 0.0
Se 8.081652299530e+00 8.440778709440e+00 1.086443756309e+01 1 1 1 0.0 0.0 0.0
Se 1.108119258431e+01 6.708993318467e+00 1.086443756309e+01 1 1 1 0.0 0.0 0.0
Se 1.408073286909e+01 4.977207927493e+00 1.086443756309e+01 1 1 1 0.0 0.0 0.0
Se 1.708027315387e+01 3.245422536520e+00 1.086443756309e+01 1 1 1 0.0 0.0 0.0
Se 8.081652299530e+00 1.190434949139e+01 1.086443756309e+01 1 1 1 0.0 0.0 0.0
Se 1.108119258431e+01 1.017256410041e+01 1.086443756309e+01 1 1 1 0.0 0.0 0.0
Se 1.408073286909e+01 8.440778709440e+00 1.086443756309e+01 1 1 1 0.0 0.0 0.0
Se 1.708027315387e+01 6.708993318467e+00 1.086443756309e+01 1 1 1 0.0 0.0 0.0
Se 1.108119258431e+01 1.363613488236e+01 1.086443756309e+01 1 1 1 0.0 0.0 0.0
Se 1.408073286909e+01 1.190434949139e+01 1.086443756309e+01 1 1 1 0.0 0.0 0.0
Se 1.708027315387e+01 1.017256410041e+01 1.086443756309e+01 1 1 1 0.0 0.0 0.0
Se 2.007981343865e+01 8.440778709440e+00 1.086443756309e+01 1 1 1 0.0 0.0 0.0
Se 1.708027315387e+01 1.363613488236e+01 1.086443756309e+01 1 1 1 0.0 0.0 0.0
Se 2.007981343865e+01 1.190434949139e+01 1.086443756309e+01 1 1 1 0.0 0.0 0.0
Se 2.307935372343e+01 1.363613488236e+01 1.086443756309e+01 1 1 1 0.0 0.0 0.0
Se 9.075983547200e+00 1.362787435142e+01 1.701046802998e+01 1 1 1 0.0 0.0 0.0
Se 1.207552383198e+01 1.535965974239e+01 1.701046802998e+01 1 1 1 0.0 0.0 0.0
Se 1.507506411676e+01 1.362787435142e+01 1.701046802998e+01 1 1 1 0.0 0.0 0.0
Se 3.076902977642e+00 3.237162005578e+00 1.701046802998e+01 1 1 1 0.0 0.0 0.0
Se 6.076443262421e+00 1.505376614605e+00 1.701046802998e+01 1 1 1 0.0 0.0 0.0
Se 1.807460440154e+01 1.535965974239e+01 1.701046802998e+01 1 1 1 0.0 0.0 0.0
Se 2.107414468632e+01 1.362787435142e+01 1.701046802998e+01 1 1 1 0.0 0.0 0.0
Se 6.076443262421e+00 4.968947396552e+00 1.701046802998e+01 1 1 1 0.0 0.0 0.0
Se 9.075983547200e+00 3.237162005578e+00 1.701046802998e+01 1 1 1 0.0 0.0 0.0
Se 1.207552383198e+01 1.505376614605e+00 1.701046802998e+01 1 1 1 0.0 0.0 0.0
Se 2.407368497110e+01 1.535965974239e+01 1.701046802998e+01 1 1 1 0.0 0.0 0.0
Se 6.076443262421e+00 8.432518178498e+00 1.701046802998e+01 1 1 1 0.0 0.0 0.0
Se 9.075983547200e+00 6.700732787525e+00 1.701046802998e+01 1 1 1 0.0 0.0 0.0
Se 1.207552383198e+01 4.968947396552e+00 1.701046802998e+01 1 1 1 0.0 0.0 0.0
Se 1.507506411676e+01 3.237162005578e+00 1.701046802998e+01 1 1 1 0.0 0.0 0.0
Se 1.807460440154e+01 1.505376614605e+00 1.701046802998e+01 1 1 1 0.0 0.0 0.0
Se 9.075983547200e+00 1.016430356947e+01 1.701046802998e+01 1 1 1 0.0 0.0 0.0
Se 1.207552383198e+01 8.432518178498e+00 1.701046802998e+01 1 1 1 0.0 0.0 0.0
Se 1.507506411676e+01 6.700732787525e+00 1.701046802998e+01 1 1 1 0.0 0.0 0.0
Se 1.807460440154e+01 4.968947396552e+00 1.701046802998e+01 1 1 1 0.0 0.0 0.0
Se 1.207552383198e+01 1.189608896044e+01 1.701046802998e+01 1 1 1 0.0 0.0 0.0
Se 1.507506411676e+01 1.016430356947e+01 1.701046802998e+01 1 1 1 0.0 0.0 0.0
Se 1.807460440154e+01 8.432518178498e+00 1.701046802998e+01 1 1 1 0.0 0.0 0.0
Se 2.107414468632e+01 6.700732787525e+00 1.701046802998e+01 1 1 1 0.0 0.0 0.0
Se 1.807460440154e+01 1.189608896044e+01 1.701046802998e+01 1 1 1 0.0 0.0 0.0
Se 2.107414468632e+01 1.016430356947e+01 1.701046802998e+01 1 1 1 0.0 0.0 0.0
Se 2.407368497110e+01 1.189608896044e+01 1.701046802998e+01 1 1 1 0.0 0.0 0.0
Se 1.858460320931e+01 7.706452947005e+00 3.696241589303e+01 1 1 1 0.0 0.0 0.0
Se 1.905821483322e+01 1.180804992563e+01 3.696241589303e+01 1 1 1 0.0 0.0 0.0
Se 1.432209859410e+01 1.964217176936e+00 3.696241589303e+01 1 1 1 0.0 0.0 0.0
Se 1.479571021801e+01 6.065814155556e+00 3.696241589303e+01 1 1 1 0.0 0.0 0.0
Se 1.526932184192e+01 1.016741113418e+01 3.696241589303e+01 1 1 1 0.0 0.0 0.0
Se 1.053320560280e+01 3.235783854872e-01 3.696241589303e+01 1 1 1 0.0 0.0 0.0
Se 1.100681722671e+01 4.425175364108e+00 3.696241589303e+01 1 1 1 0.0 0.0 0.0
Se 1.148042885062e+01 8.526772342729e+00 3.696241589303e+01 1 1 1 0.0 0.0 0.0
Se 1.195404047453e+01 1.262836932135e+01 3.696241589303e+01 1 1 1 0.0 0.0 0.0
Se 1.574293346583e+01 1.426900811280e+01 3.696241589303e+01 1 1 1 0.0 0.0 0.0
Se 7.217924235410e+00 2.784536572660e+00 3.696241589303e+01 1 1 1 0.0 0.0 0.0
Se 7.691535859322e+00 6.886133551281e+00 3.696241589303e+01 1 1 1 0.0 0.0 0.0
Se 8.165147483235e+00 1.098773052990e+01 3.696241589303e+01 1 1 1 0.0 0.0 0.0
Se 3.429031244109e+00 1.143897781211e+00 3.696241589303e+01 1 1 1 0.0 0.0 0.0
Se 3.902642868022e+00 5.245494759832e+00 3.696241589303e+01 1 1 1 0.0 0.0 0.0
Se 2.237349620061e+01 9.347091738453e+00 3.696241589303e+01 1 1 1 0.0 0.0 0.0
Se 2.663600081582e+01 1.508932750852e+01 3.696241589303e+01 1 1 1 0.0 0.0 0.0
Se 1.811099158540e+01 3.604855968384e+00 3.696241589303e+01 1 1 1 0.0 0.0 0.0
Se 2.284710782452e+01 1.344868871707e+01 3.696241589303e+01 1 1 1 0.0 0.0 0.0
Se 2.145277021026e+01 1.156045012135e+01 3.332483142763e+01 1 1 1 0.0 0.0 0.0
Se 1.292776097984e+01 7.597858120986e-02 3.332483142763e+01 1 1 1 0.0 0.0 0.0
Se 1.719026559505e+01 5.818214351279e+00 3.332483142763e+01 1 1 1 0.0 0.0 0.0
Se 1.766387721896e+01 9.919811329900e+00 3.332483142763e+01 1 1 1 0.0 0.0 0.0
Se 1.813748884287e+01 1.402140830852e+01 3.332483142763e+01 1 1 1 0.0 0.0 0.0
Se 1.340137260375e+01 4.177575559831e+00 3.332483142763e+01 1 1 1 0.0 0.0 0.0
Se 1.387498422766e+01 8.279172538452e+00 3.332483142763e+01 1 1 1 0.0 0.0 0.0
Se 1.434859585157e+01 1.238076951707e+01 3.332483142763e+01 1 1 1 0.0 0.0 0.0
Se 5.823586621148e+00 8.962979769340e-01 3.332483142763e+01 1 1 1 0.0 0.0 0.0
Se 9.612479612448e+00 2.536936768382e+00 3.332483142763e+01 1 1 1 0.0 0.0 0.0
Se 1.008609123636e+01 6.638533747003e+00 3.332483142763e+01 1 1 1 0.0 0.0 0.0
Se 1.055970286027e+01 1.074013072562e+01 3.332483142763e+01 1 1 1 0.0 0.0 0.0
Se 1.103331448419e+01 1.484172770425e+01 3.332483142763e+01 1 1 1 0.0 0.0 0.0
Se 6.297198245061e+00 4.997894955555e+00 3.332483142763e+01 1 1 1 0.0 0.0 0.0
Se 6.770809868973e+00 9.099491934176e+00 3.332483142763e+01 1 1 1 0.0 0.0 0.0
Se 2.524166320156e+01 1.320108891280e+01 3.332483142763e+01 1 1 1 0.0 0.0 0.0
Se 2.508305253761e+00 3.357256164107e+00 3.332483142763e+01 1 1 1 0.0 0.0 0.0
Se 2.097915858635e+01 7.458853142727e+00 3.332483142763e+01 1 1 1 0.0 0.0 0.0
Se 1.671665397114e+01 1.716617372658e+00 3.332483142763e+01 1 1 1 0.0 0.0 0.0
Se 2.003332311367e+01 9.633565835380e+00 2.969131231352e+01 1 1 1 0.0 0.0 0.0
Se 2.050693473758e+01 1.373516281400e+01 2.969131231352e+01 1 1 1 0.0 0.0 0.0
Se 1.577081849846e+01 3.891330065311e+00 2.969131231352e+01 1 1 1 0.0 0.0 0.0
Se 1.624443012237e+01 7.992927043932e+00 2.969131231352e+01 1 1 1 0.0 0.0 0.0
Se 1.671804174628e+01 1.209452402255e+01 2.969131231352e+01 1 1 1 0.0 0.0 0.0
Se 1.198192550716e+01 2.250691273863e+00 2.969131231352e+01 1 1 1 0.0 0.0 0.0
Se 1.245553713107e+01 6.352288252484e+00 2.969131231352e+01 1 1 1 0.0 0.0 0.0
Se 1.292914875498e+01 1.045388523110e+01 2.969131231352e+01 1 1 1 0.0 0.0 0.0
Se 1.340276037889e+01 1.455548220973e+01 2.969131231352e+01 1 1 1 0.0 0.0 0.0
Se 8.193032515856e+00 6.100524824143e-01 2.969131231352e+01 1 1 1 0.0 0.0 0.0
Se 8.666644139768e+00 4.711649461035e+00 2.969131231352e+01 1 1 1 0.0 0.0 0.0
Se 9.140255763681e+00 8.813246439656e+00 2.969131231352e+01 1 1 1 0.0 0.0 0.0
Se 9.613867387593e+00 1.291484341828e+01 2.969131231352e+01 1 1 1 0.0 0.0 0.0
Se 4.877751148468e+00 3.071010669587e+00 2.969131231352e+01 1 1 1 0.0 0.0 0.0
Se 5.351362772381e+00 7.172607648208e+00 2.969131231352e+01 1 1 1 0.0 0.0 0.0
Se 2.382221610497e+01 1.127420462683e+01 2.969131231352e+01 1 1 1 0.0 0.0 0.0
Se 1.088858157168e+00 1.430371878138e+00 2.969131231352e+01 1 1 1 0.0 0.0 0.0
Se 1.955971148976e+01 5.531968856759e+00 2.969131231352e+01 1 1 1 0.0 0.0 0.0
Se 2.429582772888e+01 1.537580160545e+01 2.969131231352e+01 1 1 1 0.0 0.0 0.0
Se 2.152150629684e+01 1.151688144753e+01 2.692457590224e+01 1 1 1 0.0 0.0 0.0
Se 1.299649706642e+01 3.240990738968e-02 2.692457590224e+01 1 1 1 0.0 0.0 0.0
Se 1.725900168163e+01 5.774645677459e+00 2.692457590224e+01 1 1 1 0.0 0.0 0.0
Se 1.773261330554e+01 9.876242656080e+00 2.692457590224e+01 1 1 1 0.0 0.0 0.0
Se 1.820622492945e+01 1.397783963470e+01 2.692457590224e+01 1 1 1 0.0 0.0 0.0
Se 1.347010869033e+01 4.134006886011e+00 2.692457590224e+01 1 1 1 0.0 0.0 0.0
Se 1.394372031424e+01 8.235603864631e+00 2.692457590224e+01 1 1 1 0.0 0.0 0.0
Se 1.441733193815e+01 1.233720084325e+01 2.692457590224e+01 1 1 1 0.0 0.0 0.0
Se 5.892322707729e+00 8.527293031139e-01 2.692457590224e+01 1 1 1 0.0 0.0 0.0
Se 9.681215699029e+00 2.493368094562e+00 2.692457590224e+01 1 1 1 0.0 0.0 0.0
Se 1.015482732294e+01 6.594965073183e+00 2.692457590224e+01 1 1 1 0.0 0.0 0.0
Se 1.062843894685e+01 1.069656205180e+01 2.692457590224e+01 1 1 1 0.0 0.0 0.0
Se 1.110205057077e+01 1.479815903042e+01 2.692457590224e+01 1 1 1 0.0 0.0 0.0
Se 6.365934331641e+00 4.954326281735e+00 2.692457590224e+01 1 1 1 0.0 0.0 0.0
Se 6.839545955554e+00 9.055923260356e+00 2.692457590224e+01 1 1 1 0.0 0.0 0.0
Se 2.531039928814e+01 1.315752023898e+01 2.692457590224e+01 1 1 1 0.0 0.0 0.0
Se 2.577041340341e+00 3.313687490286e+00 2.692457590224e+01 1 1 1 0.0 0.0 0.0
Se 2.104789467293e+01 7.415284468907e+00 2.692457590224e+01 1 1 1 0.0 0.0 0.0
Se 1.678539005772e+01 1.673048698838e+00 2.692457590224e+01 1 1 1 0.0 0.0 0.0
Se 2.009708273301e+01 9.583584917849e+00 2.330671355540e+01 1 1 1 0.0 0.0 0.0
Se 2.057069435692e+01 1.368518189647e+01 2.330671355540e+01 1 1 1 0.0 0.0 0.0
Se 1.583457811780e+01 3.841349147780e+00 2.330671355540e+01 1 1 1 0.0 0.0 0.0
Se 1.630818974171e+01 7.942946126401e+00 2.330671355540e+01 1 1 1 0.0 0.0 0.0
Se 1.678180136562e+01 1.204454310502e+01 2.330671355540e+01 1 1 1 0.0 0.0 0.0
Se 1.204568512650e+01 2.200710356332e+00 2.330671355540e+01 1 1 1 0.0 0.0 0.0
Se 1.251929675041e+01 6.302307334952e+00 2.330671355540e+01 1 1 1 0.0 0.0 0.0
Se 1.299290837432e+01 1.040390431357e+01 2.330671355540e+01 1 1 1 0.0 0.0 0.0
Se 1.346651999824e+01 1.450550129219e+01 2.330671355540e+01 1 1 1 0.0 0.0 0.0
Se 8.256792135198e+00 5.600715648832e-01 2.330671355540e+01 1 1 1 0.0 0.0 0.0
Se 8.730403759111e+00 4.661668543504e+00 2.330671355540e+01 1 1 1 0.0 0.0 0.0
Se 9.204015383023e+00 8.763265522125e+00 2.330671355540e+01 1 1 1 0.0 0.0 0.0
Se 9.677627006936e+00 1.286486250075e+01 2.330671355540e+01 1 1 1 0.0 0.0 0.0
Se 4.941510767810e+00 3.021029752056e+00 2.330671355540e+01 1 1 1 0.0 0.0 0.0
Se 5.415122391723e+00 7.122626730677e+00 2.330671355540e+01 1 1 1 0.0 0.0 0.0
Se 2.388597572431e+01 1.122422370930e+01 2.330671355540e+01 1 1 1 0.0 0.0 0.0
Se 1.152617776510e+00 1.380390960607e+00 2.330671355540e+01 1 1 1 0.0 0.0 0.0
Se 1.962347110910e+01 5.481987939228e+00 2.330671355540e+01 1 1 1 0.0 0.0 0.0
Se 2.435958734822e+01 1.532582068792e+01 2.330671355540e+01 1 1 1 0.0 0.0 0.0
Se 1.866415948898e+01 7.662861723351e+00 1.968357859229e+01 1 1 1 0.0 0.0 0.0
Se 1.913777111290e+01 1.176445870197e+01 1.968357859229e+01 1 1 1 0.0 0.0 0.0
Se 1.440165487377e+01 1.920625953282e+00 1.968357859229e+01 1 1 1 0.0 0.0 0.0
Se 1.487526649768e+01 6.022222931903e+00 1.968357859229e+01 1 1 1 0.0 0.0 0.0
Se 1.534887812160e+01 1.012381991052e+01 1.968357859229e+01 1 1 1 0.0 0.0 0.0
Se 1.061276188247e+01 2.799871618333e-01 1.968357859229e+01 1 1 1 0.0 0.0 0.0
Se 1.108637350638e+01 4.381584140454e+00 1.968357859229e+01 1 1 1 0.0 0.0 0.0
Se 1.155998513030e+01 8.483181119075e+00 1.968357859229e+01 1 1 1 0.0 0.0 0.0
Se 1.203359675421e+01 1.258477809770e+01 1.968357859229e+01 1 1 1 0.0 0.0 0.0
Se 1.582248974551e+01 1.422541688914e+01 1.968357859229e+01 1 1 1 0.0 0.0 0.0
Se 7.297480515084e+00 2.740945349006e+00 1.968357859229e+01 1 1 1 0.0 0.0 0.0
Se 7.771092138996e+00 6.842542327627e+00 1.968357859229e+01 1 1 1 0.0 0.0 0.0
Se 8.244703762909e+00 1.094413930625e+01 1.968357859229e+01 1 1 1 0.0 0.0 0.0
Se 3.508587523784e+00 1.100306557557e+00 1.968357859229e+01 1 1 1 0.0 0.0 0.0
Se 3.982199147696e+00 5.201903536178e+00 1.968357859229e+01 1 1 1 0.0 0.0 0.0
Se 2.245305248028e+01 9.303500514799e+00 1.968357859229e+01 1 1 1 0.0 0.0 0.0
Se 8.718315386821e+00 1.504573628487e+01 1.968357859229e+01 1 1 1 0.0 0.0 0.0
Se 1.819054786507e+01 3.561264744730e+00 1.968357859229e+01 1 1 1 0.0 0.0 0.0
Se 2.292666410420e+01 1.340509749342e+01 1.968357859229e+01 1 1 1 0.0 0.0 0.0
"