calculation_mode = "Quench Electrons"
cell_relax = "False"
charge_density_mixing = "0.1"
charge_mixing_type = "Broyden"
description = "Example parameters for high-throughput bulk relaxation of a vdW material"
dos_broading = "0.05"
dos_method = "Gaussian"
energy_convergence_criterion = "1e-10"
energy_output_units = "Hartrees"
kohn_sham_mucycles = "3"
kohn_sham_solver = "davidson"
kpoint_distribution = "1"
kpoint_mesh = "2 1 1"
localize_projectors = "False"
max_md_steps = "100"
max_scf_steps = "200"
non_local_block_size = "4000"
output_wave_function_file = "/dev/null"
potential_acceleration_constant_step = "1.5"
processor_grid = "2 10 16"
rms_convergence_criterion = "1e-08"
scalapack_block_factor = "64"
start_mode = "LCAO Start"
state_block_size = "64"
stress = "True"
subdiag_driver = "scalapack"
use_async_allreduce = "False"
vdw_corr = "DFT-D3"
vdwdf_kernel_filepath = "/lustre/orion/world-shared/cph162/rjmorelock/rmgdft/XC/vdW_kernel_table"
wavefunction_grid = "60 282 378"
write_data_period = "50"

atomic_coordinate_type = "Absolute"
crds_units = "Angstrom"
lattice_units = "Angstrom"

lattice_vector = "
6.927141563561e+00 0.000000000000e+00 4.000000000000e-16
1.731785392719e+00 3.299494313416e+01 2.000000000000e-15
0.000000000000e+00 0.000000000000e+00 4.446241589303e+01
"
atoms = "
Nb 5.065267053951e-01 6.954336466860e-01 1.532833092694e+01 1 1 1 0.0 0.0 0.0
Nb 3.970097487175e+00 6.954336466860e-01 1.532833092694e+01 1 1 1 0.0 0.0 0.0
Nb 2.238312096452e+00 3.694973931609e+00 1.532833092694e+01 1 1 1 0.0 0.0 0.0
Nb 5.701882878232e+00 3.694973931609e+00 1.532833092694e+01 1 1 1 0.0 0.0 0.0
Nb 3.970097487508e+00 6.694514216533e+00 1.532833092694e+01 1 1 1 0.0 0.0 0.0
Nb 5.065267057276e-01 6.694514216533e+00 1.532833092694e+01 1 1 1 0.0 0.0 0.0
Nb 2.238312096784e+00 9.694054501456e+00 1.532833092694e+01 1 1 1 0.0 0.0 0.0
Nb 5.701882878564e+00 9.694054501456e+00 1.532833092694e+01 1 1 1 0.0 0.0 0.0
Nb 3.970097487840e+00 1.269359478638e+01 1.532833092694e+01 1 1 1 0.0 0.0 0.0
Nb 7.433668269621e+00 1.269359478638e+01 1.532833092694e+01 1 1 1 0.0 0.0 0.0
Nb 2.238312097117e+00 1.569313507130e+01 1.532833092694e+01 1 1 1 0.0 0.0 0.0
Nb 5.701882878897e+00 1.569313507130e+01 1.532833092694e+01 1 1 1 0.0 0.0 0.0
Nb 3.970097488173e+00 1.869267535623e+01 1.532833092694e+01 1 1 1 0.0 0.0 0.0
Nb 7.433668269953e+00 1.869267535623e+01 1.532833092694e+01 1 1 1 0.0 0.0 0.0
Nb 2.238312097449e+00 2.169221564115e+01 1.532833092694e+01 1 1 1 0.0 0.0 0.0
Nb 5.701882879229e+00 2.169221564115e+01 1.532833092694e+01 1 1 1 0.0 0.0 0.0
Nb 3.970097488505e+00 2.469175592607e+01 1.532833092694e+01 1 1 1 0.0 0.0 0.0
Nb 7.433668270286e+00 2.469175592607e+01 1.532833092694e+01 1 1 1 0.0 0.0 0.0
Nb 2.238312097782e+00 2.769129621100e+01 1.532833092694e+01 1 1 1 0.0 0.0 0.0
Nb 5.701882879562e+00 2.769129621100e+01 1.532833092694e+01 1 1 1 0.0 0.0 0.0
Nb 3.970097488838e+00 3.069083649592e+01 1.532833092694e+01 1 1 1 0.0 0.0 0.0
Nb 7.433668270618e+00 3.069083649592e+01 1.532833092694e+01 1 1 1 0.0 0.0 0.0
Nb 5.055438659518e-01 7.051898054775e-01 9.182088683320e+00 1 1 1 0.0 0.0 0.0
Nb 3.969114647732e+00 7.051898054775e-01 9.182088683320e+00 1 1 1 0.0 0.0 0.0
Nb 2.237329257008e+00 3.704730090401e+00 9.182088683320e+00 1 1 1 0.0 0.0 0.0
Nb 5.700900038788e+00 3.704730090401e+00 9.182088683320e+00 1 1 1 0.0 0.0 0.0
Nb 3.969114648065e+00 6.704270375324e+00 9.182088683320e+00 1 1 1 0.0 0.0 0.0
Nb 5.055438662843e-01 6.704270375324e+00 9.182088683320e+00 1 1 1 0.0 0.0 0.0
Nb 2.237329257341e+00 9.703810660247e+00 9.182088683320e+00 1 1 1 0.0 0.0 0.0
Nb 5.700900039121e+00 9.703810660247e+00 9.182088683320e+00 1 1 1 0.0 0.0 0.0
Nb 3.969114648397e+00 1.270335094517e+01 9.182088683320e+00 1 1 1 0.0 0.0 0.0
Nb 7.432685430177e+00 1.270335094517e+01 9.182088683320e+00 1 1 1 0.0 0.0 0.0
Nb 2.237329257673e+00 1.570289123009e+01 9.182088683320e+00 1 1 1 0.0 0.0 0.0
Nb 5.700900039454e+00 1.570289123009e+01 9.182088683320e+00 1 1 1 0.0 0.0 0.0
Nb 3.969114648730e+00 1.870243151502e+01 9.182088683320e+00 1 1 1 0.0 0.0 0.0
Nb 7.432685430510e+00 1.870243151502e+01 9.182088683320e+00 1 1 1 0.0 0.0 0.0
Nb 2.237329258006e+00 2.170197179994e+01 9.182088683320e+00 1 1 1 0.0 0.0 0.0
Nb 5.700900039786e+00 2.170197179994e+01 9.182088683320e+00 1 1 1 0.0 0.0 0.0
Nb 3.969114649062e+00 2.470151208486e+01 9.182088683320e+00 1 1 1 0.0 0.0 0.0
Nb 7.432685430842e+00 2.470151208486e+01 9.182088683320e+00 1 1 1 0.0 0.0 0.0
Nb 2.237329258338e+00 2.770105236979e+01 9.182088683320e+00 1 1 1 0.0 0.0 0.0
Nb 5.700900040119e+00 2.770105236979e+01 9.182088683320e+00 1 1 1 0.0 0.0 0.0
Nb 3.969114649395e+00 3.070059265471e+01 9.182088683320e+00 1 1 1 0.0 0.0 0.0
Nb 7.432685431175e+00 3.070059265471e+01 9.182088683320e+00 1 1 1 0.0 0.0 0.0
Bi 4.011540238854e+00 2.745789962637e+01 3.532095071834e+01 1 1 1 0.0 0.0 0.0
Bi 7.590563379905e+00 2.525823675076e+01 3.532095071834e+01 1 1 1 0.0 0.0 0.0
Bi 4.242444957396e+00 2.305857387515e+01 3.532095071834e+01 1 1 1 0.0 0.0 0.0
Bi 7.821468098447e+00 2.085891099954e+01 3.532095071834e+01 1 1 1 0.0 0.0 0.0
Bi 4.473349675937e+00 1.865924812393e+01 3.532095071834e+01 1 1 1 0.0 0.0 0.0
Bi 1.125231253428e+00 1.645958524832e+01 3.532095071834e+01 1 1 1 0.0 0.0 0.0
Bi 4.704254394479e+00 1.425992237271e+01 3.532095071834e+01 1 1 1 0.0 0.0 0.0
Bi 1.356135971969e+00 1.206025949709e+01 3.532095071834e+01 1 1 1 0.0 0.0 0.0
Bi 4.935159113020e+00 9.860596621484e+00 3.532095071834e+01 1 1 1 0.0 0.0 0.0
Bi 1.587040690511e+00 7.660933745874e+00 3.532095071834e+01 1 1 1 0.0 0.0 0.0
Bi 5.166063831562e+00 5.461270870264e+00 3.532095071834e+01 1 1 1 0.0 0.0 0.0
Bi 1.817945409052e+00 3.261607994653e+00 3.532095071834e+01 1 1 1 0.0 0.0 0.0
Bi 5.396968550103e+00 1.061945119043e+00 3.532095071834e+01 1 1 1 0.0 0.0 0.0
Bi 3.780635520313e+00 3.185722537759e+01 3.532095071834e+01 1 1 1 0.0 0.0 0.0
Bi 7.359658661364e+00 2.965756250198e+01 3.532095071834e+01 1 1 1 0.0 0.0 0.0
Bi 1.725592282402e+00 2.748433321103e+01 3.133430771007e+01 1 1 1 0.0 0.0 0.0
Bi 5.304615423453e+00 2.528467033542e+01 3.133430771007e+01 1 1 1 0.0 0.0 0.0
Bi 1.956497000943e+00 2.308500745980e+01 3.133430771007e+01 1 1 1 0.0 0.0 0.0
Bi 5.535520141994e+00 2.088534458419e+01 3.133430771007e+01 1 1 1 0.0 0.0 0.0
Bi 2.187401719485e+00 1.868568170858e+01 3.133430771007e+01 1 1 1 0.0 0.0 0.0
Bi 5.766424860536e+00 1.648601883297e+01 3.133430771007e+01 1 1 1 0.0 0.0 0.0
Bi 2.418306438026e+00 1.428635595736e+01 3.133430771007e+01 1 1 1 0.0 0.0 0.0
Bi 5.997329579077e+00 1.208669308175e+01 3.133430771007e+01 1 1 1 0.0 0.0 0.0
Bi 2.649211156568e+00 9.887030206142e+00 3.133430771007e+01 1 1 1 0.0 0.0 0.0
Bi 6.228234297619e+00 7.687367330532e+00 3.133430771007e+01 1 1 1 0.0 0.0 0.0
Bi 2.880115875109e+00 5.487704454922e+00 3.133430771007e+01 1 1 1 0.0 0.0 0.0
Bi 6.459139016160e+00 3.288041579311e+00 3.133430771007e+01 1 1 1 0.0 0.0 0.0
Bi 3.111020593651e+00 1.088378703701e+00 3.133430771007e+01 1 1 1 0.0 0.0 0.0
Bi 8.421829127421e+00 3.188365896225e+01 3.133430771007e+01 1 1 1 0.0 0.0 0.0
Bi 5.073710704911e+00 2.968399608664e+01 3.133430771007e+01 1 1 1 0.0 0.0 0.0
Bi 1.705286711262e+00 2.755359646107e+01 2.529282906773e+01 1 1 1 0.0 0.0 0.0
Bi 5.284309852313e+00 2.535393358546e+01 2.529282906773e+01 1 1 1 0.0 0.0 0.0
Bi 1.936191429803e+00 2.315427070985e+01 2.529282906773e+01 1 1 1 0.0 0.0 0.0
Bi 5.515214570854e+00 2.095460783424e+01 2.529282906773e+01 1 1 1 0.0 0.0 0.0
Bi 2.167096148345e+00 1.875494495863e+01 2.529282906773e+01 1 1 1 0.0 0.0 0.0
Bi 5.746119289396e+00 1.655528208302e+01 2.529282906773e+01 1 1 1 0.0 0.0 0.0
Bi 2.398000866886e+00 1.435561920741e+01 2.529282906773e+01 1 1 1 0.0 0.0 0.0
Bi 5.977024007937e+00 1.215595633180e+01 2.529282906773e+01 1 1 1 0.0 0.0 0.0
Bi 2.628905585428e+00 9.956293456191e+00 2.529282906773e+01 1 1 1 0.0 0.0 0.0
Bi 6.207928726479e+00 7.756630580580e+00 2.529282906773e+01 1 1 1 0.0 0.0 0.0
Bi 2.859810303969e+00 5.556967704970e+00 2.529282906773e+01 1 1 1 0.0 0.0 0.0
Bi 6.438833445020e+00 3.357304829360e+00 2.529282906773e+01 1 1 1 0.0 0.0 0.0
Bi 3.090715022511e+00 1.157641953749e+00 2.529282906773e+01 1 1 1 0.0 0.0 0.0
Bi 8.401523556281e+00 3.195292221229e+01 2.529282906773e+01 1 1 1 0.0 0.0 0.0
Bi 5.053405133771e+00 2.975325933668e+01 2.529282906773e+01 1 1 1 0.0 0.0 0.0
Bi 6.343885136250e+00 2.755533610860e+01 2.132110864621e+01 1 1 1 0.0 0.0 0.0
Bi 2.995766713741e+00 2.535567323299e+01 2.132110864621e+01 1 1 1 0.0 0.0 0.0
Bi 6.574789854792e+00 2.315601035738e+01 2.132110864621e+01 1 1 1 0.0 0.0 0.0
Bi 3.226671432282e+00 2.095634748177e+01 2.132110864621e+01 1 1 1 0.0 0.0 0.0
Bi 6.805694573333e+00 1.875668460616e+01 2.132110864621e+01 1 1 1 0.0 0.0 0.0
Bi 3.457576150824e+00 1.655702173055e+01 2.132110864621e+01 1 1 1 0.0 0.0 0.0
Bi 7.036599291875e+00 1.435735885494e+01 2.132110864621e+01 1 1 1 0.0 0.0 0.0
Bi 3.688480869365e+00 1.215769597933e+01 2.132110864621e+01 1 1 1 0.0 0.0 0.0
Bi 7.267504010416e+00 9.958033103715e+00 2.132110864621e+01 1 1 1 0.0 0.0 0.0
Bi 3.919385587907e+00 7.758370228105e+00 2.132110864621e+01 1 1 1 0.0 0.0 0.0
Bi 5.712671653971e-01 5.558707352494e+00 2.132110864621e+01 1 1 1 0.0 0.0 0.0
Bi 4.150290306448e+00 3.359044476884e+00 2.132110864621e+01 1 1 1 0.0 0.0 0.0
Bi 8.021718839386e-01 1.159381601274e+00 2.132110864621e+01 1 1 1 0.0 0.0 0.0
Bi 6.112980417709e+00 3.195466185982e+01 2.132110864621e+01 1 1 1 0.0 0.0 0.0
Bi 2.764861995199e+00 2.975499898421e+01 2.132110864621e+01 1 1 1 0.0 0.0 0.0
Se 3.969554370133e+00 3.270063876361e+01 7.500000000000e+00 1 1 1 0.0 0.0 0.0
Se 7.433125151914e+00 3.270063876361e+01 7.500000000000e+00 1 1 1 0.0 0.0 0.0
Se 3.969554368471e+00 2.705235914382e+00 7.500000000000e+00 1 1 1 0.0 0.0 0.0
Se 5.059835866904e-01 2.705235914382e+00 7.500000000000e+00 1 1 1 0.0 0.0 0.0
Se 5.701339759527e+00 5.704776199305e+00 7.500000000000e+00 1 1 1 0.0 0.0 0.0
Se 2.237768977747e+00 5.704776199305e+00 7.500000000000e+00 1 1 1 0.0 0.0 0.0
Se 3.969554368803e+00 8.704316484228e+00 7.500000000000e+00 1 1 1 0.0 0.0 0.0
Se 5.059835870230e-01 8.704316484228e+00 7.500000000000e+00 1 1 1 0.0 0.0 0.0
Se 5.701339759860e+00 1.170385676915e+01 7.500000000000e+00 1 1 1 0.0 0.0 0.0
Se 2.237768978079e+00 1.170385676915e+01 7.500000000000e+00 1 1 1 0.0 0.0 0.0
Se 3.969554369136e+00 1.470339705407e+01 7.500000000000e+00 1 1 1 0.0 0.0 0.0
Se 7.433125150916e+00 1.470339705407e+01 7.500000000000e+00 1 1 1 0.0 0.0 0.0
Se 5.701339760192e+00 1.770293733900e+01 7.500000000000e+00 1 1 1 0.0 0.0 0.0
Se 2.237768978412e+00 1.770293733900e+01 7.500000000000e+00 1 1 1 0.0 0.0 0.0
Se 3.969554369468e+00 2.070247762392e+01 7.500000000000e+00 1 1 1 0.0 0.0 0.0
Se 7.433125151249e+00 2.070247762392e+01 7.500000000000e+00 1 1 1 0.0 0.0 0.0
Se 5.701339760525e+00 2.370201790884e+01 7.500000000000e+00 1 1 1 0.0 0.0 0.0
Se 2.237768978744e+00 2.370201790884e+01 7.500000000000e+00 1 1 1 0.0 0.0 0.0
Se 3.969554369801e+00 2.670155819377e+01 7.500000000000e+00 1 1 1 0.0 0.0 0.0
Se 7.433125151581e+00 2.670155819377e+01 7.500000000000e+00 1 1 1 0.0 0.0 0.0
Se 5.701339760857e+00 2.970109847869e+01 7.500000000000e+00 1 1 1 0.0 0.0 0.0
Se 2.237768979077e+00 2.970109847869e+01 7.500000000000e+00 1 1 1 0.0 0.0 0.0
Se 2.238577500736e+00 3.169079708891e+01 1.364602824434e+01 1 1 1 0.0 0.0 0.0
Se 5.702148282516e+00 3.169079708891e+01 1.364602824434e+01 1 1 1 0.0 0.0 0.0
Se 2.238577499074e+00 1.695394239678e+00 1.364602824434e+01 1 1 1 0.0 0.0 0.0
Se 5.702148280854e+00 1.695394239678e+00 1.364602824434e+01 1 1 1 0.0 0.0 0.0
Se 3.970362890130e+00 4.694934524602e+00 1.364602824434e+01 1 1 1 0.0 0.0 0.0
Se 5.067921083496e-01 4.694934524602e+00 1.364602824434e+01 1 1 1 0.0 0.0 0.0
Se 2.238577499406e+00 7.694474809525e+00 1.364602824434e+01 1 1 1 0.0 0.0 0.0
Se 5.702148281186e+00 7.694474809525e+00 1.364602824434e+01 1 1 1 0.0 0.0 0.0
Se 3.970362890462e+00 1.069401509445e+01 1.364602824434e+01 1 1 1 0.0 0.0 0.0
Se 7.433933672243e+00 1.069401509445e+01 1.364602824434e+01 1 1 1 0.0 0.0 0.0
Se 2.238577499739e+00 1.369355537937e+01 1.364602824434e+01 1 1 1 0.0 0.0 0.0
Se 5.702148281519e+00 1.369355537937e+01 1.364602824434e+01 1 1 1 0.0 0.0 0.0
Se 3.970362890795e+00 1.669309566429e+01 1.364602824434e+01 1 1 1 0.0 0.0 0.0
Se 7.433933672575e+00 1.669309566429e+01 1.364602824434e+01 1 1 1 0.0 0.0 0.0
Se 2.238577500071e+00 1.969263594922e+01 1.364602824434e+01 1 1 1 0.0 0.0 0.0
Se 5.702148281851e+00 1.969263594922e+01 1.364602824434e+01 1 1 1 0.0 0.0 0.0
Se 3.970362891127e+00 2.269217623414e+01 1.364602824434e+01 1 1 1 0.0 0.0 0.0
Se 7.433933672908e+00 2.269217623414e+01 1.364602824434e+01 1 1 1 0.0 0.0 0.0
Se 2.238577500404e+00 2.569171651906e+01 1.364602824434e+01 1 1 1 0.0 0.0 0.0
Se 5.702148282184e+00 2.569171651906e+01 1.364602824434e+01 1 1 1 0.0 0.0 0.0
Se 3.970362891460e+00 2.869125680399e+01 1.364602824434e+01 1 1 1 0.0 0.0 0.0
Se 7.433933673240e+00 2.869125680399e+01 1.364602824434e+01 1 1 1 0.0 0.0 0.0
Se 3.969247013921e+00 3.269960739289e+01 1.086443756309e+01 1 1 1 0.0 0.0 0.0
Se 7.432817795701e+00 3.269960739289e+01 1.086443756309e+01 1 1 1 0.0 0.0 0.0
Se 3.969247012258e+00 2.704204543660e+00 1.086443756309e+01 1 1 1 0.0 0.0 0.0
Se 5.056762304781e-01 2.704204543660e+00 1.086443756309e+01 1 1 1 0.0 0.0 0.0
Se 5.701032403315e+00 5.703744828583e+00 1.086443756309e+01 1 1 1 0.0 0.0 0.0
Se 2.237461621535e+00 5.703744828583e+00 1.086443756309e+01 1 1 1 0.0 0.0 0.0
Se 3.969247012591e+00 8.703285113507e+00 1.086443756309e+01 1 1 1 0.0 0.0 0.0
Se 5.056762308107e-01 8.703285113507e+00 1.086443756309e+01 1 1 1 0.0 0.0 0.0
Se 5.701032403647e+00 1.170282539843e+01 1.086443756309e+01 1 1 1 0.0 0.0 0.0
Se 2.237461621867e+00 1.170282539843e+01 1.086443756309e+01 1 1 1 0.0 0.0 0.0
Se 3.969247012923e+00 1.470236568335e+01 1.086443756309e+01 1 1 1 0.0 0.0 0.0
Se 7.432817794704e+00 1.470236568335e+01 1.086443756309e+01 1 1 1 0.0 0.0 0.0
Se 5.701032403980e+00 1.770190596828e+01 1.086443756309e+01 1 1 1 0.0 0.0 0.0
Se 2.237461622200e+00 1.770190596828e+01 1.086443756309e+01 1 1 1 0.0 0.0 0.0
Se 3.969247013256e+00 2.070144625320e+01 1.086443756309e+01 1 1 1 0.0 0.0 0.0
Se 7.432817795036e+00 2.070144625320e+01 1.086443756309e+01 1 1 1 0.0 0.0 0.0
Se 5.701032404312e+00 2.370098653812e+01 1.086443756309e+01 1 1 1 0.0 0.0 0.0
Se 2.237461622532e+00 2.370098653812e+01 1.086443756309e+01 1 1 1 0.0 0.0 0.0
Se 3.969247013589e+00 2.670052682305e+01 1.086443756309e+01 1 1 1 0.0 0.0 0.0
Se 7.432817795369e+00 2.670052682305e+01 1.086443756309e+01 1 1 1 0.0 0.0 0.0
Se 5.701032404645e+00 2.970006710797e+01 1.086443756309e+01 1 1 1 0.0 0.0 0.0
Se 2.237461622865e+00 2.970006710797e+01 1.086443756309e+01 1 1 1 0.0 0.0 0.0
Se 2.238107932676e+00 3.168984904465e+01 1.701046802998e+01 1 1 1 0.0 0.0 0.0
Se 5.701678714457e+00 3.168984904465e+01 1.701046802998e+01 1 1 1 0.0 0.0 0.0
Se 2.238107931014e+00 1.694446195414e+00 1.701046802998e+01 1 1 1 0.0 0.0 0.0
Se 5.701678712794e+00 1.694446195414e+00 1.701046802998e+01 1 1 1 0.0 0.0 0.0
Se 3.969893322070e+00 4.693986480337e+00 1.701046802998e+01 1 1 1 0.0 0.0 0.0
Se 5.063225402898e-01 4.693986480337e+00 1.701046802998e+01 1 1 1 0.0 0.0 0.0
Se 2.238107931346e+00 7.693526765260e+00 1.701046802998e+01 1 1 1 0.0 0.0 0.0
Se 5.701678713126e+00 7.693526765260e+00 1.701046802998e+01 1 1 1 0.0 0.0 0.0
Se 3.969893322403e+00 1.069306705018e+01 1.701046802998e+01 1 1 1 0.0 0.0 0.0
Se 7.433464104183e+00 1.069306705018e+01 1.701046802998e+01 1 1 1 0.0 0.0 0.0
Se 2.238107931679e+00 1.369260733511e+01 1.701046802998e+01 1 1 1 0.0 0.0 0.0
Se 5.701678713459e+00 1.369260733511e+01 1.701046802998e+01 1 1 1 0.0 0.0 0.0
Se 3.969893322735e+00 1.669214762003e+01 1.701046802998e+01 1 1 1 0.0 0.0 0.0
Se 7.433464104515e+00 1.669214762003e+01 1.701046802998e+01 1 1 1 0.0 0.0 0.0
Se 2.238107932011e+00 1.969168790495e+01 1.701046802998e+01 1 1 1 0.0 0.0 0.0
Se 5.701678713792e+00 1.969168790495e+01 1.701046802998e+01 1 1 1 0.0 0.0 0.0
Se 3.969893323068e+00 2.269122818988e+01 1.701046802998e+01 1 1 1 0.0 0.0 0.0
Se 7.433464104848e+00 2.269122818988e+01 1.701046802998e+01 1 1 1 0.0 0.0 0.0
Se 2.238107932344e+00 2.569076847480e+01 1.701046802998e+01 1 1 1 0.0 0.0 0.0
Se 5.701678714124e+00 2.569076847480e+01 1.701046802998e+01 1 1 1 0.0 0.0 0.0
Se 3.969893323400e+00 2.869030875972e+01 1.701046802998e+01 1 1 1 0.0 0.0 0.0
Se 7.433464105180e+00 2.869030875972e+01 1.701046802998e+01 1 1 1 0.0 0.0 0.0
Se 1.690882052022e+00 2.745841336680e+01 3.696241589303e+01 1 1 1 0.0 0.0 0.0
Se 5.269905193074e+00 2.525875049119e+01 3.696241589303e+01 1 1 1 0.0 0.0 0.0
Se 1.921786770564e+00 2.305908761558e+01 3.696241589303e+01 1 1 1 0.0 0.0 0.0
Se 5.500809911615e+00 2.085942473997e+01 3.696241589303e+01 1 1 1 0.0 0.0 0.0
Se 2.152691489105e+00 1.865976186436e+01 3.696241589303e+01 1 1 1 0.0 0.0 0.0
Se 5.731714630157e+00 1.646009898875e+01 3.696241589303e+01 1 1 1 0.0 0.0 0.0
Se 2.383596207647e+00 1.426043611314e+01 3.696241589303e+01 1 1 1 0.0 0.0 0.0
Se 5.962619348698e+00 1.206077323753e+01 3.696241589303e+01 1 1 1 0.0 0.0 0.0
Se 2.614500926188e+00 9.861110361915e+00 3.696241589303e+01 1 1 1 0.0 0.0 0.0
Se 6.193524067240e+00 7.661447486305e+00 3.696241589303e+01 1 1 1 0.0 0.0 0.0
Se 2.845405644730e+00 5.461784610695e+00 3.696241589303e+01 1 1 1 0.0 0.0 0.0
Se 6.424428785781e+00 3.262121735084e+00 3.696241589303e+01 1 1 1 0.0 0.0 0.0
Se 3.076310363271e+00 1.062458859474e+00 3.696241589303e+01 1 1 1 0.0 0.0 0.0
Se 8.387118897042e+00 3.185773911802e+01 3.696241589303e+01 1 1 1 0.0 0.0 0.0
Se 5.039000474532e+00 2.965807624241e+01 3.696241589303e+01 1 1 1 0.0 0.0 0.0
Se 6.344043873050e+00 2.746467264221e+01 3.332483142763e+01 1 1 1 0.0 0.0 0.0
Se 2.995925450540e+00 2.526500976660e+01 3.332483142763e+01 1 1 1 0.0 0.0 0.0
Se 6.574948591591e+00 2.306534689099e+01 3.332483142763e+01 1 1 1 0.0 0.0 0.0
Se 3.226830169082e+00 2.086568401538e+01 3.332483142763e+01 1 1 1 0.0 0.0 0.0
Se 6.805853310133e+00 1.866602113977e+01 3.332483142763e+01 1 1 1 0.0 0.0 0.0
Se 3.457734887623e+00 1.646635826416e+01 3.332483142763e+01 1 1 1 0.0 0.0 0.0
Se 7.036758028674e+00 1.426669538855e+01 3.332483142763e+01 1 1 1 0.0 0.0 0.0
Se 3.688639606165e+00 1.206703251294e+01 3.332483142763e+01 1 1 1 0.0 0.0 0.0
Se 7.267662747216e+00 9.867369637328e+00 3.332483142763e+01 1 1 1 0.0 0.0 0.0
Se 3.919544324706e+00 7.667706761717e+00 3.332483142763e+01 1 1 1 0.0 0.0 0.0
Se 5.714259021966e-01 5.468043886107e+00 3.332483142763e+01 1 1 1 0.0 0.0 0.0
Se 4.150449043248e+00 3.268381010496e+00 3.332483142763e+01 1 1 1 0.0 0.0 0.0
Se 8.023306207381e-01 1.068718134886e+00 3.332483142763e+01 1 1 1 0.0 0.0 0.0
Se 6.113139154508e+00 3.186399839343e+01 3.332483142763e+01 1 1 1 0.0 0.0 0.0
Se 2.765020731999e+00 2.966433551782e+01 3.332483142763e+01 1 1 1 0.0 0.0 0.0
Se 4.025348757212e+00 2.747399267015e+01 2.969131231352e+01 1 1 1 0.0 0.0 0.0
Se 7.604371898263e+00 2.527432979454e+01 2.969131231352e+01 1 1 1 0.0 0.0 0.0
Se 4.256253475754e+00 2.307466691893e+01 2.969131231352e+01 1 1 1 0.0 0.0 0.0
Se 7.835276616805e+00 2.087500404332e+01 2.969131231352e+01 1 1 1 0.0 0.0 0.0
Se 4.487158194295e+00 1.867534116771e+01 2.969131231352e+01 1 1 1 0.0 0.0 0.0
Se 1.139039771786e+00 1.647567829210e+01 2.969131231352e+01 1 1 1 0.0 0.0 0.0
Se 4.718062912837e+00 1.427601541648e+01 2.969131231352e+01 1 1 1 0.0 0.0 0.0
Se 1.369944490327e+00 1.207635254087e+01 2.969131231352e+01 1 1 1 0.0 0.0 0.0
Se 4.948967631378e+00 9.876689665264e+00 2.969131231352e+01 1 1 1 0.0 0.0 0.0
Se 1.600849208869e+00 7.677026789654e+00 2.969131231352e+01 1 1 1 0.0 0.0 0.0
Se 5.179872349920e+00 5.477363914043e+00 2.969131231352e+01 1 1 1 0.0 0.0 0.0
Se 1.831753927410e+00 3.277701038433e+00 2.969131231352e+01 1 1 1 0.0 0.0 0.0
Se 5.410777068461e+00 1.078038162822e+00 2.969131231352e+01 1 1 1 0.0 0.0 0.0
Se 3.794444038671e+00 3.187331842137e+01 2.969131231352e+01 1 1 1 0.0 0.0 0.0
Se 7.373467179722e+00 2.967365554576e+01 2.969131231352e+01 1 1 1 0.0 0.0 0.0
Se 6.345303040308e+00 2.755115000707e+01 2.692457590224e+01 1 1 1 0.0 0.0 0.0
Se 2.997184617799e+00 2.535148713146e+01 2.692457590224e+01 1 1 1 0.0 0.0 0.0
Se 6.576207758850e+00 2.315182425585e+01 2.692457590224e+01 1 1 1 0.0 0.0 0.0
Se 3.228089336340e+00 2.095216138024e+01 2.692457590224e+01 1 1 1 0.0 0.0 0.0
Se 6.807112477391e+00 1.875249850463e+01 2.692457590224e+01 1 1 1 0.0 0.0 0.0
Se 3.458994054882e+00 1.655283562902e+01 2.692457590224e+01 1 1 1 0.0 0.0 0.0
Se 7.038017195933e+00 1.435317275341e+01 2.692457590224e+01 1 1 1 0.0 0.0 0.0
Se 3.689898773423e+00 1.215350987780e+01 2.692457590224e+01 1 1 1 0.0 0.0 0.0
Se 7.268921914474e+00 9.953847002185e+00 2.692457590224e+01 1 1 1 0.0 0.0 0.0
Se 3.920803491965e+00 7.754184126575e+00 2.692457590224e+01 1 1 1 0.0 0.0 0.0
Se 5.726850694550e-01 5.554521250964e+00 2.692457590224e+01 1 1 1 0.0 0.0 0.0
Se 4.151708210506e+00 3.354858375354e+00 2.692457590224e+01 1 1 1 0.0 0.0 0.0
Se 8.035897879965e-01 1.155195499744e+00 2.692457590224e+01 1 1 1 0.0 0.0 0.0
Se 6.114398321767e+00 3.195047575829e+01 2.692457590224e+01 1 1 1 0.0 0.0 0.0
Se 2.766279899257e+00 2.975081288268e+01 2.692457590224e+01 1 1 1 0.0 0.0 0.0
Se 4.018757186016e+00 2.756028471251e+01 2.330671355540e+01 1 1 1 0.0 0.0 0.0
Se 7.597780327067e+00 2.536062183690e+01 2.330671355540e+01 1 1 1 0.0 0.0 0.0
Se 4.249661904557e+00 2.316095896129e+01 2.330671355540e+01 1 1 1 0.0 0.0 0.0
Se 7.828685045608e+00 2.096129608568e+01 2.330671355540e+01 1 1 1 0.0 0.0 0.0
Se 4.480566623099e+00 1.876163321007e+01 2.330671355540e+01 1 1 1 0.0 0.0 0.0
Se 1.132448200589e+00 1.656197033446e+01 2.330671355540e+01 1 1 1 0.0 0.0 0.0
Se 4.711471341640e+00 1.436230745885e+01 2.330671355540e+01 1 1 1 0.0 0.0 0.0
Se 1.363352919131e+00 1.216264458323e+01 2.330671355540e+01 1 1 1 0.0 0.0 0.0
Se 4.942376060182e+00 9.962981707624e+00 2.330671355540e+01 1 1 1 0.0 0.0 0.0
Se 1.594257637672e+00 7.763318832014e+00 2.330671355540e+01 1 1 1 0.0 0.0 0.0
Se 5.173280778723e+00 5.563655956404e+00 2.330671355540e+01 1 1 1 0.0 0.0 0.0
Se 1.825162356214e+00 3.363993080793e+00 2.330671355540e+01 1 1 1 0.0 0.0 0.0
Se 5.404185497265e+00 1.164330205183e+00 2.330671355540e+01 1 1 1 0.0 0.0 0.0
Se 3.787852467474e+00 3.195961046373e+01 2.330671355540e+01 1 1 1 0.0 0.0 0.0
Se 7.366875608525e+00 2.975994758812e+01 2.330671355540e+01 1 1 1 0.0 0.0 0.0
Se 1.697884089259e+00 2.755416232904e+01 1.968357859229e+01 1 1 1 0.0 0.0 0.0
Se 5.276907230310e+00 2.535449945343e+01 1.968357859229e+01 1 1 1 0.0 0.0 0.0
Se 1.928788807800e+00 2.315483657782e+01 1.968357859229e+01 1 1 1 0.0 0.0 0.0
Se 5.507811948851e+00 2.095517370221e+01 1.968357859229e+01 1 1 1 0.0 0.0 0.0
Se 2.159693526342e+00 1.875551082660e+01 1.968357859229e+01 1 1 1 0.0 0.0 0.0
Se 5.738716667393e+00 1.655584795099e+01 1.968357859229e+01 1 1 1 0.0 0.0 0.0
Se 2.390598244883e+00 1.435618507538e+01 1.968357859229e+01 1 1 1 0.0 0.0 0.0
Se 5.969621385934e+00 1.215652219977e+01 1.968357859229e+01 1 1 1 0.0 0.0 0.0
Se 2.621502963425e+00 9.956859324155e+00 1.968357859229e+01 1 1 1 0.0 0.0 0.0
Se 6.200526104476e+00 7.757196448544e+00 1.968357859229e+01 1 1 1 0.0 0.0 0.0
Se 2.852407681966e+00 5.557533572934e+00 1.968357859229e+01 1 1 1 0.0 0.0 0.0
Se 6.431430823017e+00 3.357870697324e+00 1.968357859229e+01 1 1 1 0.0 0.0 0.0
Se 3.083312400508e+00 1.158207821713e+00 1.968357859229e+01 1 1 1 0.0 0.0 0.0
Se 8.394120934278e+00 3.195348808026e+01 1.968357859229e+01 1 1 1 0.0 0.0 0.0
Se 5.046002511768e+00 2.975382520465e+01 1.968357859229e+01 1 1 1 0.0 0.0 0.0
"