calculation_mode = "Relax Structure"
cell_relax = "False"
charge_density_mixing = "0.15"
charge_mixing_type = "Broyden"
description = "Example parameters for high-throughput bulk relaxation of a vdW material"
dipole_moment = "True"
dos_broading = "0.05"
dos_method = "Gaussian"
energy_convergence_criterion = "3.936e-08"
energy_output_units = "Hartrees"
kohn_sham_mucycles = "3"
kohn_sham_solver = "davidson"
kpoint_distribution = "1"
kpoint_mesh = "1 1 1"
localize_projectors = "False"
max_md_steps = "100"
max_scf_steps = "200"
non_local_block_size = "4000"
potential_acceleration_constant_step = "1.5"
processor_grid = "6 8 15"
rms_convergence_criterion = "3.936e-05"
scalapack_block_factor = "64"
start_mode = "LCAO Start"
state_block_size = "64"
stress = "True"
subdiag_driver = "scalapack"
use_async_allreduce = "False"
vdw_corr = "DFT-D3"
vdwdf_kernel_filepath = "/lustre/orion/world-shared/cph162/rjmorelock/rmgdft/XC/vdW_kernel_table"
wavefunction_grid = "180 230 426"
write_data_period = "50"

atomic_coordinate_type = "Absolute"
crds_units = "Angstrom"
lattice_units = "Angstrom"

lattice_vector = "
2.106813381420e+01 0.000000000000e+00 0.000000000000e+00
9.964407598559e+00 2.514914875844e+01 0.000000000000e+00
0.000000000000e+00 0.000000000000e+00 4.998925800348e+01
"
atoms = "
Nb 1.656816675480e+01 2.686991569482e+00 1.790490706278e+01 1 1 1 0.0 0.0 0.0
Nb 1.945239665526e+01 4.647744039604e+00 1.788710606930e+01 1 1 1 0.0 0.0 0.0
Nb 1.058227304945e+01 2.229122542322e+00 1.788113038813e+01 1 1 1 0.0 0.0 0.0
Nb 1.346595980238e+01 4.205252056616e+00 1.788759084858e+01 1 1 1 0.0 0.0 0.0
Nb 1.626467894574e+01 6.180831808665e+00 1.788495200039e+01 1 1 1 0.0 0.0 0.0
Nb 1.917410667927e+01 8.135573724839e+00 1.788981630350e+01 1 1 1 0.0 0.0 0.0
Nb 2.200027112439e+01 1.010437254670e+01 1.790717453437e+01 1 1 1 0.0 0.0 0.0
Nb 4.604362670826e+00 1.709011528382e+00 1.787895742760e+01 1 1 1 0.0 0.0 0.0
Nb 7.501783901751e+00 3.685111144161e+00 1.789181844562e+01 1 1 1 0.0 0.0 0.0
Nb 1.031562460251e+01 5.636268784074e+00 1.787998942907e+01 1 1 1 0.0 0.0 0.0
Nb 1.318799119573e+01 7.646839323359e+00 1.788474794964e+01 1 1 1 0.0 0.0 0.0
Nb 1.599463450381e+01 9.598567257594e+00 1.789107082400e+01 1 1 1 0.0 0.0 0.0
Nb 1.888504990421e+01 1.158419862565e+01 1.790211078436e+01 1 1 1 0.0 0.0 0.0
Nb 2.170543202953e+01 1.357019962402e+01 1.788948223390e+01 1 1 1 0.0 0.0 0.0
Nb 2.456093638972e+01 1.550559778336e+01 1.789627247761e+01 1 1 1 0.0 0.0 0.0
Nb 1.975350337837e+01 1.232566792250e+00 1.790239992681e+01 1 1 1 0.0 0.0 0.0
Nb 1.492744988965e+00 3.199132221534e+00 1.789896360851e+01 1 1 1 0.0 0.0 0.0
Nb 4.335223968671e+00 5.152890926379e+00 1.790190207685e+01 1 1 1 0.0 0.0 0.0
Nb 7.193836716016e+00 7.135647909457e+00 1.789145273122e+01 1 1 1 0.0 0.0 0.0
Nb 1.003667595959e+01 9.122257779167e+00 1.786256976071e+01 1 1 1 0.0 0.0 0.0
Nb 1.290651853609e+01 1.107049711239e+01 1.788180874045e+01 1 1 1 0.0 0.0 0.0
Nb 1.571800169929e+01 1.305664818542e+01 1.788177016343e+01 1 1 1 0.0 0.0 0.0
Nb 1.861826154281e+01 1.503966372450e+01 1.788804551767e+01 1 1 1 0.0 0.0 0.0
Nb 2.141814106604e+01 1.697645875303e+01 1.789891989847e+01 1 1 1 0.0 0.0 0.0
Nb 2.433132098377e+01 1.898695224411e+01 1.787876327246e+01 1 1 1 0.0 0.0 0.0
Nb 2.710947788677e+01 2.092775012810e+01 1.787911819164e+01 1 1 1 0.0 0.0 0.0
Nb 2.227074811580e+01 6.651435750911e+00 1.791270835254e+01 1 1 1 0.0 0.0 0.0
Nb 4.062919410707e+00 8.623289989292e+00 1.789885221670e+01 1 1 1 0.0 0.0 0.0
Nb 6.897460890431e+00 1.064004724563e+01 1.787909935293e+01 1 1 1 0.0 0.0 0.0
Nb 9.737610220216e+00 1.255539556694e+01 1.788968898345e+01 1 1 1 0.0 0.0 0.0
Nb 1.259778811511e+01 1.457167180116e+01 1.787631609227e+01 1 1 1 0.0 0.0 0.0
Nb 1.541058808297e+01 1.653298112450e+01 1.788097137037e+01 1 1 1 0.0 0.0 0.0
Nb 1.828156235793e+01 1.850209459516e+01 1.789013111104e+01 1 1 1 0.0 0.0 0.0
Nb 2.113384619830e+01 2.050533751124e+01 1.786663680538e+01 1 1 1 0.0 0.0 0.0
Nb 2.400863838128e+01 2.242945281787e+01 1.790289158539e+01 1 1 1 0.0 0.0 0.0
Nb 2.680204437339e+01 2.442739284874e+01 1.788850727774e+01 1 1 1 0.0 0.0 0.0
Nb 2.488239855072e+01 1.208345846845e+01 1.788182599163e+01 1 1 1 0.0 0.0 0.0
Nb 6.624231912730e+00 1.402145054883e+01 1.787122837053e+01 1 1 1 0.0 0.0 0.0
Nb 9.514467551626e+00 1.599859301422e+01 1.786280519167e+01 1 1 1 0.0 0.0 0.0
Nb 1.235522458856e+01 1.795999483774e+01 1.789276466746e+01 1 1 1 0.0 0.0 0.0
Nb 1.515578050616e+01 1.991955581237e+01 1.787606076425e+01 1 1 1 0.0 0.0 0.0
Nb 1.806156469557e+01 2.193450217124e+01 1.789440675738e+01 1 1 1 0.0 0.0 0.0
Nb 2.084824336315e+01 2.385414847017e+01 1.789013629698e+01 1 1 1 0.0 0.0 0.0
Nb 1.377405801530e+01 7.121389069730e-01 1.786966031251e+01 1 1 1 0.0 0.0 0.0
Nb 2.738613725598e+01 1.753102328055e+01 1.787464981895e+01 1 1 1 0.0 0.0 0.0
Nb 9.187752459743e+00 1.947301848098e+01 1.788915059852e+01 1 1 1 0.0 0.0 0.0
Nb 1.201455768559e+01 2.146857456835e+01 1.788825824692e+01 1 1 1 0.0 0.0 0.0
Nb 1.486378452191e+01 2.345143082508e+01 1.786384592457e+01 1 1 1 0.0 0.0 0.0
Nb 7.750860436042e+00 2.610045069896e-01 1.789002808023e+01 1 1 1 0.0 0.0 0.0
Nb 2.999520017291e+01 2.290559243040e+01 1.787682272657e+01 1 1 1 0.0 0.0 0.0
Nb 1.176621998858e+01 2.491024412215e+01 1.789677884732e+01 1 1 1 0.0 0.0 0.0
Nb 1.660106792691e+01 2.706898106317e+00 1.155122987760e+01 1 1 1 0.0 0.0 0.0
Nb 1.942216962746e+01 4.673802896971e+00 1.154399703005e+01 1 1 1 0.0 0.0 0.0
Nb 1.059576045458e+01 2.242369806820e+00 1.151486386453e+01 1 1 1 0.0 0.0 0.0
Nb 1.346576411263e+01 4.223658746374e+00 1.153534720457e+01 1 1 1 0.0 0.0 0.0
Nb 1.628735620173e+01 6.173493760671e+00 1.152483060051e+01 1 1 1 0.0 0.0 0.0
Nb 1.913288430075e+01 8.170103863279e+00 1.153226966844e+01 1 1 1 0.0 0.0 0.0
Nb 2.198651796644e+01 1.015151350816e+01 1.152102888532e+01 1 1 1 0.0 0.0 0.0
Nb 4.605274972403e+00 1.744617007909e+00 1.152025787407e+01 1 1 1 0.0 0.0 0.0
Nb 7.466178951401e+00 3.732759322015e+00 1.151848692949e+01 1 1 1 0.0 0.0 0.0
Nb 1.028919807279e+01 5.704075598805e+00 1.152984000402e+01 1 1 1 0.0 0.0 0.0
Nb 1.317024740631e+01 7.654949282206e+00 1.153267618241e+01 1 1 1 0.0 0.0 0.0
Nb 1.600395633147e+01 9.633145551163e+00 1.151380715048e+01 1 1 1 0.0 0.0 0.0
Nb 1.886691425904e+01 1.160721254421e+01 1.152800624610e+01 1 1 1 0.0 0.0 0.0
Nb 2.170387836513e+01 1.355304803686e+01 1.151613129696e+01 1 1 1 0.0 0.0 0.0
Nb 2.456082187576e+01 1.552369019475e+01 1.151528556588e+01 1 1 1 0.0 0.0 0.0
Nb 1.967833295638e+01 1.240134714841e+00 1.152318337757e+01 1 1 1 0.0 0.0 0.0
Nb 1.496623064434e+00 3.195879316066e+00 1.150528787304e+01 1 1 1 0.0 0.0 0.0
Nb 4.338265785334e+00 5.173184979714e+00 1.152646200105e+01 1 1 1 0.0 0.0 0.0
Nb 7.215396190906e+00 7.150881334924e+00 1.150922172379e+01 1 1 1 0.0 0.0 0.0
Nb 1.003756921079e+01 9.101219808456e+00 1.153283509433e+01 1 1 1 0.0 0.0 0.0
Nb 1.290583870208e+01 1.108680794273e+01 1.152060829524e+01 1 1 1 0.0 0.0 0.0
Nb 1.576135454541e+01 1.306709922442e+01 1.152648634321e+01 1 1 1 0.0 0.0 0.0
Nb 1.858224653301e+01 1.502883734008e+01 1.151009883508e+01 1 1 1 0.0 0.0 0.0
Nb 2.140630771024e+01 1.700656142418e+01 1.151687659020e+01 1 1 1 0.0 0.0 0.0
Nb 2.428983285244e+01 1.900247946878e+01 1.150981064515e+01 1 1 1 0.0 0.0 0.0
Nb 2.712382065401e+01 2.097371996739e+01 1.150719217028e+01 1 1 1 0.0 0.0 0.0
Nb 2.228028172020e+01 6.650023218080e+00 1.152339541889e+01 1 1 1 0.0 0.0 0.0
Nb 4.065535133849e+00 8.650929446185e+00 1.149857727051e+01 1 1 1 0.0 0.0 0.0
Nb 6.910615178487e+00 1.060036133325e+01 1.151051154041e+01 1 1 1 0.0 0.0 0.0
Nb 9.723376780997e+00 1.258719049402e+01 1.148769267659e+01 1 1 1 0.0 0.0 0.0
Nb 1.260764531140e+01 1.459029825823e+01 1.150106715530e+01 1 1 1 0.0 0.0 0.0
Nb 1.544078404807e+01 1.655212501108e+01 1.150526739388e+01 1 1 1 0.0 0.0 0.0
Nb 1.827548084132e+01 1.853009754390e+01 1.150880960055e+01 1 1 1 0.0 0.0 0.0
Nb 2.111063082196e+01 2.050397461523e+01 1.152597796262e+01 1 1 1 0.0 0.0 0.0
Nb 2.398120329264e+01 2.246604299042e+01 1.152111831627e+01 1 1 1 0.0 0.0 0.0
Nb 2.681808902758e+01 2.442571720898e+01 1.152948672529e+01 1 1 1 0.0 0.0 0.0
Nb 2.483901633526e+01 1.210944112429e+01 1.153572916471e+01 1 1 1 0.0 0.0 0.0
Nb 6.601282924220e+00 1.406498871283e+01 1.152007604877e+01 1 1 1 0.0 0.0 0.0
Nb 9.433745107780e+00 1.603958948697e+01 1.152374875054e+01 1 1 1 0.0 0.0 0.0
Nb 1.232091437619e+01 1.800418658856e+01 1.151309958759e+01 1 1 1 0.0 0.0 0.0
Nb 1.515570160583e+01 1.997105005047e+01 1.151361447705e+01 1 1 1 0.0 0.0 0.0
Nb 1.802328385463e+01 2.194360338491e+01 1.152194584366e+01 1 1 1 0.0 0.0 0.0
Nb 2.084707901445e+01 2.390726500696e+01 1.153255425997e+01 1 1 1 0.0 0.0 0.0
Nb 1.375603529656e+01 7.313603709413e-01 1.153561047025e+01 1 1 1 0.0 0.0 0.0
Nb 2.741410792492e+01 1.749724806637e+01 1.152298308398e+01 1 1 1 0.0 0.0 0.0
Nb 9.168343614111e+00 1.946844935294e+01 1.151405067785e+01 1 1 1 0.0 0.0 0.0
Nb 1.203178700889e+01 2.144547629893e+01 1.151919893747e+01 1 1 1 0.0 0.0 0.0
Nb 1.488022050267e+01 2.344662298518e+01 1.151875003641e+01 1 1 1 0.0 0.0 0.0
Nb 7.764336463865e+00 2.499811627981e-01 1.151947395089e+01 1 1 1 0.0 0.0 0.0
Nb 2.993721144827e+01 2.294271908284e+01 1.152502502023e+01 1 1 1 0.0 0.0 0.0
Nb 1.173425075052e+01 2.493059008777e+01 1.150845192964e+01 1 1 1 0.0 0.0 0.0
Bi 1.406490991834e+01 2.140985478534e+00 3.835578397993e+01 1 1 1 0.0 0.0 0.0
Bi 1.606874905843e+01 5.731374424302e+00 3.835970989302e+01 1 1 1 0.0 0.0 0.0
Bi 1.810208088705e+01 9.328755759485e+00 3.836871394975e+01 1 1 1 0.0 0.0 0.0
Bi 2.012160351786e+01 1.292599448140e+01 3.836320336247e+01 1 1 1 0.0 0.0 0.0
Bi 2.215756922040e+01 1.653262530572e+01 3.835412728472e+01 1 1 1 0.0 0.0 0.0
Bi 2.417292648541e+01 2.010131946597e+01 3.834516376297e+01 1 1 1 0.0 0.0 0.0
Bi 2.620791495633e+01 2.371803910746e+01 3.834616618343e+01 1 1 1 0.0 0.0 0.0
Bi 9.823051020086e+00 2.150757847708e+00 3.833357996715e+01 1 1 1 0.0 0.0 0.0
Bi 1.185453554385e+01 5.724214973629e+00 3.836717414979e+01 1 1 1 0.0 0.0 0.0
Bi 1.387912298303e+01 9.338877173973e+00 3.836610574092e+01 1 1 1 0.0 0.0 0.0
Bi 1.591437852970e+01 1.292085193689e+01 3.836073633813e+01 1 1 1 0.0 0.0 0.0
Bi 1.794415947315e+01 1.652754912004e+01 3.835815204812e+01 1 1 1 0.0 0.0 0.0
Bi 1.995776510855e+01 2.011652421003e+01 3.835917494774e+01 1 1 1 0.0 0.0 0.0
Bi 2.199394205865e+01 2.371199484492e+01 3.834935156588e+01 1 1 1 0.0 0.0 0.0
Bi 5.623725854495e+00 2.138319853977e+00 3.836774169239e+01 1 1 1 0.0 0.0 0.0
Bi 7.645878866652e+00 5.736931050005e+00 3.834534913376e+01 1 1 1 0.0 0.0 0.0
Bi 9.687899574035e+00 9.339420586090e+00 3.836759283483e+01 1 1 1 0.0 0.0 0.0
Bi 1.169237372682e+01 1.291711356422e+01 3.833913299445e+01 1 1 1 0.0 0.0 0.0
Bi 1.373126472120e+01 1.652229999923e+01 3.836148380100e+01 1 1 1 0.0 0.0 0.0
Bi 1.574545567955e+01 2.011735454205e+01 3.833186585621e+01 1 1 1 0.0 0.0 0.0
Bi 1.776664220238e+01 2.371241945675e+01 3.834009509160e+01 1 1 1 0.0 0.0 0.0
Bi 1.420260670696e+00 2.157992864892e+00 3.835797577918e+01 1 1 1 0.0 0.0 0.0
Bi 3.429871017862e+00 5.736024939801e+00 3.833788942791e+01 1 1 1 0.0 0.0 0.0
Bi 5.465729138674e+00 9.323709525238e+00 3.834268425005e+01 1 1 1 0.0 0.0 0.0
Bi 7.489347230963e+00 1.293548374075e+01 3.835267882075e+01 1 1 1 0.0 0.0 0.0
Bi 9.514069292829e+00 1.653067724551e+01 3.835138630532e+01 1 1 1 0.0 0.0 0.0
Bi 1.153402653691e+01 2.012692725265e+01 3.834406561434e+01 1 1 1 0.0 0.0 0.0
Bi 1.356802131879e+01 2.370268053157e+01 3.833953003614e+01 1 1 1 0.0 0.0 0.0
Bi 1.825772620377e+01 2.150471139475e+00 3.835593437210e+01 1 1 1 0.0 0.0 0.0
Bi 2.028468689707e+01 5.752972476213e+00 3.834145147873e+01 1 1 1 0.0 0.0 0.0
Bi 2.230879035073e+01 9.337956881819e+00 3.835501434454e+01 1 1 1 0.0 0.0 0.0
Bi 2.434753587428e+01 1.293236302376e+01 3.835258102879e+01 1 1 1 0.0 0.0 0.0
Bi 2.637067019273e+01 1.651852770630e+01 3.833829689439e+01 1 1 1 0.0 0.0 0.0
Bi 2.838611577742e+01 2.011746672763e+01 3.835443658882e+01 1 1 1 0.0 0.0 0.0
Bi 3.041984787572e+01 2.370559566320e+01 3.835344395813e+01 1 1 1 0.0 0.0 0.0
Bi 1.622752191852e+01 9.229071360193e-01 3.446208402322e+01 1 1 1 0.0 0.0 0.0
Bi 1.824408793020e+01 4.522815133813e+00 3.447883174230e+01 1 1 1 0.0 0.0 0.0
Bi 2.027168374203e+01 8.102157822015e+00 3.447461864472e+01 1 1 1 0.0 0.0 0.0
Bi 2.229499967411e+01 1.169525816617e+01 3.447565768425e+01 1 1 1 0.0 0.0 0.0
Bi 2.432043030432e+01 1.529827497447e+01 3.445100305163e+01 1 1 1 0.0 0.0 0.0
Bi 2.635608739069e+01 1.888017575841e+01 3.445525827172e+01 1 1 1 0.0 0.0 0.0
Bi 2.838344131560e+01 2.248044227379e+01 3.445764184481e+01 1 1 1 0.0 0.0 0.0
Bi 1.200445431605e+01 9.082858098764e-01 3.446235041105e+01 1 1 1 0.0 0.0 0.0
Bi 1.404770991146e+01 4.517085520067e+00 3.446151658646e+01 1 1 1 0.0 0.0 0.0
Bi 1.605592846954e+01 8.102679590782e+00 3.447774555308e+01 1 1 1 0.0 0.0 0.0
Bi 1.808415913532e+01 1.170303887093e+01 3.449198031525e+01 1 1 1 0.0 0.0 0.0
Bi 2.011598815348e+01 1.528665461250e+01 3.448746648623e+01 1 1 1 0.0 0.0 0.0
Bi 2.214395100265e+01 1.889478237342e+01 3.447013677801e+01 1 1 1 0.0 0.0 0.0
Bi 2.415544733754e+01 2.246732852071e+01 3.444915881600e+01 1 1 1 0.0 0.0 0.0
Bi 7.793435285774e+00 9.238312911669e-01 3.446844917884e+01 1 1 1 0.0 0.0 0.0
Bi 9.819761389717e+00 4.523779665185e+00 3.447042375083e+01 1 1 1 0.0 0.0 0.0
Bi 1.182788273794e+01 8.091032240779e+00 3.445962747660e+01 1 1 1 0.0 0.0 0.0
Bi 1.387887379346e+01 1.169956238808e+01 3.448585313063e+01 1 1 1 0.0 0.0 0.0
Bi 1.590463838742e+01 1.528973982170e+01 3.444446638966e+01 1 1 1 0.0 0.0 0.0
Bi 1.793211508146e+01 1.889470204432e+01 3.446379347741e+01 1 1 1 0.0 0.0 0.0
Bi 1.994088906398e+01 2.247194971979e+01 3.445586767224e+01 1 1 1 0.0 0.0 0.0
Bi 3.592132161462e+00 9.128716599162e-01 3.445463998103e+01 1 1 1 0.0 0.0 0.0
Bi 5.615062376245e+00 4.511542388384e+00 3.445258031734e+01 1 1 1 0.0 0.0 0.0
Bi 7.646605109509e+00 8.094444216927e+00 3.446954415241e+01 1 1 1 0.0 0.0 0.0
Bi 9.658228182342e+00 1.170491004169e+01 3.445580708145e+01 1 1 1 0.0 0.0 0.0
Bi 1.168626733888e+01 1.530178299629e+01 3.446235321569e+01 1 1 1 0.0 0.0 0.0
Bi 1.371403412788e+01 1.889532134045e+01 3.446299473727e+01 1 1 1 0.0 0.0 0.0
Bi 1.574277126920e+01 2.248384435432e+01 3.445605971067e+01 1 1 1 0.0 0.0 0.0
Bi 2.044063728447e+01 9.418293502533e-01 3.445840163750e+01 1 1 1 0.0 0.0 0.0
Bi 2.244076345239e+01 4.522397454210e+00 3.445772206808e+01 1 1 1 0.0 0.0 0.0
Bi 3.418603140864e+00 8.116807141634e+00 3.444549098265e+01 1 1 1 0.0 0.0 0.0
Bi 5.448740326437e+00 1.169453022995e+01 3.446952653081e+01 1 1 1 0.0 0.0 0.0
Bi 7.488656866324e+00 1.529555680261e+01 3.446513594717e+01 1 1 1 0.0 0.0 0.0
Bi 9.491774102810e+00 1.890177121735e+01 3.447037924702e+01 1 1 1 0.0 0.0 0.0
Bi 1.152570268462e+01 2.247050136166e+01 3.445304398244e+01 1 1 1 0.0 0.0 0.0
Bi 1.623884493579e+01 8.803661007131e-01 2.826195274986e+01 1 1 1 0.0 0.0 0.0
Bi 1.828772335697e+01 4.481847130797e+00 2.827879048199e+01 1 1 1 0.0 0.0 0.0
Bi 2.029531986720e+01 8.084865791214e+00 2.826412655708e+01 1 1 1 0.0 0.0 0.0
Bi 2.232904630330e+01 1.167151038460e+01 2.826968207151e+01 1 1 1 0.0 0.0 0.0
Bi 2.434113616339e+01 1.527470557855e+01 2.826821662096e+01 1 1 1 0.0 0.0 0.0
Bi 2.634528831182e+01 1.885604135994e+01 2.828098736134e+01 1 1 1 0.0 0.0 0.0
Bi 2.838529470600e+01 2.244899009482e+01 2.826047158274e+01 1 1 1 0.0 0.0 0.0
Bi 1.202558976121e+01 8.925133644638e-01 2.828466662492e+01 1 1 1 0.0 0.0 0.0
Bi 1.405648875035e+01 4.489198143634e+00 2.827170252317e+01 1 1 1 0.0 0.0 0.0
Bi 1.609792566939e+01 8.064667095620e+00 2.827672626738e+01 1 1 1 0.0 0.0 0.0
Bi 1.810172326907e+01 1.167804180772e+01 2.827744055083e+01 1 1 1 0.0 0.0 0.0
Bi 2.010863243097e+01 1.526183588202e+01 2.828815919476e+01 1 1 1 0.0 0.0 0.0
Bi 2.213311181214e+01 1.887933034484e+01 2.827620068854e+01 1 1 1 0.0 0.0 0.0
Bi 2.415667995010e+01 2.244535761051e+01 2.827961679227e+01 1 1 1 0.0 0.0 0.0
Bi 7.813542539540e+00 8.953824047546e-01 2.827604013616e+01 1 1 1 0.0 0.0 0.0
Bi 9.838852305659e+00 4.504219739448e+00 2.826343460491e+01 1 1 1 0.0 0.0 0.0
Bi 1.187071561450e+01 8.078890268801e+00 2.829455266137e+01 1 1 1 0.0 0.0 0.0
Bi 1.387441494596e+01 1.166633376108e+01 2.828051634067e+01 1 1 1 0.0 0.0 0.0
Bi 1.590621851069e+01 1.525958121651e+01 2.829084958482e+01 1 1 1 0.0 0.0 0.0
Bi 1.792148576265e+01 1.884259475437e+01 2.827672510319e+01 1 1 1 0.0 0.0 0.0
Bi 1.995445203563e+01 2.244250153506e+01 2.827547174688e+01 1 1 1 0.0 0.0 0.0
Bi 3.609995439103e+00 8.960105381492e-01 2.825442599726e+01 1 1 1 0.0 0.0 0.0
Bi 5.632927876430e+00 4.483527850658e+00 2.826577166332e+01 1 1 1 0.0 0.0 0.0
Bi 7.655927254680e+00 8.079848450045e+00 2.828863492511e+01 1 1 1 0.0 0.0 0.0
Bi 9.689041485620e+00 1.168707989054e+01 2.826961296097e+01 1 1 1 0.0 0.0 0.0
Bi 1.167092961257e+01 1.527101726604e+01 2.826802024328e+01 1 1 1 0.0 0.0 0.0
Bi 1.371569071726e+01 1.884468024191e+01 2.825873884476e+01 1 1 1 0.0 0.0 0.0
Bi 1.573941496250e+01 2.244248423096e+01 2.827231705671e+01 1 1 1 0.0 0.0 0.0
Bi 2.045084331440e+01 8.692009899366e-01 2.827466808539e+01 1 1 1 0.0 0.0 0.0
Bi 2.248702190495e+01 4.501447750265e+00 2.825703510569e+01 1 1 1 0.0 0.0 0.0
Bi 3.452622887847e+00 8.067513116700e+00 2.826110193868e+01 1 1 1 0.0 0.0 0.0
Bi 5.467801555534e+00 1.166308942829e+01 2.827259005925e+01 1 1 1 0.0 0.0 0.0
Bi 7.467931427696e+00 1.527323600041e+01 2.828018560489e+01 1 1 1 0.0 0.0 0.0
Bi 9.492259146676e+00 1.885702181955e+01 2.825869571681e+01 1 1 1 0.0 0.0 0.0
Bi 1.152219974290e+01 2.244770334742e+01 2.828333547955e+01 1 1 1 0.0 0.0 0.0
Bi 2.415062367524e+01 2.481215868484e+01 2.444100852644e+01 1 1 1 0.0 0.0 0.0
Bi 1.621767773999e+01 3.261417812519e+00 2.445627491965e+01 1 1 1 0.0 0.0 0.0
Bi 1.827201764081e+01 6.841940142644e+00 2.444237126369e+01 1 1 1 0.0 0.0 0.0
Bi 2.028303565238e+01 1.045317205731e+01 2.446317491471e+01 1 1 1 0.0 0.0 0.0
Bi 2.231481820877e+01 1.404987742147e+01 2.443386627402e+01 1 1 1 0.0 0.0 0.0
Bi 2.431000223161e+01 1.762782773850e+01 2.444383068162e+01 1 1 1 0.0 0.0 0.0
Bi 2.632791208892e+01 2.120946028249e+01 2.443713330852e+01 1 1 1 0.0 0.0 0.0
Bi 1.993575154666e+01 2.481351152647e+01 2.444675147545e+01 1 1 1 0.0 0.0 0.0
Bi 1.202790559960e+01 3.259800117669e+00 2.444446622350e+01 1 1 1 0.0 0.0 0.0
Bi 1.404676056748e+01 6.842686017976e+00 2.447192216172e+01 1 1 1 0.0 0.0 0.0
Bi 1.604364420180e+01 1.045039758099e+01 2.444437584002e+01 1 1 1 0.0 0.0 0.0
Bi 1.810796454429e+01 1.402670792480e+01 2.444349856998e+01 1 1 1 0.0 0.0 0.0
Bi 2.008917304891e+01 1.760730756772e+01 2.446076318940e+01 1 1 1 0.0 0.0 0.0
Bi 2.210526412401e+01 2.122834487222e+01 2.445536775109e+01 1 1 1 0.0 0.0 0.0
Bi 1.572420990094e+01 2.482051270023e+01 2.446127389836e+01 1 1 1 0.0 0.0 0.0
Bi 7.788522721701e+00 3.266091717653e+00 2.445254369086e+01 1 1 1 0.0 0.0 0.0
Bi 9.823307088957e+00 6.861419263015e+00 2.446108561710e+01 1 1 1 0.0 0.0 0.0
Bi 1.184744906672e+01 1.045705251407e+01 2.444851860995e+01 1 1 1 0.0 0.0 0.0
Bi 1.386987222387e+01 1.404485838694e+01 2.443849419365e+01 1 1 1 0.0 0.0 0.0
Bi 1.587156020552e+01 1.763554520658e+01 2.446501338231e+01 1 1 1 0.0 0.0 0.0
Bi 1.790805445030e+01 2.121664248778e+01 2.443620354410e+01 1 1 1 0.0 0.0 0.0
Bi 1.151533276849e+01 2.480589089783e+01 2.442255537492e+01 1 1 1 0.0 0.0 0.0
Bi 3.567030585738e+00 3.258869506559e+00 2.444552944643e+01 1 1 1 0.0 0.0 0.0
Bi 5.622533459399e+00 6.854263093241e+00 2.446094607306e+01 1 1 1 0.0 0.0 0.0
Bi 7.652048597116e+00 1.046973747483e+01 2.446081854134e+01 1 1 1 0.0 0.0 0.0
Bi 9.668196082510e+00 1.401989778403e+01 2.445211690941e+01 1 1 1 0.0 0.0 0.0
Bi 1.168345571432e+01 1.760989947789e+01 2.444525628513e+01 1 1 1 0.0 0.0 0.0
Bi 1.370730775587e+01 2.122010531787e+01 2.444929443672e+01 1 1 1 0.0 0.0 0.0
Bi 2.837731672396e+01 2.481408266748e+01 2.445001353568e+01 1 1 1 0.0 0.0 0.0
Bi 2.044846085259e+01 3.238859409736e+00 2.446717607681e+01 1 1 1 0.0 0.0 0.0
Bi 2.246801787991e+01 6.853103348382e+00 2.443299159695e+01 1 1 1 0.0 0.0 0.0
Bi 2.447166429365e+01 1.044829526562e+01 2.445229444838e+01 1 1 1 0.0 0.0 0.0
Bi 2.650828390052e+01 1.404002683990e+01 2.446047780411e+01 1 1 1 0.0 0.0 0.0
Bi 7.463022356193e+00 1.764613859425e+01 2.443702900769e+01 1 1 1 0.0 0.0 0.0
Bi 9.491048759555e+00 2.121233752503e+01 2.445774730242e+01 1 1 1 0.0 0.0 0.0
Se 1.571732466991e+01 9.263948374319e-01 9.832421955400e+00 1 1 1 0.0 0.0 0.0
Se 1.856886835006e+01 2.887635050224e+00 9.836979811963e+00 1 1 1 0.0 0.0 0.0
Se 9.753029916075e+00 4.114952139575e-01 9.827470073457e+00 1 1 1 0.0 0.0 0.0
Se 1.260816263508e+01 2.396833047396e+00 9.855248809801e+00 1 1 1 0.0 0.0 0.0
Se 1.545804872041e+01 4.354208837492e+00 9.835555478480e+00 1 1 1 0.0 0.0 0.0
Se 1.830572861287e+01 6.326179071526e+00 9.854975119328e+00 1 1 1 0.0 0.0 0.0
Se 2.115310592178e+01 8.311199345698e+00 9.856226729357e+00 1 1 1 0.0 0.0 0.0
Se 1.374421866275e+01 2.508969072025e+01 9.826147130334e+00 1 1 1 0.0 0.0 0.0
Se 6.607966803299e+00 1.905276649483e+00 9.836382635437e+00 1 1 1 0.0 0.0 0.0
Se 9.467433060628e+00 3.873534175938e+00 9.823630469174e+00 1 1 1 0.0 0.0 0.0
Se 1.231683918219e+01 5.851033624294e+00 9.852416494411e+00 1 1 1 0.0 0.0 0.0
Se 1.514651069661e+01 7.812488365542e+00 9.827418796181e+00 1 1 1 0.0 0.0 0.0
Se 1.800156292776e+01 9.784786795306e+00 9.830600844815e+00 1 1 1 0.0 0.0 0.0
Se 2.082876757659e+01 1.176384657570e+01 9.819911464385e+00 1 1 1 0.0 0.0 0.0
Se 2.369704818061e+01 1.373107506408e+01 9.825537412308e+00 1 1 1 0.0 0.0 0.0
Se 2.881156634795e+01 2.457977758691e+01 9.831331321089e+00 1 1 1 0.0 0.0 0.0
Se 6.156328520739e-01 1.405233148096e+00 9.815361545481e+00 1 1 1 0.0 0.0 0.0
Se 3.480755220429e+00 3.384094169514e+00 9.822375101986e+00 1 1 1 0.0 0.0 0.0
Se 6.330401588467e+00 5.355803201658e+00 9.826949627632e+00 1 1 1 0.0 0.0 0.0
Se 9.175608159385e+00 7.325353825639e+00 9.804074300595e+00 1 1 1 0.0 0.0 0.0
Se 1.203779089520e+01 9.281577596863e+00 9.840539851906e+00 1 1 1 0.0 0.0 0.0
Se 1.486999648072e+01 1.127007160217e+01 9.814743942713e+00 1 1 1 0.0 0.0 0.0
Se 1.772749859085e+01 1.323014333868e+01 9.816084507438e+00 1 1 1 0.0 0.0 0.0
Se 2.056891619975e+01 1.520607224187e+01 9.818271544091e+00 1 1 1 0.0 0.0 0.0
Se 2.341376742814e+01 1.719377888435e+01 9.832806349753e+00 1 1 1 0.0 0.0 0.0
Se 2.626061122055e+01 1.915328418953e+01 9.819878284972e+00 1 1 1 0.0 0.0 0.0
Se 2.140045331649e+01 4.853152496884e+00 9.823591151304e+00 1 1 1 0.0 0.0 0.0
Se 3.194126628100e+00 6.820184448830e+00 9.823113727590e+00 1 1 1 0.0 0.0 0.0
Se 6.054512860077e+00 8.802225666761e+00 9.812452446472e+00 1 1 1 0.0 0.0 0.0
Se 8.907126854127e+00 1.075611962931e+01 9.817717654264e+00 1 1 1 0.0 0.0 0.0
Se 1.175569428267e+01 1.275556818577e+01 9.842606659487e+00 1 1 1 0.0 0.0 0.0
Se 1.460478427375e+01 1.471041297400e+01 9.820985165024e+00 1 1 1 0.0 0.0 0.0
Se 1.743799471394e+01 1.669088523430e+01 9.834623703180e+00 1 1 1 0.0 0.0 0.0
Se 2.027796528765e+01 1.867461251678e+01 9.836797139977e+00 1 1 1 0.0 0.0 0.0
Se 2.311982269576e+01 2.064718368450e+01 9.835071122544e+00 1 1 1 0.0 0.0 0.0
Se 2.596588441711e+01 2.261007635909e+01 9.826819185441e+00 1 1 1 0.0 0.0 0.0
Se 2.398037052640e+01 1.028994569441e+01 9.826488661331e+00 1 1 1 0.0 0.0 0.0
Se 5.761619126626e+00 1.225249011744e+01 9.829394532358e+00 1 1 1 0.0 0.0 0.0
Se 8.596060062673e+00 1.422765716416e+01 9.816089746293e+00 1 1 1 0.0 0.0 0.0
Se 1.143369066751e+01 1.620306699739e+01 9.816390054382e+00 1 1 1 0.0 0.0 0.0
Se 1.429828327652e+01 1.816904271155e+01 9.801909595223e+00 1 1 1 0.0 0.0 0.0
Se 1.714343518343e+01 2.015950197532e+01 9.820158590161e+00 1 1 1 0.0 0.0 0.0
Se 1.998885157312e+01 2.213099330395e+01 9.810584027441e+00 1 1 1 0.0 0.0 0.0
Se 2.283320780912e+01 2.409469382052e+01 9.840237638779e+00 1 1 1 0.0 0.0 0.0
Se 2.653788448830e+01 1.570564731556e+01 9.817937897835e+00 1 1 1 0.0 0.0 0.0
Se 8.312468048152e+00 1.766667680997e+01 9.819532838064e+00 1 1 1 0.0 0.0 0.0
Se 1.115652741571e+01 1.964624592347e+01 9.823851241922e+00 1 1 1 0.0 0.0 0.0
Se 1.401164462982e+01 2.163257046080e+01 9.829331295677e+00 1 1 1 0.0 0.0 0.0
Se 1.686236316388e+01 2.359997505937e+01 9.819981527453e+00 1 1 1 0.0 0.0 0.0
Se 2.911821429771e+01 2.111468225590e+01 9.827106793275e+00 1 1 1 0.0 0.0 0.0
Se 1.087788680687e+01 2.310564942399e+01 9.843580451461e+00 1 1 1 0.0 0.0 0.0
Se 1.773233754637e+01 1.065241634048e+00 1.623676447543e+01 1 1 1 0.0 0.0 0.0
Se 2.057499406504e+01 3.033197529472e+00 1.619768034342e+01 1 1 1 0.0 0.0 0.0
Se 1.174200600185e+01 5.681469199645e-01 1.623293714806e+01 1 1 1 0.0 0.0 0.0
Se 1.459594415613e+01 2.544226532843e+00 1.621029169562e+01 1 1 1 0.0 0.0 0.0
Se 1.743842874512e+01 4.519370454511e+00 1.624495926139e+01 1 1 1 0.0 0.0 0.0
Se 2.030300426170e+01 6.491046942254e+00 1.622021943124e+01 1 1 1 0.0 0.0 0.0
Se 2.314234924207e+01 8.456759919907e+00 1.623595800930e+01 1 1 1 0.0 0.0 0.0
Se 5.776448789852e+00 1.050408372417e-01 1.618951318051e+01 1 1 1 0.0 0.0 0.0
Se 8.603380277394e+00 2.057542957792e+00 1.619463397584e+01 1 1 1 0.0 0.0 0.0
Se 1.147357988978e+01 4.017263638113e+00 1.619726874936e+01 1 1 1 0.0 0.0 0.0
Se 1.430885412124e+01 5.995130123809e+00 1.619507382796e+01 1 1 1 0.0 0.0 0.0
Se 1.716403107946e+01 7.965612628925e+00 1.621425507446e+01 1 1 1 0.0 0.0 0.0
Se 2.001448825288e+01 9.943869171171e+00 1.620975823204e+01 1 1 1 0.0 0.0 0.0
Se 2.286054552915e+01 1.191534446572e+01 1.622386742044e+01 1 1 1 0.0 0.0 0.0
Se 2.569690706110e+01 1.389069349649e+01 1.619804997373e+01 1 1 1 0.0 0.0 0.0
Se 3.084364519069e+01 2.473735836942e+01 1.621307315708e+01 1 1 1 0.0 0.0 0.0
Se 2.629460318573e+00 1.554516431335e+00 1.620317706626e+01 1 1 1 0.0 0.0 0.0
Se 5.492222768069e+00 3.538990965010e+00 1.622213388869e+01 1 1 1 0.0 0.0 0.0
Se 8.330674126815e+00 5.503860804553e+00 1.619681376276e+01 1 1 1 0.0 0.0 0.0
Se 1.119172754547e+01 7.461048154630e+00 1.620488699671e+01 1 1 1 0.0 0.0 0.0
Se 1.402818554643e+01 9.446247819889e+00 1.618228837645e+01 1 1 1 0.0 0.0 0.0
Se 1.690167674715e+01 1.141267608643e+01 1.622873309941e+01 1 1 1 0.0 0.0 0.0
Se 1.971680472448e+01 1.338130975207e+01 1.621758317602e+01 1 1 1 0.0 0.0 0.0
Se 2.258559466159e+01 1.536107286195e+01 1.620633879449e+01 1 1 1 0.0 0.0 0.0
Se 2.541234569969e+01 1.732165784747e+01 1.620453430007e+01 1 1 1 0.0 0.0 0.0
Se 2.827411356055e+01 1.931405913883e+01 1.620213231162e+01 1 1 1 0.0 0.0 0.0
Se 2.340357558016e+00 5.001079604669e+00 1.623048774533e+01 1 1 1 0.0 0.0 0.0
Se 5.182278255725e+00 6.977500695627e+00 1.622701814178e+01 1 1 1 0.0 0.0 0.0
Se 8.028534026375e+00 8.968151786152e+00 1.621305410670e+01 1 1 1 0.0 0.0 0.0
Se 1.090573407167e+01 1.092931743787e+01 1.620373688287e+01 1 1 1 0.0 0.0 0.0
Se 1.372287800265e+01 1.289955874400e+01 1.620321955919e+01 1 1 1 0.0 0.0 0.0
Se 1.660725993574e+01 1.487876912823e+01 1.623423384399e+01 1 1 1 0.0 0.0 0.0
Se 1.944536563591e+01 1.685098976894e+01 1.621161326288e+01 1 1 1 0.0 0.0 0.0
Se 2.229472381401e+01 1.881387344751e+01 1.624062339468e+01 1 1 1 0.0 0.0 0.0
Se 2.513593536129e+01 2.079853234654e+01 1.619982673926e+01 1 1 1 0.0 0.0 0.0
Se 2.797751548052e+01 2.276446519734e+01 1.623291010710e+01 1 1 1 0.0 0.0 0.0
Se 4.912985933415e+00 1.042951905138e+01 1.620895245384e+01 1 1 1 0.0 0.0 0.0
Se 7.777090693920e+00 1.241080216999e+01 1.618867125951e+01 1 1 1 0.0 0.0 0.0
Se 1.062783732729e+01 1.436185693784e+01 1.619037663903e+01 1 1 1 0.0 0.0 0.0
Se 1.346968965530e+01 1.635190307294e+01 1.618109375881e+01 1 1 1 0.0 0.0 0.0
Se 1.632406427498e+01 1.831078738862e+01 1.619302226069e+01 1 1 1 0.0 0.0 0.0
Se 1.915283735226e+01 2.029557942864e+01 1.619567100449e+01 1 1 1 0.0 0.0 0.0
Se 2.203268714680e+01 2.227515335765e+01 1.619024513849e+01 1 1 1 0.0 0.0 0.0
Se 2.485103500894e+01 2.422860984937e+01 1.619525575910e+01 1 1 1 0.0 0.0 0.0
Se 7.482503117013e+00 1.585213945340e+01 1.621510800235e+01 1 1 1 0.0 0.0 0.0
Se 1.033844161421e+01 1.784029452068e+01 1.622277006558e+01 1 1 1 0.0 0.0 0.0
Se 1.316776265454e+01 1.980100926046e+01 1.622054905574e+01 1 1 1 0.0 0.0 0.0
Se 1.602945314968e+01 2.177962754827e+01 1.624212430012e+01 1 1 1 0.0 0.0 0.0
Se 1.887030866651e+01 2.375653198973e+01 1.621524812849e+01 1 1 1 0.0 0.0 0.0
Se 1.004182310794e+01 2.126667910715e+01 1.619436314292e+01 1 1 1 0.0 0.0 0.0
Se 1.288341931416e+01 2.325546156697e+01 1.620415763170e+01 1 1 1 0.0 0.0 0.0
Se 1.572833065709e+01 9.021810623788e-01 1.321799014814e+01 1 1 1 0.0 0.0 0.0
Se 1.857048493364e+01 2.873251324666e+00 1.323456360915e+01 1 1 1 0.0 0.0 0.0
Se 9.756540583780e+00 4.307856826392e-01 1.319823183385e+01 1 1 1 0.0 0.0 0.0
Se 1.260011136199e+01 2.395117878097e+00 1.319243422083e+01 1 1 1 0.0 0.0 0.0
Se 1.544772193223e+01 4.359736940541e+00 1.320150818187e+01 1 1 1 0.0 0.0 0.0
Se 1.829230666696e+01 6.335282984000e+00 1.320588352520e+01 1 1 1 0.0 0.0 0.0
Se 2.114367021517e+01 8.313059509563e+00 1.318931371551e+01 1 1 1 0.0 0.0 0.0
Se 1.371528065781e+01 2.507212415230e+01 1.319088441942e+01 1 1 1 0.0 0.0 0.0
Se 6.621702022138e+00 1.896113574992e+00 1.318397066575e+01 1 1 1 0.0 0.0 0.0
Se 9.443773810414e+00 3.874287089328e+00 1.320555241900e+01 1 1 1 0.0 0.0 0.0
Se 1.228533800141e+01 5.831873968228e+00 1.319795147575e+01 1 1 1 0.0 0.0 0.0
Se 1.517022699214e+01 7.814415470330e+00 1.320157295317e+01 1 1 1 0.0 0.0 0.0
Se 1.799615140246e+01 9.796592263472e+00 1.319865136558e+01 1 1 1 0.0 0.0 0.0
Se 2.085682561269e+01 1.176545712666e+01 1.321547597411e+01 1 1 1 0.0 0.0 0.0
Se 2.368662090167e+01 1.372842854282e+01 1.320609964119e+01 1 1 1 0.0 0.0 0.0
Se 2.881053201810e+01 2.457024123079e+01 1.320856777680e+01 1 1 1 0.0 0.0 0.0
Se 6.306023768466e-01 1.404628245583e+00 1.318773274556e+01 1 1 1 0.0 0.0 0.0
Se 3.471192987540e+00 3.377706947201e+00 1.320371114676e+01 1 1 1 0.0 0.0 0.0
Se 6.310238665254e+00 5.359130668200e+00 1.319950260010e+01 1 1 1 0.0 0.0 0.0
Se 9.175321927411e+00 7.320352095199e+00 1.322955028973e+01 1 1 1 0.0 0.0 0.0
Se 1.202030767266e+01 9.301269340653e+00 1.320385481838e+01 1 1 1 0.0 0.0 0.0
Se 1.487959681437e+01 1.127519049245e+01 1.320038500316e+01 1 1 1 0.0 0.0 0.0
Se 1.771796498645e+01 1.323829372667e+01 1.321838793068e+01 1 1 1 0.0 0.0 0.0
Se 2.056322336382e+01 1.520303100731e+01 1.318060271714e+01 1 1 1 0.0 0.0 0.0
Se 2.340172980992e+01 1.718298096967e+01 1.317144054226e+01 1 1 1 0.0 0.0 0.0
Se 2.626814363535e+01 1.915489775680e+01 1.318875511601e+01 1 1 1 0.0 0.0 0.0
Se 2.143402839584e+01 4.841808788786e+00 1.319464406502e+01 1 1 1 0.0 0.0 0.0
Se 3.203038290479e+00 6.846705912948e+00 1.318299163492e+01 1 1 1 0.0 0.0 0.0
Se 6.042366866352e+00 8.796300574939e+00 1.319125637811e+01 1 1 1 0.0 0.0 0.0
Se 8.899761765175e+00 1.076638894884e+01 1.318140817784e+01 1 1 1 0.0 0.0 0.0
Se 1.172550350351e+01 1.275121845461e+01 1.315166979230e+01 1 1 1 0.0 0.0 0.0
Se 1.459595341674e+01 1.471680601726e+01 1.317808341010e+01 1 1 1 0.0 0.0 0.0
Se 1.743890944973e+01 1.668401635486e+01 1.317709368989e+01 1 1 1 0.0 0.0 0.0
Se 2.027674574576e+01 1.866832186932e+01 1.317593770219e+01 1 1 1 0.0 0.0 0.0
Se 2.311843990269e+01 2.063340793068e+01 1.318689442296e+01 1 1 1 0.0 0.0 0.0
Se 2.597248071736e+01 2.260199735711e+01 1.319457410779e+01 1 1 1 0.0 0.0 0.0
Se 2.398675473241e+01 1.027850594064e+01 1.319408874642e+01 1 1 1 0.0 0.0 0.0
Se 5.771875005053e+00 1.224731518729e+01 1.319594187223e+01 1 1 1 0.0 0.0 0.0
Se 8.597792271480e+00 1.421708610776e+01 1.318393282957e+01 1 1 1 0.0 0.0 0.0
Se 1.144261090256e+01 1.619565195411e+01 1.318751096738e+01 1 1 1 0.0 0.0 0.0
Se 1.428423123926e+01 1.817547681897e+01 1.319099559956e+01 1 1 1 0.0 0.0 0.0
Se 1.713350517235e+01 2.014270996410e+01 1.319679786934e+01 1 1 1 0.0 0.0 0.0
Se 1.996901419976e+01 2.211343186901e+01 1.322683344082e+01 1 1 1 0.0 0.0 0.0
Se 2.281660587837e+01 2.408333487212e+01 1.321303355652e+01 1 1 1 0.0 0.0 0.0
Se 2.653440017362e+01 1.570540140689e+01 1.319549752209e+01 1 1 1 0.0 0.0 0.0
Se 8.308407565285e+00 1.766658393936e+01 1.321398205382e+01 1 1 1 0.0 0.0 0.0
Se 1.116393473301e+01 1.964029088021e+01 1.318783953353e+01 1 1 1 0.0 0.0 0.0
Se 1.402263521794e+01 2.162704039980e+01 1.319359698200e+01 1 1 1 0.0 0.0 0.0
Se 1.686206735380e+01 2.360638466588e+01 1.320134535403e+01 1 1 1 0.0 0.0 0.0
Se 2.910501608794e+01 2.111658824651e+01 1.318613505361e+01 1 1 1 0.0 0.0 0.0
Se 1.088245963915e+01 2.310124984434e+01 1.317925728399e+01 1 1 1 0.0 0.0 0.0
Se 1.772381906269e+01 1.060173756453e+00 1.957691121526e+01 1 1 1 0.0 0.0 0.0
Se 2.058358435808e+01 3.028122984242e+00 1.959944199499e+01 1 1 1 0.0 0.0 0.0
Se 1.174637764094e+01 5.682052352974e-01 1.951626707919e+01 1 1 1 0.0 0.0 0.0
Se 1.456504972998e+01 2.540116942328e+00 1.957200574217e+01 1 1 1 0.0 0.0 0.0
Se 1.744101202970e+01 4.518821327279e+00 1.954560223166e+01 1 1 1 0.0 0.0 0.0
Se 2.027483557465e+01 6.472597071632e+00 1.958519850141e+01 1 1 1 0.0 0.0 0.0
Se 2.315425985776e+01 8.467925983203e+00 1.959742979851e+01 1 1 1 0.0 0.0 0.0
Se 5.772004918068e+00 8.016432060197e-02 1.956761277723e+01 1 1 1 0.0 0.0 0.0
Se 8.606460723996e+00 2.043618505168e+00 1.958985991796e+01 1 1 1 0.0 0.0 0.0
Se 1.146688833763e+01 4.025527852128e+00 1.957821394382e+01 1 1 1 0.0 0.0 0.0
Se 1.429616847256e+01 5.992394277431e+00 1.959452906050e+01 1 1 1 0.0 0.0 0.0
Se 1.715967886118e+01 7.981876891673e+00 1.955852135334e+01 1 1 1 0.0 0.0 0.0
Se 2.001222316259e+01 9.923108118914e+00 1.959863309465e+01 1 1 1 0.0 0.0 0.0
Se 2.285450994511e+01 1.192826252906e+01 1.955051368446e+01 1 1 1 0.0 0.0 0.0
Se 2.571974592783e+01 1.388913221194e+01 1.959590169336e+01 1 1 1 0.0 0.0 0.0
Se 9.762906850674e+00 2.471941989569e+01 1.957034259099e+01 1 1 1 0.0 0.0 0.0
Se 2.647063770185e+00 1.568842688244e+00 1.958800033619e+01 1 1 1 0.0 0.0 0.0
Se 5.480576053078e+00 3.516322493359e+00 1.955856538089e+01 1 1 1 0.0 0.0 0.0
Se 8.338071125155e+00 5.506138436350e+00 1.958633289868e+01 1 1 1 0.0 0.0 0.0
Se 1.117538036064e+01 7.478036331854e+00 1.955193082113e+01 1 1 1 0.0 0.0 0.0
Se 1.401465469585e+01 9.441616989783e+00 1.959816001019e+01 1 1 1 0.0 0.0 0.0
Se 1.686265532264e+01 1.142292953064e+01 1.955735578753e+01 1 1 1 0.0 0.0 0.0
Se 1.973199555118e+01 1.339977491592e+01 1.960049622191e+01 1 1 1 0.0 0.0 0.0
Se 2.258843110457e+01 1.535939484089e+01 1.959998344916e+01 1 1 1 0.0 0.0 0.0
Se 2.541936433630e+01 1.733014690890e+01 1.958768193024e+01 1 1 1 0.0 0.0 0.0
Se 2.826453312396e+01 1.930343881603e+01 1.957584883902e+01 1 1 1 0.0 0.0 0.0
Se 2.345927413151e+00 5.011259810749e+00 1.958260172281e+01 1 1 1 0.0 0.0 0.0
Se 5.212033680765e+00 6.970875184798e+00 1.957512825836e+01 1 1 1 0.0 0.0 0.0
Se 8.041127492382e+00 8.960074212952e+00 1.953504588639e+01 1 1 1 0.0 0.0 0.0
Se 1.089067336966e+01 1.092112037645e+01 1.956358351582e+01 1 1 1 0.0 0.0 0.0
Se 1.373263661322e+01 1.289829184074e+01 1.955597347072e+01 1 1 1 0.0 0.0 0.0
Se 1.659395811307e+01 1.487402833509e+01 1.952630149694e+01 1 1 1 0.0 0.0 0.0
Se 1.943778485431e+01 1.686684360181e+01 1.959218723950e+01 1 1 1 0.0 0.0 0.0
Se 2.229759497101e+01 1.881574684081e+01 1.951297988303e+01 1 1 1 0.0 0.0 0.0
Se 2.513243464212e+01 2.078724070949e+01 1.959151179766e+01 1 1 1 0.0 0.0 0.0
Se 2.798104392858e+01 2.275335824315e+01 1.952100824275e+01 1 1 1 0.0 0.0 0.0
Se 4.920608414180e+00 1.044139156631e+01 1.958094582136e+01 1 1 1 0.0 0.0 0.0
Se 7.774502435078e+00 1.241117635122e+01 1.959229466248e+01 1 1 1 0.0 0.0 0.0
Se 1.061660162427e+01 1.436910063354e+01 1.956868705997e+01 1 1 1 0.0 0.0 0.0
Se 1.346231440615e+01 1.633185048318e+01 1.960053680981e+01 1 1 1 0.0 0.0 0.0
Se 1.631378162018e+01 1.831219537052e+01 1.957561425474e+01 1 1 1 0.0 0.0 0.0
Se 1.916895704379e+01 2.029307134015e+01 1.957874730157e+01 1 1 1 0.0 0.0 0.0
Se 2.201423695867e+01 2.226075481513e+01 1.958875531337e+01 1 1 1 0.0 0.0 0.0
Se 2.483860632873e+01 2.423149455331e+01 1.959142845224e+01 1 1 1 0.0 0.0 0.0
Se 7.487806901827e+00 1.586223631406e+01 1.950971835198e+01 1 1 1 0.0 0.0 0.0
Se 1.033206000118e+01 1.782314886030e+01 1.955708278499e+01 1 1 1 0.0 0.0 0.0
Se 1.316738609201e+01 1.979959667471e+01 1.955354057832e+01 1 1 1 0.0 0.0 0.0
Se 1.602136382875e+01 2.177342236293e+01 1.951272720090e+01 1 1 1 0.0 0.0 0.0
Se 1.886459561601e+01 2.375966572448e+01 1.958107049552e+01 1 1 1 0.0 0.0 0.0
Se 1.004343318264e+01 2.127984577795e+01 1.958412114945e+01 1 1 1 0.0 0.0 0.0
Se 1.290690949224e+01 2.324229886500e+01 1.957859468685e+01 1 1 1 0.0 0.0 0.0
Se 1.617256670246e+01 9.613674209698e-01 3.993726802472e+01 1 1 1 0.0 0.0 0.0
Se 1.819380005747e+01 4.545502973351e+00 3.991510295939e+01 1 1 1 0.0 0.0 0.0
Se 2.021928127702e+01 8.163165238273e+00 3.992036784967e+01 1 1 1 0.0 0.0 0.0
Se 2.223852958234e+01 1.174854224048e+01 3.990969386830e+01 1 1 1 0.0 0.0 0.0
Se 2.428370482114e+01 1.534632792000e+01 3.991202664037e+01 1 1 1 0.0 0.0 0.0
Se 2.630052425581e+01 1.893219843291e+01 3.990224543393e+01 1 1 1 0.0 0.0 0.0
Se 2.832862326229e+01 2.250768929283e+01 3.991285924785e+01 1 1 1 0.0 0.0 0.0
Se 1.195959220349e+01 9.633371245260e-01 3.989935062271e+01 1 1 1 0.0 0.0 0.0
Se 1.397941604199e+01 4.551592903886e+00 3.992648296905e+01 1 1 1 0.0 0.0 0.0
Se 1.601102979084e+01 8.141733771359e+00 3.991864146182e+01 1 1 1 0.0 0.0 0.0
Se 1.803702309521e+01 1.172016585135e+01 3.993107908512e+01 1 1 1 0.0 0.0 0.0
Se 2.007497405913e+01 1.534510446220e+01 3.992011035202e+01 1 1 1 0.0 0.0 0.0
Se 2.207747221115e+01 1.892442989922e+01 3.992169894213e+01 1 1 1 0.0 0.0 0.0
Se 2.411320830369e+01 2.251637616072e+01 3.989957742808e+01 1 1 1 0.0 0.0 0.0
Se 7.738905210715e+00 9.484836483240e-01 3.991963938427e+01 1 1 1 0.0 0.0 0.0
Se 9.753455533336e+00 4.533428947732e+00 3.992159469421e+01 1 1 1 0.0 0.0 0.0
Se 1.178730817821e+01 8.132036386601e+00 3.992533634778e+01 1 1 1 0.0 0.0 0.0
Se 1.382630289133e+01 1.173987791555e+01 3.993409343749e+01 1 1 1 0.0 0.0 0.0
Se 1.584524279215e+01 1.534132571330e+01 3.991617644836e+01 1 1 1 0.0 0.0 0.0
Se 1.786221134896e+01 1.894254464189e+01 3.991333159146e+01 1 1 1 0.0 0.0 0.0
Se 1.989105421990e+01 2.252489284520e+01 3.990200084821e+01 1 1 1 0.0 0.0 0.0
Se 3.532179448379e+00 9.438975866133e-01 3.991429569949e+01 1 1 1 0.0 0.0 0.0
Se 5.547310807619e+00 4.547335672917e+00 3.990130725559e+01 1 1 1 0.0 0.0 0.0
Se 7.579709485083e+00 8.137568828903e+00 3.990396420164e+01 1 1 1 0.0 0.0 0.0
Se 9.615736889697e+00 1.174167859989e+01 3.993413333745e+01 1 1 1 0.0 0.0 0.0
Se 1.162948217497e+01 1.532776422335e+01 3.989487854578e+01 1 1 1 0.0 0.0 0.0
Se 1.367682820468e+01 1.894240356324e+01 3.990190744842e+01 1 1 1 0.0 0.0 0.0
Se 1.569290017648e+01 2.251691359313e+01 3.989272643483e+01 1 1 1 0.0 0.0 0.0
Se 2.039113031861e+01 9.671587367828e-01 3.990680530137e+01 1 1 1 0.0 0.0 0.0
Se 2.239675162183e+01 4.565445970498e+00 3.990942118327e+01 1 1 1 0.0 0.0 0.0
Se 3.354346576297e+00 8.150183197412e+00 3.989859035376e+01 1 1 1 0.0 0.0 0.0
Se 5.397590741479e+00 1.174308129002e+01 3.990484496425e+01 1 1 1 0.0 0.0 0.0
Se 7.434805884428e+00 1.533490065481e+01 3.991465887384e+01 1 1 1 0.0 0.0 0.0
Se 9.466885044669e+00 1.892337763026e+01 3.990842003283e+01 1 1 1 0.0 0.0 0.0
Se 1.148557400964e+01 2.252203676975e+01 3.991071491580e+01 1 1 1 0.0 0.0 0.0
Se 2.410137468329e+01 2.488338710674e+01 3.639916284951e+01 1 1 1 0.0 0.0 0.0
Se 1.613589122653e+01 3.328938289440e+00 3.640377595218e+01 1 1 1 0.0 0.0 0.0
Se 1.816037388861e+01 6.934676444657e+00 3.640825617844e+01 1 1 1 0.0 0.0 0.0
Se 2.019268858565e+01 1.052567526720e+01 3.639151174025e+01 1 1 1 0.0 0.0 0.0
Se 2.222257208364e+01 1.411643061530e+01 3.639424377656e+01 1 1 1 0.0 0.0 0.0
Se 2.426783976971e+01 1.769917707740e+01 3.639363262975e+01 1 1 1 0.0 0.0 0.0
Se 2.629800828257e+01 2.129752712446e+01 3.641817692891e+01 1 1 1 0.0 0.0 0.0
Se 1.988078622332e+01 2.488617999842e+01 3.637548645395e+01 1 1 1 0.0 0.0 0.0
Se 1.193161984119e+01 3.332776782451e+00 3.639133880513e+01 1 1 1 0.0 0.0 0.0
Se 1.395692484472e+01 6.904924353433e+00 3.641367442429e+01 1 1 1 0.0 0.0 0.0
Se 1.595228825864e+01 1.051399071604e+01 3.643182557435e+01 1 1 1 0.0 0.0 0.0
Se 1.800011435796e+01 1.412602306421e+01 3.640703425525e+01 1 1 1 0.0 0.0 0.0
Se 2.004654004259e+01 1.771478664206e+01 3.640331323959e+01 1 1 1 0.0 0.0 0.0
Se 2.206053367075e+01 2.129897363047e+01 3.638862190330e+01 1 1 1 0.0 0.0 0.0
Se 1.567125174689e+01 2.490215951089e+01 3.640398344258e+01 1 1 1 0.0 0.0 0.0
Se 7.726329207557e+00 3.321357349088e+00 3.639118227450e+01 1 1 1 0.0 0.0 0.0
Se 9.728090268589e+00 6.928862797564e+00 3.641108934051e+01 1 1 1 0.0 0.0 0.0
Se 1.176757526443e+01 1.050212587419e+01 3.639156825638e+01 1 1 1 0.0 0.0 0.0
Se 1.382494692755e+01 1.411303255651e+01 3.641606191328e+01 1 1 1 0.0 0.0 0.0
Se 1.583947973440e+01 1.770530325658e+01 3.640188149763e+01 1 1 1 0.0 0.0 0.0
Se 1.787102066846e+01 2.130394826703e+01 3.638312634465e+01 1 1 1 0.0 0.0 0.0
Se 1.145436715724e+01 2.488461172873e+01 3.641078950868e+01 1 1 1 0.0 0.0 0.0
Se 3.510187794430e+00 3.344198491275e+00 3.640017664728e+01 1 1 1 0.0 0.0 0.0
Se 5.523530852075e+00 6.934884940493e+00 3.640061755777e+01 1 1 1 0.0 0.0 0.0
Se 7.559291815944e+00 1.049728697159e+01 3.640854955430e+01 1 1 1 0.0 0.0 0.0
Se 9.597839956383e+00 1.411409128143e+01 3.640618672497e+01 1 1 1 0.0 0.0 0.0
Se 1.161932287139e+01 1.772140786655e+01 3.637835930432e+01 1 1 1 0.0 0.0 0.0
Se 1.362751825151e+01 2.128816396805e+01 3.639529043624e+01 1 1 1 0.0 0.0 0.0
Se 2.830871392081e+01 2.488782383463e+01 3.639594666894e+01 1 1 1 0.0 0.0 0.0
Se 2.035953769599e+01 3.343133469144e+00 3.641473812348e+01 1 1 1 0.0 0.0 0.0
Se 2.236510655776e+01 6.927276377089e+00 3.640255006016e+01 1 1 1 0.0 0.0 0.0
Se 2.442023181053e+01 1.052396919975e+01 3.639270789251e+01 1 1 1 0.0 0.0 0.0
Se 2.647201430355e+01 1.409477520057e+01 3.642019378216e+01 1 1 1 0.0 0.0 0.0
Se 7.404867258224e+00 1.770536638742e+01 3.638258732470e+01 1 1 1 0.0 0.0 0.0
Se 9.445788229448e+00 2.131587534013e+01 3.638927003959e+01 1 1 1 0.0 0.0 0.0
Se 1.409311347818e+01 2.104513947520e+00 3.289987880521e+01 1 1 1 0.0 0.0 0.0
Se 1.614232522811e+01 5.719770043491e+00 3.290026827967e+01 1 1 1 0.0 0.0 0.0
Se 1.815025051617e+01 9.303186973168e+00 3.291485468011e+01 1 1 1 0.0 0.0 0.0
Se 2.015565125832e+01 1.287449706824e+01 3.291810261131e+01 1 1 1 0.0 0.0 0.0
Se 2.221554968988e+01 1.647640636147e+01 3.289334986923e+01 1 1 1 0.0 0.0 0.0
Se 2.423715934284e+01 2.005821570358e+01 3.288798628739e+01 1 1 1 0.0 0.0 0.0
Se 2.625997869499e+01 2.365331919529e+01 3.289857052030e+01 1 1 1 0.0 0.0 0.0
Se 9.884160408800e+00 2.131987242756e+00 3.289154600983e+01 1 1 1 0.0 0.0 0.0
Se 1.191230397200e+01 5.688144029793e+00 3.290006967945e+01 1 1 1 0.0 0.0 0.0
Se 1.392527041420e+01 9.287708485717e+00 3.292285229463e+01 1 1 1 0.0 0.0 0.0
Se 1.596332435601e+01 1.288353001804e+01 3.290251252038e+01 1 1 1 0.0 0.0 0.0
Se 1.800446752876e+01 1.648661482561e+01 3.291659440324e+01 1 1 1 0.0 0.0 0.0
Se 2.003364854396e+01 2.007534924579e+01 3.288079286354e+01 1 1 1 0.0 0.0 0.0
Se 2.204705700791e+01 2.365546384485e+01 3.288764528557e+01 1 1 1 0.0 0.0 0.0
Se 5.677156193395e+00 2.112488542827e+00 3.289213948211e+01 1 1 1 0.0 0.0 0.0
Se 7.704657282502e+00 5.699834031483e+00 3.288294730287e+01 1 1 1 0.0 0.0 0.0
Se 9.724864986174e+00 9.296637558028e+00 3.288665821125e+01 1 1 1 0.0 0.0 0.0
Se 1.175779453425e+01 1.287996791431e+01 3.289981742065e+01 1 1 1 0.0 0.0 0.0
Se 1.378264973712e+01 1.649542160506e+01 3.290252633191e+01 1 1 1 0.0 0.0 0.0
Se 1.581723497497e+01 2.010651074770e+01 3.289293049626e+01 1 1 1 0.0 0.0 0.0
Se 1.782171579539e+01 2.366530421330e+01 3.288246781537e+01 1 1 1 0.0 0.0 0.0
Se 1.475549956354e+00 2.123728479267e+00 3.289298595404e+01 1 1 1 0.0 0.0 0.0
Se 3.479445242149e+00 5.696383054971e+00 3.290381979986e+01 1 1 1 0.0 0.0 0.0
Se 5.514653480381e+00 9.289602834433e+00 3.289904508646e+01 1 1 1 0.0 0.0 0.0
Se 7.530329468847e+00 1.288616299236e+01 3.289868752139e+01 1 1 1 0.0 0.0 0.0
Se 9.577706878768e+00 1.650392431926e+01 3.290020758304e+01 1 1 1 0.0 0.0 0.0
Se 1.159177019957e+01 2.006716768927e+01 3.288137411183e+01 1 1 1 0.0 0.0 0.0
Se 1.362680248636e+01 2.366013849083e+01 3.288424384005e+01 1 1 1 0.0 0.0 0.0
Se 1.832307837691e+01 2.140311782978e+00 3.289416078045e+01 1 1 1 0.0 0.0 0.0
Se 2.031781169949e+01 5.693745000550e+00 3.288778710507e+01 1 1 1 0.0 0.0 0.0
Se 2.235146934254e+01 9.283445910059e+00 3.288389532391e+01 1 1 1 0.0 0.0 0.0
Se 2.440066828639e+01 1.289091860246e+01 3.290964821099e+01 1 1 1 0.0 0.0 0.0
Se 2.642609436567e+01 1.648407165267e+01 3.288754421272e+01 1 1 1 0.0 0.0 0.0
Se 2.843706305792e+01 2.008359948953e+01 3.288652634028e+01 1 1 1 0.0 0.0 0.0
Se 3.047913244960e+01 2.367860582430e+01 3.289357863256e+01 1 1 1 0.0 0.0 0.0
Se 2.409758974302e+01 2.484195094061e+01 2.984482858374e+01 1 1 1 0.0 0.0 0.0
Se 1.618393533480e+01 3.286998558242e+00 2.982571644779e+01 1 1 1 0.0 0.0 0.0
Se 1.822379228933e+01 6.901239163071e+00 2.984314839305e+01 1 1 1 0.0 0.0 0.0
Se 2.022871867700e+01 1.050131681509e+01 2.983967603778e+01 1 1 1 0.0 0.0 0.0
Se 2.225397467871e+01 1.406504184223e+01 2.982962405135e+01 1 1 1 0.0 0.0 0.0
Se 2.424867720317e+01 1.768064560765e+01 2.984164336004e+01 1 1 1 0.0 0.0 0.0
Se 2.630247215726e+01 2.126868998070e+01 2.983667920118e+01 1 1 1 0.0 0.0 0.0
Se 1.989143268747e+01 2.484968624197e+01 2.983650552521e+01 1 1 1 0.0 0.0 0.0
Se 1.195970004982e+01 3.309108589141e+00 2.981651537837e+01 1 1 1 0.0 0.0 0.0
Se 1.398814339193e+01 6.890770714143e+00 2.984493071495e+01 1 1 1 0.0 0.0 0.0
Se 1.599765848720e+01 1.047708377799e+01 2.982129284349e+01 1 1 1 0.0 0.0 0.0
Se 1.801149669599e+01 1.405924555215e+01 2.985700780979e+01 1 1 1 0.0 0.0 0.0
Se 2.004678060657e+01 1.767361061947e+01 2.983723224433e+01 1 1 1 0.0 0.0 0.0
Se 2.207264135204e+01 2.126081079605e+01 2.986175114298e+01 1 1 1 0.0 0.0 0.0
Se 1.568750770156e+01 2.484794794762e+01 2.983209223987e+01 1 1 1 0.0 0.0 0.0
Se 7.745833146341e+00 3.302329934417e+00 2.982738579034e+01 1 1 1 0.0 0.0 0.0
Se 9.783205137427e+00 6.894426588086e+00 2.985538858033e+01 1 1 1 0.0 0.0 0.0
Se 1.179227620006e+01 1.048275788104e+01 2.986036348148e+01 1 1 1 0.0 0.0 0.0
Se 1.382051612644e+01 1.407632257823e+01 2.982112308343e+01 1 1 1 0.0 0.0 0.0
Se 1.583848620412e+01 1.766442690706e+01 2.985988050141e+01 1 1 1 0.0 0.0 0.0
Se 1.785093881520e+01 2.123707058172e+01 2.983280689375e+01 1 1 1 0.0 0.0 0.0
Se 1.148312323104e+01 2.485495700612e+01 2.983608514681e+01 1 1 1 0.0 0.0 0.0
Se 3.533447198314e+00 3.292827657310e+00 2.981302825905e+01 1 1 1 0.0 0.0 0.0
Se 5.558091576960e+00 6.903385029734e+00 2.983857349698e+01 1 1 1 0.0 0.0 0.0
Se 7.574831582120e+00 1.048242180057e+01 2.983248774695e+01 1 1 1 0.0 0.0 0.0
Se 9.590400200521e+00 1.408396098723e+01 2.984814779511e+01 1 1 1 0.0 0.0 0.0
Se 1.161808136865e+01 1.767787811647e+01 2.981789949438e+01 1 1 1 0.0 0.0 0.0
Se 1.365471457537e+01 2.125213652258e+01 2.981497716594e+01 1 1 1 0.0 0.0 0.0
Se 2.833571460785e+01 2.484320419109e+01 2.983748381519e+01 1 1 1 0.0 0.0 0.0
Se 2.040078510460e+01 3.300556343950e+00 2.981957259409e+01 1 1 1 0.0 0.0 0.0
Se 2.242298743607e+01 6.887614066017e+00 2.982962299299e+01 1 1 1 0.0 0.0 0.0
Se 2.443257862702e+01 1.048228299738e+01 2.982863565408e+01 1 1 1 0.0 0.0 0.0
Se 2.646019470635e+01 1.407919669862e+01 2.983190369402e+01 1 1 1 0.0 0.0 0.0
Se 7.398359701005e+00 1.769012814644e+01 2.984035634805e+01 1 1 1 0.0 0.0 0.0
Se 9.434385041827e+00 2.125931438862e+01 2.983270571506e+01 1 1 1 0.0 0.0 0.0
Se 1.412212625587e+01 2.063709354439e+00 2.637527673360e+01 1 1 1 0.0 0.0 0.0
Se 1.616054993382e+01 5.667928876787e+00 2.635428839971e+01 1 1 1 0.0 0.0 0.0
Se 1.815637791245e+01 9.245330489921e+00 2.636091168800e+01 1 1 1 0.0 0.0 0.0
Se 2.018331542779e+01 1.286756156538e+01 2.634494323533e+01 1 1 1 0.0 0.0 0.0
Se 2.221920355295e+01 1.643581703769e+01 2.636222611137e+01 1 1 1 0.0 0.0 0.0
Se 2.422412136794e+01 2.004404290807e+01 2.635378277085e+01 1 1 1 0.0 0.0 0.0
Se 2.626720746788e+01 2.362241587897e+01 2.634999507886e+01 1 1 1 0.0 0.0 0.0
Se 9.894146248077e+00 2.092090029904e+00 2.634216828276e+01 1 1 1 0.0 0.0 0.0
Se 1.192961251314e+01 5.666435009413e+00 2.637230175202e+01 1 1 1 0.0 0.0 0.0
Se 1.397171656593e+01 9.258448264746e+00 2.634934382042e+01 1 1 1 0.0 0.0 0.0
Se 1.599437171438e+01 1.286324400820e+01 2.635969987210e+01 1 1 1 0.0 0.0 0.0
Se 1.800859056038e+01 1.643771350312e+01 2.636097757057e+01 1 1 1 0.0 0.0 0.0
Se 2.002433925780e+01 2.005474774048e+01 2.636191066881e+01 1 1 1 0.0 0.0 0.0
Se 2.204839609094e+01 2.361998129320e+01 2.636657081533e+01 1 1 1 0.0 0.0 0.0
Se 5.701505649495e+00 2.104086531056e+00 2.636947282337e+01 1 1 1 0.0 0.0 0.0
Se 7.743733423935e+00 5.665219065930e+00 2.637509644291e+01 1 1 1 0.0 0.0 0.0
Se 9.761976133729e+00 9.285084084068e+00 2.637170087126e+01 1 1 1 0.0 0.0 0.0
Se 1.174185666803e+01 1.284359533944e+01 2.638610634600e+01 1 1 1 0.0 0.0 0.0
Se 1.378531917175e+01 1.643286840914e+01 2.636527036225e+01 1 1 1 0.0 0.0 0.0
Se 1.581378902565e+01 2.005236369114e+01 2.636319540533e+01 1 1 1 0.0 0.0 0.0
Se 1.786867858288e+01 2.363317082446e+01 2.635773789453e+01 1 1 1 0.0 0.0 0.0
Se 1.520334015266e+00 2.063579706013e+00 2.635237531812e+01 1 1 1 0.0 0.0 0.0
Se 3.510103126070e+00 5.680881601228e+00 2.636479680153e+01 1 1 1 0.0 0.0 0.0
Se 5.552986021944e+00 9.282459629502e+00 2.638169612989e+01 1 1 1 0.0 0.0 0.0
Se 7.564979571769e+00 1.287706580044e+01 2.636617308571e+01 1 1 1 0.0 0.0 0.0
Se 9.581439218822e+00 1.644575482767e+01 2.635410376977e+01 1 1 1 0.0 0.0 0.0
Se 1.162590012125e+01 2.002969627784e+01 2.636700701614e+01 1 1 1 0.0 0.0 0.0
Se 1.362928617978e+01 2.361548116987e+01 2.634521459743e+01 1 1 1 0.0 0.0 0.0
Se 1.833425248370e+01 2.067442805766e+00 2.638044499612e+01 1 1 1 0.0 0.0 0.0
Se 2.037914127885e+01 5.690498286456e+00 2.635001381173e+01 1 1 1 0.0 0.0 0.0
Se 2.239422702302e+01 9.256420298775e+00 2.634577362027e+01 1 1 1 0.0 0.0 0.0
Se 2.438940850580e+01 1.285578398485e+01 2.636088390619e+01 1 1 1 0.0 0.0 0.0
Se 2.645372175732e+01 1.646585414378e+01 2.637802702652e+01 1 1 1 0.0 0.0 0.0
Se 2.844204700800e+01 2.003414665850e+01 2.636655303498e+01 1 1 1 0.0 0.0 0.0
Se 9.431737832639e+00 2.364456088848e+01 2.636283895154e+01 1 1 1 0.0 0.0 0.0
Se 1.628319083594e+01 8.432672300711e-01 2.291202442111e+01 1 1 1 0.0 0.0 0.0
Se 1.834005253094e+01 4.414305963046e+00 2.290994359033e+01 1 1 1 0.0 0.0 0.0
Se 2.035652514283e+01 8.052518561844e+00 2.289218403143e+01 1 1 1 0.0 0.0 0.0
Se 2.235714550939e+01 1.162317692221e+01 2.290346206863e+01 1 1 1 0.0 0.0 0.0
Se 2.440089869016e+01 1.523984518059e+01 2.286824479353e+01 1 1 1 0.0 0.0 0.0
Se 2.639749932050e+01 1.880891066452e+01 2.287504694372e+01 1 1 1 0.0 0.0 0.0
Se 2.845880748025e+01 2.238974711426e+01 2.290830208250e+01 1 1 1 0.0 0.0 0.0
Se 1.207020744679e+01 8.614394413901e-01 2.289565141243e+01 1 1 1 0.0 0.0 0.0
Se 1.410230475781e+01 4.446995834685e+00 2.287879722289e+01 1 1 1 0.0 0.0 0.0
Se 1.611358815177e+01 8.030092030031e+00 2.291222286257e+01 1 1 1 0.0 0.0 0.0
Se 1.817241013097e+01 1.163005823732e+01 2.290253817807e+01 1 1 1 0.0 0.0 0.0
Se 2.018714921112e+01 1.524365774392e+01 2.286224868612e+01 1 1 1 0.0 0.0 0.0
Se 2.218951813806e+01 1.880337134291e+01 2.291725041686e+01 1 1 1 0.0 0.0 0.0
Se 2.421549837175e+01 2.241016779971e+01 2.288543829153e+01 1 1 1 0.0 0.0 0.0
Se 7.858852388966e+00 8.504287974526e-01 2.290780169249e+01 1 1 1 0.0 0.0 0.0
Se 9.907840773186e+00 4.452910395879e+00 2.290635936698e+01 1 1 1 0.0 0.0 0.0
Se 1.192334197441e+01 8.061117374634e+00 2.292156305269e+01 1 1 1 0.0 0.0 0.0
Se 1.393229010916e+01 1.163454465496e+01 2.288224719396e+01 1 1 1 0.0 0.0 0.0
Se 1.593587656712e+01 1.522230639444e+01 2.292428371168e+01 1 1 1 0.0 0.0 0.0
Se 1.797949205597e+01 1.881000500307e+01 2.289099428222e+01 1 1 1 0.0 0.0 0.0
Se 1.999082307588e+01 2.241201806796e+01 2.288079423199e+01 1 1 1 0.0 0.0 0.0
Se 3.660595579322e+00 8.552524068303e-01 2.288817493167e+01 1 1 1 0.0 0.0 0.0
Se 5.664970617212e+00 4.481730394296e+00 2.290405109582e+01 1 1 1 0.0 0.0 0.0
Se 7.697937207699e+00 8.056780819996e+00 2.291424320839e+01 1 1 1 0.0 0.0 0.0
Se 9.726442886895e+00 1.163275206703e+01 2.287914563319e+01 1 1 1 0.0 0.0 0.0
Se 1.175283963600e+01 1.523000946890e+01 2.286216608155e+01 1 1 1 0.0 0.0 0.0
Se 1.376554598758e+01 1.880668023533e+01 2.290065039115e+01 1 1 1 0.0 0.0 0.0
Se 1.578198436171e+01 2.244304023750e+01 2.290128894934e+01 1 1 1 0.0 0.0 0.0
Se 2.049563255924e+01 8.556501893684e-01 2.288309435382e+01 1 1 1 0.0 0.0 0.0
Se 2.251667996138e+01 4.431411353031e+00 2.288921635250e+01 1 1 1 0.0 0.0 0.0
Se 3.515375583590e+00 8.034092133774e+00 2.289319872880e+01 1 1 1 0.0 0.0 0.0
Se 5.514525101981e+00 1.164789505610e+01 2.289856024685e+01 1 1 1 0.0 0.0 0.0
Se 7.541628673138e+00 1.521165903068e+01 2.292927671069e+01 1 1 1 0.0 0.0 0.0
Se 9.565522413856e+00 1.883410585170e+01 2.289142037574e+01 1 1 1 0.0 0.0 0.0
Se 1.157202082837e+01 2.240087687600e+01 2.288572690480e+01 1 1 1 0.0 0.0 0.0
"