calculation_mode = "Quench Electrons"
cell_relax = "False"
charge_density_mixing = "0.1"
charge_mixing_type = "Broyden"
description = "Example parameters for high-throughput bulk relaxation of a vdW material"
dos_broading = "0.05"
dos_method = "Gaussian"
energy_convergence_criterion = "1e-10"
energy_output_units = "Hartrees"
kohn_sham_mucycles = "3"
kohn_sham_solver = "davidson"
kpoint_mesh = "1 1 1"
localize_projectors = "False"
max_md_steps = "100"
max_scf_steps = "200"
non_local_block_size = "4000"
potential_acceleration_constant_step = "1.5"
processor_grid = "5 6 16"
rms_convergence_criterion = "1e-08"
scalapack_block_factor = "64"
start_mode = "LCAO Start"
state_block_size = "64"
stress = "True"
subdiag_driver = "scalapack"
use_async_allreduce = "False"
vdw_corr = "DFT-D3"
vdwdf_kernel_filepath = "/lustre/orion/world-shared/cph162/rjmorelock/rmgdft/XC/vdW_kernel_table"
wavefunction_grid = "128 148 378"
write_data_period = "50"

atomic_coordinate_type = "Absolute"
crds_units = "Angstrom"
lattice_units = "Angstrom"

lattice_vector = "
1.509735502196e+01 0.000000000000e+00 9.000000000000e-16
1.986494080783e+00 1.720354339306e+01 1.100000000000e-15
0.000000000000e+00 0.000000000000e+00 4.446241589303e+01
"
atoms = "
Nb 1.073679955395e+00 5.455488208712e-02 1.532833092694e+01 1 1 1 0.0 0.0 0.0
Nb 1.470978771552e+00 3.495263560700e+00 1.532833092694e+01 1 1 1 0.0 0.0 0.0
Nb 1.868277587709e+00 6.935972239313e+00 1.532833092694e+01 1 1 1 0.0 0.0 0.0
Nb 2.265576403865e+00 1.037668091793e+01 1.532833092694e+01 1 1 1 0.0 0.0 0.0
Nb 2.662875220022e+00 1.381738959654e+01 1.532833092694e+01 1 1 1 0.0 0.0 0.0
Nb 4.252070486250e+00 1.430838353532e+00 1.532833092694e+01 1 1 1 0.0 0.0 0.0
Nb 4.649369302407e+00 4.871547032145e+00 1.532833092694e+01 1 1 1 0.0 0.0 0.0
Nb 5.046668118564e+00 8.312255710758e+00 1.532833092694e+01 1 1 1 0.0 0.0 0.0
Nb 5.443966934720e+00 1.175296438937e+01 1.532833092694e+01 1 1 1 0.0 0.0 0.0
Nb 5.841265750877e+00 1.519367306798e+01 1.532833092694e+01 1 1 1 0.0 0.0 0.0
Nb 7.430461017106e+00 2.807121824977e+00 1.532833092694e+01 1 1 1 0.0 0.0 0.0
Nb 7.827759833262e+00 6.247830503590e+00 1.532833092694e+01 1 1 1 0.0 0.0 0.0
Nb 8.225058649419e+00 9.688539182203e+00 1.532833092694e+01 1 1 1 0.0 0.0 0.0
Nb 8.622357465575e+00 1.312924786082e+01 1.532833092694e+01 1 1 1 0.0 0.0 0.0
Nb 9.019656281732e+00 1.656995653943e+01 1.532833092694e+01 1 1 1 0.0 0.0 0.0
Nb 1.021155273180e+01 7.426966178097e-01 1.532833092694e+01 1 1 1 0.0 0.0 0.0
Nb 1.060885154796e+01 4.183405296423e+00 1.532833092694e+01 1 1 1 0.0 0.0 0.0
Nb 1.100615036412e+01 7.624113975036e+00 1.532833092694e+01 1 1 1 0.0 0.0 0.0
Nb 1.140344918027e+01 1.106482265365e+01 1.532833092694e+01 1 1 1 0.0 0.0 0.0
Nb 1.180074799643e+01 1.450553133226e+01 1.532833092694e+01 1 1 1 0.0 0.0 0.0
Nb 1.338994326266e+01 2.118980089255e+00 1.532833092694e+01 1 1 1 0.0 0.0 0.0
Nb 1.378724207882e+01 5.559688767868e+00 1.532833092694e+01 1 1 1 0.0 0.0 0.0
Nb 1.418454089497e+01 9.000397446481e+00 1.532833092694e+01 1 1 1 0.0 0.0 0.0
Nb 1.458183971113e+01 1.244110612509e+01 1.532833092694e+01 1 1 1 0.0 0.0 0.0
Nb 1.497913852729e+01 1.588181480371e+01 1.532833092694e+01 1 1 1 0.0 0.0 0.0
Nb 1.083484455812e+00 5.441212590659e-02 9.182088683320e+00 1 1 1 0.0 0.0 0.0
Nb 1.480783271968e+00 3.495120804520e+00 9.182088683320e+00 1 1 1 0.0 0.0 0.0
Nb 1.878082088125e+00 6.935829483133e+00 9.182088683320e+00 1 1 1 0.0 0.0 0.0
Nb 2.275380904281e+00 1.037653816175e+01 9.182088683320e+00 1 1 1 0.0 0.0 0.0
Nb 2.672679720438e+00 1.381724684036e+01 9.182088683320e+00 1 1 1 0.0 0.0 0.0
Nb 4.261874986667e+00 1.430695597352e+00 9.182088683320e+00 1 1 1 0.0 0.0 0.0
Nb 4.659173802823e+00 4.871404275965e+00 9.182088683320e+00 1 1 1 0.0 0.0 0.0
Nb 5.056472618980e+00 8.312112954578e+00 9.182088683320e+00 1 1 1 0.0 0.0 0.0
Nb 5.453771435136e+00 1.175282163319e+01 9.182088683320e+00 1 1 1 0.0 0.0 0.0
Nb 5.851070251293e+00 1.519353031180e+01 9.182088683320e+00 1 1 1 0.0 0.0 0.0
Nb 7.440265517522e+00 2.806979068797e+00 9.182088683320e+00 1 1 1 0.0 0.0 0.0
Nb 7.837564333678e+00 6.247687747410e+00 9.182088683320e+00 1 1 1 0.0 0.0 0.0
Nb 8.234863149835e+00 9.688396426023e+00 9.182088683320e+00 1 1 1 0.0 0.0 0.0
Nb 8.632161965991e+00 1.312910510464e+01 9.182088683320e+00 1 1 1 0.0 0.0 0.0
Nb 9.029460782148e+00 1.656981378325e+01 9.182088683320e+00 1 1 1 0.0 0.0 0.0
Nb 1.022135723222e+01 7.425538616292e-01 9.182088683320e+00 1 1 1 0.0 0.0 0.0
Nb 1.061865604838e+01 4.183262540242e+00 9.182088683320e+00 1 1 1 0.0 0.0 0.0
Nb 1.101595486453e+01 7.623971218855e+00 9.182088683320e+00 1 1 1 0.0 0.0 0.0
Nb 1.141325368069e+01 1.106467989747e+01 9.182088683320e+00 1 1 1 0.0 0.0 0.0
Nb 1.181055249685e+01 1.450538857608e+01 9.182088683320e+00 1 1 1 0.0 0.0 0.0
Nb 1.339974776307e+01 2.118837333074e+00 9.182088683320e+00 1 1 1 0.0 0.0 0.0
Nb 1.379704657923e+01 5.559546011687e+00 9.182088683320e+00 1 1 1 0.0 0.0 0.0
Nb 1.419434539539e+01 9.000254690300e+00 9.182088683320e+00 1 1 1 0.0 0.0 0.0
Nb 1.459164421154e+01 1.244096336891e+01 9.182088683320e+00 1 1 1 0.0 0.0 0.0
Nb 1.498894302770e+01 1.588167204753e+01 9.182088683320e+00 1 1 1 0.0 0.0 0.0
Bi 9.297163392685e+00 1.404631933393e+00 3.532095071834e+01 1 1 1 0.0 0.0 0.0
Bi 1.214447157648e+01 4.271889165570e+00 3.532095071834e+01 1 1 1 0.0 0.0 0.0
Bi 5.213814446628e+00 2.360384344119e+00 3.532095071834e+01 1 1 1 0.0 0.0 0.0
Bi 8.061122630419e+00 5.227641576296e+00 3.532095071834e+01 1 1 1 0.0 0.0 0.0
Bi 1.090843081421e+01 8.094898808474e+00 3.532095071834e+01 1 1 1 0.0 0.0 0.0
Bi 1.375573899800e+01 1.096215604065e+01 3.532095071834e+01 1 1 1 0.0 0.0 0.0
Bi 1.338051233874e+01 4.488795226671e-01 3.532095071834e+01 1 1 1 0.0 0.0 0.0
Bi 1.130465500571e+00 3.316136754845e+00 3.532095071834e+01 1 1 1 0.0 0.0 0.0
Bi 3.977773684362e+00 6.183393987022e+00 3.532095071834e+01 1 1 1 0.0 0.0 0.0
Bi 6.825081868153e+00 9.050651219199e+00 3.532095071834e+01 1 1 1 0.0 0.0 0.0
Bi 9.672390051944e+00 1.191790845138e+01 3.532095071834e+01 1 1 1 0.0 0.0 0.0
Bi 1.251969823573e+01 1.478516568355e+01 3.532095071834e+01 1 1 1 0.0 0.0 0.0
Bi 1.499177976027e+01 7.139146397748e+00 3.532095071834e+01 1 1 1 0.0 0.0 0.0
Bi 2.741732922096e+00 1.000640362993e+01 3.532095071834e+01 1 1 1 0.0 0.0 0.0
Bi 5.589041105887e+00 1.287366086210e+01 3.532095071834e+01 1 1 1 0.0 0.0 0.0
Bi 8.436349289678e+00 1.574091809428e+01 3.532095071834e+01 1 1 1 0.0 0.0 0.0
Bi 1.660304718179e+01 1.382941327283e+01 3.532095071834e+01 1 1 1 0.0 0.0 0.0
Bi 4.353000343621e+00 1.669667050501e+01 3.532095071834e+01 1 1 1 0.0 0.0 0.0
Bi 7.018870228495e+00 7.512498470065e-01 3.133430771007e+01 1 1 1 0.0 0.0 0.0
Bi 9.866178412286e+00 3.618507079184e+00 3.133430771007e+01 1 1 1 0.0 0.0 0.0
Bi 2.935521282438e+00 1.707002257732e+00 3.133430771007e+01 1 1 1 0.0 0.0 0.0
Bi 5.782829466229e+00 4.574259489910e+00 3.133430771007e+01 1 1 1 0.0 0.0 0.0
Bi 8.630137650020e+00 7.441516722087e+00 3.133430771007e+01 1 1 1 0.0 0.0 0.0
Bi 1.147744583381e+01 1.030877395426e+01 3.133430771007e+01 1 1 1 0.0 0.0 0.0
Bi 1.308871325534e+01 1.699904082935e+01 3.133430771007e+01 1 1 1 0.0 0.0 0.0
Bi 1.394952735834e+01 2.662754668458e+00 3.133430771007e+01 1 1 1 0.0 0.0 0.0
Bi 1.699480520172e+00 5.530011900636e+00 3.133430771007e+01 1 1 1 0.0 0.0 0.0
Bi 4.546788703963e+00 8.397269132813e+00 3.133430771007e+01 1 1 1 0.0 0.0 0.0
Bi 7.394096887754e+00 1.126452636499e+01 3.133430771007e+01 1 1 1 0.0 0.0 0.0
Bi 1.024140507154e+01 1.413178359717e+01 3.133430771007e+01 1 1 1 0.0 0.0 0.0
Bi 1.271348659608e+01 6.485764311361e+00 3.133430771007e+01 1 1 1 0.0 0.0 0.0
Bi 1.556079477987e+01 9.353021543539e+00 3.133430771007e+01 1 1 1 0.0 0.0 0.0
Bi 3.310747941697e+00 1.222027877572e+01 3.133430771007e+01 1 1 1 0.0 0.0 0.0
Bi 6.158056125487e+00 1.508753600789e+01 3.133430771007e+01 1 1 1 0.0 0.0 0.0
Bi 1.432475401760e+01 1.317603118644e+01 3.133430771007e+01 1 1 1 0.0 0.0 0.0
Bi 2.074707179430e+00 1.604328841862e+01 3.133430771007e+01 1 1 1 0.0 0.0 0.0
Bi 7.021651875285e+00 6.864601086940e-01 2.529282906773e+01 1 1 1 0.0 0.0 0.0
Bi 9.868960059076e+00 3.553717340872e+00 2.529282906773e+01 1 1 1 0.0 0.0 0.0
Bi 2.938302929228e+00 1.642212519420e+00 2.529282906773e+01 1 1 1 0.0 0.0 0.0
Bi 5.785611113019e+00 4.509469751597e+00 2.529282906773e+01 1 1 1 0.0 0.0 0.0
Bi 8.632919296810e+00 7.376726983775e+00 2.529282906773e+01 1 1 1 0.0 0.0 0.0
Bi 1.148022748060e+01 1.024398421595e+01 2.529282906773e+01 1 1 1 0.0 0.0 0.0
Bi 1.309149490213e+01 1.693425109103e+01 2.529282906773e+01 1 1 1 0.0 0.0 0.0
Bi 1.395230900513e+01 2.597964930146e+00 2.529282906773e+01 1 1 1 0.0 0.0 0.0
Bi 1.702262166962e+00 5.465222162323e+00 2.529282906773e+01 1 1 1 0.0 0.0 0.0
Bi 4.549570350753e+00 8.332479394501e+00 2.529282906773e+01 1 1 1 0.0 0.0 0.0
Bi 7.396878534544e+00 1.119973662668e+01 2.529282906773e+01 1 1 1 0.0 0.0 0.0
Bi 1.024418671833e+01 1.406699385886e+01 2.529282906773e+01 1 1 1 0.0 0.0 0.0
Bi 1.271626824287e+01 6.420974573049e+00 2.529282906773e+01 1 1 1 0.0 0.0 0.0
Bi 1.556357642666e+01 9.288231805226e+00 2.529282906773e+01 1 1 1 0.0 0.0 0.0
Bi 3.313529588487e+00 1.215548903740e+01 2.529282906773e+01 1 1 1 0.0 0.0 0.0
Bi 6.160837772278e+00 1.502274626958e+01 2.529282906773e+01 1 1 1 0.0 0.0 0.0
Bi 1.432753566439e+01 1.311124144813e+01 2.529282906773e+01 1 1 1 0.0 0.0 0.0
Bi 2.077488826221e+00 1.597849868031e+01 2.529282906773e+01 1 1 1 0.0 0.0 0.0
Bi 1.166318454504e+01 1.964968074567e+00 2.132110864621e+01 1 1 1 0.0 0.0 0.0
Bi 1.451049272883e+01 4.832225306744e+00 2.132110864621e+01 1 1 1 0.0 0.0 0.0
Bi 7.579835598978e+00 2.920720485293e+00 2.132110864621e+01 1 1 1 0.0 0.0 0.0
Bi 1.042714378277e+01 5.787977717470e+00 2.132110864621e+01 1 1 1 0.0 0.0 0.0
Bi 1.327445196656e+01 8.655234949648e+00 2.132110864621e+01 1 1 1 0.0 0.0 0.0
Bi 1.612176015035e+01 1.152249218182e+01 2.132110864621e+01 1 1 1 0.0 0.0 0.0
Bi 6.491784691302e-01 1.009215663841e+00 2.132110864621e+01 1 1 1 0.0 0.0 0.0
Bi 3.496486652921e+00 3.876472896018e+00 2.132110864621e+01 1 1 1 0.0 0.0 0.0
Bi 6.343794836712e+00 6.743730128196e+00 2.132110864621e+01 1 1 1 0.0 0.0 0.0
Bi 9.191103020503e+00 9.610987360373e+00 2.132110864621e+01 1 1 1 0.0 0.0 0.0
Bi 1.203841120429e+01 1.247824459255e+01 2.132110864621e+01 1 1 1 0.0 0.0 0.0
Bi 1.488571938808e+01 1.534550182473e+01 2.132110864621e+01 1 1 1 0.0 0.0 0.0
Bi 2.260445890655e+00 7.699482538922e+00 2.132110864621e+01 1 1 1 0.0 0.0 0.0
Bi 5.107754074446e+00 1.056673977110e+01 2.132110864621e+01 1 1 1 0.0 0.0 0.0
Bi 7.955062258236e+00 1.343399700328e+01 2.132110864621e+01 1 1 1 0.0 0.0 0.0
Bi 1.080237044203e+01 1.630125423545e+01 2.132110864621e+01 1 1 1 0.0 0.0 0.0
Bi 3.871713312179e+00 1.438974941400e+01 2.132110864621e+01 1 1 1 0.0 0.0 0.0
Bi 4.732527415187e+00 5.346325311510e-02 2.132110864621e+01 1 1 1 0.0 0.0 0.0
Se 1.878381906474e+00 1.565181420646e+01 7.500000000000e+00 1 1 1 0.0 0.0 0.0
Se 2.891866418478e-01 1.888979492006e+00 7.500000000000e+00 1 1 1 0.0 0.0 0.0
Se 6.864854580045e-01 5.329688170619e+00 7.500000000000e+00 1 1 1 0.0 0.0 0.0
Se 1.083784274161e+00 8.770396849232e+00 7.500000000000e+00 1 1 1 0.0 0.0 0.0
Se 1.481083090318e+00 1.221110552784e+01 7.500000000000e+00 1 1 1 0.0 0.0 0.0
Se 5.056772437329e+00 1.702809767790e+01 7.500000000000e+00 1 1 1 0.0 0.0 0.0
Se 3.467577172703e+00 3.265262963451e+00 7.500000000000e+00 1 1 1 0.0 0.0 0.0
Se 3.864875988859e+00 6.705971642064e+00 7.500000000000e+00 1 1 1 0.0 0.0 0.0
Se 4.262174805016e+00 1.014668032068e+01 7.500000000000e+00 1 1 1 0.0 0.0 0.0
Se 4.659473621173e+00 1.358738899929e+01 7.500000000000e+00 1 1 1 0.0 0.0 0.0
Se 6.248668887401e+00 1.200837756283e+00 7.500000000000e+00 1 1 1 0.0 0.0 0.0
Se 6.645967703558e+00 4.641546434896e+00 7.500000000000e+00 1 1 1 0.0 0.0 0.0
Se 7.043266519714e+00 8.082255113509e+00 7.500000000000e+00 1 1 1 0.0 0.0 0.0
Se 7.440565335871e+00 1.152296379212e+01 7.500000000000e+00 1 1 1 0.0 0.0 0.0
Se 7.837864152028e+00 1.496367247074e+01 7.500000000000e+00 1 1 1 0.0 0.0 0.0
Se 1.101625468288e+01 1.633995594218e+01 7.500000000000e+00 1 1 1 0.0 0.0 0.0
Se 9.427059418256e+00 2.577121227728e+00 7.500000000000e+00 1 1 1 0.0 0.0 0.0
Se 9.824358234413e+00 6.017829906341e+00 7.500000000000e+00 1 1 1 0.0 0.0 0.0
Se 1.022165705057e+01 9.458538584954e+00 7.500000000000e+00 1 1 1 0.0 0.0 0.0
Se 1.061895586673e+01 1.289924726357e+01 7.500000000000e+00 1 1 1 0.0 0.0 0.0
Se 1.220815113295e+01 5.126960205607e-01 7.500000000000e+00 1 1 1 0.0 0.0 0.0
Se 1.260544994911e+01 3.953404699174e+00 7.500000000000e+00 1 1 1 0.0 0.0 0.0
Se 1.300274876527e+01 7.394113377787e+00 7.500000000000e+00 1 1 1 0.0 0.0 0.0
Se 1.340004758142e+01 1.083482205640e+01 7.500000000000e+00 1 1 1 0.0 0.0 0.0
Se 1.379734639758e+01 1.427553073501e+01 7.500000000000e+00 1 1 1 0.0 0.0 0.0
Se 1.418462353171e+01 2.836587524293e-01 1.364602824434e+01 1 1 1 0.0 0.0 0.0
Se 1.458192234786e+01 3.724367431042e+00 1.364602824434e+01 1 1 1 0.0 0.0 0.0
Se 1.497922116402e+01 7.165076109655e+00 1.364602824434e+01 1 1 1 0.0 0.0 0.0
Se 1.537651998018e+01 1.060578478827e+01 1.364602824434e+01 1 1 1 0.0 0.0 0.0
Se 1.577381879633e+01 1.404649346688e+01 1.364602824434e+01 1 1 1 0.0 0.0 0.0
Se 2.265659040599e+00 1.659942223875e+00 1.364602824434e+01 1 1 1 0.0 0.0 0.0
Se 2.662957856756e+00 5.100650902487e+00 1.364602824434e+01 1 1 1 0.0 0.0 0.0
Se 3.060256672912e+00 8.541359581100e+00 1.364602824434e+01 1 1 1 0.0 0.0 0.0
Se 3.457555489069e+00 1.198206825971e+01 1.364602824434e+01 1 1 1 0.0 0.0 0.0
Se 3.854854305226e+00 1.542277693833e+01 1.364602824434e+01 1 1 1 0.0 0.0 0.0
Se 5.444049571454e+00 3.036225695320e+00 1.364602824434e+01 1 1 1 0.0 0.0 0.0
Se 5.841348387611e+00 6.476934373933e+00 1.364602824434e+01 1 1 1 0.0 0.0 0.0
Se 6.238647203767e+00 9.917643052546e+00 1.364602824434e+01 1 1 1 0.0 0.0 0.0
Se 6.635946019924e+00 1.335835173116e+01 1.364602824434e+01 1 1 1 0.0 0.0 0.0
Se 7.033244836081e+00 1.679906040977e+01 1.364602824434e+01 1 1 1 0.0 0.0 0.0
Se 8.225141286153e+00 9.718004881519e-01 1.364602824434e+01 1 1 1 0.0 0.0 0.0
Se 8.622440102309e+00 4.412509166765e+00 1.364602824434e+01 1 1 1 0.0 0.0 0.0
Se 9.019738918466e+00 7.853217845378e+00 1.364602824434e+01 1 1 1 0.0 0.0 0.0
Se 9.417037734622e+00 1.129392652399e+01 1.364602824434e+01 1 1 1 0.0 0.0 0.0
Se 9.814336550779e+00 1.473463520260e+01 1.364602824434e+01 1 1 1 0.0 0.0 0.0
Se 1.140353181701e+01 2.348083959597e+00 1.364602824434e+01 1 1 1 0.0 0.0 0.0
Se 1.180083063316e+01 5.788792638210e+00 1.364602824434e+01 1 1 1 0.0 0.0 0.0
Se 1.219812944932e+01 9.229501316823e+00 1.364602824434e+01 1 1 1 0.0 0.0 0.0
Se 1.259542826548e+01 1.267020999544e+01 1.364602824434e+01 1 1 1 0.0 0.0 0.0
Se 1.299272708163e+01 1.611091867405e+01 1.364602824434e+01 1 1 1 0.0 0.0 0.0
Se 1.877392599730e+00 1.565223784023e+01 1.086443756309e+01 1 1 1 0.0 0.0 0.0
Se 2.881973351037e-01 1.889403125778e+00 1.086443756309e+01 1 1 1 0.0 0.0 0.0
Se 6.854961512604e-01 5.330111804391e+00 1.086443756309e+01 1 1 1 0.0 0.0 0.0
Se 1.082794967417e+00 8.770820483004e+00 1.086443756309e+01 1 1 1 0.0 0.0 0.0
Se 1.480093783574e+00 1.221152916162e+01 1.086443756309e+01 1 1 1 0.0 0.0 0.0
Se 5.055783130585e+00 1.702852131167e+01 1.086443756309e+01 1 1 1 0.0 0.0 0.0
Se 3.466587865959e+00 3.265686597223e+00 1.086443756309e+01 1 1 1 0.0 0.0 0.0
Se 3.863886682115e+00 6.706395275836e+00 1.086443756309e+01 1 1 1 0.0 0.0 0.0
Se 4.261185498272e+00 1.014710395445e+01 1.086443756309e+01 1 1 1 0.0 0.0 0.0
Se 4.658484314429e+00 1.358781263306e+01 1.086443756309e+01 1 1 1 0.0 0.0 0.0
Se 6.247679580657e+00 1.201261390055e+00 1.086443756309e+01 1 1 1 0.0 0.0 0.0
Se 6.644978396814e+00 4.641970068668e+00 1.086443756309e+01 1 1 1 0.0 0.0 0.0
Se 7.042277212970e+00 8.082678747281e+00 1.086443756309e+01 1 1 1 0.0 0.0 0.0
Se 7.439576029127e+00 1.152338742589e+01 1.086443756309e+01 1 1 1 0.0 0.0 0.0
Se 7.836874845284e+00 1.496409610451e+01 1.086443756309e+01 1 1 1 0.0 0.0 0.0
Se 1.101526537614e+01 1.634037957595e+01 1.086443756309e+01 1 1 1 0.0 0.0 0.0
Se 9.426070111512e+00 2.577544861500e+00 1.086443756309e+01 1 1 1 0.0 0.0 0.0
Se 9.823368927669e+00 6.018253540113e+00 1.086443756309e+01 1 1 1 0.0 0.0 0.0
Se 1.022066774383e+01 9.458962218726e+00 1.086443756309e+01 1 1 1 0.0 0.0 0.0
Se 1.061796655998e+01 1.289967089734e+01 1.086443756309e+01 1 1 1 0.0 0.0 0.0
Se 1.220716182621e+01 5.131196543324e-01 1.086443756309e+01 1 1 1 0.0 0.0 0.0
Se 1.260446064237e+01 3.953828332945e+00 1.086443756309e+01 1 1 1 0.0 0.0 0.0
Se 1.300175945852e+01 7.394537011558e+00 1.086443756309e+01 1 1 1 0.0 0.0 0.0
Se 1.339905827468e+01 1.083524569017e+01 1.086443756309e+01 1 1 1 0.0 0.0 0.0
Se 1.379635709084e+01 1.427595436878e+01 1.086443756309e+01 1 1 1 0.0 0.0 0.0
Se 1.418373560838e+01 2.842339691315e-01 1.701046802998e+01 1 1 1 0.0 0.0 0.0
Se 1.458103442453e+01 3.724942647744e+00 1.701046802998e+01 1 1 1 0.0 0.0 0.0
Se 1.497833324069e+01 7.165651326357e+00 1.701046802998e+01 1 1 1 0.0 0.0 0.0
Se 1.537563205685e+01 1.060636000497e+01 1.701046802998e+01 1 1 1 0.0 0.0 0.0
Se 1.577293087300e+01 1.404706868358e+01 1.701046802998e+01 1 1 1 0.0 0.0 0.0
Se 2.264771117271e+00 1.660517440577e+00 1.701046802998e+01 1 1 1 0.0 0.0 0.0
Se 2.662069933428e+00 5.101226119190e+00 1.701046802998e+01 1 1 1 0.0 0.0 0.0
Se 3.059368749584e+00 8.541934797803e+00 1.701046802998e+01 1 1 1 0.0 0.0 0.0
Se 3.456667565741e+00 1.198264347642e+01 1.701046802998e+01 1 1 1 0.0 0.0 0.0
Se 3.853966381898e+00 1.542335215503e+01 1.701046802998e+01 1 1 1 0.0 0.0 0.0
Se 5.443161648126e+00 3.036800912022e+00 1.701046802998e+01 1 1 1 0.0 0.0 0.0
Se 5.840460464283e+00 6.477509590635e+00 1.701046802998e+01 1 1 1 0.0 0.0 0.0
Se 6.237759280439e+00 9.918218269248e+00 1.701046802998e+01 1 1 1 0.0 0.0 0.0
Se 6.635058096596e+00 1.335892694786e+01 1.701046802998e+01 1 1 1 0.0 0.0 0.0
Se 7.032356912753e+00 1.679963562647e+01 1.701046802998e+01 1 1 1 0.0 0.0 0.0
Se 8.224253362824e+00 9.723757048541e-01 1.701046802998e+01 1 1 1 0.0 0.0 0.0
Se 8.621552178981e+00 4.413084383467e+00 1.701046802998e+01 1 1 1 0.0 0.0 0.0
Se 9.018850995138e+00 7.853793062080e+00 1.701046802998e+01 1 1 1 0.0 0.0 0.0
Se 9.416149811294e+00 1.129450174069e+01 1.701046802998e+01 1 1 1 0.0 0.0 0.0
Se 9.813448627451e+00 1.473521041931e+01 1.701046802998e+01 1 1 1 0.0 0.0 0.0
Se 1.140264389368e+01 2.348659176299e+00 1.701046802998e+01 1 1 1 0.0 0.0 0.0
Se 1.179994270984e+01 5.789367854912e+00 1.701046802998e+01 1 1 1 0.0 0.0 0.0
Se 1.219724152599e+01 9.230076533525e+00 1.701046802998e+01 1 1 1 0.0 0.0 0.0
Se 1.259454034215e+01 1.267078521214e+01 1.701046802998e+01 1 1 1 0.0 0.0 0.0
Se 1.299183915831e+01 1.611149389075e+01 1.701046802998e+01 1 1 1 0.0 0.0 0.0
Se 6.975498777072e+00 7.638206720235e-01 3.696241589303e+01 1 1 1 0.0 0.0 0.0
Se 9.822806960863e+00 3.631077904201e+00 3.696241589303e+01 1 1 1 0.0 0.0 0.0
Se 2.892149831015e+00 1.719573082749e+00 3.696241589303e+01 1 1 1 0.0 0.0 0.0
Se 5.739458014806e+00 4.586830314927e+00 3.696241589303e+01 1 1 1 0.0 0.0 0.0
Se 8.586766198597e+00 7.454087547104e+00 3.696241589303e+01 1 1 1 0.0 0.0 0.0
Se 1.143407438239e+01 1.032134477928e+01 3.696241589303e+01 1 1 1 0.0 0.0 0.0
Se 1.304534180391e+01 1.701161165436e+01 3.696241589303e+01 1 1 1 0.0 0.0 0.0
Se 1.390615590692e+01 2.675325493475e+00 3.696241589303e+01 1 1 1 0.0 0.0 0.0
Se 1.656109068749e+00 5.542582725653e+00 3.696241589303e+01 1 1 1 0.0 0.0 0.0
Se 4.503417252540e+00 8.409839957830e+00 3.696241589303e+01 1 1 1 0.0 0.0 0.0
Se 7.350725436331e+00 1.127709719001e+01 3.696241589303e+01 1 1 1 0.0 0.0 0.0
Se 1.019803362012e+01 1.414435442219e+01 3.696241589303e+01 1 1 1 0.0 0.0 0.0
Se 1.267011514465e+01 6.498335136378e+00 3.696241589303e+01 1 1 1 0.0 0.0 0.0
Se 1.551742332844e+01 9.365592368556e+00 3.696241589303e+01 1 1 1 0.0 0.0 0.0
Se 3.267376490274e+00 1.223284960073e+01 3.696241589303e+01 1 1 1 0.0 0.0 0.0
Se 6.114684674064e+00 1.510010683291e+01 3.696241589303e+01 1 1 1 0.0 0.0 0.0
Se 1.428138256618e+01 1.318860201146e+01 3.696241589303e+01 1 1 1 0.0 0.0 0.0
Se 2.031335728007e+00 1.605585924364e+01 3.696241589303e+01 1 1 1 0.0 0.0 0.0
Se 1.163310941423e+01 2.042485230286e+00 3.332483142763e+01 1 1 1 0.0 0.0 0.0
Se 1.448041759802e+01 4.909742462464e+00 3.332483142763e+01 1 1 1 0.0 0.0 0.0
Se 7.549760468169e+00 2.998237641012e+00 3.332483142763e+01 1 1 1 0.0 0.0 0.0
Se 1.039706865196e+01 5.865494873190e+00 3.332483142763e+01 1 1 1 0.0 0.0 0.0
Se 1.324437683575e+01 8.732752105367e+00 3.332483142763e+01 1 1 1 0.0 0.0 0.0
Se 1.609168501954e+01 1.160000933754e+01 3.332483142763e+01 1 1 1 0.0 0.0 0.0
Se 6.191033383210e-01 1.086732819560e+00 3.332483142763e+01 1 1 1 0.0 0.0 0.0
Se 3.466411522112e+00 3.953990051738e+00 3.332483142763e+01 1 1 1 0.0 0.0 0.0
Se 6.313719705903e+00 6.821247283915e+00 3.332483142763e+01 1 1 1 0.0 0.0 0.0
Se 9.161027889693e+00 9.688504516093e+00 3.332483142763e+01 1 1 1 0.0 0.0 0.0
Se 1.200833607348e+01 1.255576174827e+01 3.332483142763e+01 1 1 1 0.0 0.0 0.0
Se 1.485564425728e+01 1.542301898045e+01 3.332483142763e+01 1 1 1 0.0 0.0 0.0
Se 2.230370759846e+00 7.776999694641e+00 3.332483142763e+01 1 1 1 0.0 0.0 0.0
Se 5.077678943636e+00 1.064425692682e+01 3.332483142763e+01 1 1 1 0.0 0.0 0.0
Se 7.924987127427e+00 1.351151415900e+01 3.332483142763e+01 1 1 1 0.0 0.0 0.0
Se 1.077229531122e+01 1.637877139117e+01 3.332483142763e+01 1 1 1 0.0 0.0 0.0
Se 3.841638181370e+00 1.446726656972e+01 3.332483142763e+01 1 1 1 0.0 0.0 0.0
Se 4.702452284378e+00 1.309804088346e-01 3.332483142763e+01 1 1 1 0.0 0.0 0.0
Se 9.316345537622e+00 1.394690556337e+00 2.969131231352e+01 1 1 1 0.0 0.0 0.0
Se 1.216365372141e+01 4.261947788514e+00 2.969131231352e+01 1 1 1 0.0 0.0 0.0
Se 5.232996591565e+00 2.350442967063e+00 2.969131231352e+01 1 1 1 0.0 0.0 0.0
Se 8.080304775356e+00 5.217700199240e+00 2.969131231352e+01 1 1 1 0.0 0.0 0.0
Se 1.092761295915e+01 8.084957431418e+00 2.969131231352e+01 1 1 1 0.0 0.0 0.0
Se 1.377492114294e+01 1.095221466360e+01 2.969131231352e+01 1 1 1 0.0 0.0 0.0
Se 1.339969448368e+01 4.389381456112e-01 2.969131231352e+01 1 1 1 0.0 0.0 0.0
Se 1.149647645508e+00 3.306195377789e+00 2.969131231352e+01 1 1 1 0.0 0.0 0.0
Se 3.996955829299e+00 6.173452609966e+00 2.969131231352e+01 1 1 1 0.0 0.0 0.0
Se 6.844264013089e+00 9.040709842144e+00 2.969131231352e+01 1 1 1 0.0 0.0 0.0
Se 9.691572196880e+00 1.190796707432e+01 2.969131231352e+01 1 1 1 0.0 0.0 0.0
Se 1.253888038067e+01 1.477522430650e+01 2.969131231352e+01 1 1 1 0.0 0.0 0.0
Se 1.501096190520e+01 7.129205020692e+00 2.969131231352e+01 1 1 1 0.0 0.0 0.0
Se 2.760915067032e+00 9.996462252869e+00 2.969131231352e+01 1 1 1 0.0 0.0 0.0
Se 5.608223250823e+00 1.286371948505e+01 2.969131231352e+01 1 1 1 0.0 0.0 0.0
Se 8.455531434614e+00 1.573097671722e+01 2.969131231352e+01 1 1 1 0.0 0.0 0.0
Se 1.662222932673e+01 1.381947189577e+01 2.969131231352e+01 1 1 1 0.0 0.0 0.0
Se 4.372182488557e+00 1.668672912795e+01 2.969131231352e+01 1 1 1 0.0 0.0 0.0
Se 1.166320721085e+01 1.968936426402e+00 2.692457590224e+01 1 1 1 0.0 0.0 0.0
Se 1.451051539464e+01 4.836193658580e+00 2.692457590224e+01 1 1 1 0.0 0.0 0.0
Se 7.579858264791e+00 2.924688837128e+00 2.692457590224e+01 1 1 1 0.0 0.0 0.0
Se 1.042716644858e+01 5.791946069305e+00 2.692457590224e+01 1 1 1 0.0 0.0 0.0
Se 1.327447463237e+01 8.659203301483e+00 2.692457590224e+01 1 1 1 0.0 0.0 0.0
Se 1.612178281616e+01 1.152646053366e+01 2.692457590224e+01 1 1 1 0.0 0.0 0.0
Se 6.492011349432e-01 1.013184015676e+00 2.692457590224e+01 1 1 1 0.0 0.0 0.0
Se 3.496509318734e+00 3.880441247854e+00 2.692457590224e+01 1 1 1 0.0 0.0 0.0
Se 6.343817502525e+00 6.747698480031e+00 2.692457590224e+01 1 1 1 0.0 0.0 0.0
Se 9.191125686316e+00 9.614955712209e+00 2.692457590224e+01 1 1 1 0.0 0.0 0.0
Se 1.203843387011e+01 1.248221294439e+01 2.692457590224e+01 1 1 1 0.0 0.0 0.0
Se 1.488574205390e+01 1.534947017656e+01 2.692457590224e+01 1 1 1 0.0 0.0 0.0
Se 2.260468556468e+00 7.703450890757e+00 2.692457590224e+01 1 1 1 0.0 0.0 0.0
Se 5.107776740259e+00 1.057070812293e+01 2.692457590224e+01 1 1 1 0.0 0.0 0.0
Se 7.955084924049e+00 1.343796535511e+01 2.692457590224e+01 1 1 1 0.0 0.0 0.0
Se 1.080239310784e+01 1.630522258729e+01 2.692457590224e+01 1 1 1 0.0 0.0 0.0
Se 3.871735977992e+00 1.439371776584e+01 2.692457590224e+01 1 1 1 0.0 0.0 0.0
Se 4.732550081000e+00 5.743160495039e-02 2.692457590224e+01 1 1 1 0.0 0.0 0.0
Se 9.338526811177e+00 1.319133747367e+00 2.330671355540e+01 1 1 1 0.0 0.0 0.0
Se 1.218583499497e+01 4.186390979544e+00 2.330671355540e+01 1 1 1 0.0 0.0 0.0
Se 5.255177865120e+00 2.274886158093e+00 2.330671355540e+01 1 1 1 0.0 0.0 0.0
Se 8.102486048911e+00 5.142143390270e+00 2.330671355540e+01 1 1 1 0.0 0.0 0.0
Se 1.094979423270e+01 8.009400622448e+00 2.330671355540e+01 1 1 1 0.0 0.0 0.0
Se 1.379710241649e+01 1.087665785463e+01 2.330671355540e+01 1 1 1 0.0 0.0 0.0
Se 1.342187575723e+01 3.633813366411e-01 2.330671355540e+01 1 1 1 0.0 0.0 0.0
Se 1.171828919063e+00 3.230638568819e+00 2.330671355540e+01 1 1 1 0.0 0.0 0.0
Se 4.019137102854e+00 6.097895800996e+00 2.330671355540e+01 1 1 1 0.0 0.0 0.0
Se 6.866445286644e+00 8.965153033174e+00 2.330671355540e+01 1 1 1 0.0 0.0 0.0
Se 9.713753470435e+00 1.183241026535e+01 2.330671355540e+01 1 1 1 0.0 0.0 0.0
Se 1.256106165423e+01 1.469966749753e+01 2.330671355540e+01 1 1 1 0.0 0.0 0.0
Se 1.503314317876e+01 7.053648211722e+00 2.330671355540e+01 1 1 1 0.0 0.0 0.0
Se 2.783096340587e+00 9.920905443899e+00 2.330671355540e+01 1 1 1 0.0 0.0 0.0
Se 5.630404524378e+00 1.278816267608e+01 2.330671355540e+01 1 1 1 0.0 0.0 0.0
Se 8.477712708169e+00 1.565541990825e+01 2.330671355540e+01 1 1 1 0.0 0.0 0.0
Se 1.664441060028e+01 1.374391508680e+01 2.330671355540e+01 1 1 1 0.0 0.0 0.0
Se 4.394363762112e+00 1.661117231898e+01 2.330671355540e+01 1 1 1 0.0 0.0 0.0
Se 7.014434198906e+00 6.839338547380e-01 1.968357859229e+01 1 1 1 0.0 0.0 0.0
Se 9.861742382697e+00 3.551191086916e+00 1.968357859229e+01 1 1 1 0.0 0.0 0.0
Se 2.931085252849e+00 1.639686265464e+00 1.968357859229e+01 1 1 1 0.0 0.0 0.0
Se 5.778393436640e+00 4.506943497641e+00 1.968357859229e+01 1 1 1 0.0 0.0 0.0
Se 8.625701620431e+00 7.374200729819e+00 1.968357859229e+01 1 1 1 0.0 0.0 0.0
Se 1.147300980422e+01 1.024145796200e+01 1.968357859229e+01 1 1 1 0.0 0.0 0.0
Se 1.308427722575e+01 1.693172483708e+01 1.968357859229e+01 1 1 1 0.0 0.0 0.0
Se 1.394509132875e+01 2.595438676190e+00 1.968357859229e+01 1 1 1 0.0 0.0 0.0
Se 1.695044490583e+00 5.462695908367e+00 1.968357859229e+01 1 1 1 0.0 0.0 0.0
Se 4.542352674374e+00 8.329953140545e+00 1.968357859229e+01 1 1 1 0.0 0.0 0.0
Se 7.389660858164e+00 1.119721037272e+01 1.968357859229e+01 1 1 1 0.0 0.0 0.0
Se 1.023696904196e+01 1.406446760490e+01 1.968357859229e+01 1 1 1 0.0 0.0 0.0
Se 1.270905056649e+01 6.418448319093e+00 1.968357859229e+01 1 1 1 0.0 0.0 0.0
Se 1.555635875028e+01 9.285705551270e+00 1.968357859229e+01 1 1 1 0.0 0.0 0.0
Se 3.306311912107e+00 1.215296278345e+01 1.968357859229e+01 1 1 1 0.0 0.0 0.0
Se 6.153620095898e+00 1.502022001563e+01 1.968357859229e+01 1 1 1 0.0 0.0 0.0
Se 1.432031798801e+01 1.310871519417e+01 1.968357859229e+01 1 1 1 0.0 0.0 0.0
Se 2.070271149841e+00 1.597597242635e+01 1.968357859229e+01 1 1 1 0.0 0.0 0.0
"