calculation_mode = "Quench Electrons"
cell_relax = "False"
charge_density_mixing = "0.1"
charge_mixing_type = "Broyden"
description = "Example parameters for high-throughput bulk relaxation of a vdW material"
dos_broading = "0.05"
dos_method = "Gaussian"
energy_convergence_criterion = "1e-10"
energy_output_units = "Hartrees"
kohn_sham_mucycles = "3"
kohn_sham_solver = "davidson"
kpoint_mesh = "1 1 1"
localize_projectors = "False"
max_md_steps = "100"
max_scf_steps = "200"
non_local_block_size = "4000"
potential_acceleration_constant_step = "1.5"
processor_grid = "8 7 17"
rms_convergence_criterion = "1e-08"
scalapack_block_factor = "64"
start_mode = "LCAO Start"
state_block_size = "64"
stress = "True"
subdiag_driver = "scalapack"
use_async_allreduce = "False"
vdw_corr = "DFT-D3"
vdwdf_kernel_filepath = "/lustre/orion/world-shared/cph162/rjmorelock/rmgdft/XC/vdW_kernel_table"
wavefunction_grid = "156 156 378"
write_data_period = "50"

atomic_coordinate_type = "Absolute"
crds_units = "Angstrom"
lattice_units = "Angstrom"

lattice_vector = "
1.832749387347e+01 0.000000000000e+00 1.100000000000e-15
2.618213410065e+00 1.813951460922e+01 1.100000000000e-15
0.000000000000e+00 0.000000000000e+00 4.446241589303e+01
"
atoms = "
Nb 4.595898363872e+00 1.290496788048e+01 1.532833092694e+01 1 1 1 0.0 0.0 0.0
Nb 7.214111774313e+00 1.517240720663e+01 1.532833092694e+01 1 1 1 0.0 0.0 0.0
Nb 2.632238306135e+00 7.236369565097e+00 1.532833092694e+01 1 1 1 0.0 0.0 0.0
Nb 5.250451716576e+00 9.503808891250e+00 1.532833092694e+01 1 1 1 0.0 0.0 0.0
Nb 7.868665127018e+00 1.177124821740e+01 1.532833092694e+01 1 1 1 0.0 0.0 0.0
Nb 1.048687853746e+01 1.403868754356e+01 1.532833092694e+01 1 1 1 0.0 0.0 0.0
Nb 3.286791658839e+00 3.835210575868e+00 1.532833092694e+01 1 1 1 0.0 0.0 0.0
Nb 5.905005069281e+00 6.102649902021e+00 1.532833092694e+01 1 1 1 0.0 0.0 0.0
Nb 8.523218479723e+00 8.370089228174e+00 1.532833092694e+01 1 1 1 0.0 0.0 0.0
Nb 1.114143189016e+01 1.063752855433e+01 1.532833092694e+01 1 1 1 0.0 0.0 0.0
Nb 1.375964530061e+01 1.290496788048e+01 1.532833092694e+01 1 1 1 0.0 0.0 0.0
Nb 1.637785871105e+01 1.517240720663e+01 1.532833092694e+01 1 1 1 0.0 0.0 0.0
Nb 3.941345011167e+00 1.630612686971e+01 1.532833092694e+01 1 1 1 0.0 0.0 0.0
Nb 3.941345011544e+00 4.340515866380e-01 1.532833092694e+01 1 1 1 0.0 0.0 0.0
Nb 6.559558421986e+00 2.701490912791e+00 1.532833092694e+01 1 1 1 0.0 0.0 0.0
Nb 9.177771832428e+00 4.968930238944e+00 1.532833092694e+01 1 1 1 0.0 0.0 0.0
Nb 1.179598524287e+01 7.236369565097e+00 1.532833092694e+01 1 1 1 0.0 0.0 0.0
Nb 1.441419865331e+01 9.503808891250e+00 1.532833092694e+01 1 1 1 0.0 0.0 0.0
Nb 1.703241206375e+01 1.177124821740e+01 1.532833092694e+01 1 1 1 0.0 0.0 0.0
Nb 1.965062547419e+01 1.403868754356e+01 1.532833092694e+01 1 1 1 0.0 0.0 0.0
Nb 9.832325184755e+00 1.743984653279e+01 1.532833092694e+01 1 1 1 0.0 0.0 0.0
Nb 9.832325185132e+00 1.567771249714e+00 1.532833092694e+01 1 1 1 0.0 0.0 0.0
Nb 1.245053859557e+01 3.835210575868e+00 1.532833092694e+01 1 1 1 0.0 0.0 0.0
Nb 1.506875200602e+01 6.102649902021e+00 1.532833092694e+01 1 1 1 0.0 0.0 0.0
Nb 1.768696541646e+01 8.370089228174e+00 1.532833092694e+01 1 1 1 0.0 0.0 0.0
Nb 1.977684953430e+00 1.063752855433e+01 1.532833092694e+01 1 1 1 0.0 0.0 0.0
Nb 1.310509194790e+01 1.630612686971e+01 1.532833092694e+01 1 1 1 0.0 0.0 0.0
Nb 1.310509194828e+01 4.340515866380e-01 1.532833092694e+01 1 1 1 0.0 0.0 0.0
Nb 1.572330535872e+01 2.701490912791e+00 1.532833092694e+01 1 1 1 0.0 0.0 0.0
Nb 1.834151876916e+01 4.968930238944e+00 1.532833092694e+01 1 1 1 0.0 0.0 0.0
Nb 1.899607212149e+01 1.743984653279e+01 1.532833092694e+01 1 1 1 0.0 0.0 0.0
Nb 6.685782483977e-01 1.567771249714e+00 1.532833092694e+01 1 1 1 0.0 0.0 0.0
Nb 4.603028225821e+00 1.289823633710e+01 9.182088683320e+00 1 1 1 0.0 0.0 0.0
Nb 7.221241636263e+00 1.516567566325e+01 9.182088683320e+00 1 1 1 0.0 0.0 0.0
Nb 2.639368168084e+00 7.229638021714e+00 9.182088683320e+00 1 1 1 0.0 0.0 0.0
Nb 5.257581578526e+00 9.497077347867e+00 9.182088683320e+00 1 1 1 0.0 0.0 0.0
Nb 7.875794988968e+00 1.176451667402e+01 9.182088683320e+00 1 1 1 0.0 0.0 0.0
Nb 1.049400839941e+01 1.403195600017e+01 9.182088683320e+00 1 1 1 0.0 0.0 0.0
Nb 3.293921520789e+00 3.828479032485e+00 9.182088683320e+00 1 1 1 0.0 0.0 0.0
Nb 5.912134931231e+00 6.095918358638e+00 9.182088683320e+00 1 1 1 0.0 0.0 0.0
Nb 8.530348341672e+00 8.363357684791e+00 9.182088683320e+00 1 1 1 0.0 0.0 0.0
Nb 1.114856175211e+01 1.063079701094e+01 9.182088683320e+00 1 1 1 0.0 0.0 0.0
Nb 1.376677516256e+01 1.289823633710e+01 9.182088683320e+00 1 1 1 0.0 0.0 0.0
Nb 1.638498857300e+01 1.516567566325e+01 9.182088683320e+00 1 1 1 0.0 0.0 0.0
Nb 3.948474873117e+00 1.629939532633e+01 9.182088683320e+00 1 1 1 0.0 0.0 0.0
Nb 3.948474873494e+00 4.273200432551e-01 9.182088683320e+00 1 1 1 0.0 0.0 0.0
Nb 6.566688283935e+00 2.694759369408e+00 9.182088683320e+00 1 1 1 0.0 0.0 0.0
Nb 9.184901694377e+00 4.962198695561e+00 9.182088683320e+00 1 1 1 0.0 0.0 0.0
Nb 1.180311510482e+01 7.229638021714e+00 9.182088683320e+00 1 1 1 0.0 0.0 0.0
Nb 1.442132851526e+01 9.497077347867e+00 9.182088683320e+00 1 1 1 0.0 0.0 0.0
Nb 1.703954192570e+01 1.176451667402e+01 9.182088683320e+00 1 1 1 0.0 0.0 0.0
Nb 1.965775533614e+01 1.403195600017e+01 9.182088683320e+00 1 1 1 0.0 0.0 0.0
Nb 9.839455046705e+00 1.743311498940e+01 9.182088683320e+00 1 1 1 0.0 0.0 0.0
Nb 9.839455047082e+00 1.561039706332e+00 9.182088683320e+00 1 1 1 0.0 0.0 0.0
Nb 1.245766845752e+01 3.828479032485e+00 9.182088683320e+00 1 1 1 0.0 0.0 0.0
Nb 1.507588186797e+01 6.095918358638e+00 9.182088683320e+00 1 1 1 0.0 0.0 0.0
Nb 1.769409527841e+01 8.363357684791e+00 9.182088683320e+00 1 1 1 0.0 0.0 0.0
Nb 1.984814815380e+00 1.063079701094e+01 9.182088683320e+00 1 1 1 0.0 0.0 0.0
Nb 1.311222180985e+01 1.629939532633e+01 9.182088683320e+00 1 1 1 0.0 0.0 0.0
Nb 1.311222181023e+01 4.273200432551e-01 9.182088683320e+00 1 1 1 0.0 0.0 0.0
Nb 1.573043522067e+01 2.694759369408e+00 9.182088683320e+00 1 1 1 0.0 0.0 0.0
Nb 1.834864863111e+01 4.962198695561e+00 9.182088683320e+00 1 1 1 0.0 0.0 0.0
Nb 1.900320198344e+01 1.743311498940e+01 9.182088683320e+00 1 1 1 0.0 0.0 0.0
Nb 6.757081103473e-01 1.561039706332e+00 9.182088683320e+00 1 1 1 0.0 0.0 0.0
Bi 1.257185710039e+01 1.442521708820e+01 3.532095071834e+01 1 1 1 0.0 0.0 0.0
Bi 1.632842416766e+01 1.284786799174e+01 3.532095071834e+01 1 1 1 0.0 0.0 0.0
Bi 5.286393697288e+00 1.363654253997e+01 3.532095071834e+01 1 1 1 0.0 0.0 0.0
Bi 9.042960764559e+00 1.205919344352e+01 3.532095071834e+01 1 1 1 0.0 0.0 0.0
Bi 1.279952783183e+01 1.048184434706e+01 3.532095071834e+01 1 1 1 0.0 0.0 0.0
Bi 1.655609489910e+01 8.904495250609e+00 3.532095071834e+01 1 1 1 0.0 0.0 0.0
Bi 1.757497361459e+00 1.127051889529e+01 3.532095071834e+01 1 1 1 0.0 0.0 0.0
Bi 5.514064428730e+00 9.693169798836e+00 3.532095071834e+01 1 1 1 0.0 0.0 0.0
Bi 9.270631496000e+00 8.115820702382e+00 3.532095071834e+01 1 1 1 0.0 0.0 0.0
Bi 1.302719856327e+01 6.538471605928e+00 3.532095071834e+01 1 1 1 0.0 0.0 0.0
Bi 1.678376563054e+01 4.961122509474e+00 3.532095071834e+01 1 1 1 0.0 0.0 0.0
Bi 1.985168092900e+00 7.327146154155e+00 3.532095071834e+01 1 1 1 0.0 0.0 0.0
Bi 5.741735160171e+00 5.749797057701e+00 3.532095071834e+01 1 1 1 0.0 0.0 0.0
Bi 9.498302227441e+00 4.172447961246e+00 3.532095071834e+01 1 1 1 0.0 0.0 0.0
Bi 1.325486929471e+01 2.595098864792e+00 3.532095071834e+01 1 1 1 0.0 0.0 0.0
Bi 1.701143636198e+01 1.017749768338e+00 3.532095071834e+01 1 1 1 0.0 0.0 0.0
Bi 2.212838824342e+00 3.383773413019e+00 3.532095071834e+01 1 1 1 0.0 0.0 0.0
Bi 5.969405891612e+00 1.806424316565e+00 3.532095071834e+01 1 1 1 0.0 0.0 0.0
Bi 9.725972958882e+00 2.290752201108e-01 3.532095071834e+01 1 1 1 0.0 0.0 0.0
Bi 1.610075343622e+01 1.679124073288e+01 3.532095071834e+01 1 1 1 0.0 0.0 0.0
Bi 5.058722965847e+00 1.757991528111e+01 3.532095071834e+01 1 1 1 0.0 0.0 0.0
Bi 8.815290033118e+00 1.600256618465e+01 3.532095071834e+01 1 1 1 0.0 0.0 0.0
Bi 1.985732050349e+01 1.521389163643e+01 3.532095071834e+01 1 1 1 0.0 0.0 0.0
Bi 1.016775458811e+01 1.418880741091e+01 3.133430771007e+01 1 1 1 0.0 0.0 0.0
Bi 1.392432165538e+01 1.261145831445e+01 3.133430771007e+01 1 1 1 0.0 0.0 0.0
Bi 2.882291185012e+00 1.340013286268e+01 3.133430771007e+01 1 1 1 0.0 0.0 0.0
Bi 6.638858252282e+00 1.182278376623e+01 3.133430771007e+01 1 1 1 0.0 0.0 0.0
Bi 1.039542531955e+01 1.024543466977e+01 3.133430771007e+01 1 1 1 0.0 0.0 0.0
Bi 1.415199238682e+01 8.668085573317e+00 3.133430771007e+01 1 1 1 0.0 0.0 0.0
Bi 1.768088872265e+01 1.103410921800e+01 3.133430771007e+01 1 1 1 0.0 0.0 0.0
Bi 3.109961916453e+00 9.456760121544e+00 3.133430771007e+01 1 1 1 0.0 0.0 0.0
Bi 6.866528983723e+00 7.879411025090e+00 3.133430771007e+01 1 1 1 0.0 0.0 0.0
Bi 1.062309605099e+01 6.302061928636e+00 3.133430771007e+01 1 1 1 0.0 0.0 0.0
Bi 1.437966311826e+01 4.724712832182e+00 3.133430771007e+01 1 1 1 0.0 0.0 0.0
Bi 1.790855945409e+01 7.090736476863e+00 3.133430771007e+01 1 1 1 0.0 0.0 0.0
Bi 3.337632647894e+00 5.513387380409e+00 3.133430771007e+01 1 1 1 0.0 0.0 0.0
Bi 7.094199715164e+00 3.936038283954e+00 3.133430771007e+01 1 1 1 0.0 0.0 0.0
Bi 1.085076678243e+01 2.358689187500e+00 3.133430771007e+01 1 1 1 0.0 0.0 0.0
Bi 1.460733384970e+01 7.813400910458e-01 3.133430771007e+01 1 1 1 0.0 0.0 0.0
Bi 1.813623018553e+01 3.147363735727e+00 3.133430771007e+01 1 1 1 0.0 0.0 0.0
Bi 3.565303379335e+00 1.570014639273e+00 3.133430771007e+01 1 1 1 0.0 0.0 0.0
Bi 9.940083856670e+00 1.813218015204e+01 3.133430771007e+01 1 1 1 0.0 0.0 0.0
Bi 1.369665092394e+01 1.655483105559e+01 3.133430771007e+01 1 1 1 0.0 0.0 0.0
Bi 2.654620453571e+00 1.734350560382e+01 3.133430771007e+01 1 1 1 0.0 0.0 0.0
Bi 6.411187520841e+00 1.576615650736e+01 3.133430771007e+01 1 1 1 0.0 0.0 0.0
Bi 1.745321799121e+01 1.497748195913e+01 3.133430771007e+01 1 1 1 0.0 0.0 0.0
Bi 1.014663763015e+01 1.424899416086e+01 2.529282906773e+01 1 1 1 0.0 0.0 0.0
Bi 1.390320469742e+01 1.267164506441e+01 2.529282906773e+01 1 1 1 0.0 0.0 0.0
Bi 2.861174227049e+00 1.346031961264e+01 2.529282906773e+01 1 1 1 0.0 0.0 0.0
Bi 6.617741294319e+00 1.188297051618e+01 2.529282906773e+01 1 1 1 0.0 0.0 0.0
Bi 1.037430836159e+01 1.030562141973e+01 2.529282906773e+01 1 1 1 0.0 0.0 0.0
Bi 1.413087542886e+01 8.728272323275e+00 2.529282906773e+01 1 1 1 0.0 0.0 0.0
Bi 1.765977176469e+01 1.109429596796e+01 2.529282906773e+01 1 1 1 0.0 0.0 0.0
Bi 3.088844958490e+00 9.516946871502e+00 2.529282906773e+01 1 1 1 0.0 0.0 0.0
Bi 6.845412025760e+00 7.939597775048e+00 2.529282906773e+01 1 1 1 0.0 0.0 0.0
Bi 1.060197909303e+01 6.362248678594e+00 2.529282906773e+01 1 1 1 0.0 0.0 0.0
Bi 1.435854616030e+01 4.784899582139e+00 2.529282906773e+01 1 1 1 0.0 0.0 0.0
Bi 1.788744249613e+01 7.150923226821e+00 2.529282906773e+01 1 1 1 0.0 0.0 0.0
Bi 3.316515689931e+00 5.573574130366e+00 2.529282906773e+01 1 1 1 0.0 0.0 0.0
Bi 7.073082757201e+00 3.996225033912e+00 2.529282906773e+01 1 1 1 0.0 0.0 0.0
Bi 1.082964982447e+01 2.418875937458e+00 2.529282906773e+01 1 1 1 0.0 0.0 0.0
Bi 1.458621689174e+01 8.415268410036e-01 2.529282906773e+01 1 1 1 0.0 0.0 0.0
Bi 1.811511322757e+01 3.207550485685e+00 2.529282906773e+01 1 1 1 0.0 0.0 0.0
Bi 3.544186421372e+00 1.630201389231e+00 2.529282906773e+01 1 1 1 0.0 0.0 0.0
Bi 7.300753488643e+00 5.285229277642e-02 2.529282906773e+01 1 1 1 0.0 0.0 0.0
Bi 1.367553396598e+01 1.661501780555e+01 2.529282906773e+01 1 1 1 0.0 0.0 0.0
Bi 2.633503495608e+00 1.740369235377e+01 2.529282906773e+01 1 1 1 0.0 0.0 0.0
Bi 6.390070562878e+00 1.582634325732e+01 2.529282906773e+01 1 1 1 0.0 0.0 0.0
Bi 1.743210103325e+01 1.503766870909e+01 2.529282906773e+01 1 1 1 0.0 0.0 0.0
Bi 1.502518390109e+01 1.477868138007e+01 2.132110864621e+01 1 1 1 0.0 0.0 0.0
Bi 1.878175096836e+01 1.320133228362e+01 2.132110864621e+01 1 1 1 0.0 0.0 0.0
Bi 7.739720497986e+00 1.399000683185e+01 2.132110864621e+01 1 1 1 0.0 0.0 0.0
Bi 1.149628756526e+01 1.241265773539e+01 2.132110864621e+01 1 1 1 0.0 0.0 0.0
Bi 1.525285463253e+01 1.083530863894e+01 2.132110864621e+01 1 1 1 0.0 0.0 0.0
Bi 1.900942169980e+01 9.257959542483e+00 2.132110864621e+01 1 1 1 0.0 0.0 0.0
Bi 4.210824162157e+00 1.162398318716e+01 2.132110864621e+01 1 1 1 0.0 0.0 0.0
Bi 7.967391229427e+00 1.004663409071e+01 2.132110864621e+01 1 1 1 0.0 0.0 0.0
Bi 1.172395829670e+01 8.469284994256e+00 2.132110864621e+01 1 1 1 0.0 0.0 0.0
Bi 1.548052536397e+01 6.891935897801e+00 2.132110864621e+01 1 1 1 0.0 0.0 0.0
Bi 9.095985577686e-01 5.314586801347e+00 2.132110864621e+01 1 1 1 0.0 0.0 0.0
Bi 4.438494893598e+00 7.680610446029e+00 2.132110864621e+01 1 1 1 0.0 0.0 0.0
Bi 8.195061960868e+00 6.103261349574e+00 2.132110864621e+01 1 1 1 0.0 0.0 0.0
Bi 1.195162902814e+01 4.525912253120e+00 2.132110864621e+01 1 1 1 0.0 0.0 0.0
Bi 1.570819609541e+01 2.948563156666e+00 2.132110864621e+01 1 1 1 0.0 0.0 0.0
Bi 1.137269289210e+00 1.371214060211e+00 2.132110864621e+01 1 1 1 0.0 0.0 0.0
Bi 4.666165625039e+00 3.737237704893e+00 2.132110864621e+01 1 1 1 0.0 0.0 0.0
Bi 8.422732692309e+00 2.159888608439e+00 2.132110864621e+01 1 1 1 0.0 0.0 0.0
Bi 1.217929975958e+01 5.825395119843e-01 2.132110864621e+01 1 1 1 0.0 0.0 0.0
Bi 1.855408023691e+01 1.714470502475e+01 2.132110864621e+01 1 1 1 0.0 0.0 0.0
Bi 7.512049766545e+00 1.793337957298e+01 2.132110864621e+01 1 1 1 0.0 0.0 0.0
Bi 1.126861683381e+01 1.635603047653e+01 2.132110864621e+01 1 1 1 0.0 0.0 0.0
Bi 3.983153430716e+00 1.556735592830e+01 2.132110864621e+01 1 1 1 0.0 0.0 0.0
Se 2.639266591880e+00 1.251977538834e+01 7.500000000000e+00 1 1 1 0.0 0.0 0.0
Se 5.257480002321e+00 1.478721471449e+01 7.500000000000e+00 1 1 1 0.0 0.0 0.0
Se 1.900310040761e+01 6.851177072955e+00 7.500000000000e+00 1 1 1 0.0 0.0 0.0
Se 3.293819944584e+00 9.118616399108e+00 7.500000000000e+00 1 1 1 0.0 0.0 0.0
Se 5.912033355026e+00 1.138605572526e+01 7.500000000000e+00 1 1 1 0.0 0.0 0.0
Se 8.530246765468e+00 1.365349505141e+01 7.500000000000e+00 1 1 1 0.0 0.0 0.0
Se 1.330159886847e+00 3.450018083725e+00 7.500000000000e+00 1 1 1 0.0 0.0 0.0
Se 3.948373297289e+00 5.717457409878e+00 7.500000000000e+00 1 1 1 0.0 0.0 0.0
Se 6.566586707731e+00 7.984896736031e+00 7.500000000000e+00 1 1 1 0.0 0.0 0.0
Se 9.184800118172e+00 1.025233606218e+01 7.500000000000e+00 1 1 1 0.0 0.0 0.0
Se 1.180301352861e+01 1.251977538834e+01 7.500000000000e+00 1 1 1 0.0 0.0 0.0
Se 1.442122693906e+01 1.478721471449e+01 7.500000000000e+00 1 1 1 0.0 0.0 0.0
Se 2.031220711264e+01 1.592093437757e+01 7.500000000000e+00 1 1 1 0.0 0.0 0.0
Se 1.984713239552e+00 4.885909449555e-02 7.500000000000e+00 1 1 1 0.0 0.0 0.0
Se 4.602926649994e+00 2.316298420649e+00 7.500000000000e+00 1 1 1 0.0 0.0 0.0
Se 7.221140060435e+00 4.583737746802e+00 7.500000000000e+00 1 1 1 0.0 0.0 0.0
Se 9.839353470877e+00 6.851177072955e+00 7.500000000000e+00 1 1 1 0.0 0.0 0.0
Se 1.245756688132e+01 9.118616399108e+00 7.500000000000e+00 1 1 1 0.0 0.0 0.0
Se 1.507578029176e+01 1.138605572526e+01 7.500000000000e+00 1 1 1 0.0 0.0 0.0
Se 1.769399370220e+01 1.365349505141e+01 7.500000000000e+00 1 1 1 0.0 0.0 0.0
Se 7.875693412763e+00 1.705465404064e+01 7.500000000000e+00 1 1 1 0.0 0.0 0.0
Se 7.875693413140e+00 1.182578757572e+00 7.500000000000e+00 1 1 1 0.0 0.0 0.0
Se 1.049390682358e+01 3.450018083725e+00 7.500000000000e+00 1 1 1 0.0 0.0 0.0
Se 1.311212023402e+01 5.717457409878e+00 7.500000000000e+00 1 1 1 0.0 0.0 0.0
Se 1.573033364447e+01 7.984896736031e+00 7.500000000000e+00 1 1 1 0.0 0.0 0.0
Se 1.834854705491e+01 1.025233606218e+01 7.500000000000e+00 1 1 1 0.0 0.0 0.0
Se 1.114846017591e+01 1.592093437757e+01 7.500000000000e+00 1 1 1 0.0 0.0 0.0
Se 1.114846017629e+01 4.885909449555e-02 7.500000000000e+00 1 1 1 0.0 0.0 0.0
Se 1.376667358673e+01 2.316298420649e+00 7.500000000000e+00 1 1 1 0.0 0.0 0.0
Se 1.638488699717e+01 4.583737746802e+00 7.500000000000e+00 1 1 1 0.0 0.0 0.0
Se 1.703944034950e+01 1.705465404064e+01 7.500000000000e+00 1 1 1 0.0 0.0 0.0
Se 1.703944034987e+01 1.182578757572e+00 7.500000000000e+00 1 1 1 0.0 0.0 0.0
Se 3.286665553092e+00 1.441633430263e+01 1.364602824434e+01 1 1 1 0.0 0.0 0.0
Se 5.904878963534e+00 1.668377362878e+01 1.364602824434e+01 1 1 1 0.0 0.0 0.0
Se 1.323005495355e+00 8.747735987246e+00 1.364602824434e+01 1 1 1 0.0 0.0 0.0
Se 3.941218905797e+00 1.101517531340e+01 1.364602824434e+01 1 1 1 0.0 0.0 0.0
Se 6.559432316238e+00 1.328261463955e+01 1.364602824434e+01 1 1 1 0.0 0.0 0.0
Se 9.177645726680e+00 1.555005396570e+01 1.364602824434e+01 1 1 1 0.0 0.0 0.0
Se 1.977558848060e+00 5.346576998016e+00 1.364602824434e+01 1 1 1 0.0 0.0 0.0
Se 4.595772258501e+00 7.614016324169e+00 1.364602824434e+01 1 1 1 0.0 0.0 0.0
Se 7.213985668943e+00 9.881455650322e+00 1.364602824434e+01 1 1 1 0.0 0.0 0.0
Se 9.832199079385e+00 1.214889497648e+01 1.364602824434e+01 1 1 1 0.0 0.0 0.0
Se 1.245041248983e+01 1.441633430263e+01 1.364602824434e+01 1 1 1 0.0 0.0 0.0
Se 1.506862590027e+01 1.668377362878e+01 1.364602824434e+01 1 1 1 0.0 0.0 0.0
Se 2.632112200387e+00 1.781749329186e+01 1.364602824434e+01 1 1 1 0.0 0.0 0.0
Se 2.632112200764e+00 1.945418008787e+00 1.364602824434e+01 1 1 1 0.0 0.0 0.0
Se 5.250325611206e+00 4.212857334940e+00 1.364602824434e+01 1 1 1 0.0 0.0 0.0
Se 7.868539021648e+00 6.480296661093e+00 1.364602824434e+01 1 1 1 0.0 0.0 0.0
Se 1.048675243209e+01 8.747735987246e+00 1.364602824434e+01 1 1 1 0.0 0.0 0.0
Se 1.310496584253e+01 1.101517531340e+01 1.364602824434e+01 1 1 1 0.0 0.0 0.0
Se 1.572317925297e+01 1.328261463955e+01 1.364602824434e+01 1 1 1 0.0 0.0 0.0
Se 1.834139266341e+01 1.555005396570e+01 1.364602824434e+01 1 1 1 0.0 0.0 0.0
Se 5.904878963911e+00 8.116983457101e-01 1.364602824434e+01 1 1 1 0.0 0.0 0.0
Se 8.523092374352e+00 3.079137671863e+00 1.364602824434e+01 1 1 1 0.0 0.0 0.0
Se 1.114130578479e+01 5.346576998016e+00 1.364602824434e+01 1 1 1 0.0 0.0 0.0
Se 1.375951919524e+01 7.614016324169e+00 1.364602824434e+01 1 1 1 0.0 0.0 0.0
Se 1.637773260568e+01 9.881455650322e+00 1.364602824434e+01 1 1 1 0.0 0.0 0.0
Se 1.899594601612e+01 1.214889497648e+01 1.364602824434e+01 1 1 1 0.0 0.0 0.0
Se 1.179585913712e+01 1.781749329186e+01 1.364602824434e+01 1 1 1 0.0 0.0 0.0
Se 1.179585913750e+01 1.945418008787e+00 1.364602824434e+01 1 1 1 0.0 0.0 0.0
Se 1.441407254794e+01 4.212857334940e+00 1.364602824434e+01 1 1 1 0.0 0.0 0.0
Se 1.703228595838e+01 6.480296661093e+00 1.364602824434e+01 1 1 1 0.0 0.0 0.0
Se 1.506862590065e+01 8.116983457101e-01 1.364602824434e+01 1 1 1 0.0 0.0 0.0
Se 1.768683931109e+01 3.079137671863e+00 1.364602824434e+01 1 1 1 0.0 0.0 0.0
Se 2.638823740709e+00 1.252075624319e+01 1.086443756309e+01 1 1 1 0.0 0.0 0.0
Se 5.257037151150e+00 1.478819556935e+01 1.086443756309e+01 1 1 1 0.0 0.0 0.0
Se 1.900265755644e+01 6.852157927810e+00 1.086443756309e+01 1 1 1 0.0 0.0 0.0
Se 3.293377093413e+00 9.119597253963e+00 1.086443756309e+01 1 1 1 0.0 0.0 0.0
Se 5.911590503855e+00 1.138703658012e+01 1.086443756309e+01 1 1 1 0.0 0.0 0.0
Se 8.529803914297e+00 1.365447590627e+01 1.086443756309e+01 1 1 1 0.0 0.0 0.0
Se 1.329717035676e+00 3.450998938580e+00 1.086443756309e+01 1 1 1 0.0 0.0 0.0
Se 3.947930446118e+00 5.718438264733e+00 1.086443756309e+01 1 1 1 0.0 0.0 0.0
Se 6.566143856560e+00 7.985877590886e+00 1.086443756309e+01 1 1 1 0.0 0.0 0.0
Se 9.184357267001e+00 1.025331691704e+01 1.086443756309e+01 1 1 1 0.0 0.0 0.0
Se 1.180257067744e+01 1.252075624319e+01 1.086443756309e+01 1 1 1 0.0 0.0 0.0
Se 1.442078408788e+01 1.478819556935e+01 1.086443756309e+01 1 1 1 0.0 0.0 0.0
Se 2.031176426147e+01 1.592191523242e+01 1.086443756309e+01 1 1 1 0.0 0.0 0.0
Se 1.984270388381e+00 4.983994935059e-02 1.086443756309e+01 1 1 1 0.0 0.0 0.0
Se 4.602483798823e+00 2.317279275504e+00 1.086443756309e+01 1 1 1 0.0 0.0 0.0
Se 7.220697209264e+00 4.584718601657e+00 1.086443756309e+01 1 1 1 0.0 0.0 0.0
Se 9.838910619706e+00 6.852157927810e+00 1.086443756309e+01 1 1 1 0.0 0.0 0.0
Se 1.245712403015e+01 9.119597253963e+00 1.086443756309e+01 1 1 1 0.0 0.0 0.0
Se 1.507533744059e+01 1.138703658012e+01 1.086443756309e+01 1 1 1 0.0 0.0 0.0
Se 1.769355085103e+01 1.365447590627e+01 1.086443756309e+01 1 1 1 0.0 0.0 0.0
Se 7.875250561592e+00 1.705563489550e+01 1.086443756309e+01 1 1 1 0.0 0.0 0.0
Se 7.875250561969e+00 1.183559612427e+00 1.086443756309e+01 1 1 1 0.0 0.0 0.0
Se 1.049346397241e+01 3.450998938580e+00 1.086443756309e+01 1 1 1 0.0 0.0 0.0
Se 1.311167738285e+01 5.718438264733e+00 1.086443756309e+01 1 1 1 0.0 0.0 0.0
Se 1.572989079329e+01 7.985877590886e+00 1.086443756309e+01 1 1 1 0.0 0.0 0.0
Se 1.834810420374e+01 1.025331691704e+01 1.086443756309e+01 1 1 1 0.0 0.0 0.0
Se 1.114801732474e+01 1.592191523242e+01 1.086443756309e+01 1 1 1 0.0 0.0 0.0
Se 1.114801732512e+01 4.983994935059e-02 1.086443756309e+01 1 1 1 0.0 0.0 0.0
Se 1.376623073556e+01 2.317279275504e+00 1.086443756309e+01 1 1 1 0.0 0.0 0.0
Se 1.638444414600e+01 4.584718601657e+00 1.086443756309e+01 1 1 1 0.0 0.0 0.0
Se 1.703899749833e+01 1.705563489550e+01 1.086443756309e+01 1 1 1 0.0 0.0 0.0
Se 1.703899749870e+01 1.183559612427e+00 1.086443756309e+01 1 1 1 0.0 0.0 0.0
Se 3.286399872523e+00 1.441735836118e+01 1.701046802998e+01 1 1 1 0.0 0.0 0.0
Se 5.904613282964e+00 1.668479768734e+01 1.701046802998e+01 1 1 1 0.0 0.0 0.0
Se 1.322739814786e+00 8.748760045802e+00 1.701046802998e+01 1 1 1 0.0 0.0 0.0
Se 3.940953225227e+00 1.101619937195e+01 1.701046802998e+01 1 1 1 0.0 0.0 0.0
Se 6.559166635669e+00 1.328363869811e+01 1.701046802998e+01 1 1 1 0.0 0.0 0.0
Se 9.177380046111e+00 1.555107802426e+01 1.701046802998e+01 1 1 1 0.0 0.0 0.0
Se 1.977293167490e+00 5.347601056572e+00 1.701046802998e+01 1 1 1 0.0 0.0 0.0
Se 4.595506577932e+00 7.615040382725e+00 1.701046802998e+01 1 1 1 0.0 0.0 0.0
Se 7.213719988374e+00 9.882479708878e+00 1.701046802998e+01 1 1 1 0.0 0.0 0.0
Se 9.831933398815e+00 1.214991903503e+01 1.701046802998e+01 1 1 1 0.0 0.0 0.0
Se 1.245014680926e+01 1.441735836118e+01 1.701046802998e+01 1 1 1 0.0 0.0 0.0
Se 1.506836021970e+01 1.668479768734e+01 1.701046802998e+01 1 1 1 0.0 0.0 0.0
Se 2.631846519818e+00 1.781851735041e+01 1.701046802998e+01 1 1 1 0.0 0.0 0.0
Se 2.631846520195e+00 1.946442067343e+00 1.701046802998e+01 1 1 1 0.0 0.0 0.0
Se 5.250059930637e+00 4.213881393496e+00 1.701046802998e+01 1 1 1 0.0 0.0 0.0
Se 7.868273341078e+00 6.481320719649e+00 1.701046802998e+01 1 1 1 0.0 0.0 0.0
Se 1.048648675152e+01 8.748760045802e+00 1.701046802998e+01 1 1 1 0.0 0.0 0.0
Se 1.310470016196e+01 1.101619937195e+01 1.701046802998e+01 1 1 1 0.0 0.0 0.0
Se 1.572291357240e+01 1.328363869811e+01 1.701046802998e+01 1 1 1 0.0 0.0 0.0
Se 1.834112698285e+01 1.555107802426e+01 1.701046802998e+01 1 1 1 0.0 0.0 0.0
Se 5.904613283341e+00 8.127224042660e-01 1.701046802998e+01 1 1 1 0.0 0.0 0.0
Se 8.522826693783e+00 3.080161730419e+00 1.701046802998e+01 1 1 1 0.0 0.0 0.0
Se 1.114104010422e+01 5.347601056572e+00 1.701046802998e+01 1 1 1 0.0 0.0 0.0
Se 1.375925351467e+01 7.615040382725e+00 1.701046802998e+01 1 1 1 0.0 0.0 0.0
Se 1.637746692511e+01 9.882479708878e+00 1.701046802998e+01 1 1 1 0.0 0.0 0.0
Se 1.899568033555e+01 1.214991903503e+01 1.701046802998e+01 1 1 1 0.0 0.0 0.0
Se 1.179559345655e+01 1.781851735041e+01 1.701046802998e+01 1 1 1 0.0 0.0 0.0
Se 1.179559345693e+01 1.946442067343e+00 1.701046802998e+01 1 1 1 0.0 0.0 0.0
Se 1.441380686737e+01 4.213881393496e+00 1.701046802998e+01 1 1 1 0.0 0.0 0.0
Se 1.703202027781e+01 6.481320719649e+00 1.701046802998e+01 1 1 1 0.0 0.0 0.0
Se 1.506836022008e+01 8.127224042660e-01 1.701046802998e+01 1 1 1 0.0 0.0 0.0
Se 1.768657363052e+01 3.080161730419e+00 1.701046802998e+01 1 1 1 0.0 0.0 0.0
Se 1.013115946802e+01 1.416146719277e+01 3.696241589303e+01 1 1 1 0.0 0.0 0.0
Se 1.388772653529e+01 1.258411809632e+01 3.696241589303e+01 1 1 1 0.0 0.0 0.0
Se 2.845696064920e+00 1.337279264455e+01 3.696241589303e+01 1 1 1 0.0 0.0 0.0
Se 6.602263132190e+00 1.179544354809e+01 3.696241589303e+01 1 1 1 0.0 0.0 0.0
Se 1.035883019946e+01 1.021809445164e+01 3.696241589303e+01 1 1 1 0.0 0.0 0.0
Se 1.411539726673e+01 8.640745355185e+00 3.696241589303e+01 1 1 1 0.0 0.0 0.0
Se 1.764429360256e+01 1.100676899987e+01 3.696241589303e+01 1 1 1 0.0 0.0 0.0
Se 3.073366796361e+00 9.429419903412e+00 3.696241589303e+01 1 1 1 0.0 0.0 0.0
Se 6.829933863631e+00 7.852070806958e+00 3.696241589303e+01 1 1 1 0.0 0.0 0.0
Se 1.058650093090e+01 6.274721710503e+00 3.696241589303e+01 1 1 1 0.0 0.0 0.0
Se 1.434306799817e+01 4.697372614049e+00 3.696241589303e+01 1 1 1 0.0 0.0 0.0
Se 1.787196433400e+01 7.063396258731e+00 3.696241589303e+01 1 1 1 0.0 0.0 0.0
Se 3.301037527802e+00 5.486047162276e+00 3.696241589303e+01 1 1 1 0.0 0.0 0.0
Se 7.057604595072e+00 3.908698065822e+00 3.696241589303e+01 1 1 1 0.0 0.0 0.0
Se 1.081417166234e+01 2.331348969368e+00 3.696241589303e+01 1 1 1 0.0 0.0 0.0
Se 1.457073872961e+01 7.539998729135e-01 3.696241589303e+01 1 1 1 0.0 0.0 0.0
Se 1.809963506544e+01 3.120023517595e+00 3.696241589303e+01 1 1 1 0.0 0.0 0.0
Se 3.528708259243e+00 1.542674421141e+00 3.696241589303e+01 1 1 1 0.0 0.0 0.0
Se 9.903488736578e+00 1.810483993391e+01 3.696241589303e+01 1 1 1 0.0 0.0 0.0
Se 1.366005580385e+01 1.652749083746e+01 3.696241589303e+01 1 1 1 0.0 0.0 0.0
Se 2.618025333479e+00 1.731616538568e+01 3.696241589303e+01 1 1 1 0.0 0.0 0.0
Se 6.374592400749e+00 1.573881628923e+01 3.696241589303e+01 1 1 1 0.0 0.0 0.0
Se 1.741662287112e+01 1.495014174100e+01 3.696241589303e+01 1 1 1 0.0 0.0 0.0
Se 1.502503805222e+01 1.469689071020e+01 3.332483142763e+01 1 1 1 0.0 0.0 0.0
Se 1.878160511949e+01 1.311954161374e+01 3.332483142763e+01 1 1 1 0.0 0.0 0.0
Se 7.739574649122e+00 1.390821616197e+01 3.332483142763e+01 1 1 1 0.0 0.0 0.0
Se 1.149614171639e+01 1.233086706552e+01 3.332483142763e+01 1 1 1 0.0 0.0 0.0
Se 1.525270878366e+01 1.075351796906e+01 3.332483142763e+01 1 1 1 0.0 0.0 0.0
Se 1.900927585093e+01 9.176168872608e+00 3.332483142763e+01 1 1 1 0.0 0.0 0.0
Se 4.210678313293e+00 1.154219251729e+01 3.332483142763e+01 1 1 1 0.0 0.0 0.0
Se 7.967245380563e+00 9.964843420835e+00 3.332483142763e+01 1 1 1 0.0 0.0 0.0
Se 1.172381244783e+01 8.387494324381e+00 3.332483142763e+01 1 1 1 0.0 0.0 0.0
Se 1.548037951510e+01 6.810145227927e+00 3.332483142763e+01 1 1 1 0.0 0.0 0.0
Se 9.094527089047e-01 5.232796131473e+00 3.332483142763e+01 1 1 1 0.0 0.0 0.0
Se 4.438349044734e+00 7.598819776154e+00 3.332483142763e+01 1 1 1 0.0 0.0 0.0
Se 8.194916112004e+00 6.021470679700e+00 3.332483142763e+01 1 1 1 0.0 0.0 0.0
Se 1.195148317927e+01 4.444121583245e+00 3.332483142763e+01 1 1 1 0.0 0.0 0.0
Se 1.570805024654e+01 2.866772486791e+00 3.332483142763e+01 1 1 1 0.0 0.0 0.0
Se 1.137123440346e+00 1.289423390337e+00 3.332483142763e+01 1 1 1 0.0 0.0 0.0
Se 4.666019776175e+00 3.655447035018e+00 3.332483142763e+01 1 1 1 0.0 0.0 0.0
Se 8.422586843445e+00 2.078097938564e+00 3.332483142763e+01 1 1 1 0.0 0.0 0.0
Se 1.217915391072e+01 5.007488421097e-01 3.332483142763e+01 1 1 1 0.0 0.0 0.0
Se 1.855393438805e+01 1.706291435488e+01 3.332483142763e+01 1 1 1 0.0 0.0 0.0
Se 7.511903917681e+00 1.785158890311e+01 3.332483142763e+01 1 1 1 0.0 0.0 0.0
Se 1.126847098495e+01 1.627423980665e+01 3.332483142763e+01 1 1 1 0.0 0.0 0.0
Se 3.983007581852e+00 1.548556525843e+01 3.332483142763e+01 1 1 1 0.0 0.0 0.0
Se 1.258643541751e+01 1.444131052994e+01 2.969131231352e+01 1 1 1 0.0 0.0 0.0
Se 1.634300248478e+01 1.286396143348e+01 2.969131231352e+01 1 1 1 0.0 0.0 0.0
Se 5.300972014413e+00 1.365263598171e+01 2.969131231352e+01 1 1 1 0.0 0.0 0.0
Se 9.057539081683e+00 1.207528688526e+01 2.969131231352e+01 1 1 1 0.0 0.0 0.0
Se 1.281410614895e+01 1.049793778880e+01 2.969131231352e+01 1 1 1 0.0 0.0 0.0
Se 1.657067321622e+01 8.920588692349e+00 2.969131231352e+01 1 1 1 0.0 0.0 0.0
Se 1.772075678583e+00 1.128661233703e+01 2.969131231352e+01 1 1 1 0.0 0.0 0.0
Se 5.528642745854e+00 9.709263240576e+00 2.969131231352e+01 1 1 1 0.0 0.0 0.0
Se 9.285209813124e+00 8.131914144122e+00 2.969131231352e+01 1 1 1 0.0 0.0 0.0
Se 1.304177688039e+01 6.554565047668e+00 2.969131231352e+01 1 1 1 0.0 0.0 0.0
Se 1.679834394766e+01 4.977215951213e+00 2.969131231352e+01 1 1 1 0.0 0.0 0.0
Se 1.999746410024e+00 7.343239595895e+00 2.969131231352e+01 1 1 1 0.0 0.0 0.0
Se 5.756313477295e+00 5.765890499441e+00 2.969131231352e+01 1 1 1 0.0 0.0 0.0
Se 9.512880544565e+00 4.188541402986e+00 2.969131231352e+01 1 1 1 0.0 0.0 0.0
Se 1.326944761184e+01 2.611192306532e+00 2.969131231352e+01 1 1 1 0.0 0.0 0.0
Se 1.702601467911e+01 1.033843210078e+00 2.969131231352e+01 1 1 1 0.0 0.0 0.0
Se 2.227417141466e+00 3.399866854759e+00 2.969131231352e+01 1 1 1 0.0 0.0 0.0
Se 5.983984208736e+00 1.822517758305e+00 2.969131231352e+01 1 1 1 0.0 0.0 0.0
Se 9.740551276006e+00 2.451686618506e-01 2.969131231352e+01 1 1 1 0.0 0.0 0.0
Se 1.611533175334e+01 1.680733417462e+01 2.969131231352e+01 1 1 1 0.0 0.0 0.0
Se 5.073301282971e+00 1.759600872285e+01 2.969131231352e+01 1 1 1 0.0 0.0 0.0
Se 8.829868350242e+00 1.601865962639e+01 2.969131231352e+01 1 1 1 0.0 0.0 0.0
Se 1.987189882061e+01 1.522998507817e+01 2.969131231352e+01 1 1 1 0.0 0.0 0.0
Se 1.502666070698e+01 1.477506555004e+01 2.692457590224e+01 1 1 1 0.0 0.0 0.0
Se 1.878322777425e+01 1.319771645359e+01 2.692457590224e+01 1 1 1 0.0 0.0 0.0
Se 7.741197303885e+00 1.398639100182e+01 2.692457590224e+01 1 1 1 0.0 0.0 0.0
Se 1.149776437116e+01 1.240904190536e+01 2.692457590224e+01 1 1 1 0.0 0.0 0.0
Se 1.525433143843e+01 1.083169280891e+01 2.692457590224e+01 1 1 1 0.0 0.0 0.0
Se 1.901089850570e+01 9.254343712453e+00 2.692457590224e+01 1 1 1 0.0 0.0 0.0
Se 4.212300968056e+00 1.162036735713e+01 2.692457590224e+01 1 1 1 0.0 0.0 0.0
Se 7.968868035326e+00 1.004301826068e+01 2.692457590224e+01 1 1 1 0.0 0.0 0.0
Se 1.172543510260e+01 8.465669164225e+00 2.692457590224e+01 1 1 1 0.0 0.0 0.0
Se 1.548200216987e+01 6.888320067771e+00 2.692457590224e+01 1 1 1 0.0 0.0 0.0
Se 9.110753636680e-01 5.310970971317e+00 2.692457590224e+01 1 1 1 0.0 0.0 0.0
Se 4.439971699497e+00 7.676994615998e+00 2.692457590224e+01 1 1 1 0.0 0.0 0.0
Se 8.196538766767e+00 6.099645519544e+00 2.692457590224e+01 1 1 1 0.0 0.0 0.0
Se 1.195310583404e+01 4.522296423090e+00 2.692457590224e+01 1 1 1 0.0 0.0 0.0
Se 1.570967290131e+01 2.944947326636e+00 2.692457590224e+01 1 1 1 0.0 0.0 0.0
Se 1.138746095109e+00 1.367598230181e+00 2.692457590224e+01 1 1 1 0.0 0.0 0.0
Se 4.667642430938e+00 3.733621874863e+00 2.692457590224e+01 1 1 1 0.0 0.0 0.0
Se 8.424209498209e+00 2.156272778408e+00 2.692457590224e+01 1 1 1 0.0 0.0 0.0
Se 1.218077656548e+01 5.789236819541e-01 2.692457590224e+01 1 1 1 0.0 0.0 0.0
Se 1.855555704281e+01 1.714108919472e+01 2.692457590224e+01 1 1 1 0.0 0.0 0.0
Se 7.513526572444e+00 1.792976374295e+01 2.692457590224e+01 1 1 1 0.0 0.0 0.0
Se 1.127009363971e+01 1.635241464650e+01 2.692457590224e+01 1 1 1 0.0 0.0 0.0
Se 3.984630236615e+00 1.556374009827e+01 2.692457590224e+01 1 1 1 0.0 0.0 0.0
Se 1.257980059749e+01 1.451842431831e+01 2.330671355540e+01 1 1 1 0.0 0.0 0.0
Se 1.633636766476e+01 1.294107522186e+01 2.330671355540e+01 1 1 1 0.0 0.0 0.0
Se 5.294337194395e+00 1.372974977009e+01 2.330671355540e+01 1 1 1 0.0 0.0 0.0
Se 9.050904261665e+00 1.215240067363e+01 2.330671355540e+01 1 1 1 0.0 0.0 0.0
Se 1.280747132894e+01 1.057505157718e+01 2.330671355540e+01 1 1 1 0.0 0.0 0.0
Se 1.656403839621e+01 8.997702480722e+00 2.330671355540e+01 1 1 1 0.0 0.0 0.0
Se 1.765440858566e+00 1.136372612540e+01 2.330671355540e+01 1 1 1 0.0 0.0 0.0
Se 5.522007925836e+00 9.786377028950e+00 2.330671355540e+01 1 1 1 0.0 0.0 0.0
Se 9.278574993106e+00 8.209027932495e+00 2.330671355540e+01 1 1 1 0.0 0.0 0.0
Se 1.303514206038e+01 6.631678836041e+00 2.330671355540e+01 1 1 1 0.0 0.0 0.0
Se 1.679170912765e+01 5.054329739587e+00 2.330671355540e+01 1 1 1 0.0 0.0 0.0
Se 1.993111590007e+00 7.420353384268e+00 2.330671355540e+01 1 1 1 0.0 0.0 0.0
Se 5.749678657277e+00 5.843004287814e+00 2.330671355540e+01 1 1 1 0.0 0.0 0.0
Se 9.506245724547e+00 4.265655191360e+00 2.330671355540e+01 1 1 1 0.0 0.0 0.0
Se 1.326281279182e+01 2.688306094905e+00 2.330671355540e+01 1 1 1 0.0 0.0 0.0
Se 1.701937985909e+01 1.110956998451e+00 2.330671355540e+01 1 1 1 0.0 0.0 0.0
Se 2.220782321448e+00 3.476980643133e+00 2.330671355540e+01 1 1 1 0.0 0.0 0.0
Se 5.977349388718e+00 1.899631546678e+00 2.330671355540e+01 1 1 1 0.0 0.0 0.0
Se 9.733916455988e+00 3.222824502240e-01 2.330671355540e+01 1 1 1 0.0 0.0 0.0
Se 1.610869693332e+01 1.688444796299e+01 2.330671355540e+01 1 1 1 0.0 0.0 0.0
Se 5.066666462954e+00 1.767312251122e+01 2.330671355540e+01 1 1 1 0.0 0.0 0.0
Se 8.823233530224e+00 1.609577341477e+01 2.330671355540e+01 1 1 1 0.0 0.0 0.0
Se 1.986526400059e+01 1.530709886654e+01 2.330671355540e+01 1 1 1 0.0 0.0 0.0
Se 1.013885404331e+01 1.424866195352e+01 1.968357859229e+01 1 1 1 0.0 0.0 0.0
Se 1.389542111058e+01 1.267131285707e+01 1.968357859229e+01 1 1 1 0.0 0.0 0.0
Se 2.853390640213e+00 1.345998740530e+01 1.968357859229e+01 1 1 1 0.0 0.0 0.0
Se 6.609957707484e+00 1.188263830884e+01 1.968357859229e+01 1 1 1 0.0 0.0 0.0
Se 1.036652477475e+01 1.030528921239e+01 1.968357859229e+01 1 1 1 0.0 0.0 0.0
Se 1.412309184202e+01 8.727940115934e+00 1.968357859229e+01 1 1 1 0.0 0.0 0.0
Se 1.765198817785e+01 1.109396376062e+01 1.968357859229e+01 1 1 1 0.0 0.0 0.0
Se 3.081061371654e+00 9.516614664161e+00 1.968357859229e+01 1 1 1 0.0 0.0 0.0
Se 6.837628438925e+00 7.939265567707e+00 1.968357859229e+01 1 1 1 0.0 0.0 0.0
Se 1.059419550619e+01 6.361916471252e+00 1.968357859229e+01 1 1 1 0.0 0.0 0.0
Se 1.435076257347e+01 4.784567374798e+00 1.968357859229e+01 1 1 1 0.0 0.0 0.0
Se 1.787965890929e+01 7.150591019480e+00 1.968357859229e+01 1 1 1 0.0 0.0 0.0
Se 3.308732103096e+00 5.573241923025e+00 1.968357859229e+01 1 1 1 0.0 0.0 0.0
Se 7.065299170366e+00 3.995892826571e+00 1.968357859229e+01 1 1 1 0.0 0.0 0.0
Se 1.082186623764e+01 2.418543730117e+00 1.968357859229e+01 1 1 1 0.0 0.0 0.0
Se 1.457843330491e+01 8.411946336624e-01 1.968357859229e+01 1 1 1 0.0 0.0 0.0
Se 1.810732964074e+01 3.207218278344e+00 1.968357859229e+01 1 1 1 0.0 0.0 0.0
Se 3.536402834537e+00 1.629869181890e+00 1.968357859229e+01 1 1 1 0.0 0.0 0.0
Se 7.292969901807e+00 5.252008543529e-02 1.968357859229e+01 1 1 1 0.0 0.0 0.0
Se 1.366775037914e+01 1.661468559821e+01 1.968357859229e+01 1 1 1 0.0 0.0 0.0
Se 2.625719908772e+00 1.740336014643e+01 1.968357859229e+01 1 1 1 0.0 0.0 0.0
Se 6.382286976042e+00 1.582601104998e+01 1.968357859229e+01 1 1 1 0.0 0.0 0.0
Se 1.742431744641e+01 1.503733650175e+01 1.968357859229e+01 1 1 1 0.0 0.0 0.0
"